1240000 2618.1
1240010 2618.1
1240020 2613.6
1240030 2608.5
1240040 2608.5
1240050 2603.8
1240060 2599.5
1240070 2599.5
1240080 2593.1
1240090 2582.5
1240100 2582.5
1240110 2573.5
1240120 2564.6
1240130 2564.6
1240140 2557.3
1240150 2552.9
1240160 2552.9
1240170 2548.8
1240180 2538.2
1240190 2528.5
1240200 2528.5
1240210 2523.7
1240220 2520.9
1240230 2520.9
1240240 2518.4
1240250 2515.4
1240260 2515.4
1240270 2512.3
1240280 2509.3
1240290 2509.3
1240300 2506.9
1240310 2505.0
1240320 2505.0
1240330 2504.1
1240340 2503.8
1240350 2503.8
