1240000 2663.1
1240010 2656.6
1240020 2656.6
1240030 2649.0
1240040 2641.2
1240050 2641.2
1240060 2637.7
1240070 2634.6
1240080 2634.6
1240090 2630.0
1240100 2623.3
1240110 2623.3
1240120 2613.5
1240130 2603.6
1240140 2603.6
1240150 2596.0
1240160 2592.1
1240170 2592.1
1240180 2588.4
1240190 2584.6
1240200 2581.1
1240210 2581.1
1240220 2576.6
1240230 2570.1
1240240 2570.1
1240250 2564.7
1240260 2559.6
1240270 2559.6
1240280 2555.0
1240290 2551.0
1240300 2551.0
1240310 2546.9
1240320 2542.2
1240330 2542.2
1240340 2537.5
1240350 2533.4
1240360 2533.4
1240370 2529.6
1240380 2526.7
1240390 2526.7
1240400 2525.0
1240410 2523.4
1240420 2522.3
1240430 2522.3
1240440 2522.1
1240450 2523.1
1240460 2523.1
1240470 2524.5
1240480 2526.3
1240490 2526.3
1240500 2525.2
1240510 2526.7
1240520 2526.7
1240530 2529.2
1240540 2531.7
1240550 2531.7
1240560 2534.2
