1240000 2638.5
1240010 2638.5
1240020 2633.8
1240030 2629.7
1240040 2629.7
1240050 2624.6
1240060 2619.5
1240070 2619.5
1240080 2614.7
1240090 2610.0
1240100 2601.7
1240110 2601.7
1240120 2594.7
1240130 2585.6
1240140 2585.6
1240150 2573.6
1240160 2564.8
1240170 2564.8
1240180 2558.8
1240190 2555.3
1240200 2555.3
1240210 2551.8
1240220 2547.8
1240230 2547.8
1240240 2543.7
1240250 2542.3
1240260 2542.3
1240270 2538.3
1240280 2532.0
1240290 2527.2
1240300 2527.2
1240310 2525.7
1240320 2523.4
1240330 2523.4
1240340 2520.1
1240350 2517.5
1240360 2517.5
1240370 2515.6
1240380 2514.3
1240390 2514.3
1240400 2513.1
1240410 2512.6
1240420 2512.6
1240430 2513.2
1240440 2513.3
1240450 2513.3
1240460 2513.2
