1240000 2618.1
1240010 2618.1
1240020 2613.6
1240030 2604.6
1240040 2604.6
1240050 2599.9
1240060 2595.6
1240070 2595.6
1240080 2588.8
1240090 2577.6
1240100 2577.6
1240110 2567.3
1240120 2558.5
1240130 2558.5
1240140 2552.7
1240150 2548.7
1240160 2548.7
1240170 2544.0
1240180 2534.6
1240190 2524.1
1240200 2524.1
1240210 2518.3
1240220 2515.7
1240230 2515.7
1240240 2513.6
1240250 2511.3
1240260 2511.3
1240270 2509.2
1240280 2507.2
1240290 2507.2
1240300 2505.5
1240310 2504.1
1240320 2504.1
1240330 2503.4
