1240000 2801.5
1240010 2801.5
1240020 2805.0
1240030 2809.3
1240040 2813.4
1240050 2813.4
1240060 2818.1
1240070 2823.5
1240080 2823.5
1240090 2828.8
1240100 2830.9
1240110 2830.9
1240120 2834.0
1240130 2840.1
1240140 2840.1
1240150 2848.2
1240160 2854.8
1240170 2854.8
1240180 2860.4
1240190 2866.7
1240200 2866.7
1240210 2872.2
1240220 2876.4
1240230 2881.0
1240240 2881.0
1240250 2885.5
1240260 2890.7
1240270 2890.7
1240280 2897.0
1240290 2904.1
1240300 2904.1
1240310 2911.6
1240320 2918.4
1240330 2918.4
1240340 2924.9
1240350 2931.8
1240360 2931.8
1240370 2939.2
1240380 2945.7
1240390 2945.7
1240400 2952.4
1240410 2963.0
1240420 2963.0
1240430 2970.2
1240440 2977.4
1240450 2984.8
1240460 2984.8
1240470 2992.9
1240480 3000.7
1240490 3000.7
1240500 3008.2
1240510 3015.4
1240520 3015.4
1240530 3022.3
1240540 3024.0
1240550 3024.0
1240560 3018.7
1240570 3016.1
1240580 3016.1
1240590 3012.5
1240600 3007.0
1240610 3007.0
1240620 3005.6
1240630 3006.0
1240640 3002.1
1240650 3002.1
1240660 2991.1
1240670 2982.9
1240680 2982.9
1240690 2978.6
1240700 2982.4
1240710 2982.4
1240720 2988.0
1240730 2991.4
1240740 2991.4
1240750 2991.9
1240760 2991.9
1240770 2991.9
1240780 2997.1
1240790 3005.0
1240800 3005.0
1240810 3011.8
1240820 3019.9
1240830 3029.9
1240840 3029.9
1240850 3038.8
1240860 3049.2
1240870 3049.2
1240880 3054.4
1240890 3050.3
1240900 3050.3
1240910 3045.0
1240920 3037.2
1240930 3026.7
1240940 3013.5
1240950 2998.1
1240960 2998.1
1240970 2985.2
1240980 2976.8
1240990 2976.8
1241000 2965.1
1241010 2951.2
1241020 2943.3
1241030 2943.3
1241040 2935.7
1241050 2927.4
1241060 2927.4
1241070 2918.2
1241080 2906.5
1241090 2906.5
1241100 2897.5
1241110 2888.4
1241120 2888.4
1241130 2882.5
1241140 2880.0
1241150 2880.0
1241160 2876.3
1241170 2873.1
1241180 2873.1
1241190 2872.1
1241200 2869.9
1241210 2868.5
1241220 2868.5
1241230 2869.5
1241240 2869.1
1241250 2869.1
1241260 2869.2
1241270 2873.6
1241280 2873.6
1241290 2879.9
1241300 2885.2
1241310 2885.2
1241320 2889.1
1241330 2881.2
1241340 2881.2
1241350 2868.8
1241360 2856.8
1241370 2856.8
1241380 2842.5
1241390 2821.9
1241400 2821.9
1241410 2806.8
1241420 2795.9
1241430 2787.0
1241440 2787.0
1241450 2779.8
1241460 2771.6
1241470 2771.6
1241480 2762.2
1241490 2752.6
1241500 2752.6
1241510 2745.5
1241520 2738.4
1241530 2738.4
1241540 2730.4
1241550 2723.0
1241560 2723.0
1241570 2713.9
1241580 2705.5
1241590 2705.5
1241600 2697.4
1241610 2690.3
1241620 2683.0
1241630 2683.0
1241640 2676.8
1241650 2674.8
1241660 2674.8
1241670 2672.6
1241680 2668.0
1241690 2668.0
1241700 2663.4
1241710 2660.3
1241720 2660.3
1241730 2656.5
1241740 2653.8
1241750 2653.8
1241760 2652.1
1241770 2651.7
1241780 2651.7
1241790 2651.3
1241800 2650.6
1241810 2647.3
1241820 2647.3
1241830 2642.4
1241840 2639.1
1241850 2639.1
1241860 2632.6
1241870 2629.2
1241880 2629.2
1241890 2628.2
1241900 2627.1
1241910 2627.1
1241920 2625.2
1241930 2622.2
1241940 2622.2
1241950 2618.8
1241960 2616.4
