1240000 2799.8
1240010 2802.7
1240020 2802.7
1240030 2806.0
1240040 2810.0
1240050 2810.0
1240060 2814.2
1240070 2818.2
1240080 2818.2
1240090 2822.2
1240100 2826.3
1240110 2826.3
1240120 2830.7
1240130 2835.9
1240140 2841.8
1240150 2841.8
1240160 2847.3
1240170 2852.2
1240180 2852.2
1240190 2856.9
1240200 2861.1
1240210 2861.1
1240220 2864.7
1240230 2869.1
1240240 2869.1
1240250 2874.2
1240260 2880.2
1240270 2880.2
1240280 2886.8
1240290 2892.6
1240300 2892.6
1240310 2898.4
1240320 2905.1
1240330 2911.5
1240340 2911.5
1240350 2918.4
1240360 2925.6
1240370 2925.6
1240380 2932.4
1240390 2939.2
1240400 2939.2
1240410 2947.3
1240420 2956.2
1240430 2956.2
1240440 2964.2
1240450 2971.7
1240460 2971.7
1240470 2978.6
1240480 2981.9
1240490 2981.9
1240500 2975.3
1240510 2965.5
1240520 2957.7
1240530 2957.7
1240540 2950.3
1240550 2940.3
1240560 2940.3
1240570 2933.7
1240580 2926.9
1240590 2926.9
1240600 2921.5
1240610 2922.8
1240620 2922.8
1240630 2927.4
1240640 2923.0
1240650 2923.0
1240660 2913.0
1240670 2903.5
1240680 2903.5
1240690 2904.4
1240700 2908.4
1240710 2909.4
1240720 2909.4
1240730 2907.7
1240740 2906.1
1240750 2906.1
1240760 2909.9
1240770 2911.4
1240780 2911.4
1240790 2912.6
1240800 2917.7
1240810 2917.7
1240820 2924.8
1240830 2929.9
1240840 2940.7
1240850 2948.3
1240860 2955.9
1240870 2955.9
1240880 2963.1
1240890 2976.0
1240900 2976.0
1240910 2988.9
1240920 3002.3
1240930 3010.5
1240940 3010.5
1240950 3010.0
1240960 3009.7
1240970 3009.7
1240980 3017.0
1240990 3017.6
1241000 3017.6
1241010 3016.2
1241020 3012.9
1241030 3012.9
1241040 3007.4
1241050 2996.6
1241060 2996.6
1241070 2985.2
1241080 2973.7
1241090 2973.7
1241100 2969.0
1241110 2966.2
1241120 2961.6
1241130 2961.6
1241140 2956.8
1241150 2948.4
1241160 2948.4
1241170 2953.0
1241180 2952.0
1241190 2952.0
1241200 2941.5
1241210 2934.2
1241220 2934.2
1241230 2928.7
1241240 2925.3
1241250 2925.3
1241260 2923.7
1241270 2925.8
1241280 2925.8
1241290 2923.3
1241300 2909.2
1241310 2893.6
1241320 2893.6
1241330 2880.3
1241340 2867.7
1241350 2867.7
1241360 2857.9
1241370 2845.4
1241380 2845.4
1241390 2833.2
1241400 2822.7
1241410 2822.7
1241420 2811.2
1241430 2798.8
1241440 2798.8
1241450 2787.7
1241460 2777.3
1241470 2777.3
1241480 2770.4
1241490 2758.9
1241500 2745.2
1241510 2745.2
1241520 2735.0
1241530 2725.6
1241540 2725.6
1241550 2719.5
1241560 2713.3
1241570 2713.3
1241580 2707.9
1241590 2703.2
1241600 2703.2
1241610 2700.1
1241620 2697.9
1241630 2697.9
1241640 2696.6
1241650 2696.3
1241660 2696.3
1241670 2692.1
1241680 2689.1
1241690 2690.8
1241700 2690.8
1241710 2692.4
1241720 2689.5
1241730 2689.5
1241740 2684.3
1241750 2681.3
1241760 2681.3
1241770 2678.1
1241780 2677.5
1241790 2677.5
1241800 2679.1
1241810 2682.8
1241820 2682.8
1241830 2688.4
1241840 2692.6
1241850 2692.6
1241860 2688.8
1241870 2682.2
1241880 2672.2
1241890 2670.2
1241900 2667.1
1241910 2662.7
1241920 2662.7
1241930 2657.4
1241940 2654.0
1241950 2654.0
1241960 2653.1
1241970 2652.1
1241980 2652.1
1241990 2650.7
1242000 2649.2
1242010 2649.2
1242020 2645.4
1242030 2634.2
1242040 2634.2
1242050 2618.5
1242060 2609.5
1242070 2609.5
1242080 2601.4
1242090 2594.2
