1240000 2830.2
1240010 2832.1
1240020 2836.2
1240030 2836.2
1240040 2836.7
1240050 2838.6
1240060 2838.6
1240070 2840.6
1240080 2843.3
1240090 2843.3
1240100 2845.6
1240110 2848.4
1240120 2848.4
1240130 2852.3
1240140 2859.3
1240150 2859.3
1240160 2864.6
1240170 2868.1
1240180 2872.6
1240190 2872.6
1240200 2876.1
1240210 2879.2
1240220 2879.2
1240230 2883.3
1240240 2887.3
1240250 2887.3
1240260 2888.3
1240270 2890.1
1240280 2890.1
1240290 2894.5
1240300 2899.4
1240310 2899.4
1240320 2903.8
1240330 2909.2
1240340 2909.2
1240350 2915.0
1240360 2920.4
1240370 2926.7
1240380 2926.7
1240390 2931.8
1240400 2936.8
1240410 2936.8
1240420 2939.0
1240430 2939.1
1240440 2939.1
1240450 2946.8
1240460 2956.5
1240470 2956.5
1240480 2960.8
1240490 2951.5
1240500 2951.5
1240510 2939.7
1240520 2931.3
1240530 2931.3
1240540 2914.0
1240550 2905.3
1240560 2894.7
1240570 2894.7
1240580 2880.8
1240590 2876.8
1240600 2876.8
1240610 2868.0
1240620 2854.4
1240630 2854.4
1240640 2850.6
1240650 2862.2
1240660 2862.2
1240670 2879.0
1240680 2886.8
1240690 2886.8
1240700 2883.1
1240710 2880.3
1240720 2880.3
1240730 2872.0
1240740 2863.5
1240750 2863.5
1240760 2860.7
1240770 2863.6
1240780 2861.4
1240790 2861.4
1240800 2857.1
1240810 2844.9
1240820 2844.9
1240830 2836.1
1240840 2826.3
1240850 2826.3
1240860 2814.0
1240870 2809.6
1240880 2809.6
1240890 2808.9
1240900 2807.0
1240910 2807.0
1240920 2805.3
1240930 2803.6
1240940 2803.6
1240950 2801.4
1240960 2798.1
1240970 2795.7
1240980 2795.7
1240990 2795.5
1241000 2795.0
1241010 2795.0
1241020 2793.5
1241030 2791.8
1241040 2791.8
1241050 2789.9
1241060 2781.8
1241070 2781.8
1241080 2780.3
1241090 2777.0
1241100 2777.0
1241110 2773.8
1241120 2770.8
1241130 2770.8
1241140 2771.5
1241150 2774.3
1241160 2776.8
1241170 2776.8
1241180 2780.0
1241190 2783.2
1241200 2783.2
1241210 2786.4
1241220 2789.2
1241230 2789.2
1241240 2795.8
1241250 2801.4
1241260 2801.4
1241270 2804.2
1241280 2806.6
1241290 2806.6
1241300 2810.7
1241310 2817.1
1241320 2817.1
1241330 2823.8
1241340 2829.9
1241350 2835.8
1241360 2835.8
1241370 2845.1
1241380 2861.2
1241390 2861.2
1241400 2868.5
1241410 2866.1
1241420 2866.1
1241430 2855.0
1241440 2844.3
1241450 2844.3
1241460 2833.5
1241470 2825.7
1241480 2825.7
1241490 2816.4
1241500 2800.4
1241510 2800.4
1241520 2790.0
1241530 2781.7
1241540 2774.5
1241550 2774.5
1241560 2766.7
