1240000 2830.5
1240010 2830.5
1240020 2837.6
1240030 2845.2
1240040 2845.2
1240050 2850.9
1240060 2845.1
1240070 2845.1
1240080 2838.1
1240090 2835.4
1240100 2835.4
1240110 2832.1
1240120 2829.8
1240130 2829.0
1240140 2829.0
1240150 2828.8
1240160 2830.7
1240170 2830.7
1240180 2828.4
1240190 2825.3
1240200 2825.3
1240210 2823.7
1240220 2820.7
1240230 2820.7
1240240 2812.4
1240250 2806.8
1240260 2806.8
1240270 2800.9
1240280 2800.6
1240290 2800.6
1240300 2798.8
1240310 2789.0
1240320 2782.9
1240330 2782.9
1240340 2775.7
1240350 2772.5
1240360 2772.5
1240370 2772.6
1240380 2775.0
1240390 2775.0
1240400 2777.8
1240410 2787.7
1240420 2787.7
1240430 2786.4
1240440 2787.8
1240450 2787.8
1240460 2781.2
1240470 2768.5
1240480 2768.5
1240490 2754.9
1240500 2745.6
1240510 2745.6
1240520 2737.4
1240530 2734.2
1240540 2731.6
1240550 2731.6
1240560 2729.6
1240570 2728.4
1240580 2728.4
1240590 2728.5
1240600 2728.6
1240610 2728.6
1240620 2728.2
1240630 2728.3
1240640 2728.3
1240650 2728.7
1240660 2729.0
1240670 2729.0
1240680 2729.9
1240690 2730.8
1240700 2730.8
1240710 2732.0
1240720 2734.7
1240730 2739.0
1240740 2739.0
1240750 2741.4
1240760 2740.7
1240770 2740.7
1240780 2740.6
1240790 2743.0
1240800 2743.0
1240810 2747.3
1240820 2747.1
1240830 2747.1
1240840 2743.8
1240850 2742.2
1240860 2742.2
1240870 2744.8
1240880 2750.4
1240890 2750.4
1240900 2753.2
1240910 2760.8
1240920 2767.0
1240930 2777.3
1240940 2781.4
1240950 2783.0
1240960 2783.0
1240970 2778.0
1240980 2767.5
1240990 2767.5
1241000 2769.9
1241010 2774.4
1241020 2774.4
1241030 2779.4
1241040 2780.6
1241050 2780.6
1241060 2776.0
1241070 2774.0
1241080 2774.0
1241090 2774.4
1241100 2777.2
1241110 2783.2
1241120 2783.2
1241130 2788.8
1241140 2790.3
1241150 2790.3
1241160 2794.4
1241170 2798.4
1241180 2798.4
1241190 2798.2
1241200 2800.5
1241210 2800.5
1241220 2804.9
1241230 2809.3
1241240 2809.3
1241250 2814.7
1241260 2819.8
1241270 2819.8
1241280 2824.5
1241290 2833.4
1241300 2833.4
1241310 2839.1
1241320 2840.8
1241330 2845.2
1241340 2845.2
1241350 2851.7
1241360 2857.1
1241370 2857.1
1241380 2860.1
1241390 2864.4
1241400 2864.4
1241410 2869.9
1241420 2880.0
1241430 2880.0
1241440 2888.8
1241450 2885.8
1241460 2885.8
1241470 2877.1
1241480 2861.8
1241490 2861.8
1241500 2845.4
1241510 2833.2
1241520 2823.7
1241530 2823.7
1241540 2814.1
1241550 2812.3
1241560 2812.3
1241570 2811.4
1241580 2812.1
1241590 2812.1
1241600 2813.3
1241610 2813.9
1241620 2813.9
1241630 2810.8
1241640 2809.6
1241650 2809.6
1241660 2811.0
1241670 2812.4
1241680 2812.4
1241690 2812.2
1241700 2813.1
1241710 2813.7
1241720 2813.7
1241730 2817.4
1241740 2824.0
1241750 2824.0
1241760 2831.5
1241770 2836.9
1241780 2836.9
1241790 2845.6
1241800 2852.6
1241810 2852.6
1241820 2848.6
1241830 2843.6
1241840 2843.6
1241850 2834.0
1241860 2822.0
1241870 2822.0
1241880 2813.8
1241890 2797.0
1241900 2786.7
1241910 2786.7
1241920 2788.8
1241930 2794.5
1241940 2794.5
1241950 2795.0
1241960 2781.2
1241970 2775.6
1241980 2758.3
1241990 2735.8
1242000 2735.8
1242010 2716.3
1242020 2703.3
1242030 2703.3
1242040 2687.5
1242050 2664.0
1242060 2664.0
1242070 2651.7
1242080 2641.6
1242090 2635.9
1242100 2635.9
1242110 2631.8
1242120 2628.1
1242130 2628.1
1242140 2623.5
1242150 2618.3
1242160 2618.3
1242170 2612.8
1242180 2607.5
1242190 2607.5
1242200 2602.2
1242210 2597.4
1242220 2597.4
1242230 2592.5
1242240 2587.4
1242250 2587.4
1242260 2583.0
1242270 2580.2
1242280 2580.2
1242290 2579.0
1242300 2579.8
1242310 2581.2
1242320 2581.2
1242330 2582.7
1242340 2583.6
1242350 2583.6
1242360 2585.6
1242370 2590.5
1242380 2590.5
1242390 2594.9
1242400 2598.7
1242410 2598.7
1242420 2601.5
1242430 2603.5
1242440 2603.5
1242450 2604.1
1242460 2604.6
1242470 2604.6
1242480 2605.1
1242490 2602.0
1242500 2600.1
1242510 2600.1
1242520 2602.0
1242530 2603.0
1242540 2603.0
1242550 2603.0
1242560 2604.0
1242570 2604.0
