1240000 2489.7
1240010 2491.1
1240020 2491.1
1240030 2491.6
1240040 2494.7
1240050 2494.7
1240060 2498.4
1240070 2503.3
1240080 2503.3
1240090 2508.3
1240100 2513.7
1240110 2513.7
1240120 2519.8
1240130 2525.1
1240140 2529.9
1240150 2529.9
1240160 2534.7
1240170 2539.8
1240180 2539.8
1240190 2544.8
1240200 2549.5
1240210 2549.5
1240220 2553.2
1240230 2558.9
1240240 2558.9
1240250 2565.2
1240260 2571.2
1240270 2571.2
1240280 2578.2
1240290 2585.4
1240300 2585.4
1240310 2592.8
1240320 2601.9
1240330 2601.9
1240340 2614.5
1240350 2625.9
1240360 2635.3
1240370 2635.3
1240380 2642.2
1240390 2648.8
1240400 2648.8
1240410 2654.9
1240420 2660.9
1240430 2660.9
1240440 2666.9
1240450 2674.1
1240460 2674.1
1240470 2682.2
1240480 2691.9
1240490 2691.9
1240500 2700.4
1240510 2698.3
1240520 2698.3
1240530 2705.1
1240540 2707.5
1240550 2712.8
1240560 2712.8
1240570 2718.2
1240580 2722.1
1240590 2722.1
1240600 2724.4
1240610 2726.4
1240620 2726.4
1240630 2729.0
1240640 2731.0
1240650 2731.0
1240660 2733.7
1240670 2737.8
1240680 2737.8
1240690 2742.6
1240700 2744.8
1240710 2744.8
1240720 2746.4
1240730 2748.6
1240740 2751.4
1240750 2751.4
1240760 2756.2
1240770 2761.9
1240780 2761.9
1240790 2766.8
1240800 2769.8
1240810 2769.8
1240820 2771.1
1240830 2771.4
1240840 2771.4
1240850 2772.2
1240860 2773.3
1240870 2773.3
1240880 2773.1
1240890 2772.3
1240900 2772.3
1240910 2772.0
1240920 2772.8
1240930 2774.8
1240940 2774.8
1240950 2777.5
1240960 2780.9
1240970 2780.9
1240980 2783.4
1240990 2786.4
1241000 2786.4
1241010 2789.4
1241020 2792.8
1241030 2788.4
1241040 2791.5
1241050 2794.5
1241060 2794.5
1241070 2797.3
1241080 2799.1
1241090 2799.1
1241100 2799.9
1241110 2800.0
1241120 2800.0
1241130 2801.5
1241140 2807.5
1241150 2814.7
1241160 2814.7
1241170 2820.4
1241180 2822.0
1241190 2822.0
1241200 2821.6
1241210 2821.9
1241220 2821.9
1241230 2822.1
1241240 2821.1
1241250 2821.1
1241260 2822.1
1241270 2824.4
1241280 2824.4
1241290 2826.4
1241300 2828.2
1241310 2828.2
1241320 2828.7
1241330 2828.8
1241340 2828.7
1241350 2828.7
1241360 2826.8
1241370 2823.5
1241380 2823.5
1241390 2827.1
1241400 2837.0
1241410 2837.0
1241420 2853.5
1241430 2867.4
1241440 2867.4
1241450 2877.9
1241460 2885.2
1241470 2885.2
1241480 2888.8
1241490 2891.2
1241500 2891.2
1241510 2893.7
1241520 2895.6
1241530 2895.1
1241540 2895.1
1241550 2892.1
1241560 2891.0
1241570 2891.0
1241580 2888.7
1241590 2889.4
1241600 2889.4
1241610 2891.3
1241620 2888.9
1241630 2888.9
1241640 2882.9
1241650 2880.2
1241660 2880.2
1241670 2880.8
1241680 2884.5
1241690 2884.5
1241700 2889.1
1241710 2891.9
1241720 2891.9
1241730 2891.0
1241740 2891.1
1241750 2892.1
1241760 2892.1
1241770 2893.9
1241780 2895.6
1241790 2895.6
1241800 2896.1
1241810 2890.4
1241820 2890.4
1241830 2887.9
1241840 2884.9
1241850 2884.9
1241860 2883.6
1241870 2884.1
1241880 2884.1
1241890 2885.4
1241900 2886.7
1241910 2886.7
1241920 2888.6
1241930 2890.0
1241940 2890.9
1241950 2890.9
1241960 2891.9
1241970 2894.0
1241980 2894.0
1241990 2898.2
1242000 2904.7
1242010 2904.7
1242020 2911.6
1242030 2917.0
1242040 2917.0
1242050 2920.9
1242060 2924.1
1242070 2924.4
1242080 2926.9
1242090 2929.1
1242100 2929.1
1242110 2931.0
1242120 2932.5
1242130 2934.2
1242140 2934.2
1242150 2935.5
1242160 2936.3
1242170 2936.3
1242180 2936.6
1242190 2937.4
1242200 2937.4
1242210 2939.2
1242220 2940.5
1242230 2940.5
1242240 2942.4
1242250 2944.3
1242260 2944.3
1242270 2946.0
1242280 2948.6
1242290 2948.6
1242300 2948.8
1242310 2950.3
1242320 2947.9
1242330 2947.9
1242340 2945.9
1242350 2946.2
1242360 2946.2
1242370 2948.6
1242380 2953.9
1242390 2953.9
1242400 2959.3
1242410 2964.9
1242420 2964.9
1242430 2969.0
1242440 2971.5
1242450 2971.5
1242460 2975.5
1242470 2979.0
1242480 2979.0
1242490 2982.1
1242500 2985.3
1242510 2985.3
1242520 2988.5
1242530 2991.8
1242540 2995.1
1242550 2995.1
1242560 2998.6
1242570 3002.6
1242580 3002.6
1242590 3005.2
1242600 3009.7
1242610 3009.7
1242620 3013.7
1242630 3016.5
1242640 3016.5
1242650 3020.9
1242660 3024.5
1242670 3024.5
1242680 3028.6
1242690 3032.5
1242700 3032.5
1242710 3036.6
1242720 3040.6
1242730 3044.6
1242740 3044.6
1242750 3048.3
1242760 3052.3
1242770 3052.3
1242780 3056.7
1242790 3061.4
1242800 3061.4
1242810 3065.7
1242820 3070.2
1242830 3070.2
1242840 3075.0
1242850 3080.0
1242860 3080.0
1242870 3085.0
1242880 3089.9
1242890 3089.9
1242900 3094.9
1242910 3099.8
1242920 3104.6
1242930 3104.6
1242940 3109.6
1242950 3115.0
1242960 3115.0
1242970 3120.9
1242980 3127.7
1242990 3127.7
1243000 3134.8
1243010 3143.0
1243020 3143.0
1243030 3152.0
1243040 3165.0
1243050 3165.0
1243060 3180.9
1243070 3196.4
1243080 3196.4
1243090 3210.4
1243100 3223.1
1243110 3234.4
1243120 3234.4
1243130 3244.2
1243140 3254.5
1243150 3254.5
1243160 3267.0
1243170 3275.9
1243180 3275.9
1243190 3272.6
1243200 3271.5
1243210 3271.5
1243220 3277.8
1243230 3279.2
1243240 3279.2
1243250 3265.2
1243260 3233.9
1243270 3233.9
1243280 3215.9
1243290 3199.2
1243300 3199.2
1243310 3189.1
1243320 3168.4
1243330 3154.4
1243340 3154.4
1243350 3143.5
1243360 3134.8
1243370 3134.8
1243380 3129.1
1243390 3126.4
1243400 3126.4
1243410 3117.6
1243420 3105.9
1243430 3105.9
1243440 3101.5
1243450 3099.1
1243460 3099.1
1243470 3102.1
1243480 3106.2
1243490 3106.2
1243500 3105.8
1243510 3105.2
1243520 3108.3
1243530 3108.3
1243540 3112.6
1243550 3116.3
1243560 3116.3
1243570 3120.3
1243580 3124.7
1243590 3124.7
1243600 3114.0
1243610 3090.5
1243620 3090.5
1243630 3075.2
1243640 3056.7
1243650 3056.7
1243660 3047.7
1243670 3042.3
1243680 3042.3
1243690 3044.3
1243700 3048.1
1243710 3052.9
1243720 3052.9
1243730 3056.9
1243740 3052.3
1243750 3052.3
1243760 3044.9
1243770 3040.8
1243780 3040.8
1243790 3039.8
1243800 3042.5
1243810 3042.5
1243820 3044.7
1243830 3045.5
1243840 3045.5
1243850 3045.1
1243860 3045.2
1243870 3045.2
1243880 3046.3
1243890 3050.9
1243900 3050.9
1243910 3053.3
1243920 3051.7
