1240000 2503.1
1240010 2503.1
1240020 2503.9
1240030 2507.6
1240040 2507.6
1240050 2510.8
1240060 2513.6
1240070 2513.6
1240080 2515.7
1240090 2516.9
1240100 2518.2
1240110 2518.2
1240120 2520.5
1240130 2523.2
1240140 2523.2
1240150 2526.7
1240160 2530.9
1240170 2530.9
1240180 2534.9
1240190 2538.7
1240200 2538.7
1240210 2543.5
1240220 2549.4
1240230 2549.4
1240240 2554.9
1240250 2559.2
1240260 2559.2
1240270 2562.2
1240280 2564.4
1240290 2565.9
1240300 2565.9
1240310 2567.0
1240320 2568.8
1240330 2568.8
1240340 2571.1
1240350 2572.7
1240360 2576.1
1240370 2576.8
1240380 2576.1
1240390 2576.1
1240400 2577.6
1240410 2581.7
1240420 2581.7
1240430 2585.2
1240440 2588.7
1240450 2588.7
1240460 2592.6
1240470 2596.7
1240480 2596.7
1240490 2602.0
1240500 2606.2
1240510 2609.3
1240520 2609.3
1240530 2612.4
1240540 2615.8
1240550 2615.8
1240560 2619.2
1240570 2622.4
1240580 2622.4
1240590 2623.9
1240600 2625.5
1240610 2625.5
1240620 2625.4
1240630 2623.5
1240640 2623.5
1240650 2624.7
1240660 2626.7
1240670 2626.7
1240680 2627.5
1240690 2627.7
1240700 2629.3
1240710 2629.3
1240720 2631.3
1240730 2634.5
1240740 2634.5
1240750 2637.9
1240760 2642.0
1240770 2642.0
1240780 2647.0
1240790 2652.8
1240800 2652.8
1240810 2658.1
1240820 2662.1
1240830 2662.1
1240840 2665.3
1240850 2667.3
1240860 2667.3
1240870 2669.3
1240880 2670.0
1240890 2673.0
1240900 2673.0
1240910 2676.0
1240920 2678.9
1240930 2678.9
1240940 2680.9
1240950 2683.1
1240960 2683.1
1240970 2685.5
1240980 2687.5
1240990 2687.5
1241000 2689.5
1241010 2692.0
1241020 2692.0
1241030 2697.0
1241040 2703.5
1241050 2703.5
1241060 2707.8
1241070 2710.1
1241080 2711.1
1241090 2711.1
1241100 2712.6
1241110 2713.1
1241120 2713.1
1241130 2713.4
1241140 2714.4
1241150 2714.4
1241160 2716.4
1241170 2718.4
1241180 2718.4
1241190 2718.7
1241200 2718.7
1241210 2718.7
1241220 2721.2
1241230 2725.2
1241240 2725.2
1241250 2729.3
1241260 2733.2
1241270 2733.2
1241280 2737.7
1241290 2743.0
1241300 2748.5
1241310 2748.5
1241320 2753.2
1241330 2758.0
1241340 2758.0
1241350 2764.4
1241360 2772.5
1241370 2772.5
1241380 2778.8
1241390 2779.3
1241400 2772.0
1241410 2775.1
1241420 2778.3
1241430 2778.3
1241440 2782.4
1241450 2786.6
1241460 2786.6
1241470 2790.8
1241480 2794.8
1241490 2795.9
1241500 2795.9
1241510 2796.0
1241520 2794.1
1241530 2794.1
1241540 2789.9
1241550 2789.1
1241560 2789.1
1241570 2790.9
1241580 2793.7
1241590 2793.7
1241600 2793.8
1241610 2793.3
1241620 2793.3
1241630 2792.6
1241640 2793.6
1241650 2793.6
1241660 2794.6
1241670 2795.5
1241680 2796.8
1241690 2796.8
1241700 2798.2
1241710 2799.6
1241720 2799.6
1241730 2800.9
1241740 2802.0
1241750 2802.0
1241760 2803.0
1241770 2803.5
1241780 2803.5
1241790 2802.7
1241800 2801.8
1241810 2801.8
1241820 2800.7
1241830 2800.0
1241840 2800.0
1241850 2800.8
1241860 2801.5
1241870 2801.3
1241880 2801.3
1241890 2801.3
1241900 2801.9
1241910 2801.9
1241920 2804.7
1241930 2806.0
1241940 2806.0
1241950 2807.5
1241960 2808.8
1241970 2808.8
1241980 2810.1
1241990 2812.9
1242000 2812.9
1242010 2817.3
1242020 2821.9
1242030 2821.9
1242040 2826.3
1242050 2830.4
1242060 2830.4
1242070 2834.4
1242080 2838.3
1242090 2842.2
1242100 2842.2
1242110 2844.9
1242120 2846.2
1242130 2846.2
1242140 2848.1
1242150 2850.4
1242160 2850.4
1242170 2851.8
1242180 2853.3
1242190 2853.3
1242200 2856.0
1242210 2860.2
1242220 2860.2
1242230 2864.9
1242240 2869.9
1242250 2869.9
1242260 2875.0
1242270 2880.4
1242280 2885.1
1242290 2885.1
1242300 2889.9
1242310 2894.5
1242320 2894.5
1242330 2899.2
1242340 2904.3
1242350 2904.3
1242360 2909.6
1242370 2914.7
1242380 2914.7
1242390 2919.7
1242400 2924.8
1242410 2924.8
1242420 2929.7
1242430 2934.7
1242440 2938.4
1242450 2947.2
1242460 2958.7
1242470 2966.5
1242480 2966.5
1242490 2971.8
1242500 2975.5
1242510 2975.5
1242520 2979.6
1242530 2983.1
1242540 2983.1
1242550 2985.7
1242560 2989.4
1242570 2989.4
1242580 2994.1
1242590 3000.6
1242600 3000.6
1242610 3008.6
1242620 3016.0
1242630 3016.0
1242640 3024.6
1242650 3032.4
1242660 3038.7
1242670 3038.7
1242680 3045.3
1242690 3050.7
1242700 3050.7
1242710 3057.8
1242720 3065.0
1242730 3065.0
1242740 3069.0
1242750 3073.4
1242760 3073.4
1242770 3077.9
1242780 3083.8
1242790 3083.8
1242800 3089.7
1242810 3081.1
1242820 3081.1
1242830 3065.3
1242840 3050.8
1242850 3050.8
1242860 3040.7
1242870 3016.5
1242880 2994.1
1242890 2994.1
1242900 2993.2
1242910 2997.7
1242920 2997.7
1242930 3004.6
1242940 2999.9
1242950 2999.9
1242960 2974.2
1242970 2968.2
1242980 2968.2
1242990 2967.7
1243000 2962.3
1243010 2962.3
1243020 2956.7
1243030 2947.1
1243040 2947.1
1243050 2937.9
1243060 2931.6
1243070 2930.6
1243080 2930.6
1243090 2927.5
1243100 2922.2
1243110 2922.2
1243120 2916.0
1243130 2909.4
1243140 2909.4
1243150 2902.1
1243160 2893.7
1243170 2893.7
1243180 2885.3
1243190 2877.7
1243200 2877.7
1243210 2870.7
1243220 2864.3
1243230 2864.3
1243240 2859.9
1243250 2855.6
1243260 2851.9
1243270 2851.9
1243280 2850.1
1243290 2849.3
1243300 2849.3
1243310 2848.8
1243320 2846.2
1243330 2846.2
1243340 2843.1
1243350 2840.8
1243360 2840.8
1243370 2839.5
1243380 2840.3
1243390 2840.3
1243400 2841.8
1243410 2843.1
1243420 2843.1
1243430 2844.3
1243440 2845.0
1243450 2846.2
1243460 2846.2
1243470 2847.6
1243480 2847.2
1243490 2842.9
1243500 2839.4
1243510 2836.1
1243520 2836.1
1243530 2834.4
1243540 2833.0
1243550 2833.0
1243560 2833.1
