1240000 2529.5
1240010 2530.4
1240020 2531.1
1240030 2531.9
1240040 2531.9
1240050 2532.3
1240060 2532.8
1240070 2532.8
1240080 2533.7
1240090 2535.5
1240100 2535.5
1240110 2536.9
1240120 2539.4
1240130 2539.4
1240140 2542.8
1240150 2546.7
1240160 2546.7
1240170 2550.9
1240180 2553.9
1240190 2553.9
1240200 2556.1
1240210 2557.8
1240220 2559.9
1240230 2559.9
1240240 2563.2
1240250 2567.6
1240260 2567.6
1240270 2572.3
1240280 2577.5
1240290 2577.5
1240300 2582.1
1240310 2585.0
1240320 2585.0
1240330 2586.4
1240340 2586.1
1240350 2586.1
1240360 2584.8
1240370 2583.6
1240380 2583.6
1240390 2584.0
1240400 2586.1
1240410 2589.1
1240420 2589.1
1240430 2591.4
1240440 2592.4
1240450 2592.4
1240460 2595.5
1240470 2596.1
1240480 2596.1
1240490 2597.8
1240500 2600.7
1240510 2600.7
1240520 2604.3
1240530 2608.0
1240540 2608.0
1240550 2612.1
1240560 2615.7
1240570 2615.7
1240580 2618.0
1240590 2619.7
1240600 2622.7
1240610 2622.7
1240620 2627.4
1240630 2632.9
1240640 2632.9
1240650 2638.5
1240660 2641.4
1240670 2641.4
1240680 2640.8
1240690 2638.8
1240700 2638.8
1240710 2637.6
1240720 2639.6
1240730 2639.6
1240740 2646.5
1240750 2657.2
1240760 2657.2
1240770 2666.9
1240780 2671.3
1240790 2671.3
1240800 2672.0
1240810 2672.0
1240820 2673.8
1240830 2673.8
1240840 2677.3
1240850 2679.9
1240860 2679.9
1240870 2681.5
1240880 2682.4
1240890 2682.4
1240900 2682.5
1240910 2681.8
1240920 2681.8
1240930 2680.9
1240940 2680.2
1240950 2680.2
1240960 2680.6
1240970 2682.1
1240980 2680.8
1240990 2682.0
1241000 2683.4
1241010 2685.0
1241020 2685.0
1241030 2686.5
1241040 2687.2
1241050 2687.2
1241060 2688.8
1241070 2691.7
1241080 2691.7
1241090 2693.5
1241100 2695.4
1241110 2695.4
1241120 2698.4
1241130 2700.7
1241140 2700.7
1241150 2702.9
1241160 2704.6
1241170 2704.6
1241180 2705.5
1241190 2706.0
1241200 2707.0
1241210 2707.0
1241220 2707.5
1241230 2707.9
1241240 2707.9
1241250 2708.3
1241260 2709.4
1241270 2709.4
1241280 2711.6
1241290 2715.2
1241300 2715.2
1241310 2720.0
1241320 2726.1
1241330 2726.1
1241340 2732.4
1241350 2738.6
1241360 2738.6
1241370 2745.2
1241380 2750.8
1241390 2754.8
1241400 2754.8
1241410 2757.2
1241420 2758.4
1241430 2758.4
1241440 2759.0
1241450 2759.6
1241460 2759.6
1241470 2759.8
1241480 2759.9
1241490 2759.9
1241500 2760.1
1241510 2760.7
1241520 2760.7
1241530 2763.7
1241540 2765.1
1241550 2765.1
1241560 2765.6
1241570 2766.4
1241580 2766.4
1241590 2767.6
1241600 2768.3
1241610 2769.8
1241620 2769.8
1241630 2771.2
1241640 2772.1
1241650 2772.1
1241660 2772.2
1241670 2771.2
1241680 2771.2
1241690 2769.7
1241700 2768.7
1241710 2768.7
1241720 2769.3
1241730 2771.7
1241740 2771.7
1241750 2775.4
1241760 2779.7
1241770 2779.7
1241780 2782.7
1241790 2783.0
1241800 2783.4
1241810 2783.4
1241820 2787.3
1241830 2793.5
1241840 2793.5
1241850 2799.4
1241860 2804.7
1241870 2804.7
1241880 2811.2
1241890 2815.5
1241900 2815.5
1241910 2818.5
1241920 2821.6
1241930 2821.6
1241940 2823.2
1241950 2822.4
1241960 2822.4
1241970 2821.8
1241980 2822.7
1241990 2825.0
1242000 2825.0
1242010 2826.1
1242020 2828.1
1242030 2828.1
1242040 2830.4
1242050 2833.9
1242060 2833.9
1242070 2835.9
1242080 2837.7
1242090 2837.7
1242100 2839.9
1242110 2843.0
1242120 2843.0
1242130 2847.7
1242140 2852.4
1242150 2852.4
1242160 2858.8
1242170 2865.3
1242180 2871.3
1242190 2871.3
1242200 2876.0
1242210 2879.5
1242220 2879.5
1242230 2883.4
1242240 2889.6
1242250 2889.6
1242260 2895.5
1242270 2902.1
1242280 2902.1
1242290 2907.9
1242300 2915.2
1242310 2915.2
1242320 2928.1
1242330 2943.1
1242340 2943.1
1242350 2958.3
1242360 2963.9
1242370 2963.9
1242380 2970.0
1242390 2977.7
1242400 2985.4
1242410 2985.4
1242420 2993.9
1242430 3003.1
1242440 3003.1
1242450 3013.1
1242460 3022.7
1242470 3022.7
1242480 3026.5
1242490 3028.2
1242500 3028.2
1242510 3032.7
1242520 3036.7
1242530 3036.7
1242540 3060.2
1242550 3067.8
1242560 3067.8
1242570 3073.6
1242580 3076.3
1242590 3075.1
1242600 3075.1
1242610 3071.3
1242620 3057.9
1242630 3057.9
1242640 3036.1
1242650 3007.9
1242660 3007.9
1242670 3004.5
1242680 2997.1
1242690 2997.1
1242700 2995.2
1242710 3002.6
1242720 3002.6
1242730 3008.4
1242740 3010.6
1242750 3010.6
1242760 3000.0
1242770 2992.4
1242780 2981.6
1242790 2981.6
1242800 2975.5
1242810 2977.1
1242820 2977.1
1242830 2955.4
1242840 2931.1
1242850 2931.1
1242860 2923.6
1242870 2922.6
1242880 2922.6
1242890 2924.4
1242900 2931.7
1242910 2931.7
1242920 2937.4
1242930 2936.4
1242940 2936.4
1242950 2923.9
1242960 2912.6
1242970 2907.0
1242980 2907.0
1242990 2906.4
1243000 2904.7
1243010 2904.7
1243020 2902.2
1243030 2897.7
1243040 2897.7
1243050 2892.7
1243060 2883.1
1243070 2883.1
1243080 2880.1
1243090 2878.0
1243100 2878.0
1243110 2876.8
1243120 2874.4
1243130 2874.4
1243140 2870.5
1243150 2865.4
1243160 2865.4
1243170 2859.5
1243180 2853.3
1243190 2848.0
1243200 2848.0
1243210 2843.6
1243220 2839.5
1243230 2839.5
1243240 2836.0
1243250 2834.4
1243260 2834.4
1243270 2834.3
1243280 2832.0
1243290 2832.0
1243300 2828.5
1243310 2826.3
1243320 2826.3
1243330 2825.3
1243340 2825.1
1243350 2825.1
1243360 2825.3
1243370 2825.1
1243380 2825.0
1243390 2825.0
1243400 2826.3
1243410 2828.8
1243420 2828.8
1243430 2829.7
1243440 2829.1
1243450 2829.1
1243460 2825.7
1243470 2822.3
1243480 2822.3
1243490 2821.3
1243500 2822.2
1243510 2822.2
1243520 2823.3
