1240000 2583.9
1240010 2583.9
1240020 2583.8
1240030 2583.7
1240040 2582.9
1240050 2582.9
1240060 2581.5
1240070 2580.7
1240080 2580.7
1240090 2581.1
1240100 2584.3
1240110 2584.3
1240120 2586.9
1240130 2588.6
1240140 2588.6
1240150 2591.0
1240160 2593.3
1240170 2593.3
1240180 2595.7
1240190 2598.8
1240200 2598.8
1240210 2602.9
1240220 2608.3
1240230 2614.5
1240240 2614.5
1240250 2620.9
1240260 2627.8
1240270 2627.8
1240280 2634.6
1240290 2641.4
1240300 2641.4
1240310 2647.6
1240320 2651.3
1240330 2651.3
1240340 2655.4
1240350 2660.0
1240360 2660.0
1240370 2665.1
1240380 2670.1
1240390 2670.1
1240400 2675.1
1240410 2680.0
1240420 2680.0
1240430 2685.5
1240440 2691.6
1240450 2697.7
1240460 2697.7
1240470 2703.8
1240480 2709.8
1240490 2709.8
1240500 2718.2
1240510 2724.6
1240520 2724.6
1240530 2734.3
1240540 2745.4
1240550 2745.4
1240560 2754.7
1240570 2764.2
1240580 2764.2
1240590 2773.3
1240600 2781.8
1240610 2781.8
1240620 2790.1
1240630 2800.4
1240640 2810.0
1240650 2810.0
1240660 2818.2
1240670 2825.5
1240680 2825.5
1240690 2833.1
1240700 2841.0
1240710 2841.0
1240720 2849.0
1240730 2856.5
1240740 2856.5
1240750 2864.0
1240760 2872.3
1240770 2872.3
1240780 2880.2
1240790 2890.1
1240800 2890.1
1240810 2898.6
1240820 2903.3
1240830 2908.6
1240840 2908.6
1240850 2915.4
1240860 2923.0
1240870 2923.0
1240880 2931.2
1240890 2939.1
1240900 2939.1
1240910 2943.8
1240920 2951.3
1240930 2951.3
1240940 2960.7
1240950 2966.5
1240960 2966.5
1240970 2972.2
1240980 2977.8
1240990 2977.8
1241000 2982.6
1241010 2985.5
1241020 2977.8
1241030 2977.8
1241040 2973.6
1241050 2972.4
1241060 2972.4
1241070 2973.0
1241080 2975.1
1241090 2975.1
1241100 2974.3
1241110 2969.3
1241120 2969.3
1241130 2962.3
1241140 2954.4
1241150 2954.4
1241160 2946.2
1241170 2938.2
1241180 2938.2
1241190 2932.3
1241200 2930.6
1241210 2930.6
1241220 2930.6
1241230 2931.8
1241240 2932.5
1241250 2932.5
1241260 2933.8
1241270 2935.6
1241280 2935.6
1241290 2937.9
1241300 2939.5
1241310 2939.5
1241320 2940.7
1241330 2941.8
1241340 2941.8
1241350 2942.7
1241360 2944.6
1241370 2944.6
1241380 2947.4
1241390 2953.3
1241400 2953.3
1241410 2960.7
1241420 2966.5
1241430 2971.5
1241440 2971.5
1241450 2977.4
1241460 2983.6
1241470 2983.6
1241480 2987.9
1241490 2991.4
1241500 2991.4
1241510 2994.7
1241520 2999.0
1241530 2999.0
1241540 3007.7
1241550 3014.3
1241560 3014.3
1241570 3021.3
1241580 3028.4
1241590 3028.4
1241600 3035.0
1241610 3039.9
1241620 3044.7
1241630 3044.7
1241640 3049.5
1241650 3053.5
1241660 3053.5
1241670 3056.9
1241680 3064.2
1241690 3064.2
1241700 3074.4
1241710 3085.2
1241720 3085.2
1241730 3085.6
1241740 3074.5
1241750 3074.5
1241760 3061.5
1241770 3052.7
1241780 3052.7
1241790 3044.6
1241800 3040.2
1241810 3040.2
1241820 3035.9
1241830 3034.0
1241840 3031.1
1241850 3031.1
1241860 3028.0
1241870 3026.5
1241880 3026.5
1241890 3023.5
1241900 3022.8
1241910 3022.8
1241920 3023.6
1241930 3025.6
1241940 3025.6
1241950 3026.1
1241960 3025.4
1241970 3025.4
1241980 3025.7
1241990 3027.8
1242000 3027.8
1242010 3030.3
1242020 3030.8
1242030 3030.7
1242040 3030.7
1242050 3031.9
1242060 3031.1
1242070 3031.1
1242080 3032.7
1242090 3034.1
1242100 3034.1
1242110 3036.0
1242120 3038.3
1242130 3038.3
1242140 3040.7
1242150 3042.5
1242160 3042.5
1242170 3044.5
1242180 3046.9
1242190 3046.9
1242200 3049.1
1242210 3052.2
1242220 3055.8
1242230 3055.8
1242240 3060.4
1242250 3067.0
1242260 3067.0
1242270 3073.6
1242280 3080.1
1242290 3080.1
1242300 3086.3
1242310 3092.8
1242320 3092.8
1242330 3099.6
1242340 3106.6
1242350 3106.6
1242360 3114.7
1242370 3125.9
1242380 3125.9
1242390 3144.6
1242400 3158.3
1242410 3158.3
1242420 3165.0
1242430 3173.6
1242440 3185.1
1242450 3185.1
1242460 3197.9
1242470 3204.7
1242480 3204.7
1242490 3207.1
1242500 3208.9
1242510 3208.9
1242520 3206.6
1242530 3200.9
1242540 3200.9
1242550 3197.9
1242560 3195.4
1242570 3195.4
1242580 3188.6
1242590 3187.9
1242600 3187.9
1242610 3187.6
1242620 3190.2
1242630 3193.1
1242640 3193.1
1242650 3198.8
1242660 3208.8
1242670 3208.8
1242680 3221.4
1242690 3237.1
1242700 3237.1
1242710 3252.2
1242720 3261.6
1242730 3261.6
1242740 3270.0
1242750 3280.1
1242760 3280.1
1242770 3288.1
1242780 3282.4
1242790 3282.4
1242800 3268.3
1242810 3264.3
1242820 3277.3
1242830 3277.3
1242840 3281.3
1242850 3292.3
1242860 3292.3
1242870 3303.5
1242880 3310.6
1242890 3310.6
1242900 3322.0
1242910 3327.1
1242920 3327.1
1242930 3325.1
1242940 3321.4
1242950 3321.4
1242960 3318.7
1242970 3316.3
1242980 3316.3
1242990 3312.0
1243000 3306.6
1243010 3301.0
1243020 3301.0
1243030 3296.1
1243040 3291.9
1243050 3291.9
1243060 3289.1
1243070 3286.1
1243080 3286.1
1243090 3283.5
1243100 3282.5
1243110 3282.5
1243120 3280.0
1243130 3277.4
1243140 3277.4
1243150 3274.6
1243160 3271.7
1243170 3271.7
1243180 3268.5
1243190 3264.2
1243200 3264.2
1243210 3260.2
1243220 3254.7
1243230 3247.7
1243240 3247.7
1243250 3238.2
1243260 3225.8
1243270 3225.8
1243280 3215.9
1243290 3206.6
1243300 3206.6
1243310 3199.4
1243320 3192.0
1243330 3192.0
1243340 3185.4
1243350 3178.4
1243360 3178.4
1243370 3164.9
1243380 3154.5
1243390 3154.5
1243400 3144.9
1243410 3132.6
1243420 3120.0
1243430 3120.0
1243440 3112.3
1243450 3105.5
1243460 3105.5
1243470 3099.7
1243480 3094.8
1243490 3094.8
1243500 3090.3
1243510 3085.9
1243520 3085.9
1243530 3081.4
1243540 3076.9
1243550 3076.9
1243560 3072.5
1243570 3068.5
1243580 3068.5
1243590 3064.9
1243600 3061.7
1243610 3059.0
1243620 3059.0
1243630 3057.5
1243640 3055.1
1243650 3055.1
1243660 3052.8
1243670 3050.6
1243680 3050.6
1243690 3048.7
1243700 3047.0
1243710 3047.0
1243720 3045.6
1243730 3044.2
1243740 3044.2
1243750 3043.0
1243760 3041.8
1243770 3041.8
1243780 3040.7
1243790 3039.6
1243800 3039.6
1243810 3038.6
1243820 3037.6
1243830 3036.6
1243840 3036.6
1243850 3035.6
1243860 3034.7
1243870 3034.7
1243880 3033.8
1243890 3032.8
1243900 3032.8
