1240000 3086.0
1240010 3086.0
1240020 3090.1
1240030 3094.3
1240040 3094.3
1240050 3098.7
1240060 3103.4
1240070 3103.4
1240080 3108.7
1240090 3114.3
1240100 3114.3
1240110 3120.0
1240120 3125.7
1240130 3131.4
1240140 3131.4
1240150 3136.9
1240160 3142.2
1240170 3142.2
1240180 3147.4
1240190 3152.3
1240200 3152.3
1240210 3157.1
1240220 3161.7
1240230 3161.7
1240240 3166.2
1240250 3170.9
1240260 3170.9
1240270 3175.4
1240280 3179.7
1240290 3179.7
1240300 3183.5
1240310 3186.8
1240320 3190.9
1240330 3190.9
1240340 3193.9
1240350 3196.3
1240360 3196.3
1240370 3203.4
1240380 3210.4
1240390 3210.4
1240400 3219.4
1240410 3231.3
1240420 3231.3
1240430 3242.7
1240440 3254.0
1240450 3254.0
1240460 3263.3
1240470 3266.5
1240480 3266.5
1240490 3269.5
1240500 3273.9
1240510 3273.9
1240520 3279.1
1240530 3285.1
1240540 3292.2
1240550 3292.2
1240560 3299.5
1240570 3303.5
1240580 3303.5
1240590 3301.2
1240600 3298.4
1240610 3298.4
1240620 3297.6
1240630 3295.7
1240640 3295.7
1240650 3293.0
1240660 3290.6
1240670 3290.6
1240680 3287.4
1240690 3287.3
1240700 3287.3
1240710 3288.0
1240720 3283.3
1240730 3280.2
1240740 3280.2
1240750 3279.2
1240760 3277.1
1240770 3277.1
1240780 3276.7
1240790 3274.9
1240800 3274.9
1240810 3273.6
1240820 3276.0
1240830 3276.0
1240840 3265.9
1240850 3269.5
1240860 3269.5
1240870 3270.8
1240880 3273.9
1240890 3273.9
1240900 3277.5
1240910 3278.2
1240920 3278.7
1240930 3278.7
1240940 3288.0
1240950 3295.7
1240960 3295.7
1240970 3297.4
1240980 3296.0
1240990 3296.0
1241000 3296.2
1241010 3299.9
1241020 3299.9
1241030 3304.6
1241040 3306.0
1241050 3306.0
1241060 3306.0
1241070 3309.4
1241080 3309.4
1241090 3315.6
1241100 3320.8
1241110 3320.8
1241120 3320.5
1241130 3315.5
1241140 3311.0
1241150 3311.0
1241160 3313.4
1241170 3314.1
1241180 3314.1
1241190 3313.2
1241200 3313.4
1241210 3313.4
1241220 3312.0
1241230 3308.0
1241240 3308.0
1241250 3300.5
1241260 3289.0
1241270 3289.0
1241280 3275.7
1241290 3269.1
1241300 3269.1
1241310 3264.0
1241320 3257.7
1241330 3237.8
1241340 3237.8
1241350 3218.3
1241360 3199.4
1241370 3199.4
1241380 3193.0
1241390 3197.9
1241400 3197.9
1241410 3203.6
1241420 3209.8
1241430 3209.8
1241440 3215.7
1241450 3223.3
1241460 3223.3
1241470 3232.5
1241480 3233.2
1241490 3233.2
1241500 3225.4
1241510 3211.1
1241520 3211.1
1241530 3222.6
1241540 3233.9
1241550 3234.9
1241560 3234.9
1241570 3235.8
1241580 3242.8
1241590 3242.8
1241600 3246.5
1241610 3248.8
1241620 3248.8
1241630 3254.6
1241640 3254.6
1241650 3254.6
1241660 3241.4
1241670 3230.4
1241680 3230.4
1241690 3225.1
1241700 3223.4
1241710 3223.4
1241720 3222.9
1241730 3225.6
1241740 3228.0
1241750 3228.0
1241760 3213.1
1241770 3190.1
1241780 3190.1
1241790 3167.6
1241800 3157.2
1241810 3157.2
1241820 3153.5
1241830 3147.3
1241840 3147.3
1241850 3142.7
1241860 3139.2
1241870 3139.2
1241880 3130.7
1241890 3127.0
1241900 3127.0
1241910 3118.1
1241920 3110.2
1241930 3106.3
1241940 3106.3
1241950 3103.1
1241960 3101.3
1241970 3101.3
1241980 3099.6
1241990 3097.7
1242000 3097.7
1242010 3096.4
1242020 3095.2
1242030 3095.2
1242040 3094.3
1242050 3094.0
1242060 3094.0
1242070 3094.6
1242080 3095.7
1242090 3095.7
1242100 3097.1
1242110 3098.6
1242120 3098.6
1242130 3100.7
1242140 3102.8
1242150 3104.9
1242160 3104.9
1242170 3107.3
1242180 3109.5
1242190 3109.5
1242200 3111.6
1242210 3113.7
1242220 3113.7
1242230 3116.2
1242240 3118.5
1242250 3118.5
1242260 3120.8
1242270 3123.2
1242280 3123.2
1242290 3125.6
1242300 3128.3
1242310 3128.3
1242320 3130.9
1242330 3133.6
1242340 3136.4
1242350 3136.4
1242360 3139.3
1242370 3142.1
1242380 3142.1
1242390 3144.9
1242400 3146.3
1242410 3146.3
1242420 3149.3
1242430 3152.3
1242440 3152.3
1242450 3155.1
1242460 3158.2
1242470 3158.2
1242480 3161.3
1242490 3164.2
1242500 3164.2
1242510 3167.2
1242520 3170.2
1242530 3173.1
1242540 3173.1
1242550 3176.1
1242560 3179.0
1242570 3179.0
1242580 3182.0
1242590 3185.0
1242600 3185.0
1242610 3187.9
1242620 3190.7
1242630 3190.7
1242640 3193.2
1242650 3195.1
1242660 3195.1
1242670 3196.8
1242680 3203.4
1242690 3203.4
1242700 3213.3
1242710 3226.0
1242720 3226.0
1242730 3237.6
1242740 3248.0
1242750 3257.8
1242760 3257.8
1242770 3267.5
1242780 3277.4
1242790 3277.4
1242800 3289.3
1242810 3300.8
1242820 3300.8
1242830 3309.8
1242840 3304.2
1242850 3304.2
1242860 3291.3
1242870 3279.3
1242880 3279.3
1242890 3263.6
1242900 3256.1
1242910 3256.1
1242920 3235.5
1242930 3225.1
1242940 3217.3
1242950 3217.3
1242960 3210.6
1242970 3204.3
1242980 3204.3
1242990 3199.9
1243000 3195.6
1243010 3195.6
1243020 3191.4
1243030 3187.6
1243040 3187.6
1243050 3184.1
1243060 3181.0
1243070 3181.0
1243080 3178.2
1243090 3175.5
1243100 3175.5
1243110 3173.0
1243120 3170.8
1243130 3170.8
1243140 3168.7
1243150 3166.8
1243160 3165.0
1243170 3165.0
1243180 3163.5
1243190 3162.1
1243200 3162.1
1243210 3160.8
1243220 3159.7
1243230 3159.7
1243240 3158.7
1243250 3157.7
1243260 3157.7
1243270 3156.8
1243280 3156.0
1243290 3156.0
1243300 3155.3
1243310 3154.6
1243320 3154.6
1243330 3154.0
1243340 3153.3
1243350 3152.7
1243360 3152.7
1243370 3152.1
1243380 3151.4
1243390 3151.4
1243400 3150.8
1243410 3150.3
1243420 3150.3
1243430 3149.7
1243440 3149.2
1243450 3149.3
1243460 3148.7
1243470 3148.2
1243480 3148.2
1243490 3147.8
1243500 3147.3
1243510 3147.3
1243520 3146.8
1243530 3146.5
1243540 3146.1
1243550 3146.1
1243560 3145.8
1243570 3145.6
1243580 3145.6
1243590 3145.4
1243600 3145.3
1243610 3145.3
1243620 3145.3
1243630 3145.3
1243640 3145.3
1243650 3145.4
1243660 3145.3
1243670 3145.3
1243680 3145.4
1243690 3145.7
1243700 3145.7
1243710 3146.1
1243720 3146.5
1243730 3146.5
1243740 3146.9
1243750 3147.3
1243760 3147.8
1243770 3147.8
1243780 3148.3
1243790 3149.0
1243800 3149.0
1243810 3149.7
1243820 3150.4
1243830 3150.4
1243840 3151.2
1243850 3152.0
1243860 3152.0
1243870 3152.8
1243880 3153.5
1243890 3153.5
1243900 3154.1
1243910 3154.8
1243920 3154.8
1243930 3155.7
1243940 3156.4
1243950 3157.2
1243960 3157.2
1243970 3155.7
1243980 3156.4
1243990 3156.4
1244000 3157.1
1244010 3157.6
1244020 3157.6
1244030 3157.9
1244040 3157.8
1244050 3157.8
1244060 3157.5
1244070 3156.5
1244080 3156.5
1244090 3154.6
1244100 3152.0
1244110 3152.0
1244120 3148.9
1244130 3145.5
1244140 3142.0
1244150 3142.0
1244160 3138.3
1244170 3134.6
1244180 3134.6
1244190 3130.2
1244200 3127.1
1244210 3127.1
1244220 3121.7
1244230 3119.3
1244240 3119.3
1244250 3115.1
1244260 3110.1
1244270 3110.1
1244280 3105.1
1244290 3100.3
1244300 3100.3
1244310 3095.9
1244320 3091.5
1244330 3091.5
1244340 3087.3
1244350 3083.4
1244360 3079.6
1244370 3079.6
1244380 3076.1
1244390 3072.8
1244400 3072.8
1244410 3069.9
1244420 3067.2
1244430 3067.2
1244440 3064.9
1244450 3062.9
1244460 3062.9
1244470 3061.2
1244480 3059.8
1244490 3059.8
1244500 3058.7
1244510 3057.7
1244520 3057.7
1244530 3057.0
1244540 3056.4
1244550 3056.1
1244560 3056.1
1244570 3055.9
1244580 3055.7
1244590 3055.7
1244600 3055.6
1244610 3055.5
1244620 3055.5
1244630 3055.6
1244640 3055.8
1244650 3055.8
1244660 3056.3
1244670 3056.7
1244680 3056.7
1244690 3057.1
1244700 3057.7
1244710 3057.7
1244720 3058.2
1244730 3058.9
1244740 3059.7
1244750 3059.7
1244760 3060.4
1244770 3061.0
1244780 3061.0
1244790 3061.5
1244800 3062.0
1244810 3062.0
1244820 3062.5
1244830 3063.0
1244840 3063.0
1244850 3063.5
1244860 3063.9
1244870 3063.9
1244880 3064.3
1244890 3064.6
1244900 3064.6
1244910 3064.9
1244920 3065.1
1244930 3065.1
1244940 3065.3
1244950 3065.5
1244960 3065.9
1244970 3065.9
1244980 3066.7
1244990 3067.7
1245000 3067.7
1245010 3068.8
1245020 3070.4
1245030 3068.0
1245040 3069.6
1245050 3071.4
1245060 3071.4
1245070 3073.3
1245080 3075.2
1245090 3075.2
1245100 3077.1
1245110 3079.0
1245120 3079.0
1245130 3080.8
1246760 2861.8
1246770 2861.8
1246780 2860.8
1246790 2862.1
1246800 2862.1
1246810 2864.4
1246820 2864.1
1246830 2864.1
1246840 2861.1
1246850 2857.1
1246860 2857.1
1246870 2853.0
1246880 2850.5
1246890 2850.5
1246900 2851.5
1246910 2853.8
1246920 2853.8
1246930 2854.8
1246940 2854.9
1246950 2854.9
1246960 2854.0
1246970 2852.7
1246980 2850.7
1246990 2850.7
1247000 2851.3
1247010 2856.1
1247020 2856.1
1247030 2866.4
1247040 2874.1
1247050 2874.1
1247060 2880.6
1247070 2883.7
1247080 2883.7
1247090 2884.6
1247100 2885.6
1247110 2885.6
1247120 2888.1
1247130 2892.7
1247140 2892.7
1247150 2888.3
1247160 2893.5
1247170 2898.7
1247180 2898.7
1247190 2901.4
1247200 2901.5
1247210 2901.5
1247220 2899.1
1247230 2899.2
1247240 2899.2
1247250 2901.6
1247260 2903.1
1247270 2903.1
1247280 2905.5
1247290 2908.5
1247300 2908.5
1247310 2911.1
1247320 2913.7
1247330 2913.7
1247340 2918.4
1247350 2923.6
1247360 2928.5
1247370 2928.5
1247380 2935.5
1247390 2943.0
1247400 2943.0
1247410 2952.2
1247420 2963.0
1247430 2963.0
1247440 2974.0
1247450 2987.1
1247460 2987.1
1247470 3003.9
1247480 3017.6
1247490 3017.6
1247500 3031.8
1247510 3047.7
1247520 3047.7
1247530 3062.0
1247540 3069.7
1247550 3069.7
1247560 3078.1
1247570 3082.8
1247580 3077.9
1247590 3077.9
1247600 3070.8
1247610 3063.5
1247620 3063.5
1247630 3056.2
1247640 3049.2
1247650 3049.2
1247660 3042.0
1247670 3032.6
1247680 3027.2
1247690 3015.2
1247700 3006.2
1247710 3006.2
1247720 2998.8
1247730 2992.5
1247740 2992.5
1247750 2986.6
1247760 2980.6
1247770 2974.2
1247780 2974.2
1247790 2971.3
1247800 2970.4
1247810 2970.4
1247820 2968.0
1247830 2963.3
1247840 2963.3
1247850 2957.2
1247860 2951.0
1247870 2951.0
1247880 2946.1
1247890 2939.9
1247900 2939.9
1247910 2934.9
1247920 2928.9
1247930 2928.9
1247940 2921.4
1247950 2922.3
1247960 2925.9
1247970 2925.9
1247980 2922.8
1247990 2919.5
1248000 2919.5
1248010 2919.8
1248020 2919.3
1248030 2919.3
1248040 2918.1
1248050 2914.1
1248060 2914.1
1248070 2909.4
1248080 2903.7
1248090 2903.7
1248100 2898.0
1248110 2891.8
1248120 2891.8
1248130 2885.3
1248140 2879.4
1248150 2879.4
1248160 2872.0
1248170 2865.2
1248180 2862.0
1248190 2862.0
1248200 2861.5
1248210 2862.2
1248220 2858.8
1248230 2859.9
1248240 2860.7
1248250 2860.7
1248260 2863.6
1248270 2866.9
1248280 2866.9
1248290 2872.3
1248300 2879.0
1248310 2879.0
1248320 2884.9
1248330 2887.1
1248340 2887.1
1248350 2885.3
1248360 2878.8
1248370 2873.3
1248380 2873.3
1248390 2870.3
1248400 2868.4
1248410 2868.4
1248420 2867.1
1248430 2867.0
1248440 2867.0
1248450 2867.2
1248460 2867.7
1248470 2867.7
1248480 2868.1
1248490 2868.5
1248500 2868.5
1248510 2869.4
1248520 2871.1
1248530 2871.1
1248540 2873.1
1248550 2876.5
1248560 2876.5
1248570 2880.7
1248580 2883.2
1248590 2885.2
1248600 2885.2
1248610 2887.7
1248620 2888.8
1248630 2888.8
1248640 2889.9
1248650 2889.9
1248660 2889.9
1248670 2889.8
1248680 2888.5
1248690 2888.5
1248700 2884.5
1248710 2879.1
1248720 2879.1
1248730 2873.8
1248740 2868.7
