1240000 3070.0
1240010 3073.4
1240020 3076.8
1240030 3076.8
1240040 3080.3
1240050 3084.0
1240060 3084.0
1240070 3087.6
1240080 3091.3
1240090 3091.3
1240100 3095.1
1240110 3098.9
1240120 3102.9
1240130 3102.9
1240140 3107.1
1240150 3111.5
1240160 3111.5
1240170 3116.1
1240180 3121.6
1240190 3121.6
1240200 3128.2
1240210 3134.4
1240220 3134.4
1240230 3141.7
1240240 3154.3
1240250 3154.3
1240260 3162.8
1240270 3166.5
1240280 3166.5
1240290 3172.4
1240300 3174.6
1240310 3174.6
1240320 3177.6
1240330 3182.5
1240340 3188.1
1240350 3188.1
1240360 3194.5
1240370 3201.3
1240380 3201.3
1240390 3208.5
1240400 3218.6
1240410 3218.6
1240420 3226.6
1240430 3234.8
1240440 3234.8
1240450 3243.2
1240460 3251.9
1240470 3251.9
1240480 3260.5
1240490 3269.1
1240500 3269.1
1240510 3277.4
1240520 3285.3
1240530 3293.1
1240540 3293.1
1240550 3300.2
1240560 3306.9
1240570 3306.9
1240580 3313.1
1240590 3319.1
1240600 3319.1
1240610 3324.5
1240620 3329.6
1240630 3329.6
1240640 3334.4
1240650 3338.9
1240660 3338.9
1240670 3343.3
1240680 3347.4
1240690 3347.4
1240700 3351.7
1240710 3356.2
1240720 3356.2
1240730 3361.1
1240740 3367.1
1240750 3374.7
1240760 3374.7
1240770 3381.9
1240780 3389.0
1240790 3389.0
1240800 3395.7
1240810 3402.1
1240820 3402.1
1240830 3408.7
1240840 3414.8
1240850 3414.8
1240860 3419.3
1240870 3422.2
1240880 3422.2
1240890 3425.2
1240900 3428.6
1240910 3428.6
1240920 3439.2
1240930 3438.5
1240940 3436.9
1240950 3436.9
1240960 3437.6
1240970 3438.8
1240980 3438.8
1240990 3437.6
1241000 3433.9
1241010 3433.9
1241020 3428.9
1241030 3425.2
1241040 3425.2
1241050 3423.6
1241060 3420.3
1241070 3420.3
1241080 3419.5
1241090 3420.2
1241100 3420.2
1241110 3424.4
1241120 3433.2
1241130 3439.8
1241140 3439.8
1241150 3441.0
1241160 3441.9
1241170 3441.9
1241180 3441.8
1241190 3441.6
1241200 3441.6
1241210 3441.9
1241220 3443.8
1241230 3443.8
1241240 3446.9
1241250 3448.1
1241260 3448.1
1241270 3447.9
1241280 3447.4
1241290 3447.4
1241300 3447.6
1241310 3450.3
1241320 3450.3
1241330 3448.4
1241340 3439.0
1241350 3433.9
1241360 3433.9
1241370 3429.5
1241380 3426.2
1241390 3426.2
1241400 3427.7
1241410 3432.2
1241420 3432.2
1241430 3434.8
1241440 3431.8
1241450 3431.8
1241460 3438.2
1241470 3446.3
1241480 3446.3
1241490 3453.7
1241500 3461.8
1241510 3461.8
1241520 3471.7
1241530 3478.7
1241540 3483.4
1241550 3483.4
1241560 3489.5
1241570 3493.2
1241580 3493.2
1241590 3493.3
1241600 3494.5
1241610 3494.5
1241620 3498.0
1241630 3501.6
1241640 3501.6
1241650 3503.3
1241660 3497.1
1241670 3497.1
1241680 3487.2
1241690 3475.2
1241700 3475.2
1241710 3460.8
1241720 3443.5
1241730 3443.5
1241740 3431.0
1241750 3417.0
1241760 3402.1
1241770 3402.1
1241780 3385.4
1241790 3369.6
1241800 3369.6
1241810 3365.2
1241820 3373.2
1241830 3373.2
1241840 3378.5
1241850 3378.0
1241860 3378.0
1241870 3382.7
1241880 3384.8
1241890 3384.8
1241900 3371.9
1241910 3366.5
1241920 3366.5
1241930 3364.9
1241940 3362.7
1241950 3352.2
1241960 3335.7
1241970 3319.1
1241980 3323.6
1241990 3323.6
1242000 3301.2
1242010 3277.1
1242020 3277.1
1242030 3277.0
1242040 3285.9
1242050 3285.9
1242060 3283.6
1242070 3281.8
1242080 3281.8
1242090 3264.4
1242100 3246.9
1242110 3246.9
1242120 3241.7
1242130 3245.0
1242140 3246.5
1242150 3246.5
1242160 3233.8
1242170 3219.4
1242180 3219.4
1242190 3211.3
1242200 3208.1
1242210 3208.1
1242220 3206.9
1242230 3206.2
1242240 3206.2
1242250 3207.3
1242260 3207.3
1242270 3207.3
1242280 3206.8
1242290 3205.4
1242300 3205.4
1242310 3204.9
1242320 3203.7
1242330 3203.7
1242340 3201.6
1242350 3200.0
1242360 3198.2
1242370 3198.2
1242380 3196.7
1242390 3195.5
1242400 3195.5
1242410 3194.9
1242420 3195.8
1242430 3195.8
1242440 3197.9
1242450 3200.6
1242460 3200.6
1242470 3203.9
1242480 3203.6
1242490 3203.6
1242500 3206.7
1242510 3209.1
1242520 3209.1
1242530 3210.5
1242540 3212.3
1242550 3215.8
1242560 3215.8
1242570 3227.9
1242580 3237.0
1242590 3237.0
1242600 3242.7
1242610 3245.6
1242620 3245.6
1242630 3248.2
1242640 3252.7
1242650 3252.7
1242660 3257.1
1242670 3262.0
1242680 3262.0
1242690 3267.0
1242700 3272.2
1242710 3272.2
1242720 3277.0
1242730 3283.3
1242740 3291.6
1242750 3291.6
1242760 3299.6
1242770 3308.9
1242780 3308.9
1242790 3321.5
1242800 3336.5
1242810 3336.5
1242820 3350.4
1242830 3350.9
1242840 3350.9
1242850 3336.2
1242860 3324.8
1242870 3324.8
1242880 3316.1
1242890 3306.9
1242900 3306.9
1242910 3293.5
1242920 3283.5
1242930 3283.5
1242940 3277.0
1242950 3270.6
1242960 3266.1
1242970 3266.1
1242980 3262.9
1242990 3259.5
1243000 3259.5
1243010 3250.0
1243020 3245.2
1243030 3245.2
1243040 3240.4
1243050 3235.4
1243060 3235.4
1243070 3231.3
1243080 3227.3
1243090 3227.3
1243100 3222.2
1243110 3217.9
1243120 3217.9
1243130 3214.5
1243140 3212.8
1243150 3212.1
1243160 3212.1
1243170 3210.8
1243180 3210.6
1243190 3210.6
1243200 3209.5
1243210 3209.1
1243220 3209.1
1243230 3209.9
1243240 3211.8
1243250 3211.8
1243260 3215.2
1243270 3219.0
1243280 3219.0
1243290 3221.8
1243300 3223.7
1243310 3223.7
1243320 3225.6
1243330 3227.7
1243340 3227.7
1243350 3230.7
1243360 3232.5
1243370 3233.7
1243380 3233.7
1243390 3234.6
1243400 3236.3
1243410 3236.3
1243420 3235.7
1243430 3233.9
1243440 3233.9
1243450 3230.2
1243460 3225.9
1243470 3225.9
1243480 3222.8
1243490 3220.0
1243500 3220.0
1243510 3217.8
1243520 3215.9
1243530 3209.5
1243540 3206.2
1243550 3204.6
1243560 3206.7
1243570 3206.7
1243580 3204.9
1243590 3202.0
1243600 3202.0
1243610 3200.6
1243620 3200.0
1243630 3200.0
1243640 3199.6
1243650 3197.4
1243660 3197.4
1243670 3194.3
1243680 3190.3
1243690 3190.3
1243700 3185.3
1243710 3183.0
1243720 3183.0
1243730 3181.4
1243740 3174.7
1243750 3165.5
1243760 3165.5
1243770 3156.2
1243780 3153.9
1243790 3153.9
1243800 3147.5
1243810 3146.9
1243820 3146.9
1243830 3144.2
1243840 3140.1
1243850 3140.1
1243860 3137.2
1243870 3134.0
1243880 3134.0
1243890 3127.3
1243900 3122.6
1243910 3122.6
1243920 3112.8
1243930 3103.4
1243940 3103.4
1243950 3101.3
1243960 3100.6
1243970 3099.7
1243980 3099.7
1243990 3096.3
1244000 3100.1
1244010 3100.1
1244020 3104.9
1244030 3104.1
1244040 3104.1
1244050 3103.4
1244060 3112.4
1244070 3112.4
1244080 3108.4
1244090 3114.9
1244100 3114.9
1244110 3118.1
1244120 3120.7
1244130 3120.7
1244140 3128.2
1244150 3127.8
1244160 3128.2
1244170 3128.2
1244180 3132.1
1244190 3138.6
1244200 3138.6
1244210 3145.5
1244220 3152.6
1244230 3152.6
1244240 3159.8
1244250 3166.7
1244260 3166.7
1244270 3174.5
1244280 3183.4
1244290 3183.4
1244300 3192.2
1244310 3197.2
1244320 3197.2
1244330 3203.7
1244340 3212.0
1244350 3212.0
1244360 3219.7
1244370 3218.7
1244380 3213.0
1244390 3213.0
1244400 3205.4
1244410 3197.9
1244420 3197.9
1244430 3191.8
1244440 3184.6
1244450 3184.6
1244460 3173.9
1244470 3165.0
1244480 3165.0
1244490 3154.8
1244500 3146.5
1244510 3146.5
1244520 3143.7
1244530 3143.5
1244540 3143.5
1244550 3142.7
1244560 3140.2
1244570 3138.9
1244580 3133.0
1244590 3132.1
1244600 3132.3
1244610 3132.3
1244620 3133.4
1244630 3134.6
1244640 3134.6
1244650 3135.7
1244660 3138.1
1244670 3138.1
1244680 3141.3
1244690 3143.4
1244700 3143.4
1244710 3148.3
1244720 3153.4
1244730 3153.4
1244740 3157.0
1244750 3160.0
1244760 3162.5
1244770 3162.5
1244780 3164.6
1244790 3166.3
1244800 3166.3
1244810 3167.5
1244820 3168.4
1244830 3168.4
1244840 3169.1
1244850 3169.7
1244860 3169.7
1244870 3170.2
1244880 3170.7
1244890 3170.7
1244900 3171.1
1244910 3171.6
1244920 3171.6
1244930 3172.0
1244940 3172.4
1244950 3172.4
1244960 3172.9
1244970 3173.4
1244980 3173.7
1244990 3173.7
1245000 3173.7
1245010 3173.4
1245020 3173.4
1245030 3173.1
1245040 3172.7
1245050 3172.7
1245060 3172.4
1245070 3172.1
1245080 3172.1
1245090 3172.0
1245100 3172.1
1245110 3170.7
1245120 3170.5
1245130 3170.3
1245140 3170.3
1245150 3169.9
1245160 3169.4
1245170 3169.3
1245180 3169.3
1245190 3169.4
1245200 3169.5
1245210 3169.5
1245220 3168.2
1245230 3167.8
1245240 3167.8
1245250 3169.4
1245260 3169.1
1245270 3169.1
1245280 3169.8
1245290 3168.8
1245300 3168.8
1245310 3170.1
1245320 3170.3
1245330 3170.3
1245340 3170.5
1245350 3171.2
1245360 3171.9
1245370 3171.9
1245380 3172.9
1245390 3173.8
1245400 3173.8
1245410 3175.1
1245420 3176.6
1245430 3176.6
1245440 3177.4
1245450 3178.3
1245460 3178.3
1245470 3179.6
1245480 3180.8
1245490 3180.8
1246590 2920.0
1246600 2920.0
1246610 2917.2
1246620 2915.9
1246630 2915.9
1246640 2916.1
1246650 2917.4
1246660 2917.4
1246670 2921.4
1246680 2923.9
1246690 2923.9
1246700 2924.8
1246710 2929.4
1246720 2929.4
1246730 2930.6
1246740 2928.5
1246750 2928.5
1246760 2924.3
1246770 2921.4
1246780 2921.1
1246790 2921.1
1246800 2922.3
1246810 2924.7
1246820 2924.7
1246830 2926.8
1246840 2927.3
1246850 2927.3
1246860 2926.3
1246870 2923.5
1246880 2923.5
1246890 2920.3
1246900 2917.6
1246910 2917.6
1246920 2916.1
1246930 2914.0
1246940 2914.0
1246950 2912.7
1246960 2911.3
1246970 2910.7
1246980 2910.7
1246990 2909.4
1247000 2907.8
1247010 2907.8
1247020 2907.9
1247030 2908.7
1247040 2908.7
1247050 2910.1
1247060 2912.0
1247070 2912.0
1247080 2914.9
1247090 2919.6
1247100 2919.6
1247110 2925.9
1247120 2930.8
1247130 2930.8
1247140 2934.1
1247150 2939.1
1247160 2939.1
1247170 2943.9
1247180 2948.4
1247190 2953.1
1247200 2953.1
1247210 2958.5
1247220 2964.5
1247230 2963.2
1247240 2969.7
1247250 2975.9
1247260 2975.9
1247270 2982.3
1247280 2989.4
1247290 2989.4
1247300 3000.0
1247310 3017.9
1247320 3017.9
1247330 3022.7
1247340 3016.2
1247350 3016.2
1247360 3010.9
1247370 3003.6
1247380 2996.1
1247390 2996.1
1247400 2990.1
1247410 2985.0
1247420 2985.0
1247430 2978.0
1247440 2972.5
1247450 2972.5
1247460 2968.8
1247470 2966.2
1247480 2966.2
1247490 2963.7
1247500 2963.1
1247510 2963.1
1247520 2961.4
1247530 2960.0
1247540 2960.0
1247550 2960.0
1247560 2959.7
1247570 2959.7
1247580 2960.0
1247590 2961.9
1247600 2963.8
1247610 2963.8
1247620 2967.0
1247630 2970.0
1247640 2970.0
1247650 2972.9
1247660 2976.9
1247670 2976.9
1247680 2979.4
1247690 2977.6
1247700 2977.6
1247710 2975.9
1247720 2973.2
1247730 2973.2
1247740 2972.1
1247750 2971.4
1247760 2971.4
1247770 2982.0
1247780 2981.9
1247790 2984.8
1247800 2984.8
1247810 2989.5
1247820 2992.1
1247830 2992.1
1247840 2993.6
1247850 2996.0
1247860 2996.0
1247870 2999.3
1247880 3003.1
1247890 3003.1
1247900 3005.4
1247910 3008.2
1247920 3008.2
1247930 3012.3
1247940 3011.4
1247950 3011.4
1247960 3008.6
1247970 3005.4
1247980 2998.4
1247990 2998.4
1248000 2990.1
1248010 2983.2
1248020 2983.2
1248030 2980.2
1248040 2977.3
1248050 2977.3
1248060 2973.3
1248070 2971.5
1248080 2971.5
1248090 2973.7
1248100 2976.3
1248110 2976.3
1248120 2976.7
1248130 2972.8
1248140 2972.8
1248150 2965.3
1248160 2955.5
1248170 2955.5
1248180 2946.2
1248190 2936.8
1248200 2929.8
1248210 2929.8
1248220 2923.5
1248230 2916.6
1248240 2916.6
1248250 2911.6
1248260 2908.8
1248270 2908.8
1248280 2906.3
1248290 2903.8
1248300 2900.7
1248310 2898.2
1248320 2896.1
1248330 2896.1
1248340 2894.1
1248350 2892.3
1248360 2892.3
1248370 2890.7
1248380 2889.1
1248390 2887.6
1248400 2887.6
1248410 2886.1
1248420 2884.7
1248430 2884.7
1248440 2883.4
1248450 2882.0
1248460 2882.0
1248470 2880.8
1248480 2879.5
1248490 2879.5
1248500 2878.2
1248510 2876.9
1248520 2876.9
1248530 2875.6
1248540 2874.3
1248550 2874.3
1248560 2873.0
1248570 2871.6
1248580 2871.6
1248590 2870.1
1248600 2868.6
1248610 2867.1
1248620 2867.1
1248630 2865.7
1248640 2864.2
1248650 2864.2
1248660 2862.7
1248670 2861.1
1248680 2861.1
1248690 2859.4
1248700 2857.6
1248710 2857.6
1248720 2855.9
1248730 2854.3
1248740 2854.3
1248750 2852.6
1248760 2851.0
1248770 2851.0
1248780 2849.3
1248790 2847.6
1248800 2845.8
1248810 2845.8
1248820 2844.0
1248830 2842.1
1248840 2842.5
1248850 2840.7
1248860 2838.7
1248870 2838.7
1248880 2836.7
1248890 2834.7
1248900 2834.7
1248910 2832.6
1248920 2830.1
1248930 2830.1
1248940 2827.0
1248950 2824.6
1248960 2824.6
1248970 2822.8
1248980 2820.7
1248990 2820.4
1249000 2820.4
1249010 2817.2
1249020 2811.3
1249030 2811.3
1249040 2802.9
1249050 2795.5
1249060 2795.5
1249070 2790.2
1249080 2783.2
1249090 2783.2
1249100 2773.8
1249110 2760.8
1249120 2760.8
1249130 2749.0
1249140 2738.0
1249150 2738.0
1249160 2728.0
1249170 2722.0
1249180 2722.0
1249190 2719.9
1249200 2719.3
1249210 2719.2
1249220 2719.2
1249230 2718.4
