1240000 3122.4
1240010 3122.4
1240020 3124.6
1240030 3126.9
1240040 3126.9
1240050 3129.1
1240060 3131.3
1240070 3131.3
1240080 3133.5
1240090 3135.7
1240100 3138.0
1240110 3138.0
1240120 3140.3
1240130 3142.5
1240140 3142.5
1240150 3144.8
1240160 3147.2
1240170 3147.2
1240180 3149.5
1240190 3151.8
1240200 3151.8
1240210 3153.9
1240220 3156.0
1240230 3156.0
1240240 3158.9
1240250 3161.4
1240260 3161.4
1240270 3163.8
1240280 3166.4
1240290 3169.1
1240300 3169.1
1240310 3171.7
1240320 3174.4
1240330 3174.4
1240340 3177.2
1240350 3180.0
1240360 3180.0
1240370 3183.1
1240380 3186.5
1240390 3186.5
1240400 3189.8
1240410 3193.3
1240420 3192.3
1240430 3196.1
1240440 3199.9
1240450 3199.9
1240460 3204.1
1240470 3208.9
1240480 3208.9
1240490 3214.0
1240500 3219.6
1240510 3226.1
1240520 3226.1
1240530 3233.7
1240540 3242.4
1240550 3242.4
1240560 3252.6
1240570 3271.5
1240580 3271.5
1240590 3290.8
1240600 3296.7
1240610 3296.7
1240620 3299.2
1240630 3301.1
1240640 3301.1
1240650 3302.6
1240660 3303.6
1240670 3303.6
1240680 3304.4
1240690 3305.1
1240700 3305.6
1240710 3305.6
1240720 3306.1
1240730 3306.5
1240740 3306.5
1240750 3306.8
1240760 3306.8
1240770 3306.8
1240780 3306.5
1240790 3306.0
1240800 3306.0
1240810 3305.2
1240820 3304.1
1240830 3304.1
1240840 3302.8
1240850 3301.3
1240860 3301.3
1240870 3299.4
1240880 3297.1
1240890 3297.1
1240900 3294.6
1240910 3292.4
1240920 3290.7
1240930 3290.7
1240940 3291.5
1240950 3290.1
1240960 3290.1
1240970 3288.8
1240980 3287.6
1240990 3287.6
1241000 3286.4
1241010 3285.1
1241020 3285.1
1241030 3283.8
1241040 3282.6
1241050 3282.6
1241060 3281.4
1241070 3280.3
1241080 3280.3
1241090 3279.2
1241100 3278.2
1241110 3277.2
1241120 3277.2
1241130 3276.3
1241140 3275.4
1241150 3275.4
1241160 3274.5
1241170 3273.6
1241180 3273.6
1241190 3272.7
1241200 3271.9
1241210 3271.9
1241220 3271.2
1241230 3270.5
1241240 3270.5
1241250 3269.8
1241260 3269.1
1241270 3269.1
1241280 3268.6
1241290 3268.1
1241300 3268.1
1241310 3267.6
1241320 3267.2
1241330 3266.7
1241340 3266.7
1241350 3266.4
1241360 3266.1
1241370 3266.1
1241380 3265.9
1241390 3265.8
1241400 3265.8
1241410 3265.8
1241420 3265.8
1241430 3265.8
1241440 3265.8
1241450 3266.0
1241460 3266.6
1241470 3266.7
1241480 3267.0
1241490 3267.0
1241500 3267.3
1241510 3267.6
1241520 3267.9
1241530 3267.9
1241540 3268.3
1241550 3268.7
1241560 3268.7
1241570 3269.1
1241580 3269.5
1241590 3269.5
1241600 3269.9
1241610 3270.2
1241620 3270.2
1241630 3270.6
1241640 3270.9
1241650 3270.9
1241660 3271.2
1241670 3271.4
1241680 3271.4
1241690 3271.6
1241700 3271.7
1241710 3271.9
1241720 3271.9
1241730 3271.9
1241740 3271.8
1241750 3271.8
1241760 3271.5
1241770 3270.4
1241780 3270.4
1241790 3267.3
1241800 3262.1
1241810 3262.1
1241820 3260.8
1241830 3259.7
1241840 3259.7
1241850 3259.3
1241860 3261.7
1241870 3261.7
1241880 3263.8
1241890 3264.7
1241900 3264.7
1241910 3264.6
1241920 3264.3
1241930 3263.6
1241940 3263.6
1241950 3262.7
1241960 3261.5
1241970 3261.5
1241980 3262.6
1241990 3261.4
1242000 3261.4
1242010 3260.3
1242020 3259.1
1242030 3259.1
1242040 3257.9
1242050 3256.7
1242060 3256.7
1242070 3255.6
1242080 3254.7
1242090 3254.7
1242100 3254.0
1242110 3253.4
1242120 3253.1
1242130 3253.1
1242140 3252.9
1242150 3252.6
1242160 3252.6
1242170 3252.3
1242180 3251.6
1242190 3251.6
1242200 3251.1
1242210 3251.0
1242220 3251.0
1242230 3251.4
1242240 3251.8
1242250 3251.8
1242260 3252.2
1242270 3252.6
1242280 3252.6
1242290 3252.9
1242300 3253.2
1242310 3253.2
1242320 3253.6
1242330 3254.3
1242340 3255.3
1242350 3255.3
1242360 3256.6
1242370 3258.2
1242380 3258.2
1242390 3260.0
1242400 3261.9
1242410 3261.9
1242420 3263.7
1242430 3265.4
1242440 3265.4
1242450 3267.0
1242460 3268.6
1242470 3268.6
1242480 3270.0
1242490 3271.5
1242500 3274.7
1242510 3276.2
1242520 3277.7
1242530 3279.3
1242540 3279.3
1242550 3280.8
1242560 3282.2
1242570 3282.2
1242580 3283.3
1242590 3284.5
1242600 3284.5
1242610 3292.1
1242620 3298.0
1242630 3298.0
1242640 3304.0
1242650 3309.4
1242660 3309.4
1242670 3314.0
1242680 3318.0
1242690 3318.0
1242700 3321.4
1242710 3324.2
1242720 3326.0
1242730 3326.0
1242740 3326.6
1242750 3325.9
1242760 3325.9
1242770 3323.2
1242780 3316.9
1242790 3316.9
1242800 3302.7
1242810 3285.8
1242820 3285.8
1242830 3270.6
1242840 3253.8
1242850 3253.8
1242860 3242.7
1242870 3233.5
1242880 3233.5
1242890 3224.3
1242900 3219.3
1242910 3219.3
1242920 3216.6
1242930 3212.5
1242940 3202.3
1242950 3202.3
1242960 3178.8
1242970 3152.6
1242980 3152.6
1242990 3132.2
1243000 3119.6
1243010 3119.6
1243020 3104.7
1243030 3087.2
1243040 3087.2
1243050 3074.8
1243060 3064.2
1243070 3064.2
1243080 3054.6
1243090 3046.6
1243100 3046.6
1243110 3038.5
1243120 3031.1
1243130 3015.5
1243140 3015.5
1243150 3001.1
1243160 2996.2
1243170 2996.2
1243180 2991.0
1243190 2986.1
1243200 2986.1
1243210 2981.8
1243220 2978.0
1243230 2978.0
1243240 2975.0
1243250 2972.4
1243260 2972.4
1243270 2970.6
1243280 2969.5
1243290 2969.5
1243300 2968.9
1243310 2969.0
1243320 2969.0
1243330 2969.3
1243340 2969.6
1243350 2969.9
1243360 2969.9
1243370 2970.1
1243380 2969.6
1243390 2969.6
1243400 2969.8
1243410 2970.3
1243420 2970.3
1243430 2970.5
1243440 2970.5
1243450 2970.5
1243460 2970.2
1243470 2969.5
1243480 2969.5
1243490 2969.0
1243500 2968.4
1243510 2968.4
1243520 2968.2
1243530 2968.1
1243540 2968.0
1243550 2969.2
1243560 2969.1
1243570 2969.0
1243580 2969.0
1243590 2968.8
1243600 2968.7
1243610 2968.7
1243620 2968.5
1243630 2968.3
1243640 2968.3
1243650 2968.2
1243660 2968.3
1243670 2968.3
1243680 2968.6
1243690 2968.9
1243700 2968.9
1243710 2969.5
1243720 2970.2
1243730 2971.2
1243740 2971.2
1243750 2972.5
1243760 2973.9
1243770 2973.9
1243780 2975.7
1243790 2977.7
1243800 2977.7
1243810 2980.0
1243820 2982.9
1243830 2982.9
1243840 2986.4
1243850 2990.7
1243860 2990.7
1243870 2996.1
1243880 3002.7
1243890 3002.7
1243900 3009.1
1243910 3014.7
1243920 3014.7
1243930 3019.9
1243940 3023.0
1243950 3028.9
1243960 3028.9
1243970 3032.3
1243980 3034.4
1243990 3034.4
1244000 3036.3
1244010 3038.0
1244020 3038.0
1244030 3039.6
1244040 3041.1
1244050 3041.1
1244060 3042.4
1244070 3043.8
1244080 3043.8
1244090 3044.7
1244100 3045.7
1244110 3045.7
1244120 3046.6
1244130 3047.5
1244140 3048.5
1244150 3048.5
1244160 3049.6
1244170 3050.7
1244180 3050.7
1244190 3052.1
1244200 3053.7
1244210 3053.7
1244220 3055.3
1244230 3057.0
1244240 3057.0
1244250 3058.9
1244260 3060.9
1244270 3060.9
1244280 3062.9
1244290 3064.9
1244300 3064.9
1244310 3067.0
1244320 3069.1
1244330 3069.1
1244340 3071.3
1244350 3073.6
1244360 3075.5
1244370 3075.5
1244380 3077.7
1244390 3079.5
1244400 3079.5
1244410 3081.1
1244420 3082.9
1244430 3082.9
1244440 3084.0
1244450 3085.5
1244460 3085.5
1244470 3087.1
1244480 3088.4
1244490 3088.4
1244500 3089.5
1244510 3090.5
1244520 3090.5
1244530 3091.5
1244540 3092.4
1244550 3093.3
1244560 3093.3
1244570 3094.2
1244580 3095.1
1244590 3095.1
1244600 3096.6
1244610 3097.6
1244620 3097.6
1244630 3098.6
1244640 3099.7
1244650 3099.7
1244660 3101.0
1244670 3102.3
1244680 3102.3
1244690 3103.7
1244700 3105.2
1244710 3105.2
1244720 3106.9
1244730 3108.7
1244740 3110.7
1244750 3110.7
1244760 3112.8
1244770 3115.1
1244780 3115.1
1244790 3117.6
1244800 3120.1
1244810 3120.1
1244820 3122.7
1244830 3125.6
1244840 3125.6
1244850 3128.5
1244860 3131.4
1244870 3131.4
1244880 3134.3
1244890 3137.4
1244900 3137.4
1244910 3140.3
1244920 3143.3
1244930 3143.3
1244940 3146.3
1244950 3149.4
1244960 3152.4
1244970 3152.4
1244980 3155.3
1244990 3158.2
1245000 3158.2
1245010 3161.0
1245020 3163.8
1245030 3163.8
1245040 3166.9
1245050 3170.1
1245060 3170.1
1245070 3173.6
1245080 3177.4
1245090 3177.4
1245100 3182.0
1245110 3189.5
1245120 3189.5
1245130 3205.6
1245140 3220.9
1245150 3233.2
1245160 3233.2
1245170 3243.6
1245180 3253.8
1245190 3253.8
1245200 3266.5
1245210 3276.7
1245220 3276.7
1245230 3278.0
1245240 3276.1
1245250 3276.1
1245260 3274.1
1245270 3271.9
1245280 3271.9
1245290 3269.9
1245300 3268.0
1245310 3268.0
1245320 3266.5
1245330 3265.1
1245340 3265.1
1245350 3264.0
1245360 3263.1
1245370 3262.6
1245380 3262.6
1245390 3262.3
1245400 3262.3
1245410 3262.3
1245420 3262.7
1245430 3263.4
1245440 3263.4
1245450 3264.2
1245460 3265.4
1245470 3265.4
1245480 3266.8
1245490 3268.5
1245500 3268.5
1245510 3270.6
1245520 3273.2
1245530 3273.2
1245540 3275.9
1245550 3278.8
1245560 3282.1
1245570 3282.1
1245580 3285.5
1245590 3288.8
1245600 3288.8
1245610 3292.1
1245620 3295.3
1245630 3295.3
1245640 3298.4
1245650 3301.3
1245660 3298.4
1245670 3301.3
1245680 3304.5
1245690 3304.5
1245700 3307.6
1245710 3310.5
1245720 3310.5
1245730 3313.6
1245740 3316.6
1245750 3319.6
1245760 3319.6
1245770 3322.8
1245780 3326.0
1245790 3326.0
1245800 3329.2
1245810 3332.3
1245820 3332.3
1245830 3335.4
1245840 3338.4
1245850 3338.4
1245860 3341.6
1245870 3346.5
1245880 3346.5
1245890 3357.9
1245900 3370.1
1245910 3370.1
1245920 3380.4
1245930 3390.0
1245940 3390.0
1245950 3389.2
1245960 3384.7
1245970 3380.7
1245980 3380.7
1245990 3378.7
1246000 3376.1
1246010 3376.1
1246020 3373.3
1246030 3371.0
1246040 3371.0
1246050 3369.0
1246060 3368.0
1246070 3368.0
1246080 3367.1
1246090 3366.8
1246100 3366.8
1246110 3363.3
1246120 3354.4
1246130 3354.4
1246140 3340.3
1246150 3328.8
1246160 3319.1
1246170 3319.1
1246180 3305.9
1246190 3291.2
1246200 3291.2
1246210 3273.9
1246220 3260.0
1246230 3260.0
1246240 3247.0
1246250 3237.5
1246260 3237.5
1246270 3229.6
1246280 3221.8
1246290 3221.8
1246300 3212.4
1246310 3200.7
1246320 3200.7
1246330 3195.1
1246340 3191.5
1246350 3191.5
1246360 3189.3
1246370 3188.6
1246380 3188.6
1246390 3188.6
1246400 3189.6
1246410 3202.2
1246420 3202.2
1246430 3222.0
1246440 3229.3
1246450 3229.3
1246460 3229.1
1246470 3233.3
1246480 3233.3
1246490 3238.8
1246500 3236.3
1246510 3236.3
1246520 3231.8
1246530 3227.2
1246540 3227.2
1246550 3224.8
1246560 3226.0
1246570 3228.4
1246580 3228.4
1246590 3230.7
1246600 3229.2
1246610 3229.2
1246620 3226.9
1246630 3224.4
1246640 3224.4
1246650 3222.2
1246660 3219.1
1246670 3219.1
1246680 3215.8
1246690 3213.1
1246700 3213.1
1246710 3210.8
1246720 3209.4
1246730 3209.4
1246740 3208.4
1246750 3207.8
1246760 3206.3
1246770 3206.3
1246780 3203.7
1246790 3200.5
1246800 3200.5
1246810 3197.2
1246820 3194.3
1246830 3194.3
1246840 3191.6
1246850 3189.0
1246860 3189.0
1246870 3186.7
1246880 3184.4
1246890 3184.4
1246900 3182.1
1246910 3179.9
1246920 3179.9
1246930 3177.4
1246940 3174.5
1246950 3174.5
1246960 3171.7
1246970 3169.2
1246980 3167.1
1246990 3167.1
1247000 3165.2
1247010 3163.5
1247020 3163.5
1247030 3161.9
1247040 3160.4
1247050 3160.4
1247060 3158.9
1247070 3157.3
1247080 3157.3
1247090 3155.5
1247100 3153.5
1247110 3153.5
1247120 3151.4
1247130 3149.2
1247140 3149.2
1247150 3147.1
1247160 3145.6
1247170 3144.4
1247180 3144.4
1247190 3142.1
1247200 3140.4
1247210 3140.4
1247220 3138.6
1247230 3137.1
1247240 3137.1
1247250 3140.8
1247260 3139.6
1247270 3139.6
1247280 3137.1
1247290 3132.3
1247300 3132.3
1247310 3126.7
1247320 3122.5
1247330 3122.5
1247340 3116.8
1247350 3111.4
1247360 3111.4
1247370 3104.2
1247380 3095.1
1247390 3087.3
1247400 3087.3
1247410 3077.9
1247420 3068.3
1247430 3068.3
1247440 3058.1
1247450 3043.3
1247460 3043.3
1247470 3026.7
1247480 3010.1
1247490 3010.1
1247500 2996.4
1247510 2980.7
1247520 2980.7
1247530 2965.8
1247540 2952.6
1247550 2952.6
1247560 2939.8
1247570 2929.4
1247580 2921.6
1247590 2921.6
1247600 2911.9
1247610 2900.5
1247620 2900.5
1247630 2894.8
1247640 2890.8
1247650 2890.8
1247660 2887.5
1247670 2883.4
1247680 2883.4
1247690 2878.9
1247700 2874.3
1247710 2874.3
1247720 2869.8
1247730 2865.3
1247740 2865.3
1247750 2860.3
1247760 2855.2
1247770 2850.4
1247780 2850.4
1247790 2845.3
1247800 2839.9
1247810 2839.9
1247820 2833.3
1247830 2830.5
1247840 2830.5
1247850 2830.3
1247860 2830.3
1247870 2830.3
1247880 2830.3
1247890 2830.3
1247900 2830.3
1247910 2830.3
1247920 2830.4
1247930 2830.4
1247940 2831.3
1247950 2833.2
1247960 2833.2
1247970 2835.2
1247980 2836.1
1247990 2835.2
1248000 2835.2
1248010 2835.3
1248020 2837.3
1248030 2837.3
1248040 2837.9
1248050 2836.1
1248060 2836.1
1248070 2829.5
1248080 2818.4
1248090 2818.4
1248100 2812.2
1248110 2808.3
1248120 2808.3
1248130 2805.5
1248140 2803.0
1248150 2803.0
1248160 2799.4
1248170 2796.2
1248180 2790.6
1248190 2790.6
1248200 2786.0
1248210 2787.5
1248220 2787.5
1248230 2784.6
1248240 2782.7
1248250 2782.7
1248260 2781.6
1248270 2780.2
1248280 2780.2
1248290 2780.5
1248300 2781.5
1248310 2781.5
1248320 2788.4
1248330 2791.4
1248340 2791.4
1248350 2793.6
1248360 2794.5
1248370 2794.5
1248380 2795.4
1248390 2797.2
1248400 2801.2
1248410 2801.2
1248420 2805.3
1248430 2809.0
1248440 2809.0
1248450 2813.0
1248460 2817.0
1248470 2817.0
1248480 2820.6
1248490 2826.4
1248500 2826.4
1248510 2831.3
1248520 2834.1
1248530 2834.1
1248540 2836.1
1248550 2839.7
1248560 2839.7
1248570 2843.7
1248580 2848.3
1248590 2853.1
1248600 2853.1
1248610 2857.6
1248620 2861.3
1248630 2861.3
1248640 2865.8
1248650 2871.2
1248660 2871.2
1248670 2876.5
1248680 2881.3
1248690 2881.3
1248700 2886.4
1248710 2892.5
1248720 2892.5
1248730 2898.5
1248740 2905.2
1248750 2905.2
1248760 2911.9
1248770 2920.1
1248780 2920.1
1248790 2928.4
1248800 2934.4
1248810 2941.7
1248820 2941.7
1248830 2948.2
1248840 2949.8
1248850 2949.8
1248860 2958.4
1248870 2953.3
1248880 2953.3
1248890 2949.9
1248900 2946.1
1248910 2946.1
1248920 2946.2
1248930 2948.3
1248940 2948.3
1248950 2951.8
1248960 2952.7
1248970 2952.7
1248980 2948.4
1248990 2943.3
1249000 2939.7
1249010 2939.7
1249020 2938.8
1249030 2938.7
1249040 2938.7
1249050 2940.7
1249060 2944.0
1249070 2944.0
1249080 2943.5
1249090 2943.1
1249100 2943.1
1249110 2939.4
1249120 2934.4
1249130 2934.4
1249140 2927.3
1249150 2921.6
1249160 2921.6
1249170 2916.4
1249180 2911.0
1249190 2905.6
1249200 2905.6
1249210 2901.0
1249220 2897.6
1249230 2897.6
1249240 2894.1
1249250 2888.4
1249260 2888.4
1249270 2883.8
1249280 2879.6
1249290 2879.6
1249300 2877.2
1249310 2871.3
1249320 2871.3
1249330 2866.9
1249340 2861.6
1249350 2861.6
1249360 2853.9
1249370 2840.1
1249380 2840.1
1249390 2813.9
1249400 2804.5
1249410 2800.4
1249420 2800.4
1249430 2795.6
1249440 2790.2
1249450 2790.2
1249460 2784.9
1249470 2780.4
1249480 2780.4
1249490 2778.5
1249500 2777.6
1249510 2777.6
1249520 2777.5
1249530 2777.1
1249540 2777.1
1249550 2776.5
1249560 2776.3
1249570 2776.3
1249580 2774.4
1249590 2773.3
1249600 2772.1
1249610 2772.1
1249620 2770.9
1249630 2770.7
1249640 2770.7
1249650 2770.7
1249660 2771.6
1249670 2771.6
1249680 2772.1
1249690 2773.2
1249700 2773.2
1249710 2774.4
1249720 2775.7
1249730 2775.7
1249740 2777.1
1249750 2778.7
1249760 2778.7
1249770 2780.1
1249780 2781.7
1249790 2781.7
1249800 2783.5
1249810 2785.3
1249820 2786.7
1249830 2786.7
1249840 2788.3
1249850 2789.9
1249860 2789.9
1249870 2792.7
1249880 2795.4
1249890 2795.4
1249900 2797.0
1249910 2797.1
1249920 2797.1
1249930 2791.2
1249940 2791.9
1249950 2791.9
1249960 2793.2
1249970 2796.3
1249980 2796.3
1249990 2801.4
1250000 2804.3
1250010 2805.5
1250020 2805.5
1250030 2804.7
1250040 2805.9
1250050 2805.9
1250060 2812.5
1250070 2818.6
1250080 2818.6
1250090 2825.1
1250100 2834.2
1250110 2834.2
1250120 2842.6
1250130 2839.3
1250140 2839.3
1250150 2836.1
1250160 2839.4
1250170 2839.4
1250180 2841.7
1250190 2844.5
1250200 2849.2
1250210 2849.2
1250220 2854.6
1250230 2860.7
1250240 2860.7
1250250 2866.7
1250260 2869.0
1250270 2869.0
1250280 2869.4
1250290 2870.3
1250300 2870.3
1250310 2870.5
1250320 2871.1
1250330 2871.1
1250340 2874.2
1250350 2878.6
1250360 2878.6
1250370 2882.5
1250380 2883.7
1250390 2883.7
1250400 2884.5
1250410 2885.0
1250420 2886.2
1250430 2886.2
1250440 2888.0
1250450 2890.4
1250460 2890.4
1250470 2882.1
1250480 2885.3
1250490 2885.3
1250500 2889.2
1250510 2895.4
1250520 2895.4
1250530 2901.6
1250540 2907.4
1250550 2907.4
1250560 2911.7
1250570 2916.4
1250580 2916.4
1250590 2922.4
1250600 2928.3
1250610 2932.5
1250620 2932.5
1250630 2936.8
1250640 2941.3
1250650 2941.3
1250660 2946.0
1250670 2950.0
1250680 2950.0
1250690 2955.3
1250700 2960.3
1250710 2960.3
1250720 2964.4
1250730 2968.0
1250740 2968.0
1250750 2971.0
1250760 2973.7
1250770 2973.7
1250780 2977.2
1250790 2980.8
1250800 2980.8
1250810 2985.9
1250820 2991.5
1250830 2996.8
1250840 2996.8
1250850 2999.4
1250860 3000.0
1250870 3000.0
1250880 3002.1
1250890 3004.6
1250900 3004.6
1250910 3007.4
1250920 3011.3
1250930 3011.3
1250940 3014.9
1250950 3018.0
1250960 3018.0
1250970 3022.4
1250980 3025.8
1250990 3025.8
1251000 3038.6
1251010 3041.3
1251020 3052.4
1251030 3052.4
1251040 3057.3
1251050 3061.6
1251060 3061.6
1251070 3061.4
1251080 3068.5
1251090 3068.5
1251100 3076.4
1251110 3082.4
1251120 3082.4
1251130 3087.1
1251140 3090.7
1251150 3090.7
1251160 3093.5
1251170 3098.8
1251180 3098.8
1251190 3100.9
1251200 3101.2
1251210 3102.0
1251220 3102.0
1251230 3104.7
1251240 3109.1
1251250 3109.1
1251260 3112.1
1251270 3115.2
1251280 3115.2
1251290 3119.4
1251300 3123.9
1251310 3123.9
1251320 3130.5
1251330 3139.4
1251340 3139.4
1251350 3144.5
1251360 3151.5
1251370 3151.5
1251380 3159.6
1251390 3167.5
1251400 3167.5
1251410 3175.1
1251420 3172.8
1251430 3159.4
1251440 3159.4
1251450 3144.7
1251460 3129.9
1251470 3129.9
1251480 3115.7
1251490 3105.8
1251500 3105.8
1251510 3093.2
1251520 3076.5
1251530 3076.5
1251540 3063.0
1251550 3057.1
1251560 3054.5
1251570 3049.9
1251580 3045.5
1251590 3045.5
1251600 3040.7
1251610 3034.9
1251620 3027.6
1251630 3027.6
1251640 3026.0
1251650 3021.5
1251660 3021.5
1251670 3017.8
1251680 3014.3
1251690 3014.3
1251700 3010.7
1251710 3007.2
1251720 3007.2
1251730 3003.8
1251740 3000.5
1251750 3000.5
1251760 2997.9
1251770 2995.2
1251780 2995.2
1251790 2993.9
1251800 2991.9
1251810 2991.9
1251820 2989.7
1251830 2987.4
1251840 2984.6
1251850 2984.6
1251860 2981.5
1251870 2978.1
1251880 2978.1
1251890 2974.1
1251900 2970.1
1251910 2970.1
1251920 2965.7
1251930 2961.0
1251940 2961.0
1251950 2956.0
1251960 2950.8
1251970 2950.8
1251980 2945.0
1251990 2939.1
1252000 2939.1
1252010 2932.9
1252020 2927.3
1252030 2922.1
1252040 2922.1
1252050 2917.6
1252060 2913.7
1252070 2913.7
1252080 2910.2
1252090 2907.1
1252100 2907.6
1252110 2904.7
1252120 2902.2
1252130 2902.2
1252140 2899.9
1252150 2897.6
1252160 2897.6
1252170 2895.8
1252180 2894.1
1252190 2894.1
1252200 2892.6
1252210 2891.3
1252220 2890.0
1252230 2890.0
1252240 2888.7
1252250 2887.0
1252260 2887.0
1252270 2882.9
1252280 2876.6
1252290 2876.6
1252300 2870.1
1252310 2863.9
1252320 2863.9
1252330 2858.2
1252340 2853.3
1252350 2853.3
1252360 2850.6
