1240000 3088.5
1240010 3090.8
1240020 3090.8
1240030 3093.1
1240040 3095.5
1240050 3097.9
1240060 3097.9
1240070 3100.2
1240080 3102.6
1240090 3102.6
1240100 3105.1
1240110 3107.5
1240120 3107.5
1240130 3109.8
1240140 3112.3
1240150 3112.3
1240160 3114.6
1240170 3116.9
1240180 3116.9
1240190 3119.3
1240200 3121.7
1240210 3121.7
1240220 3124.2
1240230 3126.9
1240240 3126.9
1240250 3129.9
1240260 3133.2
1240270 3135.9
1240280 3135.9
1240290 3140.3
1240300 3144.4
1240310 3144.4
1240320 3148.7
1240330 3153.1
1240340 3153.1
1240350 3157.7
1240360 3162.8
1240370 3162.8
1240380 3168.2
1240390 3174.0
1240400 3174.0
1240410 3180.3
1240420 3188.9
1240430 3188.9
1240440 3200.5
1240450 3210.4
1240460 3222.4
1240470 3222.4
1240480 3234.2
1240490 3243.4
1240500 3243.4
1240510 3252.8
1240520 3263.6
1240530 3263.6
1240540 3273.5
1240550 3283.5
1240560 3283.5
1240570 3295.4
1240580 3306.2
1240590 3306.2
1240600 3315.0
1240610 3323.9
1240620 3323.9
1240630 3330.8
1240640 3337.8
1240650 3337.8
1240660 3342.7
1240670 3347.1
1240680 3352.1
1240690 3352.1
1240700 3355.5
1240710 3351.4
1240720 3351.4
1240730 3346.6
1240740 3344.1
1240750 3344.1
1240760 3342.4
1240770 3340.5
1240780 3340.5
1240790 3338.3
1240800 3336.1
1240810 3336.1
1240820 3334.2
1240830 3332.1
1240840 3332.1
1240850 3329.8
1240860 3327.3
1240870 3324.9
1240880 3325.0
1240890 3322.4
1240900 3319.7
1240910 3319.7
1240920 3316.9
1240930 3314.2
1240940 3314.2
1240950 3311.5
1240960 3309.1
1240970 3309.1
1240980 3306.8
1240990 3304.8
1241000 3304.8
1241010 3302.8
1241020 3301.1
1241030 3301.1
1241040 3299.5
1241050 3298.1
1241060 3296.8
1241070 3296.8
1241080 3295.4
1241090 3294.1
1241100 3294.1
1241110 3293.0
1241120 3291.9
1241130 3291.9
1241140 3291.0
1241150 3290.1
1241160 3290.1
1241170 3289.2
1241180 3288.4
1241190 3288.4
1241200 3287.8
1241210 3287.2
1241220 3287.2
1241230 3286.7
1241240 3286.2
1241250 3286.2
1241260 3285.9
1241270 3285.7
1241280 3285.6
1241290 3285.6
1241300 3285.5
1241310 3285.5
1241320 3285.5
1241330 3285.6
1241340 3285.8
1241350 3285.8
1241360 3286.0
1241370 3286.3
1241380 3286.3
1241390 3286.6
1241400 3288.6
1241410 3288.6
1241420 3289.1
1241430 3289.7
1241440 3289.7
1241450 3290.3
1241460 3290.9
1241470 3291.6
1241480 3291.6
1241490 3292.3
1241500 3293.1
1241510 3293.1
1241520 3293.9
1241530 3294.7
1241540 3294.7
1241550 3295.4
1241560 3296.1
1241570 3296.1
1241580 3296.8
1241590 3297.4
1241600 3297.4
1241610 3298.0
1241620 3298.4
1241630 3298.4
1241640 3298.9
1241650 3299.2
1241660 3299.2
1241670 3299.4
1241680 3299.6
1241690 3299.7
1241700 3299.7
1241710 3299.8
1241720 3299.9
1241730 3299.9
1241740 3299.8
1241750 3299.8
1241760 3299.8
1241770 3299.7
1241780 3299.7
1241790 3299.7
1241800 3299.6
1241810 3299.6
1241820 3299.6
1241830 3299.6
1241840 3299.6
1241850 3299.6
1241860 3299.6
1241870 3299.7
1241880 3299.7
1241890 3299.7
1241900 3299.7
1241910 3299.6
1241920 3303.0
1241930 3302.9
1241940 3302.8
1241950 3302.8
1241960 3302.6
1241970 3302.5
1241980 3302.5
1241990 3302.4
1242000 3302.3
1242010 3302.3
1242020 3302.3
1242030 3302.3
1242040 3302.3
1242050 3302.3
1242060 3302.5
1242070 3302.7
1242080 3302.7
1242090 3303.1
1242100 3303.5
1242110 3303.5
1242120 3304.1
1242130 3304.8
1242140 3304.8
1242150 3305.6
1242160 3306.5
1242170 3306.5
1242180 3307.5
1242190 3308.8
1242200 3308.8
1242210 3310.1
1242220 3311.6
1242230 3311.6
1242240 3313.2
1242250 3314.9
1242260 3314.9
1242270 3316.8
1242280 3318.7
1242290 3320.7
1242300 3320.7
1242310 3322.9
1242320 3325.6
1242330 3325.6
1242340 3328.2
1242350 3331.4
1242360 3331.4
1242370 3337.1
1242380 3345.1
1242390 3345.1
1242400 3354.3
1242410 3361.4
1242420 3361.4
1242430 3364.5
1242440 3375.4
1242450 3375.4
1242460 3377.8
1242470 3380.2
1242480 3383.5
1242490 3383.5
1242500 3385.1
1242510 3387.2
1242520 3387.2
1242530 3389.7
1242540 3392.1
1242550 3392.1
1242560 3394.6
1242570 3397.1
1242580 3397.1
1242590 3399.4
1242600 3401.5
1242610 3401.5
1242620 3403.6
1242630 3405.7
1242640 3405.7
1242650 3407.7
1242660 3409.4
1242670 3409.4
1242680 3411.1
1242690 3412.7
1242700 3414.0
1242710 3414.0
1242720 3415.1
1242730 3415.9
1242740 3415.9
1242750 3416.2
1242760 3415.8
1242770 3415.8
1242780 3413.6
1242790 3406.5
1242800 3406.5
1242810 3397.6
1242820 3387.6
1242830 3387.6
1242840 3379.3
1242850 3372.3
1242860 3372.3
1242870 3366.3
1242880 3360.7
1242890 3352.1
1242900 3352.1
1242910 3340.8
1242920 3329.2
1242930 3329.2
1242940 3317.3
1242950 3301.4
1242960 3301.4
1242970 3287.8
1242980 3274.2
1242990 3274.2
1243000 3257.1
1243010 3242.0
1243020 3242.0
1243030 3226.4
1243040 3216.5
1243050 3216.5
1243060 3204.2
1243070 3191.6
1243080 3179.8
1243090 3179.8
1243100 3168.0
1243110 3150.2
1243120 3150.2
1243130 3141.2
1243140 3134.0
1243150 3134.0
1243160 3126.7
1243170 3119.2
1243180 3119.2
1243190 3111.8
1243200 3108.6
1243210 3108.6
1243220 3104.4
1243230 3099.5
1243240 3099.5
1243250 3094.8
1243260 3090.0
1243270 3090.0
1243280 3085.3
1243290 3080.4
1243300 3075.4
1243310 3075.4
1243320 3070.6
1243330 3065.6
1243340 3065.6
1243350 3060.3
1243360 3054.7
1243370 3054.7
1243380 3049.1
1243390 3043.3
1243400 3043.3
1243410 3037.4
1243420 3032.3
1243430 3032.3
1243440 3028.8
1243450 3023.9
1243460 3023.9
1243470 3018.0
1243480 3012.9
1243490 3012.5
1243500 3012.5
1243510 3009.4
1243520 3007.2
1243530 3007.2
1243540 3005.3
1243550 3003.6
1243560 3003.6
1243570 3001.7
1243580 3000.3
1243590 3000.3
1243600 2999.4
1243610 2998.9
1243620 2998.9
1243630 2998.8
1243640 2999.3
1243650 2999.3
1243660 3000.1
1243670 3001.2
1243680 3002.7
1243690 3002.7
1243700 3004.2
1243710 3005.7
1243720 3005.7
1243730 3007.3
1243740 3009.1
1243750 3009.1
1243760 3010.8
1243770 3012.7
1243780 3012.7
1243790 3014.1
1243800 3016.0
1243810 3016.0
1243820 3017.6
1243830 3018.0
1243840 3018.0
1243850 3019.9
1243860 3022.1
1243870 3022.1
1243880 3023.3
1243890 3024.5
1243900 3026.2
1243910 3026.2
1243920 3027.4
1243930 3028.9
1243940 3028.9
1243950 3030.3
1243960 3031.6
1243970 3031.6
1243980 3033.0
1243990 3034.3
1244000 3034.3
1244010 3035.5
1244020 3037.3
1244030 3037.3
1244040 3038.4
1244050 3039.6
1244060 3039.6
1244070 3040.8
1244080 3041.9
1244090 3043.0
1244100 3043.0
1244110 3044.2
1244120 3045.4
1244130 3045.4
1244140 3046.8
1244150 3048.3
1244160 3048.3
1244170 3049.8
1244180 3051.4
1244190 3051.4
1244200 3053.1
1244210 3055.1
1244220 3055.1
1244230 3057.0
1244240 3059.1
1244250 3059.1
1244260 3061.3
1244270 3063.5
1244280 3063.5
1244290 3065.7
1244300 3067.9
1244310 3070.1
1244320 3070.1
1244330 3072.2
1244340 3074.4
1244350 3074.4
1244360 3076.6
1244370 3078.8
1244380 3078.8
1244390 3081.0
1244400 3083.1
1244410 3083.1
1244420 3085.0
1244430 3086.9
1244440 3086.9
1244450 3088.8
1244460 3090.6
1244470 3090.6
1244480 3092.2
1244490 3093.7
1244500 3095.2
1244510 3095.2
1244520 3096.4
1244530 3097.6
1244540 3098.3
1244550 3099.4
1244560 3100.4
1244570 3100.4
1244580 3101.4
1244590 3102.3
1244600 3102.3
1244610 3103.4
1244620 3104.6
1244630 3104.6
1244640 3105.9
1244650 3107.4
1244660 3107.4
1244670 3109.1
1244680 3111.0
1244690 3112.9
1244700 3112.9
1244710 3114.8
1244720 3116.9
1244730 3116.9
1244740 3119.4
1244750 3122.3
1244760 3122.3
1244770 3125.9
1244780 3129.9
1244790 3129.9
1244800 3133.7
1244810 3137.0
1244820 3137.0
1244830 3140.4
1244840 3143.4
1244850 3143.4
1244860 3149.1
1244870 3165.1
1244880 3165.1
1244890 3183.3
1244900 3192.6
1244910 3206.0
1244920 3206.0
1244930 3218.4
1244940 3230.5
1244950 3230.5
1244960 3243.4
1244970 3249.2
1244980 3249.2
1244990 3242.7
1245000 3237.5
1245010 3237.5
1245020 3235.2
1245030 3232.8
1245040 3232.8
1245050 3230.8
1245060 3228.9
1245070 3225.6
1245080 3224.5
1245090 3223.4
1245100 3222.6
1245110 3222.6
1245120 3221.8
1245130 3221.0
1245140 3221.0
1245150 3220.4
1245160 3220.1
1245170 3220.1
1245180 3219.9
1245190 3220.1
1245200 3220.1
1245210 3220.8
1245220 3221.6
1245230 3221.6
1245240 3222.4
1245250 3223.6
1245260 3223.6
1245270 3225.1
1245280 3226.9
1245290 3226.9
1245300 3228.6
1245310 3230.4
1245320 3232.1
1245330 3232.1
1245340 3233.8
1245350 3235.6
1245360 3235.6
1245370 3237.4
1245380 3239.1
1245390 3239.1
1245400 3240.7
1245410 3242.3
1245420 3242.3
1245430 3243.7
1245440 3245.0
1245450 3245.0
1245460 3246.2
1245470 3247.3
1245480 3247.3
1245490 3248.3
1245500 3249.3
1245510 3250.3
1245520 3250.3
1245530 3251.3
1245540 3252.3
1245550 3252.3
1245560 3253.3
1245570 3254.3
1245580 3254.3
1245590 3255.5
1245600 3255.9
1245610 3255.9
1245620 3257.2
1245630 3258.5
1245640 3258.5
1245650 3259.8
1245660 3261.3
1245670 3261.3
1245680 3262.8
1245690 3264.3
1245700 3265.2
1245710 3265.2
1245720 3267.1
1245730 3268.7
1245740 3268.7
1245750 3270.3
1245760 3272.1
1245770 3272.1
1245780 3273.8
1245790 3275.7
1245800 3275.7
1245810 3277.7
1245820 3279.9
1245830 3279.9
1245840 3281.2
1245850 3283.4
1245860 3283.4
1245870 3286.6
1245880 3291.0
1245890 3291.0
1245900 3290.4
1245910 3286.6
1245920 3282.9
1245930 3282.9
1245940 3284.6
1245950 3287.5
1245960 3287.5
1245970 3288.6
1245980 3284.5
1245990 3284.5
1246000 3280.2
1246010 3278.0
1246020 3278.0
1246030 3276.4
1246040 3271.9
1246050 3271.9
1246060 3262.2
1246070 3252.6
1246080 3252.6
1246090 3241.9
1246100 3232.6
1246110 3216.9
1246120 3216.9
1246130 3177.0
1246140 3156.8
1246150 3156.8
1246160 3141.4
1246170 3133.9
1246180 3133.9
1246190 3129.9
1246200 3123.2
1246210 3123.2
1246220 3107.9
1246230 3096.9
1246240 3096.9
1246250 3090.8
1246260 3084.5
1246270 3084.5
1246280 3078.1
1246290 3072.3
1246300 3072.3
1246310 3067.7
1246320 3064.2
1246330 3061.3
1246340 3061.3
1246350 3059.6
1246360 3058.8
1246370 3058.8
1246380 3058.1
1246390 3057.6
1246400 3057.6
1246410 3057.4
1246420 3057.0
1246430 3057.0
1246440 3056.2
1246450 3055.7
1246460 3055.7
1246470 3056.2
1246480 3057.1
1246490 3057.1
1246500 3058.4
1246510 3064.0
1246520 3068.9
1246530 3068.9
1246540 3071.9
1246550 3071.0
1246560 3071.0
1246570 3069.1
1246580 3069.1
1246590 3069.1
1246600 3070.4
1246610 3069.6
1246620 3069.6
1246630 3068.6
1246640 3067.6
1246650 3067.6
1246660 3054.9
1246670 3052.3
1246680 3052.3
1246690 3051.9
1246700 3051.7
1246710 3051.6
1246720 3051.6
1246730 3050.2
1246740 3048.7
1246750 3048.7
1246760 3045.8
1246770 3042.4
1246780 3042.4
1246790 3039.8
1246800 3037.8
1246810 3037.8
1246820 3037.4
1246830 3037.8
1246840 3037.8
1246850 3037.5
1246860 3036.2
1246870 3036.2
1246880 3034.1
1246890 3033.1
1246900 3033.1
1246910 3031.9
1246920 3031.3
1246930 3031.7
1246940 3031.7
1246950 3033.8
1246960 3036.7
1246970 3036.7
1246980 3039.1
1246990 3039.5
1247000 3039.5
1247010 3039.9
1247020 3042.2
1247030 3042.2
1247040 3045.4
1247050 3049.4
1247060 3049.4
1247070 3051.4
1247080 3052.9
1247090 3052.9
1247100 3056.6
1247110 3063.6
1247120 3075.6
1247130 3075.6
1247140 3088.9
1247150 3100.6
1247160 3100.6
1247170 3109.1
1247180 3106.3
1247190 3104.6
1247200 3099.8
1247210 3093.6
1247220 3093.6
1247230 3084.9
1247240 3076.8
1247250 3076.8
1247260 3068.6
1247270 3061.8
1247280 3061.8
1247290 3056.7
1247300 3052.0
1247310 3052.0
1247320 3045.6
1247330 3038.9
1247340 3033.6
1247350 3033.6
1247360 3028.3
1247370 3024.4
1247380 3024.4
1247390 3020.5
1247400 3016.1
1247410 3016.1
1247420 3012.3
1247430 3008.4
1247440 3008.4
1247450 2996.1
1247460 2979.3
1247470 2979.3
1247480 2967.6
1247490 2952.2
1247500 2952.2
1247510 2937.8
1247520 2924.4
1247530 2911.6
1247540 2911.6
1247550 2903.8
1247560 2897.8
1247570 2897.8
1247580 2892.5
1247590 2887.9
1247600 2887.9
1247610 2884.2
1247620 2880.2
1247630 2880.2
1247640 2876.5
1247650 2872.9
1247660 2872.9
1247670 2869.6
1247680 2866.6
1247690 2866.6
1247700 2863.8
1247710 2861.2
1247720 2858.8
1247730 2860.3
1247740 2858.3
1247750 2856.7
1247760 2856.7
1247770 2855.2
1247780 2854.0
1247790 2854.0
1247800 2853.0
1247810 2852.3
1247820 2852.3
1247830 2852.3
1247840 2852.4
1247850 2852.4
1247860 2853.3
1247870 2855.4
1247880 2855.4
1247890 2861.1
1247900 2865.3
1247910 2865.3
1247920 2866.4
1247930 2869.3
1247940 2873.4
1247950 2873.4
1247960 2877.5
1247970 2878.8
1247980 2878.8
1247990 2880.6
1248000 2884.4
1248010 2884.4
1248020 2887.7
1248030 2891.0
1248040 2891.0
1248050 2892.4
1248060 2891.9
1248070 2891.9
1248080 2890.1
1248090 2889.4
1248100 2889.4
1248110 2889.1
1248120 2889.8
1248130 2892.8
1248140 2892.8
1248150 2897.0
1248160 2900.0
1248170 2900.0
1248180 2902.2
1248190 2905.5
1248200 2905.5
1248210 2906.7
1248220 2908.4
1248230 2908.4
1248240 2911.3
1248250 2915.0
1248260 2924.8
1248270 2930.8
1248280 2933.7
1248290 2933.7
1248300 2935.2
1248310 2939.3
1248320 2939.3
1248330 2941.2
1248340 2946.4
1248350 2949.5
1248360 2949.5
1248370 2953.3
1248380 2956.8
1248390 2956.8
1248400 2956.4
1248410 2959.0
1248420 2959.0
1248430 2965.7
1248440 2974.9
1248450 2974.9
1248460 2980.5
1248470 2981.1
1248480 2981.1
1248490 2979.2
1248500 2970.7
1248510 2970.7
1248520 2962.7
1248530 2953.3
1248540 2943.8
1248550 2943.8
1248560 2935.5
1248570 2931.9
1248580 2931.9
1248590 2930.3
1248600 2932.4
1248610 2932.4
1248620 2934.4
1248630 2937.5
1248640 2937.5
1248650 2944.0
1248660 2936.7
1248670 2936.7
1248680 2922.4
1248690 2916.3
1248700 2916.3
1248710 2905.0
1248720 2891.7
1248730 2880.0
1248740 2880.0
1248750 2875.6
1248760 2872.6
1248770 2872.6
1248780 2868.5
1248790 2863.4
1248800 2858.3
1248810 2853.8
1248820 2847.3
1248830 2847.3
1248840 2841.0
1248850 2836.4
1248860 2836.4
1248870 2833.7
1248880 2830.4
1248890 2830.4
1248900 2825.8
1248910 2820.6
1248920 2820.6
1248930 2813.6
1248940 2806.6
1248950 2801.5
1248960 2801.5
1248970 2796.6
1248980 2794.8
1248990 2794.8
1249000 2793.2
1249010 2790.0
1249020 2790.0
1249030 2782.5
1249040 2774.9
1249050 2774.9
1249060 2773.8
1249070 2772.2
1249080 2772.2
1249090 2771.1
1249100 2769.6
1249110 2769.6
1249120 2766.7
1249130 2764.7
1249140 2762.3
1249150 2762.3
1249160 2760.5
1249170 2757.9
1249180 2757.9
1249190 2755.7
1249200 2753.7
1249210 2753.7
1249220 2751.6
1249230 2749.7
1249240 2749.7
1249250 2747.7
1249260 2745.8
1249270 2745.8
1249280 2744.0
1249290 2742.2
1249300 2742.2
1249310 2740.7
1249320 2739.4
1249330 2738.3
1249340 2737.1
1249350 2736.0
1249360 2735.0
1249370 2735.0
1249380 2733.9
1249390 2732.8
1249400 2732.8
1249410 2731.8
1249420 2731.1
1249430 2731.1
1249440 2730.5
1249450 2729.9
1249460 2729.9
1249470 2729.3
1249480 2728.6
1249490 2728.6
1249500 2727.9
1249510 2727.3
1249520 2727.3
1249530 2726.8
1249540 2726.3
1249550 2726.0
1249560 2726.0
1249570 2725.9
1249580 2725.8
1249590 2725.8
1249600 2725.7
1249610 2725.7
1249620 2725.7
1249630 2725.8
1249640 2726.1
1249650 2726.1
1249660 2726.6
1249670 2727.3
1249680 2727.3
1249690 2728.1
1249700 2729.0
1249710 2729.0
1249720 2730.1
1249730 2731.4
1249740 2732.9
1249750 2732.9
1249760 2734.5
1249770 2736.2
1249780 2736.2
1249790 2738.0
1249800 2739.9
1249810 2739.9
1249820 2741.8
1249830 2743.8
1249840 2743.8
1249850 2745.7
1249860 2747.7
1249870 2745.4
1249880 2747.5
1249890 2749.6
1249900 2749.6
1249910 2751.8
1249920 2754.0
1249930 2754.0
1249940 2756.2
1249950 2758.2
1249960 2760.2
1249970 2760.2
1249980 2761.9
1249990 2763.3
1250000 2763.3
1250010 2764.5
1250020 2765.6
1250030 2765.6
1250040 2766.5
1250050 2767.4
1250060 2767.4
1250070 2768.2
1250080 2769.1
1250090 2769.1
1250100 2770.1
1250110 2771.1
1250120 2771.1
1250130 2772.1
1250140 2773.1
1250150 2773.8
1250160 2773.8
1250170 2774.8
1250180 2776.6
1250190 2776.6
1250200 2778.0
1250210 2779.5
1250220 2779.5
1250230 2781.1
1250240 2782.8
1250250 2782.8
1250260 2784.8
1250270 2787.1
1250280 2787.1
1250290 2789.7
1250300 2792.4
1250310 2792.4
1250320 2795.4
1250330 2798.5
1250340 2801.6
1250350 2801.6
1250360 2804.7
1250370 2807.8
1250380 2807.8
1250390 2810.8
1250400 2813.8
1250410 2813.3
1250420 2816.2
1250430 2819.3
1250440 2819.3
1250450 2822.3
1250460 2825.4
1250470 2825.4
1250480 2828.6
1250490 2831.8
1250500 2831.8
1250510 2834.9
1250520 2838.1
1250530 2838.1
1250540 2841.2
1250550 2844.2
1250560 2847.1
1250570 2847.1
1250580 2850.0
1250590 2852.8
1250600 2852.8
1250610 2855.6
1250620 2858.3
1250630 2858.3
1250640 2860.9
1250650 2863.5
1250660 2863.5
1250670 2865.9
1250680 2868.5
1250690 2868.5
1250700 2870.9
1250710 2873.1
1250720 2873.1
1250730 2875.3
1250740 2877.3
1250750 2879.4
1250760 2879.4
1250770 2881.6
1250780 2883.7
1250790 2883.7
1250800 2885.7
1250810 2887.9
1250820 2887.9
1250830 2890.1
1250840 2892.3
1250850 2892.3
1250860 2894.7
1250870 2897.8
1250880 2897.8
1250890 2901.1
1250900 2904.2
1250910 2904.2
1250920 2907.0
1250930 2910.0
1250940 2910.0
1250950 2910.6
1250960 2915.0
1250970 2921.5
1250980 2921.5
1250990 2927.8
1251000 2932.8
1251010 2932.8
1251020 2935.5
1251030 2938.8
1251040 2938.8
1251050 2943.0
1251060 2946.8
1251070 2946.8
1251080 2950.6
1251090 2954.6
1251100 2954.6
1251110 2957.7
1251120 2961.5
1251130 2961.5
1251140 2964.6
1251150 2970.3
1251160 2976.3
1251170 2976.3
1251180 2979.9
1251190 2983.8
1251200 2983.8
1251210 2988.0
1251220 2993.2
1251230 2993.2
1251240 2998.5
1251250 3004.0
1251260 3004.0
1251270 3009.1
1251280 3012.6
1251290 3012.6
1251300 3016.2
1251310 3022.1
1251320 3022.1
1251330 3028.7
1251340 3035.6
1251350 3042.7
1251360 3042.7
1251370 3050.9
1251380 3060.0
1251390 3060.0
1251400 3065.8
1251410 3075.6
1251420 3075.6
1251430 3087.0
1251440 3098.0
1251450 3098.0
1251460 3103.0
1251470 3101.1
1251480 3101.1
1251490 3099.5
1251500 3102.2
1251510 3102.2
1251520 3101.6
1251530 3101.2
1251540 3101.2
1251550 3101.6
1251560 3103.5
1251570 3105.0
1251580 3105.0
1251590 3104.7
1251600 3104.5
1251610 3104.5
1251620 3103.7
1251630 3099.5
1251640 3099.5
1251650 3093.4
1251660 3080.4
1251670 3080.4
1251680 3063.2
1251690 3057.3
1251700 3057.3
1251710 3054.0
1251720 3051.1
1251730 3051.1
1251740 3048.6
1251750 3045.9
1251760 3043.4
1251770 3043.4
1251780 3040.9
1251790 3038.2
1251800 3038.2
1251810 3035.7
1251820 3033.7
1251830 3033.7
1251840 3031.7
1251850 3030.1
1251860 3030.1
1251870 3029.1
1251880 3028.0
1251890 3028.0
1251900 3026.8
1251910 3025.7
1251920 3025.7
1251930 3024.4
1251940 3023.2
1251950 3023.2
1251960 3022.8
1251970 3022.5
1251980 3024.2
1251990 3024.2
