1240000 2684.4
1240010 2685.2
1240020 2687.7
1240030 2687.7
1240040 2691.7
1240050 2697.1
1240060 2697.1
1240070 2703.5
1240080 2710.0
1240090 2710.0
1240100 2720.9
1240110 2737.8
1240120 2737.8
1240130 2752.3
1240140 2769.5
1240150 2784.5
1240160 2784.5
1240170 2796.7
1240180 2811.0
1240190 2811.0
1240200 2827.5
1240210 2850.8
1240220 2850.8
1240230 2870.7
1240240 2881.3
1240250 2881.3
1240260 2891.3
1240270 2903.7
1240280 2903.7
1240290 2916.4
1240300 2922.1
1240310 2922.1
1240320 2914.0
1240330 2903.6
1240340 2903.6
1240350 2890.8
1240360 2869.0
1240370 2855.0
1240380 2855.0
1240390 2850.1
1240400 2846.4
1240410 2846.4
1240420 2843.2
1240430 2840.8
1240440 2840.8
1240450 2838.8
1240460 2837.0
1240470 2837.0
1240480 2836.1
1240490 2836.7
1240500 2836.7
1240510 2840.4
1240520 2849.1
1240530 2849.1
1240540 2862.7
1240550 2874.3
1240560 2881.0
1240570 2881.0
1240580 2885.7
1240590 2887.2
1240600 2887.2
1240610 2882.4
1240620 2874.5
1240630 2874.5
1240640 2867.2
1240650 2859.2
1240660 2859.2
1240670 2853.9
1240680 2851.4
1240690 2851.4
1240700 2849.8
1240710 2848.6
1240720 2848.6
1240730 2848.8
1240740 2849.0
1240750 2849.0
1240760 2850.2
1240770 2853.9
1240780 2860.7
1240790 2860.7
1240800 2868.7
1240810 2877.8
1240820 2884.8
1240830 2893.1
1240840 2903.4
1240850 2903.4
1240860 2914.1
1240870 2916.6
1240880 2916.6
1240890 2912.7
1240900 2909.9
1240910 2909.9
1240920 2908.2
1240930 2903.1
1240940 2903.1
1240950 2900.2
1240960 2899.4
1240970 2899.4
1240980 2896.6
1240990 2893.9
1241000 2893.9
1241010 2893.9
1241020 2895.3
1241030 2896.9
1241040 2896.9
1241050 2894.0
1241060 2880.4
1241070 2880.4
1241080 2867.5
1241090 2854.5
1241100 2854.5
1241110 2844.8
1241120 2831.9
1241130 2831.9
1241140 2817.0
1241150 2798.7
1241160 2798.7
1241170 2780.0
1241180 2765.4
1241190 2742.5
1241200 2742.5
1241210 2728.4
1241220 2718.7
1241230 2718.7
1241240 2710.4
1241250 2701.0
1241260 2701.0
1241270 2693.1
1241280 2685.1
1241290 2685.1
1241300 2676.9
1241310 2668.9
1241320 2668.9
1241330 2660.4
1241340 2650.5
1241350 2650.5
1241360 2642.4
1241370 2634.3
1241380 2634.3
1241390 2626.7
1241400 2619.2
1241410 2611.8
1241420 2611.8
1241430 2603.7
1241440 2595.6
1241450 2595.6
1241460 2587.0
1241470 2579.1
1241480 2579.1
1241490 2572.7
1241500 2566.6
1241510 2566.6
1241520 2560.1
1241530 2553.6
1241540 2553.6
1241550 2546.9
1241560 2541.6
1241570 2541.6
1241580 2538.8
1241590 2534.9
1241600 2531.8
1241610 2531.8
1241620 2531.1
1241630 2531.1
1241640 2531.1
1241650 2531.2
1241660 2530.9
1241670 2530.9
1241680 2530.5
1241690 2531.0
1241700 2531.0
1241710 2531.5
1241720 2531.7
1241730 2531.7
1241740 2531.3
1241750 2530.7
1241760 2530.7
1241770 2529.6
1241780 2528.4
1241790 2528.4
1241800 2527.1
1241810 2526.1
1241820 2525.4
1241830 2525.4
1241840 2524.5
1241850 2523.7
1241860 2524.6
1241870 2524.0
1241880 2523.3
1241890 2523.3
1241900 2522.4
1241910 2521.8
1241920 2521.8
1241930 2521.3
1241940 2521.2
1241950 2521.2
1241960 2521.3
1241970 2521.5
1241980 2521.5
1241990 2521.0
1242000 2520.7
1242010 2520.8
1242020 2520.8
1242030 2520.7
1242040 2520.9
1242050 2520.9
1242060 2521.0
1242070 2520.5
1242080 2520.5
1242090 2519.9
1242100 2518.8
1242110 2518.8
1242120 2517.6
1242130 2515.8
1242140 2515.8
1242150 2514.1
1242160 2512.3
1242170 2512.3
1242180 2511.0
1242190 2509.7
1242200 2509.7
1242210 2508.8
1242220 2510.3
1242230 2513.9
1242240 2513.9
1242250 2518.5
1242260 2522.3
1242270 2522.3
1242280 2526.5
1242290 2530.0
1242300 2530.0
1242310 2531.3
1242320 2528.6
1242330 2528.6
1242340 2526.8
1242350 2528.0
1242360 2528.0
1242370 2528.3
1242380 2528.5
1242390 2530.4
1242400 2529.9
1242410 2530.0
1242420 2531.5
1242430 2531.5
1242440 2536.2
1242450 2540.0
1242460 2540.0
1242470 2545.3
1242480 2545.2
1242490 2545.2
1242500 2535.5
1242510 2529.1
1242520 2529.1
1242530 2526.6
1242540 2522.3
1242550 2522.3
1242560 2511.1
1242570 2504.0
1242580 2504.0
1242590 2496.4
1242600 2488.9
1242610 2488.9
1242620 2481.6
1242630 2478.4
1242640 2477.8
1242650 2477.8
1242660 2475.3
1242670 2474.7
1242680 2474.7
1242690 2477.1
1242700 2478.7
1242710 2478.7
1242720 2478.7
1242730 2481.5
1242740 2481.5
1242750 2484.7
1242760 2479.4
1242770 2479.4
1242780 2480.2
1242790 2485.1
1242800 2485.1
1242810 2487.5
1242820 2488.5
1242830 2491.0
1242840 2491.0
1242850 2494.1
1242860 2495.8
1242870 2495.8
1242880 2495.8
1242890 2498.6
1242900 2498.6
1242910 2508.5
1242920 2514.0
1242930 2514.0
1242940 2520.4
1242950 2526.9
1242960 2526.9
1242970 2533.6
1242980 2534.7
1242990 2534.7
1243000 2529.0
1243010 2522.5
1243020 2522.5
1243030 2520.1
1243040 2526.7
1243050 2533.0
1243060 2533.0
1243070 2534.0
1243080 2533.0
1243090 2533.0
1243100 2532.5
1243110 2532.2
1243120 2532.2
1243130 2533.5
1243140 2534.3
1243150 2534.3
1243160 2534.6
1243170 2533.6
1243180 2533.6
1243190 2533.3
1243200 2532.4
1243210 2532.4
1243220 2530.2
1243230 2527.2
1243240 2525.4
1243250 2525.4
1243260 2524.2
1243270 2523.1
1243280 2523.1
1243290 2523.4
1243300 2525.3
1243310 2525.3
1243320 2528.4
1243330 2527.1
1243340 2527.1
1243350 2521.6
1243360 2517.1
1243370 2517.1
1243380 2513.0
1243390 2511.8
1243400 2511.8
1243410 2512.5
1243420 2512.4
1243430 2518.6
1243440 2519.5
1243450 2520.2
1243460 2516.4
1243470 2516.4
1243480 2511.8
1243490 2511.6
1243500 2511.6
1243510 2513.1
1243520 2515.2
1243530 2515.2
1243540 2517.1
1243550 2516.4
1243560 2516.4
1243570 2515.4
1243580 2518.0
1243590 2518.0
1243600 2519.0
1243610 2519.9
1243620 2519.9
1243630 2520.6
1243640 2521.2
1243650 2522.3
1243660 2522.3
1243670 2520.6
1243680 2521.2
1243690 2521.2
1243700 2520.6
1243710 2522.1
1243720 2522.1
1243730 2523.8
1243740 2524.0
1243750 2524.0
1243760 2520.3
1243770 2513.3
1243780 2513.3
1243790 2512.6
1243800 2514.4
1243810 2514.4
1243820 2516.9
1243830 2519.1
1243840 2519.1
1243850 2520.0
1243860 2519.9
1243870 2519.9
1243880 2519.9
1243890 2522.4
1243900 2524.7
1243910 2524.7
1243920 2528.2
1243930 2531.1
1243940 2531.1
1243950 2539.2
1243960 2549.4
1243970 2549.4
1243980 2559.8
1243990 2574.4
1244000 2574.4
1244010 2592.2
1244020 2605.1
1244030 2605.1
1244040 2614.3
1244050 2618.0
1244060 2615.9
1244070 2615.9
1244080 2612.5
1244090 2608.2
1244100 2608.2
1244110 2605.3
1244120 2613.1
1244130 2613.1
1244140 2626.9
1244150 2638.1
1244160 2638.1
1244170 2650.0
1244180 2661.8
1244190 2661.8
1244200 2672.4
1244210 2683.0
1244220 2683.0
1244230 2692.7
1244240 2689.7
1244250 2689.7
1244260 2677.9
1244270 2667.6
1244280 2654.3
1244290 2654.3
1244300 2642.5
1244310 2632.7
1244320 2632.7
1244330 2622.3
1244340 2611.8
1244350 2611.8
1244360 2605.9
1244370 2605.0
1244380 2605.0
1244390 2605.5
1244400 2606.5
1244410 2606.5
1244420 2608.3
1244430 2611.6
1244440 2611.6
1244450 2612.9
1244460 2611.9
1244470 2610.4
1244480 2610.4
1244490 2615.2
1244500 2616.0
1244510 2616.0
1244520 2624.7
1244530 2631.9
1244540 2631.9
1244550 2636.0
1244560 2638.8
1244570 2638.8
1244580 2644.8
1244590 2652.1
1244600 2652.1
1244610 2659.8
1244620 2668.2
1244630 2668.2
1244640 2678.2
1244650 2684.3
1244660 2684.3
1244670 2689.5
1244680 2697.8
1244690 2708.3
1244700 2708.3
1244710 2717.5
1244720 2724.7
1244730 2724.7
1244740 2740.2
1244750 2753.1
1244760 2753.1
1244770 2762.5
1244780 2772.8
1244790 2772.8
1244800 2782.7
1244810 2790.1
1244820 2790.1
1244830 2795.4
1244840 2791.9
1244850 2791.9
1244860 2789.0
1244870 2789.6
1244880 2790.7
1244890 2790.7
1244900 2790.2
1244910 2786.9
1244920 2786.9
1244930 2788.9
1244940 2793.3
1244950 2793.3
1244960 2794.4
1244970 2793.9
1244980 2793.9
1244990 2794.1
1245000 2794.2
1245010 2807.2
1245020 2809.1
1245030 2809.7
1245040 2809.7
1245050 2813.5
1245060 2817.4
1245070 2817.4
1245080 2821.6
1245090 2826.7
1245100 2830.0
1245110 2830.0
1245120 2836.7
1245130 2841.2
1245140 2841.2
1245150 2841.9
1245160 2844.4
1245170 2844.4
1245180 2849.5
1245190 2859.0
1245200 2859.0
1245210 2862.3
1245220 2864.6
1245230 2864.6
1245240 2866.1
1245250 2871.0
1245260 2871.0
1245270 2877.4
1245280 2886.8
1245290 2898.0
1245300 2898.0
1245310 2906.5
1245320 2904.7
1245330 2904.7
1245340 2897.0
1245350 2889.4
1245360 2889.4
1245370 2885.5
1245380 2878.7
1245390 2878.7
1245400 2869.9
1245410 2860.8
1245420 2860.8
1245430 2847.8
1245440 2834.3
1245450 2834.3
1245460 2820.6
1245470 2813.7
1245480 2813.7
1245490 2804.5
1245500 2798.7
1245510 2795.1
1245520 2795.1
1245530 2793.6
1245540 2782.8
1245550 2782.8
1245560 2775.5
1245570 2760.4
1245580 2760.4
1245590 2743.8
1245600 2737.3
1245610 2737.3
1245620 2719.2
1245630 2709.6
1245640 2709.6
1245650 2701.0
1245660 2687.1
1245670 2687.1
1245680 2677.8
1245690 2661.6
1245700 2644.8
1245710 2644.8
1245720 2633.5
1245730 2624.6
1245740 2624.6
1245750 2618.7
1245760 2612.9
1245770 2612.9
1245780 2606.8
1245790 2601.7
1245800 2601.7
1245810 2598.4
1245820 2597.1
1245830 2597.1
1245840 2596.2
1245850 2595.0
1245860 2595.0
1245870 2591.8
1245880 2588.7
1245890 2588.7
1245900 2585.3
1245910 2581.6
1245920 2578.2
1245930 2578.2
1245940 2572.5
1245950 2567.4
1245960 2567.4
1245970 2566.2
1245980 2559.3
1245990 2559.3
1246000 2540.5
1246010 2527.9
1246020 2527.9
1246030 2521.9
1246040 2518.3
1246050 2518.3
1246060 2513.2
1246070 2510.6
1246080 2510.6
1246090 2503.4
1246100 2496.1
1246110 2494.1
1246120 2494.1
1246130 2492.8
1246140 2491.3
1246150 2491.3
1246160 2489.3
1246170 2488.9
1246180 2488.9
1246190 2488.7
1246200 2488.9
1246210 2488.9
1246220 2490.8
1246230 2492.7
1246240 2492.7
1246250 2491.6
1246260 2489.0
1246270 2489.0
1246280 2495.9
1246290 2501.3
1246300 2504.9
1246310 2504.9
1246320 2510.5
1246330 2514.3
1246340 2514.3
1246350 2516.2
1246360 2518.8
1246370 2518.8
1246380 2520.1
1246390 2519.9
1246400 2519.9
1246410 2521.9
1246420 2524.6
1246430 2524.6
1246440 2526.7
1246450 2532.0
1246460 2532.0
1246470 2537.2
1246480 2540.6
1246490 2540.6
1246500 2547.6
1246510 2558.5
1246520 2568.6
1246530 2568.6
1246540 2557.1
1246550 2550.5
1246560 2550.5
1246570 2551.7
1246580 2556.5
1246590 2556.5
1246600 2566.2
1246610 2581.8
1246620 2581.8
1246630 2589.4
1246640 2600.5
1246650 2600.5
1246660 2608.6
1246670 2604.8
1246680 2604.8
1246690 2599.9
1246700 2596.7
1246710 2591.4
1246720 2591.4
1246730 2584.5
1246740 2574.6
1246750 2574.6
1246760 2564.0
1246770 2556.0
1246780 2556.0
1246790 2543.8
1246800 2531.4
1246810 2531.4
1246820 2522.4
1246830 2517.0
1246840 2517.0
1246850 2514.1
1246860 2511.3
1246870 2511.3
1246880 2508.6
1246890 2506.5
1246900 2506.5
1246910 2504.6
1246920 2502.6
1246930 2498.8
1246940 2498.8
1246950 2496.2
1246960 2494.0
1246970 2494.0
1246980 2490.6
1246990 2487.8
1247000 2487.8
1247010 2484.3
1247020 2481.9
1247030 2481.9
1247040 2478.0
1247050 2475.9
1247060 2475.9
1247070 2474.9
1247080 2476.2
1247090 2476.2
1247100 2477.4
1247110 2477.5
1247120 2480.5
1247130 2480.5
1247140 2486.6
1247150 2489.4
1247160 2489.4
1247170 2491.7
1247180 2492.8
1247190 2492.8
1247200 2492.6
1247210 2492.9
1247220 2492.9
1247230 2493.7
1247240 2494.1
1247250 2494.1
1247260 2494.7
1247270 2498.2
1247280 2498.2
1247290 2501.3
1247300 2504.7
1247310 2504.7
1247320 2508.2
1247330 2511.8
1247340 2515.7
1247350 2515.7
1247360 2517.5
1247370 2515.8
1247380 2515.8
1247390 2520.5
1247400 2530.7
1247410 2530.7
1247420 2547.4
1247430 2560.8
1247440 2560.8
1247450 2568.5
1247460 2570.2
1247470 2570.2
1247480 2571.2
1247490 2574.0
1247500 2574.0
1247510 2576.8
1247520 2577.8
1247530 2576.7
1247540 2576.7
1247550 2573.5
1247560 2569.2
1247570 2569.2
1247580 2565.9
1247590 2562.3
1247600 2562.3
1247610 2560.3
1247620 2560.6
1247630 2560.6
1247640 2560.8
1247650 2561.1
1247660 2561.1
1247670 2563.4
1247680 2565.1
1247690 2565.1
1247700 2565.9
1247710 2565.9
1247720 2565.9
1247730 2566.8
1247740 2569.0
1247750 2573.4
1247760 2573.4
1247770 2578.4
1247780 2583.8
1247790 2583.8
1247800 2588.7
1247810 2593.7
1247820 2593.7
1247830 2598.3
1247840 2602.1
1247850 2602.1
1247860 2606.6
1247870 2611.3
1247880 2611.3
1247890 2615.9
1247900 2620.5
1247910 2620.5
1247920 2630.5
1247930 2646.0
1247940 2659.9
1247950 2659.9
1247960 2672.4
1247970 2688.6
1247980 2688.6
1247990 2699.1
1248000 2694.3
1248010 2694.3
1248020 2687.8
1248030 2681.4
1248040 2681.4
1248050 2675.2
1248060 2669.3
1248070 2669.3
1248080 2664.0
1248090 2659.8
1248100 2659.8
1248110 2654.7
1248120 2652.1
1248130 2652.1
1248140 2650.8
1248150 2651.4
1248160 2653.4
1248170 2653.4
1248180 2654.0
1248190 2655.5
1248200 2655.5
1248210 2669.4
1248220 2676.4
1248230 2676.4
1248240 2681.3
1248250 2686.9
1248260 2686.9
1248270 2693.1
1248280 2698.8
1248290 2698.8
1248300 2702.5
1248310 2700.9
1248320 2700.9
1248330 2697.4
1248340 2694.5
1248350 2698.8
1248360 2698.8
1248370 2701.9
1248380 2700.9
1248390 2700.9
1248400 2699.3
1248410 2693.5
1248420 2693.5
1248430 2685.2
1248440 2675.6
1248450 2675.6
1248460 2665.7
1248470 2655.8
1248480 2655.8
1248490 2643.2
1248500 2631.1
1248510 2631.1
1248520 2617.9
1248530 2606.1
1248540 2606.1
1248550 2595.1
1248560 2582.2
1248570 2565.5
1248580 2565.5
1248590 2548.9
1248600 2534.5
1248610 2534.5
1248620 2524.9
1248630 2516.9
1248640 2516.9
1248650 2507.7
1248660 2500.4
1248670 2500.4
1248680 2493.5
1248690 2486.5
1248700 2486.5
1248710 2479.6
1248720 2472.3
1248730 2472.3
1248740 2468.4
1248750 2465.8
1248760 2462.2
1248770 2462.2
1248780 2458.7
1248790 2455.4
1248800 2455.4
1248810 2456.3
1248820 2457.7
1248830 2457.7
1248840 2455.8
1248850 2451.4
1248860 2451.4
1248870 2445.6
1248880 2440.0
1248890 2440.0
1248900 2434.3
1248910 2432.0
1248920 2432.0
1248930 2427.9
1248940 2423.3
1248950 2423.3
1248960 2417.7
1248970 2413.2
1248980 2407.8
1248990 2407.8
1249000 2402.6
1249010 2396.9
1249020 2396.9
1249030 2388.6
1249040 2379.7
1249050 2379.7
1249060 2372.7
1249070 2362.5
1249080 2362.5
1249090 2356.4
1249100 2351.5
1249110 2351.5
1249120 2346.4
1249130 2344.4
1249140 2344.4
1249150 2339.1
1249160 2332.4
1249170 2329.5
1249180 2329.5
1249190 2325.9
1249200 2321.5
1249210 2321.5
1249220 2317.9
1249230 2314.2
1249240 2314.2
1249250 2311.8
1249260 2309.7
1249270 2309.7
1249280 2310.0
1249290 2307.9
1249300 2307.9
1249310 2304.7
1249320 2300.5
1249330 2300.5
1249340 2296.9
1249350 2295.0
1249360 2295.0
1249370 2293.0
1249380 2289.9
1249390 2287.3
1249400 2287.3
1249410 2286.6
1249420 2285.5
1249430 2285.5
1249440 2282.6
1249450 2279.3
1249460 2279.3
1249470 2276.2
1249480 2272.7
1249490 2272.7
1249500 2269.1
1249510 2267.0
1249520 2267.0
1249530 2266.2
1249540 2265.3
1249550 2265.3
1249560 2263.1
1249570 2262.4
1249580 2263.6
1249590 2263.6
1249600 2267.2
1249610 2273.4
1249620 2273.4
1249630 2279.9
1249640 2287.0
1249650 2287.0
1249660 2294.2
1249670 2301.7
1249680 2301.7
1249690 2309.5
1249700 2314.7
1249710 2314.7
1249720 2314.0
1249730 2316.9
1249740 2316.9
1249750 2324.3
1249760 2332.7
1249770 2332.7
1249780 2340.7
1249790 2349.7
1249800 2359.1
1249810 2359.1
1249820 2366.4
1249830 2375.2
1249840 2375.2
1249850 2384.1
1249860 2396.4
1249870 2396.4
1249880 2410.2
1249890 2418.9
1249900 2418.9
1249910 2424.5
1249920 2431.1
1249930 2431.1
1249940 2437.2
1249950 2442.2
1249960 2442.2
1249970 2448.1
1249980 2455.7
1249990 2464.6
1250000 2464.6
1250010 2472.9
1250020 2482.3
1250030 2482.3
1250040 2490.7
1250050 2497.6
1250060 2497.6
1250070 2505.5
1250080 2513.5
1250090 2513.5
1250100 2521.2
1250110 2528.6
1250120 2528.6
1250130 2536.2
1250140 2545.6
1250150 2545.6
1250160 2556.3
1250170 2565.7
1250180 2565.7
1250190 2571.6
1250200 2576.1
1250210 2583.9
1250220 2583.9
1250230 2596.4
1250240 2608.9
1250250 2608.9
1250260 2621.4
1250270 2632.7
1250280 2632.7
1250290 2646.7
1250300 2659.6
1250310 2659.6
1250320 2673.6
1250330 2681.9
1250340 2681.9
1250350 2684.2
1250360 2687.1
1250370 2687.1
1250380 2690.1
1250390 2693.9
1250400 2695.1
1250410 2695.1
1250420 2693.9
1250430 2691.3
1250440 2691.3
1250450 2689.4
1250460 2690.0
1250470 2690.0
1250480 2688.7
1250490 2688.0
1250500 2688.0
1250510 2689.8
1250520 2693.5
1250530 2693.5
1250540 2694.0
1250550 2690.6
1250560 2690.6
1250570 2687.7
1250580 2685.7
1250590 2685.7
1250600 2684.7
1250610 2685.4
1250620 2686.2
1250630 2686.2
1250640 2688.8
1250650 2687.1
1250660 2687.1
1250670 2687.0
1250680 2683.0
1250690 2683.0
1250700 2679.0
1250710 2675.2
1250720 2675.2
1250730 2675.3
1250740 2675.8
1250750 2675.8
1250760 2678.0
1250770 2680.8
1250780 2680.8
1250790 2683.2
1250800 2684.2
1250810 2685.8
1250820 2685.8
1250830 2687.1
1250840 2688.6
1250850 2688.6
1250860 2691.5
1250870 2694.6
1250880 2694.6
1250890 2695.9
1250900 2697.1
1250910 2697.1
1250920 2700.1
1250930 2703.6
1250940 2703.6
1250950 2708.0
1250960 2713.0
1250970 2713.0
1250980 2718.4
1250990 2724.1
1251000 2724.1
1251010 2732.4
1251020 2740.9
1251030 2751.2
1251040 2751.2
1251050 2764.4
1251060 2772.4
1251070 2772.4
1251080 2778.8
1251090 2783.8
1251100 2783.8
1251110 2783.2
1251120 2778.3
1251130 2778.3
1251140 2771.3
1251150 2763.2
1251160 2763.2
1251170 2754.8
1251180 2747.4
1251190 2747.4
1251200 2742.1
1251210 2739.6
1251220 2736.7
1251230 2736.7
1251240 2733.6
1251250 2730.1
1251260 2730.1
1251270 2727.5
1251280 2723.5
1251290 2723.5
1251300 2720.3
1251310 2720.4
1251320 2720.4
1251330 2719.8
1251340 2716.6
1251350 2716.6
1251360 2714.5
1251370 2714.3
1251380 2714.3
1251390 2714.2
1251400 2716.1
1251410 2716.1
1251420 2720.7
1251430 2723.9
1251440 2726.4
1251450 2726.4
1251460 2731.3
1251470 2738.3
1251480 2738.3
1251490 2743.6
1251500 2747.5
1251510 2747.5
1251520 2751.0
1251530 2752.9
1251540 2752.9
1251550 2755.4
1251560 2757.3
1251570 2757.3
1251580 2757.9
1251590 2757.1
1251600 2757.1
1251610 2751.9
1251620 2747.0
1251630 2744.6
1251640 2744.6
1251650 2743.9
1251660 2743.7
1251670 2743.7
1251680 2745.9
1251690 2748.3
1251700 2748.3
1251710 2745.9
1251720 2732.7
1251730 2732.7
1251740 2712.8
1251750 2701.9
1251760 2701.9
1251770 2695.4
1251780 2690.7
1251790 2690.7
1251800 2686.0
1251810 2681.5
1251820 2681.5
1251830 2675.6
1251840 2667.2
1251850 2659.2
1251860 2659.2
1251870 2653.4
1251880 2649.5
1251890 2649.5
1251900 2646.4
1251910 2643.5
1251920 2643.5
1251930 2640.5
1251940 2637.5
1251950 2637.5
1251960 2634.9
1251970 2632.4
1251980 2633.5
1251990 2631.9
1252000 2629.8
1252010 2629.8
1252020 2627.2
1252030 2623.4
1252040 2619.5
1252050 2619.5
1252060 2616.3
1252070 2613.9
1252080 2613.9
1252090 2610.7
1252100 2605.7
1252110 2605.7
1252120 2600.8
1252130 2593.3
1252140 2593.3
1252150 2579.6
1252160 2572.1
1252170 2572.1
1252180 2565.4
1252190 2558.3
1252200 2558.3
1252210 2552.6
1252220 2548.6
1252230 2548.6
1252240 2548.3
1252250 2551.7
1252260 2549.8
1252270 2549.8
1252280 2542.8
1252290 2535.5
1252300 2535.5
1252310 2528.4
1252320 2523.3
1252330 2523.3
1252340 2520.7
1252350 2517.0
1252360 2517.0
1252370 2513.0
1252380 2508.4
1252390 2508.4
1252400 2503.9
1252410 2498.7
1252420 2498.7
1252430 2493.1
1252440 2487.7
1252450 2482.1
1252460 2482.1
1252470 2477.6
1252480 2474.5
1252490 2474.5
1252500 2471.7
1252510 2470.6
1252520 2470.6
1252530 2476.1
1252540 2477.7
1252550 2477.7
1252560 2476.7
1252570 2474.9
1252580 2474.9
1252590 2475.1
1252600 2474.9
1252610 2474.9
1252620 2474.1
1252630 2473.6
1252640 2473.6
1252650 2473.4
1252660 2472.1
1252670 2469.9
1252680 2469.9
1252690 2466.9
1252700 2464.5
1252710 2464.5
1252720 2463.7
1252730 2462.9
1252740 2462.9
1252750 2461.7
1252760 2460.8
1252770 2460.8
1252780 2460.1
1252790 2459.3
1252800 2459.3
1252810 2458.1
1252820 2457.7
1252830 2457.7
1252840 2457.8
1252850 2457.6
1252860 2456.5
1252870 2456.5
1252880 2454.1
1252890 2452.1
1252900 2452.1
1252910 2449.9
1252920 2447.5
1252930 2447.5
1252940 2444.6
1252950 2441.5
1252960 2441.5
1252970 2437.4
1252980 2433.1
1252990 2433.1
1253000 2429.4
1253010 2425.7
1253020 2425.7
1253030 2423.1
1253040 2421.8
1253050 2421.8
1253060 2422.1
1253070 2428.7
1253080 2432.0
1253090 2432.0
1253100 2432.5
1253110 2432.3
1253120 2432.3
1253130 2433.9
1253140 2438.3
1253150 2438.3
1253160 2443.9
1253170 2450.4
1253180 2450.4
1253190 2456.9
1253200 2463.4
1253210 2463.4
1253220 2469.6
1253230 2476.5
1253240 2476.5
1253250 2481.2
1253260 2480.1
1253270 2481.6
1253280 2481.6
1253290 2486.1
1253300 2489.3
1253310 2489.3
1253320 2492.2
1253330 2496.9
1253340 2496.9
1253350 2503.0
1253360 2509.3
1253370 2509.3
1253380 2518.1
1253390 2524.1
1253400 2524.1
1253410 2526.3
1253420 2529.7
1253430 2529.7
1253440 2533.3
1253450 2536.2
1253460 2536.2
1253470 2541.4
1253480 2552.3
1253490 2566.3
1253500 2566.3
1253510 2580.4
1253520 2592.9
1253530 2592.9
1253540 2600.8
1253550 2609.6
1253560 2609.6
1253570 2614.1
1253580 2618.4
1253590 2618.4
1253600 2617.2
1253610 2610.5
1253620 2614.3
1253630 2605.1
1253640 2598.5
1253650 2598.5
1253660 2594.7
1253670 2593.5
1253680 2593.6
1253690 2593.6
1253700 2594.0
1253710 2594.4
1253720 2594.4
1253730 2596.6
1253740 2598.2
1253750 2598.2
1253760 2601.6
1253770 2608.2
1253780 2608.2
1253790 2622.2
1253800 2633.2
1253810 2633.2
1253820 2645.8
1253830 2657.2
1253840 2657.2
1253850 2664.4
1253860 2664.4
1253870 2664.4
1253880 2658.4
1253890 2656.0
1253900 2653.9
1253910 2653.9
1253920 2652.0
1253930 2652.7
1253940 2652.7
1253950 2654.7
1253960 2649.8
1253970 2649.8
1253980 2640.9
1253990 2632.7
1254000 2632.7
1254010 2627.2
1254020 2623.8
1254030 2623.8
1254040 2622.6
1254050 2621.9
1254060 2621.9
1254070 2620.9
1254080 2619.0
1254090 2617.1
1254100 2617.1
1254110 2614.6
1254120 2611.3
1254130 2611.3
1254140 2607.6
1254150 2602.9
1254160 2602.9
1254170 2603.1
1254180 2596.2
1254190 2596.2
1254200 2591.8
1254210 2589.2
1254220 2589.2
1254230 2588.9
1254240 2588.8
1254250 2588.8
1254260 2589.4
1254270 2590.2
1254280 2590.2
1254290 2591.6
1254300 2594.4
1254310 2596.1
1254320 2596.1
1254330 2597.0
1254340 2595.4
1254350 2595.4
1254360 2593.4
1254370 2587.6
1254380 2587.6
1254390 2581.6
1254400 2577.9
1254410 2577.9
1254420 2573.2
1254430 2566.7
1254440 2566.7
1254450 2558.4
1254460 2554.2
1254470 2554.2
1254480 2553.6
1254490 2551.4
1254500 2550.9
1254510 2550.9
1254520 2550.2
1254530 2548.1
1254540 2548.1
1254550 2544.2
1254560 2540.6
1254570 2540.6
1254580 2536.1
1254590 2532.3
1254600 2532.3
1254610 2535.6
1254620 2537.2
1254630 2537.2
1254640 2537.7
1254650 2537.0
1254660 2537.0
1254670 2534.5
1254680 2531.9
1254690 2531.9
1254700 2529.0
1254710 2527.2
1254720 2528.7
1254730 2528.7
1254740 2528.5
1254750 2526.2
1254760 2526.2
1254770 2522.9
1254780 2522.7
1254790 2522.7
1254800 2524.4
1254810 2523.1
1254820 2523.1
1254830 2522.0
1254840 2524.6
1254850 2524.6
1254860 2526.7
1254870 2525.8
1254880 2525.8
1254890 2524.1
1254900 2524.2
1254910 2522.5
1254920 2522.5
1254930 2523.3
1254940 2526.6
1254950 2526.6
1254960 2529.7
1254970 2531.5
1254980 2531.5
1254990 2530.7
1255000 2529.0
1255010 2529.0
1255020 2525.8
1255030 2524.9
1255040 2524.9
1255050 2525.3
1255060 2523.5
1255070 2523.5
1255080 2521.3
1255090 2522.4
1255100 2522.4
1255110 2520.7
1255120 2520.3
1255130 2520.1
1255140 2520.1
1255150 2519.3
1255160 2520.1
1255170 2520.1
1255180 2521.1
1255190 2521.9
1255200 2521.9
1255210 2523.2
1255220 2525.9
1255230 2525.9
1255240 2532.7
1255250 2539.1
1255260 2539.1
1255270 2551.2
1255280 2566.7
1255290 2566.7
1255300 2577.9
1255310 2584.6
1255320 2588.8
1255330 2588.8
1255340 2595.6
1255350 2606.1
1255360 2606.1
1255370 2608.6
1255380 2606.0
1255390 2606.0
1255400 2596.2
1255410 2591.1
1255420 2591.1
1255430 2586.8
1255440 2581.4
1255450 2581.4
1255460 2575.4
1255470 2570.8
1255480 2570.8
1255490 2566.5
1255500 2563.7
1255510 2563.7
1255520 2564.2
1255530 2565.3
1255540 2567.3
1255550 2567.3
1255560 2571.1
1255570 2574.8
1255580 2574.8
1255590 2574.8
1255600 2575.5
1255610 2575.5
1255620 2576.9
1255630 2578.4
1255640 2578.4
1255650 2580.5
1255660 2583.6
1255670 2583.6
1255680 2586.0
1255690 2588.5
1255700 2588.5
1255710 2591.5
1255720 2593.0
1255730 2594.3
1255740 2594.3
1255750 2596.6
1255760 2598.3
1255770 2598.3
1255780 2596.4
1255790 2593.6
1255800 2593.6
1255810 2594.2
1255820 2601.3
1255830 2601.3
1255840 2603.7
1255850 2605.9
1255860 2605.9
1255870 2609.3
1255880 2614.2
1255890 2614.2
1255900 2618.5
1255910 2623.0
1255920 2623.0
1255930 2627.9
1255940 2632.5
1255950 2636.7
1255960 2636.7
1255970 2640.8
1255980 2644.7
1255990 2644.7
1256000 2648.2
1256010 2651.8
1256020 2651.8
1256030 2655.7
1256040 2660.3
1256050 2660.3
1256060 2668.1
1256070 2673.5
1256080 2673.5
1256090 2683.6
1256100 2694.0
1256110 2694.0
1256120 2704.5
1256130 2716.2
1256140 2723.9
1256150 2723.9
1256160 2733.9
1256170 2747.1
1256180 2747.1
1256190 2762.9
1256200 2776.6
1256210 2776.6
1256220 2784.9
1256230 2791.7
1256240 2791.7
1256250 2801.8
1256260 2812.6
1256270 2812.6
1256280 2821.7
1256290 2831.1
1256300 2831.1
1256310 2836.8
1256320 2833.4
1256330 2833.4
1256340 2830.4
1256350 2830.5
1256360 2836.5
1256370 2836.5
1256380 2850.5
1256390 2862.7
1256400 2862.7
1256410 2875.2
1256420 2885.5
1256430 2885.5
1256440 2896.0
1256450 2907.7
1256460 2907.7
1256470 2916.2
1256480 2922.7
1256490 2922.7
1256500 2932.6
1256510 2937.2
1256520 2937.2
1256530 2944.2
1256540 2944.6
1256550 2931.8
1256560 2931.8
1256570 2919.0
1256580 2910.2
1256590 2910.2
1256600 2898.6
1256610 2889.2
1256620 2889.2
1256630 2888.0
1256640 2890.9
1256650 2890.9
1256660 2885.8
1256670 2875.5
1256680 2875.5
1256690 2864.2
1256700 2848.4
1256710 2848.4
1256720 2835.6
1256730 2828.4
1256740 2828.4
1256750 2827.5
1256760 2816.1
1256770 2810.1
1256780 2810.1
1256790 2809.9
1256800 2814.8
1256810 2814.8
1256820 2809.3
1256830 2810.3
1256840 2810.3
1256850 2814.5
1256860 2811.7
1256870 2811.7
1256880 2801.1
1256890 2794.8
1256900 2794.8
1256910 2788.3
1256920 2777.1
1256930 2783.7
1256940 2781.2
1256950 2783.8
1256960 2786.6
1256970 2786.6
1256980 2788.3
1256990 2792.5
1257000 2792.5
1257010 2800.8
1257020 2802.7
1257030 2802.7
1257040 2806.3
1257050 2809.0
1257060 2809.0
1257070 2811.8
1257080 2815.3
1257090 2815.3
1257100 2815.6
1257110 2819.0
1257120 2819.0
1257130 2822.2
1257140 2827.6
1257150 2827.6
1257160 2834.5
1257170 2841.0
1257180 2848.0
1257190 2848.0
1257200 2853.7
1257210 2865.2
1257220 2865.2
1257230 2873.6
1257240 2876.4
1257250 2876.4
1257260 2870.7
1257270 2861.1
1257280 2861.1
1257290 2855.1
1257300 2856.0
1257310 2856.0
1257320 2857.0
1257330 2854.8
1257340 2854.8
1257350 2849.3
1257360 2843.5
1257370 2844.7
1257380 2844.7
1257390 2845.1
1257400 2837.8
1257410 2837.8
1257420 2830.5
1257430 2823.8
1257440 2823.8
1257450 2816.9
1257460 2809.3
1257470 2809.3
1257480 2805.3
1257490 2808.5
1257500 2808.5
1257510 2805.7
1257520 2800.8
1257530 2800.8
1257540 2798.0
1257550 2798.7
1257560 2798.7
1257570 2800.4
1257580 2800.0
1257590 2799.2
1257600 2799.2
1257610 2802.0
1257620 2797.6
1257630 2797.6
1257640 2775.8
1257650 2759.5
1257660 2759.5
1257670 2748.7
1257680 2738.4
1257690 2738.4
1257700 2732.2
1257710 2726.5
1257720 2726.5
1257730 2720.4
1257740 2713.7
1257750 2713.7
1257760 2709.0
1257770 2698.7
1257780 2691.3
1257790 2691.3
1257800 2687.0
1257810 2678.2
1257820 2678.2
1257830 2666.1
1257840 2662.0
1257850 2662.0
1257860 2661.3
1257870 2660.6
1257880 2660.6
1257890 2660.7
1257900 2661.9
1257910 2661.9
1257920 2662.3
1257930 2662.5
1257940 2662.5
1257950 2661.4
1257960 2658.4
1257970 2658.4
1257980 2655.4
1257990 2651.9
1258000 2649.5
1258010 2649.5
1258020 2646.9
1258030 2644.8
1258040 2644.8
1258050 2651.2
1258060 2650.7
1258070 2650.7
1258080 2649.6
1258090 2645.7
1258100 2645.7
1258110 2643.2
1258120 2643.6
1258130 2643.6
1258140 2644.2
1258150 2645.6
1258160 2645.6
1258170 2644.6
1258180 2642.0
1258190 2640.5
1258200 2640.5
1258210 2640.2
1258220 2641.7
1258230 2641.7
1258240 2641.1
1258250 2639.7
1258260 2639.7
1258270 2637.7
1258280 2637.1
1258290 2637.1
1258300 2636.5
1258310 2636.9
1258320 2636.9
1258330 2638.5
1258340 2641.4
1258350 2641.4
1258360 2642.2
1258370 2643.7
1258380 2643.7
1258390 2645.2
1258400 2649.1
1258410 2653.7
1258420 2653.7
1258430 2657.1
1258440 2657.4
1258450 2657.4
1258460 2654.4
1258470 2655.3
1258480 2655.3
1258490 2658.2
1258500 2659.0
1258510 2659.0
1258520 2656.4
1258530 2658.1
1258540 2658.1
1258550 2660.8
1258560 2660.6
1258570 2660.6
1258580 2662.7
1258590 2666.0
1258600 2667.8
1258610 2674.8
1258620 2675.1
1258630 2676.7
1258640 2676.7
1258650 2678.2
1258660 2678.7
1258670 2678.7
1258680 2680.3
1258690 2682.7
1258700 2682.7
1258710 2684.1
1258720 2685.1
1258730 2685.1
1258740 2687.2
1258750 2691.5
1258760 2691.5
1258770 2692.7
1258780 2693.2
1258790 2693.2
1258800 2694.6
1258810 2697.1
1258820 2700.6
1258830 2700.6
1258840 2704.1
1258850 2707.0
1258860 2707.0
1258870 2711.0
1258880 2712.0
1258890 2712.0
1258900 2712.5
1258910 2714.5
1258920 2714.5
1258930 2718.5
1258940 2725.6
1258950 2725.6
1258960 2731.7
1258970 2736.6
1258980 2736.6
1258990 2742.3
1259000 2748.2
1259010 2756.6
1259020 2756.6
1259030 2763.8
1259040 2768.7
1259050 2768.7
1259060 2772.9
1259070 2776.5
1259080 2776.5
1259090 2778.9
1259100 2779.8
1259110 2779.8
1259120 2777.6
1259130 2773.9
1259140 2773.9
1259150 2770.2
1259160 2766.9
1259170 2766.6
1259180 2763.7
1259190 2761.0
1259200 2761.0
1259210 2758.8
1259220 2756.3
1259230 2755.3
1259240 2755.3
1259250 2754.7
1259260 2754.0
1259270 2754.0
1259280 2754.0
1259290 2753.7
1259300 2753.7
1259310 2752.5
1259320 2741.7
1259330 2741.7
1259340 2731.5
1259350 2722.7
1259360 2722.7
1259370 2714.3
1259380 2704.9
1259390 2704.9
1259400 2694.4
1259410 2681.9
1259420 2670.0
1259430 2670.0
1259440 2661.4
1259450 2654.3
1259460 2654.3
1259470 2647.9
1259480 2642.6
1259490 2642.6
1259500 2637.6
1259510 2632.4
1259520 2632.4
1259530 2627.3
1259540 2623.0
1259550 2623.0
1259560 2620.0
1259570 2617.2
1259580 2617.2
1259590 2614.5
1259600 2612.8
1259610 2612.8
1259620 2610.2
1259630 2607.8
1259640 2608.9
1259650 2608.9
1259660 2610.4
1259670 2610.5
1259680 2610.5
1259690 2609.8
1259700 2607.9
1259710 2607.9
1259720 2605.1
1259730 2601.1
1259740 2601.1
1259750 2597.8
1259760 2595.5
1259770 2595.5
1259780 2595.3
1259790 2596.3
1259800 2596.3
1259810 2598.2
1259820 2599.0
1259830 2599.4
1259840 2599.4
1259850 2600.3
1259860 2600.5
1259870 2600.5
1259880 2600.7
1259890 2601.0
1259900 2601.0
1259910 2601.9
1259920 2602.7
1259930 2602.7
1259940 2602.5
1259950 2603.5
1259960 2603.5
1259970 2604.1
1259980 2603.2
1259990 2603.2
