1240000 2507.3
1240010 2507.3
1240020 2517.2
1240030 2529.1
1240040 2529.1
1240050 2540.0
1240060 2552.4
1240070 2552.4
1240080 2557.9
1240090 2563.3
1240100 2563.3
1240110 2571.1
1240120 2576.3
1240130 2583.3
1240140 2583.3
1240150 2592.7
1240160 2598.0
1240170 2598.0
1240180 2600.1
1240190 2606.9
1240200 2606.9
1240210 2614.0
1240220 2618.3
1240230 2618.3
1240240 2626.1
1240250 2634.4
1240260 2634.4
1240270 2642.1
1240280 2647.0
1240290 2647.0
1240300 2645.7
1240310 2650.2
1240320 2650.2
1240330 2650.6
1240340 2651.2
1240350 2650.3
1240360 2650.3
1240370 2646.2
1240380 2639.1
1240390 2639.1
1240400 2632.2
1240410 2627.4
1240420 2627.4
1240430 2626.2
1240440 2627.0
1240450 2627.0
1240460 2623.6
1240470 2622.6
1240480 2636.1
1240490 2635.3
1240500 2629.5
1240510 2629.5
1240520 2620.6
1240530 2615.6
1240540 2615.6
1240550 2604.0
1240560 2596.0
1240570 2592.1
1240580 2592.1
1240590 2587.3
1240600 2584.9
1240610 2584.9
1240620 2585.6
1240630 2590.6
1240640 2590.6
1240650 2596.8
1240660 2611.1
1240670 2611.1
1240680 2629.6
1240690 2647.1
1240700 2647.1
1240710 2664.0
1240720 2681.8
1240730 2681.8
1240740 2699.7
1240750 2717.7
1240760 2734.5
1240770 2734.5
1240780 2743.4
1240790 2755.1
1240800 2755.1
1240810 2761.8
1240820 2765.9
1240830 2765.9
1240840 2760.6
1240850 2755.5
1240860 2755.5
1240870 2753.5
1240880 2750.5
1240890 2750.5
1240900 2751.0
1240910 2755.3
1240920 2755.3
1240930 2752.3
1240940 2748.6
1240950 2748.6
1240960 2745.1
1240970 2750.5
1240980 2761.0
1240990 2761.0
1241000 2792.4
1241010 2794.3
1241020 2794.3
1241030 2795.7
1241040 2790.4
1241050 2790.4
1241060 2784.0
1241070 2780.6
1241080 2780.6
1241090 2777.6
1241100 2774.5
1241110 2774.5
1241120 2771.8
1241130 2769.7
1241140 2769.7
1241150 2770.0
1241160 2771.6
1241170 2774.6
1241180 2774.6
1241190 2780.2
1241200 2776.7
1241210 2776.7
1241220 2761.2
1241230 2758.6
1241240 2758.6
1241250 2764.4
1241260 2769.6
1241270 2769.6
1241280 2773.3
1241290 2772.6
1241300 2772.6
1241310 2770.8
1241320 2777.6
1241330 2777.6
1241340 2779.5
1241350 2780.1
1241360 2780.1
1241370 2782.4
1241380 2789.9
1241390 2793.1
1241400 2793.1
1241410 2789.9
1241420 2789.2
1241430 2789.2
1241440 2786.6
1241450 2772.5
1241460 2772.5
1241470 2755.9
1241480 2759.0
1241490 2759.0
1241500 2759.7
1241510 2744.2
1241520 2736.8
1241530 2713.1
1241540 2701.8
1241550 2701.8
1241560 2698.3
1241570 2691.9
1241580 2695.4
1241590 2695.4
1241600 2698.2
1241610 2690.9
1241620 2690.9
1241630 2682.0
1241640 2661.1
1241650 2661.1
1241660 2652.4
1241670 2645.6
1241680 2645.6
1241690 2627.8
1241700 2613.8
1241710 2613.8
1241720 2603.8
1241730 2595.1
1241740 2595.1
1241750 2585.1
1241760 2576.3
1241770 2576.3
1241780 2568.2
1241790 2563.6
1241800 2561.6
1241810 2561.6
1241820 2561.1
1241830 2561.5
1241840 2561.5
1241850 2564.3
1241860 2568.1
1241870 2568.1
1241880 2571.9
1241890 2575.1
1241900 2575.1
1241910 2578.2
1241920 2580.3
1241930 2580.3
1241940 2579.4
1241950 2576.2
1241960 2576.2
1241970 2572.5
1241980 2569.7
1241990 2567.7
1242000 2567.7
1242010 2566.2
1242020 2565.1
1242030 2565.1
1242040 2556.8
1242050 2555.5
1242060 2555.5
1242070 2553.7
1242080 2552.4
1242090 2552.4
1242100 2550.3
1242110 2548.2
1242120 2548.2
1242130 2546.0
1242140 2543.3
1242150 2543.3
1242160 2540.4
1242170 2537.6
1242180 2537.6
1242190 2535.0
1242200 2532.5
1242210 2530.0
1242220 2530.0
1242230 2527.6
1242240 2525.2
1242250 2525.2
1242260 2522.8
1242270 2520.7
1242280 2520.7
1242290 2519.4
1242300 2517.0
1242310 2517.0
1242320 2514.5
1242330 2512.3
1242340 2512.3
1242350 2509.0
1242360 2505.6
1242370 2505.6
1242380 2502.8
1242390 2502.0
1242400 2498.8
1242410 2498.8
1242420 2497.4
1242430 2497.2
1242440 2497.2
1242450 2497.8
1242460 2492.9
1242470 2492.9
1242480 2489.8
1242490 2485.9
1242500 2485.9
1242510 2477.6
1242520 2473.5
1242530 2473.5
1242540 2470.9
1242550 2468.3
1242560 2461.3
1242570 2458.2
1242580 2455.0
1242590 2455.0
1242600 2451.5
1242610 2448.2
1242620 2444.8
1242630 2444.8
1242640 2442.4
1242650 2440.4
1242660 2440.4
1242670 2438.5
1242680 2436.6
1242690 2436.6
1242700 2434.4
1242710 2432.1
1242720 2432.1
1242730 2430.4
1242740 2428.0
1242750 2428.0
1242760 2425.1
1242770 2422.1
1242780 2422.1
1242790 2417.0
1242800 2411.2
1242810 2405.6
1242820 2405.6
1242830 2399.6
1242840 2394.4
1242850 2394.4
1242860 2389.3
1242870 2383.5
1242880 2383.5
1242890 2377.9
1242900 2373.4
1242910 2373.4
1242920 2369.9
1242930 2365.9
1242940 2365.9
1242950 2360.6
1242960 2355.0
1242970 2355.0
1242980 2349.2
1242990 2343.1
1243000 2343.1
1243010 2337.2
1243020 2331.6
1243030 2325.5
1243040 2325.5
1243050 2319.9
1243060 2314.9
1243070 2314.9
1243080 2310.4
1243090 2307.3
1243100 2307.3
1243110 2304.6
1243120 2301.7
1243130 2301.7
1243140 2299.6
1243150 2298.5
1243160 2298.5
1243170 2297.9
1243180 2297.3
1243190 2297.3
1243200 2295.9
1243210 2295.7
1243220 2295.6
1243230 2295.6
1243240 2295.2
1243250 2294.8
1243260 2294.8
1243270 2294.7
1243280 2294.4
1243290 2294.4
1243300 2293.9
1243310 2293.5
1243320 2293.5
1243330 2294.0
1243340 2295.3
1243350 2295.3
1243360 2296.9
1243370 2296.8
1243380 2296.8
1243390 2295.7
1243400 2294.6
1243410 2294.6
1243420 2294.0
1243430 2295.7
1243440 2299.4
1243450 2299.4
1243460 2302.1
1243470 2302.9
1243480 2302.9
1243490 2302.0
1243500 2303.5
1243510 2303.5
1243520 2306.9
1243530 2309.7
1243540 2309.7
1243550 2311.7
1243560 2313.1
1243570 2313.1
1243580 2315.2
1243590 2317.9
1243600 2317.9
1243610 2326.6
1243620 2329.7
1243630 2333.1
1243640 2333.1
1243650 2337.5
1243660 2343.0
1243670 2343.0
1243680 2345.6
1243690 2342.4
1243700 2342.4
1243710 2336.2
1243720 2329.7
1243730 2329.7
1243740 2324.0
1243750 2319.9
1243760 2319.9
1243770 2316.8
1243780 2313.2
1243790 2313.2
1243800 2310.2
1243810 2307.5
1243820 2307.5
1243830 2304.5
1243840 2301.7
1243850 2298.9
1243860 2298.9
1243870 2296.3
1243880 2294.0
1243890 2294.0
1243900 2293.5
1243910 2293.2
1243920 2293.2
1243930 2292.6
1243940 2292.1
1243950 2292.1
1243960 2291.7
1243970 2291.3
1243980 2291.3
1243990 2291.0
1244000 2291.1
1244010 2291.1
1244020 2291.0
1244030 2290.6
1244040 2290.7
1244050 2290.7
1244060 2291.1
1244070 2291.6
1244080 2291.6
1244090 2292.6
1244100 2292.7
1244110 2292.7
1244120 2292.4
1244130 2291.3
1244140 2292.1
1244150 2291.3
1244160 2292.1
1244170 2292.1
1244180 2293.3
1244190 2296.8
1244200 2296.8
1244210 2300.8
1244220 2306.5
1244230 2306.5
1244240 2313.7
1244250 2318.2
1244260 2331.6
1244270 2331.6
1244280 2347.7
1244290 2355.6
1244300 2355.6
1244310 2359.8
1244320 2365.5
1244330 2365.5
1244340 2369.5
1244350 2372.1
1244360 2372.1
1244370 2374.5
1244380 2374.4
1244390 2374.4
1244400 2374.1
1244410 2373.2
1244420 2373.2
1244430 2372.9
1244440 2372.9
1244450 2375.4
1244460 2375.4
1244470 2378.1
1244480 2380.1
1244490 2380.1
1244500 2381.9
1244510 2383.3
1244520 2383.3
1244530 2384.1
1244540 2385.6
1244550 2385.6
1244560 2388.4
1244570 2390.8
1244580 2390.8
1244590 2392.6
1244600 2394.3
1244610 2394.3
1244620 2396.4
1244630 2397.8
1244640 2397.8
1244650 2400.3
1244660 2411.3
1244670 2415.8
1244680 2415.8
1244690 2422.0
1244700 2431.0
1244710 2431.0
1244720 2437.5
1244730 2442.0
1244740 2442.0
1244750 2442.9
1244760 2437.5
1244770 2437.5
1244780 2429.7
1244790 2421.3
1244800 2421.3
1244810 2412.2
1244820 2406.5
1244830 2406.5
1244840 2401.2
1244850 2399.1
1244860 2399.1
1244870 2395.0
1244880 2395.7
1244890 2397.2
1244900 2397.2
1244910 2398.1
1244920 2397.8
1244930 2397.8
1244940 2393.8
1244950 2390.6
1244960 2390.6
1244970 2394.5
1244980 2399.5
1244990 2399.5
1245000 2405.2
1245010 2410.7
1245020 2410.7
1245030 2415.9
1245040 2424.3
1245050 2424.3
1245060 2432.2
1245070 2436.6
1245080 2441.4
1245090 2441.4
1245100 2450.4
1245110 2458.3
1245120 2458.3
1245130 2466.8
1245140 2476.3
1245150 2476.3
1245160 2488.8
1245170 2500.2
1245180 2500.2
1245190 2534.4
1245200 2542.9
1245210 2542.9
1245220 2558.8
1245230 2567.4
1245240 2567.4
1245250 2577.7
1245260 2578.8
1245270 2578.8
1245280 2567.5
1245290 2548.1
1245300 2521.9
1245310 2521.9
1245320 2505.3
1245330 2494.4
1245340 2494.4
1245350 2482.8
1245360 2469.6
1245370 2469.6
1245380 2450.9
1245390 2434.1
1245400 2434.1
1245410 2422.2
1245420 2414.1
1245430 2414.1
1245440 2406.0
1245450 2399.1
1245460 2399.1
1245470 2392.1
1245480 2378.1
1245490 2372.2
1245500 2372.2
1245510 2371.4
1245520 2368.8
1245530 2368.8
1245540 2364.8
1245550 2360.3
1245560 2360.3
1245570 2355.7
1245580 2351.1
1245590 2351.1
1245600 2346.2
1245610 2341.6
1245620 2341.6
1245630 2337.6
1245640 2333.7
1245650 2333.7
1245660 2329.4
1245670 2324.8
1245680 2324.8
1245690 2321.0
1245700 2318.5
1245710 2316.0
1245720 2321.5
1245730 2319.3
1245740 2316.7
1245750 2316.7
1245760 2313.8
1245770 2310.3
1245780 2310.3
1245790 2306.4
1245800 2302.5
1245810 2302.5
1245820 2298.4
1245830 2294.4
1245840 2294.4
1245850 2290.0
1245860 2286.3
1245870 2286.3
1245880 2283.5
1245890 2281.5
1245900 2280.2
1245910 2280.2
1245920 2281.0
1245930 2282.1
1245940 2282.1
1245950 2282.8
1245960 2286.0
1245970 2286.0
1245980 2291.3
1245990 2290.7
1246000 2290.7
1246010 2287.1
1246020 2281.9
1246030 2281.9
1246040 2277.1
1246050 2273.7
1246060 2273.7
1246070 2271.1
1246080 2269.5
1246090 2269.5
1246100 2268.4
1246110 2267.0
1246120 2266.1
1246130 2266.1
1246140 2265.3
1246150 2264.2
1246160 2264.2
1246170 2263.0
1246180 2261.9
1246190 2261.9
1246200 2262.0
1246210 2261.5
1246220 2261.5
1246230 2260.0
1246240 2256.9
1246250 2259.9
1246260 2258.1
1246270 2259.3
1246280 2259.3
1246290 2264.0
1246300 2267.2
1246310 2269.9
1246320 2269.9
1246330 2273.4
1246340 2277.2
1246350 2277.2
1246360 2281.0
1246370 2285.9
1246380 2285.9
1246390 2291.9
1246400 2297.5
1246410 2297.5
1246420 2302.1
1246430 2305.2
1246440 2305.2
1246450 2307.3
1246460 2311.0
1246470 2311.0
1246480 2314.8
1246490 2320.1
1246500 2320.1
1246510 2326.6
1246520 2333.3
1246530 2339.2
1246540 2339.2
1246550 2342.9
1246560 2345.9
1246570 2345.9
1246580 2344.4
1246590 2338.4
1246600 2338.4
1246610 2332.9
1246620 2330.6
1246630 2330.6
1246640 2330.5
1246650 2330.5
1246660 2330.5
1246670 2330.6
1246680 2330.6
1246690 2330.6
1246700 2330.8
1246710 2331.1
1246720 2331.4
1246730 2331.4
1246740 2331.7
1246750 2332.0
1246760 2332.0
1246770 2332.5
1246780 2330.5
1246790 2330.5
1246800 2330.6
1246810 2330.7
1246820 2330.7
1246830 2331.0
1246840 2331.1
1246850 2331.1
1246860 2330.6
1246870 2330.9
1246880 2330.9
1246890 2334.2
1246900 2338.0
1246910 2338.0
1246920 2342.6
1246930 2347.2
1246940 2353.6
1246950 2353.6
1246960 2362.3
1246970 2371.8
1246980 2371.8
1246990 2380.3
1247000 2386.9
1247010 2386.9
1247020 2391.3
1247030 2396.0
1247040 2396.0
1247050 2399.1
1247060 2399.9
1247070 2399.9
1247080 2399.9
1247090 2400.3
1247100 2400.3
1247110 2401.1
1247120 2401.9
1247130 2402.5
1247140 2402.5
1247150 2402.4
1247160 2402.4
1247170 2402.4
1247180 2402.3
1247190 2402.4
1247200 2402.4
1247210 2403.2
1247220 2406.0
1247230 2406.0
1247240 2410.4
1247250 2412.7
1247260 2412.7
1247270 2415.3
1247280 2418.5
1247290 2418.5
1247300 2421.9
1247310 2425.2
1247320 2419.1
1247330 2422.2
1247340 2425.3
1247350 2428.5
1247360 2428.5
1247370 2432.5
1247380 2437.3
1247390 2437.3
1247400 2443.0
1247410 2449.0
1247420 2449.0
1247430 2455.2
1247440 2461.7
1247450 2461.7
1247460 2468.6
1247470 2475.6
1247480 2475.6
1247490 2483.1
1247500 2490.5
1247510 2490.5
1247520 2497.6
1247530 2504.9
1247540 2512.3
1247550 2512.3
1247560 2519.7
1247570 2526.6
1247580 2526.6
1247590 2534.4
1247600 2544.2
1247610 2544.2
1247620 2554.2
1247630 2563.4
1247640 2563.4
1247650 2572.9
1247660 2582.7
1247670 2582.7
1247680 2593.6
1247690 2603.3
1247700 2603.3
1247710 2614.6
1247720 2629.2
1247730 2629.2
1247740 2645.5
1247750 2659.7
1247760 2672.8
1247770 2672.8
1247780 2684.1
1247790 2693.8
1247800 2693.8
1247810 2703.9
1247820 2700.2
1247830 2700.2
1247840 2690.8
1247850 2682.9
1247860 2682.9
1247870 2671.6
1247880 2661.0
1247890 2661.0
1247900 2653.0
1247910 2647.0
1247920 2647.0
1247930 2641.2
1247940 2635.5
1247950 2632.1
1247960 2632.1
1247970 2630.0
1247980 2626.7
1247990 2626.7
1248000 2622.6
1248010 2620.1
1248020 2620.1
1248030 2616.7
1248040 2613.3
1248050 2613.3
1248060 2612.1
1248070 2611.3
1248080 2611.3
1248090 2610.8
1248100 2610.4
1248110 2610.4
1248120 2609.5
1248130 2607.7
1248140 2607.7
1248150 2596.2
1248160 2580.9
1248170 2570.4
1248180 2570.4
1248190 2557.1
1248200 2544.4
1248210 2544.4
1248220 2533.9
1248230 2522.9
1248240 2522.9
1248250 2511.2
1248260 2500.7
1248270 2500.7
1248280 2492.7
1248290 2485.5
1248300 2485.5
1248310 2478.3
1248320 2471.0
1248330 2471.0
1248340 2463.9
1248350 2457.4
1248360 2451.5
1248370 2451.5
1248380 2446.1
1248390 2441.9
1248400 2441.9
1248410 2438.1
1248420 2435.4
1248430 2435.4
1248440 2432.1
1248450 2425.2
1248460 2425.2
1248470 2420.3
1248480 2413.0
1248490 2413.0
1248500 2404.0
1248510 2397.1
1248520 2397.1
1248530 2391.8
1248540 2389.4
1248550 2389.4
1248560 2388.0
1248570 2386.4
1248580 2383.4
1248590 2383.4
1248600 2379.3
1248610 2374.1
1248620 2374.1
1248630 2367.5
1248640 2358.1
1248650 2358.1
1248660 2355.4
1248670 2355.7
1248680 2355.7
1248690 2357.1
1248700 2356.8
1248710 2356.8
1248720 2356.7
1248730 2356.9
1248740 2356.9
1248750 2355.6
1248760 2351.5
1248770 2346.6
1248780 2346.6
1248790 2342.4
1248800 2338.1
1248810 2338.1
1248820 2333.7
1248830 2329.8
1248840 2329.8
1248850 2327.2
1248860 2324.1
1248870 2324.1
1248880 2320.3
1248890 2316.9
1248900 2316.9
1248910 2314.5
1248920 2315.7
1248930 2315.7
1248940 2313.4
1248950 2310.6
1248960 2310.6
1248970 2308.1
1248980 2305.7
1248990 2303.7
1249000 2303.7
1249010 2301.0
1249020 2300.2
1249030 2300.2
1249040 2300.5
1249050 2299.7
1249060 2299.7
1249070 2299.5
1249080 2299.4
1249090 2299.4
1249100 2298.8
1249110 2299.1
1249120 2299.1
1249130 2298.7
1249140 2297.6
1249150 2297.6
1249160 2295.8
1249170 2296.5
1249180 2297.7
1249190 2297.7
1249200 2295.4
1249210 2294.3
1249220 2294.3
1249230 2290.2
1249240 2291.7
1249250 2291.7
1249260 2290.7
1249270 2287.6
1249280 2287.6
1249290 2285.7
1249300 2281.8
1249310 2281.8
1249320 2278.3
1249330 2275.5
1249340 2275.5
1249350 2266.3
1249360 2256.3
1249370 2256.3
1249380 2246.1
1249390 2237.5
1249400 2235.4
1249410 2235.4
1249420 2232.9
1249430 2231.3
1249440 2231.3
1249450 2222.7
1249460 2216.6
1249470 2216.6
1249480 2209.7
1249490 2201.2
1249500 2201.2
1249510 2191.1
1249520 2179.8
1249530 2179.8
1249540 2171.3
1249550 2164.8
1249560 2164.8
1249570 2160.3
1249580 2158.4
1249590 2158.4
1249600 2157.9
1249610 2161.5
1249620 2169.9
1249630 2169.9
1249640 2181.7
1249650 2191.2
1249660 2191.2
1249670 2201.5
1249680 2218.3
1249690 2218.3
1249700 2232.3
1249710 2239.8
1249720 2239.8
1249730 2247.7
1249740 2254.3
1249750 2254.3
1249760 2258.6
1249770 2262.0
1249780 2262.0
1249790 2262.2
1249800 2264.3
1249810 2265.7
1249820 2265.7
1249830 2268.5
1249840 2273.1
1249850 2273.1
1249860 2275.7
1249870 2277.4
1249880 2277.4
1249890 2280.8
1249900 2286.0
1249910 2286.0
1249920 2291.0
1249930 2295.7
1249940 2295.7
1249950 2308.8
1249960 2319.9
1249970 2319.9
1249980 2318.8
1249990 2325.4
1250000 2330.6
1250010 2340.2
1250020 2357.6
1250030 2373.1
1250040 2373.1
1250050 2388.2
1250060 2405.8
1250070 2405.8
1250080 2421.6
1250090 2432.5
1250100 2432.5
1250110 2442.1
1250120 2443.4
1250130 2443.4
1250140 2443.0
1250150 2441.7
1250160 2441.7
1250170 2441.2
1250180 2438.0
1250190 2438.0
1250200 2435.2
1250210 2435.2
1250220 2434.6
1250230 2434.6
1250240 2436.0
1250250 2437.1
1250260 2437.1
1250270 2436.5
1250280 2438.1
1250290 2438.1
1250300 2437.7
1250310 2438.0
1250320 2438.0
1250330 2439.7
1250340 2441.7
1250350 2441.7
1250360 2442.4
1250370 2441.3
1250380 2441.3
1250390 2436.7
1250400 2429.2
1250410 2429.2
1250420 2425.8
1250430 2422.2
1250440 2419.9
1250450 2419.9
1250460 2420.0
1250470 2420.7
1250480 2420.7
1250490 2422.2
1250500 2424.1
1250510 2424.1
1250520 2425.9
1250530 2427.4
1250540 2432.8
1250550 2433.3
1250560 2433.7
1250570 2433.7
1250580 2439.7
1250590 2449.1
1250600 2449.1
1250610 2455.7
1250620 2461.6
1250630 2464.5
1250640 2464.5
1250650 2468.6
1250660 2475.9
1250670 2475.9
1250680 2482.0
1250690 2487.7
1250700 2487.7
1250710 2489.7
1250720 2493.7
1250730 2493.7
1250740 2498.5
1250750 2501.0
1250760 2501.0
1250770 2504.2
1250780 2506.3
1250790 2506.3
1250800 2508.4
1250810 2510.5
1250820 2510.5
1250830 2511.7
1250840 2510.4
1250850 2507.9
1250860 2507.9
1250870 2508.8
1250880 2505.7
1250890 2505.7
1250900 2500.9
1250910 2498.5
1250920 2498.5
1250930 2497.8
1250940 2494.1
1250950 2494.1
1250960 2483.5
1250970 2474.9
1250980 2474.9
1250990 2470.8
1251000 2467.9
1251010 2467.9
1251020 2467.6
1251030 2467.7
1251040 2465.9
1251050 2465.9
1251060 2464.8
1251070 2463.7
1251080 2465.0
1251090 2464.8
1251100 2465.1
1251110 2465.1
1251120 2466.1
1251130 2467.5
1251140 2467.5
1251150 2468.8
1251160 2469.4
1251170 2469.4
1251180 2470.7
1251190 2471.5
1251200 2471.5
1251210 2472.4
1251220 2473.8
1251230 2473.8
1251240 2475.9
1251250 2480.0
1251260 2485.0
1251270 2485.0
1251280 2490.6
1251290 2496.4
1251300 2496.4
1251310 2502.8
1251320 2509.5
1251330 2509.5
1251340 2516.5
1251350 2524.3
1251360 2524.3
1251370 2532.4
1251380 2541.2
1251390 2541.2
1251400 2551.9
1251410 2567.4
1251420 2567.4
1251430 2586.0
1251440 2603.9
1251450 2620.3
1251460 2620.3
1251470 2628.9
1251480 2641.7
1251490 2641.7
1251500 2652.0
1251510 2656.3
1251520 2656.3
1251530 2655.5
1251540 2653.9
1251550 2653.9
1251560 2653.7
1251570 2657.5
1251580 2657.5
1251590 2658.9
1251600 2661.2
1251610 2661.2
1251620 2674.8
1251630 2678.7
1251640 2678.7
1251650 2681.8
1251660 2690.2
1251670 2699.6
1251680 2699.6
1251690 2700.5
1251700 2699.0
1251710 2699.0
1251720 2698.4
1251730 2699.2
1251740 2699.2
1251750 2699.0
1251760 2700.8
1251770 2700.8
1251780 2706.1
1251790 2712.2
1251800 2712.2
1251810 2719.8
1251820 2733.1
1251830 2733.1
1251840 2734.9
1251850 2727.1
1251860 2718.3
1251870 2718.3
1251880 2707.5
1251890 2697.6
1251900 2697.6
1251910 2689.0
1251920 2681.9
1251930 2681.9
1251940 2673.7
1251950 2666.5
1251960 2666.5
1251970 2658.8
1251980 2650.1
1251990 2650.1
1252000 2641.1
1252010 2632.6
1252020 2632.6
1252030 2624.5
1252040 2618.2
1252050 2618.2
1252060 2611.1
1252070 2603.4
1252080 2596.1
1252090 2596.1
1252100 2587.1
1252110 2578.6
1252120 2578.6
1252130 2572.9
1252140 2568.3
1252150 2568.3
1252160 2563.8
1252170 2562.0
1252180 2562.0
1252190 2556.5
1252200 2551.3
1252210 2551.3
1252220 2546.3
1252230 2542.1
1252240 2542.1
1252250 2538.3
1252260 2534.7
1252270 2531.0
1252280 2531.0
1252290 2527.6
1252300 2525.4
1252310 2525.4
1252320 2524.1
1252330 2522.8
1252340 2522.8
1252350 2521.9
1252360 2520.6
1252370 2520.6
1252380 2518.5
1252390 2515.9
1252400 2515.9
1252410 2513.9
1252420 2511.3
1252430 2511.3
1252440 2508.3
1252450 2505.3
1252460 2505.3
1252470 2500.1
1252480 2495.1
1252490 2490.1
1252500 2490.1
1252510 2485.7
1252520 2482.0
1252530 2482.0
1252540 2477.4
1252550 2472.1
1252560 2472.1
1252570 2465.4
1252580 2454.2
1252590 2454.2
1252600 2441.7
1252610 2432.9
1252620 2432.9
1252630 2426.2
1252640 2421.1
1252650 2421.1
1252660 2416.0
1252670 2411.2
1252680 2407.1
1252690 2407.1
1252700 2403.2
1252710 2401.8
1252720 2401.8
1252730 2399.9
1252740 2398.4
1252750 2398.4
1252760 2396.4
1252770 2394.5
1252780 2394.5
1252790 2392.7
1252800 2391.9
1252810 2391.9
1252820 2392.0
1252830 2391.1
1252840 2391.1
1252850 2387.8
1252860 2385.6
1252870 2385.6
1252880 2384.3
1252890 2383.4
1252900 2382.4
1252910 2382.4
1252920 2381.0
1252930 2380.0
1252940 2380.0
1252950 2379.9
1252960 2379.8
1252970 2379.8
1252980 2379.6
1252990 2380.3
1253000 2380.3
1253010 2381.5
1253020 2383.3
1253030 2383.3
1253040 2385.2
1253050 2387.4
1253060 2387.4
1253070 2388.3
1253080 2386.8
1253090 2383.9
1253100 2383.9
1253110 2379.3
1253120 2374.5
1253130 2374.5
1253140 2370.7
1253150 2367.7
1253160 2367.7
1253170 2365.1
1253180 2362.6
1253190 2362.6
1253200 2359.9
1253210 2357.4
1253220 2357.4
1253230 2355.0
1253240 2352.6
1253250 2352.6
1253260 2349.6
1253270 2345.9
1253280 2345.9
1253290 2342.2
1253300 2338.6
1253310 2335.4
1253320 2335.4
1253330 2332.9
1253340 2330.9
1253350 2330.9
1253360 2329.5
1253370 2328.0
1253380 2328.0
1253390 2326.1
1253400 2323.7
1253410 2323.7
1253420 2322.3
1253430 2321.7
1253440 2321.7
1253450 2320.8
1253460 2318.8
1253470 2318.8
1253480 2316.3
1253490 2313.0
1253500 2309.3
1253510 2309.3
1253520 2307.3
1253530 2306.9
1253540 2306.9
1253550 2306.3
1253560 2306.2
1253570 2306.2
1253580 2306.4
1253590 2306.3
1253600 2306.3
1253610 2306.9
1253620 2307.1
1253630 2307.1
1253640 2305.7
1253650 2304.4
1253660 2304.4
1253670 2303.9
1253680 2303.8
1253690 2303.8
1253700 2304.4
1253710 2304.5
1253720 2304.8
1253730 2304.8
1253740 2304.7
1253750 2304.5
1253760 2304.5
1253770 2304.9
1253780 2304.7
1253790 2304.7
1253800 2303.8
1253810 2306.9
1253820 2306.9
1253830 2305.6
1253840 2303.6
1253850 2303.6
1253860 2302.8
1253870 2301.4
1253880 2301.4
1253890 2299.7
1253900 2298.2
1253910 2297.4
1253920 2297.4
1253930 2296.1
1253940 2295.6
1253950 2295.6
1253960 2296.2
1253970 2296.2
1253980 2296.2
1253990 2296.1
1254000 2295.4
1254010 2295.4
1254020 2294.4
1254030 2291.8
1254040 2291.8
1254050 2289.1
1254060 2288.7
1254070 2288.7
1254080 2288.3
1254090 2288.4
1254100 2288.4
1254110 2289.0
1254120 2289.6
1254130 2290.8
1254140 2290.8
1254150 2293.1
1254160 2294.1
1254170 2294.1
1254180 2293.7
1254190 2292.8
1254200 2292.8
1254210 2291.4
1254220 2290.1
1254230 2290.1
1254240 2288.8
1254250 2287.6
1254260 2287.6
1254270 2287.3
1254280 2287.3
1254290 2287.3
1254300 2287.3
1254310 2287.9
1254320 2287.8
1254330 2287.8
1254340 2287.4
1254350 2286.7
1254360 2289.2
1254370 2287.9
1254380 2286.0
1254390 2286.0
1254400 2284.4
1254410 2282.8
1254420 2282.8
1254430 2281.1
1254440 2279.4
1254450 2279.4
1254460 2277.7
1254470 2276.1
1254480 2276.1
1254490 2275.2
1254500 2274.7
1254510 2274.7
1254520 2274.4
1254530 2274.2
1254540 2273.7
1254550 2273.7
1254560 2273.3
1254570 2273.1
1254580 2273.1
1254590 2271.9
1254600 2270.4
1254610 2270.4
1254620 2268.8
1254630 2267.6
1254640 2267.6
1254650 2267.9
1254660 2267.9
1254670 2267.9
1254680 2267.9
1254690 2267.9
1254700 2267.9
1254710 2267.5
1254720 2264.1
1254730 2264.1
1254740 2256.5
1254750 2248.2
1254760 2243.7
1254770 2243.7
1254780 2242.2
1254790 2241.0
1254800 2241.0
1254810 2239.5
1254820 2238.4
1254830 2238.4
1254840 2236.6
1254850 2235.5
1254860 2235.5
1254870 2233.9
1254880 2231.9
1254890 2231.9
1254900 2230.7
1254910 2233.8
1254920 2233.8
1254930 2233.0
1254940 2231.2
1254950 2229.9
1254960 2229.9
1254970 2229.0
1254980 2227.7
1254990 2227.7
1255000 2225.9
1255010 2224.4
1255020 2224.4
1255030 2222.9
1255040 2221.7
1255050 2221.7
1255060 2220.1
1255070 2219.1
1255080 2219.1
1255090 2220.0
1255100 2222.7
1255110 2222.7
1255120 2226.4
1255130 2230.1
1255140 2230.1
1255150 2234.0
1255160 2237.7
1255170 2241.2
1255180 2241.2
1255190 2244.9
1255200 2253.7
1255210 2253.7
1255220 2262.0
1255230 2267.8
1255240 2267.8
1255250 2269.8
1255260 2272.2
1255270 2272.2
1255280 2274.6
1255290 2280.0
1255300 2280.0
1255310 2297.1
1255320 2309.2
1255330 2309.2
1255340 2313.3
1255350 2316.2
1255360 2321.7
1255370 2321.7
1255380 2326.8
1255390 2326.3
1255400 2326.3
1255410 2330.1
1255420 2336.0
1255430 2336.0
1255440 2338.8
1255450 2342.5
1255460 2347.9
1255470 2350.4
1255480 2352.1
1255490 2352.1
1255500 2352.8
1255510 2354.8
1255520 2354.8
1255530 2357.4
1255540 2359.8
1255550 2359.8
1255560 2363.7
1255570 2367.7
1255580 2371.1
1255590 2371.1
1255600 2370.5
1255610 2370.5
1255620 2370.5
1255630 2368.9
1255640 2372.8
1255650 2372.8
1255660 2380.4
1255670 2384.9
1255680 2384.9
1255690 2387.7
1255700 2390.5
1255710 2390.5
1255720 2395.5
1255730 2401.2
1255740 2401.2
1255750 2405.3
1255760 2406.2
1255770 2411.0
1255780 2411.0
1255790 2414.4
1255800 2416.2
1255810 2416.2
1255820 2418.9
1255830 2422.8
1255840 2422.8
1255850 2426.0
1255860 2429.1
1255870 2429.1
1255880 2432.4
1255890 2437.2
1255900 2437.2
1255910 2443.0
1255920 2449.1
1255930 2449.1
1255940 2455.8
1255950 2462.4
1255960 2462.4
1255970 2469.4
1255980 2476.4
1255990 2483.8
1256000 2483.8
1256010 2493.0
1256020 2500.0
1256030 2500.0
1256040 2507.6
1256050 2515.2
1256060 2515.2
1256070 2522.5
1256080 2540.4
1256090 2540.4
1256100 2552.7
1256110 2558.2
1256120 2558.2
1256130 2565.1
1256140 2572.9
1256150 2572.9
1256160 2582.7
1256170 2594.4
1256180 2605.0
1256190 2605.0
1256200 2613.6
1256210 2621.5
1256220 2621.5
1256230 2628.8
1256240 2636.3
1256250 2636.3
1256260 2643.9
1256270 2651.3
1256280 2651.3
1256290 2655.0
1256300 2657.6
1256310 2657.6
1256320 2664.1
1256330 2671.6
1256340 2671.6
1256350 2678.9
1256360 2685.4
1256370 2685.4
1256380 2687.0
1256390 2679.4
1256400 2669.1
1256410 2669.1
1256420 2663.8
1256430 2663.3
1256440 2663.3
1256450 2657.9
1256460 2643.3
1256470 2643.3
1256480 2630.5
1256490 2617.7
1256500 2617.7
1256510 2610.6
1256520 2605.6
1256530 2605.6
1256540 2599.3
1256550 2593.0
1256560 2597.9
1256570 2591.3
1256580 2584.6
1256590 2576.3
1256600 2576.3
1256610 2564.7
1256620 2554.5
1256630 2554.5
1256640 2546.7
1256650 2542.2
1256660 2542.2
1256670 2539.1
1256680 2537.2
1256690 2537.2
1256700 2534.6
1256710 2533.5
1256720 2533.5
1256730 2529.6
1256740 2520.8
1256750 2520.8
1256760 2518.2
1256770 2519.3
1256780 2519.3
1256790 2521.1
1256800 2522.8
1256810 2522.3
1256820 2522.3
1256830 2519.2
1256840 2519.8
1256850 2519.8
1256860 2518.2
1256870 2517.5
1256880 2517.5
1256890 2516.9
1256900 2517.8
1256910 2517.8
1256920 2523.1
1256930 2529.8
1256940 2529.8
1256950 2537.6
1256960 2541.1
1256970 2541.1
1256980 2544.9
1256990 2557.8
1257000 2565.2
1257010 2565.2
1257020 2575.3
1257030 2579.8
1257040 2579.8
1257050 2582.8
1257060 2586.4
1257070 2586.4
1257080 2590.7
1257090 2598.5
1257100 2598.5
1257110 2611.0
1257120 2626.7
1257130 2626.7
1257140 2619.0
1257150 2603.6
1257160 2603.6
1257170 2584.7
1257180 2571.3
1257190 2571.3
1257200 2554.6
1257210 2533.5
1257220 2519.6
1257230 2519.6
1257240 2514.5
1257250 2500.3
1257260 2500.3
1257270 2489.4
1257280 2486.4
1257290 2486.4
1257300 2486.1
1257310 2485.1
1257320 2485.1
1257330 2483.6
1257340 2481.4
1257350 2481.4
1257360 2478.7
1257370 2475.4
1257380 2475.4
1257390 2472.3
1257400 2469.2
1257410 2465.0
1257420 2465.0
1257430 2461.8
1257440 2457.9
1257450 2457.9
1257460 2453.4
1257470 2443.6
1257480 2443.6
1257490 2438.3
1257500 2439.3
1257510 2439.3
1257520 2440.4
1257530 2444.4
1257540 2444.4
1257550 2446.5
1257560 2447.1
1257570 2447.1
1257580 2448.2
1257590 2452.1
1257600 2452.1
1257610 2457.7
1257620 2460.5
1257630 2460.2
1257640 2460.2
1257650 2457.5
1257660 2454.7
1257670 2454.7
1257680 2457.8
1257690 2454.9
1257700 2454.9
1257710 2448.9
1257720 2436.4
1257730 2436.4
1257740 2422.9
1257750 2410.6
1257760 2410.6
1257770 2400.6
1257780 2390.8
1257790 2390.8
1257800 2376.4
1257810 2368.0
1257820 2365.7
1257830 2365.7
1257840 2364.7
1257850 2364.2
1257860 2364.2
1257870 2363.5
1257880 2362.7
1257890 2362.7
1257900 2362.4
1257910 2362.1
1257920 2362.1
1257930 2362.4
1257940 2364.0
1257950 2364.0
1257960 2365.7
1257970 2366.6
1257980 2366.6
1257990 2367.3
1258000 2368.9
1258010 2368.9
1258020 2366.0
1258030 2363.8
1258040 2361.6
1258050 2361.6
1258060 2359.3
1258070 2359.0
1258080 2359.0
1258090 2358.2
1258100 2352.4
1258110 2352.4
1258120 2345.1
1258130 2346.3
1258140 2346.3
1258150 2352.2
1258160 2358.7
1258170 2358.7
1258180 2362.6
1258190 2364.5
1258200 2364.5
1258210 2371.4
1258220 2380.8
1258230 2389.2
1258240 2392.0
1258250 2399.6
1258260 2408.1
1258270 2408.1
1258280 2414.6
1258290 2416.5
1258300 2416.5
1258310 2414.5
1258320 2411.3
1258330 2411.3
1258340 2408.8
1258350 2406.6
1258360 2406.6
1258370 2404.4
1258380 2402.7
1258390 2402.7
1258400 2401.1
1258410 2401.9
1258420 2401.9
1258430 2403.2
1258440 2396.6
1258450 2387.4
1258460 2387.4
1258470 2376.4
1258480 2366.7
1258490 2366.7
1258500 2360.2
1258510 2353.3
1258520 2353.3
1258530 2344.6
1258540 2339.8
1258550 2339.8
1258560 2342.0
1258570 2344.7
1258580 2344.7
1258590 2346.3
1258600 2346.5
1258610 2346.5
1258620 2346.9
1258630 2346.5
1258640 2346.8
1258650 2346.8
1258660 2347.6
1258670 2348.2
1258680 2348.2
1258690 2348.5
1258700 2348.6
1258710 2348.6
1258720 2349.0
1258730 2350.0
1258740 2350.0
1258750 2351.3
1258760 2353.3
1258770 2353.3
1258780 2355.8
1258790 2358.4
1258800 2363.5
1258810 2365.8
1258820 2368.0
1258830 2368.0
1258840 2370.5
1258850 2373.0
1258860 2375.4
1258870 2375.4
1258880 2377.4
1258890 2379.7
1258900 2379.7
1258910 2381.7
1258920 2384.1
1258930 2384.1
1258940 2386.6
1258950 2389.0
1258960 2389.0
1258970 2391.5
1258980 2392.0
1258990 2392.0
1259000 2395.6
1259010 2398.5
1259020 2398.5
1259030 2400.8
1259040 2402.1
1259050 2403.1
1259060 2403.1
1259070 2404.1
1259080 2404.9
1259090 2404.9
1259100 2405.8
1259110 2408.1
1259120 2408.1
1259130 2410.6
1259140 2419.2
1259150 2419.2
1259160 2430.6
1259170 2449.1
1259180 2449.1
1259190 2453.6
1259200 2456.7
1259210 2456.7
1259220 2463.0
1259230 2467.0
1259240 2467.0
1259250 2470.8
1259260 2471.9
1259270 2472.8
1259280 2472.8
1259290 2477.2
1259300 2484.2
1259310 2484.2
1259320 2492.7
1259330 2496.3
1259340 2496.3
1259350 2503.1
1259360 2518.2
1259370 2518.2
1259380 2518.5
1259390 2518.4
1259400 2518.4
1259410 2520.4
1259420 2528.5
1259430 2528.5
1259440 2543.8
1259450 2561.3
1259460 2563.2
1259470 2563.2
1259480 2567.0
1259490 2572.3
1259500 2572.3
1259510 2578.4
1259520 2582.0
1259530 2582.0
1259540 2582.7
1259550 2585.1
1259560 2585.1
1259570 2589.6
1259580 2595.1
1259590 2595.1
1259600 2602.0
1259610 2613.9
1259620 2613.9
1259630 2627.2
1259640 2637.1
1259650 2637.1
1259660 2643.7
1259670 2651.9
1259680 2670.3
1259690 2670.3
1259700 2698.7
1259710 2708.0
1259720 2708.0
1259730 2717.0
1259740 2731.1
1259750 2731.1
1259760 2744.1
1259770 2756.9
1259780 2756.9
1259790 2756.1
1259800 2744.0
1259810 2744.0
1259820 2733.5
1259830 2722.9
1259840 2722.9
1259850 2720.5
1259860 2712.6
1259870 2700.3
1259880 2700.3
1259890 2677.6
1259900 2660.7
1259910 2660.7
1259920 2620.0
1259930 2612.5
1259940 2612.5
1259950 2605.9
1259960 2597.9
1259970 2597.9
1259980 2591.2
1259990 2587.3
