1240000 2424.9
1240010 2420.9
1240020 2416.7
1240030 2416.7
1240040 2412.8
1240050 2409.0
1240060 2409.0
1240070 2404.8
1240080 2400.3
1240090 2400.3
1240100 2396.2
1240110 2392.3
1240120 2392.3
1240130 2391.0
1240140 2394.9
1240150 2394.9
1240160 2404.1
1240170 2408.7
1240180 2408.7
1240190 2413.1
1240200 2416.4
1240210 2416.4
1240220 2418.6
1240230 2420.2
1240240 2422.3
1240250 2422.3
1240260 2423.4
1240270 2424.4
1240280 2424.4
1240290 2426.2
1240300 2427.6
1240310 2427.6
1240320 2430.1
1240330 2432.6
1240340 2432.6
1240350 2435.1
1240360 2437.8
1240370 2437.8
1240380 2440.7
1240390 2446.0
1240400 2446.0
1240410 2451.5
1240420 2456.9
1240430 2449.3
1240440 2449.3
1240450 2444.3
1240460 2446.2
1240470 2446.2
1240480 2450.5
1240490 2454.4
1240500 2454.4
1240510 2456.8
1240520 2459.2
1240530 2459.2
1240540 2461.3
1240550 2462.8
1240560 2462.8
1240570 2464.5
1240580 2467.1
1240590 2467.1
1240600 2469.3
1240610 2470.9
1240620 2470.9
1240630 2472.4
1240640 2473.6
1240650 2476.3
1240660 2476.3
1240670 2492.8
1240680 2503.4
1240690 2503.4
1240700 2514.2
1240710 2525.8
1240720 2525.8
1240730 2535.1
1240740 2541.4
1240750 2541.4
1240760 2554.3
1240770 2565.5
1240780 2565.5
1240790 2563.7
1240800 2560.7
1240810 2560.7
1240820 2555.6
1240830 2549.2
1240840 2551.5
1240850 2551.5
1240860 2565.7
1240870 2578.6
1240880 2578.6
1240890 2579.9
1240900 2580.8
1240910 2580.8
1240920 2586.3
1240930 2589.9
1240940 2589.9
1240950 2589.2
1240960 2588.0
1240970 2588.0
1240980 2588.7
1240990 2592.9
1241000 2592.9
1241010 2592.5
1241020 2590.5
1241030 2590.5
1241040 2588.3
1241050 2586.2
1241060 2584.5
1241070 2584.5
1241080 2583.1
1241090 2582.2
1241100 2582.2
1241110 2582.3
1241120 2583.6
1241130 2583.6
1241140 2584.5
1241150 2585.4
1241160 2585.4
1241170 2586.1
1241180 2587.4
1241190 2591.9
1241200 2593.5
1241210 2595.1
1241220 2595.1
1241230 2597.9
1241240 2601.6
1241250 2604.0
1241260 2604.0
1241270 2606.6
1241280 2608.7
1241290 2608.7
1241300 2610.8
1241310 2613.0
1241320 2613.0
1241330 2616.0
1241340 2619.6
1241350 2619.6
1241360 2622.4
1241370 2624.2
1241380 2624.2
1241390 2624.6
1241400 2626.4
1241410 2626.4
1241420 2630.6
1241430 2636.9
1241440 2636.9
1241450 2644.0
1241460 2650.0
1241470 2654.8
1241480 2654.8
1241490 2659.7
1241500 2665.3
1241510 2665.3
1241520 2671.2
1241530 2675.5
1241540 2675.5
1241550 2678.9
1241560 2681.7
1241570 2681.7
1241580 2684.1
1241590 2685.3
1241600 2685.3
1241610 2683.0
1241620 2679.5
1241630 2679.5
1241640 2675.9
1241650 2673.2
1241660 2673.2
1241670 2673.0
1241680 2674.0
1241690 2675.3
1241700 2675.3
1241710 2678.1
1241720 2676.6
1241730 2676.6
1241740 2677.2
1241750 2678.0
1241760 2678.0
1241770 2681.0
1241780 2682.7
1241790 2682.7
1241800 2683.0
1241810 2688.6
1241820 2688.6
1241830 2695.1
1241840 2696.6
1241850 2696.6
1241860 2697.1
1241870 2699.2
1241880 2696.8
1241890 2696.8
1241900 2694.2
1241910 2689.7
1241920 2689.7
1241930 2677.0
1241940 2669.7
1241950 2669.7
1241960 2678.5
1241970 2668.1
1241980 2668.1
1241990 2661.2
1242000 2662.6
1242010 2662.6
1242020 2672.3
1242030 2678.9
1242040 2678.9
1242050 2678.7
1242060 2677.1
1242070 2677.1
1242080 2665.9
1242090 2663.5
1242100 2667.5
1242110 2667.5
1242120 2670.8
1242130 2673.2
1242140 2673.2
1242150 2678.7
1242160 2687.4
1242170 2687.4
1242180 2696.0
1242190 2704.1
1242200 2704.1
1242210 2712.7
1242220 2721.3
1242230 2721.3
1242240 2713.0
1242250 2718.5
1242260 2718.5
1242270 2719.4
1242280 2717.2
1242290 2709.4
1242300 2709.4
1242310 2699.9
1242320 2685.9
1242330 2685.9
1242340 2671.2
1242350 2651.8
1242360 2651.8
1242370 2631.8
1242380 2624.6
1242390 2624.6
1242400 2622.2
1242410 2624.0
1242420 2624.0
1242430 2623.0
1242440 2616.1
1242450 2616.1
1242460 2610.8
1242470 2606.8
1242480 2606.8
1242490 2604.2
1242500 2599.3
1242510 2593.3
1242520 2593.3
1242530 2586.9
1242540 2580.7
1242550 2580.7
1242560 2573.8
1242570 2566.8
1242580 2566.8
1242590 2561.5
1242600 2558.0
1242610 2558.0
1242620 2554.8
1242630 2550.9
1242640 2550.9
1242650 2547.0
1242660 2542.8
1242670 2542.8
1242680 2537.9
1242690 2532.7
1242700 2527.7
1242710 2527.7
1242720 2522.0
1242730 2516.0
1242740 2516.0
1242750 2510.3
1242760 2501.2
1242770 2501.2
1242780 2497.0
1242790 2492.0
1242800 2492.0
1242810 2486.4
1242820 2480.7
1242830 2480.7
1242840 2475.0
1242850 2469.2
1242860 2469.2
1242870 2462.8
1242880 2456.9
1242890 2456.9
1242900 2450.9
1242910 2443.2
1242920 2435.6
1242930 2435.6
1242940 2427.5
1242950 2420.6
1242960 2420.6
1242970 2414.2
1242980 2406.9
1242990 2406.9
1243000 2398.9
1243010 2388.9
1243020 2388.9
1243030 2378.4
1243040 2370.4
1243050 2370.4
1243060 2363.6
1243070 2358.6
1243080 2358.6
1243090 2352.6
1243100 2346.9
1243110 2341.6
1243120 2341.6
1243130 2335.9
1243140 2330.2
1243150 2330.2
1243160 2325.0
1243170 2320.4
1243180 2320.4
1243190 2316.2
1243200 2311.9
1243210 2311.9
1243220 2307.8
1243230 2304.8
1243240 2304.8
1243250 2301.6
1243260 2299.3
1243270 2299.3
1243280 2297.0
1243290 2295.3
1243300 2295.3
1243310 2294.2
1243320 2294.1
1243330 2293.9
1243340 2293.9
1243350 2292.8
1243360 2291.1
1243370 2291.1
1243380 2289.3
1243390 2289.9
1243400 2289.9
1243410 2290.5
1243420 2290.8
1243430 2290.8
1243440 2289.7
1243450 2289.3
1243460 2289.3
1243470 2289.4
1243480 2289.1
1243490 2289.1
1243500 2286.0
1243510 2283.8
1243520 2283.5
1243530 2283.5
1243540 2283.2
1243550 2283.3
1243560 2283.3
1243570 2284.1
1243580 2284.3
1243590 2284.3
1243600 2284.4
1243610 2283.5
1243620 2283.5
1243630 2282.5
1243640 2281.8
1243650 2281.8
1243660 2281.5
1243670 2281.2
1243680 2281.2
1243690 2280.9
1243700 2280.8
1243710 2280.8
1243720 2280.6
1243730 2280.4
1243740 2280.2
1243750 2280.2
1243760 2280.1
1243770 2280.2
1243780 2280.2
1243790 2280.2
1243800 2280.1
1243810 2280.8
1243820 2280.4
1243830 2280.2
1243840 2280.2
1243850 2279.9
1243860 2279.6
1243870 2279.6
1243880 2279.4
1243890 2280.1
1243900 2280.1
1243910 2281.1
1243920 2281.9
1243930 2281.0
1243940 2281.0
1243950 2279.7
1243960 2279.8
1243970 2279.8
1243980 2281.6
1243990 2285.4
1244000 2285.4
1244010 2290.1
1244020 2294.3
1244030 2294.3
1244040 2296.0
1244050 2297.9
1244060 2297.9
1244070 2298.5
1244080 2298.4
1244090 2298.4
1244100 2298.3
1244110 2298.5
1244120 2298.5
1244130 2299.1
1244140 2299.3
1244150 2298.3
1244160 2298.3
1244170 2296.5
1244180 2293.9
1244190 2293.9
1244200 2292.1
1244210 2291.1
1244220 2291.1
1244230 2290.8
1244240 2291.3
1244250 2291.3
1244260 2291.6
1244270 2291.3
1244280 2291.3
1244290 2290.2
1244300 2289.3
1244310 2289.3
1244320 2290.9
1244330 2294.0
1244340 2299.1
1244350 2299.1
1244360 2298.6
1244370 2296.8
1244380 2296.8
1244390 2294.6
1244400 2294.1
1244410 2294.1
1244420 2294.8
1244430 2295.0
1244440 2295.0
1244450 2295.1
1244460 2293.7
1244470 2293.7
1244480 2292.6
1244490 2292.7
1244500 2292.7
1244510 2291.0
1244520 2289.9
1244530 2289.9
1244540 2288.6
1244550 2287.2
1244560 2285.4
1244570 2285.4
1244580 2284.2
1244590 2283.5
1244600 2283.5
1244610 2283.3
1244620 2283.2
1244630 2283.2
1244640 2283.5
1244650 2283.2
1244660 2283.2
1244670 2283.0
1244680 2285.9
1244690 2285.9
1244700 2287.5
1244710 2286.5
1244720 2286.5
1244730 2285.7
1244740 2285.4
1244750 2285.4
1244760 2286.0
1244770 2286.6
1244780 2286.7
1244790 2286.7
1244800 2285.4
1244810 2286.0
1244820 2286.0
1244830 2287.1
1244840 2286.0
1244850 2286.0
1244860 2289.7
1244870 2292.8
1244880 2292.8
1244890 2292.9
1244900 2294.7
1244910 2294.7
1244920 2297.9
1244930 2300.4
1244940 2300.4
1244950 2304.4
1244960 2311.2
1244970 2313.4
1244980 2313.4
1244990 2315.7
1245000 2318.2
1245010 2318.2
1245020 2322.5
1245030 2328.5
1245040 2328.5
1245050 2333.1
1245060 2337.3
1245070 2337.3
1245080 2342.0
1245090 2350.0
1245100 2350.0
1245110 2358.7
1245120 2365.0
1245130 2365.0
1245140 2372.6
1245150 2381.4
1245160 2381.4
1245170 2389.2
1245180 2397.8
1245190 2406.7
1245200 2406.7
1245210 2416.2
1245220 2427.1
1245230 2427.1
1245240 2432.7
1245250 2428.7
1245260 2428.7
1245270 2421.7
1245280 2412.5
1245290 2412.5
1245300 2404.3
1245310 2396.7
1245320 2396.7
1245330 2388.0
1245340 2378.9
1245350 2378.9
1245360 2370.3
1245370 2360.6
1245380 2353.5
1245390 2358.6
1245400 2353.7
1245410 2348.9
1245420 2348.9
1245430 2344.5
1245440 2340.6
1245450 2340.6
1245460 2333.3
1245470 2323.5
1245480 2323.5
1245490 2315.0
1245500 2307.6
1245510 2307.6
1245520 2298.8
1245530 2289.5
1245540 2289.5
1245550 2280.5
1245560 2272.0
1245570 2272.0
1245580 2264.2
1245590 2256.1
1245600 2249.9
1245610 2249.9
1245620 2246.5
1245630 2244.2
1245640 2244.2
1245650 2242.1
1245660 2239.7
1245670 2239.7
1245680 2237.0
1245690 2234.3
1245700 2234.3
1245710 2231.9
1245720 2230.5
1245730 2230.5
1245740 2229.3
1245750 2226.8
1245760 2226.8
1245770 2225.9
1245780 2225.8
1245790 2225.6
1245800 2225.6
1245810 2225.2
1245820 2224.2
1245830 2224.2
1245840 2224.7
1245850 2225.5
1245860 2225.5
1245870 2226.3
1245880 2227.4
1245890 2227.4
1245900 2228.5
1245910 2229.5
1245920 2230.8
1245930 2231.6
1245940 2232.4
1245950 2232.4
1245960 2233.7
1245970 2232.7
1245980 2232.7
1245990 2231.7
1246000 2230.0
1246010 2228.5
1246020 2228.5
1246030 2228.7
1246040 2229.1
1246050 2229.1
1246060 2228.5
1246070 2228.0
1246080 2228.0
1246090 2227.9
1246100 2227.7
1246110 2227.7
1246120 2228.7
1246130 2229.7
1246140 2229.7
1246150 2229.5
1246160 2230.8
1246170 2230.8
1246180 2233.5
1246190 2236.0
1246200 2239.3
1246210 2239.3
1246220 2242.4
1246230 2245.0
1246240 2245.0
1246250 2247.2
1246260 2250.0
1246270 2250.0
1246280 2253.7
1246290 2258.7
1246300 2258.7
1246310 2265.4
1246320 2271.8
1246330 2271.8
1246340 2275.6
1246350 2280.5
1246360 2280.5
1246370 2282.3
1246380 2278.5
1246390 2278.5
1246400 2277.0
1246410 2279.3
1246420 2287.5
1246430 2287.5
1246440 2293.3
1246450 2290.9
1246460 2290.9
1246470 2299.4
1246480 2306.3
1246490 2306.3
1246500 2308.7
1246510 2309.8
1246520 2309.8
1246530 2309.9
1246540 2309.2
1246550 2309.2
1246560 2308.7
1246570 2309.6
1246580 2309.6
1246590 2310.7
1246600 2313.2
1246610 2318.1
1246620 2318.1
1246630 2324.3
1246640 2332.0
1246650 2332.0
1246660 2339.9
1246670 2347.4
1246680 2347.4
1246690 2353.7
1246700 2361.5
1246710 2361.5
1246720 2370.8
1246730 2376.7
1246740 2376.7
1246750 2382.6
1246760 2388.1
1246770 2388.1
1246780 2391.6
1246790 2393.8
1246800 2393.8
1246810 2395.2
1246820 2396.2
1246830 2397.0
1246840 2397.0
1246850 2398.9
1246860 2403.1
1246870 2403.1
1246880 2406.9
1246890 2409.8
1246900 2409.8
1246910 2413.2
1246920 2416.7
1246930 2416.7
1246940 2420.0
1246950 2422.6
1246960 2422.6
1246970 2424.4
1246980 2427.7
1246990 2425.5
1247000 2429.6
1247010 2431.4
1247020 2432.1
1247030 2432.1
1247040 2433.8
1247050 2436.9
1247060 2436.9
1247070 2439.6
1247080 2443.5
1247090 2443.5
1247100 2448.0
1247110 2453.2
1247120 2453.2
1247130 2456.1
1247140 2453.4
1247150 2453.4
1247160 2450.5
1247170 2449.2
1247180 2449.2
1247190 2449.0
1247200 2449.4
1247210 2449.4
1247220 2452.0
1247230 2454.4
1247240 2455.4
1247250 2455.4
1247260 2456.1
1247270 2453.8
1247280 2453.8
1247290 2451.3
1247300 2451.9
1247310 2451.9
1247320 2451.9
1247330 2453.1
1247340 2453.1
1247350 2456.2
1247360 2459.6
1247370 2459.6
1247380 2463.0
1247390 2467.0
1247400 2467.0
1247410 2473.0
1247420 2486.7
1247430 2495.6
1247440 2495.6
1247450 2499.9
1247460 2504.7
1247470 2504.7
1247480 2509.7
1247490 2516.1
1247500 2516.1
1247510 2524.3
1247520 2528.8
1247530 2528.8
1247540 2536.8
1247550 2544.8
1247560 2544.8
1247570 2552.7
1247580 2560.4
1247590 2560.4
1247600 2567.9
1247610 2577.6
1247620 2577.6
1247630 2588.7
1247640 2600.8
1247650 2609.5
1247660 2609.5
1247670 2621.0
1247680 2631.8
1247690 2631.8
1247700 2640.1
1247710 2647.4
1247720 2647.4
1247730 2658.1
1247740 2668.8
1247750 2668.8
1247760 2681.3
1247770 2691.0
1247780 2691.0
1247790 2686.3
1247800 2677.7
1247810 2677.7
1247820 2669.6
1247830 2661.4
1247840 2661.4
1247850 2653.3
1247860 2643.1
1247870 2627.6
1247880 2627.6
1247890 2614.6
1247900 2603.5
1247910 2603.5
1247920 2595.8
1247930 2589.0
1247940 2589.0
1247950 2582.3
1247960 2574.3
1247970 2574.3
1247980 2567.2
1247990 2561.7
1248000 2561.7
1248010 2557.4
1248020 2554.0
1248030 2554.0
1248040 2550.4
1248050 2553.2
1248060 2548.6
1248070 2548.6
1248080 2543.8
1248090 2539.5
1248100 2539.5
1248110 2532.6
1248120 2525.3
1248130 2525.3
1248140 2520.4
1248150 2517.3
1248160 2517.3
1248170 2514.0
1248180 2510.2
1248190 2510.2
1248200 2507.0
1248210 2503.1
1248220 2503.1
1248230 2499.3
1248240 2494.8
1248250 2494.8
1248260 2492.9
1248270 2492.0
1248280 2492.9
1248290 2492.9
1248300 2494.5
1248310 2496.0
1248320 2496.0
1248330 2497.0
1248340 2498.1
1248350 2498.1
1248360 2497.0
1248370 2495.4
1248380 2495.4
1248390 2490.5
1248400 2486.4
1248410 2486.4
1248420 2479.3
1248430 2464.8
1248440 2464.8
1248450 2451.3
1248460 2439.0
1248470 2429.9
1248480 2429.9
1248490 2422.1
1248500 2414.2
1248510 2414.2
1248520 2404.2
1248530 2386.7
1248540 2386.7
1248550 2373.3
1248560 2366.1
1248570 2366.1
1248580 2358.6
1248590 2351.5
1248600 2351.5
1248610 2346.2
1248620 2342.0
1248630 2342.0
1248640 2337.3
1248650 2334.2
1248660 2334.2
1248670 2329.6
1248680 2325.6
1248690 2320.7
1248700 2320.7
1248710 2316.4
1248720 2312.7
1248730 2312.7
1248740 2309.9
1248750 2306.7
1248760 2306.7
1248770 2301.5
1248780 2298.0
1248790 2298.0
1248800 2291.8
1248810 2277.1
1248820 2277.1
1248830 2262.8
1248840 2256.5
1248850 2256.5
1248860 2252.1
1248870 2250.9
1248880 2253.2
1248890 2253.2
1248900 2252.8
1248910 2250.5
1248920 2250.5
1248930 2245.7
1248940 2238.8
1248950 2238.8
1248960 2226.5
1248970 2207.6
1248980 2207.6
1248990 2199.0
1249000 2190.1
1249010 2190.1
1249020 2187.2
1249030 2186.7
1249040 2186.7
1249050 2188.1
1249060 2190.4
1249070 2190.4
1249080 2189.9
1249090 2189.8
1249100 2190.2
1249110 2190.2
1249120 2192.1
1249130 2199.2
1249140 2199.2
1249150 2196.9
1249160 2196.6
1249170 2196.6
1249180 2196.4
1249190 2200.7
1249200 2200.7
1249210 2205.1
1249220 2206.8
1249230 2206.8
1249240 2207.4
1249250 2206.1
1249260 2206.1
1249270 2204.5
1249280 2203.1
1249290 2202.5
1249300 2202.5
1249310 2201.5
1249320 2199.7
1249330 2199.7
1249340 2199.9
1249350 2200.3
1249360 2200.3
1249370 2197.3
1249380 2193.6
1249390 2193.6
1249400 2190.3
1249410 2187.4
1249420 2187.4
1249430 2185.6
1249440 2181.7
1249450 2181.7
1249460 2176.9
1249470 2171.0
1249480 2171.0
1249490 2166.9
1249500 2159.5
1249510 2148.1
1249520 2148.1
1249530 2138.5
1249540 2127.8
1249550 2127.8
1249560 2118.6
1249570 2107.9
1249580 2107.9
1249590 2099.3
1249600 2094.9
1249610 2094.9
1249620 2093.2
1249630 2092.2
1249640 2092.2
1249650 2094.0
1249660 2103.7
1249670 2103.7
1249680 2109.4
1249690 2115.8
1249700 2121.8
1249710 2121.8
1249720 2128.0
1249730 2134.2
1249740 2134.2
1249750 2139.8
1249760 2143.6
1249770 2143.6
1249780 2148.0
1249790 2152.3
1249800 2152.3
1249810 2159.3
1249820 2174.8
1249830 2174.8
1249840 2192.6
1249850 2202.0
1249860 2202.0
1249870 2203.4
1249880 2205.0
1249890 2205.0
1249900 2207.1
1249910 2211.0
1249920 2219.1
1249930 2219.1
1249940 2223.7
1249950 2229.0
1249960 2229.0
1249970 2235.1
1249980 2241.4
1249990 2241.4
1250000 2249.0
1250010 2256.5
1250020 2256.5
1250030 2264.6
1250040 2273.3
1250050 2273.3
1250060 2279.9
1250070 2284.5
1250080 2284.5
1250090 2289.9
1250100 2295.3
1250110 2301.6
1250120 2301.6
1250130 2306.6
1250140 2312.8
1250150 2312.8
1250160 2321.2
1250170 2328.6
1250180 2328.6
1250190 2334.7
1250200 2342.7
1250210 2342.7
1250220 2348.0
1250230 2352.6
1250240 2352.6
1250250 2356.8
1250260 2361.4
1250270 2361.4
1250280 2362.5
1250290 2365.7
1250300 2365.7
1250310 2373.5
1250320 2378.6
1250330 2382.7
1250340 2382.7
1250350 2386.7
1250360 2392.0
1250370 2392.0
1250380 2401.4
1250390 2408.4
1250400 2408.4
1250410 2413.4
1250420 2417.0
1250430 2417.0
1250440 2416.4
1250450 2413.8
1250460 2413.8
1250470 2410.9
1250480 2405.6
1250490 2405.6
1250500 2402.1
1250510 2399.5
1250520 2399.0
1250530 2399.0
1250540 2399.1
1250550 2399.1
1250560 2399.1
1250570 2399.1
1250580 2399.2
1250590 2399.2
1250600 2399.1
1250610 2399.1
1250620 2399.1
1250630 2399.2
1250640 2400.0
1250650 2400.0
1250660 2402.5
1250670 2406.1
1250680 2406.1
1250690 2413.0
1250700 2420.6
1250710 2420.6
1250720 2428.1
1250730 2432.8
1250740 2437.6
1250750 2437.6
1250760 2439.3
1250770 2440.4
1250780 2440.4
1250790 2441.1
1250800 2441.2
1250810 2441.2
1250820 2440.0
1250830 2439.6
1250840 2439.6
1250850 2439.5
1250860 2439.4
1250870 2439.4
1250880 2439.6
1250890 2439.6
1250900 2439.6
1250910 2439.6
1250920 2439.6
1250930 2439.6
1250940 2439.6
1250950 2439.8
1250960 2440.5
1250970 2440.5
1250980 2441.6
1250990 2444.9
1251000 2444.9
1251010 2448.9
1251020 2451.9
1251030 2451.9
1251040 2452.8
1251050 2454.0
1251060 2454.0
1251070 2454.6
1251080 2455.6
1251090 2455.6
1251100 2457.3
1251110 2459.2
1251120 2459.2
1251130 2462.0
1251140 2464.3
1251150 2465.7
1251160 2465.7
1251170 2467.1
1251180 2468.0
1251190 2468.0
1251200 2467.5
1251210 2467.8
1251220 2467.8
1251230 2468.8
1251240 2471.8
1251250 2471.8
1251260 2475.7
1251270 2479.5
1251280 2479.5
1251290 2479.3
1251300 2483.2
1251310 2483.2
1251320 2487.6
1251330 2492.1
1251340 2492.1
1251350 2496.3
1251360 2500.3
1251370 2504.0
1251380 2504.0
1251390 2507.2
1251400 2510.1
1251410 2510.1
1251420 2513.3
1251430 2517.2
1251440 2517.2
1251450 2521.4
1251460 2526.1
1251470 2526.1
1251480 2530.6
1251490 2535.1
1251500 2535.1
1251510 2539.5
1251520 2543.7
1251530 2543.7
1251540 2547.7
1251550 2552.0
1251560 2556.2
1251570 2556.2
1251580 2560.9
1251590 2566.2
1251600 2566.2
1251610 2571.8
1251620 2577.6
1251630 2577.6
1251640 2583.5
1251650 2589.3
1251660 2589.3
1251670 2595.0
1251680 2600.8
1251690 2600.8
1251700 2606.8
1251710 2612.9
1251720 2612.9
1251730 2619.4
1251740 2626.5
1251750 2626.5
1251760 2633.8
1251770 2642.3
1251780 2652.8
1251790 2652.8
1251800 2668.8
1251810 2684.5
1251820 2684.5
1251830 2701.9
1251840 2716.9
1251850 2716.9
1251860 2727.0
1251870 2738.6
1251880 2738.6
1251890 2751.6
1251900 2758.1
1251910 2758.1
1251920 2754.2
1251930 2751.8
1251940 2751.8
1251950 2749.4
1251960 2741.4
1251970 2734.0
1251980 2734.0
1251990 2728.2
1252000 2721.6
1252010 2721.6
1252020 2715.5
1252030 2711.1
1252040 2711.1
1252050 2705.3
1252060 2700.3
1252070 2700.3
1252080 2694.9
1252090 2685.2
1252100 2685.2
1252110 2673.0
1252120 2664.4
1252130 2664.4
1252140 2657.5
1252150 2653.2
1252160 2653.2
1252170 2648.4
1252180 2642.3
1252190 2640.1
1252200 2640.1
1252210 2643.0
1252220 2639.5
1252230 2639.5
1252240 2631.7
1252250 2623.6
1252260 2623.6
1252270 2612.0
1252280 2601.5
1252290 2601.5
1252300 2593.9
1252310 2588.1
1252320 2588.1
1252330 2581.3
1252340 2577.5
1252350 2577.5
1252360 2572.9
1252370 2564.0
1252380 2560.0
1252390 2560.0
1252400 2556.8
1252410 2553.0
1252420 2553.0
1252430 2549.8
1252440 2548.1
1252450 2548.1
1252460 2545.2
1252470 2541.2
1252480 2541.2
1252490 2536.2
1252500 2532.4
1252510 2532.4
1252520 2529.4
1252530 2527.3
1252540 2527.3
1252550 2524.6
1252560 2518.9
1252570 2518.9
1252580 2514.2
1252590 2511.1
1252600 2508.0
1252610 2508.0
1252620 2503.0
1252630 2498.7
1252640 2498.7
1252650 2494.5
1252660 2490.3
1252670 2490.3
1252680 2485.7
1252690 2481.4
1252700 2481.4
1252710 2474.7
1252720 2469.3
1252730 2469.3
1252740 2465.8
1252750 2463.9
1252760 2463.9
1252770 2462.4
1252780 2462.4
1252790 2462.1
1252800 2462.1
1252810 2460.9
1252820 2458.8
1252830 2458.8
1252840 2456.2
1252850 2452.4
1252860 2452.4
1252870 2447.7
1252880 2442.8
1252890 2442.8
1252900 2438.8
1252910 2434.7
1252920 2431.0
1252930 2426.7
1252940 2422.7
1252950 2422.7
1252960 2418.5
1252970 2414.8
1252980 2414.8
1252990 2411.2
1253000 2407.2
1253010 2403.5
1253020 2403.5
1253030 2399.6
1253040 2395.7
1253050 2395.7
1253060 2391.9
1253070 2388.4
1253080 2388.4
1253090 2386.1
1253100 2384.1
1253110 2384.1
1253120 2381.9
1253130 2379.6
1253140 2379.6
1253150 2377.6
1253160 2376.6
1253170 2376.6
1253180 2375.4
1253190 2374.5
1253200 2374.4
1253210 2374.4
1253220 2374.9
1253230 2373.8
1253240 2373.8
1253250 2370.6
1253260 2367.0
1253270 2367.0
1253280 2363.7
1253290 2359.4
1253300 2359.4
1253310 2354.7
1253320 2349.3
1253330 2349.3
1253340 2345.2
1253350 2342.4
1253360 2342.4
1253370 2340.4
1253380 2338.2
1253390 2338.2
1253400 2336.0
1253410 2333.3
1253420 2331.3
1253430 2331.3
1253440 2329.4
1253450 2327.3
1253460 2327.3
1253470 2324.0
1253480 2323.6
1253490 2323.6
1253500 2323.3
1253510 2323.1
1253520 2323.1
1253530 2322.7
1253540 2322.0
1253550 2322.0
1253560 2321.2
1253570 2320.5
1253580 2320.5
1253590 2319.8
1253600 2319.8
1253610 2319.6
1253620 2319.6
1253630 2319.5
1253640 2321.4
1253650 2321.4
1253660 2323.4
1253670 2325.1
1253680 2325.1
1253690 2325.9
1253700 2325.8
1253710 2325.8
1253720 2325.8
1253730 2325.7
1253740 2325.7
1253750 2323.5
1253760 2320.2
1253770 2320.2
1253780 2315.4
1253790 2310.1
1253800 2310.1
1253810 2304.6
1253820 2299.9
1253830 2296.1
1253840 2296.1
1253850 2291.5
1253860 2287.5
1253870 2287.5
1253880 2285.2
1253890 2284.1
1253900 2284.1
1253910 2283.1
1253920 2282.4
1253930 2282.4
1253940 2281.6
1253950 2282.3
1253960 2282.3
1253970 2283.9
1253980 2285.3
1253990 2285.3
1254000 2285.1
1254010 2283.6
1254020 2280.8
1254030 2280.8
1254040 2278.8
1254050 2278.1
1254060 2278.1
1254070 2277.6
1254080 2277.5
1254090 2277.5
1254100 2277.6
1254110 2277.1
1254120 2277.1
1254130 2276.9
1254140 2277.0
1254150 2277.0
1254160 2276.1
1254170 2274.5
1254180 2274.5
1254190 2274.3
1254200 2274.1
1254210 2274.1
1254220 2274.6
1254230 2275.4
1254240 2275.4
1254250 2275.4
1254260 2274.6
1254270 2272.3
1254280 2272.3
1254290 2269.8
1254300 2267.9
1254310 2267.9
1254320 2266.1
1254330 2265.4
1254340 2265.4
1254350 2265.2
1254360 2264.9
1254370 2264.9
1254380 2264.4
1254390 2263.9
1254400 2263.9
1254410 2262.7
1254420 2261.6
1254430 2261.0
1254440 2261.0
1254450 2261.2
1254460 2262.3
1254470 2262.3
1254480 2262.8
1254490 2263.1
1254500 2263.1
1254510 2264.2
1254520 2265.6
1254530 2265.6
1254540 2266.2
1254550 2266.1
1254560 2267.9
1254570 2267.4
1254580 2267.9
1254590 2267.9
1254600 2268.0
1254610 2267.5
1254620 2267.5
1254630 2266.3
1254640 2264.5
1254650 2262.7
1254660 2262.7
1254670 2261.0
1254680 2259.9
1254690 2259.9
1254700 2259.0
1254710 2257.8
1254720 2257.8
1254730 2255.5
1254740 2251.3
1254750 2251.3
1254760 2248.0
1254770 2247.0
1254780 2247.0
1254790 2242.5
1254800 2234.5
1254810 2234.5
1254820 2219.8
1254830 2202.7
1254840 2202.7
1254850 2190.5
1254860 2187.6
1254870 2187.1
1254880 2187.1
1254890 2186.7
1254900 2186.4
1254910 2186.4
1254920 2186.1
1254930 2185.8
1254940 2185.8
1254950 2185.3
1254960 2184.4
1254970 2184.4
1254980 2183.5
1254990 2183.7
1255000 2183.7
1255010 2183.6
1255020 2182.2
1255030 2182.2
1255040 2181.4
1255050 2181.7
1255060 2182.3
1255070 2182.3
1255080 2183.4
1255090 2184.4
1255100 2184.4
1255110 2185.2
1255120 2188.1
1255130 2188.1
1255140 2189.4
1255150 2190.4
1255160 2190.4
1255170 2192.0
1255180 2192.8
1255190 2192.8
1255200 2193.8
1255210 2195.2
1255220 2195.2
1255230 2197.6
1255240 2199.1
1255250 2199.1
1255260 2201.0
1255270 2203.7
1255280 2206.9
1255290 2206.9
1255300 2210.2
1255310 2213.9
1255320 2213.9
1255330 2218.0
1255340 2222.3
1255350 2222.3
1255360 2226.3
1255370 2230.3
1255380 2230.3
1255390 2233.8
1255400 2237.7
1255410 2237.7
1255420 2241.5
1255430 2245.2
1255440 2245.2
1255450 2248.2
1255460 2251.1
1255470 2254.1
1255480 2254.1
1255490 2257.4
1255500 2259.6
1255510 2259.6
1255520 2262.1
1255530 2264.0
1255540 2264.0
1255550 2266.1
1255560 2268.2
1255570 2268.2
1255580 2270.7
1255590 2272.6
1255600 2272.6
1255610 2274.2
1255620 2274.3
1255630 2274.3
1255640 2277.2
1255650 2283.5
1255660 2283.5
1255670 2295.5
1255680 2307.8
1255690 2318.1
1255700 2318.1
1255710 2326.0
1255720 2335.9
1255730 2335.9
1255740 2344.0
1255750 2355.2
1255760 2355.2
1255770 2361.9
1255780 2368.4
1255790 2368.4
1255800 2373.2
1255810 2376.6
1255820 2376.6
1255830 2382.0
1255840 2388.9
1255850 2388.9
1255860 2395.0
1255870 2402.3
1255880 2413.2
1255890 2413.2
1255900 2424.0
1255910 2431.3
1255920 2431.3
1255930 2437.1
1255940 2443.2
1255950 2443.2
1255960 2449.8
1255970 2456.1
1255980 2456.1
1255990 2462.5
1256000 2469.3
1256010 2469.3
1256020 2475.9
1256030 2484.4
1256040 2484.4
1256050 2498.7
1256060 2510.7
1256070 2510.7
1256080 2520.4
1256090 2528.2
1256100 2535.9
1256110 2535.9
1256120 2543.6
1256130 2551.0
1256140 2551.0
1256150 2560.7
1256160 2572.5
1256170 2572.5
1256180 2582.3
1256190 2591.4
1256200 2591.4
1256210 2601.9
1256220 2611.0
1256230 2611.0
1256240 2619.9
1256250 2628.0
1256260 2628.0
1256270 2636.8
1256280 2646.5
1256290 2654.8
1256300 2654.8
1256310 2660.0
1256320 2653.6
1256330 2653.6
1256340 2641.7
1256350 2630.3
1256360 2630.3
1256370 2617.8
1256380 2604.5
1256390 2604.5
1256400 2589.8
1256410 2574.6
1256420 2574.6
1256430 2563.0
1256440 2553.6
1256450 2553.6
1256460 2543.4
1256470 2536.2
1256480 2536.2
1256490 2532.4
1256500 2528.3
1256510 2523.7
1256520 2523.7
1256530 2518.5
1256540 2512.4
1256550 2512.4
1256560 2502.7
1256570 2490.4
1256580 2490.4
1256590 2479.9
1256600 2474.4
1256610 2474.4
1256620 2473.0
1256630 2468.2
1256640 2468.2
1256650 2454.0
1256660 2444.8
1256670 2444.8
1256680 2431.6
1256690 2420.9
1256700 2413.4
1256710 2413.4
1256720 2409.6
1256730 2406.2
1256740 2406.2
1256750 2404.3
1256760 2404.0
1256770 2404.0
1256780 2412.1
1256790 2415.8
1256800 2415.8
1256810 2420.9
1256820 2421.7
1256830 2421.7
1256840 2419.5
1256850 2415.1
1256860 2415.1
1256870 2411.4
1256880 2407.1
1256890 2407.1
1256900 2415.5
1256910 2430.0
1256920 2444.9
1256930 2444.9
1256940 2457.7
1256950 2465.6
1256960 2465.6
1256970 2467.2
1256980 2466.5
1256990 2466.5
1257000 2466.2
1257010 2466.9
1257020 2466.9
1257030 2465.7
1257040 2464.9
1257050 2464.9
1257060 2465.2
1257070 2466.7
1257080 2466.7
1257090 2469.0
1257100 2474.4
1257110 2479.9
1257120 2479.9
1257130 2485.3
1257140 2490.7
1257150 2490.7
1257160 2496.0
1257170 2504.0
1257180 2504.0
1257190 2517.1
1257200 2509.6
1257210 2509.6
1257220 2498.5
1257230 2487.2
1257240 2487.2
1257250 2474.7
1257260 2463.5
1257270 2463.5
1257280 2447.8
1257290 2428.1
1257300 2428.1
1257310 2408.1
1257320 2383.0
1257330 2374.7
1257340 2374.7
1257350 2364.5
1257360 2356.1
1257370 2356.1
1257380 2346.7
1257390 2338.1
1257400 2338.1
1257410 2332.3
1257420 2326.1
1257430 2326.1
1257440 2320.7
1257450 2319.0
1257460 2319.0
1257470 2319.3
1257480 2314.5
1257490 2314.5
1257500 2306.4
1257510 2307.6
1257520 2316.6
1257530 2316.6
1257540 2326.2
1257550 2342.4
1257560 2342.4
1257570 2353.9
1257580 2358.8
1257590 2358.8
1257600 2364.2
1257610 2355.3
1257620 2355.3
1257630 2336.4
1257640 2320.2
1257650 2320.2
1257660 2303.8
1257670 2283.5
1257680 2283.5
1257690 2270.3
1257700 2265.5
1257710 2265.5
1257720 2261.8
1257730 2260.6
1257740 2260.3
1257750 2260.3
1257760 2260.7
1257770 2260.5
1257780 2260.5
1257790 2260.6
1257800 2261.1
1257810 2261.1
1257820 2261.4
1257830 2261.6
1257840 2261.6
1257850 2260.9
1257860 2260.3
1257870 2260.3
1257880 2259.5
1257890 2264.0
1257900 2264.0
1257910 2262.7
1257920 2265.6
1257930 2267.1
1257940 2267.1
1257950 2267.3
1257960 2266.6
1257970 2266.6
1257980 2264.8
1257990 2262.5
1258000 2262.5
1258010 2261.8
1258020 2261.6
1258030 2261.6
1258040 2262.0
1258050 2262.3
1258060 2262.3
1258070 2262.5
1258080 2262.2
1258090 2262.2
1258100 2262.3
1258110 2261.8
1258120 2261.8
1258130 2260.7
1258140 2256.1
1258150 2251.2
1258160 2251.2
1258170 2254.0
1258180 2256.8
1258190 2256.8
1258200 2259.0
1258210 2264.4
1258220 2264.4
1258230 2266.4
1258240 2268.5
1258250 2268.5
1258260 2276.3
1258270 2282.3
1258280 2282.3
1258290 2270.4
1258300 2254.6
1258310 2254.6
1258320 2252.1
1258330 2250.2
1258340 2245.3
1258350 2245.3
1258360 2242.6
1258370 2241.0
1258380 2241.0
1258390 2238.9
1258400 2238.9
1258410 2238.9
1258420 2240.4
1258430 2243.5
1258440 2243.5
1258450 2248.7
1258460 2249.8
1258470 2249.8
1258480 2251.8
1258490 2253.4
1258500 2253.4
1258510 2255.0
1258520 2257.2
1258530 2257.2
1258540 2259.0
1258550 2261.3
1258560 2262.4
1258570 2262.4
1258580 2263.8
1258590 2264.9
1258600 2264.9
1258610 2265.9
1258620 2266.2
1258630 2266.2
1258640 2265.8
1258650 2267.1
1258660 2267.1
1258670 2267.2
1258680 2266.8
1258690 2266.8
1258700 2266.7
1258710 2267.5
1258720 2267.5
1258730 2268.1
1258740 2268.9
1258750 2269.8
1258760 2269.8
1258770 2270.7
1258780 2271.4
1258790 2271.4
1258800 2272.2
1258810 2273.4
1258820 2273.4
1258830 2275.2
1258840 2277.4
1258850 2277.4
1258860 2279.6
1258870 2282.2
1258880 2282.2
1258890 2283.5
1258900 2284.9
1258910 2284.9
1258920 2287.3
1258930 2290.3
1258940 2290.3
1258950 2293.8
1258960 2296.9
1258970 2300.3
1258980 2300.3
1258990 2304.0
1259000 2308.0
1259010 2311.2
1259020 2315.4
1259030 2319.3
1259040 2319.3
1259050 2323.6
1259060 2328.0
1259070 2328.0
1259080 2332.3
1259090 2336.8
1259100 2336.8
1259110 2341.4
1259120 2346.2
1259130 2346.2
1259140 2351.0
1259150 2355.4
1259160 2355.4
1259170 2359.6
1259180 2363.6
1259190 2367.8
1259200 2367.8
1259210 2371.8
1259220 2376.4
1259230 2376.4
1259240 2382.0
1259250 2387.8
1259260 2387.8
1259270 2393.5
1259280 2398.5
1259290 2398.5
1259300 2403.6
1259310 2408.0
1259320 2408.0
1259330 2411.7
1259340 2416.0
1259350 2416.0
1259360 2420.3
1259370 2424.9
1259380 2430.0
1259390 2430.0
1259400 2435.4
1259410 2440.3
1259420 2440.3
1259430 2444.8
1259440 2450.4
1259450 2450.4
1259460 2456.9
1259470 2465.7
1259480 2465.7
1259490 2481.0
1259500 2496.2
1259510 2496.2
1259520 2513.4
1259530 2533.2
1259540 2533.2
1259550 2542.3
1259560 2549.4
1259570 2550.6
1259580 2557.5
1259590 2564.3
1259600 2570.7
1259610 2570.7
1259620 2578.3
1259630 2589.3
1259640 2589.3
1259650 2599.2
1259660 2608.5
1259670 2608.5
1259680 2622.6
1259690 2642.5
1259700 2642.5
1259710 2651.3
1259720 2659.8
1259730 2659.8
1259740 2659.9
1259750 2659.9
1259760 2659.9
1259770 2661.2
1259780 2662.1
1259790 2662.9
1259800 2662.9
1259810 2662.6
1259820 2662.3
1259830 2662.3
1259840 2662.6
1259850 2662.5
1259860 2662.5
1259870 2663.2
1259880 2664.5
1259890 2664.5
1259900 2664.6
1259910 2659.2
1259920 2659.2
1259930 2656.3
1259940 2654.5
1259950 2654.5
1259960 2653.0
1259970 2650.5
1259980 2650.5
1259990 2646.8
