1240000 2299.5
1240010 2297.3
1240020 2297.1
1240030 2297.1
1240040 2297.5
1240050 2296.5
1240060 2296.5
1240070 2295.5
1240080 2295.2
1240090 2295.2
1240100 2294.4
1240110 2293.8
1240120 2293.8
1240130 2293.5
1240140 2293.1
1240150 2292.8
1240160 2292.8
1240170 2292.5
1240180 2292.1
1240190 2292.1
1240200 2291.8
1240210 2291.4
1240220 2291.4
1240230 2290.8
1240240 2290.4
1240250 2290.4
1240260 2289.7
1240270 2289.2
1240280 2289.2
1240290 2289.6
1240300 2290.5
1240310 2290.5
1240320 2291.3
1240330 2292.3
1240340 2292.3
1240350 2293.4
1240360 2294.5
1240370 2295.5
1240380 2295.5
1240390 2296.3
1240400 2295.1
1240410 2295.1
1240420 2295.0
1240430 2294.5
1240440 2294.5
1240450 2293.5
1240460 2292.5
1240470 2292.5
1240480 2291.5
1240490 2290.8
1240500 2290.8
1240510 2290.2
1240520 2289.3
1240530 2289.3
1240540 2289.6
1240550 2291.3
1240560 2291.3
1240570 2293.2
1240580 2295.5
1240590 2297.3
1240600 2297.3
1240610 2299.2
1240620 2301.1
1240630 2301.1
1240640 2303.4
1240650 2305.4
1240660 2305.4
1240670 2307.7
1240680 2310.1
1240690 2310.1
1240700 2312.0
1240710 2313.7
1240720 2313.7
1240730 2316.2
1240740 2318.2
1240750 2318.2
1240760 2319.7
1240770 2321.5
1240780 2323.4
1240790 2323.4
1240800 2324.7
1240810 2326.9
1240820 2326.9
1240830 2329.0
1240840 2331.3
1240850 2331.3
1240860 2333.0
1240870 2333.9
1240880 2333.9
1240890 2334.8
1240900 2336.4
1240910 2336.4
1240920 2342.2
1240930 2344.6
1240940 2344.6
1240950 2351.2
1240960 2358.1
1240970 2358.1
1240980 2363.2
1240990 2367.7
1241000 2371.9
1241010 2371.9
1241020 2375.2
1241030 2377.6
1241040 2377.6
1241050 2379.8
1241060 2383.4
1241070 2383.4
1241080 2388.9
1241090 2394.7
1241100 2394.7
1241110 2400.5
1241120 2405.3
1241130 2405.3
1241140 2408.3
1241150 2411.8
1241160 2411.8
1241170 2414.5
1241180 2416.6
1241190 2419.5
1241200 2419.5
1241210 2423.1
1241220 2427.3
1241230 2427.3
1241240 2432.2
1241250 2437.8
1241260 2437.8
1241270 2443.8
1241280 2449.9
1241290 2449.9
1241300 2456.1
1241310 2462.2
1241320 2462.2
1241330 2468.0
1241340 2473.8
1241350 2473.8
1241360 2479.8
1241370 2488.4
1241380 2488.4
1241390 2499.0
1241400 2507.5
1241410 2516.0
1241420 2516.0
1241430 2524.6
1241440 2528.5
1241450 2528.5
1241460 2538.5
1241470 2545.7
1241480 2545.7
1241490 2553.6
1241500 2561.1
1241510 2561.1
1241520 2568.4
1241530 2575.9
1241540 2575.9
1241550 2582.6
1241560 2589.4
1241570 2589.4
1241580 2596.3
1241590 2602.5
1241600 2606.4
1241610 2606.4
1241620 2611.0
1241630 2616.2
1241640 2616.2
1241650 2622.0
1241660 2629.1
1241670 2629.1
1241680 2638.0
1241690 2646.3
1241700 2646.3
1241710 2652.2
1241720 2657.3
1241730 2657.3
1241740 2662.2
1241750 2665.8
1241760 2665.8
1241770 2667.2
1241780 2669.0
1241790 2669.0
1241800 2671.5
1241810 2674.1
1241820 2677.9
1241830 2677.9
1241840 2681.9
1241850 2684.8
1241860 2684.8
1241870 2687.5
1241880 2690.3
1241890 2690.3
1241900 2692.7
1241910 2694.0
1241920 2694.0
1241930 2696.0
1241940 2699.6
1241950 2699.6
1241960 2704.1
1241970 2707.1
1241980 2707.1
1241990 2713.5
1242000 2719.9
1242010 2727.0
1242020 2727.0
1242030 2734.5
1242040 2745.1
1242050 2745.1
1242060 2755.1
1242070 2764.3
1242080 2764.3
1242090 2775.7
1242100 2784.6
1242110 2784.6
1242120 2791.3
1242130 2795.1
1242140 2795.1
1242150 2796.7
1242160 2800.0
1242170 2800.0
1242180 2807.3
1242190 2816.1
1242200 2816.1
1242210 2822.0
1242220 2827.1
1242230 2833.6
1242240 2833.6
1242250 2838.3
1242260 2842.7
1242270 2842.7
1242280 2847.3
1242290 2853.7
1242300 2853.7
1242310 2860.7
1242320 2868.0
1242330 2868.0
1242340 2874.4
1242350 2878.8
1242360 2878.8
1242370 2883.9
1242380 2890.0
1242390 2890.0
1242400 2890.6
1242410 2888.2
1242420 2888.2
1242430 2885.8
1242440 2880.7
1242450 2875.2
1242460 2875.2
1242470 2869.0
1242480 2861.8
1242490 2854.8
1242500 2846.2
1242510 2838.8
1242520 2838.8
1242530 2829.9
1242540 2820.3
1242550 2820.3
1242560 2814.7
1242570 2810.5
1242580 2810.5
1242590 2806.2
1242600 2805.8
1242610 2805.8
1242620 2808.1
1242630 2804.7
1242640 2794.0
1242650 2794.0
1242660 2785.3
1242670 2780.7
1242680 2780.7
1242690 2774.9
1242700 2767.5
1242710 2767.5
1242720 2760.6
1242730 2756.1
1242740 2756.1
1242750 2750.1
1242760 2744.5
1242770 2744.5
1242780 2742.1
1242790 2741.1
1242800 2741.1
1242810 2737.3
1242820 2732.5
1242830 2732.5
1242840 2731.8
1242850 2728.8
1242860 2720.2
1242870 2720.2
1242880 2710.9
1242890 2700.3
1242900 2700.3
1242910 2688.3
1242920 2675.2
1242930 2675.2
1242940 2664.4
1242950 2653.7
1242960 2653.7
1242970 2642.9
1242980 2633.8
1242990 2633.8
1243000 2612.5
1243010 2594.1
1243020 2594.1
1243030 2584.0
1243040 2577.1
1243050 2568.9
1243060 2568.9
1243070 2559.8
1243080 2553.0
1243090 2553.0
1243100 2546.2
1243110 2536.2
1243120 2536.2
1243130 2524.7
1243140 2514.3
1243150 2514.3
1243160 2502.5
1243170 2485.6
1243180 2485.6
1243190 2476.7
1243200 2475.7
1243210 2475.7
1243220 2474.0
1243230 2465.8
1243240 2465.8
1243250 2458.3
1243260 2450.3
1243270 2444.3
1243280 2444.3
1243290 2439.2
1243300 2437.8
1243310 2437.8
1243320 2436.0
1243330 2431.3
1243340 2431.3
1243350 2429.8
1243360 2431.1
1243370 2431.1
1243380 2431.9
1243390 2432.1
1243400 2432.1
1243410 2429.2
1243420 2426.1
1243430 2426.1
1243440 2425.0
1243450 2423.9
1243460 2423.6
1243470 2423.6
1243480 2420.9
1243490 2416.4
1243500 2416.4
1243510 2410.5
1243520 2405.6
1243530 2405.6
1243540 2396.1
1243550 2395.1
1243560 2395.1
1243570 2392.8
1243580 2386.5
1243590 2386.5
1243600 2384.1
1243610 2379.1
1243620 2379.1
1243630 2371.9
1243640 2369.1
1243650 2369.1
1243660 2366.2
1243670 2369.8
1243680 2365.5
1243690 2365.5
1243700 2363.3
1243710 2355.7
1243720 2355.7
1243730 2347.5
1243740 2340.0
1243750 2340.0
1243760 2332.6
1243770 2326.2
1243780 2326.2
1243790 2322.8
1243800 2320.4
1243810 2320.4
1243820 2318.5
1243830 2314.8
1243840 2314.8
1243850 2313.3
1243860 2313.7
1243870 2314.4
1243880 2314.4
1243890 2315.9
1243900 2317.0
1243910 2317.0
1243920 2316.9
1243930 2320.7
1243940 2320.7
1243950 2332.3
1243960 2339.2
1243970 2339.2
1243980 2339.5
1243990 2341.3
1244000 2341.3
1244010 2342.6
1244020 2341.1
1244030 2341.1
1244040 2339.0
1244050 2336.1
1244060 2335.8
1244070 2330.0
1244080 2324.4
1244090 2320.2
1244100 2320.2
1244110 2314.7
1244120 2309.4
1244130 2309.4
1244140 2306.5
1244150 2305.5
1244160 2305.5
1244170 2302.5
1244180 2297.6
1244190 2297.6
1244200 2295.2
1244210 2291.6
1244220 2291.6
1244230 2287.8
1244240 2284.2
1244250 2284.2
1244260 2282.8
1244270 2280.8
1244280 2277.5
1244290 2277.5
1244300 2274.5
1244310 2269.7
1244320 2269.7
1244330 2268.5
1244340 2261.6
1244350 2261.6
1244360 2261.6
1244370 2262.9
1244380 2262.9
1244390 2261.8
1244400 2259.0
1244410 2259.0
1244420 2255.2
1244430 2249.9
1244440 2249.9
1244450 2242.4
1244460 2236.3
1244470 2236.3
1244480 2236.2
1244490 2234.1
1244500 2227.4
1244510 2227.4
1244520 2217.3
1244530 2210.2
1244540 2210.2
1244550 2205.7
1244560 2204.8
1244570 2204.8
1244580 2205.6
1244590 2208.1
1244600 2208.1
1244610 2209.0
1244620 2208.7
1244630 2208.7
1244640 2207.2
1244650 2204.8
1244660 2204.8
1244670 2201.5
1244680 2198.1
1244690 2198.1
1244700 2197.0
1244710 2195.8
1244720 2192.7
1244730 2192.7
1244740 2190.3
1244750 2189.8
1244760 2189.8
1244770 2188.6
1244780 2187.4
1244790 2187.4
1244800 2185.4
1244810 2182.6
1244820 2182.6
1244830 2180.0
1244840 2179.9
1244850 2179.9
1244860 2180.3
1244870 2178.3
1244880 2178.3
1244890 2174.0
1244900 2171.8
1244910 2174.8
1244920 2174.8
1244930 2178.7
1244940 2180.6
1244950 2180.6
1244960 2180.3
1244970 2179.4
1244980 2179.4
1244990 2177.1
1245000 2174.9
1245010 2174.9
1245020 2173.9
1245030 2172.7
1245040 2172.7
1245050 2171.0
1245060 2170.4
1245070 2170.4
1245080 2169.1
1245090 2166.8
1245100 2166.8
1245110 2165.0
1245120 2164.5
1245130 2164.4
1245140 2164.4
1245150 2164.1
1245160 2165.5
1245170 2165.5
1245180 2164.7
1245190 2164.5
1245200 2164.5
1245210 2165.0
1245220 2164.3
1245230 2164.3
1245240 2164.9
1245250 2167.9
1245260 2167.9
1245270 2171.4
1245280 2173.2
1245290 2173.2
1245300 2176.0
1245310 2178.2
1245320 2185.3
1245330 2185.3
1245340 2200.6
1245350 2208.2
1245360 2208.2
1245370 2212.1
1245380 2216.5
1245390 2216.5
1245400 2220.7
1245410 2225.1
1245420 2225.1
1245430 2228.2
1245440 2228.3
1245450 2228.3
1245460 2228.5
1245470 2230.5
1245480 2230.5
1245490 2232.2
1245500 2232.9
1245510 2232.9
1245520 2230.8
1245530 2226.2
1245540 2221.8
1245550 2221.8
1245560 2218.5
1245570 2211.0
1245580 2211.0
1245590 2199.0
1245600 2189.0
1245610 2189.0
1245620 2186.4
1245630 2184.9
1245640 2184.9
1245650 2184.9
1245660 2187.1
1245670 2187.1
1245680 2190.7
1245690 2192.8
1245700 2192.8
1245710 2194.7
1245720 2196.2
1245730 2197.9
1245740 2197.9
1245750 2199.2
1245760 2197.3
1245770 2197.3
1245780 2192.9
1245790 2190.5
1245800 2190.5
1245810 2190.2
1245820 2191.1
1245830 2191.1
1245840 2192.4
1245850 2193.2
1245860 2193.2
1245870 2193.5
1245880 2194.1
1245890 2194.1
1245900 2195.5
1245910 2197.8
1245920 2197.8
1245930 2199.1
1245940 2199.2
1245950 2198.3
1245960 2198.3
1245970 2199.8
1245980 2204.0
1245990 2204.0
1246000 2207.5
1246010 2208.3
1246020 2208.3
1246030 2209.8
1246040 2211.9
1246050 2211.9
1246060 2221.7
1246070 2229.0
1246080 2229.0
1246090 2235.0
1246100 2239.0
1246110 2239.0
1246120 2243.2
1246130 2246.7
1246140 2250.6
1246150 2250.6
1246160 2254.6
1246170 2261.1
1246180 2256.7
1246190 2262.3
1246200 2266.0
1246210 2266.0
1246220 2270.0
1246230 2276.7
1246240 2276.7
1246250 2286.1
1246260 2294.3
1246270 2294.3
1246280 2299.9
1246290 2304.0
1246300 2304.0
1246310 2310.8
1246320 2319.2
1246330 2319.2
1246340 2324.1
1246350 2325.8
1246360 2329.8
1246370 2329.8
1246380 2335.5
1246390 2341.5
1246400 2341.5
1246410 2350.2
1246420 2357.6
1246430 2357.6
1246440 2365.5
1246450 2371.8
1246460 2371.8
1246470 2374.7
1246480 2376.6
1246490 2376.6
1246500 2377.1
1246510 2376.9
1246520 2376.9
1246530 2377.1
1246540 2376.9
1246550 2376.9
1246560 2375.6
1246570 2375.9
1246580 2378.3
1246590 2378.3
1246600 2381.5
1246610 2389.6
1246620 2389.6
1246630 2399.0
1246640 2406.1
1246650 2406.1
1246660 2406.3
1246670 2406.1
1246680 2406.1
1246690 2413.8
1246700 2421.3
1246710 2423.5
1246720 2428.9
1246730 2435.8
1246740 2435.8
1246750 2444.1
1246760 2451.3
1246770 2456.6
1246780 2456.6
1246790 2461.0
1246800 2465.7
1246810 2465.7
1246820 2472.1
1246830 2478.4
1246840 2478.4
1246850 2484.0
1246860 2488.9
1246870 2488.9
1246880 2493.4
1246890 2496.0
1246900 2496.0
1246910 2496.8
1246920 2499.6
1246930 2499.6
1246940 2504.0
1246950 2507.0
1246960 2507.0
1246970 2510.8
1246980 2515.5
1246990 2519.6
1247000 2519.6
1247010 2523.1
1247020 2527.2
1247030 2527.2
1247040 2528.8
1247050 2527.3
1247060 2527.3
1247070 2523.0
1247080 2517.4
1247090 2517.4
1247100 2517.5
1247110 2521.1
1247120 2521.1
1247130 2524.5
1247140 2528.8
1247150 2528.8
1247160 2531.8
1247170 2534.5
1247180 2537.6
1247190 2537.6
1247200 2541.7
1247210 2546.4
1247220 2546.4
1247230 2550.1
1247240 2551.7
1247250 2551.7
1247260 2556.0
1247270 2560.7
1247280 2560.7
1247290 2563.8
1247300 2565.9
1247310 2565.9
1247320 2568.7
1247330 2570.4
1247340 2570.4
1247350 2571.2
1247360 2571.4
1247370 2571.4
1247380 2571.3
1247390 2571.2
1247400 2574.1
1247410 2574.1
1247420 2576.6
1247430 2579.5
1247440 2579.5
1247450 2582.5
1247460 2584.1
1247470 2584.1
1247480 2586.9
1247490 2588.9
1247500 2588.9
1247510 2590.3
1247520 2592.5
1247530 2592.5
1247540 2596.3
1247550 2601.0
1247560 2601.0
1247570 2606.7
1247580 2613.4
1247590 2620.3
1247600 2620.3
1247610 2628.0
1247620 2644.5
1247630 2644.5
1247640 2672.6
1247650 2685.7
1247660 2685.7
1247670 2692.5
1247680 2701.3
1247690 2701.3
1247700 2707.5
1247710 2712.4
1247720 2712.4
1247730 2718.3
1247740 2719.6
1247750 2719.6
1247760 2706.0
1247770 2690.6
1247780 2690.6
1247790 2671.8
1247800 2654.8
1247810 2639.5
1247820 2639.5
1247830 2627.9
1247840 2618.7
1247850 2618.7
1247860 2605.8
1247870 2593.0
1247880 2593.0
1247890 2587.1
1247900 2581.8
1247910 2581.8
1247920 2575.4
1247930 2568.8
1247940 2568.8
1247950 2561.8
1247960 2553.9
1247970 2553.9
1247980 2547.1
1247990 2541.3
1248000 2534.8
1248010 2534.8
1248020 2523.8
1248030 2513.6
1248040 2513.6
1248050 2502.7
1248060 2493.1
1248070 2493.1
1248080 2485.3
1248090 2478.3
1248100 2478.3
1248110 2470.8
1248120 2463.1
1248130 2463.1
1248140 2455.6
1248150 2448.3
1248160 2448.3
1248170 2441.7
1248180 2435.3
1248190 2435.3
1248200 2429.5
1248210 2423.8
1248220 2418.2
1248230 2418.2
1248240 2411.9
1248250 2406.3
1248260 2406.3
1248270 2400.9
1248280 2395.9
1248290 2395.9
1248300 2391.0
1248310 2386.3
1248320 2386.3
1248330 2381.6
1248340 2376.5
1248350 2376.5
1248360 2372.8
1248370 2369.3
1248380 2369.3
1248390 2365.3
1248400 2360.3
1248410 2354.2
1248420 2354.2
1248430 2347.7
1248440 2342.7
1248450 2342.7
1248460 2338.0
1248470 2332.9
1248480 2332.9
1248490 2327.7
1248500 2322.4
1248510 2322.4
1248520 2317.2
1248530 2311.2
1248540 2311.2
1248550 2305.7
1248560 2300.8
1248570 2300.8
1248580 2297.1
1248590 2293.8
1248600 2293.8
1248610 2290.1
1248620 2285.1
1248630 2280.5
1248640 2280.5
1248650 2275.2
1248660 2270.1
1248670 2270.1
1248680 2265.2
1248690 2259.9
1248700 2259.9
1248710 2254.9
1248720 2249.1
1248730 2249.1
1248740 2241.9
1248750 2235.2
1248760 2235.2
1248770 2229.5
1248780 2223.8
1248790 2223.8
1248800 2216.5
1248810 2208.0
1248820 2208.0
1248830 2200.4
1248840 2191.6
1248850 2188.2
1248860 2188.2
1248870 2179.4
1248880 2171.9
1248890 2171.9
1248900 2164.4
1248910 2158.3
1248920 2158.3
1248930 2152.9
1248940 2147.8
1248950 2147.8
1248960 2142.5
1248970 2136.4
1248980 2136.4
1248990 2130.1
1249000 2123.0
1249010 2123.0
1249020 2115.7
1249030 2109.5
1249040 2104.3
1249050 2104.3
1249060 2099.7
1249070 2095.9
1249080 2095.9
1249090 2091.3
1249100 2084.6
1249110 2084.6
1249120 2077.8
1249130 2072.6
1249140 2072.6
1249150 2069.1
1249160 2065.1
1249170 2065.1
1249180 2060.9
1249190 2058.1
1249200 2058.1
1249210 2056.0
1249220 2054.1
1249230 2054.1
1249240 2052.3
1249250 2051.0
1249260 2050.2
1249270 2050.2
1249280 2049.5
1249290 2048.0
1249300 2048.0
1249310 2045.2
1249320 2044.3
1249330 2044.3
1249340 2043.5
1249350 2038.7
1249360 2038.7
1249370 2029.7
1249380 2033.2
1249390 2033.2
1249400 2031.1
1249410 2028.9
1249420 2028.9
1249430 2026.7
1249440 2025.6
1249450 2025.8
1249460 2025.8
1249470 2025.9
1249480 2030.9
1249490 2030.9
1249500 2035.0
1249510 2036.7
1249520 2036.7
1249530 2037.7
1249540 2039.2
1249550 2039.2
1249560 2039.8
1249570 2040.6
1249580 2040.6
1249590 2041.8
1249600 2042.8
1249610 2042.8
1249620 2043.9
1249630 2045.3
1249640 2045.3
1249650 2048.3
1249660 2052.3
1249670 2055.6
1249680 2055.6
1249690 2058.6
1249700 2061.6
1249710 2061.6
1249720 2064.4
1249730 2067.5
1249740 2067.5
1249750 2070.7
1249760 2074.0
1249770 2074.0
1249780 2077.3
1249790 2081.1
1249800 2081.1
1249810 2084.8
1249820 2088.6
1249830 2088.6
1249840 2092.7
1249850 2096.4
1249860 2099.7
1249870 2099.7
1249880 2104.0
1249890 2109.0
1249900 2109.0
1249910 2113.6
1249920 2118.1
1249930 2118.1
1249940 2122.5
1249950 2127.6
1249960 2127.6
1249970 2130.9
1249980 2133.3
1249990 2133.3
1250000 2139.4
1250010 2160.3
1250020 2160.3
1250030 2171.9
1250040 2180.2
1250050 2180.2
1250060 2194.8
1250070 2200.9
1250080 2207.2
1250090 2207.2
1250100 2212.7
1250110 2218.3
1250120 2218.3
1250130 2225.3
1250140 2232.1
1250150 2232.1
1250160 2237.9
1250170 2243.8
1250180 2243.8
1250190 2250.4
1250200 2255.7
1250210 2255.7
1250220 2261.6
1250230 2267.7
1250240 2267.7
1250250 2273.8
1250260 2280.1
1250270 2286.5
1250280 2286.5
1250290 2292.9
1250300 2299.0
1250310 2299.0
1250320 2305.1
1250330 2311.0
1250340 2311.0
1250350 2316.6
1250360 2322.2
1250370 2322.2
1250380 2327.8
1250390 2333.1
1250400 2333.1
1250410 2338.0
1250420 2342.2
1250430 2342.2
1250440 2346.3
1250450 2351.0
1250460 2347.6
1250470 2354.4
1250480 2361.5
1250490 2368.3
1250500 2368.3
1250510 2375.1
1250520 2383.6
1250530 2383.6
1250540 2400.6
1250550 2417.8
1250560 2417.8
1250570 2436.7
1250580 2456.2
1250590 2456.2
1250600 2468.2
1250610 2473.1
1250620 2473.1
1250630 2487.5
1250640 2498.3
1250650 2498.3
1250660 2508.1
1250670 2516.4
1250680 2516.4
1250690 2525.6
1250700 2533.6
1250710 2541.9
1250720 2541.9
1250730 2550.5
1250740 2558.8
1250750 2558.8
1250760 2567.2
1250770 2575.2
1250780 2575.2
1250790 2584.0
1250800 2593.2
1250810 2593.2
1250820 2602.5
1250830 2611.5
1250840 2611.5
1250850 2620.4
1250860 2628.8
1250870 2628.8
1250880 2637.0
1250890 2645.4
1250900 2654.9
1250910 2654.9
1250920 2660.9
1250930 2660.1
1250940 2660.1
1250950 2666.6
1250960 2675.6
1250970 2675.6
1250980 2684.5
1250990 2693.8
1251000 2701.7
1251010 2708.1
1251020 2709.0
1251030 2709.0
1251040 2718.3
1251050 2734.1
1251060 2734.1
1251070 2744.4
1251080 2752.9
1251090 2752.9
1251100 2761.6
1251110 2771.5
1251120 2780.9
1251130 2780.9
1251140 2784.3
1251150 2787.6
1251160 2787.6
1251170 2804.4
1251180 2813.5
1251190 2813.5
1251200 2818.6
1251210 2825.1
1251220 2825.1
1251230 2835.7
1251240 2846.9
1251250 2846.9
1251260 2857.7
1251270 2865.9
1251280 2865.9
1251290 2871.0
1251300 2873.4
1251310 2876.0
1251320 2876.0
1251330 2879.7
1251340 2885.9
1251350 2885.9
1251360 2893.3
1251370 2892.6
1251380 2892.6
1251390 2894.2
1251400 2899.3
1251410 2899.3
1251420 2901.8
1251430 2913.4
1251440 2913.4
1251450 2921.8
1251460 2928.2
1251470 2928.2
1251480 2933.0
1251490 2937.7
1251500 2937.7
1251510 2935.9
1251520 2934.3
1251530 2938.5
1251540 2938.5
1251550 2944.6
1251560 2953.5
1251570 2953.5
1251580 2954.9
1251590 2953.3
1251600 2953.3
1251610 2951.4
1251620 2954.9
1251630 2954.9
1251640 2963.0
1251650 2971.0
1251660 2971.0
1251670 2976.3
1251680 2969.3
1251690 2969.3
1251700 2960.4
1251710 2950.5
1251720 2941.3
1251730 2941.3
1251740 2943.0
1251750 2958.1
1251760 2958.1
1251770 2976.4
1251780 2991.8
1251790 2991.8
1251800 2996.7
1251810 3001.7
1251820 3001.7
1251830 3007.2
1251840 3006.3
1251850 3006.3
1251860 3007.3
1251870 3003.1
1251880 3003.1
1251890 2997.2
1251900 2992.3
1251910 2992.3
1251920 2988.5
1251930 2994.2
1251940 2993.5
1251950 2993.5
1251960 2986.0
1251970 2977.8
1251980 2977.8
1251990 2966.6
1252000 2957.9
1252010 2957.9
1252020 2960.2
1252030 2966.6
1252040 2966.6
1252050 2977.4
1252060 2973.3
1252070 2973.3
1252080 2973.0
1252090 2966.4
1252100 2966.4
1252110 2971.3
1252120 2962.3
1252130 2960.9
1252140 2960.9
1252150 2959.1
1252160 2948.9
1252170 2948.9
1252180 2939.0
1252190 2935.9
1252200 2935.9
1252210 2934.6
1252220 2927.8
1252230 2927.8
1252240 2921.2
1252250 2916.0
1252260 2916.0
1252270 2909.5
1252280 2904.4
1252290 2904.4
1252300 2898.0
1252310 2895.1
1252320 2895.1
1252330 2897.8
1252340 2898.3
1252350 2894.0
1252360 2894.0
1252370 2888.5
1252380 2881.3
1252390 2881.3
1252400 2874.6
1252410 2869.6
1252420 2869.6
1252430 2870.5
1252440 2869.1
1252450 2869.1
1252460 2863.9
1252470 2856.9
1252480 2856.9
1252490 2849.8
1252500 2843.0
1252510 2843.0
1252520 2836.5
1252530 2830.4
1252540 2823.9
1252550 2823.9
1252560 2811.1
1252570 2794.4
1252580 2794.4
1252590 2788.6
1252600 2788.5
1252610 2788.5
1252620 2783.8
1252630 2779.5
1252640 2777.6
1252650 2770.3
1252660 2762.0
1252670 2762.0
1252680 2753.6
1252690 2746.6
1252700 2746.6
1252710 2740.6
1252720 2734.4
1252730 2734.4
1252740 2728.6
1252750 2723.6
1252760 2718.3
1252770 2718.3
1252780 2712.9
1252790 2707.2
1252800 2707.2
1252810 2702.1
1252820 2697.9
1252830 2697.9
1252840 2694.0
1252850 2690.1
1252860 2690.1
1252870 2685.4
1252880 2680.3
1252890 2680.3
1252900 2675.9
1252910 2671.8
1252920 2671.8
1252930 2667.2
1252940 2662.2
1252950 2662.2
1252960 2656.5
1252970 2652.1
1252980 2648.8
1252990 2648.8
1253000 2645.4
1253010 2641.8
1253020 2641.8
1253030 2641.4
1253040 2641.2
1253050 2641.2
1253060 2644.4
1253070 2650.3
1253080 2650.3
1253090 2651.3
1253100 2645.6
1253110 2645.6
1253120 2640.6
1253130 2636.2
1253140 2636.2
1253150 2630.6
1253160 2624.7
1253170 2617.9
1253180 2613.5
1253190 2606.7
1253200 2600.2
1253210 2600.2
1253220 2594.4
1253230 2589.4
1253240 2589.4
1253250 2585.4
1253260 2582.5
1253270 2582.5
1253280 2578.1
1253290 2573.1
1253300 2573.1
1253310 2568.5
1253320 2565.9
1253330 2565.9
1253340 2566.0
1253350 2567.8
1253360 2567.8
1253370 2570.8
1253380 2574.9
1253390 2579.4
1253400 2579.4
1253410 2577.1
1253420 2569.1
1253430 2569.1
1253440 2560.2
1253450 2550.1
1253460 2550.1
1253470 2539.7
1253480 2532.5
1253490 2532.5
1253500 2527.8
1253510 2523.3
1253520 2523.3
1253530 2518.8
1253540 2513.9
1253550 2513.9
1253560 2511.6
1253570 2517.8
1253580 2526.0
1253590 2526.0
1253600 2523.2
1253610 2526.2
1253620 2526.2
1253630 2529.5
1253640 2527.2
1253650 2527.2
1253660 2520.6
1253670 2512.6
1253680 2512.6
1253690 2506.7
1253700 2501.1
1253710 2501.1
1253720 2494.9
1253730 2494.3
1253740 2494.3
1253750 2488.7
1253760 2482.3
1253770 2482.3
1253780 2475.6
1253790 2468.3
1253800 2458.1
1253810 2458.1
1253820 2445.0
1253830 2432.0
1253840 2432.0
1253850 2422.2
1253860 2414.4
1253870 2414.4
1253880 2406.9
1253890 2400.1
1253900 2400.1
1253910 2394.0
1253920 2388.7
1253930 2388.7
1253940 2386.4
1253950 2384.5
1253960 2384.5
1253970 2383.5
1253980 2385.7
1253990 2386.8
1254000 2386.8
1254010 2387.4
1254020 2388.1
1254030 2388.1
1254040 2389.5
1254050 2389.4
1254060 2389.4
1254070 2389.6
1254080 2390.9
1254090 2390.9
1254100 2391.1
1254110 2388.6
1254120 2388.6
1254130 2387.3
1254140 2388.3
1254150 2388.3
1254160 2388.2
1254170 2388.3
1254180 2388.3
1254190 2391.6
1254200 2393.5
1254210 2392.0
1254220 2392.0
1254230 2393.3
1254240 2393.6
1254250 2393.6
1254260 2392.0
1254270 2390.0
1254280 2392.2
1254290 2390.2
1254300 2386.8
1254310 2386.8
1254320 2383.6
1254330 2382.2
1254340 2382.2
1254350 2381.9
1254360 2381.8
1254370 2381.8
1254380 2381.9
1254390 2381.4
1254400 2379.4
1254410 2379.4
1254420 2375.7
1254430 2373.9
1254440 2373.9
1254450 2372.9
1254460 2372.1
1254470 2372.1
1254480 2370.2
1254490 2367.0
1254500 2367.0
1254510 2365.7
1254520 2363.8
1254530 2363.8
1254540 2359.2
1254550 2355.9
1254560 2355.9
1254570 2353.1
1254580 2351.1
1254590 2351.1
1254600 2348.4
1254610 2345.7
1254620 2344.4
1254630 2344.4
1254640 2342.5
1254650 2340.4
1254660 2340.4
1254670 2340.2
1254680 2336.7
1254690 2336.7
1254700 2333.8
1254710 2329.9
1254720 2329.9
1254730 2317.7
1254740 2312.4
1254750 2312.4
1254760 2308.0
1254770 2301.8
1254780 2301.8
1254790 2298.1
1254800 2296.8
1254810 2296.1
1254820 2296.1
1254830 2291.0
1254840 2285.8
1254850 2285.8
1254860 2281.6
1254870 2277.3
1254880 2277.3
1254890 2270.6
1254900 2263.3
1254910 2263.3
1254920 2256.2
1254930 2251.8
1254940 2251.8
1254950 2250.9
1254960 2251.3
1254970 2251.3
1254980 2250.1
1254990 2248.0
1255000 2248.0
1255010 2245.6
1255020 2243.3
1255030 2240.2
1255040 2240.2
1255050 2235.2
1255060 2229.9
1255070 2229.9
1255080 2225.9
1255090 2221.2
1255100 2221.2
1255110 2216.8
1255120 2213.5
1255130 2213.5
1255140 2211.1
1255150 2209.2
1255160 2209.2
1255170 2206.2
1255180 2201.8
1255190 2201.8
1255200 2196.5
1255210 2190.8
1255220 2190.8
1255230 2185.2
1255240 2179.9
1255250 2174.5
1255260 2174.5
1255270 2169.8
1255280 2167.6
1255290 2167.6
1255300 2166.7
1255310 2163.7
1255320 2163.7
1255330 2160.3
1255340 2157.9
1255350 2157.9
1255360 2155.8
1255370 2156.0
1255380 2156.3
1255390 2157.0
1255400 2156.9
1255410 2156.9
1255420 2156.8
1255430 2156.9
1255440 2156.9
1255450 2156.9
1255460 2157.0
1255470 2157.0
1255480 2157.0
1255490 2156.9
1255500 2156.9
1255510 2156.9
1255520 2156.8
1255530 2156.7
1255540 2156.7
1255550 2157.2
1255560 2162.4
1255570 2162.4
1255580 2170.4
1255590 2184.3
1255600 2184.3
1255610 2195.2
1255620 2205.3
1255630 2205.3
1255640 2214.9
1255650 2223.0
1255660 2229.3
1255670 2229.3
1255680 2234.3
1255690 2240.9
1255700 2240.9
1255710 2250.5
1255720 2259.5
1255730 2259.5
1255740 2268.3
1255750 2281.1
1255760 2281.1
1255770 2290.5
1255780 2301.7
1255790 2301.7
1255800 2308.7
1255810 2315.8
1255820 2315.8
1255830 2324.8
1255840 2332.3
1255850 2337.4
1255860 2337.4
1255870 2341.5
1255880 2345.7
1255890 2345.7
1255900 2350.9
1255910 2356.7
1255920 2356.7
1255930 2363.6
1255940 2370.1
1255950 2370.1
1255960 2376.5
1255970 2383.0
1255980 2383.0
1255990 2390.1
1256000 2397.6
1256010 2397.6
1256020 2405.9
1256030 2414.3
1256040 2414.3
1256050 2423.4
1256060 2433.8
1256070 2444.7
1256080 2444.7
1256090 2454.5
1256100 2464.5
1256110 2464.5
1256120 2475.7
1256130 2485.6
1256140 2485.6
1256150 2486.4
1256160 2478.8
1256170 2478.8
1256180 2469.0
1256190 2469.8
1256200 2469.8
1256210 2475.7
1256220 2475.6
1256230 2475.6
1256240 2468.5
1256250 2459.0
1256260 2449.9
1256270 2449.9
1256280 2441.6
1256290 2433.7
1256300 2433.7
1256310 2425.5
1256320 2415.4
1256330 2415.4
1256340 2403.1
1256350 2389.9
1256360 2389.9
1256370 2368.6
1256380 2347.2
1256390 2347.2
1256400 2327.9
1256410 2310.9
1256420 2310.9
1256430 2294.1
1256440 2285.8
1256450 2285.8
1256460 2273.7
1256470 2262.6
1256480 2260.3
1256490 2267.4
1256500 2268.6
1256510 2268.9
1256520 2268.9
1256530 2267.8
1256540 2266.7
1256550 2266.7
1256560 2264.5
1256570 2263.4
1256580 2263.4
1256590 2263.1
1256600 2262.6
1256610 2262.6
1256620 2261.9
1256630 2260.6
1256640 2260.6
1256650 2259.8
1256660 2260.4
1256670 2261.1
1256680 2261.1
1256690 2261.9
1256700 2261.8
1256710 2261.8
1256720 2261.5
1256730 2258.6
1256740 2258.6
1256750 2253.2
1256760 2247.3
1256770 2247.3
1256780 2241.1
1256790 2232.8
1256800 2232.8
1256810 2225.3
1256820 2219.4
1256830 2219.4
1256840 2213.5
1256850 2206.7
1256860 2206.7
1256870 2199.4
1256880 2192.5
1256890 2182.7
1256900 2182.7
1256910 2177.5
1256920 2174.3
1256930 2174.3
1256940 2169.7
1256950 2163.4
1256960 2163.4
1256970 2160.2
1256980 2168.3
1256990 2168.3
1257000 2177.7
1257010 2181.5
1257020 2181.5
1257030 2181.5
1257040 2193.1
1257050 2193.1
1257060 2196.9
1257070 2201.4
1257080 2213.7
1257090 2213.7
1257100 2230.6
1257110 2235.0
1257120 2235.0
1257130 2231.7
1257140 2227.3
1257150 2227.3
1257160 2231.6
1257170 2229.0
1257180 2229.0
1257190 2226.6
1257200 2227.4
1257210 2227.4
1257220 2231.6
1257230 2239.2
1257240 2239.2
1257250 2248.0
1257260 2234.8
1257270 2234.8
1257280 2210.6
1257290 2189.9
1257300 2178.4
1257310 2178.4
1257320 2170.6
1257330 2163.0
1257340 2163.0
1257350 2156.8
1257360 2150.2
1257370 2150.2
1257380 2144.1
1257390 2139.0
1257400 2139.0
1257410 2134.5
1257420 2130.4
1257430 2130.4
1257440 2126.4
1257450 2122.4
1257460 2122.4
1257470 2118.7
1257480 2114.9
1257490 2114.9
1257500 2111.4
1257510 2109.1
1257520 2106.9
1257530 2106.9
1257540 2106.9
1257550 2108.3
1257560 2108.3
1257570 2109.2
1257580 2110.0
1257590 2110.0
1257600 2117.1
1257610 2110.3
1257620 2110.3
1257630 2102.4
1257640 2102.5
1257650 2102.5
1257660 2101.7
1257670 2101.0
1257680 2101.0
1257690 2100.9
1257700 2101.3
1257710 2099.1
1257720 2099.1
1257730 2097.3
1257740 2096.6
1257750 2096.6
1257760 2096.1
1257770 2094.4
1257780 2094.4
1257790 2093.6
1257800 2093.6
1257810 2093.6
1257820 2093.2
1257830 2092.7
1257840 2092.7
1257850 2092.1
1257860 2092.2
1257870 2092.2
1257880 2092.4
1257890 2092.8
1257900 2092.8
1257910 2093.8
1257920 2094.8
1257930 2095.3
1257940 2095.3
1257950 2096.5
1257960 2096.4
1257970 2096.4
1257980 2096.7
1257990 2097.5
1258000 2097.5
1258010 2098.4
1258020 2099.4
1258030 2099.4
1258040 2100.2
1258050 2100.5
1258060 2100.5
1258070 2101.0
1258080 2101.4
1258090 2101.4
1258100 2102.1
1258110 2101.8
1258120 2103.5
1258130 2103.5
1258140 2105.2
1258150 2105.7
1258160 2108.8
1258170 2109.3
1258180 2110.1
1258190 2110.1
1258200 2109.3
1258210 2110.3
1258220 2110.3
1258230 2114.0
1258240 2117.5
1258250 2117.5
1258260 2123.3
1258270 2129.4
1258280 2129.4
1258290 2135.2
1258300 2140.8
1258310 2140.8
1258320 2145.1
1258330 2148.8
1258340 2152.5
1258350 2152.5
1258360 2155.8
1258370 2158.6
1258380 2158.6
1258390 2160.5
1258400 2162.7
1258410 2162.7
1258420 2165.0
1258430 2166.5
1258440 2166.5
1258450 2167.4
1258460 2168.2
1258470 2168.2
1258480 2170.4
1258490 2171.6
1258500 2171.6
1258510 2172.3
1258520 2173.7
1258530 2175.5
1258540 2175.5
1258550 2176.5
1258560 2177.0
1258570 2177.0
1258580 2177.0
1258590 2177.7
1258600 2177.7
1258610 2178.0
1258620 2178.1
1258630 2178.1
1258640 2178.7
1258650 2180.4
1258660 2180.4
1258670 2182.6
1258680 2185.1
1258690 2185.1
1258700 2188.0
1258710 2193.0
1258720 2194.5
1258730 2199.4
1258740 2203.9
1258750 2206.9
1258760 2206.9
1258770 2209.7
1258780 2212.8
1258790 2212.8
1258800 2215.9
1258810 2218.3
1258820 2218.3
1258830 2221.0
1258840 2225.0
1258850 2225.0
1258860 2229.1
1258870 2233.9
1258880 2233.9
1258890 2239.6
1258900 2244.6
1258910 2244.6
1258920 2250.9
1258930 2275.7
1258940 2309.3
1258950 2309.3
1258960 2332.4
1258970 2341.8
1258980 2341.8
1258990 2346.6
1259000 2351.1
1259010 2351.1
1259020 2355.0
1259030 2358.3
1259040 2358.3
1259050 2362.4
1259060 2367.1
1259070 2367.1
1259080 2371.5
1259090 2375.4
1259100 2375.4
1259110 2380.1
1259120 2384.8
1259130 2384.8
1259140 2388.3
1259150 2392.4
1259160 2396.5
1259170 2396.5
1259180 2399.4
1259190 2402.4
1259200 2402.4
1259210 2404.9
1259220 2407.7
1259230 2407.7
1259240 2408.7
1259250 2403.4
1259260 2403.4
1259270 2399.5
1259280 2403.5
1259290 2403.5
1259300 2399.5
1259310 2395.7
1259320 2395.7
1259330 2392.0
1259340 2390.5
1259350 2388.9
1259360 2388.9
1259370 2388.8
1259380 2388.5
1259390 2388.5
1259400 2388.9
1259410 2391.7
1259420 2391.7
1259430 2394.1
1259440 2394.9
1259450 2394.9
1259460 2391.5
1259470 2381.9
1259480 2381.9
1259490 2375.5
1259500 2371.3
1259510 2371.3
1259520 2371.1
1259530 2368.8
1259540 2368.8
1259550 2368.2
1259560 2369.5
1259570 2371.0
1259580 2371.0
1259590 2372.6
1259600 2374.0
1259610 2374.0
1259620 2372.8
1259630 2371.9
1259640 2371.9
1259650 2371.7
1259660 2371.9
1259670 2371.9
1259680 2373.5
1259690 2374.7
1259700 2374.7
1259710 2375.1
1259720 2376.8
1259730 2376.8
1259740 2379.4
1259750 2381.6
1259760 2381.6
1259770 2383.3
1259780 2383.8
1259790 2385.4
1259800 2385.4
1259810 2387.5
1259820 2389.5
1259830 2389.5
1259840 2395.5
1259850 2398.0
1259860 2398.0
1259870 2403.1
1259880 2409.7
1259890 2409.7
1259900 2417.4
1259910 2424.8
1259920 2424.8
1259930 2432.3
1259940 2441.7
1259950 2441.7
1259960 2456.8
1259970 2468.6
1259980 2483.0
1259990 2483.0
