1240000 2315.0
1240010 2313.7
1240020 2313.7
1240030 2312.6
1240040 2310.2
1240050 2310.2
1240060 2307.7
1240070 2305.4
1240080 2303.2
1240090 2303.2
1240100 2302.0
1240110 2301.0
1240120 2301.0
1240130 2300.1
1240140 2299.2
1240150 2299.2
1240160 2298.5
1240170 2296.3
1240180 2296.3
1240190 2294.3
1240200 2291.8
1240210 2291.8
1240220 2288.8
1240230 2285.0
1240240 2285.0
1240250 2281.1
1240260 2276.9
1240270 2269.5
1240280 2269.5
1240290 2262.5
1240300 2259.0
1240310 2259.0
1240320 2259.2
1240330 2258.7
1240340 2258.7
1240350 2255.4
1240360 2252.5
1240370 2252.5
1240380 2251.2
1240390 2250.5
1240400 2250.5
1240410 2249.8
1240420 2250.1
1240430 2250.1
1240440 2250.9
1240450 2249.2
1240460 2249.2
1240470 2248.6
1240480 2249.9
1240490 2251.2
1240500 2251.2
1240510 2251.9
1240520 2251.4
1240530 2251.4
1240540 2247.9
1240550 2241.3
1240560 2241.3
1240570 2238.2
1240580 2237.5
1240590 2237.5
1240600 2234.8
1240610 2234.5
1240620 2234.5
1240630 2240.1
1240640 2242.9
1240650 2242.9
1240660 2244.5
1240670 2248.3
1240680 2248.3
1240690 2248.5
1240700 2243.2
1240710 2239.1
1240720 2239.1
1240730 2239.7
1240740 2239.3
1240750 2239.3
1240760 2237.4
1240770 2236.6
1240780 2236.6
1240790 2236.2
1240800 2235.6
1240810 2235.6
1240820 2235.2
1240830 2232.5
1240840 2232.5
1240850 2229.8
1240860 2230.4
1240870 2230.4
1240880 2231.6
1240890 2233.5
1240900 2236.0
1240910 2236.0
1240920 2237.9
1240930 2240.0
1240940 2240.0
1240950 2244.7
1240960 2254.7
1240970 2254.7
1240980 2266.9
1240990 2270.5
1241000 2270.5
1241010 2270.7
1241020 2270.7
1241030 2270.7
1241040 2275.1
1241050 2282.2
1241060 2282.2
1241070 2286.6
1241080 2289.1
1241090 2289.1
1241100 2291.0
1241110 2292.0
1241120 2292.3
1241130 2292.3
1241140 2292.9
1241150 2293.8
1241160 2293.8
1241170 2295.1
1241180 2296.9
1241190 2296.9
1241200 2297.0
1241210 2297.7
1241220 2297.7
1241230 2302.3
1241240 2302.1
1241250 2302.1
1241260 2301.9
1241270 2302.1
1241280 2302.1
1241290 2302.6
1241300 2302.9
1241310 2302.3
1241320 2302.3
1241330 2303.1
1241340 2303.9
1241350 2303.9
1241360 2304.1
1241370 2305.2
1241380 2305.2
1241390 2307.3
1241400 2309.7
1241410 2309.7
1241420 2313.0
1241430 2316.9
1241440 2316.9
1241450 2320.4
1241460 2323.3
1241470 2323.3
1241480 2326.6
1241490 2329.5
1241500 2329.5
1241510 2331.3
1241520 2332.0
1241530 2334.4
1241540 2334.4
1241550 2337.2
1241560 2339.5
1241570 2339.5
1241580 2341.3
1241590 2343.7
1241600 2343.7
1241610 2344.1
1241620 2345.1
1241630 2345.1
1241640 2348.4
1241650 2352.0
1241660 2352.0
1241670 2356.3
1241680 2361.1
1241690 2361.1
1241700 2365.3
1241710 2368.2
1241720 2371.6
1241730 2371.6
1241740 2377.8
1241750 2395.5
1241760 2395.5
1241770 2399.8
1241780 2401.7
1241790 2401.7
1241800 2405.3
1241810 2411.8
1241820 2411.8
1241830 2418.2
1241840 2421.9
1241850 2421.9
1241860 2419.6
1241870 2416.1
1241880 2416.1
1241890 2411.5
1241900 2407.1
1241910 2407.1
1241920 2419.4
1241930 2438.0
1241940 2454.3
1241950 2454.3
1241960 2472.6
1241970 2489.3
1241980 2489.3
1241990 2501.5
1242000 2500.1
1242010 2500.1
1242020 2498.6
1242030 2500.8
1242040 2500.8
1242050 2504.0
1242060 2502.8
1242070 2502.8
1242080 2500.4
1242090 2496.5
1242100 2496.5
1242110 2500.4
1242120 2514.6
1242130 2514.6
1242140 2528.6
1242150 2539.9
1242160 2550.5
1242170 2550.5
1242180 2559.0
1242190 2565.8
1242200 2565.8
1242210 2571.7
1242220 2570.8
1242230 2570.8
1242240 2569.6
1242250 2573.3
1242260 2573.3
1242270 2599.8
1242280 2608.5
1242290 2608.5
1242300 2618.9
1242310 2625.1
1242320 2625.1
1242330 2631.1
1242340 2638.0
1242350 2648.2
1242360 2648.2
1242370 2650.5
1242380 2650.6
1242390 2650.6
1242400 2659.0
1242410 2669.3
1242420 2669.3
1242430 2667.7
1242440 2670.7
1242450 2670.7
1242460 2668.5
1242470 2663.5
1242480 2663.5
1242490 2669.5
1242500 2680.1
1242510 2680.1
1242520 2691.5
1242530 2703.2
1242540 2703.2
1242550 2712.0
1242560 2717.0
1242570 2723.1
1242580 2723.1
1242590 2732.5
1242600 2741.5
1242610 2741.5
1242620 2741.9
1242630 2735.8
1242640 2735.8
1242650 2736.6
1242660 2740.1
1242670 2740.1
1242680 2743.8
1242690 2752.0
1242700 2752.0
1242710 2762.2
1242720 2773.4
1242730 2773.4
1242740 2783.4
1242750 2793.8
1242760 2804.0
1242770 2804.0
1242780 2812.7
1242790 2821.1
1242800 2827.5
1242810 2827.3
1242820 2821.4
1242830 2821.4
1242840 2815.5
1242850 2812.7
1242860 2812.7
1242870 2811.8
1242880 2811.5
1242890 2811.5
1242900 2809.6
1242910 2798.1
1242920 2798.1
1242930 2787.7
1242940 2779.7
1242950 2779.7
1242960 2771.9
1242970 2763.5
1242980 2755.9
1242990 2755.9
1243000 2750.4
1243010 2746.1
1243020 2746.1
1243030 2742.4
1243040 2740.3
1243050 2740.3
1243060 2741.6
1243070 2743.1
1243080 2743.1
1243090 2744.2
1243100 2742.9
1243110 2742.9
1243120 2738.3
1243130 2734.9
1243140 2734.9
1243150 2732.4
1243160 2723.0
1243170 2715.2
1243180 2715.2
1243190 2713.3
1243200 2712.0
1243210 2712.0
1243220 2709.5
1243230 2701.2
1243240 2701.2
1243250 2688.8
1243260 2680.1
1243270 2680.1
1243280 2673.3
1243290 2667.3
1243300 2667.3
1243310 2661.5
1243320 2651.5
1243330 2651.5
1243340 2645.7
1243350 2643.7
1243360 2643.7
1243370 2644.1
1243380 2644.2
1243390 2643.6
1243400 2643.6
1243410 2640.5
1243420 2637.3
1243430 2637.3
1243440 2634.9
1243450 2630.2
1243460 2630.2
1243470 2622.2
1243480 2614.6
1243490 2614.6
1243500 2602.7
1243510 2588.3
1243520 2588.3
1243530 2574.7
1243540 2573.4
1243550 2573.4
1243560 2565.9
1243570 2553.9
1243580 2539.4
1243590 2539.4
1243600 2531.3
1243610 2521.8
1243620 2521.8
1243630 2512.2
1243640 2503.0
1243650 2503.0
1243660 2495.8
1243670 2485.6
1243680 2485.6
1243690 2473.4
1243700 2468.7
1243710 2468.7
1243720 2466.1
1243730 2461.4
1243740 2461.4
1243750 2452.1
1243760 2439.7
1243770 2439.7
1243780 2425.0
1243790 2417.7
1243800 2408.0
1243810 2408.0
1243820 2396.0
1243830 2387.1
1243840 2387.1
1243850 2379.0
1243860 2371.4
1243870 2371.4
1243880 2364.2
1243890 2357.4
1243900 2357.4
1243910 2351.3
1243920 2345.3
1243930 2345.3
1243940 2339.2
1243950 2332.0
1243960 2332.0
1243970 2325.7
1243980 2319.3
1243990 2319.3
1244000 2311.3
1244010 2303.2
1244020 2296.0
1244030 2296.0
1244040 2288.7
1244050 2281.4
1244060 2281.4
1244070 2273.3
1244080 2265.3
1244090 2265.3
1244100 2256.8
1244110 2248.6
1244120 2248.6
1244130 2241.8
1244140 2235.3
1244150 2235.3
1244160 2229.0
1244170 2222.8
1244180 2222.8
1244190 2216.6
1244200 2210.7
1244210 2204.7
1244220 2204.7
1244230 2198.6
1244240 2192.5
1244250 2192.5
1244260 2186.5
1244270 2180.4
1244280 2180.4
1244290 2174.5
1244300 2168.7
1244310 2168.7
1244320 2163.3
1244330 2158.0
1244340 2158.0
1244350 2152.9
1244360 2147.9
1244370 2147.8
1244380 2143.4
1244390 2138.9
1244400 2138.9
1244410 2134.6
1244420 2130.2
1244430 2126.1
1244440 2126.1
1244450 2122.0
1244460 2117.5
1244470 2117.5
1244480 2113.8
1244490 2109.9
1244500 2109.9
1244510 2104.6
1244520 2098.0
1244530 2098.0
1244540 2091.8
1244550 2083.7
1244560 2083.7
1244570 2061.8
1244580 2050.6
1244590 2050.6
1244600 2039.6
1244610 2026.5
1244620 2021.0
1244630 2021.0
1244640 2016.8
1244650 2009.7
1244660 2009.7
1244670 2004.9
1244680 2001.7
1244690 2001.7
1244700 1998.0
1244710 1993.3
1244720 1993.3
1244730 1988.3
1244740 1982.9
1244750 1982.9
1244760 1976.7
1244770 1970.1
1244780 1970.1
1244790 1965.2
1244800 1960.9
1244810 1960.9
1244820 1956.4
1244830 1952.2
1244840 1950.4
1244850 1950.4
1244860 1944.9
1244870 1937.7
1244880 1937.7
1244890 1934.3
1244900 1947.2
1244910 1947.2
1244920 1938.5
1244930 1939.7
1244940 1939.7
1244950 1942.6
1244960 1945.6
1244970 1945.6
1244980 1943.7
1244990 1938.1
1245000 1938.1
1245010 1923.5
1245020 1919.9
1245030 1922.4
1245040 1922.4
1245050 1922.4
1245060 1923.3
1245070 1923.3
1245080 1922.4
1245090 1920.8
1245100 1920.8
1245110 1918.7
1245120 1919.4
1245130 1919.4
1245140 1921.9
1245150 1921.3
1245160 1921.3
1245170 1918.6
1245180 1915.4
1245190 1915.4
1245200 1914.2
1245210 1912.0
1245220 1912.0
1245230 1910.5
1245240 1909.8
1245250 1909.7
1245260 1909.7
1245270 1909.2
1245280 1907.1
1245290 1907.1
1245300 1909.0
1245310 1916.9
1245320 1916.9
1245330 1921.2
1245340 1923.6
1245350 1923.6
1245360 1924.2
1245370 1927.3
1245380 1927.3
1245390 1931.3
1245400 1936.4
1245410 1936.4
1245420 1942.2
1245430 1957.1
1245440 1957.1
1245450 1959.7
1245460 1962.8
1245470 1973.1
1245480 1973.1
1245490 2000.9
1245500 2020.9
1245510 2020.9
1245520 2035.1
1245530 2054.4
1245540 2054.4
1245550 2066.0
1245560 2067.5
1245570 2067.5
1245580 2058.0
1245590 2047.0
1245600 2047.0
1245610 2046.4
1245620 2070.8
1245630 2070.8
1245640 2089.1
1245650 2102.5
1245660 2106.4
1245670 2106.4
1245680 2111.8
1245690 2124.0
1245700 2124.0
1245710 2133.3
1245720 2143.5
1245730 2143.5
1245740 2156.0
1245750 2170.1
1245760 2170.1
1245770 2183.1
1245780 2188.3
1245790 2188.3
1245800 2186.0
1245810 2181.3
1245820 2181.3
1245830 2181.6
1245840 2186.0
1245850 2186.0
1245860 2191.1
1245870 2195.2
1245880 2197.1
1245890 2197.1
1245900 2196.8
1245910 2195.1
1245920 2195.1
1245930 2194.0
1245940 2193.0
1245950 2193.0
1245960 2200.3
1245970 2202.1
1245980 2202.1
1245990 2202.1
1246000 2204.8
1246010 2204.8
1246020 2206.8
1246030 2209.2
1246040 2209.2
1246050 2213.4
1246060 2217.1
1246070 2218.6
1246080 2218.6
1246090 2220.9
1246100 2224.1
1246110 2224.1
1246120 2227.2
1246130 2231.0
1246140 2231.0
1246150 2233.6
1246160 2236.8
1246170 2236.8
1246180 2240.8
1246190 2245.6
1246200 2245.6
1246210 2252.8
1246220 2262.2
1246230 2262.2
1246240 2274.9
1246250 2295.9
1246260 2295.9
1246270 2302.8
1246280 2307.2
1246290 2312.2
1246300 2312.2
1246310 2316.7
1246320 2320.4
1246330 2320.4
1246340 2326.9
1246350 2336.2
1246360 2336.2
1246370 2343.5
1246380 2349.6
1246390 2349.6
1246400 2355.3
1246410 2360.5
1246420 2360.5
1246430 2364.6
1246440 2370.4
1246450 2370.4
1246460 2376.6
1246470 2382.9
1246480 2386.8
1246490 2387.8
1246500 2394.2
1246510 2400.0
1246520 2400.0
1246530 2405.4
1246540 2409.8
1246550 2409.8
1246560 2413.7
1246570 2417.7
1246580 2417.7
1246590 2421.7
1246600 2426.0
1246610 2426.0
1246620 2430.3
1246630 2435.3
1246640 2435.3
1246650 2440.7
1246660 2446.8
1246670 2446.8
1246680 2453.3
1246690 2459.8
1246700 2466.3
1246710 2466.3
1246720 2472.4
1246730 2478.1
1246740 2478.1
1246750 2482.6
1246760 2485.1
1246770 2485.1
1246780 2485.0
1246790 2483.3
1246800 2483.3
1246810 2482.8
1246820 2482.3
1246830 2482.3
1246840 2482.6
1246850 2484.9
1246860 2484.9
1246870 2488.1
1246880 2490.6
1246890 2490.6
1246900 2496.1
1246910 2501.3
1246920 2503.1
1246930 2503.1
1246940 2503.4
1246950 2501.9
1246960 2501.9
1246970 2501.6
1246980 2503.1
1246990 2503.1
1247000 2507.5
1247010 2514.0
1247020 2516.9
1247030 2522.3
1247040 2523.8
1247050 2523.8
1247060 2522.9
1247070 2522.8
1247080 2522.8
1247090 2525.3
1247100 2530.0
1247110 2534.5
1247120 2534.5
1247130 2536.3
1247140 2537.9
1247150 2537.9
1247160 2539.0
1247170 2538.7
1247180 2538.7
1247190 2539.0
1247200 2543.0
1247210 2543.0
1247220 2549.0
1247230 2554.9
1247240 2554.9
1247250 2559.8
1247260 2563.3
1247270 2563.3
1247280 2566.6
1247290 2571.0
1247300 2571.0
1247310 2575.2
1247320 2579.9
1247330 2582.6
1247340 2582.6
1247350 2583.2
1247360 2583.5
1247370 2583.5
1247380 2584.9
1247390 2586.8
1247400 2586.8
1247410 2592.3
1247420 2598.5
1247430 2598.5
1247440 2602.1
1247450 2604.9
1247460 2604.9
1247470 2607.5
1247480 2610.2
1247490 2610.2
1247500 2612.8
1247510 2617.1
1247520 2622.6
1247530 2622.6
1247540 2628.3
1247550 2634.6
1247560 2635.9
1247570 2642.4
1247580 2649.0
1247590 2649.0
1247600 2655.5
1247610 2663.0
1247620 2663.0
1247630 2674.3
1247640 2688.9
1247650 2688.9
1247660 2704.8
1247670 2723.1
1247680 2723.1
1247690 2743.4
1247700 2760.3
1247710 2760.3
1247720 2767.7
1247730 2759.7
1247740 2747.0
1247750 2747.0
1247760 2741.6
1247770 2729.1
1247780 2729.1
1247790 2719.7
1247800 2706.4
1247810 2706.4
1247820 2688.6
1247830 2679.8
1247840 2679.8
1247850 2675.6
1247860 2667.9
1247870 2667.9
1247880 2660.6
1247890 2649.2
1247900 2649.2
1247910 2639.5
1247920 2630.8
1247930 2623.6
1247940 2623.6
1247950 2618.2
1247960 2612.0
1247970 2612.0
1247980 2603.3
1247990 2593.8
1248000 2593.8
1248010 2582.7
1248020 2568.7
1248030 2568.7
1248040 2556.9
1248050 2542.5
1248060 2542.5
1248070 2529.0
1248080 2518.4
1248090 2514.2
1248100 2507.4
1248110 2501.1
1248120 2501.1
1248130 2495.1
1248140 2488.8
1248150 2483.3
1248160 2483.3
1248170 2478.1
1248180 2470.5
1248190 2470.5
1248200 2462.4
1248210 2455.1
1248220 2455.1
1248230 2447.9
1248240 2441.6
1248250 2441.6
1248260 2435.2
1248270 2429.2
1248280 2429.2
1248290 2422.6
1248300 2416.5
1248310 2416.5
1248320 2410.3
1248330 2403.8
1248340 2397.7
1248350 2397.7
1248360 2391.7
1248370 2386.1
1248380 2386.1
1248390 2380.4
1248400 2374.3
1248410 2374.3
1248420 2368.0
1248430 2361.6
1248440 2361.6
1248450 2356.3
1248460 2350.7
1248470 2350.7
1248480 2344.9
1248490 2338.8
1248500 2338.8
1248510 2332.8
1248520 2327.1
1248530 2327.1
1248540 2321.2
1248550 2315.2
1248560 2309.5
1248570 2309.5
1248580 2304.0
1248590 2298.9
1248600 2298.9
1248610 2293.8
1248620 2288.7
1248630 2287.6
1248640 2282.6
1248650 2277.5
1248660 2277.5
1248670 2272.2
1248680 2266.8
1248690 2266.8
1248700 2261.0
1248710 2254.8
1248720 2254.8
1248730 2248.5
1248740 2242.5
1248750 2242.5
1248760 2236.9
1248770 2232.2
1248780 2227.6
1248790 2227.6
1248800 2222.8
1248810 2218.2
1248820 2218.2
1248830 2213.5
1248840 2209.0
1248850 2209.0
1248860 2204.4
1248870 2199.1
1248880 2199.1
1248890 2194.0
1248900 2189.8
1248910 2189.8
1248920 2185.9
1248930 2181.8
1248940 2181.8
1248950 2178.2
1248960 2174.7
1248970 2170.1
1248980 2170.1
1248990 2165.8
1249000 2163.8
1249010 2163.8
1249020 2163.6
1249030 2162.6
1249040 2162.6
1249050 2158.9
1249060 2153.5
1249070 2153.5
1249080 2145.9
1249090 2138.2
1249100 2138.2
1249110 2131.0
1249120 2124.1
1249130 2124.1
1249140 2117.1
1249150 2110.5
1249160 2107.5
1249170 2101.5
1249180 2096.0
1249190 2091.1
1249200 2091.1
1249210 2086.0
1249220 2079.6
1249230 2079.6
1249240 2075.4
1249250 2073.3
1249260 2073.3
1249270 2071.4
1249280 2071.9
1249290 2071.9
1249300 2068.9
1249310 2063.3
1249320 2063.3
1249330 2059.1
1249340 2053.1
1249350 2053.1
1249360 2047.2
1249370 2042.2
1249380 2040.0
1249390 2040.0
1249400 2036.0
1249410 2027.2
1249420 2027.2
1249430 2021.4
1249440 2012.6
1249450 2012.6
1249460 1996.7
1249470 1986.5
1249480 1986.5
1249490 1982.1
1249500 1980.8
1249510 1980.8
1249520 1979.9
1249530 1980.7
1249540 1980.7
1249550 1984.3
1249560 1985.4
1249570 1985.4
1249580 1986.4
1249590 1987.2
1249600 1988.1
1249610 1988.1
1249620 1988.9
1249630 1989.7
1249640 1989.7
1249650 1990.0
1249660 1990.1
1249670 1990.1
1249680 1991.1
1249690 1992.2
1249700 1994.7
1249710 1997.2
1249720 2001.2
1249730 2001.2
1249740 2006.6
1249750 2012.2
1249760 2012.2
1249770 2018.3
1249780 2025.3
1249790 2032.6
1249800 2032.6
1249810 2040.3
1249820 2049.7
1249830 2049.7
1249840 2059.9
1249850 2069.8
1249860 2069.8
1249870 2080.0
1249880 2090.9
1249890 2090.9
1249900 2100.9
1249910 2110.1
1249920 2110.1
1249930 2117.1
1249940 2123.5
1249950 2123.5
1249960 2129.7
1249970 2135.6
1249980 2135.6
1249990 2141.8
1250000 2148.9
1250010 2155.9
1250020 2155.9
1250030 2162.3
1250040 2169.0
1250050 2169.0
1250060 2175.8
1250070 2183.1
1250080 2183.1
1250090 2190.6
1250100 2197.1
1250110 2197.1
1250120 2203.7
1250130 2210.1
1250140 2210.1
1250150 2216.2
1250160 2222.6
1250170 2222.6
1250180 2233.7
1250190 2248.0
1250200 2248.0
1250210 2259.3
1250220 2266.0
1250230 2270.7
1250240 2274.8
1250250 2280.4
1250260 2285.7
1250270 2285.7
1250280 2294.9
1250290 2304.8
1250300 2304.8
1250310 2314.4
1250320 2324.5
1250330 2324.5
1250340 2332.7
1250350 2340.8
1250360 2340.8
1250370 2348.4
1250380 2353.9
1250390 2353.9
1250400 2362.0
1250410 2375.0
1250420 2383.3
1250430 2383.3
1250440 2391.1
1250450 2399.5
1250460 2399.5
1250470 2409.5
1250480 2418.3
1250490 2418.3
1250500 2428.7
1250510 2435.6
1250520 2435.6
1250530 2439.4
1250540 2443.3
1250550 2443.3
1250560 2448.6
1250570 2455.0
1250580 2455.0
1250590 2463.3
1250600 2471.0
1250610 2471.0
1250620 2474.4
1250630 2479.4
1250640 2485.8
1250650 2485.8
1250660 2489.1
1250670 2491.2
1250680 2491.2
1250690 2495.6
1250700 2500.5
1250710 2500.5
1250720 2505.0
1250730 2509.2
1250740 2509.2
1250750 2512.9
1250760 2516.4
1250770 2516.4
1250780 2525.5
1250790 2530.6
1250800 2530.6
1250810 2536.6
1250820 2542.6
1250830 2548.4
1250840 2548.4
1250850 2553.6
1250860 2558.8
1250870 2558.8
1250880 2563.9
1250890 2569.5
1250900 2569.5
1250910 2575.9
1250920 2580.6
1250930 2580.6
1250940 2586.2
1250950 2592.1
1250960 2592.1
1250970 2598.4
1250980 2605.2
1250990 2605.2
1251000 2612.3
1251010 2619.5
1251020 2619.5
1251030 2625.5
1251040 2632.4
1251050 2642.2
1251060 2642.2
1251070 2651.6
1251080 2657.4
1251090 2657.4
1251100 2658.4
1251110 2658.1
1251120 2658.1
1251130 2661.1
1251140 2665.7
1251150 2665.7
1251160 2669.6
1251170 2671.6
1251180 2671.6
1251190 2672.0
1251200 2674.0
1251210 2674.0
1251220 2678.3
1251230 2682.2
1251240 2685.5
1251250 2685.5
1251260 2688.6
1251270 2693.8
1251280 2693.8
1251290 2704.4
1251300 2717.8
1251310 2717.8
1251320 2734.3
1251330 2741.0
1251340 2741.0
1251350 2750.6
1251360 2762.5
1251370 2762.5
1251380 2774.7
1251390 2784.6
1251400 2784.6
1251410 2784.9
1251420 2778.4
1251430 2778.4
1251440 2773.9
1251450 2770.8
1251460 2769.8
1251470 2769.8
1251480 2770.8
1251490 2770.9
1251500 2770.9
1251510 2770.5
1251520 2772.4
1251530 2772.4
1251540 2774.7
1251550 2776.8
1251560 2776.8
1251570 2779.6
1251580 2781.4
1251590 2781.4
1251600 2784.8
1251610 2795.3
1251620 2795.3
1251630 2804.6
1251640 2801.7
1251650 2801.8
1251660 2801.8
1251670 2808.3
1251680 2819.1
1251690 2819.1
1251700 2825.5
1251710 2827.6
1251720 2827.6
1251730 2827.7
1251740 2828.8
1251750 2828.8
1251760 2830.1
1251770 2830.0
1251780 2830.0
1251790 2831.0
1251800 2833.5
1251810 2833.5
1251820 2838.6
1251830 2845.6
1251840 2845.6
1251850 2855.4
1251860 2863.7
1251870 2880.3
1251880 2880.3
1251890 2888.7
1251900 2897.7
1251910 2897.7
1251920 2904.1
1251930 2910.9
1251940 2910.9
1251950 2917.5
1251960 2922.1
1251970 2922.1
1251980 2927.2
1251990 2919.9
1252000 2919.9
1252010 2907.2
1252020 2899.6
1252030 2899.6
1252040 2896.2
1252050 2892.7
1252060 2892.7
1252070 2888.3
1252080 2883.8
1252090 2876.6
1252100 2876.6
1252110 2866.4
1252120 2855.8
1252130 2855.8
1252140 2847.0
1252150 2839.4
1252160 2839.4
1252170 2833.3
1252180 2827.8
1252190 2827.8
1252200 2821.4
1252210 2813.7
1252220 2813.7
1252230 2803.5
1252240 2795.0
1252250 2795.0
1252260 2789.2
1252270 2784.4
1252280 2778.2
1252290 2778.2
1252300 2771.2
1252310 2765.2
1252320 2765.2
1252330 2756.3
1252340 2748.1
1252350 2748.1
1252360 2739.4
1252370 2729.4
1252380 2729.4
1252390 2716.2
1252400 2704.7
1252410 2717.9
1252420 2715.2
1252430 2708.7
1252440 2708.7
1252450 2698.0
1252460 2677.4
1252470 2677.4
1252480 2661.6
1252490 2645.2
1252500 2632.4
1252510 2632.4
1252520 2622.5
1252530 2610.1
1252540 2610.1
1252550 2604.0
1252560 2601.3
1252570 2601.3
1252580 2597.2
1252590 2592.4
1252600 2592.4
1252610 2589.5
1252620 2587.0
1252630 2587.0
1252640 2585.3
1252650 2585.0
1252660 2585.0
1252670 2584.2
1252680 2583.0
1252690 2581.9
1252700 2581.9
1252710 2580.5
1252720 2579.4
1252730 2579.4
1252740 2577.9
1252750 2574.0
1252760 2574.0
1252770 2567.8
1252780 2562.3
1252790 2562.3
1252800 2560.6
1252810 2565.0
1252820 2565.0
1252830 2565.6
1252840 2563.9
1252850 2563.9
1252860 2558.4
1252870 2550.7
1252880 2550.7
1252890 2545.2
1252900 2540.1
1252910 2536.0
1252920 2536.0
1252930 2529.0
1252940 2529.7
1252950 2529.7
1252960 2556.6
1252970 2558.9
1252980 2558.9
1252990 2558.6
1253000 2550.2
1253010 2550.2
1253020 2531.9
1253030 2527.9
1253040 2527.9
1253050 2527.9
1253060 2529.5
1253070 2529.5
1253080 2532.0
1253090 2528.8
1253100 2525.4
1253110 2525.4
1253120 2522.6
1253130 2519.2
1253140 2519.2
1253150 2515.1
1253160 2511.7
1253170 2511.7
1253180 2508.1
1253190 2504.8
1253200 2504.8
1253210 2501.2
1253220 2498.0
1253230 2498.0
1253240 2493.9
1253250 2487.8
1253260 2487.8
1253270 2479.2
1253280 2469.3
1253290 2469.3
1253300 2459.8
1253310 2449.2
1253320 2438.1
1253330 2438.1
1253340 2425.8
1253350 2418.1
1253360 2418.1
1253370 2413.6
1253380 2409.5
1253390 2409.5
1253400 2403.3
1253410 2392.3
1253420 2392.3
1253430 2383.2
1253440 2374.1
1253450 2374.1
1253460 2365.2
1253470 2357.7
1253480 2357.7
1253490 2350.3
1253500 2343.7
1253510 2343.7
1253520 2337.6
1253530 2331.5
1253540 2326.8
1253550 2326.8
1253560 2323.3
1253570 2319.1
1253580 2319.1
1253590 2313.6
1253600 2309.4
1253610 2309.4
1253620 2305.2
1253630 2300.9
1253640 2300.9
1253650 2296.7
1253660 2292.6
1253670 2292.6
1253680 2288.5
1253690 2284.2
1253700 2284.2
1253710 2279.8
1253720 2275.9
1253730 2273.1
1253740 2273.1
1253750 2269.9
1253760 2267.2
1253770 2267.2
1253780 2264.0
1253790 2260.9
1253800 2260.9
1253810 2258.1
1253820 2255.3
1253830 2255.3
1253840 2252.2
1253850 2249.4
1253860 2249.4
1253870 2247.5
1253880 2246.0
1253890 2246.0
1253900 2244.2
1253910 2242.8
1253920 2242.8
1253930 2241.6
1253940 2241.1
1253950 2240.9
1253960 2240.9
1253970 2240.2
1253980 2239.4
1253990 2239.4
1254000 2238.9
1254010 2237.9
1254020 2237.9
1254030 2236.8
1254040 2235.6
1254050 2239.2
1254060 2238.0
1254070 2236.4
1254080 2236.4
1254090 2234.3
1254100 2232.1
1254110 2232.1
1254120 2229.2
1254130 2226.2
1254140 2222.9
1254150 2222.9
1254160 2219.0
1254170 2214.3
1254180 2214.3
1254190 2208.8
1254200 2203.1
1254210 2203.1
1254220 2198.0
1254230 2193.3
1254240 2193.3
1254250 2188.4
1254260 2183.7
1254270 2183.7
1254280 2179.0
1254290 2174.8
1254300 2174.8
1254310 2172.2
1254320 2171.3
1254330 2171.3
1254340 2171.8
1254350 2171.1
1254360 2169.6
1254370 2169.6
1254380 2167.7
1254390 2165.2
1254400 2165.2
1254410 2161.8
1254420 2158.6
1254430 2158.6
1254440 2155.9
1254450 2153.9
1254460 2153.9
1254470 2152.4
1254480 2152.5
1254490 2152.5
1254500 2150.5
1254510 2148.4
1254520 2148.4
1254530 2148.3
1254540 2146.8
1254550 2145.4
1254560 2145.4
1254570 2144.9
1254580 2144.9
1254590 2144.9
1254600 2150.6
1254610 2152.0
1254620 2152.0
1254630 2152.9
1254640 2154.2
1254650 2154.2
1254660 2154.9
1254670 2156.4
1254680 2156.4
1254690 2158.9
1254700 2160.0
1254710 2160.0
1254720 2158.6
1254730 2157.9
1254740 2157.9
1254750 2161.1
1254760 2164.7
1254770 2174.6
1254780 2174.6
1254790 2184.6
1254800 2199.6
1254810 2199.6
1254820 2220.1
1254830 2231.6
1254840 2231.6
1254850 2225.0
1254860 2215.3
1254870 2215.3
1254880 2236.7
1254890 2243.3
1254900 2243.3
1254910 2231.8
1254920 2221.1
1254930 2221.1
1254940 2215.3
1254950 2216.0
1254960 2218.6
1254970 2218.6
1254980 2217.0
1254990 2218.0
1255000 2218.0
1255010 2215.8
1255020 2214.2
1255030 2214.2
1255040 2213.8
1255050 2212.2
1255060 2212.2
1255070 2213.5
1255080 2214.3
1255090 2214.3
1255100 2210.0
1255110 2205.8
1255120 2205.8
1255130 2203.5
1255140 2197.2
1255150 2201.8
1255160 2199.0
1255170 2202.3
1255180 2199.4
1255190 2199.4
1255200 2197.0
1255210 2195.2
1255220 2195.2
1255230 2192.7
1255240 2189.9
1255250 2189.9
1255260 2186.9
1255270 2181.6
1255280 2181.6
1255290 2174.6
1255300 2168.3
1255310 2168.3
1255320 2163.2
1255330 2158.2
1255340 2158.2
1255350 2154.3
1255360 2152.2
1255370 2152.2
1255380 2153.2
1255390 2151.6
1255400 2148.2
1255410 2148.2
1255420 2138.8
1255430 2136.7
1255440 2136.7
1255450 2142.6
1255460 2153.6
1255470 2153.6
1255480 2160.0
1255490 2165.8
1255500 2165.8
1255510 2170.6
1255520 2176.7
1255530 2176.7
1255540 2178.9
1255550 2181.3
1255560 2181.3
1255570 2185.7
1255580 2185.5
1255590 2188.9
1255600 2188.9
1255610 2190.9
1255620 2190.5
1255630 2190.5
1255640 2186.6
1255650 2184.1
1255660 2184.1
1255670 2185.3
1255680 2191.6
1255690 2191.6
1255700 2199.2
1255710 2209.6
1255720 2209.6
1255730 2216.2
1255740 2220.8
1255750 2220.8
1255760 2224.3
1255770 2226.3
1255780 2226.3
1255790 2230.1
1255800 2231.1
1255810 2231.2
1255820 2231.2
1255830 2233.1
1255840 2238.4
1255850 2238.4
1255860 2246.8
1255870 2262.2
1255880 2262.2
1255890 2276.4
1255900 2292.4
1255910 2292.4
1255920 2305.6
1255930 2313.9
1255940 2313.9
1255950 2319.2
1255960 2323.5
1255970 2323.5
1255980 2326.6
1255990 2330.3
1256000 2337.8
1256010 2337.8
1256020 2343.7
1256030 2352.6
1256040 2352.6
1256050 2363.7
1256060 2373.7
1256070 2373.7
1256080 2382.1
1256090 2391.6
1256100 2391.6
1256110 2397.6
1256120 2397.8
1256130 2397.8
1256140 2388.7
1256150 2378.2
1256160 2378.2
1256170 2368.5
1256180 2355.6
1256190 2355.6
1256200 2343.0
1256210 2333.1
1256220 2324.2
1256230 2324.2
1256240 2314.2
1256250 2302.6
1256260 2304.0
1256270 2291.3
1256280 2279.7
1256290 2279.7
1256300 2267.2
1256310 2255.6
1256320 2255.6
1256330 2248.1
1256340 2241.2
1256350 2241.2
1256360 2234.1
1256370 2227.1
1256380 2227.1
1256390 2220.0
1256400 2212.9
1256410 2206.9
1256420 2206.9
1256430 2201.3
1256440 2190.9
1256450 2190.9
1256460 2177.3
1256470 2164.2
1256480 2164.2
1256490 2156.4
1256500 2150.5
1256510 2150.5
1256520 2145.2
1256530 2140.5
1256540 2140.5
1256550 2136.5
1256560 2132.9
1256570 2132.9
1256580 2127.9
1256590 2122.9
1256600 2122.9
1256610 2118.2
1256620 2115.0
1256630 2112.7
1256640 2112.7
1256650 2110.7
1256660 2109.4
1256670 2109.4
1256680 2109.4
1256690 2110.6
1256700 2110.6
1256710 2109.8
1256720 2107.8
1256730 2107.8
1256740 2105.6
1256750 2103.5
1256760 2103.5
1256770 2100.5
1256780 2097.1
1256790 2097.1
1256800 2092.9
1256810 2092.3
1256820 2087.6
1256830 2087.6
1256840 2086.6
1256850 2084.3
1256860 2084.3
1256870 2078.7
1256880 2071.2
1256890 2071.2
1256900 2062.4
1256910 2058.7
1256920 2058.7
1256930 2057.4
1256940 2055.7
1256950 2055.7
1256960 2055.1
1256970 2053.6
1256980 2053.6
1256990 2051.5
1257000 2048.1
1257010 2048.1
1257020 2043.0
1257030 2036.0
1257040 2028.4
1257050 2028.4
1257060 2023.8
1257070 2017.8
1257080 2017.8
1257090 2014.0
1257100 2013.6
1257110 2013.6
1257120 2008.7
1257130 2003.0
1257140 2003.0
1257150 1998.2
1257160 1994.2
1257170 1994.2
1257180 1989.9
1257190 1984.3
1257200 1984.3
1257210 1977.7
1257220 1974.7
1257230 1974.7
1257240 1980.3
1257250 1980.0
1257260 1972.6
1257270 1972.6
1257280 1970.6
1257290 1970.6
1257300 1970.6
1257310 1969.7
1257320 1968.7
1257330 1968.7
1257340 1967.6
1257350 1966.5
1257360 1966.5
1257370 1973.4
1257380 1974.3
1257390 1974.3
1257400 1976.3
1257410 1979.4
1257420 1979.4
1257430 1980.6
1257440 1980.6
1257450 1982.1
1257460 1982.1
1257470 1984.8
1257480 1989.4
1257490 1989.4
1257500 1994.8
1257510 1999.5
1257520 1999.5
1257530 2001.5
1257540 2005.0
1257550 2005.0
1257560 2009.1
1257570 2011.7
1257580 2011.7
1257590 2012.8
1257600 2013.4
1257610 2013.4
1257620 2013.1
1257630 2014.8
1257640 2014.8
1257650 2017.0
1257660 2019.2
1257670 2021.7
1257680 2021.7
1257690 2023.6
1257700 2024.1
1257710 2024.1
1257720 2025.0
1257730 2026.8
1257740 2026.8
1257750 2030.0
1257760 2033.8
1257770 2033.8
1257780 2035.4
1257790 2034.9
1257800 2034.9
1257810 2034.1
1257820 2031.8
1257830 2031.8
1257840 2030.2
1257850 2029.8
1257860 2028.7
1257870 2028.7
1257880 2027.7
1257890 2026.9
1257900 2026.9
1257910 2026.3
1257920 2025.7
1257930 2028.3
1257940 2028.2
1257950 2028.2
1257960 2028.2
1257970 2028.3
1257980 2027.9
1257990 2027.9
1258000 2028.4
1258010 2029.0
1258020 2029.0
1258030 2029.6
1258040 2030.8
1258050 2030.8
1258060 2030.9
1258070 2031.5
1258080 2032.6
1258090 2032.6
1258100 2032.5
1258110 2032.5
1258120 2032.5
1258130 2035.0
1258140 2037.1
1258150 2037.1
1258160 2041.2
1258170 2046.2
1258180 2046.2
1258190 2051.8
1258200 2057.6
1258210 2057.6
1258220 2063.7
1258230 2069.4
1258240 2069.4
1258250 2073.7
1258260 2076.0
1258270 2076.3
1258280 2076.3
1258290 2077.1
1258300 2078.7
1258310 2078.7
1258320 2079.9
1258330 2081.6
1258340 2081.6
1258350 2083.3
1258360 2086.2
1258370 2086.2
1258380 2090.4
1258390 2094.0
1258400 2094.0
1258410 2096.4
1258420 2098.7
1258430 2098.7
1258440 2100.8
1258450 2102.8
1258460 2102.8
1258470 2105.6
1258480 2107.6
1258490 2110.3
1258500 2110.3
1258510 2108.0
1258520 2107.0
1258530 2107.0
1258540 2106.5
1258550 2105.8
1258560 2105.8
1258570 2106.3
1258580 2108.0
1258590 2108.0
1258600 2109.5
1258610 2112.2
1258620 2112.2
1258630 2112.1
1258640 2112.1
1258650 2112.1
1258660 2112.2
1258670 2112.5
1258680 2112.5
1258690 2113.9
1258700 2117.3
1258710 2121.4
1258720 2121.4
1258730 2126.9
1258740 2132.8
1258750 2132.8
1258760 2138.9
1258770 2144.9
1258780 2144.9
1258790 2150.7
1258800 2155.3
1258810 2155.3
1258820 2159.6
1258830 2163.8
1258840 2163.8
1258850 2166.8
1258860 2169.6
1258870 2169.6
1258880 2172.8
1258890 2175.4
1258900 2177.7
1258910 2177.7
1258920 2180.4
1258930 2182.1
1258940 2182.1
1258950 2183.6
1258960 2184.0
1258970 2184.0
1258980 2183.2
1258990 2183.2
1259000 2183.2
1259010 2185.1
1259020 2186.6
1259030 2186.6
1259040 2186.9
1259050 2193.2
1259060 2193.2
1259070 2190.2
1259080 2188.5
1259090 2188.5
1259100 2188.4
1259110 2188.1
1259120 2189.0
1259130 2189.0
1259140 2190.3
1259150 2190.6
1259160 2190.6
1259170 2191.2
1259180 2191.8
1259190 2191.8
1259200 2191.3
1259210 2189.2
1259220 2189.2
1259230 2186.8
1259240 2185.0
1259250 2185.0
1259260 2185.6
1259270 2188.1
1259280 2188.1
1259290 2189.6
1259300 2192.0
1259310 2195.9
1259320 2195.9
1259330 2199.3
1259340 2202.0
1259350 2202.0
1259360 2204.8
1259370 2208.0
1259380 2208.0
1259390 2210.0
1259400 2209.8
1259410 2209.8
1259420 2209.6
1259430 2208.3
1259440 2208.3
1259450 2208.1
1259460 2210.9
1259470 2210.9
1259480 2216.3
1259490 2218.6
1259500 2218.6
1259510 2221.1
1259520 2221.0
1259530 2222.5
1259540 2222.5
1259550 2224.5
1259560 2227.4
1259570 2227.4
1259580 2232.7
1259590 2235.0
1259600 2235.0
1259610 2241.6
1259620 2244.8
1259630 2244.8
1259640 2247.3
1259650 2250.2
1259660 2250.2
1259670 2250.3
1259680 2251.5
1259690 2251.5
1259700 2257.1
1259710 2263.6
1259720 2272.6
1259730 2272.6
1259740 2285.7
1259750 2302.4
1259760 2302.4
1259770 2311.3
1259780 2316.7
1259790 2316.7
1259800 2318.1
1259810 2319.6
1259820 2319.6
1259830 2322.3
1259840 2324.9
1259850 2324.9
1259860 2327.9
1259870 2330.8
1259880 2330.8
1259890 2334.2
1259900 2338.2
1259910 2338.2
1259920 2343.3
1259930 2348.8
1259940 2354.4
1259950 2354.4
1259960 2360.1
1259970 2366.1
1259980 2366.1
1259990 2373.4
