1240000 2504.6
1240010 2499.0
1240020 2499.0
1240030 2494.8
1240040 2491.4
1240050 2491.4
1240060 2485.5
1240070 2476.9
1240080 2476.9
1240090 2466.9
1240100 2455.5
1240110 2455.5
1240120 2444.8
1240130 2434.6
1240140 2434.6
1240150 2422.7
1240160 2417.8
1240170 2417.8
1240180 2410.8
1240190 2405.0
1240200 2405.0
1240210 2394.2
1240220 2380.7
1240230 2366.7
1240240 2366.7
1240250 2352.4
1240260 2338.9
1240270 2338.9
1240280 2328.5
1240290 2321.5
1240300 2321.5
1240310 2307.6
1240320 2290.0
1240330 2290.0
1240340 2273.6
1240350 2263.3
1240360 2263.3
1240370 2255.4
1240380 2251.4
1240390 2251.4
1240400 2243.5
1240410 2234.1
1240420 2234.1
1240430 2219.0
1240440 2204.9
1240450 2194.2
1240460 2194.2
1240470 2183.8
1240480 2172.3
1240490 2172.3
1240500 2160.3
1240510 2147.5
1240520 2147.5
1240530 2133.0
1240540 2119.7
1240550 2119.7
1240560 2105.7
1240570 2094.4
1240580 2094.4
1240590 2083.3
1240600 2073.3
1240610 2073.3
1240620 2066.3
1240630 2059.6
1240640 2052.8
1240650 2052.8
1240660 2045.9
1240670 2039.3
1240680 2039.3
1240690 2032.1
1240700 2025.1
1240710 2025.1
1240720 2017.9
1240730 2010.6
1240740 2010.6
1240750 2003.6
1240760 1996.8
1240770 1996.8
1240780 1989.8
1240790 1983.3
1240800 1983.3
1240810 1977.0
1240820 1970.4
1240830 1970.4
1240840 1963.4
1240850 1960.3
1240860 1956.1
1240870 1956.1
1240880 1951.1
1240890 1947.4
1240900 1947.4
1240910 1945.0
1240920 1941.5
1240930 1941.5
1240940 1937.6
1240950 1934.2
1240960 1934.2
1240970 1925.7
1240980 1923.7
1240990 1923.7
1241000 1926.1
1241010 1926.9
1241020 1926.9
1241030 1924.9
1241040 1921.2
1241050 1915.8
1241060 1915.8
1241070 1907.7
1241080 1901.1
1241090 1901.1
1241100 1900.8
1241110 1902.1
1241120 1902.1
1241130 1902.3
1241140 1897.3
1241150 1897.3
1241160 1895.1
1241170 1898.4
1241180 1898.4
1241190 1904.1
1241200 1906.2
1241210 1906.2
1241220 1908.1
1241230 1909.9
1241240 1909.9
1241250 1911.8
1241260 1913.3
1241270 1912.8
1241280 1912.8
1241290 1914.9
1241300 1917.9
1241310 1917.9
1241320 1920.7
1241330 1923.2
1241340 1923.2
1241350 1925.3
1241360 1927.3
1241370 1927.3
1241380 1929.0
1241390 1931.3
1241400 1931.3
1241410 1934.2
1241420 1936.7
1241430 1936.7
1241440 1938.3
1241450 1940.9
1241460 1940.9
1241470 1942.6
1241480 1944.5
1241490 1945.8
1241500 1945.8
1241510 1949.7
1241520 1953.7
1241530 1953.7
1241540 1956.7
1241550 1958.2
1241560 1958.2
1241570 1960.5
1241580 1962.3
1241590 1962.3
1241600 1964.9
1241610 1968.1
1241620 1968.1
1241630 1970.2
1241640 1968.7
1241650 1968.7
1241660 1974.3
1241670 1983.3
1241680 1989.3
1241690 1989.3
1241700 1993.8
1241710 1997.6
1241720 2002.0
1241730 2006.1
1241740 2010.0
1241750 2010.0
1241760 2013.8
1241770 2016.5
1241780 2016.5
1241790 2014.9
1241800 2015.1
1241810 2015.1
1241820 2019.1
1241830 2023.8
1241840 2023.8
1241850 2031.9
1241860 2041.1
1241870 2041.1
1241880 2051.4
1241890 2061.1
1241900 2070.3
1241910 2070.3
1241920 2079.1
1241930 2091.4
1241940 2091.4
1241950 2101.6
1241960 2107.6
1241970 2107.6
1241980 2113.7
1241990 2116.3
1242000 2116.3
1242010 2118.5
1242020 2121.7
1242030 2121.7
1242040 2124.3
1242050 2128.1
1242060 2128.1
1242070 2131.6
1242080 2131.8
1242090 2132.5
1242100 2132.5
1242110 2137.8
1242120 2144.6
1242130 2144.6
1242140 2148.2
1242150 2150.8
1242160 2150.8
1242170 2159.4
1242180 2170.8
1242190 2170.8
1242200 2180.4
1242210 2186.2
1242220 2186.2
1242230 2190.6
1242240 2201.5
1242250 2201.5
1242260 2205.9
1242270 2212.6
1242280 2212.6
1242290 2219.5
1242300 2226.3
1242310 2232.3
1242320 2232.3
1242330 2238.3
1242340 2244.0
1242350 2244.0
1242360 2249.4
1242370 2257.9
1242380 2257.9
1242390 2269.7
1242400 2279.7
1242410 2279.7
1242420 2290.9
1242430 2302.6
1242440 2302.6
1242450 2311.5
1242460 2315.1
1242470 2315.1
1242480 2310.5
1242490 2307.0
1242500 2307.0
1242510 2309.2
1242520 2311.6
1242530 2313.8
1242540 2313.8
1242550 2315.9
1242560 2316.7
1242570 2316.7
1242580 2315.6
1242590 2310.9
1242600 2310.9
1242610 2308.2
1242620 2307.1
1242630 2307.1
1242640 2306.4
1242650 2311.0
1242660 2311.0
1242670 2318.0
1242680 2320.2
1242690 2320.2
1242700 2320.1
1242710 2316.8
1242720 2322.7
1242730 2322.7
1242740 2329.9
1242750 2337.3
1242760 2340.7
1242770 2346.1
1242780 2359.0
1242790 2359.0
1242800 2367.4
1242810 2373.7
1242820 2373.7
1242830 2382.4
1242840 2391.6
1242850 2391.6
1242860 2401.4
1242870 2412.5
1242880 2412.5
1242890 2423.3
1242900 2430.9
1242910 2430.9
1242920 2435.6
1242930 2442.2
1242940 2448.6
1242950 2448.6
1242960 2455.2
1242970 2462.6
1242980 2462.6
1242990 2470.4
1243000 2477.9
1243010 2477.9
1243020 2481.4
1243030 2475.0
1243040 2475.0
1243050 2466.7
1243060 2461.0
1243070 2461.0
1243080 2456.4
1243090 2452.8
1243100 2452.8
1243110 2450.3
1243120 2448.4
1243130 2444.8
1243140 2444.8
1243150 2440.4
1243160 2435.9
1243170 2435.9
1243180 2432.0
1243190 2428.2
1243200 2428.2
1243210 2423.3
1243220 2416.1
1243230 2416.1
1243240 2408.7
1243250 2403.2
1243260 2403.2
1243270 2399.3
1243280 2398.6
1243290 2407.8
1243300 2409.7
1243310 2411.0
1243320 2411.0
1243330 2409.7
1243340 2405.3
1243350 2397.4
1243360 2397.4
1243370 2388.7
1243380 2390.2
1243390 2390.2
1243400 2387.1
1243410 2382.1
1243420 2382.1
1243430 2378.7
1243440 2374.9
1243450 2374.9
1243460 2373.9
1243470 2376.5
1243480 2376.5
1243490 2382.2
1243500 2383.2
1243510 2383.2
1243520 2380.6
1243530 2378.1
1243540 2378.1
1243550 2375.6
1243560 2376.5
1243570 2378.0
1243580 2378.0
1243590 2379.7
1243600 2380.2
1243610 2380.2
1243620 2380.7
1243630 2384.7
1243640 2384.7
1243650 2389.4
1243660 2388.9
1243670 2388.9
1243680 2386.5
1243690 2384.6
1243700 2384.6
1243710 2385.5
1243720 2390.8
1243730 2390.8
1243740 2394.4
1243750 2394.4
1243760 2396.1
1243770 2396.1
1243780 2403.4
1243790 2409.1
1243800 2409.1
1243810 2415.1
1243820 2414.3
1243830 2414.3
1243840 2415.7
1243850 2415.7
1243860 2415.7
1243870 2413.5
1243880 2413.4
1243890 2413.4
1243900 2416.5
1243910 2422.7
1243920 2422.7
1243930 2427.4
1243940 2425.6
1243950 2425.6
1243960 2423.1
1243970 2424.5
1243980 2422.5
1243990 2422.5
1244000 2417.4
1244010 2412.9
1244020 2412.9
1244030 2410.2
1244040 2416.9
1244050 2416.9
1244060 2421.2
1244070 2421.8
1244080 2421.8
1244090 2417.4
1244100 2410.4
1244110 2410.4
1244120 2407.2
1244130 2405.3
1244140 2405.3
1244150 2402.6
1244160 2403.5
1244170 2406.5
1244180 2406.5
1244190 2417.7
1244200 2429.5
1244210 2429.5
1244220 2441.1
1244230 2452.9
1244240 2452.9
1244250 2456.5
1244260 2447.9
1244270 2447.9
1244280 2437.6
1244290 2427.3
1244300 2427.3
1244310 2417.4
1244320 2407.9
1244330 2407.9
1244340 2397.4
1244350 2389.0
1244360 2389.0
1244370 2381.3
1244380 2374.0
1244390 2364.8
1244400 2364.8
1244410 2353.8
1244420 2342.4
1244430 2342.4
1244440 2331.3
1244450 2321.3
1244460 2321.3
1244470 2312.4
1244480 2303.9
1244490 2303.9
1244500 2294.5
1244510 2286.3
1244520 2286.3
1244530 2276.0
1244540 2263.2
1244550 2263.2
1244560 2243.0
1244570 2230.4
1244580 2230.4
1244590 2222.4
1244600 2215.4
1244610 2208.6
1244620 2208.6
1244630 2201.2
1244640 2194.5
1244650 2194.5
1244660 2188.2
1244670 2181.8
1244680 2181.8
1244690 2175.4
1244700 2170.1
1244710 2170.1
1244720 2164.4
1244730 2150.3
1244740 2150.3
1244750 2133.3
1244760 2117.0
1244770 2117.0
1244780 2093.0
1244790 2070.4
1244800 2052.0
1244810 2052.0
1244820 2029.3
1244830 2016.4
1244840 2016.4
1244850 2010.2
1244860 2004.1
1244870 1998.3
1244880 1990.9
1244890 1985.9
1244900 1985.9
1244910 1981.4
1244920 1969.3
1244930 1969.3
1244940 1955.8
1244950 1948.8
1244960 1948.8
1244970 1942.1
1244980 1935.1
1244990 1935.1
1245000 1929.2
1245010 1923.1
1245020 1911.7
1245030 1911.7
1245040 1901.6
1245050 1893.0
1245060 1893.0
1245070 1886.0
1245080 1879.9
1245090 1879.9
1245100 1873.7
1245110 1866.8
1245120 1866.8
1245130 1860.3
1245140 1854.4
1245150 1854.4
1245160 1852.8
1245170 1852.6
1245180 1852.6
1245190 1852.6
1245200 1852.4
1245210 1851.8
1245220 1851.8
1245230 1851.6
1245240 1851.8
1245250 1851.8
1245260 1851.2
1245270 1850.5
1245280 1850.5
1245290 1849.8
1245300 1849.5
1245310 1849.5
1245320 1849.5
1245330 1849.7
1245340 1849.7
1245350 1849.7
1245360 1849.4
1245370 1849.4
1245380 1849.5
1245390 1849.8
1245400 1849.8
1245410 1849.9
1245420 1850.1
1245430 1850.2
1245440 1850.2
1245450 1850.4
1245460 1852.4
1245470 1852.4
1245480 1853.5
1245490 1854.9
1245500 1854.9
1245510 1857.0
1245520 1859.3
1245530 1859.3
1245540 1861.4
1245550 1863.4
1245560 1863.4
1245570 1866.2
1245580 1869.8
1245590 1869.8
1245600 1873.8
1245610 1876.5
1245620 1876.5
1245630 1880.0
1245640 1884.1
1245650 1888.2
1245660 1888.2
1245670 1892.8
1245680 1897.2
1245690 1897.2
1245700 1902.0
1245710 1907.8
1245720 1907.8
1245730 1913.4
1245740 1918.9
1245750 1918.9
1245760 1923.6
1245770 1928.6
1245780 1928.6
1245790 1934.0
1245800 1939.0
1245810 1939.0
1245820 1944.7
1245830 1950.2
1245840 1955.4
1245850 1955.4
1245860 1960.9
1245870 1966.6
1245880 1966.6
1245890 1972.3
1245900 1978.4
1245910 1978.4
1245920 1983.4
1245930 1989.3
1245940 1989.3
1245950 1995.1
1245960 2001.3
1245970 2001.3
1245980 2007.4
1245990 2013.2
1246000 2013.2
1246010 2019.6
1246020 2033.0
1246030 2033.0
1246040 2049.4
1246050 2059.7
1246060 2069.3
1246070 2069.3
1246080 2081.4
1246090 2088.8
1246100 2088.8
1246110 2094.9
1246120 2110.5
1246130 2110.5
1246140 2122.1
1246150 2130.4
1246160 2130.4
1246170 2140.9
1246180 2151.5
1246190 2151.5
1246200 2161.4
1246210 2171.0
1246220 2171.0
1246230 2180.6
1246240 2191.0
1246250 2201.3
1246260 2201.3
1246270 2210.5
1246280 2234.1
1246290 2234.1
1246300 2256.1
1246310 2284.5
1246320 2284.5
1246330 2298.3
1246340 2314.3
1246350 2314.3
1246360 2326.6
1246370 2332.3
1246380 2332.3
1246390 2344.2
1246400 2352.2
1246410 2352.2
1246420 2358.7
1246430 2358.4
1246440 2358.4
1246450 2344.6
1246460 2368.4
1246470 2346.9
1246480 2346.9
1246490 2317.2
1246500 2312.2
1246510 2312.2
1246520 2322.4
1246530 2336.0
1246540 2336.0
1246550 2346.4
1246560 2355.0
1246570 2355.0
1246580 2364.7
1246590 2381.5
1246600 2381.5
1246610 2392.0
1246620 2402.1
1246630 2402.1
1246640 2413.7
1246650 2426.0
1246660 2426.0
1246670 2438.6
1246680 2450.4
1246690 2459.9
1246700 2459.9
1246710 2466.2
1246720 2470.4
1246730 2470.4
1246740 2472.3
1246750 2477.8
1246760 2477.8
1246770 2487.1
1246780 2492.8
1246790 2492.8
1246800 2496.7
1246810 2501.7
1246820 2501.7
1246830 2508.8
1246840 2519.4
1246850 2519.4
1246860 2532.3
1246870 2542.9
1246880 2557.9
1246890 2557.9
1246900 2571.1
1246910 2581.7
1246920 2581.7
1246930 2589.7
1246940 2597.0
1246950 2597.0
1246960 2604.4
1246970 2606.4
1246980 2606.4
1246990 2619.1
1247000 2621.1
1247010 2621.1
1247020 2634.4
1247030 2640.0
1247040 2640.0
1247050 2644.6
1247060 2651.3
1247070 2651.3
1247080 2657.7
1247090 2661.6
1247100 2668.3
1247110 2668.3
1247120 2676.8
1247130 2688.9
1247140 2688.9
1247150 2701.3
1247160 2714.7
1247170 2714.7
1247180 2725.5
1247190 2734.8
1247200 2734.8
1247210 2743.5
1247220 2750.2
1247230 2750.2
1247240 2758.4
1247250 2765.5
1247260 2765.5
1247270 2773.0
1247280 2778.0
1247290 2779.9
1247300 2779.9
1247310 2784.0
1247320 2786.5
1247330 2786.5
1247340 2787.7
1247350 2788.4
1247360 2788.4
1247370 2789.2
1247380 2788.7
1247390 2788.7
1247400 2786.2
1247410 2781.0
1247420 2781.0
1247430 2775.5
1247440 2772.3
1247450 2772.3
1247460 2765.9
1247470 2757.2
1247480 2757.2
1247490 2745.5
1247500 2733.9
1247510 2720.6
1247520 2721.3
1247530 2711.6
1247540 2701.6
1247550 2701.6
1247560 2694.7
1247570 2687.2
1247580 2687.2
1247590 2678.2
1247600 2666.2
1247610 2666.2
1247620 2658.3
1247630 2647.6
1247640 2647.6
1247650 2639.6
1247660 2631.7
1247670 2631.7
1247680 2625.7
1247690 2619.0
1247700 2608.8
1247710 2608.8
1247720 2597.4
1247730 2585.5
1247740 2585.5
1247750 2569.7
1247760 2557.0
1247770 2557.0
1247780 2544.1
1247790 2531.9
1247800 2531.9
1247810 2524.3
1247820 2518.4
1247830 2518.4
1247840 2512.4
1247850 2505.9
1247860 2505.9
1247870 2499.3
1247880 2493.2
1247890 2493.2
1247900 2487.3
1247910 2481.3
1247920 2475.4
1247930 2475.4
1247940 2469.4
1247950 2463.5
1247960 2463.5
1247970 2458.2
1247980 2453.1
1247990 2453.1
1248000 2448.0
1248010 2443.0
1248020 2443.0
1248030 2438.3
1248040 2433.6
1248050 2433.6
1248060 2431.9
1248070 2426.5
1248080 2426.5
1248090 2421.2
1248100 2415.7
1248110 2415.7
1248120 2410.2
1248130 2404.9
1248140 2400.4
1248150 2400.4
1248160 2395.6
1248170 2390.4
1248180 2390.4
1248190 2385.1
1248200 2379.6
1248210 2379.6
1248220 2373.9
1248230 2368.4
1248240 2368.4
1248250 2362.8
1248260 2357.2
1248270 2357.2
1248280 2352.5
1248290 2347.6
1248300 2347.6
1248310 2343.1
1248320 2338.6
1248330 2334.0
1248340 2334.0
1248350 2329.5
1248360 2325.3
1248370 2325.3
1248380 2320.7
1248390 2316.0
1248400 2316.0
1248410 2311.6
1248420 2307.5
1248430 2307.5
1248440 2304.0
1248450 2300.4
1248460 2300.4
1248470 2296.7
1248480 2292.6
1248490 2292.6
1248500 2286.6
1248510 2279.8
1248520 2279.8
1248530 2273.4
1248540 2267.1
1248550 2260.7
1248560 2260.7
1248570 2254.4
1248580 2248.1
1248590 2249.1
1248600 2245.2
1248610 2241.0
1248620 2241.0
1248630 2236.8
1248640 2233.0
1248650 2233.0
1248660 2229.2
1248670 2224.9
1248680 2224.9
1248690 2220.8
1248700 2216.4
1248710 2216.4
1248720 2211.6
1248730 2206.5
1248740 2201.9
1248750 2201.9
1248760 2197.2
1248770 2191.8
1248780 2191.8
1248790 2186.8
1248800 2183.0
1248810 2183.0
1248820 2179.8
1248830 2176.9
1248840 2176.9
1248850 2172.9
1248860 2168.0
1248870 2168.0
1248880 2163.0
1248890 2156.9
1248900 2156.9
1248910 2150.5
1248920 2144.5
1248930 2144.5
1248940 2138.8
1248950 2132.8
1248960 2127.2
1248970 2127.2
1248980 2123.2
1248990 2116.5
1249000 2116.5
1249010 2108.0
1249020 2099.2
1249030 2099.2
1249040 2091.4
1249050 2085.5
1249060 2085.5
1249070 2079.6
1249080 2071.3
1249090 2071.3
1249100 2063.4
1249110 2056.0
1249120 2056.0
1249130 2050.9
1249140 2044.8
1249150 2044.8
1249160 2037.7
1249170 2029.3
1249180 2022.9
1249190 2022.9
1249200 2016.8
1249210 2011.4
1249220 2011.4
1249230 2006.7
1249240 2001.0
1249250 2001.0
1249260 1994.6
1249270 1988.0
1249280 1988.0
1249290 1981.6
1249300 1975.4
1249310 1975.4
1249320 1970.7
1249330 1966.5
1249340 1966.5
1249350 1959.7
1249360 1952.7
1249370 1945.1
1249380 1945.1
1249390 1935.4
1249400 1925.5
1249410 1925.5
1249420 1917.7
1249430 1910.0
1249440 1910.0
1249450 1904.0
1249460 1898.3
1249470 1898.3
1249480 1893.7
1249490 1889.3
1249500 1889.3
1249510 1886.2
1249520 1885.9
1249530 1885.9
1249540 1886.4
1249550 1884.7
1249560 1884.7
1249570 1881.0
1249580 1878.7
1249590 1873.3
1249600 1873.3
1249610 1866.4
1249620 1856.1
1249630 1856.1
1249640 1842.1
1249650 1835.0
1249660 1835.0
1249670 1837.4
1249680 1823.3
1249690 1823.3
1249700 1808.6
1249710 1811.8
1249720 1811.8
1249730 1819.1
1249740 1823.9
1249750 1823.9
1249760 1827.1
1249770 1830.7
1249780 1823.9
1249790 1823.9
1249800 1814.6
1249810 1814.0
1249820 1814.0
1249830 1806.9
1249840 1791.1
1249850 1791.1
1249860 1785.9
1249870 1791.9
1249880 1791.9
1249890 1800.7
1249900 1813.1
1249910 1813.1
1249920 1825.8
1249930 1838.4
1249940 1838.4
1249950 1844.2
1249960 1850.0
1249970 1850.0
1249980 1856.6
1249990 1863.0
1250000 1868.3
1250010 1868.3
1250020 1874.4
1250030 1881.4
1250040 1881.4
1250050 1888.8
1250060 1895.6
1250070 1895.6
1250080 1902.5
1250090 1910.8
1250100 1910.8
1250110 1918.4
1250120 1927.7
1250130 1927.7
1250140 1938.4
1250150 1950.6
1250160 1950.6
1250170 1960.2
1250180 1967.4
1250190 1967.4
1250200 1975.1
1250210 1990.6
1250220 2003.4
1250230 2003.4
1250240 2022.9
1250250 2030.7
1250260 2030.7
1250270 2029.6
1250280 2033.5
1250290 2033.5
1250300 2041.2
1250310 2052.8
1250320 2052.8
1250330 2058.6
1250340 2068.3
1250350 2068.3
1250360 2071.3
1250370 2071.6
1250380 2071.6
1250390 2075.2
1250400 2079.7
1250410 2084.9
1250420 2084.9
1250430 2090.1
1250440 2095.4
1250450 2095.4
1250460 2100.6
1250470 2104.9
1250480 2104.9
1250490 2109.8
1250500 2114.4
1250510 2114.4
1250520 2121.1
1250530 2131.5
1250540 2131.5
1250550 2140.9
1250560 2146.2
1250570 2146.2
1250580 2152.3
1250590 2157.9
1250600 2157.9
1250610 2161.7
1250620 2165.9
1250630 2170.2
1250640 2170.2
1250650 2173.5
1250660 2176.8
1250670 2176.8
1250680 2181.1
1250690 2185.3
1250700 2185.3
1250710 2189.4
1250720 2193.9
1250730 2193.9
1250740 2197.8
1250750 2203.2
1250760 2203.2
1250770 2206.3
1250780 2210.1
1250790 2210.1
1250800 2213.3
1250810 2215.0
1250820 2218.6
1250830 2218.6
1250840 2222.6
1250850 2226.9
1250860 2226.9
1250870 2231.6
1250880 2236.4
1250890 2236.4
1250900 2241.1
1250910 2245.4
1250920 2245.4
1250930 2249.9
1250940 2255.1
1250950 2255.1
1250960 2260.2
1250970 2264.2
1250980 2264.2
1250990 2266.5
1251000 2268.9
1251010 2268.9
1251020 2271.9
1251030 2274.3
1251040 2277.1
1251050 2277.1
1251060 2281.2
1251070 2285.8
1251080 2285.8
1251090 2293.1
1251100 2300.7
1251110 2300.7
1251120 2306.0
1251130 2310.7
1251140 2310.7
1251150 2314.8
1251160 2319.1
1251170 2319.1
1251180 2323.9
1251190 2327.2
1251200 2327.2
1251210 2328.8
1251220 2332.4
1251230 2332.4
1251240 2337.9
1251250 2343.1
1251260 2347.5
1251270 2347.5
1251280 2351.7
1251290 2359.1
1251300 2359.1
1251310 2363.1
1251320 2366.4
1251330 2366.4
1251340 2370.1
1251350 2373.3
1251360 2373.3
1251370 2376.4
1251380 2379.5
1251390 2379.5
1251400 2382.6
1251410 2385.5
1251420 2385.5
1251430 2388.3
1251440 2391.3
1251450 2394.6
1251460 2394.6
1251470 2400.3
1251480 2408.9
1251490 2408.9
1251500 2416.2
1251510 2418.8
1251520 2418.8
1251530 2419.2
1251540 2420.6
1251550 2420.6
1251560 2422.9
1251570 2427.0
1251580 2427.0
1251590 2432.1
1251600 2435.5
1251610 2435.5
1251620 2437.9
1251630 2440.2
1251640 2440.2
1251650 2442.0
1251660 2443.6
1251670 2445.8
1251680 2445.8
1251690 2448.3
1251700 2449.9
1251710 2449.9
1251720 2451.7
1251730 2455.4
1251740 2455.4
1251750 2461.2
1251760 2466.3
1251770 2466.3
1251780 2470.4
1251790 2474.5
1251800 2474.5
1251810 2478.8
1251820 2482.9
1251830 2486.8
1251840 2490.9
1251850 2495.1
1251860 2499.8
1251870 2499.8
1251880 2505.0
1251890 2510.9
1251900 2510.9
1251910 2518.1
1251920 2526.3
1251930 2526.3
1251940 2534.5
1251950 2542.8
1251960 2542.8
1251970 2550.9
1251980 2558.6
1251990 2558.6
1252000 2566.2
1252010 2573.3
1252020 2573.3
1252030 2580.9
1252040 2588.4
1252050 2588.4
1252060 2595.7
1252070 2601.2
1252080 2604.9
1252090 2604.9
1252100 2609.2
1252110 2614.0
1252120 2614.0
1252130 2620.7
1252140 2629.6
1252150 2629.6
1252160 2641.4
1252170 2651.4
1252180 2651.4
1252190 2659.9
1252200 2668.9
1252210 2668.9
1252220 2679.0
1252230 2690.5
1252240 2690.5
1252250 2701.2
1252260 2711.4
1252270 2711.4
1252280 2719.9
1252290 2728.7
1252300 2740.4
1252310 2740.4
1252320 2756.7
1252330 2768.7
1252340 2768.7
1252350 2780.3
1252360 2791.0
1252370 2791.0
1252380 2803.0
1252390 2809.4
1252400 2809.4
1252410 2818.9
1252420 2824.8
1252430 2824.8
1252440 2817.6
1252450 2816.4
1252460 2816.4
1252470 2809.9
1252480 2808.5
1252490 2818.1
1252500 2818.1
1252510 2828.6
1252520 2842.8
1252530 2842.8
1252540 2848.7
1252550 2845.8
1252560 2845.8
1252570 2843.1
1252580 2836.5
1252590 2836.5
1252600 2828.3
1252610 2821.5
1252620 2821.5
1252630 2815.2
1252640 2808.4
1252650 2808.4
1252660 2801.2
1252670 2792.9
1252680 2792.9
1252690 2784.3
1252700 2776.7
1252710 2770.6
1252720 2770.6
1252730 2765.4
1252740 2761.3
1252750 2761.3
1252760 2757.7
1252770 2754.6
1252780 2754.6
1252790 2753.7
1252800 2752.4
1252810 2752.4
1252820 2751.3
1252830 2750.1
1252840 2750.1
1252850 2751.5
1252860 2753.3
1252870 2753.3
1252880 2754.5
1252890 2754.2
1252900 2750.1
1252910 2750.1
1252920 2740.3
1252930 2731.4
1252940 2731.4
1252950 2721.5
1252960 2712.0
1252970 2712.0
1252980 2702.4
1252990 2694.2
1253000 2694.2
1253010 2688.4
1253020 2683.5
1253030 2683.5
1253040 2677.9
1253050 2671.1
1253060 2671.1
1253070 2663.3
1253080 2654.1
1253090 2654.1
1253100 2645.7
1253110 2637.9
1253120 2630.6
1253130 2630.6
1253140 2623.6
1253150 2616.4
1253160 2616.4
1253170 2609.3
1253180 2602.5
1253190 2602.5
1253200 2596.1
1253210 2590.0
1253220 2590.0
1253230 2584.3
1253240 2579.0
1253250 2579.0
1253260 2573.9
1253270 2568.3
1253280 2568.3
1253290 2562.9
1253300 2557.3
1253310 2552.1
1253320 2552.1
1253330 2547.2
1253340 2542.8
1253350 2542.8
1253360 2538.5
1253370 2534.5
1253380 2534.5
1253390 2530.9
1253400 2527.3
1253410 2527.3
1253420 2523.5
1253430 2520.1
1253440 2520.1
1253450 2516.8
1253460 2513.6
1253470 2511.4
1253480 2508.4
1253490 2505.0
1253500 2505.0
1253510 2502.0
1253520 2499.3
1253530 2496.5
1253540 2496.5
1253550 2493.9
1253560 2491.2
1253570 2491.2
1253580 2488.7
1253590 2485.9
1253600 2485.9
1253610 2481.9
1253620 2476.8
1253630 2476.8
1253640 2471.0
1253650 2466.7
1253660 2466.7
1253670 2464.0
1253680 2460.9
1253690 2460.9
1253700 2457.7
1253710 2454.1
1253720 2454.1
1253730 2453.2
1253740 2453.5
1253750 2454.6
1253760 2454.6
1253770 2455.3
1253780 2455.2
1253790 2455.2
1253800 2454.7
1253810 2453.4
1253820 2453.4
1253830 2451.1
1253840 2448.1
1253850 2448.1
1253860 2444.3
1253870 2440.0
1253880 2440.0
1253890 2435.7
1253900 2431.2
1253910 2431.2
1253920 2426.6
1253930 2422.4
1253940 2418.5
1253950 2418.5
1253960 2415.0
1253970 2412.5
1253980 2412.5
1253990 2409.8
1254000 2405.9
1254010 2405.9
1254020 2399.0
1254030 2396.0
1254040 2396.0
1254050 2393.3
1254060 2391.0
1254070 2391.0
1254080 2386.9
1254090 2383.1
1254100 2383.1
1254110 2380.0
1254120 2376.9
1254130 2376.9
1254140 2373.5
1254150 2371.9
1254160 2370.0
1254170 2370.0
1254180 2366.7
1254190 2362.6
1254200 2362.6
1254210 2359.3
1254220 2356.3
1254230 2356.3
1254240 2352.7
1254250 2348.2
1254260 2348.2
1254270 2343.4
1254280 2338.5
1254290 2338.5
1254300 2333.9
1254310 2330.6
1254320 2330.6
1254330 2327.0
1254340 2323.5
1254350 2319.6
1254360 2319.6
1254370 2316.1
1254380 2311.3
1254390 2311.3
1254400 2307.5
1254410 2303.8
1254420 2303.8
1254430 2300.4
1254440 2298.0
1254450 2298.0
1254460 2295.5
1254470 2292.3
1254480 2292.3
1254490 2288.4
1254500 2283.1
1254510 2283.1
1254520 2278.7
1254530 2275.2
1254540 2275.2
1254550 2270.4
1254560 2264.3
1254570 2254.5
1254580 2254.5
1254590 2247.9
1254600 2240.4
1254610 2240.4
1254620 2233.0
1254630 2224.6
1254640 2224.6
1254650 2216.4
1254660 2207.9
1254670 2207.9
1254680 2197.1
1254690 2187.2
1254700 2187.2
1254710 2179.9
1254720 2172.3
1254730 2172.3
1254740 2160.7
1254750 2151.6
1254760 2151.6
1254770 2145.2
1254780 2138.4
1254790 2132.1
1254800 2132.1
1254810 2125.6
1254820 2118.3
1254830 2118.3
1254840 2110.1
1254850 2100.3
1254860 2100.3
1254870 2092.4
1254880 2087.0
1254890 2087.0
1254900 2082.4
1254910 2078.4
1254920 2078.4
1254930 2074.4
1254940 2070.0
1254950 2070.0
1254960 2065.4
1254970 2060.6
1254980 2055.5
1254990 2055.5
1255000 2050.8
1255010 2046.6
1255020 2046.6
1255030 2043.1
1255040 2039.5
1255050 2039.5
1255060 2035.1
1255070 2030.6
1255080 2030.6
1255090 2026.2
1255100 2022.1
1255110 2022.1
1255120 2016.3
1255130 2013.4
1255140 2013.4
1255150 2011.4
1255160 2009.6
1255170 2009.6
1255180 2008.6
1255190 2007.7
1255200 2006.6
1255210 2006.6
1255220 2005.7
1255230 2004.8
1255240 2004.8
1255250 2004.0
1255260 2003.1
1255270 2003.1
1255280 2002.3
1255290 2001.4
1255300 2001.4
1255310 2001.1
1255320 2001.3
1255330 2001.3
1255340 2000.9
1255350 2002.4
1255360 2002.4
1255370 2003.2
1255380 2002.0
1255390 2000.4
1255400 2000.4
1255410 2000.0
1255420 2000.4
1255430 2000.4
1255440 1999.9
1255450 1999.6
1255460 1999.6
1255470 2000.4
1255480 2002.9
1255490 2002.9
1255500 2006.9
1255510 2009.1
1255520 2009.1
1255530 2008.9
1255540 2007.2
1255550 2007.2
1255560 2007.0
1255570 2009.7
1255580 2009.7
1255590 2018.2
1255600 2024.9
1255610 2027.2
1255620 2027.2
1255630 2026.5
1255640 2024.9
1255650 2024.9
1255660 2022.2
1255670 2025.0
1255680 2025.0
1255690 2024.0
1255700 2024.4
1255710 2024.4
1255720 2023.1
1255730 2022.4
1255740 2022.4
1255750 2021.1
1255760 2016.6
1255770 2016.6
1255780 2011.4
1255790 2001.4
1255800 2001.4
1255810 1994.9
1255820 1988.8
1255830 1984.3
1255840 1984.3
1255850 1978.7
1255860 1972.5
1255870 1972.5
1255880 1965.1
1255890 1959.1
1255900 1959.1
1255910 1954.8
1255920 1950.6
1255930 1950.6
1255940 1946.4
1255950 1937.8
1255960 1937.8
1255970 1943.6
1255980 1951.4
1255990 1951.4
1256000 1958.7
1256010 1955.0
1256020 1943.1
1256030 1943.1
1256040 1928.7
1256050 1921.9
1256060 1921.9
1256070 1916.4
1256080 1905.7
1256090 1905.7
1256100 1888.5
1256110 1887.8
1256120 1887.8
1256130 1893.9
1256140 1897.8
1256150 1897.8
1256160 1889.3
1256170 1883.8
1256180 1883.8
1256190 1878.4
1256200 1875.6
1256210 1875.6
1256220 1869.2
1256230 1871.8
1256240 1866.2
1256250 1866.2
1256260 1855.8
1256270 1843.2
1256280 1843.2
1256290 1837.4
1256300 1832.3
1256310 1832.3
1256320 1825.2
1256330 1816.1
1256340 1816.1
1256350 1808.7
1256360 1802.6
1256370 1802.6
1256380 1797.7
1256390 1791.8
1256400 1791.8
1256410 1786.3
1256420 1782.9
1256430 1779.8
1256440 1779.8
1256450 1776.1
1256460 1773.4
1256470 1773.4
1256480 1769.9
1256490 1766.4
1256500 1766.4
1256510 1763.5
1256520 1761.3
1256530 1761.3
1256540 1759.8
1256550 1760.8
1256560 1760.8
1256570 1759.4
1256580 1754.1
1256590 1754.1
1256600 1748.6
1256610 1746.5
1256620 1746.5
1256630 1744.6
1256640 1742.9
1256650 1742.9
1256660 1742.9
1256670 1744.6
1256680 1747.3
1256690 1747.3
1256700 1746.0
1256710 1739.7
1256720 1739.7
1256730 1738.0
1256740 1734.3
1256750 1734.3
1256760 1734.5
1256770 1737.9
1256780 1747.5
1256790 1749.3
1256800 1749.5
1256810 1749.5
1256820 1747.7
1256830 1746.3
1256840 1746.3
1256850 1744.6
1256860 1746.1
1256870 1744.1
1256880 1744.1
1256890 1738.0
1256900 1735.3
1256910 1735.3
1256920 1733.9
1256930 1733.0
1256940 1733.0
1256950 1739.2
1256960 1745.1
1256970 1745.1
1256980 1745.7
1256990 1741.7
1257000 1741.7
1257010 1737.2
1257020 1738.5
1257030 1738.5
1257040 1738.7
1257050 1740.1
1257060 1737.5
1257070 1737.5
1257080 1734.8
1257090 1734.5
1257100 1734.5
1257110 1735.7
1257120 1733.8
1257130 1733.8
1257140 1732.1
1257150 1730.3
1257160 1730.3
1257170 1729.0
1257180 1727.6
1257190 1727.6
1257200 1726.4
1257210 1725.7
1257220 1725.7
1257230 1726.5
1257240 1728.4
1257250 1728.4
1257260 1731.2
1257270 1732.5
1257280 1732.9
1257290 1732.9
1257300 1731.2
1257310 1726.5
1257320 1726.5
1257330 1722.8
1257340 1725.4
1257350 1725.4
1257360 1723.4
1257370 1726.4
1257380 1726.4
1257390 1733.0
1257400 1740.2
1257410 1740.2
1257420 1737.1
1257430 1728.1
1257440 1728.1
1257450 1719.1
1257460 1711.1
1257470 1708.4
1257480 1708.4
1257490 1716.7
1257500 1725.7
1257510 1725.7
1257520 1734.2
1257530 1734.6
1257540 1734.6
1257550 1726.3
1257560 1721.3
1257570 1721.3
1257580 1722.5
1257590 1729.3
1257600 1729.3
1257610 1735.9
1257620 1738.8
1257630 1738.8
1257640 1737.8
1257650 1735.2
1257660 1735.2
1257670 1732.1
1257680 1729.0
1257690 1729.9
1257700 1729.9
1257710 1732.8
1257720 1739.0
1257730 1739.0
1257740 1742.8
1257750 1745.2
1257760 1745.2
1257770 1747.8
1257780 1750.9
1257790 1750.9
1257800 1753.9
1257810 1755.6
1257820 1755.6
1257830 1757.1
1257840 1759.5
1257850 1759.5
1257860 1760.7
1257870 1762.7
1257880 1765.5
1257890 1768.1
1257900 1769.7
1257910 1772.4
1257920 1772.4
1257930 1775.2
1257940 1777.8
1257950 1777.8
1257960 1781.0
1257970 1784.2
1257980 1784.2
1257990 1786.6
1258000 1788.5
1258010 1788.5
1258020 1790.5
1258030 1790.9
1258040 1790.9
1258050 1790.7
1258060 1791.7
1258070 1791.7
1258080 1792.0
1258090 1792.8
1258100 1795.2
1258110 1795.2
1258120 1797.1
1258130 1799.4
1258140 1799.4
1258150 1803.7
1258160 1807.9
1258170 1807.9
1258180 1813.6
1258190 1818.8
1258200 1818.8
1258210 1824.6
1258220 1828.8
1258230 1828.8
1258240 1829.2
1258250 1828.6
1258260 1828.6
1258270 1828.5
1258280 1828.7
1258290 1828.7
1258300 1830.5
1258310 1833.4
1258320 1831.1
1258330 1831.1
1258340 1830.5
1258350 1830.2
1258360 1830.2
1258370 1830.3
1258380 1832.8
1258390 1832.8
1258400 1835.5
1258410 1837.0
1258420 1837.0
1258430 1839.7
1258440 1842.8
1258450 1845.8
1258460 1848.4
1258470 1852.0
1258480 1852.0
1258490 1856.1
1258500 1858.7
1258510 1861.5
1258520 1861.5
1258530 1864.6
1258540 1866.6
1258550 1866.6
1258560 1868.8
1258570 1871.6
1258580 1871.6
1258590 1873.4
1258600 1876.3
1258610 1876.3
1258620 1880.8
1258630 1886.5
1258640 1886.5
1258650 1893.7
1258660 1901.2
1258670 1901.2
1258680 1908.6
1258690 1916.2
1258700 1916.2
1258710 1923.9
1258720 1931.1
1258730 1936.9
1258740 1936.9
1258750 1938.1
1258760 1935.9
1258770 1935.9
1258780 1933.9
1258790 1933.7
1258800 1933.7
1258810 1934.0
1258820 1935.1
1258830 1935.1
1258840 1936.6
1258850 1938.0
1258860 1938.0
1258870 1939.0
1258880 1941.5
1258890 1941.5
1258900 1945.1
1258910 1949.4
1258920 1954.6
1258930 1954.6
1258940 1959.5
1258950 1964.8
1258960 1964.8
1258970 1970.4
1258980 1975.9
1258990 1975.9
1259000 1981.6
1259010 1984.4
1259020 1984.4
1259030 1989.6
1259040 1995.0
1259050 1995.0
1259060 2000.7
1259070 2006.3
1259080 2006.3
1259090 2011.1
1259100 2016.2
1259110 2016.2
1259120 2022.6
1259130 2029.5
1259140 2036.5
1259150 2036.5
1259160 2043.6
1259170 2050.9
1259180 2050.9
1259190 2058.1
1259200 2065.3
1259210 2065.3
1259220 2072.2
1259230 2078.8
1259240 2078.8
1259250 2085.3
1259260 2091.8
1259270 2091.8
1259280 2098.0
1259290 2104.5
1259300 2104.5
1259310 2111.4
1259320 2121.8
1259330 2121.8
1259340 2131.6
1259350 2139.7
1259360 2147.2
1259370 2147.2
1259380 2154.1
1259390 2161.3
1259400 2161.3
1259410 2169.4
1259420 2177.7
1259430 2177.7
1259440 2185.3
1259450 2193.7
1259460 2193.7
1259470 2204.3
1259480 2217.5
1259490 2217.5
1259500 2222.8
1259510 2231.2
1259520 2231.2
1259530 2240.9
1259540 2250.5
1259550 2258.7
1259560 2258.7
1259570 2268.7
1259580 2273.9
1259590 2273.9
1259600 2287.4
1259610 2299.2
1259620 2299.2
1259630 2310.3
1259640 2320.4
1259650 2320.4
1259660 2329.6
1259670 2338.0
1259680 2338.0
1259690 2344.5
1259700 2351.9
1259710 2351.9
1259720 2355.6
1259730 2346.7
1259740 2346.7
1259750 2336.5
1259760 2330.7
1259770 2330.3
1259780 2330.3
1259790 2331.7
1259800 2331.8
1259810 2331.8
1259820 2333.5
1259830 2334.7
1259840 2334.7
1259850 2334.9
1259860 2334.4
1259870 2334.4
1259880 2332.3
1259890 2328.6
1259900 2328.6
1259910 2322.7
1259920 2315.8
1259930 2315.8
1259940 2309.4
1259950 2305.6
1259960 2302.4
1259970 2302.4
1259980 2298.9
1259990 2295.6
