1240000 2489.8
1240010 2489.8
1240020 2482.3
1240030 2473.0
1240040 2473.0
1240050 2467.4
1240060 2459.6
1240070 2455.5
1240080 2455.5
1240090 2456.3
1240100 2453.8
1240110 2453.8
1240120 2444.9
1240130 2436.9
1240140 2436.9
1240150 2432.1
1240160 2424.5
1240170 2424.5
1240180 2417.8
1240190 2404.2
1240200 2404.2
1240210 2386.8
1240220 2375.5
1240230 2375.5
1240240 2367.8
1240250 2355.0
1240260 2355.0
1240270 2340.0
1240280 2324.6
1240290 2310.3
1240300 2311.0
1240310 2295.0
1240320 2281.2
1240330 2281.2
1240340 2270.3
1240350 2260.3
1240360 2260.3
1240370 2249.1
1240380 2232.1
1240390 2232.1
1240400 2218.1
1240410 2204.3
1240420 2204.3
1240430 2191.7
1240440 2185.4
1240450 2185.4
1240460 2179.5
1240470 2173.5
1240480 2162.1
1240490 2162.1
1240500 2152.1
1240510 2142.0
1240520 2142.0
1240530 2128.2
1240540 2112.5
1240550 2112.5
1240560 2100.1
1240570 2090.9
1240580 2090.9
1240590 2084.1
1240600 2077.2
1240610 2077.2
1240620 2070.3
1240630 2062.9
1240640 2062.9
1240650 2055.3
1240660 2047.5
1240670 2047.5
1240680 2040.0
1240690 2032.6
1240700 2025.6
1240710 2025.6
1240720 2018.8
1240730 2011.7
1240740 2011.7
1240750 2004.5
1240760 1996.8
1240770 1996.8
1240780 1988.4
1240790 1981.9
1240800 1981.9
1240810 1981.7
1240820 1986.7
1240830 1986.7
1240840 1981.6
1240850 1979.4
1240860 1979.4
1240870 1976.8
1240880 1968.6
1240890 1962.7
1240900 1962.7
1240910 1958.4
1240920 1953.8
1240930 1953.8
1240940 1950.4
1240950 1948.2
1240960 1948.2
1240970 1944.6
1240980 1941.2
1240990 1941.2
1241000 1938.0
1241010 1935.5
1241020 1935.5
1241030 1933.1
1241040 1929.1
1241050 1929.1
1241060 1924.7
1241070 1922.3
1241080 1922.3
1241090 1920.2
1241100 1913.9
1241110 1908.4
1241120 1908.4
1241130 1908.0
1241140 1907.5
1241150 1907.5
1241160 1907.0
1241170 1907.7
1241180 1907.7
1241190 1909.5
1241200 1911.7
1241210 1911.7
1241220 1914.4
1241230 1916.7
1241240 1916.7
1241250 1918.7
1241260 1920.2
1241270 1920.2
1241280 1921.4
1241290 1922.7
1241300 1922.7
1241310 1925.5
1241320 1928.0
1241330 1930.5
1241340 1933.8
1241350 1936.3
1241360 1938.6
1241370 1938.6
1241380 1940.6
1241390 1942.6
1241400 1942.6
1241410 1944.7
1241420 1947.8
1241430 1947.8
1241440 1950.1
1241450 1951.9
1241460 1951.9
1241470 1954.1
1241480 1956.6
1241490 1956.6
1241500 1958.9
1241510 1961.1
1241520 1964.6
1241530 1964.6
1241540 1968.3
1241550 1971.6
1241560 1971.6
1241570 1973.4
1241580 1975.6
1241590 1975.6
1241600 1977.9
1241610 1980.9
1241620 1980.9
1241630 1984.1
1241640 1987.1
1241650 1987.1
1241660 1985.9
1241670 1988.4
1241680 1988.4
1241690 1995.7
1241700 2003.1
1241710 2003.1
1241720 2008.8
1241730 2013.6
1241740 2018.7
1241750 2018.7
1241760 2023.4
1241770 2027.2
1241780 2027.2
1241790 2028.6
1241800 2027.2
1241810 2027.2
1241820 2029.8
1241830 2034.6
1241840 2034.6
1241850 2041.4
1241860 2053.5
1241870 2053.5
1241880 2063.8
1241890 2073.1
1241900 2073.1
1241910 2081.8
1241920 2092.2
1241930 2100.8
1241940 2100.8
1241950 2110.1
1241960 2119.2
1241970 2119.2
1241980 2125.7
1241990 2131.7
1242000 2131.7
1242010 2136.8
1242020 2140.4
1242030 2140.4
1242040 2143.4
1242050 2147.5
1242060 2147.5
1242070 2155.8
1242080 2156.9
1242090 2156.9
1242100 2158.5
1242110 2161.8
1242120 2161.8
1242130 2171.9
1242140 2178.2
1242150 2178.5
1242160 2178.5
1242170 2179.1
1242180 2181.8
1242190 2181.8
1242200 2184.2
1242210 2189.8
1242220 2189.8
1242230 2200.8
1242240 2213.7
1242250 2213.7
1242260 2219.5
1242270 2223.6
1242280 2223.6
1242290 2229.3
1242300 2235.2
1242310 2235.2
1242320 2239.9
1242330 2245.1
1242340 2245.1
1242350 2251.7
1242360 2258.9
1242370 2267.4
1242380 2275.5
1242390 2282.1
1242400 2290.0
1242410 2290.0
1242420 2299.1
1242430 2312.5
1242440 2312.5
1242450 2327.5
1242460 2338.4
1242470 2338.4
1242480 2341.0
1242490 2338.1
1242500 2338.1
1242510 2336.2
1242520 2336.5
1242530 2336.5
1242540 2338.5
1242550 2341.7
1242560 2344.1
1242570 2344.1
1242580 2340.5
1242590 2336.1
1242600 2336.1
1242610 2335.6
1242620 2338.3
1242630 2338.3
1242640 2335.5
1242650 2337.2
1242660 2337.2
1242670 2344.9
1242680 2348.9
1242690 2348.9
1242700 2348.8
1242710 2350.2
1242720 2350.2
1242730 2352.1
1242740 2355.6
1242750 2355.6
1242760 2364.7
1242770 2365.0
1242780 2364.3
1242790 2364.3
1242800 2379.2
1242810 2391.7
1242820 2391.7
1242830 2393.2
1242840 2400.0
1242850 2400.0
1242860 2411.4
1242870 2423.6
1242880 2423.6
1242890 2432.5
1242900 2441.4
1242910 2441.9
1242920 2450.9
1242930 2459.2
1242940 2459.2
1242950 2467.8
1242960 2475.9
1242970 2482.7
1242980 2482.7
1242990 2489.9
1243000 2497.2
1243010 2497.2
1243020 2498.4
1243030 2493.4
1243040 2493.4
1243050 2486.1
1243060 2479.8
1243070 2479.8
1243080 2474.7
1243090 2470.2
1243100 2470.2
1243110 2467.1
1243120 2464.2
1243130 2464.2
1243140 2461.0
1243150 2457.1
1243160 2457.1
1243170 2452.5
1243180 2447.5
1243190 2441.5
1243200 2441.5
1243210 2434.2
1243220 2429.2
1243230 2429.2
1243240 2425.8
1243250 2424.8
1243260 2424.8
1243270 2426.8
1243280 2427.6
1243290 2427.6
1243300 2426.1
1243310 2424.9
1243320 2424.9
1243330 2423.2
1243340 2416.1
1243350 2416.1
1243360 2405.8
1243370 2400.9
1243380 2400.9
1243390 2405.8
1243400 2405.9
1243410 2400.5
1243420 2400.5
1243430 2403.1
1243440 2397.3
1243450 2397.3
1243460 2394.4
1243470 2398.6
1243480 2398.6
1243490 2405.8
1243500 2407.1
1243510 2407.1
1243520 2405.8
1243530 2403.1
1243540 2403.1
1243550 2400.1
1243560 2402.2
1243570 2402.2
1243580 2405.4
1243590 2405.4
1243600 2406.6
1243610 2406.6
1243620 2407.5
1243630 2407.1
1243640 2407.1
1243650 2410.3
1243660 2415.4
1243670 2415.4
1243680 2414.8
1243690 2409.7
1243700 2409.7
1243710 2410.0
1243720 2413.5
1243730 2413.5
1243740 2415.9
1243750 2418.0
1243760 2418.0
1243770 2419.4
1243780 2419.6
1243790 2419.6
1243800 2425.2
1243810 2431.0
1243820 2433.2
1243830 2433.2
1243840 2436.0
1243850 2435.4
1243860 2435.4
1243870 2430.5
1243880 2429.0
1243890 2429.0
1243900 2431.6
1243910 2434.6
1243920 2434.6
1243930 2439.3
1243940 2441.1
1243950 2441.1
1243960 2454.0
1243970 2452.0
1243980 2452.0
1243990 2445.4
1244000 2440.8
1244010 2442.1
1244020 2442.1
1244030 2447.7
1244040 2452.0
1244050 2452.0
1244060 2452.6
1244070 2453.6
1244080 2453.6
1244090 2449.9
1244100 2444.9
1244110 2444.9
1244120 2440.6
1244130 2435.4
1244140 2435.4
1244150 2432.8
1244160 2436.5
1244170 2436.5
1244180 2442.8
1244190 2448.4
1244200 2448.4
1244210 2447.1
1244220 2453.1
1244230 2461.9
1244240 2461.9
1244250 2456.4
1244260 2445.8
1244270 2445.8
1244280 2434.5
1244290 2423.2
1244300 2423.2
1244310 2413.4
1244320 2403.1
1244330 2403.1
1244340 2392.0
1244350 2381.9
1244360 2381.9
1244370 2373.7
1244380 2366.0
1244390 2366.0
1244400 2357.6
1244410 2347.9
1244420 2347.9
1244430 2337.8
1244440 2328.3
1244450 2318.7
1244460 2318.7
1244470 2307.6
1244480 2292.7
1244490 2292.7
1244500 2278.2
1244510 2270.8
1244520 2270.8
1244530 2265.7
1244540 2248.4
1244550 2248.4
1244560 2237.8
1244570 2231.2
1244580 2231.2
1244590 2224.3
1244600 2217.6
1244610 2217.6
1244620 2211.1
1244630 2204.7
1244640 2198.6
1244650 2198.6
1244660 2192.8
1244670 2186.5
1244680 2186.5
1244690 2178.4
1244700 2166.7
1244710 2166.7
1244720 2147.8
1244730 2134.5
1244740 2134.5
1244750 2129.8
1244760 2125.8
1244770 2125.8
1244780 2107.7
1244790 2083.7
1244800 2083.7
1244810 2063.1
1244820 2044.0
1244830 2044.0
1244840 2020.2
1244850 2002.5
1244860 1989.6
1244870 1989.6
1244880 1979.4
1244890 1972.9
1244900 1972.9
1244910 1967.0
1244920 1960.8
1244930 1960.8
1244940 1954.0
1244950 1946.8
1244960 1946.8
1244970 1939.7
1244980 1932.3
1244990 1932.3
1245000 1925.0
1245010 1917.4
1245020 1917.4
1245030 1909.7
1245040 1901.4
1245050 1894.2
1245060 1894.2
1245070 1887.5
1245080 1880.5
1245090 1880.5
1245100 1874.5
1245110 1868.5
1245120 1868.5
1245130 1862.0
1245140 1855.8
1245150 1855.8
1245160 1853.2
1245170 1852.8
1245180 1852.8
1245190 1852.5
1245200 1852.7
1245210 1852.7
1245220 1852.6
1245230 1852.4
1245240 1852.4
1245250 1852.8
1245260 1852.3
1245270 1850.7
1245280 1850.7
1245290 1850.3
1245300 1850.3
1245310 1850.3
1245320 1850.3
1245330 1850.5
1245340 1850.5
1245350 1850.2
1245360 1849.8
1245370 1849.8
1245380 1850.1
1245390 1849.9
1245400 1849.9
1245410 1850.1
1245420 1850.6
1245430 1850.6
1245440 1850.7
1245450 1850.9
1245460 1850.9
1245470 1852.8
1245480 1853.8
1245490 1855.5
1245500 1855.5
1245510 1857.8
1245520 1859.3
1245530 1859.3
1245540 1860.4
1245550 1862.8
1245560 1862.8
1245570 1865.7
1245580 1868.1
1245590 1868.1
1245600 1870.4
1245610 1873.6
1245620 1873.6
1245630 1877.0
1245640 1880.9
1245650 1880.9
1245660 1885.4
1245670 1889.8
1245680 1894.5
1245690 1894.5
1245700 1899.5
1245710 1904.3
1245720 1904.3
1245730 1909.8
1245740 1914.4
1245750 1914.4
1245760 1919.3
1245770 1924.6
1245780 1924.6
1245790 1929.6
1245800 1934.7
1245810 1934.7
1245820 1939.5
1245830 1944.8
1245840 1944.8
1245850 1950.5
1245860 1956.3
1245870 1956.3
1245880 1962.4
1245890 1968.8
1245900 1975.2
1245910 1975.2
1245920 1981.8
1245930 1988.6
1245940 1988.6
1245950 1995.4
1245960 2002.0
1245970 2002.0
1245980 2007.8
1245990 2014.5
1246000 2014.5
1246010 2030.1
1246020 2042.0
1246030 2042.0
1246040 2049.6
1246050 2057.3
1246060 2057.3
1246070 2075.2
1246080 2089.0
1246090 2107.3
1246100 2107.3
1246110 2121.4
1246120 2136.0
1246130 2136.0
1246140 2154.7
1246150 2167.6
1246160 2167.6
1246170 2176.6
1246180 2184.9
1246190 2184.9
1246200 2200.2
1246210 2212.1
1246220 2212.1
1246230 2220.5
1246240 2231.2
1246250 2231.2
1246260 2250.4
1246270 2266.1
1246280 2266.1
1246290 2266.1
1246300 2282.7
1246310 2310.8
1246320 2310.8
1246330 2329.1
1246340 2341.5
1246350 2341.5
1246360 2354.2
1246370 2364.5
1246380 2364.5
1246390 2372.6
1246400 2384.9
1246410 2384.9
1246420 2392.8
1246430 2396.4
1246440 2396.4
1246450 2399.5
1246460 2405.6
1246470 2405.6
1246480 2408.2
1246490 2403.3
1246500 2379.4
1246510 2379.4
1246520 2354.1
1246530 2343.7
1246540 2343.7
1246550 2347.8
1246560 2357.8
1246570 2357.8
1246580 2367.3
1246590 2380.2
1246600 2378.0
1246610 2390.1
1246620 2401.8
1246630 2401.8
1246640 2413.6
1246650 2429.0
1246660 2429.0
1246670 2442.5
1246680 2451.0
1246690 2451.0
1246700 2459.6
1246710 2470.5
1246720 2480.4
1246730 2480.4
1246740 2488.6
1246750 2495.4
1246760 2495.4
1246770 2502.7
1246780 2510.3
1246790 2510.3
1246800 2518.1
1246810 2526.0
1246820 2526.0
1246830 2531.1
1246840 2536.6
1246850 2536.6
1246860 2540.2
1246870 2547.2
1246880 2547.2
1246890 2553.8
1246900 2560.4
1246910 2560.4
1246920 2569.1
1246930 2582.8
1246940 2599.0
1246950 2599.0
1246960 2616.3
1246970 2628.1
1246980 2628.1
1246990 2636.8
1247000 2641.7
1247010 2641.7
1247020 2649.1
1247030 2658.4
1247040 2658.4
1247050 2660.4
1247060 2664.3
1247070 2664.3
1247080 2671.0
1247090 2678.3
1247100 2678.3
1247110 2683.9
1247120 2685.8
1247130 2690.6
1247140 2702.3
1247150 2705.3
1247160 2711.6
1247170 2711.6
1247180 2718.7
1247190 2727.3
1247200 2727.3
1247210 2736.7
1247220 2746.0
1247230 2746.0
1247240 2754.6
1247250 2762.7
1247260 2762.7
1247270 2769.7
1247280 2777.7
1247290 2777.7
1247300 2781.4
1247310 2782.1
1247320 2782.1
1247330 2784.4
1247340 2786.5
1247350 2788.0
1247360 2788.0
1247370 2789.5
1247380 2790.9
1247390 2790.9
1247400 2786.5
1247410 2781.2
1247420 2781.2
1247430 2777.2
1247440 2775.3
1247450 2775.3
1247460 2769.4
1247470 2759.7
1247480 2759.7
1247490 2749.6
1247500 2740.6
1247510 2740.6
1247520 2736.4
1247530 2726.5
1247540 2712.1
1247550 2712.1
1247560 2704.0
1247570 2695.7
1247580 2695.7
1247590 2683.9
1247600 2673.6
1247610 2673.6
1247620 2666.1
1247630 2659.5
1247640 2659.5
1247650 2653.1
1247660 2645.2
1247670 2653.8
1247680 2645.4
1247690 2636.6
1247700 2636.6
1247710 2622.1
1247720 2608.1
1247730 2608.1
1247740 2594.5
1247750 2580.1
1247760 2563.1
1247770 2563.1
1247780 2553.4
1247790 2545.9
1247800 2545.9
1247810 2538.5
1247820 2531.2
1247830 2531.2
1247840 2524.5
1247850 2518.4
1247860 2518.4
1247870 2512.5
1247880 2506.3
1247890 2506.3
1247900 2500.4
1247910 2493.9
1247920 2493.9
1247930 2487.4
1247940 2481.2
1247950 2481.2
1247960 2475.4
1247970 2469.7
1247980 2464.4
1247990 2464.4
1248000 2459.3
1248010 2453.8
1248020 2453.8
1248030 2447.7
1248040 2441.1
1248050 2441.1
1248060 2435.2
1248070 2430.0
1248080 2430.0
1248090 2425.2
1248100 2420.4
1248110 2420.4
1248120 2415.1
1248130 2409.4
1248140 2409.4
1248150 2403.7
1248160 2398.1
1248170 2392.4
1248180 2392.4
1248190 2386.7
1248200 2381.8
1248210 2381.8
1248220 2376.4
1248230 2371.2
1248240 2371.2
1248250 2366.1
1248260 2361.3
1248270 2361.3
1248280 2356.9
1248290 2352.7
1248300 2352.7
1248310 2348.9
1248320 2344.9
1248330 2344.9
1248340 2340.3
1248350 2335.8
1248360 2335.8
1248370 2330.7
1248380 2324.9
1248390 2318.6
1248400 2318.6
1248410 2312.1
1248420 2305.8
1248430 2305.8
1248440 2299.9
1248450 2294.3
1248460 2294.3
1248470 2289.5
1248480 2284.3
1248490 2284.3
1248500 2278.7
1248510 2273.4
1248520 2273.4
1248530 2268.5
1248540 2264.0
1248550 2264.0
1248560 2259.8
1248570 2255.8
1248580 2251.7
1248590 2251.7
1248600 2248.0
1248610 2244.2
1248620 2244.2
1248630 2240.4
1248640 2237.2
1248650 2237.2
1248660 2234.8
1248670 2232.3
1248680 2232.3
1248690 2228.2
1248700 2223.2
1248710 2223.2
1248720 2218.3
1248730 2212.6
1248740 2214.5
1248750 2209.0
1248760 2203.7
1248770 2203.7
1248780 2198.5
1248790 2193.1
1248800 2187.3
1248810 2187.3
1248820 2182.0
1248830 2176.9
1248840 2176.9
1248850 2172.2
1248860 2167.7
1248870 2167.7
1248880 2162.8
1248890 2158.0
1248900 2158.0
1248910 2152.5
1248920 2146.1
1248930 2146.1
1248940 2140.1
1248950 2135.7
1248960 2135.7
1248970 2130.7
1248980 2124.4
1248990 2124.4
1249000 2117.2
1249010 2107.9
1249020 2098.6
1249030 2098.6
1249040 2091.3
1249050 2085.0
1249060 2085.0
1249070 2079.4
1249080 2073.3
1249090 2073.3
1249100 2066.9
1249110 2060.0
1249120 2060.0
1249130 2053.8
1249140 2048.7
1249150 2048.7
1249160 2040.9
1249170 2032.1
1249180 2032.1
1249190 2025.7
1249200 2019.8
1249210 2014.3
1249220 2014.3
1249230 2009.4
1249240 2004.5
1249250 2004.5
1249260 2000.4
1249270 1994.8
1249280 1997.1
1249290 1991.2
1249300 1985.5
1249310 1985.5
1249320 1980.1
1249330 1974.7
1249340 1974.7
1249350 1969.4
1249360 1962.9
1249370 1962.9
1249380 1952.7
1249390 1941.8
1249400 1941.8
1249410 1934.0
1249420 1927.9
1249430 1924.4
1249440 1924.4
1249450 1921.6
1249460 1920.9
1249470 1920.9
1249480 1917.7
1249490 1912.2
1249500 1912.2
1249510 1906.1
1249520 1906.8
1249530 1906.8
1249540 1908.5
1249550 1906.3
1249560 1906.3
1249570 1904.1
1249580 1900.2
1249590 1900.2
1249600 1895.6
1249610 1888.6
1249620 1879.5
1249630 1879.5
1249640 1873.5
1249650 1871.5
1249660 1871.5
1249670 1862.0
1249680 1850.7
1249690 1850.7
1249700 1836.5
1249710 1829.4
1249720 1829.4
1249730 1834.2
1249740 1837.7
1249750 1837.7
1249760 1841.6
1249770 1847.6
1249780 1847.6
1249790 1853.4
1249800 1849.3
1249810 1849.3
1249820 1842.1
1249830 1827.5
1249840 1813.9
1249850 1813.9
1249860 1805.3
1249870 1807.0
1249880 1807.0
1249890 1811.9
1249900 1822.0
1249910 1822.0
1249920 1837.9
1249930 1854.9
1249940 1854.9
1249950 1867.3
1249960 1873.3
1249970 1873.3
1249980 1874.9
1249990 1878.1
1250000 1878.1
1250010 1883.6
1250020 1889.6
1250030 1889.6
1250040 1895.9
1250050 1905.0
1250060 1916.2
1250070 1916.2
1250080 1925.3
1250090 1930.8
1250100 1930.8
1250110 1937.0
1250120 1945.7
1250130 1945.7
1250140 1954.0
1250150 1961.4
1250160 1961.4
1250170 1971.3
1250180 1982.0
1250190 1982.0
1250200 1996.5
1250210 2008.6
1250220 2008.6
1250230 2021.4
1250240 2032.6
1250250 2045.8
1250260 2045.8
1250270 2051.2
1250280 2055.6
1250290 2055.6
1250300 2064.2
1250310 2071.5
1250320 2071.5
1250330 2076.2
1250340 2077.9
1250350 2077.9
1250360 2087.2
1250370 2092.5
1250380 2092.5
1250390 2098.1
1250400 2101.5
1250410 2101.5
1250420 2103.8
1250430 2105.8
1250440 2105.8
1250450 2108.9
1250460 2113.5
1250470 2119.0
1250480 2119.0
1250490 2123.4
1250500 2127.1
1250510 2127.1
1250520 2131.6
1250530 2140.8
1250540 2140.8
1250550 2149.9
1250560 2158.9
1250570 2158.9
1250580 2165.7
1250590 2170.0
1250600 2170.0
1250610 2174.8
1250620 2181.1
1250630 2181.1
1250640 2189.0
1250650 2194.6
1250660 2196.7
1250670 2196.7
1250680 2196.7
1250690 2198.1
1250700 2198.1
1250710 2200.3
1250720 2203.2
1250730 2203.2
1250740 2206.4
1250750 2209.3
1250760 2209.3
1250770 2212.1
1250780 2214.7
1250790 2214.7
1250800 2219.0
1250810 2223.1
1250820 2223.1
1250830 2225.6
1250840 2229.6
1250850 2229.6
1250860 2234.1
1250870 2238.2
1250880 2242.1
1250890 2242.1
1250900 2249.0
1250910 2253.2
1250920 2253.2
1250930 2258.4
1250940 2264.8
1250950 2264.8
1250960 2269.5
1250970 2274.1
1250980 2274.1
1250990 2278.7
1251000 2281.2
1251010 2281.2
1251020 2283.1
1251030 2285.3
1251040 2285.3
1251050 2287.9
1251060 2291.4
1251070 2291.4
1251080 2297.1
1251090 2302.8
1251100 2308.7
1251110 2308.7
1251120 2314.8
1251130 2321.3
1251140 2321.3
1251150 2328.4
1251160 2333.4
1251170 2333.4
1251180 2337.6
1251190 2341.0
1251200 2341.0
1251210 2345.0
1251220 2348.0
1251230 2348.0
1251240 2349.8
1251250 2351.3
1251260 2351.3
1251270 2354.6
1251280 2358.4
1251290 2363.7
1251300 2363.7
1251310 2369.1
1251320 2373.4
1251330 2373.4
1251340 2377.0
1251350 2380.4
1251360 2380.4
1251370 2383.3
1251380 2386.7
1251390 2386.7
1251400 2390.2
1251410 2393.3
1251420 2393.3
1251430 2396.2
1251440 2403.2
1251450 2403.2
1251460 2406.3
1251470 2409.7
1251480 2409.7
1251490 2412.9
1251500 2416.8
1251510 2422.1
1251520 2422.1
1251530 2425.8
1251540 2428.3
1251550 2428.3
1251560 2430.4
1251570 2433.7
1251580 2433.7
1251590 2438.1
1251600 2441.9
1251610 2441.9
1251620 2444.9
1251630 2448.6
1251640 2448.6
1251650 2452.1
1251660 2455.0
1251670 2455.0
1251680 2457.1
1251690 2459.4
1251700 2462.2
1251710 2462.2
1251720 2464.6
1251730 2466.7
1251740 2466.7
1251750 2470.5
1251760 2475.3
1251770 2475.3
1251780 2480.9
1251790 2485.6
1251800 2485.6
1251810 2489.5
1251820 2493.9
1251830 2493.9
1251840 2498.8
1251850 2503.2
1251860 2503.2
1251870 2508.0
1251880 2512.7
1251890 2512.7
1251900 2517.2
1251910 2522.3
1251920 2529.3
1251930 2529.3
1251940 2536.2
1251950 2542.7
1251960 2542.7
1251970 2549.4
1251980 2561.7
1251990 2561.7
1252000 2567.9
1252010 2573.9
1252020 2573.9
1252030 2581.2
1252040 2589.5
1252050 2589.5
1252060 2597.1
1252070 2604.6
1252080 2604.6
1252090 2612.1
1252100 2619.6
1252110 2627.4
1252120 2627.4
1252130 2636.0
1252140 2645.9
1252150 2645.9
1252160 2658.6
1252170 2668.1
1252180 2668.1
1252190 2675.3
1252200 2683.3
1252210 2683.3
1252220 2695.7
1252230 2706.2
1252240 2706.2
1252250 2715.8
1252260 2724.2
1252270 2724.2
1252280 2734.2
1252290 2748.1
1252300 2748.1
1252310 2762.5
1252320 2771.1
1252330 2781.5
1252340 2781.5
1252350 2795.4
1252360 2806.8
1252370 2806.8
1252380 2815.6
1252390 2813.7
1252400 2813.7
1252410 2810.4
1252420 2812.3
1252430 2812.3
1252440 2807.2
1252450 2796.9
1252460 2796.9
1252470 2794.1
1252480 2787.7
1252490 2787.7
1252500 2789.1
1252510 2809.9
1252520 2809.9
1252530 2815.3
1252540 2826.7
1252550 2824.2
1252560 2824.2
1252570 2817.2
1252580 2813.0
1252590 2813.0
1252600 2810.3
1252610 2805.8
1252620 2805.8
1252630 2798.7
1252640 2791.3
1252650 2791.3
1252660 2784.7
1252670 2778.9
1252680 2778.9
1252690 2772.4
1252700 2767.1
1252710 2767.1
1252720 2760.1
1252730 2752.5
1252740 2745.6
1252750 2745.6
1252760 2740.9
1252770 2735.1
1252780 2735.1
1252790 2731.1
1252800 2731.4
1252810 2731.4
1252820 2730.2
1252830 2727.1
1252840 2727.1
1252850 2725.1
1252860 2726.3
1252870 2726.3
1252880 2728.7
1252890 2730.1
1252900 2730.1
1252910 2724.9
1252920 2717.0
1252930 2717.0
1252940 2712.3
1252950 2712.8
1252960 2716.6
1252970 2716.6
1252980 2711.5
1252990 2705.6
1253000 2705.6
1253010 2701.2
1253020 2695.5
1253030 2695.5
1253040 2687.5
1253050 2678.7
1253060 2678.7
1253070 2671.2
1253080 2670.0
1253090 2670.0
1253100 2665.6
1253110 2659.4
1253120 2659.4
1253130 2647.7
1253140 2637.0
1253150 2625.2
1253160 2625.2
1253170 2615.3
1253180 2608.2
1253190 2608.2
1253200 2601.5
1253210 2593.9
1253220 2593.9
1253230 2583.1
1253240 2572.8
1253250 2572.8
1253260 2565.4
1253270 2560.0
1253280 2560.0
1253290 2554.6
1253300 2549.8
1253310 2549.8
1253320 2545.1
1253330 2540.5
1253340 2540.5
1253350 2536.0
1253360 2531.6
1253370 2527.1
1253380 2527.1
1253390 2522.8
1253400 2519.2
1253410 2519.2
1253420 2515.9
1253430 2512.7
1253440 2512.7
1253450 2510.0
1253460 2507.4
1253470 2507.4
1253480 2504.8
1253490 2502.0
1253500 2502.0
1253510 2499.2
1253520 2496.7
1253530 2496.7
1253540 2494.3
1253550 2491.3
1253560 2491.3
1253570 2486.2
1253580 2482.0
1253590 2479.1
1253600 2479.1
1253610 2475.7
1253620 2469.7
1253630 2469.7
1253640 2467.0
1253650 2461.9
1253660 2461.9
1253670 2455.0
1253680 2452.8
1253690 2452.8
1253700 2451.6
1253710 2449.1
1253720 2449.1
1253730 2446.1
1253740 2444.8
1253750 2444.8
1253760 2444.5
1253770 2443.2
1253780 2441.7
1253790 2441.7
1253800 2440.6
1253810 2439.6
1253820 2439.6
1253830 2438.4
1253840 2436.7
1253850 2436.7
1253860 2434.1
1253870 2430.6
1253880 2430.6
1253890 2426.6
1253900 2422.0
1253910 2422.0
1253920 2418.3
1253930 2414.8
1253940 2414.8
1253950 2411.3
1253960 2407.8
1253970 2407.8
1253980 2403.8
1253990 2400.4
1254000 2397.4
1254010 2397.4
1254020 2394.5
1254030 2391.5
1254040 2391.5
1254050 2388.7
1254060 2386.8
1254070 2386.8
1254080 2384.6
1254090 2381.9
1254100 2381.9
1254110 2379.0
1254120 2376.2
1254130 2376.2
1254140 2373.5
1254150 2370.9
1254160 2370.9
1254170 2366.9
1254180 2362.1
1254190 2355.9
1254200 2355.9
1254210 2350.0
1254220 2344.4
1254230 2344.4
1254240 2341.4
1254250 2339.4
1254260 2339.4
1254270 2336.3
1254280 2331.3
1254290 2331.3
1254300 2325.5
1254310 2321.2
1254320 2321.2
1254330 2317.7
1254340 2314.8
1254350 2314.8
1254360 2311.4
1254370 2307.5
1254380 2307.5
1254390 2303.0
1254400 2298.5
1254410 2294.0
1254420 2294.0
1254430 2289.8
1254440 2284.6
1254450 2284.6
1254460 2281.0
1254470 2278.2
1254480 2278.2
1254490 2274.0
1254500 2269.5
1254510 2269.5
1254520 2264.6
1254530 2259.5
1254540 2259.5
1254550 2255.0
1254560 2250.7
1254570 2250.7
1254580 2245.4
1254590 2239.2
1254600 2239.2
1254610 2232.5
1254620 2222.7
1254630 2211.4
1254640 2211.4
1254650 2204.4
1254660 2194.5
1254670 2194.5
1254680 2183.4
1254690 2174.4
1254700 2174.4
1254710 2168.2
1254720 2152.5
1254730 2152.5
1254740 2143.1
1254750 2133.7
1254760 2133.7
1254770 2127.2
1254780 2121.3
1254790 2121.3
1254800 2114.9
1254810 2107.2
1254820 2100.1
1254830 2100.1
1254840 2093.6
1254850 2087.9
1254860 2087.9
1254870 2082.2
1254880 2076.7
1254890 2076.7
1254900 2072.1
1254910 2068.5
1254920 2068.5
1254930 2064.9
1254940 2060.9
1254950 2060.9
1254960 2056.3
1254970 2052.7
1254980 2052.7
1254990 2049.8
1255000 2046.7
1255010 2046.7
1255020 2043.3
1255030 2038.3
1255040 2032.8
1255050 2032.8
1255060 2027.9
1255070 2023.6
1255080 2023.6
1255090 2019.7
1255100 2016.9
1255110 2016.9
1255120 2014.6
1255130 2013.2
1255140 2013.2
1255150 2011.8
1255160 2010.3
1255170 2010.3
1255180 2008.7
1255190 2007.3
1255200 2007.3
1255210 2006.0
1255220 2005.2
1255230 2004.6
1255240 2004.6
1255250 2004.0
1255260 2003.2
1255270 2002.9
1255280 2002.8
1255290 2003.1
1255300 2003.1
1255310 2002.8
1255320 2001.9
1255330 2001.9
1255340 2002.6
1255350 2004.5
1255360 2004.5
1255370 2004.3
1255380 2004.6
1255390 2004.6
1255400 2005.4
1255410 2007.6
1255420 2007.6
1255430 2009.2
1255440 2009.1
1255450 2009.1
1255460 2009.1
1255470 2011.1
1255480 2015.0
1255490 2015.0
1255500 2016.6
1255510 2015.6
1255520 2015.6
1255530 2015.8
1255540 2015.5
1255550 2015.5
1255560 2013.6
1255570 2014.9
1255580 2014.9
1255590 2018.7
1255600 2024.4
1255610 2024.4
1255620 2030.6
1255630 2035.8
1255640 2035.8
1255650 2037.0
1255660 2036.0
1255670 2033.6
1255680 2033.6
1255690 2034.0
1255700 2035.6
1255710 2035.6
1255720 2033.7
1255730 2030.4
1255740 2030.4
1255750 2029.2
1255760 2026.3
1255770 2026.3
1255780 2019.4
1255790 2011.8
1255800 2011.8
1255810 2005.1
1255820 1999.6
1255830 2006.6
1255840 2003.1
1255850 1997.9
1255860 1991.0
1255870 1991.0
1255880 1989.2
1255890 1988.9
1255900 1988.9
1255910 1987.7
1255920 1986.6
1255930 1986.6
1255940 1995.0
1255950 2003.3
1255960 2003.3
1255970 2000.3
1255980 1994.4
1255990 1994.4
1256000 1995.7
1256010 1990.9
1256020 1990.9
1256030 1984.0
1256040 1975.4
1256050 1975.4
1256060 1966.6
1256070 1942.9
1256080 1918.3
1256090 1918.3
1256100 1917.6
1256110 1918.2
1256120 1918.2
1256130 1917.1
1256140 1916.5
1256150 1916.5
1256160 1916.1
1256170 1915.2
1256180 1915.2
1256190 1909.2
1256200 1901.6
1256210 1901.6
1256220 1895.4
1256230 1889.7
1256240 1889.7
1256250 1881.0
1256260 1874.3
1256270 1863.5
1256280 1863.5
1256290 1848.3
1256300 1839.1
1256310 1839.1
1256320 1832.1
1256330 1826.0
1256340 1826.0
1256350 1819.7
1256360 1814.2
1256370 1814.2
1256380 1812.8
1256390 1808.3
1256400 1808.3
1256410 1805.9
1256420 1800.7
1256430 1800.7
1256440 1797.8
1256450 1795.5
1256460 1795.5
1256470 1791.6
1256480 1789.2
1256490 1786.3
1256500 1786.3
1256510 1783.9
1256520 1783.3
1256530 1783.3
1256540 1787.2
1256550 1785.5
1256560 1785.5
1256570 1780.2
1256580 1777.0
1256590 1777.0
1256600 1772.2
1256610 1768.2
1256620 1768.2
1256630 1766.4
1256640 1766.8
1256650 1766.8
1256660 1764.2
1256670 1764.1
1256680 1767.2
1256690 1767.2
1256700 1766.8
1256710 1764.5
1256720 1764.5
1256730 1765.0
1256740 1763.1
1256750 1763.1
1256760 1761.8
1256770 1764.9
1256780 1764.9
1256790 1769.1
1256800 1768.4
1256810 1768.4
1256820 1764.5
1256830 1765.5
1256840 1765.5
1256850 1774.2
1256860 1776.7
1256870 1776.7
1256880 1773.7
1256890 1764.7
1256900 1752.7
1256910 1752.7
1256920 1750.5
1256930 1760.7
1256940 1760.7
1256950 1759.9
1256960 1766.3
1256970 1766.3
1256980 1766.4
1256990 1763.6
1257000 1763.6
1257010 1764.0
1257020 1766.4
1257030 1766.4
1257040 1762.3
1257050 1756.0
1257060 1756.0
1257070 1754.1
1257080 1753.3
1257090 1753.3
1257100 1753.4
1257110 1751.2
1257120 1748.7
1257130 1748.7
1257140 1747.7
1257150 1747.0
1257160 1747.0
1257170 1745.1
1257180 1743.8
1257190 1743.8
1257200 1742.6
1257210 1741.2
1257220 1741.2
1257230 1741.1
1257240 1743.5
1257250 1743.5
1257260 1745.1
1257270 1745.4
1257280 1745.4
1257290 1744.9
1257300 1745.1
1257310 1742.5
1257320 1742.5
1257330 1739.2
1257340 1736.5
1257350 1736.5
1257360 1733.9
1257370 1733.5
1257380 1733.5
1257390 1739.6
1257400 1742.4
1257410 1742.4
1257420 1735.0
1257430 1727.2
1257440 1727.2
1257450 1720.6
1257460 1718.1
1257470 1718.1
1257480 1720.3
1257490 1725.5
1257500 1725.5
1257510 1724.8
1257520 1727.2
1257530 1732.1
1257540 1732.1
1257550 1731.9
1257560 1731.2
1257570 1731.2
1257580 1735.5
1257590 1740.7
1257600 1740.7
1257610 1743.9
1257620 1746.0
1257630 1746.0
1257640 1749.0
1257650 1750.3
1257660 1750.3
1257670 1749.1
1257680 1747.3
1257690 1747.3
1257700 1744.7
1257710 1744.5
1257720 1743.6
1257730 1743.6
1257740 1742.7
1257750 1744.9
1257760 1744.9
1257770 1746.7
1257780 1750.5
1257790 1750.5
1257800 1755.7
1257810 1761.4
1257820 1761.4
1257830 1765.7
1257840 1767.0
1257850 1767.0
1257860 1768.8
1257870 1770.5
1257880 1770.5
1257890 1772.6
1257900 1774.9
1257910 1774.9
1257920 1776.6
1257930 1777.9
1257940 1779.7
1257950 1779.7
1257960 1782.2
1257970 1784.9
1257980 1784.9
1257990 1787.5
1258000 1790.1
1258010 1790.1
1258020 1792.8
1258030 1794.6
1258040 1794.6
1258050 1798.2
1258060 1800.2
1258070 1800.2
1258080 1801.2
1258090 1801.3
1258100 1801.3
1258110 1800.4
1258120 1802.2
1258130 1802.2
1258140 1804.9
1258150 1806.7
1258160 1810.4
1258170 1810.4
1258180 1816.3
1258190 1822.8
1258200 1822.8
1258210 1826.8
1258220 1830.3
1258230 1830.3
1258240 1831.9
1258250 1832.5
1258260 1832.5
1258270 1833.2
1258280 1834.3
1258290 1834.3
1258300 1835.2
1258310 1838.0
1258320 1838.0
1258330 1837.9
1258340 1833.0
1258350 1831.9
1258360 1831.9
1258370 1834.9
1258380 1838.7
1258390 1838.7
1258400 1843.0
1258410 1847.3
1258420 1847.3
1258430 1851.6
1258440 1855.4
1258450 1855.4
1258460 1859.2
1258470 1862.9
1258480 1862.9
1258490 1866.7
1258500 1870.5
1258510 1870.5
1258520 1872.4
1258530 1874.3
1258540 1874.3
1258550 1877.1
1258560 1878.7
1258570 1880.3
1258580 1880.3
1258590 1881.8
1258600 1884.1
1258610 1888.6
1258620 1891.4
1258630 1895.4
1258640 1895.4
1258650 1900.1
1258660 1904.7
1258670 1904.7
1258680 1909.5
1258690 1913.2
1258700 1913.2
1258710 1916.4
1258720 1920.4
1258730 1920.4
1258740 1924.5
1258750 1928.9
1258760 1931.7
1258770 1931.7
1258780 1933.1
1258790 1934.1
1258800 1934.1
1258810 1934.8
1258820 1935.1
1258830 1935.1
1258840 1936.3
1258850 1938.5
1258860 1938.5
1258870 1940.6
1258880 1942.3
1258890 1942.3
1258900 1944.2
1258910 1946.5
1258920 1946.5
1258930 1948.8
1258940 1952.2
1258950 1952.2
1258960 1956.6
1258970 1961.1
1258980 1965.6
1258990 1965.6
1259000 1970.5
1259010 1975.5
1259020 1975.5
1259030 1980.7
1259040 1986.5
1259050 1986.5
1259060 1992.8
1259070 2000.1
1259080 2000.1
1259090 2007.2
1259100 2014.0
1259110 2014.0
1259120 2020.7
1259130 2027.0
1259140 2027.0
1259150 2033.3
1259160 2039.3
1259170 2040.4
1259180 2040.4
1259190 2046.9
1259200 2053.4
1259210 2053.4
1259220 2060.2
1259230 2067.0
1259240 2067.0
1259250 2073.7
1259260 2080.6
1259270 2080.6
1259280 2087.2
1259290 2095.6
1259300 2095.6
1259310 2105.7
1259320 2117.6
1259330 2117.6
1259340 2128.8
1259350 2138.0
1259360 2138.0
1259370 2147.2
1259380 2156.1
1259390 2164.4
1259400 2164.4
1259410 2171.8
1259420 2179.7
1259430 2179.7
1259440 2189.7
1259450 2196.9
1259460 2196.9
1259470 2203.7
1259480 2210.7
1259490 2210.7
1259500 2217.7
1259510 2225.4
1259520 2225.4
1259530 2232.9
1259540 2241.3
1259550 2241.3
1259560 2253.4
1259570 2262.8
1259580 2262.8
1259590 2271.6
1259600 2282.8
1259610 2294.6
1259620 2294.6
1259630 2304.4
1259640 2312.9
1259650 2312.9
1259660 2320.2
1259670 2329.1
1259680 2329.1
1259690 2341.4
1259700 2353.5
1259710 2353.5
1259720 2361.5
1259730 2360.7
1259740 2360.7
1259750 2359.3
1259760 2358.1
1259770 2358.1
1259780 2361.7
1259790 2363.2
1259800 2355.7
1259810 2355.7
1259820 2351.3
1259830 2348.6
1259840 2348.6
1259850 2346.4
1259860 2345.4
1259870 2345.4
1259880 2344.3
1259890 2341.7
1259900 2341.7
1259910 2337.2
1259920 2332.1
1259930 2332.1
1259940 2327.3
1259950 2322.8
1259960 2322.8
1259970 2320.4
1259980 2319.2
1259990 2319.2
