1240000 2493.4
1240010 2479.4
1240020 2464.3
1240030 2464.3
1240040 2456.3
1240050 2446.6
1240060 2437.3
1240070 2437.3
1240080 2428.1
1240090 2418.9
1240100 2418.9
1240110 2409.9
1240120 2400.1
1240130 2400.1
1240140 2389.9
1240150 2381.0
1240160 2381.0
1240170 2374.1
1240180 2365.7
1240190 2365.7
1240200 2355.3
1240210 2348.1
1240220 2348.1
1240230 2340.0
1240240 2326.1
1240250 2308.8
1240260 2308.8
1240270 2296.1
1240280 2283.3
1240290 2283.3
1240300 2269.3
1240310 2253.0
1240320 2253.0
1240330 2238.1
1240340 2227.6
1240350 2227.6
1240360 2217.5
1240370 2209.4
1240380 2209.4
1240390 2201.4
1240400 2192.5
1240410 2192.5
1240420 2179.9
1240430 2166.7
1240440 2166.7
1240450 2158.5
1240460 2151.8
1240470 2145.8
1240480 2145.8
1240490 2139.4
1240500 2132.6
1240510 2132.6
1240520 2125.8
1240530 2119.0
1240540 2119.0
1240550 2112.0
1240560 2105.2
1240570 2105.2
1240580 2098.4
1240590 2091.7
1240600 2091.7
1240610 2084.9
1240620 2078.1
1240630 2078.1
1240640 2071.6
1240650 2065.4
1240660 2065.4
1240670 2059.3
1240680 2053.6
1240690 2049.0
1240700 2049.0
1240710 2045.6
1240720 2043.7
1240730 2043.7
1240740 2042.4
1240750 2036.1
1240760 2036.1
1240770 2028.8
1240780 2030.6
1240790 2030.6
1240800 2042.4
1240810 2048.1
1240820 2048.1
1240830 2047.8
1240840 2046.1
1240850 2046.1
1240860 2043.5
1240870 2040.0
1240880 2042.6
1240890 2042.6
1240900 2040.9
1240910 2037.4
1240920 2037.4
1240930 2030.2
1240940 2023.8
1240950 2023.8
1240960 2018.2
1240970 2013.1
1240980 2013.1
1240990 2007.1
1241000 2001.6
1241010 2001.6
1241020 1996.1
1241030 1990.4
1241040 1990.4
1241050 1984.2
1241060 1977.3
1241070 1977.3
1241080 1972.5
1241090 1969.3
1241100 1964.4
1241110 1964.4
1241120 1959.6
1241130 1954.9
1241140 1954.9
1241150 1952.8
1241160 1951.5
1241170 1951.5
1241180 1950.7
1241190 1950.2
1241200 1950.2
1241210 1949.3
1241220 1950.3
1241230 1950.3
1241240 1952.9
1241250 1955.0
1241260 1955.0
1241270 1957.1
1241280 1959.7
1241290 1962.9
1241300 1962.9
1241310 1966.7
1241320 1970.2
1241330 1970.2
1241340 1973.5
1241350 1976.3
1241360 1976.3
1241370 1979.2
1241380 1982.3
1241390 1982.3
1241400 1989.6
1241410 1992.6
1241420 1992.6
1241430 1995.4
1241440 1998.0
1241450 1998.0
1241460 2000.3
1241470 2002.1
1241480 2002.1
1241490 2003.3
1241500 2006.7
1241510 2008.7
1241520 2008.7
1241530 2011.0
1241540 2013.1
1241550 2013.1
1241560 2016.3
1241570 2018.7
1241580 2018.7
1241590 2020.7
1241600 2022.9
1241610 2022.9
1241620 2026.3
1241630 2029.5
1241640 2029.5
1241650 2033.0
1241660 2035.0
1241670 2035.0
1241680 2038.9
1241690 2042.8
1241700 2042.8
1241710 2046.9
1241720 2050.6
1241730 2052.2
1241740 2052.2
1241750 2051.6
1241760 2056.7
1241770 2056.7
1241780 2065.5
1241790 2075.3
1241800 2075.3
1241810 2084.2
1241820 2090.4
1241830 2090.4
1241840 2095.4
1241850 2100.5
1241860 2100.5
1241870 2105.5
1241880 2110.0
1241890 2110.0
1241900 2114.2
1241910 2119.1
1241920 2132.2
1241930 2132.2
1241940 2141.8
1241950 2147.9
1241960 2147.9
1241970 2152.3
1241980 2160.5
1241990 2160.5
1242000 2171.0
1242010 2180.1
1242020 2180.1
1242030 2187.9
1242040 2195.2
1242050 2195.2
1242060 2203.4
1242070 2210.8
1242080 2210.8
1242090 2216.6
1242100 2221.0
1242110 2221.0
1242120 2224.6
1242130 2230.0
1242140 2236.5
1242150 2236.5
1242160 2242.8
1242170 2248.5
1242180 2248.5
1242190 2252.6
1242200 2256.9
1242210 2256.9
1242220 2263.2
1242230 2268.2
1242240 2268.2
1242250 2271.6
1242260 2275.2
1242270 2275.2
1242280 2280.8
1242290 2287.3
1242300 2287.3
1242310 2292.4
1242320 2297.4
1242330 2296.7
1242340 2296.7
1242350 2300.2
1242360 2310.7
1242370 2310.7
1242380 2323.2
1242390 2333.8
1242400 2333.8
1242410 2344.1
1242420 2354.1
1242430 2354.1
1242440 2362.6
1242450 2371.5
1242460 2371.5
1242470 2381.7
1242480 2390.1
1242490 2390.1
1242500 2396.1
1242510 2400.5
1242520 2400.5
1242530 2412.1
1242540 2419.7
1242550 2428.3
1242560 2428.3
1242570 2440.4
1242580 2448.4
1242590 2448.4
1242600 2452.7
1242610 2452.6
1242620 2452.6
1242630 2449.0
1242640 2443.9
1242650 2443.9
1242660 2442.9
1242670 2440.0
1242680 2440.0
1242690 2435.2
1242700 2433.6
1242710 2433.6
1242720 2437.5
1242730 2442.5
1242740 2449.4
1242750 2449.4
1242760 2453.2
1242770 2457.1
1242780 2457.1
1242790 2465.5
1242800 2470.6
1242810 2470.6
1242820 2472.4
1242830 2478.3
1242840 2478.3
1242850 2479.2
1242860 2474.1
1242870 2474.1
1242880 2470.4
1242890 2473.0
1242900 2473.0
1242910 2478.5
1242920 2484.6
1242930 2484.6
1242940 2493.8
1242950 2497.5
1242960 2509.5
1242970 2509.5
1242980 2515.4
1242990 2520.0
1243000 2520.0
1243010 2526.4
1243020 2533.7
1243030 2533.7
1243040 2543.3
1243050 2551.2
1243060 2551.2
1243070 2559.0
1243080 2563.9
1243090 2563.9
1243100 2560.6
1243110 2554.8
1243120 2554.8
1243130 2547.8
1243140 2540.4
1243150 2540.4
1243160 2531.2
1243170 2522.2
1243180 2522.1
1243190 2522.1
1243200 2520.5
1243210 2518.8
1243220 2518.8
1243230 2520.9
1243240 2522.8
1243250 2522.8
1243260 2519.0
1243270 2513.7
1243280 2513.7
1243290 2510.1
1243300 2506.3
1243310 2506.3
1243320 2497.0
1243330 2488.8
1243340 2488.8
1243350 2488.7
1243360 2492.2
1243370 2493.4
1243380 2493.4
1243390 2491.5
1243400 2488.9
1243410 2488.9
1243420 2488.1
1243430 2486.3
1243440 2486.3
1243450 2480.0
1243460 2472.9
1243470 2472.9
1243480 2470.5
1243490 2483.6
1243500 2483.6
1243510 2484.8
1243520 2487.5
1243530 2487.5
1243540 2494.0
1243550 2499.2
1243560 2499.2
1243570 2501.2
1243580 2500.0
1243590 2499.4
1243600 2499.4
1243610 2505.7
1243620 2510.2
1243630 2510.2
1243640 2516.7
1243650 2521.8
1243660 2521.8
1243670 2523.5
1243680 2522.4
1243690 2522.4
1243700 2519.5
1243710 2515.1
1243720 2515.1
1243730 2508.3
1243740 2504.5
1243750 2504.5
1243760 2506.2
1243770 2510.9
1243780 2514.5
1243790 2514.5
1243800 2513.8
1243810 2511.2
1243820 2511.2
1243830 2509.6
1243840 2511.7
1243850 2511.7
1243860 2515.5
1243870 2518.6
1243880 2518.6
1243890 2518.4
1243900 2521.6
1243910 2521.6
1243920 2518.4
1243930 2514.4
1243940 2514.4
1243950 2510.1
1243960 2505.3
1243970 2505.3
1243980 2499.7
1243990 2492.3
1244000 2485.4
1244010 2485.4
1244020 2473.8
1244030 2468.3
1244040 2468.3
1244050 2462.2
1244060 2455.6
1244070 2455.6
1244080 2448.3
1244090 2440.0
1244100 2440.0
1244110 2434.0
1244120 2430.7
1244130 2430.7
1244140 2425.4
1244150 2420.9
1244160 2420.9
1244170 2418.8
1244180 2415.5
1244190 2415.5
1244200 2406.7
1244210 2397.1
1244220 2392.7
1244230 2392.7
1244240 2390.0
1244250 2379.8
1244260 2379.8
1244270 2372.9
1244280 2369.8
1244290 2369.8
1244300 2366.9
1244310 2362.5
1244320 2362.5
1244330 2356.5
1244340 2346.6
1244350 2346.6
1244360 2337.9
1244370 2326.1
1244380 2326.1
1244390 2324.6
1244400 2314.3
1244410 2299.8
1244420 2299.8
1244430 2288.0
1244440 2282.4
1244450 2282.4
1244460 2277.5
1244470 2268.6
1244480 2268.6
1244490 2256.0
1244500 2244.8
1244510 2244.8
1244520 2237.1
1244530 2231.0
1244540 2230.9
1244550 2223.8
1244560 2217.6
1244570 2217.6
1244580 2211.7
1244590 2206.3
1244600 2206.3
1244610 2201.2
1244620 2197.0
1244630 2190.3
1244640 2190.3
1244650 2182.7
1244660 2174.0
1244670 2174.0
1244680 2163.5
1244690 2145.5
1244700 2145.5
1244710 2132.3
1244720 2122.8
1244730 2122.8
1244740 2114.4
1244750 2107.9
1244760 2107.9
1244770 2092.0
1244780 2075.8
1244790 2075.8
1244800 2048.8
1244810 2012.8
1244820 2006.0
1244830 2006.0
1244840 2004.9
1244850 1993.8
1244860 1993.8
1244870 1985.5
1244880 1986.5
1244890 1986.5
1244900 1983.8
1244910 1970.4
1244920 1970.4
1244930 1947.0
1244940 1926.8
1244950 1926.8
1244960 1910.8
1244970 1899.6
1244980 1899.6
1244990 1890.7
1245000 1884.9
1245010 1884.9
1245020 1880.5
1245030 1877.2
1245040 1874.1
1245050 1874.1
1245060 1871.1
1245070 1864.7
1245080 1864.7
1245090 1861.9
1245100 1858.6
1245110 1858.6
1245120 1855.8
1245130 1854.8
1245140 1854.8
1245150 1854.7
1245160 1854.4
1245170 1854.4
1245180 1854.4
1245190 1854.6
1245200 1854.6
1245210 1854.6
1245220 1854.7
1245230 1854.7
1245240 1853.9
1245250 1852.1
1245260 1852.3
1245270 1852.3
1245280 1852.2
1245290 1852.0
1245300 1852.0
1245310 1852.0
1245320 1852.3
1245330 1852.3
1245340 1852.4
1245350 1852.5
1245360 1852.5
1245370 1852.4
1245380 1852.5
1245390 1852.5
1245400 1852.7
1245410 1854.6
1245420 1854.6
1245430 1855.1
1245440 1855.3
1245450 1855.4
1245460 1855.4
1245470 1855.3
1245480 1855.2
1245490 1855.2
1245500 1855.0
1245510 1854.5
1245520 1854.5
1245530 1854.2
1245540 1855.1
1245550 1855.1
1245560 1855.9
1245570 1857.0
1245580 1857.0
1245590 1858.1
1245600 1858.8
1245610 1858.8
1245620 1860.9
1245630 1863.3
1245640 1863.3
1245650 1866.1
1245660 1868.5
1245670 1871.2
1245680 1871.2
1245690 1874.6
1245700 1877.6
1245710 1877.6
1245720 1881.5
1245730 1884.6
1245740 1884.6
1245750 1888.0
1245760 1891.7
1245770 1891.7
1245780 1895.8
1245790 1904.2
1245800 1904.2
1245810 1915.6
1245820 1926.1
1245830 1926.1
1245840 1948.2
1245850 1972.6
1245860 1998.2
1245870 1998.2
1245880 2005.1
1245890 2013.6
1245900 2013.6
1245910 2026.9
1245920 2039.4
1245930 2039.4
1245940 2049.6
1245950 2054.6
1245960 2054.6
1245970 2062.4
1245980 2075.7
1245990 2075.7
1246000 2090.5
1246010 2113.1
1246020 2113.1
1246030 2129.1
1246040 2140.6
1246050 2140.6
1246060 2156.0
1246070 2174.5
1246080 2186.6
1246090 2186.6
1246100 2199.7
1246110 2214.1
1246120 2214.1
1246130 2227.1
1246140 2235.8
1246150 2235.8
1246160 2245.7
1246170 2257.6
1246180 2257.6
1246190 2269.7
1246200 2285.4
1246210 2285.4
1246220 2299.0
1246230 2308.5
1246240 2308.5
1246250 2315.2
1246260 2322.8
1246270 2322.8
1246280 2330.6
1246290 2338.8
1246300 2350.2
1246310 2350.2
1246320 2361.2
1246330 2370.9
1246340 2370.9
1246350 2383.1
1246360 2393.8
1246370 2393.8
1246380 2402.9
1246390 2412.7
1246400 2412.7
1246410 2429.4
1246420 2441.6
1246430 2441.6
1246440 2450.5
1246450 2457.5
1246460 2457.5
1246470 2459.2
1246480 2461.5
1246490 2464.1
1246500 2464.1
1246510 2472.0
1246520 2483.7
1246530 2483.7
1246540 2495.4
1246550 2504.4
1246560 2504.4
1246570 2510.7
1246580 2505.3
1246590 2505.3
1246600 2503.8
1246610 2502.7
1246620 2502.7
1246630 2482.6
1246640 2472.4
1246650 2472.4
1246660 2480.9
1246670 2482.3
1246680 2482.3
1246690 2496.5
1246700 2509.6
1246710 2518.4
1246720 2518.4
1246730 2528.5
1246740 2540.2
1246750 2540.2
1246760 2551.6
1246770 2563.3
1246780 2563.3
1246790 2578.2
1246800 2594.7
1246810 2594.7
1246820 2606.4
1246830 2614.9
1246840 2614.9
1246850 2618.8
1246860 2621.9
1246870 2621.9
1246880 2625.0
1246890 2628.0
1246900 2630.7
1246910 2630.7
1246920 2633.9
1246930 2637.7
1246940 2637.7
1246950 2641.5
1246960 2644.5
1246970 2644.5
1246980 2647.1
1246990 2650.8
1247000 2650.8
1247010 2654.9
1247020 2657.9
1247030 2657.9
1247040 2661.6
1247050 2665.1
1247060 2665.1
1247070 2668.6
1247080 2671.1
1247090 2671.1
1247100 2672.9
1247110 2676.1
1247120 2684.6
1247130 2684.6
1247140 2691.4
1247150 2695.0
1247160 2695.0
1247170 2692.4
1247180 2693.7
1247190 2682.7
1247200 2686.4
1247210 2693.4
1247220 2693.4
1247230 2702.6
1247240 2709.1
1247250 2709.1
1247260 2717.2
1247270 2722.1
1247280 2722.1
1247290 2722.4
1247300 2726.6
1247310 2733.2
1247320 2733.2
1247330 2742.3
1247340 2752.0
1247350 2752.0
1247360 2759.6
1247370 2765.6
1247380 2765.6
1247390 2771.0
1247400 2775.1
1247410 2775.1
1247420 2775.8
1247430 2776.7
1247440 2776.7
1247450 2778.4
1247460 2777.7
1247470 2777.7
1247480 2774.5
1247490 2772.1
1247500 2772.1
1247510 2768.9
1247520 2760.2
1247530 2750.4
1247540 2750.4
1247550 2740.5
1247560 2730.5
1247570 2730.5
1247580 2721.4
1247590 2713.1
1247600 2713.1
1247610 2704.5
1247620 2695.4
1247630 2695.4
1247640 2684.3
1247650 2673.2
1247660 2673.2
1247670 2662.4
1247680 2650.8
1247690 2650.8
1247700 2640.4
1247710 2631.6
1247720 2631.6
1247730 2620.7
1247740 2612.8
1247750 2605.4
1247760 2605.4
1247770 2598.3
1247780 2592.1
1247790 2592.1
1247800 2586.2
1247810 2580.1
1247820 2580.1
1247830 2574.0
1247840 2567.5
1247850 2567.5
1247860 2565.2
1247870 2567.0
1247880 2567.0
1247890 2563.1
1247900 2552.4
1247910 2552.4
1247920 2541.6
1247930 2534.7
1247940 2528.0
1247950 2528.0
1247960 2522.8
1247970 2523.4
1247980 2523.4
1247990 2531.1
1248000 2525.2
1248010 2525.2
1248020 2511.6
1248030 2499.3
1248040 2499.3
1248050 2487.7
1248060 2475.9
1248070 2475.9
1248080 2464.3
1248090 2454.7
1248100 2454.7
1248110 2448.7
1248120 2442.5
1248130 2442.5
1248140 2435.8
1248150 2429.4
1248160 2422.9
1248170 2422.9
1248180 2416.4
1248190 2409.8
1248200 2409.8
1248210 2403.6
1248220 2397.7
1248230 2397.7
1248240 2392.1
1248250 2386.7
1248260 2389.2
1248270 2383.5
1248280 2377.7
1248290 2377.7
1248300 2371.9
1248310 2366.0
1248320 2366.0
1248330 2359.8
1248340 2353.4
1248350 2347.4
1248360 2347.4
1248370 2341.5
1248380 2335.9
1248390 2335.9
1248400 2330.8
1248410 2326.0
1248420 2326.0
1248430 2321.1
1248440 2316.3
1248450 2316.3
1248460 2311.6
1248470 2306.7
1248480 2306.7
1248490 2301.9
1248500 2297.7
1248510 2297.7
1248520 2293.6
1248530 2289.5
1248540 2289.5
1248550 2285.2
1248560 2281.0
1248570 2276.6
1248580 2276.6
1248590 2272.0
1248600 2267.9
1248610 2267.9
1248620 2264.2
1248630 2260.0
1248640 2260.0
1248650 2255.2
1248660 2250.0
1248670 2250.0
1248680 2245.0
1248690 2241.2
1248700 2241.2
1248710 2237.9
1248720 2235.7
1248730 2235.7
1248740 2232.6
1248750 2227.6
1248760 2227.6
1248770 2221.9
1248780 2216.1
1248790 2210.1
1248800 2218.6
1248810 2210.1
1248820 2205.9
1248830 2205.9
1248840 2201.9
1248850 2194.7
1248860 2194.7
1248870 2187.2
1248880 2181.1
1248890 2181.1
1248900 2176.6
1248910 2171.7
1248920 2171.7
1248930 2169.7
1248940 2168.7
1248950 2168.7
1248960 2165.7
1248970 2159.5
1248980 2148.4
1248990 2148.4
1249000 2136.8
1249010 2127.5
1249020 2127.5
1249030 2119.8
1249040 2111.3
1249050 2111.3
1249060 2103.7
1249070 2098.6
1249080 2098.6
1249090 2093.7
1249100 2088.5
1249110 2088.5
1249120 2083.1
1249130 2077.2
1249140 2077.2
1249150 2070.4
1249160 2063.7
1249170 2063.7
1249180 2057.3
1249190 2051.7
1249200 2046.5
1249210 2046.5
1249220 2039.8
1249230 2033.3
1249240 2033.3
1249250 2027.0
1249260 2018.8
1249270 2018.8
1249280 2010.6
1249290 2003.4
1249300 2003.4
1249310 1996.1
1249320 1989.9
1249330 1989.9
1249340 1987.9
1249350 1983.3
1249360 1983.3
1249370 1979.3
1249380 1976.0
1249390 1973.3
1249400 1973.3
1249410 1972.4
1249420 1973.4
1249430 1973.4
1249440 1975.6
1249450 1975.1
1249460 1975.1
1249470 1973.6
1249480 1974.6
1249490 1974.6
1249500 1974.9
1249510 1975.2
1249520 1975.2
1249530 1973.9
1249540 1972.8
1249550 1972.8
1249560 1971.6
1249570 1971.6
1249580 1971.6
1249590 1970.4
1249600 1968.9
1249610 1968.6
1249620 1968.6
1249630 1967.7
1249640 1963.2
1249650 1963.2
1249660 1956.9
1249670 1950.9
1249680 1950.9
1249690 1944.1
1249700 1937.6
1249710 1937.6
1249720 1929.4
1249730 1918.8
1249740 1918.8
1249750 1909.3
1249760 1897.3
1249770 1897.3
1249780 1886.7
1249790 1877.9
1249800 1865.1
1249810 1865.1
1249820 1859.2
1249830 1864.6
1249840 1864.6
1249850 1881.2
1249860 1885.3
1249870 1885.3
1249880 1895.5
1249890 1897.1
1249900 1897.1
1249910 1896.9
1249920 1902.8
1249930 1902.8
1249940 1919.3
1249950 1928.7
1249960 1928.7
1249970 1934.5
1249980 1937.8
1249990 1937.8
1250000 1946.0
1250010 1960.3
1250020 1977.5
1250030 1977.5
1250040 1991.3
1250050 1999.8
1250060 1999.8
1250070 2006.5
1250080 2011.7
1250090 2011.7
1250100 2016.3
1250110 2020.5
1250120 2020.5
1250130 2024.3
1250140 2029.3
1250150 2029.3
1250160 2035.7
1250170 2042.8
1250180 2042.8
1250190 2049.9
1250200 2057.5
1250210 2057.5
1250220 2064.9
1250230 2071.7
1250240 2079.0
1250250 2079.0
1250260 2087.0
1250270 2094.0
1250280 2094.0
1250290 2100.9
1250300 2108.1
1250310 2108.1
1250320 2114.3
1250330 2124.1
1250340 2124.1
1250350 2134.7
1250360 2144.0
1250370 2144.0
1250380 2153.2
1250390 2160.4
1250400 2160.4
1250410 2171.5
1250420 2183.4
1250430 2188.4
1250440 2188.4
1250450 2192.7
1250460 2196.5
1250470 2196.5
1250480 2199.7
1250490 2204.5
1250500 2204.5
1250510 2210.5
1250520 2216.1
1250530 2216.1
1250540 2221.9
1250550 2226.1
1250560 2226.1
1250570 2228.0
1250580 2229.0
1250590 2229.0
1250600 2229.5
1250610 2231.6
1250620 2231.6
1250630 2235.8
1250640 2241.4
1250650 2246.5
1250660 2246.5
1250670 2249.8
1250680 2251.7
1250690 2251.7
1250700 2253.5
1250710 2255.5
1250720 2255.5
1250730 2257.5
1250740 2259.3
1250750 2259.3
1250760 2262.2
1250770 2265.6
1250780 2265.6
1250790 2268.8
1250800 2271.4
1250810 2271.4
1250820 2273.5
1250830 2275.2
1250840 2276.5
1250850 2276.5
1250860 2278.3
1250870 2281.1
1250880 2281.1
1250890 2285.9
1250900 2294.8
1250910 2294.8
1250920 2302.5
1250930 2305.0
1250940 2305.0
1250950 2306.9
1250960 2318.3
1250970 2318.3
1250980 2318.0
1250990 2319.0
1251000 2319.0
1251010 2320.6
1251020 2323.2
1251030 2323.2
1251040 2326.5
1251050 2330.0
1251060 2332.9
1251070 2332.9
1251080 2335.4
1251090 2338.3
1251100 2338.3
1251110 2341.7
1251120 2345.7
1251130 2345.7
1251140 2350.0
1251150 2354.5
1251160 2354.5
1251170 2359.8
1251180 2368.4
1251190 2368.4
1251200 2375.5
1251210 2380.6
1251220 2380.6
1251230 2385.7
1251240 2390.6
1251250 2390.6
1251260 2395.3
1251270 2399.9
1251280 2404.3
1251290 2404.3
1251300 2408.7
1251310 2413.0
1251320 2413.0
1251330 2417.1
1251340 2420.9
1251350 2420.9
1251360 2424.4
1251370 2428.0
1251380 2428.0
1251390 2431.0
1251400 2433.3
1251410 2433.3
1251420 2435.4
1251430 2437.7
1251440 2437.7
1251450 2440.7
1251460 2444.0
1251470 2446.9
1251480 2446.9
1251490 2449.8
1251500 2455.2
1251510 2455.2
1251520 2461.0
1251530 2474.6
1251540 2474.6
1251550 2479.5
1251560 2483.0
1251570 2483.0
1251580 2487.3
1251590 2491.9
1251600 2491.9
1251610 2498.0
1251620 2505.3
1251630 2505.3
1251640 2508.8
1251650 2511.2
1251660 2511.2
1251670 2513.4
1251680 2515.6
1251690 2517.4
1251700 2517.4
1251710 2518.3
1251720 2520.1
1251730 2520.1
1251740 2522.5
1251750 2525.0
1251760 2525.0
1251770 2528.6
1251780 2532.8
1251790 2532.8
1251800 2536.8
1251810 2541.1
1251820 2541.1
1251830 2544.9
1251840 2548.8
1251850 2548.8
1251860 2553.1
1251870 2558.6
1251880 2565.7
1251890 2565.7
1251900 2574.1
1251910 2583.2
1251920 2583.2
1251930 2593.7
1251940 2607.0
1251950 2607.0
1251960 2616.4
1251970 2622.3
1251980 2622.3
1251990 2624.8
1252000 2625.6
1252010 2625.6
1252020 2626.2
1252030 2627.2
1252040 2637.7
1252050 2638.7
1252060 2642.3
1252070 2642.3
1252080 2646.7
1252090 2652.8
1252100 2661.7
1252110 2661.7
1252120 2670.8
1252130 2683.2
1252140 2683.2
1252150 2701.3
1252160 2716.7
1252170 2716.7
1252180 2730.4
1252190 2739.7
1252200 2739.7
1252210 2750.0
1252220 2762.3
1252230 2762.3
1252240 2773.1
1252250 2787.3
1252260 2787.3
1252270 2805.2
1252280 2812.3
1252290 2812.3
1252300 2805.9
1252310 2799.9
1252320 2793.4
1252330 2793.4
1252340 2788.1
1252350 2781.4
1252360 2781.4
1252370 2774.5
1252380 2768.4
1252390 2768.4
1252400 2760.8
1252410 2753.1
1252420 2753.1
1252430 2746.4
1252440 2739.9
1252450 2739.9
1252460 2734.2
1252470 2727.0
1252480 2727.0
1252490 2717.8
1252500 2712.1
1252510 2702.6
1252520 2702.6
1252530 2693.2
1252540 2688.0
1252550 2688.0
1252560 2686.4
1252570 2691.6
1252580 2691.6
1252590 2697.2
1252600 2706.8
1252610 2706.8
1252620 2702.9
1252630 2692.5
1252640 2692.5
1252650 2684.1
1252660 2679.5
1252670 2679.5
1252680 2676.7
1252690 2670.2
1252700 2670.2
1252710 2663.1
1252720 2660.7
1252730 2654.8
1252740 2654.8
1252750 2647.7
1252760 2640.3
1252770 2640.3
1252780 2635.3
1252790 2631.1
1252800 2631.1
1252810 2626.7
1252820 2621.7
1252830 2621.7
1252840 2613.5
1252850 2606.7
1252860 2606.7
1252870 2601.1
1252880 2595.0
1252890 2595.0
1252900 2588.8
1252910 2582.6
1252920 2576.9
1252930 2576.9
1252940 2570.9
1252950 2573.0
1252960 2573.0
1252970 2581.4
1252980 2582.0
1252990 2582.0
1253000 2573.6
1253010 2567.6
1253020 2567.6
1253030 2567.6
1253040 2569.9
1253050 2569.9
1253060 2566.6
1253070 2563.6
1253080 2563.6
1253090 2558.8
1253100 2550.8
1253110 2550.8
1253120 2543.3
1253130 2536.1
1253140 2512.9
1253150 2512.9
1253160 2508.4
1253170 2507.1
1253180 2507.1
1253190 2507.0
1253200 2505.4
1253210 2505.4
1253220 2504.4
1253230 2504.6
1253240 2504.6
1253250 2505.0
1253260 2502.8
1253270 2502.8
1253280 2498.4
1253290 2495.0
1253300 2495.0
1253310 2495.0
1253320 2498.0
1253330 2502.0
1253340 2502.0
1253350 2504.1
1253360 2504.5
1253370 2504.5
1253380 2502.6
1253390 2498.3
1253400 2498.3
1253410 2493.0
1253420 2488.3
1253430 2488.3
1253440 2485.1
1253450 2482.7
1253460 2482.7
1253470 2479.5
1253480 2475.1
1253490 2475.1
1253500 2471.2
1253510 2467.5
1253520 2467.5
1253530 2464.5
1253540 2461.9
1253550 2458.6
1253560 2458.6
1253570 2456.2
1253580 2453.9
1253590 2453.9
1253600 2450.3
1253610 2446.8
1253620 2446.8
1253630 2443.4
1253640 2440.7
1253650 2440.7
1253660 2439.8
1253670 2438.9
1253680 2437.5
1253690 2437.3
1253700 2437.0
1253710 2437.0
1253720 2435.7
1253730 2433.8
1253740 2433.8
1253750 2431.5
1253760 2429.5
1253770 2427.8
1253780 2427.8
1253790 2426.1
1253800 2424.6
1253810 2424.6
1253820 2422.2
1253830 2419.6
1253840 2419.6
1253850 2416.6
1253860 2413.0
1253870 2413.0
1253880 2408.6
1253890 2403.9
1253900 2403.9
1253910 2399.7
1253920 2396.2
1253930 2396.2
1253940 2391.6
1253950 2388.7
1253960 2385.8
1253970 2385.8
1253980 2381.8
1253990 2376.4
1254000 2376.4
1254010 2370.9
1254020 2366.8
1254030 2366.8
1254040 2365.0
1254050 2364.5
1254060 2364.5
1254070 2364.1
1254080 2364.3
1254090 2364.3
1254100 2361.1
1254110 2355.9
1254120 2355.9
1254130 2350.6
1254140 2345.3
1254150 2345.3
1254160 2339.3
1254170 2333.6
1254180 2328.1
1254190 2328.1
1254200 2322.1
1254210 2316.6
1254220 2316.6
1254230 2306.9
1254240 2301.2
1254250 2301.2
1254260 2295.4
1254270 2290.0
1254280 2290.0
1254290 2285.6
1254300 2281.2
1254310 2281.2
1254320 2275.1
1254330 2266.9
1254340 2266.9
1254350 2260.4
1254360 2255.5
1254370 2251.5
1254380 2251.5
1254390 2246.9
1254400 2241.2
1254410 2241.2
1254420 2234.4
1254430 2227.1
1254440 2227.1
1254450 2221.1
1254460 2215.4
1254470 2215.4
1254480 2210.5
1254490 2203.5
1254500 2203.5
1254510 2196.6
1254520 2192.1
1254530 2192.1
1254540 2187.9
1254550 2183.1
1254560 2183.1
1254570 2176.3
1254580 2168.4
1254590 2162.5
1254600 2162.5
1254610 2158.0
1254620 2154.1
1254630 2154.1
1254640 2149.6
1254650 2145.0
1254660 2145.0
1254670 2139.7
1254680 2133.5
1254690 2133.5
1254700 2126.9
1254710 2120.9
1254720 2120.9
1254730 2114.6
1254740 2107.7
1254750 2107.7
1254760 2101.3
1254770 2095.5
1254780 2093.1
1254790 2087.6
1254800 2082.2
1254810 2076.8
1254820 2076.8
1254830 2070.5
1254840 2065.3
1254850 2065.3
1254860 2061.6
1254870 2058.2
1254880 2058.2
1254890 2056.4
1254900 2053.3
1254910 2053.3
1254920 2049.3
1254930 2044.2
1254940 2044.2
1254950 2038.8
1254960 2034.3
1254970 2034.3
1254980 2029.5
1254990 2024.2
1255000 2019.8
1255010 2019.8
1255020 2015.2
1255030 2011.5
1255040 2011.5
1255050 2010.7
1255060 2010.6
1255070 2010.6
1255080 2010.4
1255090 2010.3
1255100 2010.3
1255110 2010.3
1255120 2010.2
1255130 2010.2
1255140 2010.3
1255150 2010.4
1255160 2010.4
1255170 2010.6
1255180 2010.7
1255190 2010.7
1255200 2010.9
1255210 2011.0
1255220 2010.7
1255230 2010.7
1255240 2009.7
1255250 2009.7
1255260 2009.7
1255270 2009.8
1255280 2009.1
1255290 2009.1
1255300 2008.5
1255310 2008.0
1255320 2008.0
1255330 2008.7
1255340 2009.3
1255350 2009.3
1255360 2012.2
1255370 2016.3
1255380 2016.3
1255390 2019.5
1255400 2023.7
1255410 2031.7
1255420 2031.7
1255430 2033.5
1255440 2037.2
1255450 2037.2
1255460 2042.2
1255470 2043.9
1255480 2043.9
1255490 2047.2
1255500 2051.7
1255510 2051.7
1255520 2054.1
1255530 2056.0
1255540 2056.0
1255550 2058.8
1255560 2061.9
1255570 2061.9
1255580 2064.5
1255590 2066.4
1255600 2066.4
1255610 2063.1
1255620 2055.5
1255630 2054.1
1255640 2054.1
1255650 2058.1
1255660 2062.8
1255670 2062.8
1255680 2066.8
1255690 2070.5
1255700 2070.5
1255710 2072.2
1255720 2073.4
1255730 2073.4
1255740 2076.1
1255750 2079.2
1255760 2079.2
1255770 2080.4
1255780 2079.1
1255790 2079.1
1255800 2080.5
1255810 2077.9
1255820 2077.9
1255830 2073.0
1255840 2067.1
1255850 2065.9
1255860 2065.9
1255870 2066.9
1255880 2064.0
1255890 2068.3
1255900 2064.5
1255910 2060.1
1255920 2060.1
1255930 2053.6
1255940 2045.6
1255950 2045.6
1255960 2039.9
1255970 2035.1
1255980 2035.1
1255990 2031.1
1256000 2027.7
1256010 2027.7
1256020 2024.3
1256030 2020.3
1256040 2016.4
1256050 2016.4
1256060 2012.8
1256070 2014.4
1256080 2014.4
1256090 2017.3
1256100 2016.5
1256110 2016.5
1256120 2009.9
1256130 1999.5
1256140 1999.5
1256150 1990.3
1256160 1984.9
1256170 1984.9
1256180 1982.4
1256190 1980.6
1256200 1980.6
1256210 1979.0
1256220 1977.0
1256230 1977.0
1256240 1974.9
1256250 1969.1
1256260 1960.7
1256270 1960.7
1256280 1951.0
1256290 1945.9
1256300 1945.9
1256310 1942.1
1256320 1934.2
1256330 1934.2
1256340 1905.1
1256350 1884.4
1256360 1884.4
1256370 1878.1
1256380 1878.4
1256390 1878.4
1256400 1883.5
1256410 1892.8
1256420 1892.8
1256430 1895.4
1256440 1910.1
1256450 1906.8
1256460 1906.8
1256470 1906.5
1256480 1904.3
1256490 1904.3
1256500 1889.9
1256510 1883.0
1256520 1883.0
1256530 1881.8
1256540 1879.0
1256550 1879.0
1256560 1884.8
1256570 1889.8
1256580 1889.8
1256590 1891.8
1256600 1891.5
1256610 1891.5
1256620 1884.2
1256630 1876.6
1256640 1876.6
1256650 1875.2
1256660 1875.5
1256670 1868.0
1256680 1868.0
1256690 1852.6
1256700 1852.8
1256710 1852.8
1256720 1865.3
1256730 1880.3
1256740 1880.3
1256750 1895.3
1256760 1896.1
1256770 1896.1
1256780 1884.0
1256790 1871.0
1256800 1871.0
1256810 1866.4
1256820 1863.6
1256830 1863.6
1256840 1861.9
1256850 1862.1
1256860 1865.5
1256870 1865.5
1256880 1865.4
1256890 1862.7
1256900 1862.7
1256910 1851.7
1256920 1839.9
1256930 1839.9
1256940 1835.8
1256950 1836.8
1256960 1836.8
1256970 1836.8
1256980 1832.4
1256990 1832.4
1257000 1831.4
1257010 1827.9
1257020 1827.9
1257030 1824.8
1257040 1818.2
1257050 1818.2
1257060 1813.3
1257070 1807.9
1257080 1801.6
1257090 1801.6
1257100 1795.6
1257110 1792.0
1257120 1792.0
1257130 1790.9
1257140 1792.3
1257150 1792.3
1257160 1791.6
1257170 1790.4
1257180 1790.4
1257190 1788.9
1257200 1787.3
1257210 1787.3
1257220 1786.3
1257230 1785.7
1257240 1785.7
1257250 1784.6
1257260 1782.5
1257270 1782.5
1257280 1780.4
1257290 1780.0
1257300 1778.7
1257310 1778.7
1257320 1776.5
1257330 1770.8
1257340 1770.8
1257350 1763.6
1257360 1763.3
1257370 1763.3
1257380 1765.5
1257390 1764.5
1257400 1764.5
1257410 1761.0
1257420 1758.9
1257430 1758.9
1257440 1758.8
1257450 1761.0
1257460 1761.0
1257470 1761.9
1257480 1762.0
1257490 1761.4
1257500 1761.4
1257510 1760.9
1257520 1758.6
1257530 1758.6
1257540 1760.6
1257550 1769.5
1257560 1769.5
1257570 1768.7
1257580 1769.0
1257590 1769.0
1257600 1772.8
1257610 1778.3
1257620 1778.3
1257630 1781.5
1257640 1784.5
1257650 1784.5
1257660 1789.1
1257670 1793.9
1257680 1793.9
1257690 1798.9
1257700 1803.2
1257710 1806.9
1257720 1806.9
1257730 1811.2
1257740 1815.5
1257750 1815.5
1257760 1813.7
1257770 1809.6
1257780 1809.6
1257790 1805.0
1257800 1799.8
1257810 1799.8
1257820 1795.4
1257830 1793.0
1257840 1793.0
1257850 1792.4
1257860 1793.4
1257870 1793.4
1257880 1791.9
1257890 1792.9
1257900 1796.6
1257910 1796.6
1257920 1802.3
1257930 1807.8
1257940 1807.8
1257950 1812.7
1257960 1816.3
1257970 1816.3
1257980 1818.8
1257990 1821.5
1258000 1821.5
1258010 1824.6
1258020 1827.1
1258030 1827.1
1258040 1829.6
1258050 1831.3
1258060 1831.3
1258070 1832.6
1258080 1832.8
1258090 1832.8
1258100 1832.4
1258110 1840.0
1258120 1841.8
1258130 1841.8
1258140 1841.9
1258150 1841.5
1258160 1841.5
1258170 1840.0
1258180 1837.6
1258190 1837.6
1258200 1837.5
1258210 1840.0
1258220 1840.0
1258230 1845.4
1258240 1852.1
1258250 1852.1
1258260 1857.5
1258270 1861.3
1258280 1861.3
1258290 1860.6
1258300 1859.2
1258310 1856.8
1258320 1856.8
1258330 1858.7
1258340 1860.8
1258350 1860.8
1258360 1863.8
1258370 1867.8
1258380 1867.8
1258390 1872.3
1258400 1877.9
1258410 1877.9
1258420 1887.8
1258430 1897.5
1258440 1897.5
1258450 1900.6
1258460 1904.1
1258470 1904.1
1258480 1907.6
1258490 1910.4
1258500 1910.4
1258510 1913.3
1258520 1915.2
1258530 1917.1
1258540 1917.1
1258550 1920.8
1258560 1923.2
1258570 1923.2
1258580 1924.7
1258590 1926.3
1258600 1926.3
1258610 1927.7
1258620 1931.2
1258630 1931.2
1258640 1936.4
1258650 1941.0
1258660 1941.0
1258670 1947.3
1258680 1951.3
1258690 1951.3
1258700 1954.9
1258710 1954.5
1258720 1954.5
1258730 1953.5
1258740 1954.3
1258750 1954.0
1258760 1954.0
1258770 1951.3
1258780 1948.5
1258790 1948.5
1258800 1946.2
1258810 1945.6
1258820 1945.6
1258830 1944.9
1258840 1945.0
1258850 1945.0
1258860 1946.5
1258870 1946.3
1258880 1946.3
1258890 1946.5
1258900 1948.2
1258910 1948.2
1258920 1949.9
1258930 1951.4
1258940 1952.9
1258950 1952.9
1258960 1955.5
1258970 1958.2
1258980 1958.2
1258990 1960.8
1259000 1963.6
1259010 1963.6
1259020 1966.5
1259030 1969.6
1259040 1969.6
1259050 1972.5
1259060 1975.5
1259070 1975.5
1259080 1979.4
1259090 1983.8
1259100 1983.8
1259110 1988.4
1259120 1993.4
1259130 1993.4
1259140 1998.3
1259150 2003.4
1259160 2008.6
1259170 2008.6
1259180 2014.1
1259190 2019.7
1259200 2019.7
1259210 2025.6
1259220 2031.4
1259230 2032.6
1259240 2038.6
1259250 2044.9
1259260 2044.9
1259270 2051.4
1259280 2057.7
1259290 2057.7
1259300 2064.2
1259310 2071.2
1259320 2071.2
1259330 2079.2
1259340 2089.3
1259350 2100.7
1259360 2100.7
1259370 2111.7
1259380 2121.5
1259390 2121.5
1259400 2128.4
1259410 2135.0
1259420 2135.0
1259430 2142.5
1259440 2152.1
1259450 2152.1
1259460 2165.5
1259470 2175.6
1259480 2175.6
1259490 2184.9
1259500 2196.5
1259510 2196.5
1259520 2205.6
1259530 2215.3
1259540 2215.3
1259550 2224.2
1259560 2232.9
1259570 2244.4
1259580 2244.4
1259590 2256.9
1259600 2269.3
1259610 2269.3
1259620 2279.8
1259630 2291.5
1259640 2291.5
1259650 2306.7
1259660 2323.8
1259670 2323.8
1259680 2337.5
1259690 2343.9
1259700 2343.9
1259710 2352.2
1259720 2366.1
1259730 2366.1
1259740 2378.2
1259750 2391.7
1259760 2391.7
1259770 2405.3
1259780 2415.6
1259790 2423.5
1259800 2423.5
1259810 2432.4
1259820 2432.6
1259830 2432.6
1259840 2433.4
1259850 2436.4
1259860 2436.4
1259870 2439.0
1259880 2438.9
1259890 2438.9
1259900 2432.2
1259910 2428.8
1259920 2428.8
1259930 2425.9
1259940 2415.1
1259950 2415.1
1259960 2403.1
1259970 2390.7
1259980 2379.7
1259990 2379.7
