1240000 2285.2
1240010 2285.2
1240020 2286.5
1240030 2286.8
1240040 2288.1
1240050 2288.1
1240060 2289.5
1240070 2289.2
1240080 2289.2
1240090 2290.6
1240100 2292.8
1240110 2292.8
1240120 2293.2
1240130 2291.9
1240140 2291.9
1240150 2288.6
1240160 2284.1
1240170 2284.1
1240180 2280.0
1240190 2277.3
1240200 2277.3
1240210 2275.4
1240220 2273.0
1240230 2271.0
1240240 2271.0
1240250 2268.1
1240260 2263.9
1240270 2263.9
1240280 2261.3
1240290 2258.3
1240300 2258.3
1240310 2254.4
1240320 2251.5
1240330 2251.5
1240340 2247.6
1240350 2243.1
1240360 2243.1
1240370 2238.6
1240380 2234.3
1240390 2234.3
1240400 2230.3
1240410 2227.7
1240420 2227.7
1240430 2225.9
1240440 2224.5
1240450 2223.8
1240460 2223.8
1240470 2223.7
1240480 2220.7
1240490 2220.7
1240500 2217.5
1240510 2214.5
1240520 2218.8
1240530 2217.0
1240540 2214.2
1240550 2214.2
1240560 2208.8
1240570 2202.9
1240580 2202.9
1240590 2194.7
1240600 2184.6
1240610 2184.6
1240620 2174.6
1240630 2161.9
1240640 2161.9
1240650 2148.7
1240660 2133.4
1240670 2121.1
1240680 2121.1
1240690 2110.7
1240700 2099.6
1240710 2099.6
1240720 2087.7
1240730 2078.3
1240740 2078.3
1240750 2072.3
1240760 2064.4
1240770 2064.4
1240780 2055.8
1240790 2048.2
1240800 2048.2
1240810 2040.4
1240820 2031.8
1240830 2031.8
1240840 2023.4
1240850 2016.6
1240860 2010.9
1240870 2010.9
1240880 2003.5
1240890 1993.5
1240900 1993.5
1240910 1984.9
1240920 1976.1
1240930 1976.1
1240940 1967.2
1240950 1959.4
1240960 1959.4
1240970 1952.7
1240980 1945.8
1240990 1945.8
1241000 1938.9
1241010 1932.3
1241020 1932.3
1241030 1924.9
1241040 1911.7
1241050 1911.7
1241060 1902.8
1241070 1894.9
1241080 1886.5
1241090 1886.5
1241100 1878.9
1241110 1871.6
1241120 1871.6
1241130 1865.8
1241140 1859.7
1241150 1859.7
1241160 1853.1
1241170 1846.9
1241180 1846.9
1241190 1842.4
1241200 1837.9
1241210 1837.9
1241220 1833.1
1241230 1827.9
1241240 1827.9
1241250 1822.9
1241260 1819.3
1241270 1817.2
1241280 1817.2
1241290 1814.6
1241300 1810.3
1241310 1810.3
1241320 1809.6
1241330 1808.4
1241340 1808.4
1241350 1806.2
1241360 1808.0
1241370 1808.0
1241380 1810.5
1241390 1814.7
1241400 1814.7
1241410 1815.9
1241420 1816.9
1241430 1816.9
1241440 1818.3
1241450 1819.0
1241460 1819.0
1241470 1819.0
1241480 1819.2
1241490 1819.5
1241500 1819.5
1241510 1819.7
1241520 1820.1
1241530 1820.1
1241540 1821.4
1241550 1823.4
1241560 1825.6
1241570 1826.6
1241580 1828.1
1241590 1828.1
1241600 1828.8
1241610 1829.4
1241620 1829.4
1241630 1828.4
1241640 1828.6
1241650 1828.6
1241660 1829.1
1241670 1828.9
1241680 1828.9
1241690 1828.4
1241700 1828.4
1241710 1830.2
1241720 1830.2
1241730 1833.4
1241740 1836.1
1241750 1836.1
1241760 1839.5
1241770 1843.6
1241780 1843.6
1241790 1846.6
1241800 1848.8
1241810 1848.8
1241820 1851.2
1241830 1854.0
1241840 1854.0
1241850 1856.4
1241860 1856.3
1241870 1856.3
1241880 1857.3
1241890 1861.9
1241900 1865.1
1241910 1865.1
1241920 1867.5
1241930 1869.1
1241940 1869.1
1241950 1871.3
1241960 1873.7
1241970 1873.7
1241980 1874.2
1241990 1875.0
1242000 1875.0
1242010 1876.9
1242020 1879.9
1242030 1879.9
1242040 1882.7
1242050 1885.5
1242060 1885.5
1242070 1889.2
1242080 1894.9
1242090 1899.3
1242100 1908.4
1242110 1916.8
1242120 1924.4
1242130 1924.4
1242140 1932.8
1242150 1938.8
1242160 1938.8
1242170 1943.9
1242180 1950.4
1242190 1950.4
1242200 1957.7
1242210 1963.8
1242220 1963.8
1242230 1968.1
1242240 1971.1
1242250 1971.1
1242260 1973.3
1242270 1977.8
1242280 1977.8
1242290 1982.8
1242300 1989.2
1242310 1989.2
1242320 1998.4
1242330 2010.8
1242340 2020.0
1242350 2020.0
1242360 2025.4
1242370 2032.8
1242380 2032.8
1242390 2037.6
1242400 2040.8
1242410 2040.8
1242420 2043.6
1242430 2046.9
1242440 2046.9
1242450 2050.1
1242460 2052.9
1242470 2052.9
1242480 2055.2
1242490 2055.7
1242500 2055.7
1242510 2058.2
1242520 2061.4
1242530 2065.7
1242540 2065.7
1242550 2072.3
1242560 2076.1
1242570 2076.1
1242580 2077.3
1242590 2077.1
1242600 2077.1
1242610 2085.8
1242620 2088.5
1242630 2088.5
1242640 2092.9
1242650 2097.5
1242660 2097.5
1242670 2106.3
1242680 2114.8
1242690 2114.8
1242700 2122.1
1242710 2129.0
1242720 2129.0
1242730 2134.4
1242740 2139.6
1242750 2140.3
1242760 2140.3
1242770 2143.6
1242780 2150.6
1242790 2150.6
1242800 2161.4
1242810 2176.1
1242820 2176.1
1242830 2188.4
1242840 2196.0
1242850 2196.0
1242860 2203.3
1242870 2212.1
1242880 2212.1
1242890 2215.2
1242900 2215.2
1242910 2215.2
1242920 2222.6
1242930 2235.8
1242940 2239.2
1242950 2239.2
1242960 2240.1
1242970 2246.6
1242980 2246.6
1242990 2258.1
1243000 2269.3
1243010 2269.3
1243020 2279.4
1243030 2289.1
1243040 2289.1
1243050 2296.0
1243060 2300.2
1243070 2300.2
1243080 2303.8
1243090 2306.7
1243100 2306.7
1243110 2308.2
1243120 2305.1
1243130 2310.7
1243140 2301.0
1243150 2289.5
1243160 2277.9
1243170 2277.9
1243180 2266.9
1243190 2255.7
1243200 2255.7
1243210 2243.6
1243220 2229.9
1243230 2229.9
1243240 2219.5
1243250 2211.8
1243260 2211.8
1243270 2204.8
1243280 2199.0
1243290 2199.0
1243300 2195.0
1243310 2192.0
1243320 2192.0
1243330 2190.7
1243340 2191.5
1243350 2191.5
1243360 2190.9
1243370 2191.1
1243380 2191.3
1243390 2191.3
1243400 2192.3
1243410 2193.6
1243420 2193.6
1243430 2193.9
1243440 2193.7
1243450 2193.7
1243460 2193.5
1243470 2192.5
1243480 2192.5
1243490 2191.1
1243500 2189.6
1243510 2189.6
1243520 2188.2
1243530 2187.5
1243540 2187.5
1243550 2187.0
1243560 2185.4
1243570 2184.5
1243580 2184.5
1243590 2184.1
1243600 2182.2
1243610 2182.2
1243620 2180.6
1243630 2179.2
1243640 2179.2
1243650 2177.8
1243660 2179.5
1243670 2179.5
1243680 2178.7
1243690 2177.3
1243700 2177.3
1243710 2176.6
1243720 2175.5
1243730 2175.5
1243740 2174.9
1243750 2174.4
1243760 2174.4
1243770 2175.2
1243780 2177.9
1243790 2180.4
1243800 2180.4
1243810 2185.3
1243820 2190.6
1243830 2190.6
1243840 2194.1
1243850 2197.0
1243860 2197.0
1243870 2199.2
1243880 2201.2
1243890 2201.2
1243900 2203.5
1243910 2205.1
1243920 2205.1
1243930 2207.1
1243940 2209.0
1243950 2209.0
1243960 2209.9
1243970 2209.1
1243980 2209.7
1243990 2209.7
1244000 2213.2
1244010 2217.5
1244020 2217.5
1244030 2219.5
1244040 2218.4
1244050 2218.4
1244060 2216.3
1244070 2214.6
1244080 2214.6
1244090 2214.3
1244100 2214.8
1244110 2214.8
1244120 2216.8
1244130 2220.9
1244140 2220.9
1244150 2226.4
1244160 2231.9
1244170 2231.9
1244180 2244.4
1244190 2255.8
1244200 2267.2
1244210 2267.2
1244220 2277.2
1244230 2284.9
1244240 2284.9
1244250 2291.7
1244260 2297.8
1244270 2297.8
1244280 2296.5
1244290 2296.3
1244300 2296.3
1244310 2300.9
1244320 2304.1
1244330 2304.1
1244340 2295.4
1244350 2284.9
1244360 2284.9
1244370 2273.5
1244380 2264.9
1244390 2264.9
1244400 2258.2
1244410 2246.5
1244420 2235.2
1244430 2235.2
1244440 2222.8
1244450 2207.7
1244460 2207.7
1244470 2192.3
1244480 2179.5
1244490 2179.5
1244500 2166.8
1244510 2159.0
1244520 2159.0
1244530 2155.2
1244540 2148.2
1244550 2148.2
1244560 2140.8
1244570 2134.4
1244580 2134.4
1244590 2131.2
1244600 2130.5
1244610 2126.8
1244620 2126.8
1244630 2120.4
1244640 2113.9
1244650 2113.9
1244660 2107.7
1244670 2103.5
1244680 2103.5
1244690 2100.0
1244700 2096.4
1244710 2100.1
1244720 2095.1
1244730 2090.4
1244740 2090.4
1244750 2086.6
1244760 2083.0
1244770 2083.0
1244780 2079.2
1244790 2075.1
1244800 2075.1
1244810 2071.0
1244820 2066.7
1244830 2063.2
1244840 2063.2
1244850 2059.7
1244860 2057.3
1244870 2057.3
1244880 2053.6
1244890 2046.6
1244900 2046.6
1244910 2042.7
1244920 2040.4
1244930 2040.4
1244940 2038.2
1244950 2036.3
1244960 2036.3
1244970 2033.1
1244980 2028.7
1244990 2028.7
1245000 2023.7
1245010 2019.2
1245020 2019.2
1245030 2013.0
1245040 2006.1
1245050 1997.9
1245060 1997.9
1245070 1989.0
1245080 1978.3
1245090 1978.3
1245100 1967.9
1245110 1962.9
1245120 1962.9
1245130 1959.6
1245140 1956.3
1245150 1956.3
1245160 1953.7
1245170 1950.3
1245180 1950.3
1245190 1948.3
1245200 1951.4
1245210 1951.4
1245220 1956.6
1245230 1959.5
1245240 1965.7
1245250 1965.7
1245260 1962.4
1245270 1961.2
1245280 1961.2
1245290 1962.9
1245300 1961.3
1245310 1961.3
1245320 1958.9
1245330 1956.1
1245340 1956.1
1245350 1954.0
1245360 1953.5
1245370 1953.5
1245380 1952.0
1245390 1948.6
1245400 1948.6
1245410 1945.7
1245420 1942.0
1245430 1942.0
1245440 1934.2
1245450 1932.3
1245460 1929.9
1245470 1929.9
1245480 1924.5
1245490 1915.7
1245500 1915.7
1245510 1908.5
1245520 1900.3
1245530 1900.3
1245540 1891.1
1245550 1883.7
1245560 1883.7
1245570 1875.8
1245580 1866.0
1245590 1866.0
1245600 1857.3
1245610 1847.3
1245620 1847.3
1245630 1843.2
1245640 1843.4
1245650 1844.7
1245660 1844.7
1245670 1847.5
1245680 1849.0
1245690 1849.0
1245700 1851.3
1245710 1857.3
1245720 1857.3
1245730 1864.0
1245740 1870.1
1245750 1870.1
1245760 1876.3
1245770 1888.6
1245780 1888.6
1245790 1897.4
1245800 1905.2
1245810 1905.2
1245820 1914.7
1245830 1926.2
1245840 1926.2
1245850 1949.0
1245860 1971.2
1245870 1980.9
1245880 1980.9
1245890 1992.1
1245900 2002.3
1245910 2002.3
1245920 2011.4
1245930 2026.1
1245940 2026.1
1245950 2037.6
1245960 2043.5
1245970 2043.5
1245980 2050.2
1245990 2057.8
1246000 2057.8
1246010 2063.0
1246020 2067.2
1246030 2067.2
1246040 2072.0
1246050 2076.2
1246060 2076.2
1246070 2081.5
1246080 2087.4
1246090 2093.8
1246100 2093.8
1246110 2100.4
1246120 2107.0
1246130 2107.0
1246140 2114.5
1246150 2120.7
1246160 2120.7
1246170 2123.7
1246180 2126.6
1246190 2126.6
1246200 2131.0
1246210 2136.0
1246220 2136.0
1246230 2141.5
1246240 2147.0
1246250 2147.0
1246260 2153.6
1246270 2164.1
1246280 2175.3
1246290 2175.3
1246300 2186.3
1246310 2194.1
1246320 2194.1
1246330 2201.6
1246340 2208.2
1246350 2208.2
1246360 2215.3
1246370 2224.8
1246380 2224.8
1246390 2235.8
1246400 2240.6
1246410 2240.6
1246420 2248.9
1246430 2260.0
1246440 2260.0
1246450 2272.0
1246460 2279.9
1246470 2279.9
1246480 2287.5
1246490 2298.2
1246500 2306.0
1246510 2306.0
1246520 2313.1
1246530 2320.7
1246540 2320.7
1246550 2328.4
1246560 2333.6
1246570 2333.6
1246580 2338.6
1246590 2344.0
1246600 2344.0
1246610 2351.0
1246620 2359.0
1246630 2359.0
1246640 2365.8
1246650 2370.2
1246660 2370.2
1246670 2373.6
1246680 2379.7
1246690 2388.2
1246700 2388.2
1246710 2397.2
1246720 2408.1
1246730 2408.1
1246740 2420.8
1246750 2430.8
1246760 2430.8
1246770 2438.9
1246780 2444.9
1246790 2444.9
1246800 2449.5
1246810 2448.7
1246820 2448.7
1246830 2457.0
1246840 2455.5
1246850 2455.5
1246860 2455.1
1246870 2456.9
1246880 2456.9
1246890 2470.1
1246900 2488.4
1246910 2502.3
1246920 2502.3
1246930 2512.8
1246940 2523.7
1246950 2523.7
1246960 2530.0
1246970 2533.8
1246980 2533.8
1246990 2541.9
1247000 2548.6
1247010 2548.6
1247020 2552.1
1247030 2547.7
1247040 2547.7
1247050 2539.7
1247060 2527.2
1247070 2527.2
1247080 2516.9
1247090 2522.0
1247100 2522.0
1247110 2529.7
1247120 2540.5
1247130 2542.5
1247140 2542.5
1247150 2540.8
1247160 2533.6
1247170 2533.6
1247180 2528.4
1247190 2527.5
1247200 2527.5
1247210 2526.3
1247220 2514.4
1247230 2514.4
1247240 2504.0
1247250 2503.9
1247260 2503.9
1247270 2515.8
1247280 2532.1
1247290 2532.1
1247300 2543.4
1247310 2552.7
1247320 2554.1
1247330 2554.1
1247340 2558.8
1247350 2558.6
1247360 2566.7
1247370 2561.2
1247380 2556.9
1247390 2556.9
1247400 2549.5
1247410 2546.8
1247420 2546.8
1247430 2557.0
1247440 2567.6
1247450 2567.6
1247460 2579.3
1247470 2591.7
1247480 2591.7
1247490 2602.8
1247500 2609.3
1247510 2609.3
1247520 2613.2
1247530 2615.5
1247540 2617.7
1247550 2617.7
1247560 2619.9
1247570 2622.5
1247580 2622.5
1247590 2625.9
1247600 2629.1
1247610 2629.1
1247620 2633.9
1247630 2638.4
1247640 2638.4
1247650 2640.3
1247660 2641.2
1247670 2641.2
1247680 2639.9
1247690 2635.0
1247700 2635.0
1247710 2630.0
1247720 2625.4
1247730 2619.9
1247740 2619.9
1247750 2613.0
1247760 2604.7
1247770 2604.7
1247780 2594.7
1247790 2584.2
1247800 2584.2
1247810 2572.6
1247820 2561.1
1247830 2561.1
1247840 2551.5
1247850 2543.2
1247860 2543.2
1247870 2533.9
1247880 2524.9
1247890 2524.9
1247900 2523.7
1247910 2515.3
1247920 2515.3
1247930 2506.2
1247940 2496.1
1247950 2485.9
1247960 2485.9
1247970 2477.1
1247980 2469.1
1247990 2469.1
1248000 2460.5
1248010 2449.3
1248020 2449.3
1248030 2440.7
1248040 2432.6
1248050 2432.6
1248060 2425.4
1248070 2420.4
1248080 2420.4
1248090 2415.3
1248100 2408.2
1248110 2408.2
1248120 2400.8
1248130 2394.1
1248140 2394.1
1248150 2385.3
1248160 2375.7
1248170 2367.7
1248180 2367.7
1248190 2361.4
1248200 2355.4
1248210 2355.4
1248220 2346.3
1248230 2337.1
1248240 2337.1
1248250 2328.0
1248260 2320.1
1248270 2320.1
1248280 2311.0
1248290 2299.4
1248300 2299.4
1248310 2288.9
1248320 2278.6
1248330 2278.6
1248340 2269.4
1248350 2260.1
1248360 2251.1
1248370 2251.1
1248380 2243.8
1248390 2237.6
1248400 2237.6
1248410 2230.6
1248420 2224.5
1248430 2231.0
1248440 2224.8
1248450 2216.6
1248460 2216.6
1248470 2212.2
1248480 2209.3
1248490 2209.3
1248500 2205.4
1248510 2201.7
1248520 2201.7
1248530 2201.6
1248540 2197.1
1248550 2197.1
1248560 2190.7
1248570 2183.4
1248580 2175.5
1248590 2175.5
1248600 2166.4
1248610 2155.3
1248620 2155.3
1248630 2147.5
1248640 2143.6
1248650 2143.6
1248660 2139.5
1248670 2131.1
1248680 2131.1
1248690 2119.8
1248700 2100.8
1248710 2100.8
1248720 2084.8
1248730 2075.4
1248740 2075.4
1248750 2066.7
1248760 2058.5
1248770 2058.5
1248780 2051.1
1248790 2045.3
1248800 2035.4
1248810 2035.4
1248820 2019.0
1248830 2001.6
1248840 2001.6
1248850 1986.5
1248860 1970.2
1248870 1970.2
1248880 1956.0
1248890 1944.3
1248900 1944.3
1248910 1939.3
1248920 1936.1
1248930 1936.1
1248940 1933.0
1248950 1928.9
1248960 1928.9
1248970 1928.8
1248980 1927.7
1248990 1929.1
1249000 1929.1
1249010 1924.0
1249020 1923.3
1249030 1923.3
1249040 1926.7
1249050 1930.1
1249060 1930.1
1249070 1930.8
1249080 1925.6
1249090 1925.6
1249100 1914.7
1249110 1904.3
1249120 1904.3
1249130 1888.8
1249140 1871.4
1249150 1871.4
1249160 1855.2
1249170 1844.5
1249180 1844.5
1249190 1840.5
1249200 1837.7
1249210 1834.0
1249220 1834.0
1249230 1830.2
1249240 1828.1
1249250 1828.1
1249260 1828.5
1249270 1830.2
1249280 1830.2
1249290 1833.1
1249300 1835.1
1249310 1835.1
1249320 1836.1
1249330 1835.2
1249340 1835.2
1249350 1831.6
1249360 1830.2
1249370 1830.2
1249380 1831.1
1249390 1831.0
1249400 1824.6
1249410 1824.6
1249420 1815.9
1249430 1809.8
1249440 1809.8
1249450 1801.1
1249460 1789.1
1249470 1789.1
1249480 1778.4
1249490 1767.3
1249500 1767.3
1249510 1763.3
1249520 1753.5
1249530 1753.5
1249540 1744.2
1249550 1732.1
1249560 1732.1
1249570 1715.8
1249580 1710.3
1249590 1710.3
1249600 1698.2
1249610 1677.7
1249620 1666.7
1249630 1666.7
1249640 1664.5
1249650 1663.7
1249660 1663.7
1249670 1662.9
1249680 1661.9
1249690 1661.9
1249700 1665.8
1249710 1669.7
1249720 1669.7
1249730 1672.3
1249740 1675.0
1249750 1675.0
1249760 1677.3
1249770 1679.5
1249780 1679.5
1249790 1682.6
1249800 1685.8
1249810 1685.8
1249820 1689.0
1249830 1691.9
1249840 1695.0
1249850 1695.0
1249860 1698.7
1249870 1702.9
1249880 1702.9
1249890 1707.6
1249900 1712.7
1249910 1712.7
1249920 1718.0
1249930 1723.0
1249940 1723.0
1249950 1728.4
1249960 1733.7
1249970 1733.7
1249980 1739.3
1249990 1744.8
1250000 1744.8
1250010 1750.0
1250020 1755.0
1250030 1760.2
1250040 1760.2
1250050 1768.9
1250060 1776.3
1250070 1776.3
1250080 1788.1
1250090 1802.9
1250100 1802.9
1250110 1820.3
1250120 1835.0
1250130 1835.0
1250140 1845.2
1250150 1850.9
1250160 1850.9
1250170 1857.0
1250180 1863.3
1250190 1863.3
1250200 1872.6
1250210 1879.8
1250220 1879.8
1250230 1887.6
1250240 1894.6
1250250 1906.6
1250260 1906.6
1250270 1920.8
1250280 1933.5
1250290 1933.5
1250300 1941.4
1250310 1951.3
1250320 1951.3
1250330 1960.6
1250340 1970.3
1250350 1970.3
1250360 1981.4
1250370 1991.3
1250380 1991.3
1250390 2000.1
1250400 2008.6
1250410 2008.6
1250420 2017.6
1250430 2025.7
1250440 2032.3
1250450 2032.3
1250460 2038.0
1250470 2044.3
1250480 2044.3
1250490 2050.4
1250500 2055.8
1250510 2055.8
1250520 2060.5
1250530 2064.4
1250540 2064.4
1250550 2067.7
1250560 2071.6
1250570 2071.6
1250580 2076.0
1250590 2083.5
1250600 2083.5
1250610 2088.7
1250620 2094.2
1250630 2094.2
1250640 2099.8
1250650 2105.5
1250660 2111.2
1250670 2111.2
1250680 2117.3
1250690 2123.1
1250700 2123.1
1250710 2128.5
1250720 2133.4
1250730 2133.4
1250740 2137.8
1250750 2142.6
1250760 2142.6
1250770 2148.2
1250780 2154.3
1250790 2154.3
1250800 2160.6
1250810 2166.1
1250820 2166.1
1250830 2171.7
1250840 2177.4
1250850 2177.4
1250860 2182.0
1250870 2186.4
1250880 2190.4
1250890 2190.4
1250900 2194.5
1250910 2199.5
1250920 2199.5
1250930 2204.8
1250940 2209.3
1250950 2209.3
1250960 2213.4
1250970 2217.4
1250980 2217.4
1250990 2221.4
1251000 2224.8
1251010 2224.8
1251020 2227.7
1251030 2229.5
1251040 2229.5
1251050 2231.5
1251060 2235.4
1251070 2239.0
1251080 2239.0
1251090 2241.1
1251100 2242.4
1251110 2242.4
1251120 2243.4
1251130 2245.7
1251140 2245.7
1251150 2247.6
1251160 2249.4
1251170 2249.4
1251180 2251.5
1251190 2253.8
1251200 2253.8
1251210 2257.4
1251220 2259.9
1251230 2259.9
1251240 2260.8
1251250 2262.0
1251260 2262.0
1251270 2264.2
1251280 2266.8
1251290 2269.3
1251300 2269.3
1251310 2271.4
1251320 2274.1
1251330 2274.1
1251340 2277.0
1251350 2279.7
1251360 2279.7
1251370 2281.5
1251380 2283.4
1251390 2283.4
1251400 2287.6
1251410 2293.2
1251420 2293.2
1251430 2299.6
1251440 2306.1
1251450 2306.1
1251460 2312.2
1251470 2316.9
1251480 2316.9
1251490 2320.9
1251500 2324.7
1251510 2327.4
1251520 2327.4
1251530 2328.8
1251540 2331.4
1251550 2331.4
1251560 2335.3
1251570 2339.0
1251580 2339.0
1251590 2344.2
1251600 2350.6
1251610 2350.6
1251620 2356.5
1251630 2362.7
1251640 2362.7
1251650 2370.7
1251660 2381.4
1251670 2380.8
1251680 2393.6
1251690 2407.4
1251700 2420.0
1251710 2420.0
1251720 2430.1
1251730 2437.2
1251740 2437.2
1251750 2443.3
1251760 2451.8
1251770 2451.8
1251780 2458.1
1251790 2462.4
1251800 2462.4
1251810 2466.6
1251820 2470.6
1251830 2470.6
1251840 2474.2
1251850 2478.3
1251860 2478.3
1251870 2483.3
1251880 2488.1
1251890 2488.1
1251900 2497.6
1251910 2510.3
1251920 2516.0
1251930 2516.0
1251940 2525.9
1251950 2533.3
1251960 2533.3
1251970 2540.7
1251980 2547.7
1251990 2547.7
1252000 2555.1
1252010 2564.9
1252020 2564.9
1252030 2573.5
1252040 2578.8
1252050 2578.8
1252060 2583.4
1252070 2591.4
1252080 2591.4
1252090 2600.7
1252100 2606.0
1252110 2611.4
1252120 2611.4
1252130 2615.3
1252140 2616.4
1252150 2616.4
1252160 2618.2
1252170 2621.4
1252180 2621.4
1252190 2625.8
1252200 2634.1
1252210 2634.1
1252220 2645.9
1252230 2657.0
1252240 2657.0
1252250 2668.8
1252260 2682.5
1252270 2682.5
1252280 2696.1
1252290 2706.7
1252300 2706.7
1252310 2716.8
1252320 2727.8
1252330 2734.4
1252340 2734.4
1252350 2741.2
1252360 2755.0
1252370 2755.0
1252380 2758.6
1252390 2762.9
1252400 2762.9
1252410 2782.2
1252420 2799.8
1252430 2799.8
1252440 2811.2
1252450 2827.3
1252460 2827.3
1252470 2842.3
1252480 2851.5
1252490 2851.5
1252500 2862.3
1252510 2871.2
1252520 2871.2
1252530 2880.2
1252540 2884.8
1252550 2892.2
1252560 2892.2
1252570 2903.9
1252580 2916.1
1252590 2916.1
1252600 2928.4
1252610 2943.8
1252620 2943.8
1252630 2955.1
1252640 2964.4
1252650 2964.4
1252660 2968.4
1252670 2973.3
1252680 2973.3
1252690 2975.8
1252700 2973.7
1252710 2973.7
1252720 2976.2
1252730 2979.5
1252740 2987.1
1252750 2987.1
1252760 3003.5
1252770 3007.5
1252780 3007.5
1252790 3008.3
1252800 3012.3
1252810 3012.3
1252820 3017.7
1252830 3017.4
1252840 3017.4
1252850 3011.2
1252860 3002.6
1252870 3002.6
1252880 2990.4
1252890 2980.7
1252900 2980.7
1252910 2974.8
1252920 2963.1
1252930 2963.1
1252940 2968.5
1252950 2985.3
1252960 3007.0
1252970 3007.0
1252980 3011.4
1252990 3005.7
1253000 3005.7
1253010 3001.0
1253020 2996.9
1253030 2996.9
1253040 2991.9
1253050 2985.8
1253060 2985.8
1253070 2979.7
1253080 2974.0
1253090 2974.0
1253100 2968.9
1253110 2963.8
1253120 2963.8
1253130 2958.6
1253140 2954.1
1253150 2949.8
1253160 2949.8
1253170 2944.0
1253180 2936.4
1253190 2936.4
1253200 2929.8
1253210 2922.7
1253220 2922.7
1253230 2915.5
1253240 2908.3
1253250 2908.3
1253260 2901.5
1253270 2894.6
1253280 2894.6
1253290 2887.5
1253300 2880.4
1253310 2876.2
1253320 2868.3
1253330 2861.0
1253340 2861.0
1253350 2853.2
1253360 2846.1
1253370 2840.3
1253380 2840.3
1253390 2834.0
1253400 2825.8
1253410 2825.8
1253420 2816.4
1253430 2806.8
1253440 2806.8
1253450 2795.8
1253460 2786.6
1253470 2786.6
1253480 2778.2
1253490 2774.7
1253500 2774.7
1253510 2776.2
1253520 2772.9
1253530 2772.9
1253540 2766.6
1253550 2759.7
1253560 2759.7
1253570 2753.1
1253580 2746.8
1253590 2740.5
1253600 2740.5
1253610 2734.5
1253620 2728.9
1253630 2728.9
1253640 2723.5
1253650 2717.9
1253660 2717.9
1253670 2712.6
1253680 2707.1
1253690 2707.1
1253700 2701.6
1253710 2695.6
1253720 2695.6
1253730 2689.2
1253740 2683.3
1253750 2683.3
1253760 2677.6
1253770 2671.5
1253780 2665.6
1253790 2665.6
1253800 2659.3
1253810 2652.6
1253820 2652.6
1253830 2645.5
1253840 2638.1
1253850 2638.1
1253860 2628.4
1253870 2620.0
1253880 2620.0
1253890 2611.6
1253900 2603.4
1253910 2603.4
1253920 2595.8
1253930 2589.1
1253940 2589.1
1253950 2582.0
1253960 2574.4
1253970 2574.4
1253980 2566.7
1253990 2560.4
1254000 2558.1
1254010 2558.1
1254020 2556.2
1254030 2552.9
1254040 2552.9
1254050 2549.3
1254060 2545.0
1254070 2545.0
1254080 2542.8
1254090 2542.3
1254100 2542.3
1254110 2538.0
1254120 2529.4
1254130 2529.4
1254140 2522.6
1254150 2519.7
1254160 2519.7
1254170 2516.4
1254180 2514.3
1254190 2513.4
1254200 2513.4
1254210 2514.5
1254220 2517.6
1254230 2517.6
1254240 2515.7
1254250 2506.1
1254260 2506.1
1254270 2495.7
1254280 2485.9
1254290 2485.9
1254300 2474.6
1254310 2462.3
1254320 2462.3
1254330 2450.8
1254340 2440.3
1254350 2440.3
1254360 2427.0
1254370 2409.0
1254380 2409.0
1254390 2401.4
1254400 2395.5
1254410 2386.1
1254420 2386.1
1254430 2380.8
1254440 2376.0
1254450 2376.0
1254460 2370.0
1254470 2366.4
1254480 2366.4
1254490 2362.2
1254500 2357.3
1254510 2357.3
1254520 2352.1
1254530 2346.2
1254540 2346.2
1254550 2340.2
1254560 2334.4
1254570 2334.4
1254580 2328.4
1254590 2323.0
1254600 2323.0
1254610 2320.2
1254620 2317.4
1254630 2313.7
1254640 2313.7
1254650 2309.5
1254660 2305.1
1254670 2305.1
1254680 2300.9
1254690 2298.0
1254700 2298.0
1254710 2295.2
1254720 2290.2
1254730 2290.2
1254740 2283.9
1254750 2277.3
1254760 2277.3
1254770 2272.4
1254780 2269.3
1254790 2269.3
1254800 2266.1
1254810 2261.1
1254820 2255.8
1254830 2255.8
1254840 2250.7
1254850 2246.5
1254860 2246.5
1254870 2242.9
1254880 2238.9
1254890 2238.9
1254900 2234.0
1254910 2229.6
1254920 2229.6
1254930 2221.8
1254940 2211.3
1254950 2211.3
1254960 2197.9
1254970 2184.6
1254980 2184.6
1254990 2174.8
1255000 2167.3
1255010 2167.3
1255020 2160.9
1255030 2154.9
1255040 2149.6
1255050 2149.6
1255060 2144.1
1255070 2142.1
1255080 2142.1
1255090 2139.2
1255100 2135.4
1255110 2135.4
1255120 2131.6
1255130 2128.2
1255140 2128.2
1255150 2123.1
1255160 2118.4
1255170 2118.4
1255180 2113.9
1255190 2109.8
1255200 2109.8
1255210 2106.8
1255220 2103.4
1255230 2099.9
1255240 2099.9
1255250 2096.5
1255260 2094.2
1255270 2094.2
1255280 2092.5
1255290 2091.1
1255300 2091.1
1255310 2090.1
1255320 2089.2
1255330 2089.2
1255340 2088.1
1255350 2085.4
1255360 2085.4
1255370 2081.7
1255380 2076.9
1255390 2076.9
1255400 2070.2
1255410 2064.1
1255420 2064.1
1255430 2057.3
1255440 2052.5
1255450 2048.2
1255460 2048.2
1255470 2042.3
1255480 2035.8
1255490 2035.8
1255500 2030.7
1255510 2022.4
1255520 2022.4
1255530 2017.0
1255540 2012.1
1255550 2012.1
1255560 2008.5
1255570 2005.5
1255580 2005.5
1255590 2000.0
1255600 1996.0
1255610 1996.0
1255620 1992.0
1255630 1988.5
1255640 1988.5
1255650 1985.8
1255660 1983.4
1255670 1980.6
1255680 1980.6
1255690 1977.5
1255700 1974.1
1255710 1974.1
1255720 1970.9
1255730 1967.4
1255740 1967.4
1255750 1962.5
1255760 1954.7
1255770 1954.7
1255780 1947.0
1255790 1933.2
1255800 1933.2
1255810 1930.4
1255820 1919.8
1255830 1919.8
1255840 1909.3
1255850 1894.9
1255860 1882.4
1255870 1882.4
1255880 1882.9
1255890 1874.2
1255900 1874.2
1255910 1865.6
1255920 1860.2
1255930 1860.2
1255940 1847.2
1255950 1834.8
1255960 1834.8
1255970 1823.4
1255980 1820.0
1255990 1820.0
1256000 1820.1
1256010 1819.4
1256020 1819.4
1256030 1812.7
1256040 1806.0
1256050 1806.0
1256060 1797.2
1256070 1789.8
1256080 1783.4
1256090 1783.4
1256100 1777.7
1256110 1769.3
1256120 1769.3
1256130 1759.5
1256140 1754.4
1256150 1754.4
1256160 1750.3
1256170 1744.0
1256180 1744.0
1256190 1737.8
1256200 1733.5
1256210 1733.5
1256220 1727.5
1256230 1719.2
1256240 1719.2
1256250 1714.0
1256260 1709.3
1256270 1709.3
1256280 1704.1
1256290 1699.9
1256300 1695.2
1256310 1695.2
1256320 1689.7
1256330 1685.1
1256340 1685.1
1256350 1681.7
1256360 1678.6
1256370 1678.6
1256380 1675.9
1256390 1672.6
1256400 1672.6
1256410 1669.4
1256420 1666.8
1256430 1666.8
1256440 1664.1
1256450 1661.2
1256460 1661.2
1256470 1658.3
1256480 1655.1
1256490 1651.6
1256500 1651.6
1256510 1646.9
1256520 1643.5
1256530 1643.5
1256540 1640.7
1256550 1637.8
1256560 1637.8
1256570 1634.9
1256580 1632.5
1256590 1632.5
1256600 1630.4
1256610 1626.6
1256620 1627.1
1256630 1620.6
1256640 1613.3
1256650 1613.3
1256660 1605.2
1256670 1598.6
1256680 1598.6
1256690 1593.2
1256700 1588.4
1256710 1583.8
1256720 1583.8
1256730 1579.5
1256740 1575.8
1256750 1575.8
1256760 1573.2
1256770 1570.1
1256780 1570.1
1256790 1567.2
1256800 1563.5
1256810 1563.5
1256820 1558.7
1256830 1556.1
1256840 1556.1
1256850 1555.7
1256860 1554.3
1256870 1554.3
1256880 1552.5
1256890 1551.1
1256900 1550.0
1256910 1550.0
1256920 1549.5
1256930 1548.9
1256940 1548.9
1256950 1548.3
1256960 1549.1
1256970 1549.1
1256980 1549.8
1256990 1550.6
1257000 1550.6
1257010 1551.7
1257020 1553.0
1257030 1553.0
1257040 1554.4
1257050 1556.2
1257060 1556.2
1257070 1557.9
1257080 1559.6
1257090 1559.6
1257100 1560.8
1257110 1562.2
1257120 1563.8
1257130 1563.8
1257140 1565.2
1257150 1567.0
1257160 1567.0
1257170 1569.7
1257180 1572.3
1257190 1572.3
1257200 1574.2
1257210 1576.0
1257220 1576.0
1257230 1577.4
1257240 1578.5
1257250 1578.5
1257260 1581.3
1257270 1583.6
1257280 1583.6
1257290 1585.0
1257300 1586.9
1257310 1586.9
1257320 1589.3
1257330 1590.5
1257340 1592.0
1257350 1592.0
1257360 1592.5
1257370 1593.3
1257380 1593.3
1257390 1593.9
1257400 1595.2
1257410 1595.2
1257420 1595.9
1257430 1597.4
1257440 1597.4
1257450 1597.2
1257460 1596.5
1257470 1596.5
1257480 1596.7
1257490 1597.6
1257500 1597.6
1257510 1596.6
1257520 1594.7
1257530 1593.2
1257540 1593.2
1257550 1590.0
1257560 1590.7
1257570 1590.7
1257580 1589.1
1257590 1587.5
1257600 1587.5
1257610 1590.0
1257620 1594.8
1257630 1594.8
1257640 1597.3
1257650 1601.9
1257660 1601.9
1257670 1605.0
1257680 1609.1
1257690 1609.1
1257700 1610.5
1257710 1611.5
1257720 1611.5
1257730 1621.2
1257740 1626.5
1257750 1631.2
1257760 1631.2
1257770 1635.0
1257780 1639.1
1257790 1639.1
1257800 1637.7
1257810 1628.9
1257820 1628.9
1257830 1623.4
1257840 1623.8
1257850 1623.8
1257860 1627.7
1257870 1632.6
1257880 1632.6
1257890 1639.1
1257900 1647.7
1257910 1647.7
1257920 1653.9
1257930 1654.7
1257940 1654.6
1257950 1654.6
1257960 1654.6
1257970 1655.8
1257980 1655.8
1257990 1658.5
1258000 1661.6
1258010 1661.6
1258020 1661.9
1258030 1659.4
1258040 1659.4
1258050 1660.3
1258060 1664.7
1258070 1664.7
1258080 1669.6
1258090 1674.6
1258100 1674.6
1258110 1677.9
1258120 1679.4
1258130 1679.4
1258140 1681.1
1258150 1682.7
1258160 1683.6
1258170 1683.6
1258180 1683.9
1258190 1681.5
1258200 1681.5
1258210 1673.7
1258220 1665.2
1258230 1665.2
1258240 1659.0
1258250 1662.3
1258260 1662.3
1258270 1667.3
1258280 1671.5
1258290 1679.4
1258300 1681.8
1258310 1679.8
1258320 1679.8
1258330 1676.3
1258340 1675.8
1258350 1675.8
1258360 1684.2
1258370 1691.3
1258380 1694.4
1258390 1694.4
1258400 1699.0
1258410 1704.5
1258420 1704.5
1258430 1711.8
1258440 1716.0
1258450 1716.0
1258460 1721.6
1258470 1724.6
1258480 1724.6
1258490 1726.5
1258500 1728.0
1258510 1728.0
1258520 1728.4
1258530 1732.6
1258540 1732.6
1258550 1735.9
1258560 1736.7
1258570 1742.4
1258580 1742.4
1258590 1748.7
1258600 1753.2
1258610 1753.2
1258620 1759.1
1258630 1764.2
1258640 1764.2
1258650 1768.6
1258660 1771.5
1258670 1771.5
1258680 1774.9
1258690 1779.5
1258700 1779.5
1258710 1785.4
1258720 1791.1
1258730 1791.1
1258740 1796.8
1258750 1801.5
1258760 1801.5
1258770 1806.7
1258780 1815.0
1258790 1824.6
1258800 1824.6
1258810 1834.4
1258820 1842.0
1258830 1842.0
1258840 1850.2
1258850 1861.9
1258860 1861.9
1258870 1870.5
1258880 1877.0
1258890 1877.0
1258900 1884.0
1258910 1893.3
1258920 1893.3
1258930 1900.1
1258940 1901.7
1258950 1901.7
1258960 1903.7
1258970 1906.4
1258980 1910.5
1258990 1910.5
1259000 1914.8
1259010 1920.7
1259020 1920.7
1259030 1923.5
1259040 1927.1
1259050 1927.1
1259060 1935.9
1259070 1942.4
1259080 1942.4
1259090 1943.8
1259100 1948.8
1259110 1948.8
1259120 1957.6
1259130 1963.7
1259140 1963.7
1259150 1969.3
1259160 1974.3
1259170 1974.3
1259180 1979.3
1259190 1984.7
1259200 1989.8
1259210 1989.8
1259220 1996.3
1259230 2002.4
1259240 2002.4
1259250 2011.1
1259260 2022.6
1259270 2022.6
1259280 2030.2
1259290 2036.1
1259300 2036.1
1259310 2039.5
1259320 2046.6
1259330 2046.6
1259340 2054.2
1259350 2054.4
1259360 2054.4
1259370 2054.4
1259380 2055.7
1259390 2055.7
1259400 2057.2
1259410 2062.5
1259420 2066.0
1259430 2066.0
1259440 2069.1
1259450 2071.8
1259460 2071.8
1259470 2073.7
1259480 2073.9
1259490 2073.9
1259500 2074.8
1259510 2069.3
1259520 2069.3
1259530 2062.9
1259540 2059.5
1259550 2059.5
1259560 2057.1
1259570 2054.9
1259580 2054.9
1259590 2054.3
1259600 2051.9
1259610 2051.4
1259620 2051.4
1259630 2052.5
1259640 2052.9
1259650 2052.9
1259660 2053.6
1259670 2054.1
1259680 2054.1
1259690 2055.4
1259700 2058.1
1259710 2058.1
1259720 2070.0
1259730 2076.2
1259740 2076.2
1259750 2067.2
1259760 2058.7
1259770 2058.7
1259780 2052.5
1259790 2045.4
1259800 2045.4
1259810 2040.3
1259820 2039.4
1259830 2037.8
1259840 2037.8
1259850 2035.0
1259860 2030.3
1259870 2030.3
1259880 2025.4
1259890 2027.4
1259900 2027.4
1259910 2033.5
1259920 2041.0
1259930 2041.0
1259940 2044.8
1259950 2045.5
1259960 2045.5
1259970 2044.4
1259980 2047.2
1259990 2047.2
