1240000 2127.5
1240010 2119.7
1240020 2119.7
1240030 2113.3
1240040 2106.7
1240050 2100.2
1240060 2100.2
1240070 2091.0
1240080 2079.6
1240090 2079.6
1240100 2073.3
1240110 2070.5
1240120 2070.5
1240130 2067.4
1240140 2067.1
1240150 2067.1
1240160 2068.4
1240170 2068.9
1240180 2068.9
1240190 2066.7
1240200 2066.6
1240210 2066.6
1240220 2065.4
1240230 2061.0
1240240 2061.0
1240250 2056.1
1240260 2050.8
1240270 2045.0
1240280 2045.0
1240290 2039.7
1240300 2035.1
1240310 2035.1
1240320 2030.2
1240330 2026.7
1240340 2026.7
1240350 2023.7
1240360 2020.0
1240370 2020.0
1240380 2016.5
1240390 2012.7
1240400 2012.7
1240410 2009.0
1240420 2006.2
1240430 2006.2
1240440 2005.0
1240450 2004.7
1240460 2004.7
1240470 2002.4
1240480 1998.0
1240490 1992.2
1240500 1992.2
1240510 1984.3
1240520 1981.8
1240530 1981.8
1240540 1982.0
1240550 1983.8
1240560 1983.8
1240570 1984.6
1240580 1984.4
1240590 1984.4
1240600 1982.9
1240610 1980.2
1240620 1980.2
1240630 1977.1
1240640 1973.6
1240650 1973.6
1240660 1970.0
1240670 1966.4
1240680 1963.8
1240690 1963.8
1240700 1961.8
1240710 1960.2
1240720 1960.2
1240730 1959.7
1240740 1960.9
1240750 1960.9
1240760 1962.5
1240770 1964.2
1240780 1964.2
1240790 1964.4
1240800 1965.6
1240810 1965.6
1240820 1964.0
1240830 1960.7
1240840 1960.7
1240850 1961.3
1240860 1959.9
1240870 1959.9
1240880 1958.7
1240890 1958.3
1240900 1957.8
1240910 1957.8
1240920 1957.9
1240930 1958.0
1240940 1958.0
1240950 1958.9
1240960 1960.4
1240970 1960.4
1240980 1961.7
1240990 1963.3
1241000 1963.3
1241010 1964.6
1241020 1964.9
1241030 1958.4
1241040 1957.7
1241050 1956.6
1241060 1956.6
1241070 1961.6
1241080 1964.1
1241090 1964.1
1241100 1964.1
1241110 1964.3
1241120 1965.3
1241130 1965.3
1241140 1966.4
1241150 1968.1
1241160 1968.1
1241170 1970.2
1241180 1972.5
1241190 1972.5
1241200 1973.5
1241210 1974.3
1241220 1974.3
1241230 1975.5
1241240 1975.6
1241250 1975.6
1241260 1975.6
1241270 1975.4
1241280 1975.4
1241290 1975.2
1241300 1975.6
1241310 1976.9
1241320 1976.9
1241330 1977.6
1241340 1975.4
1241350 1975.4
1241360 1973.2
1241370 1972.7
1241380 1972.7
1241390 1973.6
1241400 1972.2
1241410 1972.2
1241420 1970.9
1241430 1970.1
1241440 1970.1
1241450 1969.0
1241460 1967.0
1241470 1967.0
1241480 1965.3
1241490 1963.7
1241500 1963.7
1241510 1962.6
1241520 1961.5
1241530 1959.7
1241540 1959.7
1241550 1953.6
1241560 1948.4
1241570 1948.4
1241580 1943.8
1241590 1940.1
1241600 1940.1
1241610 1936.9
1241620 1934.4
1241630 1934.4
1241640 1932.8
1241650 1932.5
1241660 1932.5
1241670 1929.1
1241680 1924.2
1241690 1924.2
1241700 1919.6
1241710 1914.4
1241720 1914.4
1241730 1908.1
1241740 1900.8
1241750 1892.7
1241760 1892.7
1241770 1884.6
1241780 1879.3
1241790 1879.3
1241800 1876.7
1241810 1873.6
1241820 1873.6
1241830 1867.7
1241840 1861.6
1241850 1861.6
1241860 1857.0
1241870 1852.1
1241880 1852.1
1241890 1847.2
1241900 1843.3
1241910 1843.3
1241920 1839.1
1241930 1834.8
1241940 1830.2
1241950 1830.2
1241960 1825.0
1241970 1819.9
1241980 1819.9
1241990 1815.5
1242000 1811.0
1242010 1811.0
1242020 1807.1
1242030 1806.2
1242040 1806.2
1242050 1804.9
1242060 1802.4
1242070 1796.5
1242080 1793.1
1242090 1790.2
1242100 1790.2
1242110 1786.6
1242120 1782.6
1242130 1782.6
1242140 1777.5
1242150 1773.1
1242160 1770.4
1242170 1770.4
1242180 1767.1
1242190 1763.5
1242200 1763.5
1242210 1760.7
1242220 1755.5
1242230 1755.5
1242240 1748.0
1242250 1745.0
1242260 1745.0
1242270 1744.8
1242280 1742.0
1242290 1742.0
1242300 1738.0
1242310 1736.4
1242320 1736.4
1242330 1735.0
1242340 1731.7
1242350 1731.7
1242360 1728.2
1242370 1725.2
1242380 1721.9
1242390 1721.9
1242400 1718.0
1242410 1714.4
1242420 1714.4
1242430 1710.6
1242440 1705.7
1242450 1705.7
1242460 1701.4
1242470 1698.9
1242480 1698.9
1242490 1697.4
1242500 1695.8
1242510 1695.8
1242520 1695.6
1242530 1695.5
1242540 1695.5
1242550 1694.2
1242560 1692.4
1242570 1690.9
1242580 1690.9
1242590 1689.4
1242600 1688.0
1242610 1688.0
1242620 1687.4
1242630 1686.8
1242640 1686.8
1242650 1686.2
1242660 1685.6
1242670 1685.6
1242680 1684.8
1242690 1684.1
1242700 1684.1
1242710 1683.7
1242720 1683.4
1242730 1683.4
1242740 1683.2
1242750 1682.9
1242760 1682.9
1242770 1682.5
1242780 1681.9
1242790 1681.4
1242800 1681.4
1242810 1680.9
1242820 1680.4
1242830 1680.4
1242840 1679.9
1242850 1679.5
1242860 1679.5
1242870 1679.1
1242880 1678.7
1242890 1678.7
1242900 1678.3
1242910 1677.9
1242920 1677.9
1242930 1677.5
1242940 1677.1
1242950 1677.1
1242960 1676.6
1242970 1676.3
1242980 1676.3
1242990 1676.0
1243000 1675.8
1243010 1675.5
1243020 1675.5
1243030 1675.3
1243040 1675.0
1243050 1675.0
1243060 1674.6
1243070 1674.3
1243080 1674.3
1243090 1673.8
1243100 1672.9
1243110 1672.9
1243120 1669.3
1243130 1668.6
1243140 1668.6
1243150 1668.5
1243160 1669.7
1243170 1669.7
1243180 1672.0
1243190 1674.9
1243200 1677.1
1243210 1677.1
1243220 1678.8
1243230 1679.8
1243240 1679.8
1243250 1678.6
1243260 1679.0
1243270 1679.0
1243280 1679.2
1243290 1679.3
1243300 1679.3
1243310 1679.6
1243320 1679.3
1243330 1679.3
1243340 1677.3
1243350 1675.4
1243360 1675.4
1243370 1675.5
1243380 1675.4
1243390 1675.4
1243400 1673.8
1243410 1670.8
1243420 1667.5
1243430 1667.5
1243440 1665.5
1243450 1664.2
1243460 1664.2
1243470 1662.4
1243480 1660.3
1243490 1660.3
1243500 1658.2
1243510 1655.8
1243520 1655.8
1243530 1654.8
1243540 1655.6
1243550 1655.6
1243560 1657.1
1243570 1657.3
1243580 1657.3
1243590 1657.3
1243600 1658.3
1243610 1659.9
1243620 1659.9
1243630 1662.9
1243640 1665.8
1243650 1673.8
1243660 1677.3
1243670 1681.4
1243680 1681.4
1243690 1683.8
1243700 1685.0
1243710 1685.0
1243720 1685.1
1243730 1685.0
1243740 1685.0
1243750 1683.9
1243760 1682.7
1243770 1682.7
1243780 1681.3
1243790 1679.7
1243800 1679.7
1243810 1678.1
1243820 1677.4
1243830 1677.7
1243840 1677.7
1243850 1679.6
1243860 1682.2
1243870 1682.2
1243880 1684.6
1243890 1686.5
1243900 1686.5
1243910 1688.6
1243920 1689.7
1243930 1689.7
1243940 1689.6
1243950 1689.2
1243960 1689.2
1243970 1687.9
1243980 1686.1
1243990 1686.1
1244000 1684.2
1244010 1683.3
1244020 1683.3
1244030 1682.0
1244040 1680.8
1244050 1679.0
1244060 1679.0
1244070 1675.6
1244080 1672.0
1244090 1672.0
1244100 1670.3
1244110 1670.3
1244120 1670.3
1244130 1670.3
1244140 1670.8
1244150 1670.8
1244160 1672.1
1244170 1679.8
1244180 1679.8
1244190 1678.7
1244200 1675.8
1244210 1675.8
1244220 1673.5
1244230 1670.5
1244240 1667.6
1244250 1667.6
1244260 1666.1
1244270 1665.1
1244280 1665.1
1244290 1664.3
1244300 1664.7
1244310 1664.7
1244320 1666.2
1244330 1666.9
1244340 1666.9
1244350 1665.9
1244360 1665.1
1244370 1665.1
1244380 1663.6
1244390 1660.1
1244400 1660.1
1244410 1657.0
1244420 1654.3
1244430 1654.3
1244440 1651.6
1244450 1648.6
1244460 1645.1
1244470 1645.1
1244480 1640.9
1244490 1635.5
1244500 1635.5
1244510 1630.7
1244520 1628.9
1244530 1628.9
1244540 1629.7
1244550 1629.2
1244560 1629.2
1244570 1626.2
1244580 1622.4
1244590 1622.4
1244600 1619.9
1244610 1616.5
1244620 1616.5
1244630 1614.0
1244640 1610.6
1244650 1610.6
1244660 1606.7
1244670 1603.2
1244680 1599.7
1244690 1599.7
1244700 1599.5
1244710 1594.2
1244720 1594.2
1244730 1591.8
1244740 1587.8
1244750 1587.8
1244760 1581.5
1244770 1578.0
1244780 1578.0
1244790 1575.0
1244800 1572.3
1244810 1572.3
1244820 1570.5
1244830 1568.7
1244840 1568.7
1244850 1567.0
1244860 1565.4
1244870 1562.6
1244880 1562.6
1244890 1561.3
1244900 1560.8
1244910 1560.8
1244920 1559.5
1244930 1557.9
1244940 1557.9
1244950 1556.9
1244960 1556.0
1244970 1556.0
1244980 1555.1
1244990 1554.9
1245000 1554.9
1245010 1554.7
1245020 1554.7
1245030 1554.7
1245040 1556.4
1245050 1559.0
1245060 1559.0
1245070 1560.7
1245080 1561.3
1245090 1562.6
1245100 1562.6
1245110 1564.1
1245120 1565.3
1245130 1565.3
1245140 1565.6
1245150 1564.2
1245160 1564.2
1245170 1562.7
1245180 1561.7
1245190 1561.7
1245200 1560.9
1245210 1559.9
1245220 1559.9
1245230 1555.1
1245240 1553.3
1245250 1553.3
1245260 1550.7
1245270 1547.6
1245280 1547.6
1245290 1545.4
1245300 1544.2
1245310 1542.8
1245320 1542.8
1245330 1540.5
1245340 1537.8
1245350 1537.8
1245360 1536.3
1245370 1533.7
1245380 1533.7
1245390 1531.0
1245400 1528.9
1245410 1528.9
1245420 1527.7
1245430 1525.5
1245440 1525.5
1245450 1522.9
1245460 1520.8
1245470 1520.8
1245480 1518.5
1245490 1516.7
1245500 1513.5
1245510 1513.5
1245520 1507.8
1245530 1503.4
1245540 1503.4
1245550 1501.1
1245560 1500.7
1245570 1500.7
1245580 1500.3
1245590 1499.3
1245600 1499.3
1245610 1498.4
1245620 1497.0
1245630 1497.0
1245640 1496.4
1245650 1497.1
1245660 1497.1
1245670 1499.0
1245680 1499.5
1245690 1499.5
1245700 1500.9
1245710 1501.7
1245720 1503.0
1245730 1503.0
1245740 1504.1
1245750 1505.0
1245760 1508.4
1245770 1509.9
1245780 1512.4
1245790 1512.4
1245800 1513.0
1245810 1514.4
1245820 1514.4
1245830 1515.9
1245840 1518.5
1245850 1518.5
1245860 1521.4
1245870 1522.6
1245880 1522.6
1245890 1523.4
1245900 1525.1
1245910 1525.1
1245920 1527.1
1245930 1530.4
1245940 1535.3
1245950 1535.3
1245960 1539.3
1245970 1542.0
1245980 1542.0
1245990 1543.7
1246000 1546.2
1246010 1546.2
1246020 1549.6
1246030 1552.4
1246040 1552.4
1246050 1555.6
1246060 1558.7
1246070 1558.7
1246080 1561.9
1246090 1564.9
1246100 1564.9
1246110 1566.9
1246120 1567.3
1246130 1568.3
1246140 1568.3
1246150 1569.7
1246160 1578.3
1246170 1578.3
1246180 1592.5
1246190 1607.4
1246200 1607.4
1246210 1624.9
1246220 1635.8
1246230 1635.8
1246240 1653.1
1246250 1675.2
1246260 1675.2
1246270 1683.1
1246280 1688.0
1246290 1698.9
1246300 1700.2
1246310 1700.1
1246320 1700.1
1246330 1700.8
1246340 1708.8
1246350 1722.5
1246360 1722.5
1246370 1728.2
1246380 1734.3
1246390 1734.3
1246400 1741.0
1246410 1753.6
1246420 1753.6
1246430 1763.9
1246440 1766.9
1246450 1766.9
1246460 1769.5
1246470 1769.8
1246480 1769.8
1246490 1770.3
1246500 1769.0
1246510 1769.0
1246520 1763.6
1246530 1765.3
1246540 1765.3
1246550 1770.4
1246560 1777.2
1246570 1784.8
1246580 1784.8
1246590 1789.7
1246600 1796.7
1246610 1796.7
1246620 1803.8
1246630 1806.7
1246640 1806.7
1246650 1808.2
1246660 1810.0
1246670 1810.0
1246680 1812.6
1246690 1813.7
1246700 1813.7
1246710 1814.1
1246720 1814.4
1246730 1814.4
1246740 1813.9
1246750 1810.3
1246760 1809.6
1246770 1809.6
1246780 1810.7
1246790 1820.7
1246800 1820.7
1246810 1831.1
1246820 1842.9
1246830 1842.9
1246840 1845.6
1246850 1848.4
1246860 1848.4
1246870 1850.4
1246880 1852.9
1246890 1852.9
1246900 1855.3
1246910 1855.5
1246920 1855.5
1246930 1855.8
1246940 1857.2
1246950 1857.2
1246960 1855.8
1246970 1841.5
1246980 1845.5
1246990 1845.5
1247000 1859.8
1247010 1880.6
1247020 1880.6
1247030 1900.5
1247040 1910.1
1247050 1910.1
1247060 1915.5
1247070 1920.1
1247080 1920.1
1247090 1924.5
1247100 1931.4
1247110 1931.4
1247120 1943.8
1247130 1954.3
1247140 1954.3
1247150 1961.9
1247160 1969.6
1247170 1969.6
1247180 1976.0
1247190 1983.0
1247200 1988.8
1247210 1988.8
1247220 1992.2
1247230 1995.8
1247240 1995.8
1247250 2000.0
1247260 2004.9
1247270 2004.9
1247280 2010.1
1247290 2013.8
1247300 2013.8
1247310 2016.6
1247320 2019.4
1247330 2019.4
1247340 2020.8
1247350 2038.0
1247360 2038.0
1247370 2039.2
1247380 2040.9
1247390 2043.1
1247400 2043.1
1247410 2048.0
1247420 2050.4
1247430 2050.4
1247440 2047.9
1247450 2054.6
1247460 2054.6
1247470 2064.2
1247480 2067.2
1247490 2067.2
1247500 2068.5
1247510 2072.4
1247520 2072.4
1247530 2079.3
1247540 2085.9
1247550 2085.9
1247560 2091.4
1247570 2095.3
1247580 2095.3
1247590 2099.3
1247600 2104.0
1247610 2105.0
1247620 2105.0
1247630 2104.4
1247640 2102.1
1247650 2102.1
1247660 2097.5
1247670 2093.6
1247680 2093.6
1247690 2091.5
1247700 2085.2
1247710 2085.2
1247720 2079.3
1247730 2070.8
1247740 2070.8
1247750 2061.3
1247760 2049.1
1247770 2049.1
1247780 2041.2
1247790 2038.7
1247800 2038.7
1247810 2031.0
1247820 2025.6
1247830 2022.1
1247840 2022.1
1247850 2021.2
1247860 2020.8
1247870 2020.8
1247880 2018.9
1247890 2025.1
1247900 2025.1
1247910 2029.1
1247920 2033.5
1247930 2033.5
1247940 2038.1
1247950 2042.6
1247960 2042.6
1247970 2045.1
1247980 2042.7
1247990 2042.7
1248000 2039.6
1248010 2040.2
1248020 2041.2
1248030 2041.2
1248040 2039.6
1248050 2040.5
1248060 2040.5
1248070 2043.1
1248080 2046.9
1248090 2046.9
1248100 2052.1
1248110 2056.3
1248120 2056.3
1248130 2060.1
1248140 2066.2
1248150 2066.2
1248160 2075.2
1248170 2083.1
1248180 2083.1
1248190 2086.5
1248200 2090.0
1248210 2090.0
1248220 2096.8
1248230 2110.3
1248240 2126.6
1248250 2126.6
1248260 2139.6
1248270 2150.1
1248280 2150.1
1248290 2162.6
1248300 2172.4
1248310 2172.4
1248320 2178.3
1248330 2183.6
1248340 2183.6
1248350 2190.3
1248360 2200.9
1248370 2200.9
1248380 2210.6
1248390 2214.8
1248400 2214.8
1248410 2213.9
1248420 2206.6
1248430 2196.3
1248440 2196.3
1248450 2189.1
1248460 2182.4
1248470 2182.4
1248480 2174.0
1248490 2163.6
1248500 2163.6
1248510 2150.1
1248520 2140.9
1248530 2140.9
1248540 2134.0
1248550 2127.4
1248560 2127.4
1248570 2120.6
1248580 2113.5
1248590 2113.5
1248600 2107.0
1248610 2101.0
1248620 2101.0
1248630 2092.9
1248640 2082.2
1248650 2070.7
1248660 2070.7
1248670 2058.6
1248680 2047.8
1248690 2047.8
1248700 2037.9
1248710 2029.6
1248720 2029.6
1248730 2022.0
1248740 2013.5
1248750 2013.5
1248760 2003.4
1248770 1990.2
1248780 1990.2
1248790 1978.1
1248800 1967.7
1248810 1967.7
1248820 1959.5
1248830 1951.9
1248840 1951.9
1248850 1944.3
1248860 1937.1
1248870 1930.5
1248880 1930.5
1248890 1924.0
1248900 1917.2
1248910 1917.2
1248920 1906.0
1248930 1893.7
1248940 1893.7
1248950 1877.4
1248960 1868.9
1248970 1868.9
1248980 1864.3
1248990 1861.0
1249000 1861.0
1249010 1860.1
1249020 1857.6
1249030 1857.6
1249040 1839.4
1249050 1825.6
1249060 1817.4
1249070 1817.4
1249080 1810.4
1249090 1805.9
1249100 1805.9
1249110 1802.1
1249120 1798.1
1249130 1798.1
1249140 1794.0
1249150 1788.8
1249160 1788.8
1249170 1783.8
1249180 1773.9
1249190 1773.9
1249200 1751.7
1249210 1733.9
1249220 1733.9
1249230 1717.6
1249240 1706.7
1249250 1706.7
1249260 1695.0
1249270 1683.6
1249280 1675.2
1249290 1675.2
1249300 1667.7
1249310 1659.9
1249320 1659.9
1249330 1651.5
1249340 1643.1
1249350 1643.1
1249360 1634.5
1249370 1626.1
1249380 1626.1
1249390 1618.4
1249400 1611.2
1249410 1611.2
1249420 1604.1
1249430 1597.2
1249440 1597.2
1249450 1590.8
1249460 1585.0
1249470 1585.0
1249480 1580.2
1249490 1575.9
1249500 1574.1
1249510 1574.1
1249520 1572.8
1249530 1572.1
1249540 1572.1
1249550 1571.7
1249560 1571.4
1249570 1571.4
1249580 1571.3
1249590 1571.3
1249600 1571.3
1249610 1571.4
1249620 1571.6
1249630 1571.6
1249640 1571.8
1249650 1570.4
1249660 1570.4
1249670 1572.2
1249680 1572.8
1249690 1573.2
1249700 1573.2
1249710 1573.9
1249720 1576.0
1249730 1576.0
1249740 1580.7
1249750 1584.8
1249760 1584.8
1249770 1584.3
1249780 1585.8
1249790 1585.8
1249800 1587.6
1249810 1589.4
1249820 1589.4
1249830 1591.5
1249840 1593.7
1249850 1593.7
1249860 1596.2
1249870 1598.8
1249880 1598.8
1249890 1601.4
1249900 1603.5
1249910 1606.1
1249920 1606.1
1249930 1608.6
1249940 1611.2
1249950 1611.2
1249960 1614.0
1249970 1616.8
1249980 1616.8
1249990 1619.9
1250000 1623.0
1250010 1623.0
1250020 1626.9
1250030 1630.8
1250040 1634.7
1250050 1639.0
1250060 1641.6
1250070 1641.6
1250080 1644.5
1250090 1648.4
1250100 1648.4
1250110 1653.5
1250120 1657.9
1250130 1658.2
1250140 1658.2
1250150 1659.6
1250160 1662.4
1250170 1662.4
1250180 1665.3
1250190 1668.7
1250200 1668.7
1250210 1673.4
1250220 1679.5
1250230 1679.5
1250240 1685.7
1250250 1692.3
1250260 1692.3
1250270 1700.6
1250280 1715.4
1250290 1715.4
1250300 1736.2
1250310 1753.7
1250320 1765.5
1250330 1765.5
1250340 1775.4
1250350 1784.9
1250360 1784.9
1250370 1794.3
1250380 1805.5
1250390 1805.5
1250400 1814.2
1250410 1823.0
1250420 1823.0
1250430 1832.4
1250440 1842.2
1250450 1842.2
1250460 1852.5
1250470 1864.8
1250480 1864.8
1250490 1873.1
1250500 1881.7
1250510 1881.7
1250520 1889.8
1250530 1896.8
1250540 1904.0
1250550 1904.0
1250560 1912.1
1250570 1920.7
1250580 1919.8
1250590 1928.0
1250600 1935.7
1250610 1935.7
1250620 1942.9
1250630 1949.8
1250640 1949.8
1250650 1956.9
1250660 1964.5
1250670 1964.5
1250680 1973.3
1250690 1985.9
1250700 1985.9
1250710 1996.9
1250720 2003.7
1250730 2003.7
1250740 2009.2
1250750 2015.0
1250760 2020.9
1250770 2020.9
1250780 2026.7
1250790 2032.9
1250800 2032.9
1250810 2039.5
1250820 2046.3
1250830 2046.3
1250840 2053.4
1250850 2060.1
1250860 2060.1
1250870 2065.8
1250880 2070.4
1250890 2070.4
1250900 2074.5
1250910 2077.6
1250920 2077.6
1250930 2080.1
1250940 2083.1
1250950 2086.0
1250960 2086.0
1250970 2088.7
1250980 2091.1
1250990 2091.1
1251000 2093.3
1251010 2095.4
1251020 2095.4
1251030 2097.4
1251040 2099.6
1251050 2099.6
1251060 2102.4
1251070 2105.0
1251080 2105.0
1251090 2107.2
1251100 2109.3
1251110 2109.3
1251120 2115.0
1251130 2117.8
1251140 2117.8
1251150 2120.6
1251160 2123.2
1251170 2125.2
1251180 2125.2
1251190 2127.5
1251200 2129.8
1251210 2129.8
1251220 2132.4
1251230 2135.4
1251240 2135.4
1251250 2138.9
1251260 2141.8
1251270 2141.8
1251280 2144.2
1251290 2146.4
1251300 2146.4
1251310 2148.7
1251320 2152.1
1251330 2152.1
1251340 2158.1
1251350 2167.8
1251360 2167.8
1251370 2176.9
1251380 2183.0
1251390 2190.7
1251400 2190.7
1251410 2197.7
1251420 2204.9
1251430 2204.9
1251440 2213.2
1251450 2221.7
1251460 2221.7
1251470 2229.9
1251480 2235.5
1251490 2235.5
1251500 2237.9
1251510 2238.8
1251520 2238.8
1251530 2241.2
1251540 2247.7
1251550 2247.7
1251560 2255.2
1251570 2263.0
1251580 2270.6
1251590 2270.6
1251600 2278.3
1251610 2284.8
1251620 2284.8
1251630 2290.9
1251640 2296.5
1251650 2296.5
1251660 2304.1
1251670 2309.9
1251680 2309.9
1251690 2315.7
1251700 2320.3
1251710 2320.3
1251720 2324.2
1251730 2327.8
1251740 2327.8
1251750 2331.8
1251760 2336.2
1251770 2336.2
1251780 2341.2
1251790 2346.7
1251800 2352.7
1251810 2352.7
1251820 2358.7
1251830 2363.6
1251840 2363.6
1251850 2366.4
1251860 2369.7
1251870 2369.7
1251880 2373.1
1251890 2376.5
1251900 2376.5
1251910 2378.2
1251920 2380.2
1251930 2380.2
1251940 2382.9
1251950 2388.1
1251960 2388.1
1251970 2393.6
1251980 2397.5
1251990 2397.5
1252000 2401.3
1252010 2406.2
1252020 2411.6
1252030 2411.6
1252040 2415.3
1252050 2418.9
1252060 2418.9
1252070 2423.1
1252080 2425.5
1252090 2425.5
1252100 2428.6
1252110 2433.3
1252120 2433.3
1252130 2438.6
1252140 2444.3
1252150 2444.3
1252160 2450.2
1252170 2456.4
1252180 2456.4
1252190 2462.9
1252200 2469.6
1252210 2476.5
1252220 2476.5
1252230 2484.8
1252240 2495.9
1252250 2495.9
1252260 2511.0
1252270 2522.6
1252280 2522.6
1252290 2537.9
1252300 2555.2
1252310 2555.2
1252320 2569.9
1252330 2583.1
1252340 2583.1
1252350 2593.9
1252360 2604.4
1252370 2604.4
1252380 2619.3
1252390 2635.4
1252400 2635.4
1252410 2647.4
1252420 2656.8
1252430 2668.5
1252440 2668.5
1252450 2679.2
1252460 2690.1
1252470 2690.1
1252480 2703.7
1252490 2714.0
1252500 2714.0
1252510 2725.4
1252520 2738.0
1252530 2738.0
1252540 2746.6
1252550 2755.4
1252560 2755.4
1252570 2769.2
1252580 2783.4
1252590 2783.4
1252600 2796.2
1252610 2799.9
1252620 2799.9
1252630 2794.5
1252640 2787.6
1252650 2780.6
1252660 2780.6
1252670 2773.7
1252680 2767.1
1252690 2767.1
1252700 2760.3
1252710 2752.7
1252720 2752.7
1252730 2748.4
1252740 2746.1
1252750 2745.7
1252760 2744.0
1252770 2742.7
1252780 2742.7
1252790 2741.5
1252800 2740.5
1252810 2740.5
1252820 2739.9
1252830 2739.2
1252840 2738.5
1252850 2738.5
1252860 2736.9
1252870 2733.7
1252880 2733.7
1252890 2730.3
1252900 2724.0
1252910 2724.0
1252920 2714.5
1252930 2704.3
1252940 2704.3
1252950 2692.9
1252960 2688.2
1252970 2688.2
1252980 2680.8
1252990 2673.6
1253000 2673.6
1253010 2668.3
1253020 2662.4
1253030 2662.4
1253040 2656.2
1253050 2650.6
1253060 2647.1
1253070 2647.1
1253080 2643.5
1253090 2637.8
1253100 2637.8
1253110 2633.5
1253120 2632.4
1253130 2632.4
1253140 2629.4
1253150 2626.5
1253160 2626.5
1253170 2623.5
1253180 2621.7
1253190 2621.7
1253200 2619.6
1253210 2617.4
1253220 2617.4
1253230 2614.5
1253240 2611.1
1253250 2607.5
1253260 2607.5
1253270 2603.5
1253280 2599.2
1253290 2599.2
1253300 2598.1
1253310 2593.7
1253320 2593.7
1253330 2589.6
1253340 2585.6
1253350 2585.6
1253360 2581.0
1253370 2576.2
1253380 2576.2
1253390 2571.5
1253400 2566.7
1253410 2566.7
1253420 2561.7
1253430 2557.0
1253440 2557.0
1253450 2552.4
1253460 2548.0
1253470 2544.6
1253480 2544.6
1253490 2541.8
1253500 2539.0
1253510 2539.0
1253520 2537.0
1253530 2534.4
1253540 2534.4
1253550 2532.1
1253560 2530.1
1253570 2530.1
1253580 2527.0
1253590 2525.1
1253600 2525.1
1253610 2525.1
1253620 2525.1
1253630 2525.1
1253640 2525.1
1253650 2524.5
1253660 2524.5
1253670 2523.3
1253680 2520.5
1253690 2516.2
1253700 2516.2
1253710 2511.8
1253720 2507.4
1253730 2507.4
1253740 2501.9
1253750 2497.1
1253760 2497.1
1253770 2493.4
1253780 2487.8
1253790 2487.8
1253800 2482.5
1253810 2479.4
1253820 2479.4
1253830 2476.3
1253840 2475.6
1253850 2473.3
1253860 2471.0
1253870 2469.3
1253880 2467.9
1253890 2467.9
1253900 2465.3
1253910 2462.7
1253920 2462.7
1253930 2460.5
1253940 2458.3
1253950 2458.3
1253960 2456.5
1253970 2452.4
1253980 2452.4
1253990 2449.3
1254000 2446.6
1254010 2446.6
1254020 2441.2
1254030 2434.6
1254040 2434.6
1254050 2430.9
1254060 2426.6
1254070 2426.6
1254080 2420.0
1254090 2414.2
1254100 2408.9
1254110 2408.9
1254120 2405.1
1254130 2400.0
1254140 2400.0
1254150 2395.9
1254160 2391.4
1254170 2391.4
1254180 2387.6
1254190 2384.3
1254200 2384.3
1254210 2379.7
1254220 2377.2
1254230 2377.2
1254240 2376.3
1254250 2375.2
1254260 2375.2
1254270 2373.5
1254280 2370.8
1254290 2370.8
1254300 2367.7
1254310 2364.7
1254320 2360.5
1254330 2360.5
1254340 2356.4
1254350 2351.8
1254360 2351.8
1254370 2346.1
1254380 2338.8
1254390 2338.8
1254400 2325.3
1254410 2314.4
1254420 2314.4
1254430 2305.5
1254440 2297.9
1254450 2297.9
1254460 2291.0
1254470 2284.1
1254480 2284.1
1254490 2276.8
1254500 2270.1
1254510 2264.2
1254520 2264.2
1254530 2262.0
1254540 2261.2
1254550 2261.2
1254560 2260.4
1254570 2259.2
1254580 2259.2
1254590 2257.8
1254600 2256.6
1254610 2256.6
1254620 2255.5
1254630 2254.5
1254640 2254.5
1254650 2253.7
1254660 2252.4
1254670 2252.4
1254680 2250.8
1254690 2249.4
1254700 2249.4
1254710 2248.0
1254720 2246.7
1254730 2245.4
1254740 2245.4
1254750 2244.0
1254760 2243.1
1254770 2243.1
1254780 2241.1
1254790 2239.3
1254800 2239.3
1254810 2237.5
1254820 2235.5
1254830 2235.5
1254840 2233.2
1254850 2231.5
1254860 2231.5
1254870 2230.4
1254880 2229.9
1254890 2229.9
1254900 2229.6
1254910 2229.6
1254920 2229.6
1254930 2228.5
1254940 2227.9
1254950 2230.0
1254960 2230.0
1254970 2227.5
1254980 2223.8
1254990 2223.8
1255000 2219.8
1255010 2215.3
1255020 2215.3
1255030 2211.0
1255040 2207.3
1255050 2207.3
1255060 2205.5
1255070 2204.6
1255080 2204.6
1255090 2204.9
1255100 2205.0
1255110 2205.0
1255120 2205.1
1255130 2204.7
1255140 2203.8
1255150 2203.8
1255160 2201.6
1255170 2198.3
1255180 2198.3
1255190 2194.6
1255200 2190.3
1255210 2190.3
1255220 2186.7
1255230 2183.4
1255240 2183.4
1255250 2179.6
1255260 2176.2
1255270 2176.2
1255280 2174.3
1255290 2174.5
1255300 2174.5
1255310 2176.5
1255320 2177.7
1255330 2177.7
1255340 2176.6
1255350 2173.7
1255360 2172.4
1255370 2172.4
1255380 2172.3
1255390 2171.9
1255400 2171.9
1255410 2172.1
1255420 2171.7
1255430 2171.7
1255440 2171.5
1255450 2172.0
1255460 2172.0
1255470 2172.8
1255480 2176.2
1255490 2176.2
1255500 2195.9
1255510 2210.7
1255520 2210.7
1255530 2223.5
1255540 2234.8
1255550 2234.8
1255560 2240.0
1255570 2231.0
1255580 2217.5
1255590 2217.5
1255600 2199.3
1255610 2187.4
1255620 2187.4
1255630 2178.9
1255640 2174.2
1255650 2174.2
1255660 2171.5
1255670 2173.4
1255680 2173.4
1255690 2173.5
1255700 2171.8
1255710 2171.8
1255720 2164.6
1255730 2149.2
1255740 2149.2
1255750 2137.1
1255760 2130.3
1255770 2120.3
1255780 2120.3
1255790 2103.1
1255800 2097.8
1255810 2097.8
1255820 2095.2
1255830 2093.8
1255840 2093.8
1255850 2094.3
1255860 2094.8
1255870 2094.8
1255880 2094.6
1255890 2092.4
1255900 2092.4
1255910 2089.1
1255920 2085.5
1255930 2085.5
1255940 2082.1
1255950 2079.6
1255960 2079.6
1255970 2076.0
1255980 2071.5
1255990 2067.0
1256000 2067.0
1256010 2063.8
1256020 2061.7
1256030 2061.7
1256040 2060.5
1256050 2064.8
1256060 2064.8
1256070 2063.0
1256080 2061.4
1256090 2061.4
1256100 2059.9
1256110 2059.6
1256120 2059.6
1256130 2059.5
1256140 2059.9
1256150 2059.9
1256160 2058.6
1256170 2056.9
1256180 2056.9
1256190 2054.9
1256200 2051.1
1256210 2046.5
1256220 2046.5
1256230 2042.1
1256240 2037.8
1256250 2037.8
1256260 2034.2
1256270 2031.0
1256280 2031.0
1256290 2028.6
1256300 2025.2
1256310 2025.2
1256320 2021.2
1256330 2017.6
1256340 2017.6
1256350 2014.3
1256360 2011.1
1256370 2011.1
1256380 2007.0
1256390 2003.3
1256400 2000.1
1256410 2000.1
1256420 1996.1
1256430 1991.7
1256440 1991.7
1256450 1984.1
1256460 1975.7
1256470 1975.7
1256480 1969.3
1256490 1965.9
1256500 1965.9
1256510 1963.4
1256520 1960.8
1256530 1960.8
1256540 1958.3
1256550 1955.5
1256560 1955.5
1256570 1952.1
1256580 1947.6
1256590 1947.6
1256600 1942.6
1256610 1938.9
1256620 1935.2
1256630 1935.2
1256640 1931.6
1256650 1928.3
1256660 1928.3
1256670 1924.6
1256680 1920.5
1256690 1920.5
1256700 1917.8
1256710 1914.3
1256720 1914.3
1256730 1909.2
1256740 1905.7
1256750 1905.7
1256760 1903.6
1256770 1901.2
1256780 1901.2
1256790 1898.3
1256800 1893.6
1256810 1893.6
1256820 1887.7
1256830 1881.5
1256840 1876.9
1256850 1876.9
1256860 1872.9
1256870 1869.0
1256880 1869.0
1256890 1864.9
1256900 1862.9
1256910 1862.9
1256920 1859.9
1256930 1854.4
1256940 1854.4
1256950 1847.7
1256960 1843.5
1256970 1843.5
1256980 1840.2
1256990 1843.8
1257000 1843.8
1257010 1849.2
1257020 1852.7
1257030 1852.2
1257040 1852.2
1257050 1849.4
1257060 1846.6
1257070 1846.6
1257080 1843.4
1257090 1840.9
1257100 1840.9
1257110 1837.9
1257120 1834.9
1257130 1834.9
1257140 1832.1
1257150 1829.0
1257160 1825.9
1257170 1822.1
1257180 1818.1
1257190 1818.1
1257200 1814.2
1257210 1810.8
1257220 1810.8
1257230 1807.9
1257240 1805.1
1257250 1801.5
1257260 1801.5
1257270 1796.8
1257280 1792.0
1257290 1792.0
1257300 1787.4
1257310 1780.3
1257320 1780.3
1257330 1771.9
1257340 1764.5
1257350 1764.5
1257360 1761.5
1257370 1766.0
1257380 1766.0
1257390 1762.0
1257400 1755.6
1257410 1755.6
1257420 1752.1
1257430 1752.0
1257440 1751.8
1257450 1751.8
1257460 1750.1
1257470 1743.6
1257480 1743.6
1257490 1737.2
1257500 1730.4
1257510 1730.4
1257520 1725.0
1257530 1718.4
1257540 1718.4
1257550 1716.2
1257560 1715.2
1257570 1715.2
1257580 1712.6
1257590 1709.3
1257600 1709.3
1257610 1706.7
1257620 1704.6
1257630 1704.6
1257640 1700.6
1257650 1696.0
1257660 1693.1
1257670 1693.1
1257680 1690.5
1257690 1687.2
1257700 1687.2
1257710 1684.9
1257720 1674.5
1257730 1674.5
1257740 1672.1
1257750 1669.9
1257760 1669.9
1257770 1664.9
1257780 1658.8
1257790 1658.8
1257800 1652.2
1257810 1643.1
1257820 1643.1
1257830 1631.7
1257840 1621.8
1257850 1621.8
1257860 1616.6
1257870 1613.4
1257880 1604.8
1257890 1604.8
1257900 1604.2
1257910 1603.8
1257920 1603.8
1257930 1598.5
1257940 1593.8
1257950 1593.8
1257960 1588.7
1257970 1584.4
1257980 1584.4
1257990 1580.1
1258000 1574.5
1258010 1574.5
1258020 1568.4
1258030 1562.4
1258040 1562.4
1258050 1556.6
1258060 1553.0
1258070 1547.4
1258080 1547.4
1258090 1543.7
1258100 1539.5
1258110 1539.5
1258120 1535.4
1258130 1531.5
1258140 1531.5
1258150 1527.8
1258160 1522.4
1258170 1522.4
1258180 1517.1
1258190 1511.8
1258200 1511.8
1258210 1506.3
1258220 1502.3
1258230 1502.3
1258240 1497.9
1258250 1494.7
1258260 1494.7
1258270 1493.1
1258280 1488.4
1258290 1487.3
1258300 1487.3
1258310 1486.4
1258320 1486.2
1258330 1486.2
1258340 1485.0
1258350 1482.8
1258360 1482.8
1258370 1480.9
1258380 1478.7
1258390 1478.7
1258400 1476.8
1258410 1475.5
1258420 1475.5
1258430 1474.3
1258440 1473.1
1258450 1473.1
1258460 1471.4
1258470 1469.6
1258480 1469.6
1258490 1467.6
1258500 1465.7
1258510 1463.9
1258520 1463.9
1258530 1462.4
1258540 1461.0
1258550 1461.0
1258560 1459.4
1258570 1457.8
1258580 1457.8
1258590 1456.2
1258600 1454.6
1258610 1454.6
1258620 1453.1
1258630 1451.5
1258640 1451.5
1258650 1450.0
1258660 1448.8
1258670 1448.8
1258680 1447.5
1258690 1446.2
1258700 1444.8
1258710 1444.8
1258720 1443.0
1258730 1441.3
1258740 1441.3
1258750 1440.7
1258760 1442.0
1258770 1442.0
1258780 1443.2
1258790 1446.0
1258800 1446.0
1258810 1451.5
1258820 1453.8
1258830 1453.8
1258840 1455.7
1258850 1455.6
1258860 1455.6
1258870 1458.5
1258880 1462.8
1258890 1462.8
1258900 1467.3
1258910 1472.3
1258920 1478.0
1258930 1478.0
1258940 1481.8
1258950 1485.7
1258960 1485.7
1258970 1489.7
1258980 1493.5
1258990 1493.5
1259000 1497.7
1259010 1502.1
1259020 1502.1
1259030 1505.7
1259040 1509.6
1259050 1509.6
1259060 1513.8
1259070 1518.2
1259080 1518.2
1259090 1522.6
1259100 1525.6
1259110 1525.6
1259120 1527.6
1259130 1529.1
1259140 1529.2
1259150 1529.2
1259160 1529.4
1259170 1533.9
1259180 1533.9
1259190 1537.5
1259200 1538.5
1259210 1538.5
1259220 1541.1
1259230 1544.6
1259240 1544.6
1259250 1547.0
1259260 1551.8
1259270 1551.8
1259280 1557.6
1259290 1565.1
1259300 1565.1
1259310 1571.1
1259320 1575.1
1259330 1579.1
1259340 1579.1
1259350 1587.8
1259360 1600.8
1259370 1600.8
1259380 1609.9
1259390 1613.1
1259400 1620.7
1259410 1619.6
1259420 1619.3
1259430 1619.3
1259440 1619.2
1259450 1618.5
1259460 1618.5
1259470 1623.2
1259480 1629.3
1259490 1629.3
1259500 1635.6
1259510 1644.5
1259520 1644.5
1259530 1649.7
1259540 1654.1
1259550 1656.6
1259560 1656.6
1259570 1657.1
1259580 1655.7
1259590 1655.7
1259600 1657.1
1259610 1659.3
1259620 1659.3
1259630 1661.9
1259640 1661.4
1259650 1661.4
1259660 1654.9
1259670 1647.1
1259680 1647.1
1259690 1644.0
1259700 1646.1
1259710 1646.1
1259720 1653.7
1259730 1660.5
1259740 1660.5
1259750 1663.2
1259760 1664.6
1259770 1666.0
1259780 1666.0
1259790 1668.3
1259800 1671.5
1259810 1671.5
1259820 1675.6
1259830 1679.8
1259840 1679.8
1259850 1682.4
1259860 1686.8
1259870 1686.8
1259880 1691.9
1259890 1697.0
1259900 1697.0
1259910 1702.6
1259920 1708.7
1259930 1708.7
1259940 1715.6
1259950 1722.6
1259960 1728.8
1259970 1731.0
1259980 1737.5
1259990 1744.3
