1240000 2409.3
1240010 2407.9
1240020 2404.6
1240030 2404.6
1240040 2401.4
1240050 2397.9
1240060 2397.9
1240070 2394.9
1240080 2390.2
1240090 2390.2
1240100 2385.2
1240110 2377.1
1240120 2372.1
1240130 2372.1
1240140 2368.7
1240150 2366.0
1240160 2366.0
1240170 2364.8
1240180 2364.5
1240190 2364.5
1240200 2363.6
1240210 2361.8
1240220 2361.8
1240230 2358.7
1240240 2352.0
1240250 2352.0
1240260 2343.0
1240270 2333.7
1240280 2333.7
1240290 2328.9
1240300 2330.0
1240310 2338.6
1240320 2338.6
1240330 2341.3
1240340 2338.4
1240350 2338.4
1240360 2337.5
1240370 2341.8
1240380 2341.8
1240390 2348.1
1240400 2345.7
1240410 2345.7
1240420 2341.3
1240430 2337.7
1240440 2337.7
1240450 2333.7
1240460 2330.2
1240470 2330.2
1240480 2326.5
1240490 2320.3
1240500 2320.3
1240510 2313.6
1240520 2306.9
1240530 2303.8
1240540 2303.8
1240550 2303.4
1240560 2294.5
1240570 2294.5
1240580 2287.1
1240590 2283.0
1240600 2283.0
1240610 2276.9
1240620 2270.8
1240630 2266.6
1240640 2261.5
1240650 2256.8
1240660 2256.8
1240670 2251.8
1240680 2246.1
1240690 2246.1
1240700 2239.1
1240710 2233.3
1240720 2233.3
1240730 2230.1
1240740 2227.3
1240750 2221.4
1240760 2221.4
1240770 2218.3
1240780 2216.4
1240790 2216.4
1240800 2218.5
1240810 2218.5
1240820 2218.5
1240830 2226.7
1240840 2225.2
1240850 2225.2
1240860 2221.0
1240870 2217.8
1240880 2217.8
1240890 2214.9
1240900 2213.3
1240910 2213.3
1240920 2211.0
1240930 2207.5
1240940 2205.1
1240950 2205.1
1240960 2208.3
1240970 2212.8
1240980 2212.8
1240990 2216.8
1241000 2220.0
1241010 2220.0
1241020 2222.1
1241030 2223.9
1241040 2223.9
1241050 2225.5
1241060 2227.0
1241070 2227.0
1241080 2228.4
1241090 2229.8
1241100 2229.8
1241110 2230.7
1241120 2231.1
1241130 2231.1
1241140 2231.3
1241150 2229.5
1241160 2229.8
1241170 2229.8
1241180 2230.1
1241190 2230.4
1241200 2230.4
1241210 2229.5
1241220 2229.8
1241230 2229.8
1241240 2230.3
1241250 2231.2
1241260 2231.2
1241270 2234.9
1241280 2238.2
1241290 2238.2
1241300 2241.1
1241310 2242.1
1241320 2242.1
1241330 2242.1
1241340 2242.6
1241350 2242.6
1241360 2243.4
1241370 2244.1
1241380 2242.8
1241390 2242.8
1241400 2240.5
1241410 2237.8
1241420 2237.8
1241430 2236.1
1241440 2238.6
1241450 2238.6
1241460 2237.4
1241470 2233.0
1241480 2233.0
1241490 2233.1
1241500 2234.6
1241510 2234.6
1241520 2236.0
1241530 2236.6
1241540 2236.6
1241550 2235.3
1241560 2232.9
1241570 2228.8
1241580 2228.8
1241590 2221.9
1241600 2216.1
1241610 2216.1
1241620 2210.6
1241630 2204.6
1241640 2204.6
1241650 2198.3
1241660 2192.4
1241670 2188.9
1241680 2183.8
1241690 2179.8
1241700 2179.8
1241710 2176.5
1241720 2174.1
1241730 2174.1
1241740 2171.8
1241750 2169.2
1241760 2169.2
1241770 2166.8
1241780 2164.0
1241790 2160.0
1241800 2160.0
1241810 2153.8
1241820 2147.1
1241830 2147.1
1241840 2141.5
1241850 2135.6
1241860 2135.6
1241870 2131.5
1241880 2127.5
1241890 2127.5
1241900 2123.2
1241910 2119.4
1241920 2119.4
1241930 2116.1
1241940 2114.7
1241950 2114.7
1241960 2113.6
1241970 2113.2
1241980 2113.2
1241990 2112.8
1242000 2110.3
1242010 2106.8
1242020 2106.8
1242030 2102.6
1242040 2100.3
1242050 2100.3
1242060 2099.0
1242070 2098.0
1242080 2098.0
1242090 2098.0
1242100 2097.0
1242110 2097.0
1242120 2095.4
1242130 2092.8
1242140 2092.8
1242150 2090.9
1242160 2090.1
1242170 2090.1
1242180 2088.5
1242190 2078.5
1242200 2078.5
1242210 2076.1
1242220 2073.8
1242230 2070.5
1242240 2070.5
1242250 2068.9
1242260 2067.1
1242270 2067.1
1242280 2063.8
1242290 2058.4
1242300 2058.4
1242310 2053.4
1242320 2050.4
1242330 2050.4
1242340 2046.2
1242350 2040.0
1242360 2040.0
1242370 2034.8
1242380 2031.7
1242390 2031.7
1242400 2031.2
1242410 2030.4
1242420 2029.5
1242430 2029.5
1242440 2029.6
1242450 2028.8
1242460 2028.8
1242470 2027.7
1242480 2026.4
1242490 2026.4
1242500 2025.7
1242510 2025.4
1242520 2025.4
1242530 2021.2
1242540 2016.8
1242550 2016.8
1242560 2016.0
1242570 2016.8
1242580 2016.8
1242590 2010.8
1242600 2002.5
1242610 2002.5
1242620 1993.3
1242630 1986.2
1242640 1976.5
1242650 1976.5
1242660 1972.2
1242670 1967.2
1242680 1967.2
1242690 1955.0
1242700 1947.7
1242710 1937.1
1242720 1934.5
1242730 1930.3
1242740 1930.3
1242750 1927.4
1242760 1928.2
1242770 1928.2
1242780 1930.0
1242790 1930.3
1242800 1930.3
1242810 1926.9
1242820 1926.7
1242830 1926.7
1242840 1926.4
1242850 1925.7
1242860 1924.7
1242870 1924.7
1242880 1921.3
1242890 1916.2
1242900 1916.2
1242910 1913.1
1242920 1910.6
1242930 1910.6
1242940 1907.6
1242950 1905.5
1242960 1905.5
1242970 1904.8
1242980 1901.8
1242990 1901.8
1243000 1899.3
1243010 1897.3
1243020 1897.3
1243030 1894.9
1243040 1892.6
1243050 1889.8
1243060 1889.8
1243070 1886.9
1243080 1884.0
1243090 1884.0
1243100 1879.9
1243110 1876.4
1243120 1876.4
1243130 1874.8
1243140 1875.9
1243150 1875.9
1243160 1877.3
1243170 1877.3
1243180 1877.3
1243190 1876.2
1243200 1872.9
1243210 1872.9
1243220 1868.4
1243230 1863.2
1243240 1857.3
1243250 1850.9
1243260 1845.3
1243270 1839.9
1243280 1839.9
1243290 1835.6
1243300 1831.0
1243310 1831.0
1243320 1826.2
1243330 1822.1
1243340 1822.1
1243350 1821.9
1243360 1825.4
1243370 1825.4
1243380 1824.5
1243390 1818.3
1243400 1818.3
1243410 1813.1
1243420 1814.1
1243430 1814.1
1243440 1813.6
1243450 1813.1
1243460 1813.1
1243470 1811.7
1243480 1810.4
1243490 1813.8
1243500 1813.8
1243510 1816.7
1243520 1817.7
1243530 1817.7
1243540 1819.6
1243550 1820.6
1243560 1820.6
1243570 1818.9
1243580 1808.0
1243590 1808.0
1243600 1797.4
1243610 1797.5
1243620 1797.5
1243630 1796.3
1243640 1793.1
1243650 1793.1
1243660 1789.4
1243670 1783.6
1243680 1779.5
1243690 1779.5
1243700 1775.5
1243710 1772.7
1243720 1772.7
1243730 1769.2
1243740 1767.5
1243750 1767.5
1243760 1766.2
1243770 1755.1
1243780 1755.1
1243790 1753.3
1243800 1753.2
1243810 1753.2
1243820 1752.4
1243830 1750.2
1243840 1750.2
1243850 1750.1
1243860 1750.9
1243870 1750.9
1243880 1753.1
1243890 1753.6
1243900 1753.0
1243910 1753.0
1243920 1752.2
1243930 1748.6
1243940 1748.6
1243950 1742.0
1243960 1733.6
1243970 1733.6
1243980 1726.4
1243990 1724.7
1244000 1724.7
1244010 1732.3
1244020 1735.0
1244030 1735.0
1244040 1738.7
1244050 1743.4
1244060 1743.4
1244070 1750.4
1244080 1754.0
1244090 1754.0
1244100 1754.3
1244110 1753.0
1244120 1753.3
1244130 1753.3
1244140 1757.5
1244150 1760.0
1244160 1760.0
1244170 1761.8
1244180 1767.6
1244190 1767.6
1244200 1776.0
1244210 1781.3
1244220 1781.3
1244230 1784.6
1244240 1789.1
1244250 1789.1
1244260 1798.0
1244270 1804.6
1244280 1804.6
1244290 1789.7
1244300 1791.6
1244310 1795.1
1244320 1795.1
1244330 1798.6
1244340 1806.0
1244350 1806.0
1244360 1811.2
1244370 1810.2
1244380 1810.2
1244390 1808.0
1244400 1805.9
1244410 1805.9
1244420 1804.6
1244430 1802.5
1244440 1802.5
1244450 1800.3
1244460 1803.2
1244470 1803.2
1244480 1811.3
1244490 1819.4
1244500 1819.4
1244510 1835.4
1244520 1850.6
1244530 1859.0
1244540 1859.0
1244550 1856.6
1244560 1850.6
1244570 1850.6
1244580 1850.3
1244590 1846.8
1244600 1846.8
1244610 1843.0
1244620 1844.8
1244630 1844.8
1244640 1848.9
1244650 1863.3
1244660 1863.3
1244670 1877.6
1244680 1890.9
1244690 1890.9
1244700 1894.3
1244710 1901.3
1244720 1901.3
1244730 1912.4
1244740 1911.2
1244750 1900.0
1244760 1900.0
1244770 1888.4
1244780 1888.7
1244790 1888.7
1244800 1891.8
1244810 1891.9
1244820 1877.1
1244830 1888.6
1244840 1909.8
1244850 1909.8
1244860 1922.0
1244870 1924.0
1244880 1924.0
1244890 1924.1
1244900 1923.0
1244910 1923.0
1244920 1920.8
1244930 1918.0
1244940 1915.3
1244950 1915.3
1244960 1912.8
1244970 1909.0
1244980 1909.0
1244990 1905.2
1245000 1903.4
1245010 1903.4
1245020 1901.2
1245030 1898.7
1245040 1898.7
1245050 1893.7
1245060 1887.5
1245070 1887.5
1245080 1883.4
1245090 1879.2
1245100 1879.2
1245110 1875.3
1245120 1871.6
1245130 1871.6
1245140 1867.7
1245150 1862.8
1245160 1858.3
1245170 1858.3
1245180 1853.6
1245190 1848.0
1245200 1848.0
1245210 1842.4
1245220 1838.1
1245230 1838.1
1245240 1834.3
1245250 1829.2
1245260 1829.2
1245270 1822.1
1245280 1816.9
1245290 1816.9
1245300 1811.0
1245310 1808.4
1245320 1808.4
1245330 1808.0
1245340 1807.7
1245350 1793.3
1245360 1791.5
1245370 1788.7
1245380 1784.4
1245390 1784.4
1245400 1775.9
1245410 1771.4
1245420 1771.4
1245430 1766.8
1245440 1761.4
1245450 1761.4
1245460 1756.8
1245470 1752.5
1245480 1752.5
1245490 1749.8
1245500 1747.9
1245510 1747.9
1245520 1743.9
1245530 1740.3
1245540 1740.3
1245550 1734.6
1245560 1727.8
1245570 1720.8
1245580 1720.8
1245590 1713.7
1245600 1707.7
1245610 1707.7
1245620 1702.8
1245630 1697.8
1245640 1697.8
1245650 1692.3
1245660 1685.5
1245670 1685.5
1245680 1679.9
1245690 1676.8
1245700 1676.8
1245710 1672.5
1245720 1665.6
1245730 1665.6
1245740 1651.9
1245750 1650.0
1245760 1650.0
1245770 1657.8
1245780 1656.0
1245790 1651.0
1245800 1651.0
1245810 1646.1
1245820 1640.4
1245830 1640.4
1245840 1636.5
1245850 1633.8
1245860 1633.8
1245870 1629.0
1245880 1617.6
1245890 1617.6
1245900 1612.3
1245910 1605.9
1245920 1605.9
1245930 1600.4
1245940 1597.6
1245950 1597.6
1245960 1594.4
1245970 1590.0
1245980 1590.0
1245990 1583.4
1246000 1576.0
1246010 1570.5
1246020 1570.5
1246030 1564.9
1246040 1557.9
1246050 1557.9
1246060 1551.6
1246070 1546.4
1246080 1546.4
1246090 1540.2
1246100 1535.0
1246110 1535.0
1246120 1531.8
1246130 1527.6
1246140 1527.6
1246150 1521.1
1246160 1513.9
1246170 1513.9
1246180 1510.1
1246190 1509.1
1246200 1504.9
1246210 1504.9
1246220 1500.0
1246230 1497.8
1246240 1497.8
1246250 1495.3
1246260 1490.4
1246270 1490.4
1246280 1487.1
1246290 1485.2
1246300 1485.2
1246310 1483.3
1246320 1482.2
1246330 1482.2
1246340 1481.5
1246350 1479.7
1246360 1479.7
1246370 1477.5
1246380 1476.5
1246390 1476.5
1246400 1478.4
1246410 1474.4
1246420 1472.7
1246430 1472.7
1246440 1470.3
1246450 1467.4
1246460 1467.4
1246470 1465.2
1246480 1463.7
1246490 1463.7
1246500 1462.5
1246510 1461.3
1246520 1461.3
1246530 1460.4
1246540 1460.2
1246550 1460.2
1246560 1461.1
1246570 1463.6
1246580 1463.6
1246590 1466.9
1246600 1469.2
1246610 1469.2
1246620 1472.0
1246630 1474.0
1246640 1475.8
1246650 1475.8
1246660 1476.3
1246670 1476.7
1246680 1476.7
1246690 1476.9
1246700 1477.0
1246710 1477.0
1246720 1476.9
1246730 1477.3
1246740 1477.3
1246750 1476.7
1246760 1476.0
1246770 1476.0
1246780 1475.3
1246790 1470.3
1246800 1470.3
1246810 1467.4
1246820 1471.0
1246830 1472.7
1246840 1472.7
1246850 1471.4
1246860 1470.7
1246870 1470.7
1246880 1469.7
1246890 1468.4
1246900 1468.4
1246910 1467.8
1246920 1465.2
1246930 1465.2
1246940 1469.4
1246950 1473.9
1246960 1473.9
1246970 1480.3
1246980 1487.4
1246990 1487.4
1247000 1494.1
1247010 1490.3
1247020 1490.3
1247030 1491.6
1247040 1496.1
1247050 1497.2
1247060 1497.2
1247070 1496.4
1247080 1497.8
1247090 1497.8
1247100 1500.3
1247110 1503.4
1247120 1503.4
1247130 1508.3
1247140 1512.0
1247150 1512.0
1247160 1515.6
1247170 1519.9
1247180 1519.9
1247190 1518.0
1247200 1517.7
1247210 1517.7
1247220 1520.5
1247230 1523.1
1247240 1523.1
1247250 1525.6
1247260 1526.3
1247270 1527.4
1247280 1527.4
1247290 1535.7
1247300 1548.6
1247310 1548.6
1247320 1555.4
1247330 1556.2
1247340 1556.2
1247350 1559.5
1247360 1561.3
1247370 1561.3
1247380 1561.6
1247390 1558.4
1247400 1558.4
1247410 1555.2
1247420 1551.4
1247430 1551.4
1247440 1551.0
1247450 1553.7
1247460 1558.5
1247470 1558.5
1247480 1573.7
1247490 1581.2
1247500 1581.2
1247510 1584.0
1247520 1588.1
1247530 1588.1
1247540 1593.0
1247550 1594.5
1247560 1594.5
1247570 1599.6
1247580 1609.2
1247590 1609.2
1247600 1615.8
1247610 1617.2
1247620 1617.2
1247630 1618.4
1247640 1618.8
1247650 1618.8
1247660 1618.8
1247670 1629.7
1247680 1644.1
1247690 1644.1
1247700 1645.0
1247710 1640.2
1247720 1640.2
1247730 1637.7
1247740 1638.8
1247750 1638.8
1247760 1646.2
1247770 1648.0
1247780 1648.0
1247790 1645.2
1247800 1648.1
1247810 1648.1
1247820 1655.0
1247830 1660.6
1247840 1660.6
1247850 1662.8
1247860 1661.8
1247870 1661.8
1247880 1665.6
1247890 1664.7
1247900 1660.3
1247910 1660.3
1247920 1662.9
1247930 1678.6
1247940 1678.6
1247950 1684.4
1247960 1686.1
1247970 1686.1
1247980 1693.3
1247990 1694.5
1248000 1694.5
1248010 1709.1
1248020 1710.1
1248030 1710.1
1248040 1714.8
1248050 1715.9
1248060 1715.9
1248070 1707.2
1248080 1703.6
1248090 1696.2
1248100 1696.2
1248110 1693.2
1248120 1701.9
1248130 1701.9
1248140 1715.0
1248150 1724.6
1248160 1724.6
1248170 1726.4
1248180 1736.7
1248190 1736.7
1248200 1751.3
1248210 1768.2
1248220 1768.2
1248230 1777.8
1248240 1781.6
1248250 1781.6
1248260 1765.5
1248270 1750.0
1248280 1750.0
1248290 1757.4
1248300 1750.4
1248310 1743.0
1248320 1743.0
1248330 1739.5
1248340 1734.1
1248350 1734.1
1248360 1718.2
1248370 1722.2
1248380 1722.2
1248390 1732.9
1248400 1743.8
1248410 1743.8
1248420 1748.8
1248430 1758.3
1248440 1758.3
1248450 1772.3
1248460 1769.5
1248470 1769.5
1248480 1752.6
1248490 1735.6
1248500 1735.6
1248510 1735.0
1248520 1746.8
1248530 1751.0
1248540 1751.0
1248550 1783.7
1248560 1795.5
1248570 1795.5
1248580 1802.2
1248590 1790.5
1248600 1790.5
1248610 1770.3
1248620 1772.5
1248630 1772.5
1248640 1792.2
1248650 1805.7
1248660 1805.7
1248670 1813.1
1248680 1813.5
1248690 1813.5
1248700 1800.7
1248710 1778.9
1248720 1764.0
1248730 1764.0
1248740 1744.0
1248750 1730.6
1248760 1730.6
1248770 1734.6
1248780 1745.8
1248790 1745.8
1248800 1753.1
1248810 1756.9
1248820 1756.9
1248830 1757.9
1248840 1751.9
1248850 1751.9
1248860 1757.8
1248870 1768.1
1248880 1768.1
1248890 1769.9
1248900 1769.0
1248910 1769.0
1248920 1764.9
1248930 1759.8
1248940 1761.2
1248950 1761.2
1248960 1767.0
1248970 1774.9
1248980 1774.9
1248990 1770.6
1249000 1760.7
1249010 1760.7
1249020 1751.6
1249030 1751.8
1249040 1751.8
1249050 1753.1
1249060 1749.6
1249070 1749.6
1249080 1756.8
1249090 1749.3
1249100 1749.3
1249110 1738.8
1249120 1728.2
1249130 1728.2
1249140 1718.3
1249150 1711.1
1249160 1699.1
1249170 1699.1
1249180 1670.1
1249190 1661.9
1249200 1661.9
1249210 1664.9
1249220 1668.0
1249230 1668.0
1249240 1664.9
1249250 1657.8
1249260 1657.8
1249270 1646.7
1249280 1645.7
1249290 1645.7
1249300 1650.5
1249310 1653.1
1249320 1653.1
1249330 1653.9
1249340 1654.8
1249350 1653.1
1249360 1653.1
1249370 1650.0
1249380 1642.4
1249390 1642.4
1249400 1634.7
1249410 1622.9
1249420 1622.9
1249430 1610.7
1249440 1600.6
1249450 1600.6
1249460 1589.9
1249470 1578.0
1249480 1578.0
1249490 1569.5
1249500 1562.7
1249510 1562.7
1249520 1556.7
1249530 1552.1
1249540 1552.1
1249550 1548.2
1249560 1547.1
1249570 1550.0
1249580 1550.0
1249590 1555.2
1249600 1562.1
1249610 1562.1
1249620 1568.0
1249630 1571.7
1249640 1571.7
1249650 1574.0
1249660 1576.0
1249670 1576.0
1249680 1578.0
1249690 1579.9
1249700 1579.9
1249710 1581.6
1249720 1583.6
1249730 1583.6
1249740 1585.8
1249750 1588.1
1249760 1588.1
1249770 1590.7
1249780 1593.4
1249790 1596.4
1249800 1596.4
1249810 1599.4
1249820 1602.8
1249830 1602.8
1249840 1606.7
1249850 1610.3
1249860 1610.3
1249870 1614.2
1249880 1618.0
1249890 1618.0
1249900 1621.7
1249910 1625.3
1249920 1625.3
1249930 1628.0
1249940 1632.1
1249950 1632.1
1249960 1635.9
1249970 1639.4
1249980 1639.4
1249990 1643.0
1250000 1647.4
1250010 1651.5
1250020 1651.5
1250030 1655.2
1250040 1661.3
1250050 1661.3
1250060 1668.8
1250070 1675.8
1250080 1675.8
1250090 1682.7
1250100 1690.5
1250110 1690.5
1250120 1698.0
1250130 1705.3
1250140 1705.3
1250150 1711.8
1250160 1713.7
1250170 1713.7
1250180 1718.1
1250190 1723.9
1250200 1731.3
1250210 1731.3
1250220 1738.8
1250230 1745.4
1250240 1745.4
1250250 1751.5
1250260 1757.0
1250270 1757.0
1250280 1761.4
1250290 1765.5
1250300 1765.5
1250310 1768.6
1250320 1771.7
1250330 1771.7
1250340 1775.7
1250350 1780.7
1250360 1780.7
1250370 1785.8
1250380 1791.1
1250390 1791.1
1250400 1796.4
1250410 1801.9
1250420 1807.5
1250430 1807.5
1250440 1813.1
1250450 1818.9
1250460 1818.9
1250470 1824.4
1250480 1830.0
1250490 1830.0
1250500 1835.6
1250510 1841.4
1250520 1841.4
1250530 1847.9
1250540 1854.4
1250550 1854.4
1250560 1860.8
1250570 1867.4
1250580 1867.4
1250590 1874.5
1250600 1881.8
1250610 1881.8
1250620 1889.3
1250630 1896.7
1250640 1904.0
1250650 1904.0
1250660 1911.4
1250670 1919.4
1250680 1919.4
1250690 1928.6
1250700 1949.3
1250710 1949.3
1250720 1960.0
1250730 1963.6
1250740 1963.6
1250750 1963.6
1250760 1968.3
1250770 1968.3
1250780 1976.9
1250790 1988.0
1250800 1988.0
1250810 2001.2
1250820 2018.2
1250830 2034.0
1250840 2034.0
1250850 2045.3
1250860 2053.5
1250870 2053.5
1250880 2060.1
1250890 2066.7
1250900 2066.7
1250910 2073.7
1250920 2078.8
1250930 2078.8
1250940 2086.4
1250950 2092.4
1250960 2092.4
1250970 2097.1
1250980 2103.8
1250990 2103.8
1251000 2111.2
1251010 2118.7
1251020 2118.7
1251030 2126.5
1251040 2134.1
1251050 2140.1
1251060 2140.1
1251070 2144.6
1251080 2149.4
1251090 2149.4
1251100 2156.4
1251110 2163.3
1251120 2163.3
1251130 2170.5
1251140 2175.9
1251150 2175.9
1251160 2181.6
1251170 2187.5
1251180 2187.5
1251190 2193.2
1251200 2199.9
1251210 2199.9
1251220 2207.1
1251230 2214.0
1251240 2213.9
1251250 2221.4
1251260 2227.7
1251270 2233.7
1251280 2233.7
1251290 2240.3
1251300 2247.3
1251310 2247.3
1251320 2254.5
1251330 2262.5
1251340 2262.5
1251350 2271.2
1251360 2280.4
1251370 2280.4
1251380 2288.8
1251390 2295.6
1251400 2295.6
1251410 2303.6
1251420 2313.2
1251430 2313.2
1251440 2322.0
1251450 2328.5
1251460 2335.5
1251470 2335.5
1251480 2338.9
1251490 2343.1
1251500 2343.1
1251510 2347.1
1251520 2350.6
1251530 2350.6
1251540 2354.2
1251550 2358.2
1251560 2358.2
1251570 2363.7
1251580 2370.6
1251590 2370.6
1251600 2379.8
1251610 2391.3
1251620 2391.3
1251630 2400.5
1251640 2406.5
1251650 2406.5
1251660 2414.4
1251670 2424.3
1251680 2434.6
1251690 2434.6
1251700 2446.2
1251710 2459.5
1251720 2459.5
1251730 2474.8
1251740 2484.3
1251750 2484.3
1251760 2489.7
1251770 2498.3
1251780 2498.3
1251790 2501.6
1251800 2507.7
1251810 2507.7
1251820 2517.2
1251830 2529.8
1251840 2529.8
1251850 2530.1
1251860 2528.6
1251870 2528.6
1251880 2529.5
1251890 2535.0
1251900 2540.9
1251910 2540.9
1251920 2537.6
1251930 2535.7
1251940 2535.7
1251950 2540.8
1251960 2552.2
1251970 2552.2
1251980 2566.8
1251990 2578.7
1252000 2578.7
1252010 2588.0
1252020 2601.0
1252030 2601.0
1252040 2615.1
1252050 2623.4
1252060 2623.4
1252070 2630.4
1252080 2635.8
1252090 2643.0
1252100 2643.0
1252110 2646.8
1252120 2649.3
1252130 2649.3
1252140 2649.8
1252150 2653.6
1252160 2653.6
1252170 2658.6
1252180 2659.2
1252190 2659.2
1252200 2661.3
1252210 2663.3
1252220 2663.3
1252230 2669.5
1252240 2675.3
1252250 2675.3
1252260 2677.8
1252270 2685.5
1252280 2685.5
1252290 2697.6
1252300 2706.7
1252310 2714.4
1252320 2714.4
1252330 2721.9
1252340 2735.6
1252350 2735.6
1252360 2744.9
1252370 2751.0
1252380 2751.0
1252390 2760.6
1252400 2768.2
1252410 2768.2
1252420 2771.0
1252430 2770.5
1252440 2770.5
1252450 2769.0
1252460 2773.1
1252470 2773.1
1252480 2780.6
1252490 2788.3
1252500 2788.3
1252510 2798.1
1252520 2808.9
1252530 2818.8
1252540 2818.8
1252550 2825.0
1252560 2833.8
1252570 2833.8
1252580 2841.6
1252590 2850.4
1252600 2850.4
1252610 2859.7
1252620 2866.6
1252630 2866.6
1252640 2876.5
1252650 2885.3
1252660 2885.3
1252670 2885.8
1252680 2885.3
1252690 2885.3
1252700 2886.2
1252710 2886.4
1252720 2885.9
1252730 2885.9
1252740 2882.9
1252750 2880.5
1252760 2880.5
1252770 2878.7
1252780 2878.4
1252790 2878.4
1252800 2878.3
1252810 2881.5
1252820 2881.5
1252830 2883.4
1252840 2884.2
1252850 2884.2
1252860 2878.7
1252870 2875.2
1252880 2865.0
1252890 2859.8
1252900 2859.9
1252910 2859.9
1252920 2861.7
1252930 2862.3
1252940 2857.7
1252950 2857.7
1252960 2851.6
1252970 2845.6
1252980 2845.6
1252990 2841.4
1253000 2835.6
1253010 2835.6
1253020 2831.0
1253030 2825.1
1253040 2825.1
1253050 2818.0
1253060 2812.0
1253070 2812.0
1253080 2808.5
1253090 2807.0
1253100 2807.0
1253110 2800.8
1253120 2789.7
1253130 2789.7
1253140 2781.1
1253150 2777.9
1253160 2773.6
1253170 2773.6
1253180 2768.7
1253190 2768.3
1253200 2768.3
1253210 2773.7
1253220 2781.0
1253230 2781.0
1253240 2789.1
1253250 2786.8
1253260 2786.8
1253270 2778.1
1253280 2769.9
1253290 2769.9
1253300 2760.4
1253310 2754.8
1253320 2754.8
1253330 2759.5
1253340 2768.7
1253350 2775.3
1253360 2775.3
1253370 2771.1
1253380 2763.8
1253390 2763.8
1253400 2762.0
1253410 2758.9
1253420 2745.8
1253430 2745.3
1253440 2747.1
1253450 2747.1
1253460 2742.0
1253470 2736.3
1253480 2736.3
1253490 2729.5
1253500 2725.9
1253510 2725.9
1253520 2722.4
1253530 2719.7
1253540 2719.7
1253550 2721.6
1253560 2721.8
1253570 2717.6
1253580 2717.6
1253590 2714.7
1253600 2716.1
1253610 2716.1
1253620 2715.9
1253630 2719.8
1253640 2719.8
1253650 2720.7
1253660 2724.1
1253670 2724.1
1253680 2721.7
1253690 2716.5
1253700 2716.5
1253710 2713.0
1253720 2711.7
1253730 2711.7
1253740 2713.7
1253750 2713.9
1253760 2713.9
1253770 2717.4
1253780 2715.8
1253790 2709.4
1253800 2709.4
1253810 2707.5
1253820 2704.7
1253830 2704.7
1253840 2701.5
1253850 2695.0
1253860 2695.0
1253870 2688.4
1253880 2687.3
1253890 2687.3
1253900 2682.8
1253910 2676.8
1253920 2676.8
1253930 2680.6
1253940 2691.8
1253950 2691.8
1253960 2696.6
1253970 2685.9
1253980 2687.8
1253990 2687.8
1254000 2686.2
1254010 2682.3
1254020 2682.3
1254030 2675.0
1254040 2667.0
1254050 2667.0
1254060 2658.9
1254070 2650.8
1254080 2650.8
1254090 2642.0
1254100 2632.3
1254110 2632.3
1254120 2623.5
1254130 2615.1
1254140 2615.1
1254150 2606.9
1254160 2595.4
1254170 2595.4
1254180 2582.4
1254190 2571.0
1254200 2557.1
1254210 2557.1
1254220 2544.8
1254230 2530.4
1254240 2530.4
1254250 2520.3
1254260 2512.9
1254270 2512.9
1254280 2505.7
1254290 2498.4
1254300 2498.4
1254310 2491.4
1254320 2484.8
1254330 2484.8
1254340 2478.5
1254350 2472.3
1254360 2472.3
1254370 2466.1
1254380 2459.6
1254390 2459.6
1254400 2453.5
1254410 2447.4
1254420 2441.4
1254430 2441.4
1254440 2435.7
1254450 2430.2
1254460 2430.2
1254470 2424.7
1254480 2418.1
1254490 2418.1
1254500 2411.5
1254510 2406.0
1254520 2408.1
1254530 2401.7
1254540 2394.2
1254550 2394.2
1254560 2387.4
1254570 2381.2
1254580 2381.2
1254590 2376.0
1254600 2371.4
1254610 2366.4
1254620 2366.4
1254630 2361.9
1254640 2357.5
1254650 2357.5
1254660 2352.7
1254670 2348.7
1254680 2348.7
1254690 2345.2
1254700 2341.1
1254710 2341.1
1254720 2336.3
1254730 2331.8
1254740 2331.8
1254750 2328.0
1254760 2324.6
1254770 2324.6
1254780 2321.9
1254790 2319.7
1254800 2319.7
1254810 2318.4
1254820 2317.4
1254830 2315.0
1254840 2315.0
1254850 2312.0
1254860 2304.7
1254870 2304.7
1254880 2292.9
1254890 2280.8
1254900 2280.8
1254910 2272.5
1254920 2265.0
1254930 2265.0
1254940 2256.4
1254950 2247.9
1254960 2247.9
1254970 2239.3
1254980 2230.6
1254990 2230.6
1255000 2222.9
1255010 2216.2
1255020 2216.2
1255030 2209.9
1255040 2204.6
1255050 2200.2
1255060 2200.2
1255070 2191.4
1255080 2186.9
1255090 2186.9
1255100 2182.6
1255110 2178.8
1255120 2178.8
1255130 2175.8
1255140 2172.7
1255150 2172.7
1255160 2170.8
1255170 2169.7
1255180 2169.7
1255190 2168.8
1255200 2167.9
1255210 2167.9
1255220 2164.8
1255230 2159.3
1255240 2153.7
1255250 2153.7
1255260 2148.0
1255270 2142.7
1255280 2142.7
1255290 2137.6
1255300 2132.2
1255310 2132.2
1255320 2126.9
1255330 2122.7
1255340 2122.7
1255350 2117.5
1255360 2113.1
1255370 2113.1
1255380 2111.1
1255390 2108.4
1255400 2108.4
1255410 2105.1
1255420 2101.6
1255430 2101.6
1255440 2098.1
1255450 2094.2
1255460 2089.9
1255470 2089.9
1255480 2085.7
1255490 2081.6
1255500 2081.6
1255510 2077.6
1255520 2073.8
1255530 2073.8
1255540 2070.4
1255550 2067.2
1255560 2067.2
1255570 2064.4
1255580 2062.0
1255590 2062.0
1255600 2058.7
1255610 2055.3
1255620 2055.3
1255630 2052.4
1255640 2049.7
1255650 2049.7
1255660 2047.4
1255670 2045.5
1255680 2043.6
1255690 2043.6
1255700 2041.2
1255710 2038.9
1255720 2038.9
1255730 2036.8
1255740 2034.6
1255750 2034.6
1255760 2032.5
1255770 2029.8
1255780 2029.8
1255790 2027.6
1255800 2025.8
1255810 2025.8
1255820 2023.8
1255830 2022.0
1255840 2022.0
1255850 2020.2
1255860 2019.0
1255870 2017.7
1255880 2017.7
1255890 2015.8
1255900 2014.2
1255910 2014.2
1255920 2012.6
1255930 2011.6
1255940 2011.6
1255950 2010.4
1255960 2008.8
1255970 2008.8
1255980 2007.5
1255990 2005.8
1256000 2005.8
1256010 2003.3
1256020 2002.1
1256030 2002.1
1256040 2001.5
1256050 2001.6
1256060 2001.6
1256070 2004.1
1256080 2007.8
1256090 2010.2
1256100 2010.2
1256110 2011.8
1256120 2013.3
1256130 2013.3
1256140 2014.5
1256150 2015.7
1256160 2015.7
1256170 2016.1
1256180 2014.1
1256190 2014.1
1256200 2013.0
1256210 2010.6
1256220 2010.6
1256230 2005.9
1256240 2001.0
1256250 2001.0
1256260 1998.0
1256270 1996.5
1256280 1996.5
1256290 1995.6
1256300 1994.6
1256310 1993.7
1256320 1993.7
1256330 1992.8
1256340 1992.3
1256350 1992.3
1256360 1991.7
1256370 1990.8
1256380 1990.8
1256390 1989.8
1256400 1989.3
1256410 1989.3
1256420 1990.3
1256430 1993.5
1256440 1993.5
1256450 1997.1
1256460 2001.2
1256470 2001.2
1256480 2014.6
1256490 2025.0
1256500 2026.0
1256510 2026.0
1256520 2031.6
1256530 2037.4
1256540 2037.4
1256550 2032.3
1256560 2032.5
1256570 2032.5
1256580 2035.6
1256590 2039.0
1256600 2039.0
1256610 2034.5
1256620 2033.7
1256630 2033.7
1256640 2036.6
1256650 2040.8
1256660 2040.8
1256670 2045.5
1256680 2051.1
1256690 2051.1
1256700 2056.3
1256710 2061.3
1256720 2067.2
1256730 2062.1
1256740 2069.9
1256750 2077.0
1256760 2077.0
1256770 2081.5
1256780 2084.9
1256790 2084.9
1256800 2088.6
1256810 2092.5
1256820 2092.5
1256830 2097.1
1256840 2102.0
1256850 2102.0
1256860 2107.9
1256870 2113.9
1256880 2113.9
1256890 2119.5
1256900 2125.3
1256910 2125.3
1256920 2130.9
1256930 2135.9
1256940 2140.9
1256950 2140.9
1256960 2146.7
1256970 2153.2
1256980 2153.2
1256990 2159.3
1257000 2165.9
1257010 2165.9
1257020 2171.4
1257030 2177.3
1257040 2177.3
1257050 2178.4
1257060 2176.0
1257070 2176.0
1257080 2173.5
1257090 2171.3
1257100 2171.3
1257110 2167.6
1257120 2164.1
1257130 2160.0
1257140 2160.0
1257150 2156.1
1257160 2151.0
1257170 2151.0
1257180 2143.8
1257190 2135.7
1257200 2135.7
1257210 2126.8
1257220 2116.9
1257230 2116.9
1257240 2107.0
1257250 2099.3
1257260 2099.3
1257270 2092.5
1257280 2085.9
1257290 2083.4
1257300 2075.9
1257310 2067.4
1257320 2067.4
1257330 2059.3
1257340 2052.2
1257350 2043.8
1257360 2043.8
1257370 2037.7
1257380 2033.8
1257390 2033.8
1257400 2030.2
1257410 2026.7
1257420 2026.7
1257430 2023.4
1257440 2020.0
1257450 2020.0
1257460 2016.7
1257470 2013.2
1257480 2013.2
1257490 2010.3
1257500 2006.9
1257510 2006.9
1257520 2003.2
1257530 1998.8
1257540 1998.8
1257550 1994.0
1257560 1988.3
1257570 1980.6
1257580 1980.6
1257590 1972.8
1257600 1968.4
1257610 1968.4
1257620 1966.5
1257630 1962.9
1257640 1962.9
1257650 1957.6
1257660 1952.8
1257670 1952.8
1257680 1951.9
1257690 1951.9
1257700 1951.9
1257710 1951.7
1257720 1950.4
1257730 1950.4
1257740 1949.7
1257750 1948.7
1257760 1945.9
1257770 1945.9
1257780 1941.6
1257790 1937.4
1257800 1937.4
1257810 1934.1
1257820 1930.3
1257830 1930.3
1257840 1925.7
1257850 1912.8
1257860 1912.8
1257870 1910.0
1257880 1908.6
1257890 1908.6
1257900 1904.5
1257910 1899.2
1257920 1899.2
1257930 1895.5
1257940 1892.7
1257950 1892.7
1257960 1889.7
1257970 1885.8
1257980 1880.2
1257990 1880.2
1258000 1874.0
1258010 1866.2
1258020 1866.2
1258030 1856.7
1258040 1849.0
1258050 1849.0
1258060 1843.0
1258070 1835.8
1258080 1835.8
1258090 1828.5
1258100 1825.1
1258110 1825.1
1258120 1821.3
1258130 1815.7
1258140 1815.7
1258150 1809.3
1258160 1806.4
1258170 1806.4
1258180 1796.3
1258190 1786.0
1258200 1778.6
1258210 1778.6
1258220 1770.5
1258230 1757.6
1258240 1757.6
1258250 1745.2
1258260 1733.6
1258270 1733.6
1258280 1722.6
1258290 1717.4
1258300 1717.4
1258310 1712.6
1258320 1706.8
1258330 1706.8
1258340 1700.7
1258350 1696.4
1258360 1696.4
1258370 1692.6
1258380 1688.1
1258390 1683.1
1258400 1683.1
1258410 1674.5
1258420 1670.1
1258430 1670.1
1258440 1664.5
1258450 1658.2
1258460 1658.2
1258470 1653.3
1258480 1648.4
1258490 1648.4
1258500 1643.6
1258510 1639.0
1258520 1639.0
1258530 1633.8
1258540 1628.9
1258550 1628.9
1258560 1622.8
1258570 1615.3
1258580 1615.3
1258590 1607.0
1258600 1598.6
1258610 1592.9
1258620 1592.9
1258630 1587.3
1258640 1582.2
1258650 1582.2
1258660 1578.3
1258670 1574.9
1258680 1574.9
1258690 1571.3
1258700 1568.2
1258710 1568.2
1258720 1564.6
1258730 1558.4
1258740 1558.4
1258750 1552.2
1258760 1547.2
1258770 1547.2
1258780 1544.8
1258790 1544.0
1258800 1544.0
1258810 1544.8
1258820 1545.7
1258830 1543.6
1258840 1543.6
1258850 1540.8
1258860 1536.9
1258870 1536.9
1258880 1532.6
1258890 1528.4
1258900 1528.4
1258910 1523.6
1258920 1518.7
1258930 1518.7
1258940 1513.8
1258950 1508.7
1258960 1508.7
1258970 1498.5
1258980 1494.0
1258990 1494.0
1259000 1489.6
1259010 1484.4
1259020 1479.0
1259030 1479.0
1259040 1473.4
1259050 1468.8
1259060 1468.8
1259070 1465.4
1259080 1461.1
1259090 1461.1
1259100 1457.2
1259110 1452.8
1259120 1452.8
1259130 1447.9
1259140 1443.8
1259150 1443.8
1259160 1439.4
1259170 1435.3
1259180 1435.3
1259190 1431.8
1259200 1430.4
1259210 1430.4
1259220 1429.9
1259230 1429.6
1259240 1428.6
1259250 1428.6
1259260 1428.4
1259270 1427.2
1259280 1427.2
1259290 1424.7
1259300 1423.4
1259310 1423.4
1259320 1423.5
1259330 1423.0
1259340 1423.0
1259350 1422.0
1259360 1421.1
1259370 1421.1
1259380 1419.5
1259390 1417.1
1259400 1417.1
1259410 1414.6
1259420 1412.1
1259430 1412.1
1259440 1410.2
1259450 1408.5
1259460 1406.2
1259470 1406.2
1259480 1402.5
1259490 1398.1
1259500 1398.1
1259510 1396.9
1259520 1397.5
1259530 1399.2
1259540 1399.7
1259550 1400.6
1259560 1400.6
1259570 1401.9
1259580 1405.8
1259590 1405.8
1259600 1409.3
1259610 1411.1
1259620 1411.1
1259630 1414.0
1259640 1417.3
1259650 1420.8
1259660 1420.8
1259670 1424.4
1259680 1428.4
1259690 1428.4
1259700 1432.4
1259710 1437.2
1259720 1437.2
1259730 1441.7
1259740 1446.2
1259750 1446.2
1259760 1451.4
1259770 1456.9
1259780 1456.9
1259790 1461.3
1259800 1466.3
1259810 1466.3
1259820 1470.8
1259830 1475.7
1259840 1475.7
1259850 1483.2
1259860 1497.4
1259870 1509.2
1259880 1509.2
1259890 1517.7
1259900 1533.6
1259910 1533.6
1259920 1545.9
1259930 1546.9
1259940 1546.9
1259950 1550.4
1259960 1557.2
1259970 1557.2
1259980 1568.9
1259990 1584.3
