1240000 2523.6
1240010 2523.6
1240020 2520.8
1240030 2519.6
1240040 2519.6
1240050 2518.5
1240060 2517.0
1240070 2517.0
1240080 2515.7
1240090 2512.2
1240100 2512.2
1240110 2509.2
1240120 2508.1
1240130 2508.1
1240140 2506.9
1240150 2506.7
1240160 2505.4
1240170 2505.4
1240180 2501.8
1240190 2497.7
1240200 2497.7
1240210 2494.9
1240220 2493.7
1240230 2489.5
1240240 2488.8
1240250 2488.3
1240260 2488.3
1240270 2488.8
1240280 2490.9
1240290 2490.9
1240300 2493.0
1240310 2494.6
1240320 2494.6
1240330 2494.8
1240340 2493.4
1240350 2493.4
1240360 2490.5
1240370 2487.1
1240380 2484.0
1240390 2484.0
1240400 2480.6
1240410 2478.3
1240420 2478.3
1240430 2476.9
1240440 2474.5
1240450 2474.5
1240460 2469.9
1240470 2464.3
1240480 2464.3
1240490 2460.0
1240500 2457.4
1240510 2457.4
1240520 2456.7
1240530 2454.5
1240540 2454.5
1240550 2450.4
1240560 2446.5
1240570 2446.5
1240580 2444.4
1240590 2443.3
1240600 2441.4
1240610 2441.4
1240620 2438.5
1240630 2434.8
1240640 2434.8
1240650 2428.8
1240660 2422.0
1240670 2422.0
1240680 2415.6
1240690 2409.6
1240700 2409.6
1240710 2404.1
1240720 2397.9
1240730 2397.9
1240740 2387.8
1240750 2380.7
1240760 2380.7
1240770 2374.3
1240780 2369.8
1240790 2366.0
1240800 2366.0
1240810 2366.4
1240820 2367.8
1240830 2367.8
1240840 2366.9
1240850 2365.1
1240860 2365.1
1240870 2366.4
1240880 2366.3
1240890 2366.3
1240900 2365.6
1240910 2365.5
1240920 2365.5
1240930 2364.6
1240940 2364.6
1240950 2364.6
1240960 2364.5
1240970 2363.2
1240980 2363.2
1240990 2362.4
1241000 2360.8
1241010 2360.4
1241020 2360.4
1241030 2360.6
1241040 2361.9
1241050 2361.9
1241060 2360.3
1241070 2360.5
1241080 2360.5
1241090 2361.5
1241100 2360.6
1241110 2360.6
1241120 2362.0
1241130 2362.9
1241140 2362.9
1241150 2365.4
1241160 2367.4
1241170 2367.4
1241180 2368.0
1241190 2367.7
1241200 2367.7
1241210 2366.9
1241220 2368.6
1241230 2373.8
1241240 2373.8
1241250 2380.8
1241260 2383.0
1241270 2383.0
1241280 2387.0
1241290 2390.9
1241300 2390.9
1241310 2395.0
1241320 2398.0
1241330 2398.0
1241340 2400.3
1241350 2403.5
1241360 2403.5
1241370 2407.9
1241380 2411.8
1241390 2411.8
1241400 2414.9
1241410 2418.2
1241420 2422.2
1241430 2422.2
1241440 2425.4
1241450 2429.8
1241460 2429.8
1241470 2436.3
1241480 2444.5
1241490 2444.5
1241500 2454.0
1241510 2462.8
1241520 2462.8
1241530 2466.5
1241540 2464.2
1241550 2464.2
1241560 2458.8
1241570 2451.4
1241580 2451.4
1241590 2442.5
1241600 2433.9
1241610 2433.9
1241620 2427.6
1241630 2423.8
1241640 2420.3
1241650 2420.3
1241660 2416.9
1241670 2414.0
1241680 2414.0
1241690 2411.6
1241700 2409.3
1241710 2409.3
1241720 2407.5
1241730 2407.3
1241740 2407.3
1241750 2407.1
1241760 2407.0
1241770 2407.0
1241780 2407.4
1241790 2403.4
1241800 2403.4
1241810 2403.3
1241820 2403.8
1241830 2403.8
1241840 2404.3
1241850 2404.8
1241860 2405.9
1241870 2405.9
1241880 2407.5
1241890 2408.3
1241900 2408.3
1241910 2411.2
1241920 2415.3
1241930 2415.3
1241940 2420.0
1241950 2424.0
1241960 2424.0
1241970 2426.6
1241980 2427.9
1241990 2427.9
1242000 2428.1
1242010 2427.6
1242020 2427.6
1242030 2427.0
1242040 2426.9
1242050 2427.6
1242060 2427.6
1242070 2428.6
1242080 2429.0
1242090 2429.0
1242100 2429.2
1242110 2429.2
1242120 2429.2
1242130 2429.7
1242140 2429.0
1242150 2429.0
1242160 2427.7
1242170 2425.4
1242180 2425.4
1242190 2421.4
1242200 2416.3
1242210 2416.3
1242220 2411.2
1242230 2405.9
1242240 2405.9
1242250 2400.2
1242260 2395.2
1242270 2389.7
1242280 2389.7
1242290 2384.3
1242300 2379.8
1242310 2374.9
1242320 2369.8
1242330 2364.7
1242340 2364.7
1242350 2359.9
1242360 2355.4
1242370 2355.4
1242380 2350.8
1242390 2346.2
1242400 2346.2
1242410 2341.3
1242420 2335.4
1242430 2335.4
1242440 2332.5
1242450 2333.6
1242460 2333.6
1242470 2333.7
1242480 2333.7
1242490 2333.6
1242500 2333.6
1242510 2333.3
1242520 2333.0
1242530 2333.0
1242540 2331.9
1242550 2330.1
1242560 2330.1
1242570 2327.6
1242580 2325.1
1242590 2325.1
1242600 2324.7
1242610 2327.7
1242620 2327.7
1242630 2329.8
1242640 2331.4
1242650 2331.4
1242660 2331.6
1242670 2330.6
1242680 2330.6
1242690 2329.2
1242700 2327.6
1242710 2325.9
1242720 2325.9
1242730 2324.0
1242740 2320.8
1242750 2320.8
1242760 2317.4
1242770 2313.9
1242780 2313.9
1242790 2309.8
1242800 2305.9
1242810 2305.9
1242820 2301.5
1242830 2288.3
1242840 2288.3
1242850 2280.8
1242860 2272.9
1242870 2272.9
1242880 2264.2
1242890 2255.7
1242900 2251.8
1242910 2251.8
1242920 2254.6
1242930 2257.5
1242940 2257.5
1242950 2258.5
1242960 2261.3
1242970 2261.3
1242980 2259.9
1242990 2258.2
1243000 2258.2
1243010 2253.7
1243020 2246.3
1243030 2246.3
1243040 2239.0
1243050 2232.7
1243060 2232.7
1243070 2226.5
1243080 2221.7
1243090 2221.7
1243100 2215.7
1243110 2208.2
1243120 2200.7
1243130 2200.7
1243140 2192.2
1243150 2184.2
1243160 2184.2
1243170 2176.7
1243180 2170.6
1243190 2170.6
1243200 2166.5
1243210 2162.8
1243220 2162.8
1243230 2155.5
1243240 2146.5
1243250 2146.5
1243260 2137.3
1243270 2129.0
1243280 2129.0
1243290 2122.8
1243300 2118.5
1243310 2118.5
1243320 2114.4
1243330 2112.2
1243340 2111.0
1243350 2111.0
1243360 2098.8
1243370 2094.6
1243380 2094.6
1243390 2092.0
1243400 2088.9
1243410 2088.9
1243420 2080.2
1243430 2072.8
1243440 2072.8
1243450 2067.0
1243460 2059.2
1243470 2059.2
1243480 2052.2
1243490 2046.3
1243500 2046.3
1243510 2040.6
1243520 2033.0
1243530 2020.9
1243540 2020.9
1243550 2023.3
1243560 2023.3
1243570 2023.3
1243580 2027.1
1243590 2024.2
1243600 2024.2
1243610 2022.1
1243620 2023.0
1243630 2023.0
1243640 2027.6
1243650 2030.1
1243660 2030.1
1243670 2030.5
1243680 2032.4
1243690 2032.4
1243700 2036.2
1243710 2039.9
1243720 2039.9
1243730 2043.3
1243740 2041.8
1243750 2041.7
1243760 2041.7
1243770 2040.4
1243780 2037.0
1243790 2037.0
1243800 2040.8
1243810 2047.8
1243820 2047.8
1243830 2053.5
1243840 2060.7
1243850 2060.7
1243860 2066.4
1243870 2070.6
1243880 2064.1
1243890 2068.2
1243900 2072.5
1243910 2072.5
1243920 2076.4
1243930 2082.1
1243940 2082.1
1243950 2088.1
1243960 2093.1
1243970 2097.4
1243980 2097.4
1243990 2101.4
1244000 2105.2
1244010 2105.2
1244020 2109.2
1244030 2113.6
1244040 2113.6
1244050 2116.4
1244060 2114.5
1244070 2114.5
1244080 2109.7
1244090 2100.2
1244100 2100.2
1244110 2096.9
1244120 2098.2
1244130 2098.2
1244140 2100.4
1244150 2107.9
1244160 2115.7
1244170 2115.7
1244180 2121.1
1244190 2128.2
1244200 2128.2
1244210 2127.1
1244220 2125.2
1244230 2125.2
1244240 2127.9
1244250 2133.5
1244260 2133.5
1244270 2138.5
1244280 2140.0
1244290 2140.0
1244300 2140.4
1244310 2143.2
1244320 2143.2
1244330 2141.6
1244340 2139.5
1244350 2139.5
1244360 2141.2
1244370 2143.9
1244380 2148.3
1244390 2148.3
1244400 2154.5
1244410 2155.3
1244420 2155.3
1244430 2161.3
1244440 2168.5
1244450 2168.5
1244460 2179.3
1244470 2187.8
1244480 2187.8
1244490 2191.1
1244500 2200.1
1244510 2200.1
1244520 2214.0
1244530 2223.9
1244540 2223.9
1244550 2228.7
1244560 2229.5
1244570 2229.5
1244580 2228.4
1244590 2227.1
1244600 2226.4
1244610 2226.4
1244620 2225.6
1244630 2224.6
1244640 2224.6
1244650 2224.0
1244660 2223.7
1244670 2223.7
1244680 2223.6
1244690 2223.8
1244700 2223.8
1244710 2223.4
1244720 2222.6
1244730 2222.6
1244740 2221.4
1244750 2219.7
1244760 2219.7
1244770 2217.0
1244780 2215.0
1244790 2215.0
1244800 2213.5
1244810 2212.0
1244820 2209.7
1244830 2209.7
1244840 2207.4
1244850 2204.9
1244860 2204.9
1244870 2202.4
1244880 2199.5
1244890 2199.5
1244900 2197.1
1244910 2194.1
1244920 2194.1
1244930 2190.7
1244940 2180.7
1244950 2180.7
1244960 2177.4
1244970 2174.5
1244980 2174.5
1244990 2172.1
1245000 2170.3
1245010 2168.5
1245020 2168.5
1245030 2165.0
1245040 2161.1
1245050 2161.1
1245060 2156.3
1245070 2152.2
1245080 2152.2
1245090 2148.1
1245100 2144.8
1245110 2144.8
1245120 2141.8
1245130 2138.6
1245140 2138.6
1245150 2136.2
1245160 2133.0
1245170 2133.0
1245180 2128.2
1245190 2124.3
1245200 2124.3
1245210 2120.7
1245220 2117.0
1245230 2113.4
1245240 2113.4
1245250 2109.9
1245260 2105.7
1245270 2105.7
1245280 2101.0
1245290 2096.0
1245300 2096.0
1245310 2090.0
1245320 2084.6
1245330 2084.6
1245340 2080.6
1245350 2076.7
1245360 2076.7
1245370 2074.1
1245380 2070.3
1245390 2070.3
1245400 2065.5
1245410 2060.2
1245420 2060.2
1245430 2054.3
1245440 2043.8
1245450 2031.7
1245460 2031.7
1245470 2020.1
1245480 2020.2
1245490 2020.2
1245500 2023.1
1245510 2023.4
1245520 2023.4
1245530 2021.3
1245540 2018.1
1245550 2018.1
1245560 2014.7
1245570 2010.7
1245580 2010.7
1245590 2006.9
1245600 2005.4
1245610 2005.4
1245620 2005.1
1245630 2003.5
1245640 2000.2
1245650 2000.2
1245660 1994.9
1245670 1989.0
1245680 1989.0
1245690 1982.7
1245700 1976.5
1245710 1976.5
1245720 1968.6
1245730 1962.6
1245740 1962.6
1245750 1959.7
1245760 1957.2
1245770 1957.2
1245780 1953.8
1245790 1948.7
1245800 1948.7
1245810 1942.7
1245820 1936.9
1245830 1936.9
1245840 1931.0
1245850 1925.2
1245860 1919.0
1245870 1919.0
1245880 1913.6
1245890 1910.6
1245900 1910.6
1245910 1907.0
1245920 1902.5
1245930 1902.5
1245940 1898.0
1245950 1893.1
1245960 1893.1
1245970 1889.0
1245980 1885.5
1245990 1885.5
1246000 1875.5
1246010 1871.4
1246020 1871.4
1246030 1867.4
1246040 1863.5
1246050 1863.5
1246060 1858.3
1246070 1854.2
1246080 1851.2
1246090 1851.2
1246100 1848.0
1246110 1844.6
1246120 1844.6
1246130 1839.9
1246140 1835.4
1246150 1835.4
1246160 1831.7
1246170 1827.7
1246180 1827.7
1246190 1823.9
1246200 1820.2
1246210 1820.2
1246220 1815.8
1246230 1811.4
1246240 1811.4
1246250 1806.9
1246260 1800.1
1246270 1793.0
1246280 1793.0
1246290 1786.0
1246300 1776.6
1246310 1776.6
1246320 1764.9
1246330 1752.2
1246340 1752.2
1246350 1740.5
1246360 1736.3
1246370 1736.3
1246380 1729.3
1246390 1729.5
1246400 1729.5
1246410 1744.3
1246420 1757.4
1246430 1757.4
1246440 1761.2
1246450 1751.5
1246460 1751.5
1246470 1740.5
1246480 1729.5
1246490 1719.8
1246500 1719.8
1246510 1713.6
1246520 1718.8
1246530 1705.3
1246540 1706.4
1246550 1712.6
1246560 1712.6
1246570 1718.0
1246580 1715.1
1246590 1715.1
1246600 1710.7
1246610 1704.5
1246620 1704.5
1246630 1695.2
1246640 1685.2
1246650 1685.2
1246660 1679.2
1246670 1675.4
1246680 1675.4
1246690 1671.3
1246700 1667.5
1246710 1665.6
1246720 1665.6
1246730 1660.1
1246740 1650.3
1246750 1650.3
1246760 1644.6
1246770 1639.3
1246780 1639.3
1246790 1635.0
1246800 1630.4
1246810 1630.4
1246820 1623.1
1246830 1616.6
1246840 1616.6
1246850 1610.0
1246860 1603.2
1246870 1603.2
1246880 1595.7
1246890 1589.6
1246900 1589.6
1246910 1581.3
1246920 1574.4
1246930 1571.4
1246940 1571.4
1246950 1568.8
1246960 1564.7
1246970 1564.7
1246980 1560.5
1246990 1557.1
1247000 1557.1
1247010 1553.5
1247020 1548.8
1247030 1548.8
1247040 1545.8
1247050 1545.6
1247060 1529.8
1247070 1527.8
1247080 1524.2
1247090 1524.2
1247100 1520.7
1247110 1515.4
1247120 1511.4
1247130 1511.4
1247140 1508.6
1247150 1504.8
1247160 1504.8
1247170 1501.2
1247180 1498.6
1247190 1498.6
1247200 1496.2
1247210 1493.0
1247220 1493.0
1247230 1489.4
1247240 1486.5
1247250 1486.5
1247260 1483.2
1247270 1479.7
1247280 1479.7
1247290 1475.8
1247300 1472.8
1247310 1472.8
1247320 1469.1
1247330 1465.2
1247340 1461.7
1247350 1461.7
1247360 1457.2
1247370 1454.2
1247380 1454.2
1247390 1452.7
1247400 1451.2
1247410 1451.2
1247420 1448.8
1247430 1447.1
1247440 1447.1
1247450 1444.9
1247460 1441.7
1247470 1441.7
1247480 1439.0
1247490 1436.4
1247500 1436.4
1247510 1434.7
1247520 1432.6
1247530 1432.6
1247540 1430.6
1247550 1429.1
1247560 1429.1
1247570 1429.1
1247580 1429.5
1247590 1425.2
1247600 1425.2
1247610 1424.7
1247620 1423.0
1247630 1423.0
1247640 1421.7
1247650 1421.3
1247660 1421.3
1247670 1421.2
1247680 1421.2
1247690 1421.2
1247700 1420.8
1247710 1420.8
1247720 1420.8
1247730 1421.0
1247740 1419.6
1247750 1416.1
1247760 1416.1
1247770 1410.8
1247780 1406.9
1247790 1406.9
1247800 1404.8
1247810 1401.8
1247820 1401.8
1247830 1399.7
1247840 1398.7
1247850 1398.7
1247860 1398.8
1247870 1400.5
1247880 1400.5
1247890 1402.3
1247900 1403.1
1247910 1403.1
1247920 1402.7
1247930 1402.3
1247940 1402.3
1247950 1401.9
1247960 1401.0
1247970 1400.9
1247980 1400.9
1247990 1401.0
1248000 1398.0
1248010 1398.0
1248020 1396.0
1248030 1394.9
1248040 1394.9
1248050 1394.5
1248060 1395.1
1248070 1395.1
1248080 1395.0
1248090 1395.0
1248100 1395.0
1248110 1395.1
1248120 1396.2
1248130 1400.1
1248140 1400.4
1248150 1400.0
1248160 1400.0
1248170 1400.6
1248180 1401.4
1248190 1401.9
1248200 1401.9
1248210 1402.4
1248220 1402.9
1248230 1402.9
1248240 1402.7
1248250 1403.1
1248260 1403.1
1248270 1402.6
1248280 1403.0
1248290 1403.0
1248300 1404.6
1248310 1404.7
1248320 1404.7
1248330 1404.3
1248340 1404.1
1248350 1404.1
1248360 1405.0
1248370 1405.6
1248380 1405.2
1248390 1405.2
1248400 1406.1
1248410 1407.3
1248420 1407.3
1248430 1405.4
1248440 1404.0
1248450 1404.0
1248460 1403.0
1248470 1402.4
1248480 1402.4
1248490 1402.3
1248500 1401.1
1248510 1401.1
1248520 1400.2
1248530 1400.9
1248540 1400.9
1248550 1401.7
1248560 1403.9
1248570 1403.9
1248580 1405.7
1248590 1407.2
1248600 1407.3
1248610 1407.3
1248620 1404.5
1248630 1404.8
1248640 1404.8
1248650 1406.5
1248660 1406.3
1248670 1411.4
1248680 1411.2
1248690 1411.0
1248700 1411.0
1248710 1411.6
1248720 1413.3
1248730 1413.3
1248740 1416.0
1248750 1418.6
1248760 1418.6
1248770 1419.6
1248780 1420.6
1248790 1420.6
1248800 1422.2
1248810 1423.8
1248820 1424.6
1248830 1424.6
1248840 1426.7
1248850 1429.4
1248860 1429.4
1248870 1431.1
1248880 1433.4
1248890 1433.4
1248900 1434.5
1248910 1433.8
1248920 1433.8
1248930 1433.6
1248940 1434.3
1248950 1434.3
1248960 1436.4
1248970 1437.9
1248980 1437.9
1248990 1439.4
1249000 1440.8
1249010 1440.8
1249020 1438.2
1249030 1435.9
1249040 1435.2
1249050 1435.2
1249060 1436.7
1249070 1440.2
1249080 1440.2
1249090 1444.2
1249100 1440.4
1249110 1440.4
1249120 1442.0
1249130 1447.0
1249140 1447.0
1249150 1452.4
1249160 1458.8
1249170 1458.8
1249180 1466.1
1249190 1470.9
1249200 1474.3
1249210 1477.9
1249220 1481.4
1249230 1484.7
1249240 1484.7
1249250 1487.8
1249260 1491.8
1249270 1491.8
1249280 1496.0
1249290 1498.8
1249300 1498.8
1249310 1503.3
1249320 1507.6
1249330 1507.6
1249340 1512.1
1249350 1516.2
1249360 1516.2
1249370 1518.7
1249380 1521.5
1249390 1521.5
1249400 1526.0
1249410 1531.1
1249420 1531.1
1249430 1536.0
1249440 1541.9
1249450 1548.6
1249460 1548.6
1249470 1555.7
1249480 1562.3
1249490 1562.3
1249500 1568.1
1249510 1573.8
1249520 1573.8
1249530 1579.9
1249540 1586.7
1249550 1586.7
1249560 1593.3
1249570 1599.9
1249580 1599.9
1249590 1607.3
1249600 1618.3
1249610 1618.3
1249620 1627.5
1249630 1634.0
1249640 1634.0
1249650 1640.7
1249660 1647.0
1249670 1653.2
1249680 1653.2
1249690 1658.9
1249700 1663.0
1249710 1663.0
1249720 1665.1
1249730 1664.4
1249740 1664.4
1249750 1665.1
1249760 1665.0
1249770 1665.0
1249780 1663.6
1249790 1663.2
1249800 1663.2
1249810 1664.3
1249820 1664.3
1249830 1664.3
1249840 1664.6
1249850 1667.3
1249860 1671.2
1249870 1671.2
1249880 1674.7
1249890 1678.1
1249900 1678.1
1249910 1683.6
1249920 1690.2
1249930 1690.2
1249940 1697.2
1249950 1704.2
1249960 1704.2
1249970 1711.3
1249980 1718.0
1249990 1718.0
1250000 1725.0
1250010 1732.9
1250020 1732.9
1250030 1741.2
1250040 1749.5
1250050 1749.5
1250060 1758.0
1250070 1766.7
1250080 1775.9
1250090 1775.9
1250100 1784.9
1250110 1791.2
1250120 1791.2
1250130 1797.1
1250140 1804.8
1250150 1804.8
1250160 1813.2
1250170 1820.6
1250180 1820.6
1250190 1826.8
1250200 1833.4
1250210 1833.4
1250220 1840.4
1250230 1847.9
1250240 1847.9
1250250 1855.0
1250260 1862.7
1250270 1862.7
1250280 1869.6
1250290 1878.4
1250300 1886.8
1250310 1886.8
1250320 1894.5
1250330 1901.9
1250340 1901.9
1250350 1908.8
1250360 1915.8
1250370 1915.8
1250380 1922.5
1250390 1927.7
1250400 1927.7
1250410 1933.3
1250420 1939.6
1250430 1939.6
1250440 1947.0
1250450 1955.6
1250460 1955.6
1250470 1962.8
1250480 1969.9
1250490 1977.9
1250500 1977.9
1250510 1985.7
1250520 1993.1
1250530 1993.1
1250540 2001.2
1250550 2009.4
1250560 2009.4
1250570 2017.6
1250580 2027.1
1250590 2027.1
1250600 2035.2
1250610 2042.5
1250620 2042.5
1250630 2050.4
1250640 2057.9
1250650 2057.9
1250660 2063.6
1250670 2069.1
1250680 2069.1
1250690 2075.0
1250700 2081.6
1250710 2087.7
1250720 2087.7
1250730 2094.3
1250740 2100.4
1250750 2100.4
1250760 2108.8
1250770 2115.3
1250780 2115.3
1250790 2122.9
1250800 2127.9
1250810 2127.9
1250820 2130.4
1250830 2136.5
1250840 2136.5
1250850 2144.5
1250860 2155.0
1250870 2155.0
1250880 2168.0
1250890 2179.7
1250900 2179.7
1250910 2188.0
1250920 2198.2
1250930 2206.8
1250940 2206.8
1250950 2212.0
1250960 2216.7
1250970 2216.7
1250980 2221.6
1250990 2227.4
1251000 2227.4
1251010 2233.6
1251020 2240.8
1251030 2240.8
1251040 2248.0
1251050 2256.5
1251060 2256.5
1251070 2266.1
1251080 2274.4
1251090 2274.4
1251100 2280.7
1251110 2284.9
1251120 2289.1
1251130 2289.1
1251140 2293.8
1251150 2299.0
1251160 2299.0
1251170 2304.8
1251180 2310.9
1251190 2310.9
1251200 2316.9
1251210 2322.0
1251220 2322.0
1251230 2327.9
1251240 2334.0
1251250 2334.0
1251260 2339.3
1251270 2346.1
1251280 2346.1
1251290 2354.3
1251300 2360.0
1251310 2360.0
1251320 2365.5
1251330 2370.9
1251340 2376.5
1251350 2376.5
1251360 2384.5
1251370 2392.7
1251380 2392.7
1251390 2401.5
1251400 2409.3
1251410 2409.3
1251420 2419.0
1251430 2427.8
1251440 2427.8
1251450 2435.0
1251460 2440.9
1251470 2440.9
1251480 2448.0
1251490 2454.6
1251500 2454.6
1251510 2459.5
1251520 2463.9
1251530 2463.9
1251540 2467.9
1251550 2471.0
1251560 2476.1
1251570 2476.1
1251580 2481.8
1251590 2487.6
1251600 2487.6
1251610 2492.9
1251620 2497.0
1251630 2497.0
1251640 2501.3
1251650 2506.3
1251660 2506.3
1251670 2510.8
1251680 2514.5
1251690 2514.5
1251700 2519.2
1251710 2528.2
1251720 2528.2
1251730 2534.7
1251740 2539.7
1251750 2539.7
1251760 2543.6
1251770 2550.0
1251780 2557.1
1251790 2557.1
1251800 2566.9
1251810 2575.1
1251820 2575.1
1251830 2579.3
1251840 2584.5
1251850 2584.5
1251860 2590.1
1251870 2596.7
1251880 2596.7
1251890 2603.7
1251900 2611.6
1251910 2614.6
1251920 2628.3
1251930 2636.9
1251940 2636.9
1251950 2646.8
1251960 2654.7
1251970 2658.6
1251980 2658.6
1251990 2662.1
1252000 2667.1
1252010 2667.1
1252020 2674.2
1252030 2683.7
1252040 2683.7
1252050 2692.8
1252060 2706.0
1252070 2706.0
1252080 2717.4
1252090 2727.4
1252100 2727.4
1252110 2736.9
1252120 2745.3
1252130 2745.3
1252140 2753.3
1252150 2759.4
1252160 2759.4
1252170 2764.6
1252180 2772.7
1252190 2781.5
1252200 2781.5
1252210 2790.8
1252220 2798.5
1252230 2798.5
1252240 2806.3
1252250 2817.0
1252260 2817.0
1252270 2826.2
1252280 2834.5
1252290 2834.5
1252300 2839.7
1252310 2840.1
1252320 2840.1
1252330 2840.6
1252340 2842.2
1252350 2842.2
1252360 2841.8
1252370 2838.6
1252380 2838.6
1252390 2835.8
1252400 2834.9
1252410 2834.4
1252420 2834.4
1252430 2833.2
1252440 2833.6
1252450 2841.0
1252460 2844.2
1252470 2853.6
1252480 2853.6
1252490 2864.8
1252500 2870.2
1252510 2870.2
1252520 2872.0
1252530 2871.9
1252540 2871.9
1252550 2872.8
1252560 2876.7
1252570 2876.7
1252580 2879.3
1252590 2877.5
1252600 2879.2
1252610 2879.2
1252620 2882.1
1252630 2886.6
1252640 2886.6
1252650 2893.1
1252660 2902.5
1252670 2902.5
1252680 2912.5
1252690 2911.7
1252700 2911.7
1252710 2902.3
1252720 2893.9
1252730 2893.9
1252740 2887.4
1252750 2879.1
1252760 2879.1
1252770 2871.7
1252780 2867.7
1252790 2867.7
1252800 2864.0
1252810 2858.7
1252820 2854.3
1252830 2854.3
1252840 2851.6
1252850 2848.0
1252860 2848.0
1252870 2843.2
1252880 2837.6
1252890 2837.6
1252900 2832.8
1252910 2827.9
1252920 2827.9
1252930 2820.0
1252940 2804.0
1252950 2804.0
1252960 2790.3
1252970 2780.8
1252980 2780.8
1252990 2772.7
1253000 2773.8
1253010 2773.8
1253020 2759.1
1253030 2743.3
1253040 2735.0
1253050 2735.0
1253060 2729.6
1253070 2724.3
1253080 2724.3
1253090 2718.4
1253100 2715.2
1253110 2715.2
1253120 2713.7
1253130 2714.5
1253140 2714.5
1253150 2717.0
1253160 2718.7
1253170 2718.7
1253180 2718.9
1253190 2716.9
1253200 2716.9
1253210 2714.2
1253220 2711.9
1253230 2709.3
1253240 2709.3
1253250 2706.6
1253260 2701.8
1253270 2701.8
1253280 2697.4
1253290 2696.3
1253300 2696.3
1253310 2695.6
1253320 2694.6
1253330 2694.6
1253340 2693.1
1253350 2693.1
1253360 2693.1
1253370 2692.7
1253380 2691.3
1253390 2691.3
1253400 2689.2
1253410 2687.6
1253420 2687.6
1253430 2685.5
1253440 2683.9
1253450 2681.5
1253460 2681.5
1253470 2677.7
1253480 2674.9
1253490 2674.9
1253500 2669.4
1253510 2664.2
1253520 2664.2
1253530 2661.6
1253540 2658.6
1253550 2655.9
1253560 2651.8
1253570 2646.4
1253580 2646.4
1253590 2642.8
1253600 2639.9
1253610 2639.9
1253620 2637.3
1253630 2634.7
1253640 2634.7
1253650 2632.1
1253660 2631.5
1253670 2630.5
1253680 2630.5
1253690 2629.0
1253700 2627.4
1253710 2627.4
1253720 2626.1
1253730 2624.4
1253740 2624.4
1253750 2622.3
1253760 2620.0
1253770 2620.0
1253780 2617.4
1253790 2614.2
1253800 2614.2
1253810 2611.1
1253820 2608.1
1253830 2608.1
1253840 2605.4
1253850 2603.2
1253860 2603.2
1253870 2601.8
1253880 2599.6
1253890 2595.9
1253900 2595.9
1253910 2592.0
1253920 2588.0
1253930 2588.0
1253940 2583.4
1253950 2578.6
1253960 2578.6
1253970 2573.9
1253980 2568.6
1253990 2568.6
1254000 2562.7
1254010 2556.8
1254020 2556.8
1254030 2551.6
1254040 2547.0
1254050 2547.0
1254060 2543.6
1254070 2542.0
1254080 2541.2
1254090 2541.2
1254100 2534.9
1254110 2532.6
1254120 2532.6
1254130 2530.7
1254140 2529.2
1254150 2529.2
1254160 2526.9
1254170 2524.7
1254180 2524.7
1254190 2522.0
1254200 2518.9
1254210 2518.9
1254220 2515.9
1254230 2512.9
1254240 2512.9
1254250 2509.5
1254260 2505.9
1254270 2505.9
1254280 2503.1
1254290 2500.8
1254300 2498.9
1254310 2498.9
1254320 2497.6
1254330 2495.9
1254340 2495.9
1254350 2493.4
1254360 2490.0
1254370 2490.0
1254380 2486.4
1254390 2482.8
1254400 2482.8
1254410 2479.2
1254420 2475.5
1254430 2475.5
1254440 2471.7
1254450 2467.7
1254460 2467.7
1254470 2463.8
1254480 2459.3
1254490 2459.3
1254500 2455.0
1254510 2450.1
1254520 2445.9
1254530 2445.9
1254540 2442.5
1254550 2439.3
1254560 2439.3
1254570 2437.4
1254580 2436.4
1254590 2436.4
1254600 2436.2
1254610 2435.7
1254620 2435.7
1254630 2436.6
1254640 2439.5
1254650 2428.6
1254660 2431.5
1254670 2431.3
1254680 2431.3
1254690 2430.7
1254700 2427.9
1254710 2423.4
1254720 2423.4
1254730 2418.1
1254740 2414.1
1254750 2414.1
1254760 2414.8
1254770 2422.8
1254780 2422.8
1254790 2426.0
1254800 2429.7
1254810 2429.7
1254820 2432.1
1254830 2434.7
1254840 2434.7
1254850 2437.6
1254860 2438.6
1254870 2438.6
1254880 2436.8
1254890 2435.4
1254900 2435.4
1254910 2432.9
1254920 2436.8
1254930 2442.1
1254940 2442.1
1254950 2445.2
1254960 2446.3
1254970 2446.3
1254980 2445.5
1254990 2445.9
1255000 2445.9
1255010 2447.2
1255020 2449.1
1255030 2449.1
1255040 2449.4
1255050 2446.0
1255060 2446.0
1255070 2445.3
1255080 2446.5
1255090 2446.5
1255100 2449.3
1255110 2456.2
1255120 2456.2
1255130 2463.6
1255140 2463.3
1255150 2457.7
1255160 2457.7
1255170 2455.7
1255180 2459.0
1255190 2459.0
1255200 2442.7
1255210 2445.4
1255220 2445.4
1255230 2445.6
1255240 2443.3
1255250 2443.3
1255260 2436.0
1255270 2440.6
1255280 2440.6
1255290 2448.0
1255300 2442.1
1255310 2442.1
1255320 2438.4
1255330 2444.1
1255340 2441.0
1255350 2441.0
1255360 2432.1
1255370 2427.6
1255380 2427.6
1255390 2419.1
1255400 2419.7
1255410 2419.7
1255420 2430.9
1255430 2423.7
1255440 2423.7
1255450 2412.3
1255460 2402.1
1255470 2402.1
1255480 2392.3
1255490 2382.5
1255500 2382.5
1255510 2373.2
1255520 2367.8
1255530 2367.8
1255540 2366.1
1255550 2361.2
1255560 2364.4
1255570 2364.4
1255580 2362.0
1255590 2360.4
1255600 2360.4
1255610 2357.8
1255620 2356.2
1255630 2356.2
1255640 2352.1
1255650 2345.5
1255660 2345.5
1255670 2338.3
1255680 2326.9
1255690 2326.9
1255700 2327.2
1255710 2341.0
1255720 2341.0
1255730 2346.8
1255740 2346.5
1255750 2344.1
1255760 2342.8
1255770 2340.8
1255780 2336.6
1255790 2336.6
1255800 2329.7
1255810 2322.6
1255820 2322.6
1255830 2316.3
1255840 2308.9
1255850 2308.9
1255860 2301.0
1255870 2292.1
1255880 2292.1
1255890 2284.5
1255900 2275.5
1255910 2275.5
1255920 2267.3
1255930 2258.6
1255940 2258.6
1255950 2250.0
1255960 2244.7
1255970 2244.2
1255980 2244.2
1255990 2247.1
1256000 2245.0
1256010 2245.0
1256020 2246.7
1256030 2246.7
1256040 2246.7
1256050 2244.9
1256060 2239.3
1256070 2239.3
1256080 2229.3
1256090 2218.6
1256100 2218.6
1256110 2208.2
1256120 2203.8
1256130 2203.8
1256140 2203.6
1256150 2205.4
1256160 2205.4
1256170 2207.0
1256180 2209.8
1256190 2212.2
1256200 2212.2
1256210 2212.9
1256220 2215.2
1256230 2215.2
1256240 2217.3
1256250 2220.0
1256260 2220.0
1256270 2222.7
1256280 2225.3
1256290 2225.3
1256300 2220.3
1256310 2222.1
1256320 2222.1
1256330 2224.1
1256340 2225.7
1256350 2225.7
1256360 2226.0
1256370 2226.4
1256380 2226.4
1256390 2226.6
1256400 2228.3
1256410 2231.2
1256420 2231.2
1256430 2238.6
1256440 2245.3
1256450 2245.3
1256460 2247.9
1256470 2251.2
1256480 2251.2
1256490 2257.1
1256500 2267.5
1256510 2267.5
1256520 2277.7
1256530 2282.5
1256540 2282.5
1256550 2288.0
1256560 2290.9
1256570 2290.9
1256580 2286.8
1256590 2288.6
1256600 2288.6
1256610 2293.9
1256620 2295.9
1256630 2299.2
1256640 2299.2
1256650 2304.9
1256660 2312.2
1256670 2312.2
1256680 2317.6
1256690 2324.3
1256700 2324.3
1256710 2334.6
1256720 2345.2
1256730 2345.2
1256740 2355.2
1256750 2364.5
1256760 2364.5
1256770 2373.4
1256780 2380.7
1256790 2380.7
1256800 2388.2
1256810 2396.4
1256820 2406.4
1256830 2406.4
1256840 2414.0
1256850 2418.4
1256860 2410.5
1256870 2413.0
1256880 2416.5
1256890 2416.5
1256900 2423.6
1256910 2432.8
1256920 2432.8
1256930 2434.1
1256940 2427.5
1256950 2427.5
1256960 2422.0
1256970 2418.2
1256980 2418.2
1256990 2414.5
1257000 2407.0
1257010 2407.0
1257020 2396.7
1257030 2389.0
1257040 2382.8
1257050 2382.8
1257060 2379.3
1257070 2379.9
1257080 2379.9
1257090 2384.1
1257100 2386.6
1257110 2386.6
1257120 2381.2
1257130 2372.7
1257140 2372.7
1257150 2364.3
1257160 2355.5
1257170 2355.5
1257180 2347.6
1257190 2341.3
1257200 2341.3
1257210 2337.1
1257220 2334.4
1257230 2334.4
1257240 2329.8
1257250 2323.9
1257260 2317.8
1257270 2317.8
1257280 2310.4
1257290 2303.4
1257300 2303.4
1257310 2297.7
1257320 2290.5
1257330 2290.5
1257340 2283.2
1257350 2276.8
1257360 2276.8
1257370 2269.9
1257380 2263.0
1257390 2263.0
1257400 2258.5
1257410 2256.5
1257420 2250.0
1257430 2246.3
1257440 2240.2
1257450 2234.7
1257460 2234.7
1257470 2233.9
1257480 2234.1
1257490 2234.1
1257500 2232.4
1257510 2229.7
1257520 2229.7
1257530 2226.6
1257540 2223.1
1257550 2223.1
1257560 2220.2
1257570 2216.9
1257580 2216.9
1257590 2211.9
1257600 2206.5
1257610 2206.5
1257620 2201.5
1257630 2196.9
1257640 2196.9
1257650 2193.8
1257660 2191.8
1257670 2189.8
1257680 2189.8
1257690 2187.1
1257700 2183.6
1257710 2183.6
1257720 2179.5
1257730 2174.4
1257740 2174.4
1257750 2167.2
1257760 2158.9
1257770 2158.9
1257780 2150.3
1257790 2143.2
1257800 2143.2
1257810 2138.6
1257820 2130.7
1257830 2130.7
1257840 2121.7
1257850 2109.8
1257860 2109.8
1257870 2099.1
1257880 2093.3
1257890 2088.7
1257900 2088.7
1257910 2082.0
1257920 2073.5
1257930 2073.5
1257940 2064.7
1257950 2056.1
1257960 2056.1
1257970 2047.5
1257980 2039.0
1257990 2039.0
1258000 2031.3
1258010 2023.1
1258020 2023.1
1258030 2013.0
1258040 2002.9
1258050 2002.9
1258060 1992.8
1258070 1982.4
1258080 1971.9
1258090 1971.9
1258100 1959.1
1258110 1944.3
1258120 1944.3
1258130 1930.6
1258140 1922.5
1258150 1922.5
1258160 1918.5
1258170 1909.7
1258180 1909.7
1258190 1895.3
1258200 1880.3
1258210 1880.3
1258220 1875.5
1258230 1870.4
1258240 1870.4
1258250 1866.0
1258260 1862.4
1258270 1862.4
1258280 1860.7
1258290 1857.5
1258300 1854.3
1258310 1854.3
1258320 1851.7
1258330 1849.5
1258340 1849.5
1258350 1846.9
1258360 1842.5
1258370 1842.5
1258380 1837.6
1258390 1833.9
1258400 1833.9
1258410 1829.7
1258420 1823.6
1258430 1823.6
1258440 1816.4
1258450 1809.4
1258460 1809.4
1258470 1802.4
1258480 1795.4
1258490 1795.4
1258500 1788.8
1258510 1782.7
1258520 1776.6
1258530 1775.2
1258540 1769.2
1258550 1763.5
1258560 1763.5
1258570 1758.1
1258580 1753.4
1258590 1753.4
1258600 1750.1
1258610 1744.4
1258620 1744.4
1258630 1737.8
1258640 1731.9
1258650 1731.9
1258660 1722.2
1258670 1714.2
1258680 1714.2
1258690 1717.5
1258700 1723.8
1258710 1723.7
1258720 1723.7
1258730 1727.8
1258740 1728.9
1258750 1728.9
1258760 1727.0
1258770 1724.4
1258780 1724.4
1258790 1726.1
1258800 1727.6
1258810 1727.6
1258820 1726.4
1258830 1724.8
1258840 1724.8
1258850 1724.1
1258860 1725.2
1258870 1725.2
1258880 1721.8
1258890 1717.6
1258900 1717.6
1258910 1714.0
1258920 1705.2
1258930 1689.3
1258940 1689.3
1258950 1677.7
1258960 1669.8
1258970 1669.8
1258980 1661.8
1258990 1654.6
1259000 1654.6
1259010 1647.0
1259020 1639.1
1259030 1639.1
1259040 1631.8
1259050 1623.7
1259060 1623.7
1259070 1615.7
1259080 1607.9
1259090 1607.9
1259100 1596.2
1259110 1589.6
1259120 1589.6
1259130 1583.2
1259140 1575.8
1259150 1569.1
1259160 1569.1
1259170 1562.7
1259180 1556.1
1259190 1556.1
1259200 1549.4
1259210 1543.0
1259220 1543.0
1259230 1537.3
1259240 1531.9
1259250 1531.9
1259260 1526.9
1259270 1521.6
1259280 1521.6
1259290 1516.1
1259300 1510.4
1259310 1510.4
1259320 1505.5
1259330 1504.2
1259340 1504.2
1259350 1502.7
1259360 1501.2
1259370 1498.8
1259380 1498.8
1259390 1495.4
1259400 1491.9
1259410 1491.9
1259420 1488.9
1259430 1485.7
1259440 1485.7
1259450 1483.3
1259460 1481.2
1259470 1481.2
1259480 1478.2
1259490 1473.9
1259500 1473.9
1259510 1469.8
1259520 1465.4
1259530 1465.4
1259540 1462.8
1259550 1460.7
1259560 1456.9
1259570 1456.9
1259580 1453.1
1259590 1449.5
1259600 1449.5
1259610 1445.3
1259620 1442.1
1259630 1442.1
1259640 1439.3
1259650 1436.6
1259660 1433.8
1259670 1430.7
1259680 1427.6
1259690 1427.6
1259700 1424.0
1259710 1421.3
1259720 1421.3
1259730 1418.2
1259740 1415.0
1259750 1415.0
1259760 1412.0
1259770 1409.8
1259780 1407.7
1259790 1407.7
1259800 1405.2
1259810 1401.3
1259820 1401.3
1259830 1397.6
1259840 1394.4
1259850 1394.4
1259860 1391.8
1259870 1388.8
1259880 1388.8
1259890 1386.2
1259900 1383.7
1259910 1383.7
1259920 1381.0
1259930 1378.2
1259940 1378.2
1259950 1375.4
1259960 1373.1
1259970 1373.1
1259980 1370.8
1259990 1368.0
