1240000 2405.7
1240010 2405.7
1240020 2405.6
1240030 2405.0
1240040 2405.0
1240050 2404.4
1240060 2403.7
1240070 2403.7
1240080 2403.5
1240090 2403.0
1240100 2403.0
1240110 2403.0
1240120 2403.1
1240130 2403.1
1240140 2403.1
1240150 2403.4
1240160 2403.7
1240170 2403.7
1240180 2403.7
1240190 2403.4
1240200 2403.4
1240210 2403.1
1240220 2402.5
1240230 2402.5
1240240 2403.1
1240250 2404.9
1240260 2404.9
1240270 2405.2
1240280 2405.1
1240290 2405.1
1240300 2404.7
1240310 2403.2
1240320 2403.2
1240330 2401.6
1240340 2400.7
1240350 2398.1
1240360 2398.1
1240370 2394.0
1240380 2388.9
1240390 2388.9
1240400 2384.7
1240410 2382.4
1240420 2382.4
1240430 2380.1
1240440 2376.7
1240450 2376.7
1240460 2372.1
1240470 2367.2
1240480 2367.2
1240490 2362.0
1240500 2356.3
1240510 2356.3
1240520 2351.3
1240530 2347.2
1240540 2343.0
1240550 2343.0
1240560 2339.4
1240570 2334.9
1240580 2334.9
1240590 2329.3
1240600 2321.2
1240610 2321.2
1240620 2313.2
1240630 2300.6
1240640 2300.6
1240650 2291.9
1240660 2286.5
1240670 2286.5
1240680 2282.9
1240690 2280.2
1240700 2280.2
1240710 2278.0
1240720 2276.7
1240730 2276.7
1240740 2275.5
1240750 2274.1
1240760 2272.7
1240770 2272.7
1240780 2270.7
1240790 2268.0
1240800 2268.0
1240810 2264.8
1240820 2261.8
1240830 2261.8
1240840 2258.8
1240850 2254.8
1240860 2254.8
1240870 2249.6
1240880 2248.9
1240890 2248.9
1240900 2250.7
1240910 2250.7
1240920 2250.7
1240930 2250.3
1240940 2250.0
1240950 2250.0
1240960 2250.0
1240970 2249.1
1240980 2247.9
1240990 2247.9
1241000 2248.8
1241010 2249.5
1241020 2249.5
1241030 2249.6
1241040 2250.1
1241050 2250.1
1241060 2250.3
1241070 2250.8
1241080 2250.8
1241090 2249.0
1241100 2248.7
1241110 2248.7
1241120 2248.7
1241130 2248.0
1241140 2248.0
1241150 2247.1
1241160 2246.2
1241170 2245.4
1241180 2245.4
1241190 2244.3
1241200 2244.0
1241210 2244.0
1241220 2244.1
1241230 2243.7
1241240 2243.7
1241250 2243.8
1241260 2245.7
1241270 2245.7
1241280 2246.6
1241290 2247.2
1241300 2247.2
1241310 2250.1
1241320 2254.8
1241330 2254.8
1241340 2258.0
1241350 2261.4
1241360 2261.4
1241370 2265.1
1241380 2268.0
1241390 2270.3
1241400 2270.3
1241410 2271.5
1241420 2269.1
1241430 2269.1
1241440 2264.8
1241450 2262.3
1241460 2262.3
1241470 2261.0
1241480 2259.7
1241490 2259.7
1241500 2258.8
1241510 2257.4
1241520 2257.4
1241530 2256.3
1241540 2257.5
1241550 2257.5
1241560 2257.4
1241570 2256.2
1241580 2256.2
1241590 2255.5
1241600 2253.5
1241610 2245.0
1241620 2245.0
1241630 2243.9
1241640 2242.9
1241650 2242.9
1241660 2243.0
1241670 2243.1
1241680 2243.1
1241690 2242.2
1241700 2239.8
1241710 2239.8
1241720 2237.9
1241730 2237.9
1241740 2237.9
1241750 2237.6
1241760 2238.7
1241770 2238.7
1241780 2240.7
1241790 2239.5
1241800 2234.8
1241810 2234.8
1241820 2228.7
1241830 2222.0
1241840 2222.0
1241850 2216.2
1241860 2209.2
1241870 2209.2
1241880 2200.9
1241890 2196.5
1241900 2196.5
1241910 2199.0
1241920 2202.7
1241930 2202.7
1241940 2206.2
1241950 2204.8
1241960 2204.8
1241970 2201.1
1241980 2201.5
1241990 2201.5
1242000 2206.0
1242010 2206.2
1242020 2206.1
1242030 2206.1
1242040 2205.2
1242050 2202.4
1242060 2202.4
1242070 2200.8
1242080 2195.4
1242090 2195.4
1242100 2188.7
1242110 2183.9
1242120 2183.9
1242130 2172.8
1242140 2172.9
1242150 2172.9
1242160 2174.1
1242170 2169.7
1242180 2169.7
1242190 2165.3
1242200 2161.5
1242210 2161.5
1242220 2160.4
1242230 2158.5
1242240 2152.3
1242250 2152.3
1242260 2143.8
1242270 2134.2
1242280 2134.2
1242290 2124.2
1242300 2118.4
1242310 2118.4
1242320 2117.3
1242330 2117.8
1242340 2117.8
1242350 2118.4
1242360 2118.8
1242370 2118.8
1242380 2117.8
1242390 2113.6
1242400 2113.6
1242410 2113.2
1242420 2113.7
1242430 2113.9
1242440 2113.9
1242450 2116.5
1242460 2115.5
1242470 2115.5
1242480 2108.5
1242490 2102.2
1242500 2102.2
1242510 2099.9
1242520 2101.3
1242530 2101.3
1242540 2097.8
1242550 2092.1
1242560 2092.1
1242570 2090.3
1242580 2090.4
1242590 2090.4
1242600 2091.4
1242610 2093.6
1242620 2093.6
1242630 2090.2
1242640 2085.3
1242650 2082.5
1242660 2076.8
1242670 2071.7
1242680 2067.0
1242690 2067.0
1242700 2062.6
1242710 2055.5
1242720 2055.5
1242730 2050.8
1242740 2050.0
1242750 2050.0
1242760 2048.3
1242770 2041.1
1242780 2041.1
1242790 2025.2
1242800 2011.4
1242810 2011.4
1242820 1999.5
1242830 1993.6
1242840 1993.6
1242850 1995.2
1242860 2005.2
1242870 2008.5
1242880 2008.5
1242890 2007.3
1242900 2008.9
1242910 2008.9
1242920 2010.3
1242930 2010.8
1242940 2010.8
1242950 2007.3
1242960 1997.2
1242970 1997.2
1242980 1988.8
1242990 1985.0
1243000 1985.0
1243010 1982.3
1243020 1981.3
1243030 1981.3
1243040 1983.1
1243050 1987.4
1243060 1987.4
1243070 1992.6
1243080 1996.5
1243090 1993.1
1243100 1993.1
1243110 1986.0
1243120 1974.7
1243130 1974.7
1243140 1968.5
1243150 1962.5
1243160 1962.5
1243170 1956.7
1243180 1948.2
1243190 1948.2
1243200 1950.0
1243210 1953.8
1243220 1953.8
1243230 1956.5
1243240 1951.4
1243250 1951.4
1243260 1950.3
1243270 1948.3
1243280 1946.1
1243290 1946.1
1243300 1944.6
1243310 1943.7
1243320 1943.7
1243330 1943.1
1243340 1940.4
1243350 1940.4
1243360 1935.7
1243370 1931.6
1243380 1931.6
1243390 1929.5
1243400 1926.4
1243410 1926.4
1243420 1923.2
1243430 1921.4
1243440 1921.4
1243450 1919.9
1243460 1921.4
1243470 1921.4
1243480 1922.9
1243490 1919.9
1243500 1916.9
1243510 1916.9
1243520 1916.5
1243530 1913.0
1243540 1913.0
1243550 1906.4
1243560 1905.5
1243570 1905.5
1243580 1908.6
1243590 1904.6
1243600 1904.6
1243610 1900.8
1243620 1897.4
1243630 1897.4
1243640 1897.7
1243650 1896.2
1243660 1896.2
1243670 1892.3
1243680 1886.8
1243690 1886.8
1243700 1884.2
1243710 1878.4
1243720 1883.1
1243730 1883.1
1243740 1879.8
1243750 1870.7
1243760 1870.7
1243770 1861.8
1243780 1850.8
1243790 1850.8
1243800 1839.0
1243810 1831.4
1243820 1831.4
1243830 1825.7
1243840 1826.2
1243850 1826.2
1243860 1831.2
1243870 1835.4
1243880 1835.4
1243890 1839.0
1243900 1841.7
1243910 1842.9
1243920 1842.9
1243930 1840.5
1243940 1835.5
1243950 1835.5
1243960 1836.1
1243970 1836.4
1243980 1836.4
1243990 1835.7
1244000 1834.6
1244010 1834.6
1244020 1843.1
1244030 1847.9
1244040 1847.9
1244050 1848.3
1244060 1847.5
1244070 1847.5
1244080 1851.6
1244090 1857.4
1244100 1857.4
1244110 1858.7
1244120 1859.7
1244130 1861.5
1244140 1861.5
1244150 1862.1
1244160 1860.3
1244170 1860.3
1244180 1866.6
1244190 1874.1
1244200 1874.1
1244210 1877.6
1244220 1880.6
1244230 1872.8
1244240 1875.2
1244250 1878.7
1244260 1878.7
1244270 1884.6
1244280 1889.3
1244290 1889.3
1244300 1893.6
1244310 1899.6
1244320 1899.6
1244330 1905.3
1244340 1910.0
1244350 1912.0
1244360 1912.0
1244370 1916.4
1244380 1921.2
1244390 1921.2
1244400 1925.5
1244410 1928.7
1244420 1928.7
1244430 1931.2
1244440 1935.4
1244450 1935.4
1244460 1942.2
1244470 1949.2
1244480 1949.2
1244490 1954.1
1244500 1957.3
1244510 1957.3
1244520 1959.7
1244530 1963.1
1244540 1963.6
1244550 1963.6
1244560 1964.0
1244570 1965.9
1244580 1965.9
1244590 1968.7
1244600 1976.0
1244610 1976.0
1244620 1984.8
1244630 1990.6
1244640 1990.6
1244650 2007.2
1244660 2016.3
1244670 2016.3
1244680 2020.1
1244690 2022.8
1244700 2022.8
1244710 2024.3
1244720 2025.2
1244730 2025.2
1244740 2023.8
1244750 2021.1
1244760 2018.6
1244770 2018.6
1244780 2018.0
1244790 2015.6
1244800 2015.6
1244810 2013.1
1244820 2013.6
1244830 2013.6
1244840 2014.1
1244850 2014.2
1244860 2014.2
1244870 2013.8
1244880 2012.5
1244890 2012.5
1244900 2010.7
1244910 2009.2
1244920 2009.2
1244930 2007.6
1244940 2006.0
1244950 2006.0
1244960 2005.5
1244970 2004.7
1244980 2002.7
1244990 2002.7
1245000 2000.6
1245010 1998.2
1245020 1998.2
1245030 1993.1
1245040 1987.2
1245050 1987.2
1245060 1981.3
1245070 1976.1
1245080 1976.1
1245090 1972.0
1245100 1970.4
1245110 1970.4
1245120 1969.3
1245130 1963.9
1245140 1963.9
1245150 1954.5
1245160 1947.1
1245170 1942.3
1245180 1942.3
1245190 1934.4
1245200 1925.7
1245210 1925.7
1245220 1917.1
1245230 1908.3
1245240 1908.3
1245250 1902.0
1245260 1900.3
1245270 1900.3
1245280 1899.7
1245290 1892.3
1245300 1892.3
1245310 1889.5
1245320 1884.1
1245330 1884.1
1245340 1877.7
1245350 1870.8
1245360 1870.8
1245370 1863.7
1245380 1855.8
1245390 1849.9
1245400 1849.9
1245410 1846.8
1245420 1840.9
1245430 1840.9
1245440 1833.8
1245450 1828.7
1245460 1828.7
1245470 1822.8
1245480 1818.1
1245490 1818.1
1245500 1814.0
1245510 1808.0
1245520 1808.0
1245530 1801.8
1245540 1795.4
1245550 1795.4
1245560 1788.3
1245570 1781.4
1245580 1781.4
1245590 1775.3
1245600 1769.7
1245610 1765.2
1245620 1765.2
1245630 1763.4
1245640 1761.9
1245650 1761.9
1245660 1757.9
1245670 1753.1
1245680 1753.1
1245690 1746.5
1245700 1733.9
1245710 1733.9
1245720 1726.1
1245730 1729.2
1245740 1729.2
1245750 1739.9
1245760 1741.5
1245770 1741.5
1245780 1738.4
1245790 1732.9
1245800 1727.7
1245810 1727.7
1245820 1713.8
1245830 1708.6
1245840 1708.6
1245850 1705.5
1245860 1701.8
1245870 1701.8
1245880 1697.1
1245890 1692.2
1245900 1692.2
1245910 1686.0
1245920 1679.8
1245930 1679.8
1245940 1674.0
1245950 1665.6
1245960 1665.6
1245970 1657.6
1245980 1650.4
1245990 1650.4
1246000 1643.9
1246010 1639.0
1246020 1635.0
1246030 1635.0
1246040 1631.3
1246050 1626.8
1246060 1626.8
1246070 1622.0
1246080 1617.5
1246090 1617.5
1246100 1611.8
1246110 1604.9
1246120 1604.9
1246130 1597.1
1246140 1591.4
1246150 1591.4
1246160 1586.4
1246170 1580.0
1246180 1580.0
1246190 1573.6
1246200 1566.2
1246210 1566.2
1246220 1562.6
1246230 1560.8
1246240 1558.0
1246250 1558.0
1246260 1551.7
1246270 1544.0
1246280 1544.0
1246290 1536.8
1246300 1532.0
1246310 1532.0
1246320 1527.5
1246330 1523.2
1246340 1523.2
1246350 1515.2
1246360 1514.2
1246370 1514.2
1246380 1513.4
1246390 1513.4
1246400 1513.4
1246410 1514.1
1246420 1514.3
1246430 1515.3
1246440 1515.3
1246450 1516.4
1246460 1516.2
1246470 1516.2
1246480 1513.8
1246490 1509.3
1246500 1509.3
1246510 1505.4
1246520 1501.6
1246530 1501.6
1246540 1497.0
1246550 1492.8
1246560 1492.8
1246570 1489.2
1246580 1486.4
1246590 1486.4
1246600 1482.4
1246610 1479.0
1246620 1479.0
1246630 1477.2
1246640 1474.9
1246650 1472.4
1246660 1472.4
1246670 1467.9
1246680 1465.6
1246690 1465.6
1246700 1463.5
1246710 1461.3
1246720 1461.3
1246730 1460.0
1246740 1459.3
1246750 1459.3
1246760 1457.3
1246770 1452.4
1246780 1452.4
1246790 1448.7
1246800 1446.2
1246810 1446.2
1246820 1443.6
1246830 1441.4
1246840 1441.4
1246850 1438.9
1246860 1437.7
1246870 1437.6
1246880 1439.2
1246890 1440.0
1246900 1442.6
1246910 1442.6
1246920 1443.9
1246930 1443.6
1246940 1443.6
1246950 1442.8
1246960 1442.3
1246970 1442.3
1246980 1441.5
1246990 1441.4
1247000 1441.4
1247010 1441.0
1247020 1440.1
1247030 1440.1
1247040 1438.9
1247050 1438.2
1247060 1438.5
1247070 1438.5
1247080 1438.5
1247090 1438.5
1247100 1438.5
1247110 1439.7
1247120 1441.5
1247130 1441.5
1247140 1443.1
1247150 1445.2
1247160 1445.2
1247170 1446.8
1247180 1447.2
1247190 1447.2
1247200 1447.7
1247210 1448.1
1247220 1448.1
1247230 1449.3
1247240 1449.5
1247250 1449.5
1247260 1449.1
1247270 1448.7
1247280 1449.0
1247290 1449.0
1247300 1450.9
1247310 1453.0
1247320 1453.0
1247330 1455.1
1247340 1457.9
1247350 1457.9
1247360 1460.5
1247370 1463.4
1247380 1463.4
1247390 1465.8
1247400 1467.9
1247410 1474.2
1247420 1476.7
1247430 1479.3
1247440 1479.3
1247450 1481.1
1247460 1482.6
1247470 1482.6
1247480 1484.1
1247490 1484.2
1247500 1485.1
1247510 1485.1
1247520 1485.6
1247530 1488.2
1247540 1488.2
1247550 1491.3
1247560 1494.2
1247570 1494.2
1247580 1495.6
1247590 1492.4
1247600 1492.4
1247610 1491.3
1247620 1493.7
1247630 1493.7
1247640 1498.5
1247650 1500.6
1247660 1500.6
1247670 1506.4
1247680 1513.6
1247690 1516.4
1247700 1516.4
1247710 1514.6
1247720 1515.2
1247730 1515.2
1247740 1516.6
1247750 1520.6
1247760 1520.6
1247770 1524.0
1247780 1525.8
1247790 1525.8
1247800 1525.8
1247810 1529.6
1247820 1529.6
1247830 1535.6
1247840 1537.2
1247850 1537.2
1247860 1537.2
1247870 1539.4
1247880 1539.4
1247890 1541.4
1247900 1548.1
1247910 1554.4
1247920 1554.4
1247930 1559.2
1247940 1565.9
1247950 1570.7
1247960 1578.3
1247970 1584.2
1247980 1584.2
1247990 1588.6
1248000 1593.0
1248010 1593.0
1248020 1598.7
1248030 1603.5
1248040 1603.5
1248050 1606.6
1248060 1608.0
1248070 1608.0
1248080 1609.7
1248090 1612.6
1248100 1612.6
1248110 1615.0
1248120 1621.7
1248130 1631.3
1248140 1631.3
1248150 1639.1
1248160 1647.1
1248170 1647.1
1248180 1653.0
1248190 1653.8
1248200 1653.8
1248210 1646.3
1248220 1642.7
1248230 1642.7
1248240 1644.3
1248250 1644.2
1248260 1644.2
1248270 1641.8
1248280 1635.4
1248290 1635.4
1248300 1632.1
1248310 1629.6
1248320 1629.6
1248330 1622.0
1248340 1622.7
1248350 1624.9
1248360 1624.9
1248370 1627.1
1248380 1631.2
1248390 1631.2
1248400 1636.0
1248410 1639.7
1248420 1639.7
1248430 1640.4
1248440 1639.7
1248450 1639.7
1248460 1637.6
1248470 1636.7
1248480 1645.0
1248490 1646.1
1248500 1649.8
1248510 1649.8
1248520 1651.2
1248530 1651.5
1248540 1650.2
1248550 1650.2
1248560 1649.1
1248570 1648.4
1248580 1648.4
1248590 1648.0
1248600 1648.3
1248610 1648.3
1248620 1646.4
1248630 1643.3
1248640 1643.3
1248650 1641.6
1248660 1640.0
1248670 1640.0
1248680 1638.5
1248690 1636.1
1248700 1636.1
1248710 1633.3
1248720 1633.8
1248730 1633.8
1248740 1635.0
1248750 1635.1
1248760 1634.9
1248770 1634.9
1248780 1632.1
1248790 1631.5
1248800 1631.5
1248810 1635.8
1248820 1639.6
1248830 1639.6
1248840 1640.3
1248850 1640.7
1248860 1640.7
1248870 1643.4
1248880 1646.4
1248890 1646.4
1248900 1644.3
1248910 1641.3
1248920 1641.3
1248930 1638.4
1248940 1636.7
1248950 1636.7
1248960 1634.2
1248970 1633.9
1248980 1629.8
1248990 1629.8
1249000 1628.3
1249010 1623.1
1249020 1634.5
1249030 1630.6
1249040 1633.5
1249050 1633.5
1249060 1636.2
1249070 1636.6
1249080 1636.6
1249090 1631.5
1249100 1623.6
1249110 1623.6
1249120 1616.3
1249130 1606.3
1249140 1606.3
1249150 1591.3
1249160 1583.8
1249170 1580.2
1249180 1580.2
1249190 1577.0
1249200 1574.0
1249210 1574.0
1249220 1571.9
1249230 1570.2
1249240 1570.2
1249250 1568.9
1249260 1567.0
1249270 1567.0
1249280 1566.7
1249290 1569.1
1249300 1569.1
1249310 1569.5
1249320 1573.3
1249330 1573.3
1249340 1575.0
1249350 1570.0
1249360 1570.0
1249370 1563.0
1249380 1561.0
1249390 1560.2
1249400 1560.2
1249410 1559.4
1249420 1559.7
1249430 1559.7
1249440 1557.2
1249450 1550.9
1249460 1550.9
1249470 1545.1
1249480 1538.7
1249490 1538.7
1249500 1535.4
1249510 1536.4
1249520 1536.4
1249530 1541.0
1249540 1546.2
1249550 1546.2
1249560 1551.4
1249570 1558.3
1249580 1558.3
1249590 1564.8
1249600 1567.9
1249610 1569.3
1249620 1569.3
1249630 1570.6
1249640 1571.9
1249650 1571.9
1249660 1573.2
1249670 1574.7
1249680 1574.7
1249690 1576.1
1249700 1577.6
1249710 1577.6
1249720 1579.3
1249730 1581.2
1249740 1581.2
1249750 1582.4
1249760 1584.0
1249770 1584.0
1249780 1587.6
1249790 1592.5
1249800 1597.8
1249810 1597.8
1249820 1603.2
1249830 1608.4
1249840 1608.4
1249850 1613.3
1249860 1618.1
1249870 1618.1
1249880 1622.8
1249890 1627.6
1249900 1627.6
1249910 1632.4
1249920 1637.4
1249930 1637.4
1249940 1642.8
1249950 1649.2
1249960 1649.2
1249970 1656.3
1249980 1663.4
1249990 1663.4
1250000 1670.4
1250010 1676.7
1250020 1681.8
1250030 1681.8
1250040 1686.2
1250050 1692.5
1250060 1692.5
1250070 1700.9
1250080 1709.9
1250090 1709.9
1250100 1714.3
1250110 1720.2
1250120 1720.2
1250130 1726.2
1250140 1734.1
1250150 1734.1
1250160 1740.4
1250170 1744.2
1250180 1744.2
1250190 1747.0
1250200 1750.4
1250210 1750.4
1250220 1754.2
1250230 1758.1
1250240 1762.6
1250250 1762.6
1250260 1767.4
1250270 1772.3
1250280 1772.3
1250290 1777.7
1250300 1783.3
1250310 1783.3
1250320 1789.1
1250330 1794.8
1250340 1794.8
1250350 1800.6
1250360 1806.4
1250370 1806.4
1250380 1812.2
1250390 1818.0
1250400 1818.0
1250410 1824.0
1250420 1829.9
1250430 1835.5
1250440 1835.5
1250450 1840.9
1250460 1846.7
1250470 1846.7
1250480 1853.2
1250490 1862.1
1250500 1862.1
1250510 1876.3
1250520 1886.9
1250530 1886.9
1250540 1896.1
1250550 1902.6
1250560 1902.6
1250570 1909.4
1250580 1917.9
1250590 1917.9
1250600 1927.6
1250610 1938.6
1250620 1938.6
1250630 1954.8
1250640 1961.1
1250650 1969.4
1250660 1969.4
1250670 1982.5
1250680 1996.0
1250690 1996.0
1250700 2007.7
1250710 2017.7
1250720 2017.7
1250730 2024.2
1250740 2021.9
1250750 2021.9
1250760 2023.6
1250770 2031.1
1250780 2031.1
1250790 2038.8
1250800 2038.2
1250810 2038.2
1250820 2036.2
1250830 2039.3
1250840 2039.3
1250850 2050.1
1250860 2063.7
1250870 2076.1
1250880 2076.1
1250890 2087.1
1250900 2098.1
1250910 2098.1
1250920 2105.4
1250930 2109.0
1250940 2109.0
1250950 2111.4
1250960 2113.6
1250970 2113.6
1250980 2116.4
1250990 2120.8
1251000 2120.8
1251010 2124.6
1251020 2128.4
1251030 2128.4
1251040 2135.9
1251050 2142.9
1251060 2149.1
1251070 2149.1
1251080 2154.7
1251090 2159.4
1251100 2159.4
1251110 2164.7
1251120 2171.1
1251130 2171.1
1251140 2177.4
1251150 2183.6
1251160 2183.6
1251170 2191.0
1251180 2201.2
1251190 2201.2
1251200 2208.6
1251210 2215.6
1251220 2215.6
1251230 2221.7
1251240 2227.7
1251250 2227.7
1251260 2234.5
1251270 2242.0
1251280 2249.9
1251290 2249.9
1251300 2257.0
1251310 2263.8
1251320 2263.8
1251330 2271.4
1251340 2279.0
1251350 2279.0
1251360 2286.0
1251370 2292.9
1251380 2292.9
1251390 2299.6
1251400 2306.5
1251410 2306.5
1251420 2312.8
1251430 2318.5
1251440 2318.5
1251450 2324.6
1251460 2332.1
1251470 2332.1
1251480 2340.6
1251490 2348.6
1251500 2356.4
1251510 2356.4
1251520 2363.9
1251530 2371.5
1251540 2371.5
1251550 2379.8
1251560 2388.5
1251570 2388.5
1251580 2396.9
1251590 2404.5
1251600 2404.5
1251610 2412.1
1251620 2420.5
1251630 2420.5
1251640 2430.1
1251650 2441.2
1251660 2441.2
1251670 2450.3
1251680 2460.3
1251690 2468.4
1251700 2468.4
1251710 2475.9
1251720 2483.3
1251730 2488.8
1251740 2495.3
1251750 2501.7
1251760 2501.7
1251770 2509.6
1251780 2518.1
1251790 2518.1
1251800 2525.9
1251810 2533.8
1251820 2533.8
1251830 2541.2
1251840 2547.7
1251850 2547.7
1251860 2554.8
1251870 2562.7
1251880 2562.7
1251890 2571.5
1251900 2581.1
1251910 2591.8
1251920 2591.8
1251930 2605.5
1251940 2614.3
1251950 2614.3
1251960 2622.2
1251970 2630.0
1251980 2630.0
1251990 2639.2
1252000 2648.6
1252010 2648.6
1252020 2657.1
1252030 2664.1
1252040 2664.1
1252050 2668.7
1252060 2672.4
1252070 2672.4
1252080 2677.3
1252090 2684.7
1252100 2684.7
1252110 2692.4
1252120 2694.7
1252130 2698.5
1252140 2698.5
1252150 2705.3
1252160 2713.2
1252170 2713.2
1252180 2717.5
1252190 2720.6
1252200 2720.6
1252210 2727.8
1252220 2736.0
1252230 2736.0
1252240 2745.2
1252250 2755.2
1252260 2755.2
1252270 2753.1
1252280 2758.1
1252290 2758.1
1252300 2765.0
1252310 2774.0
1252320 2777.5
1252330 2777.5
1252340 2779.6
1252350 2780.4
1252360 2780.4
1252370 2784.4
1252380 2797.7
1252390 2797.7
1252400 2804.7
1252410 2810.3
1252420 2810.3
1252430 2818.4
1252440 2826.0
1252450 2826.0
1252460 2835.1
1252470 2845.2
1252480 2845.2
1252490 2855.5
1252500 2864.6
1252510 2864.6
1252520 2870.9
1252530 2872.0
1252540 2871.5
1252550 2871.5
1252560 2876.4
1252570 2887.6
1252580 2887.6
1252590 2894.8
1252600 2900.2
1252610 2900.2
1252620 2905.6
1252630 2912.5
1252640 2912.5
1252650 2923.7
1252660 2936.9
1252670 2936.9
1252680 2950.0
1252690 2958.7
1252700 2958.7
1252710 2963.0
1252720 2962.2
1252730 2962.2
1252740 2962.0
1252750 2960.4
1252760 2959.5
1252770 2959.5
1252780 2958.7
1252790 2956.0
1252800 2956.0
1252810 2952.4
1252820 2944.3
1252830 2944.3
1252840 2941.0
1252850 2938.9
1252860 2938.9
1252870 2936.2
1252880 2932.8
1252890 2932.8
1252900 2929.5
1252910 2925.8
1252920 2925.8
1252930 2921.7
1252940 2916.9
1252950 2916.9
1252960 2912.4
1252970 2908.7
1252980 2906.1
1252990 2906.1
1253000 2902.8
1253010 2898.9
1253020 2898.9
1253030 2895.8
1253040 2894.1
1253050 2894.1
1253060 2890.7
1253070 2887.6
1253080 2887.6
1253090 2887.3
1253100 2887.7
1253110 2887.7
1253120 2887.8
1253130 2893.0
1253140 2893.0
1253150 2901.6
1253160 2900.5
1253170 2894.6
1253180 2894.6
1253190 2888.6
1253200 2884.6
1253210 2884.6
1253220 2881.9
1253230 2882.9
1253240 2882.9
1253250 2883.8
1253260 2879.8
1253270 2879.8
1253280 2874.0
1253290 2869.2
1253300 2869.2
1253310 2868.4
1253320 2863.4
1253330 2863.4
1253340 2859.0
1253350 2860.5
1253360 2873.3
1253370 2871.1
1253380 2866.3
1253390 2860.3
1253400 2860.3
1253410 2853.5
1253420 2846.4
1253430 2846.4
1253440 2840.0
1253450 2832.7
1253460 2832.7
1253470 2824.8
1253480 2814.0
1253490 2814.0
1253500 2801.5
1253510 2792.1
1253520 2792.1
1253530 2783.2
1253540 2773.4
1253550 2773.4
1253560 2766.0
1253570 2762.6
1253580 2762.6
1253590 2760.2
1253600 2760.7
1253610 2757.4
1253620 2757.4
1253630 2753.6
1253640 2748.9
1253650 2748.9
1253660 2746.2
1253670 2740.7
1253680 2740.7
1253690 2733.8
1253700 2726.1
1253710 2726.1
1253720 2715.7
1253730 2709.9
1253740 2709.9
1253750 2713.3
1253760 2716.3
1253770 2716.3
1253780 2711.7
1253790 2706.0
1253800 2702.0
1253810 2702.0
1253820 2701.8
1253830 2703.4
1253840 2703.4
1253850 2695.5
1253860 2688.9
1253870 2688.9
1253880 2683.4
1253890 2681.4
1253900 2681.4
1253910 2686.6
1253920 2687.2
1253930 2687.2
1253940 2687.3
1253950 2682.0
1253960 2682.0
1253970 2677.0
1253980 2674.7
1253990 2674.7
1254000 2670.4
1254010 2663.8
1254020 2661.9
1254030 2661.9
1254040 2663.1
1254050 2663.3
1254060 2663.3
1254070 2660.8
1254080 2656.1
1254090 2656.1
1254100 2648.6
1254110 2638.7
1254120 2638.7
1254130 2629.1
1254140 2619.4
1254150 2619.4
1254160 2608.3
1254170 2598.0
1254180 2598.0
1254190 2588.8
1254200 2579.6
1254210 2579.6
1254220 2570.8
1254230 2560.5
1254240 2550.8
1254250 2550.8
1254260 2542.0
1254270 2533.7
1254280 2533.7
1254290 2523.3
1254300 2514.3
1254310 2514.3
1254320 2508.5
1254330 2504.4
1254340 2504.4
1254350 2499.6
1254360 2492.4
1254370 2492.4
1254380 2485.2
1254390 2477.7
1254400 2477.7
1254410 2470.4
1254420 2463.8
1254430 2457.9
1254440 2457.9
1254450 2451.8
1254460 2441.0
1254470 2441.0
1254480 2434.0
1254490 2427.4
1254500 2427.4
1254510 2421.1
1254520 2414.8
1254530 2414.8
1254540 2408.7
1254550 2403.8
1254560 2403.8
1254570 2398.3
1254580 2393.4
1254590 2393.4
1254600 2388.1
1254610 2382.9
1254620 2382.9
1254630 2377.4
1254640 2372.1
1254650 2367.0
1254660 2367.0
1254670 2362.1
1254680 2356.8
1254690 2356.8
1254700 2351.5
1254710 2346.1
1254720 2346.1
1254730 2341.5
1254740 2339.2
1254750 2339.2
1254760 2340.1
1254770 2342.0
1254780 2342.0
1254790 2342.6
1254800 2340.1
1254810 2340.1
1254820 2335.3
1254830 2329.6
1254840 2329.6
1254850 2324.1
1254860 2318.9
1254870 2313.9
1254880 2313.9
1254890 2309.4
1254900 2305.4
1254910 2305.4
1254920 2301.8
1254930 2298.4
1254940 2298.4
1254950 2293.0
1254960 2284.5
1254970 2284.5
1254980 2276.7
1254990 2269.1
1255000 2269.1
1255010 2260.2
1255020 2253.0
1255030 2253.0
1255040 2246.1
1255050 2239.7
1255060 2233.2
1255070 2233.2
1255080 2227.3
1255090 2222.1
1255100 2222.1
1255110 2217.2
1255120 2209.6
1255130 2209.6
1255140 2200.6
1255150 2193.3
1255160 2193.3
1255170 2190.3
1255180 2187.6
1255190 2187.6
1255200 2184.5
1255210 2181.5
1255220 2181.5
1255230 2179.9
1255240 2179.9
1255250 2179.9
1255260 2179.4
1255270 2177.4
1255280 2174.9
1255290 2174.9
1255300 2171.5
1255310 2168.5
1255320 2168.5
1255330 2166.1
1255340 2161.6
1255350 2161.6
1255360 2155.5
1255370 2149.8
1255380 2149.8
1255390 2144.6
1255400 2139.3
1255410 2139.3
1255420 2134.3
1255430 2129.1
1255440 2129.1
1255450 2123.8
1255460 2118.6
1255470 2118.6
1255480 2113.8
1255490 2109.5
1255500 2105.9
1255510 2105.9
1255520 2103.0
1255530 2100.4
1255540 2100.4
1255550 2098.1
1255560 2092.8
1255570 2092.8
1255580 2089.9
1255590 2086.9
1255600 2086.9
1255610 2084.3
1255620 2081.8
1255630 2081.8
1255640 2078.9
1255650 2075.7
1255660 2075.7
1255670 2074.2
1255680 2072.6
1255690 2070.5
1255700 2070.5
1255710 2069.2
1255720 2068.2
1255730 2068.2
1255740 2065.4
1255750 2064.8
1255760 2064.8
1255770 2062.0
1255780 2059.1
1255790 2059.1
1255800 2056.7
1255810 2053.5
1255820 2053.5
1255830 2050.4
1255840 2047.9
1255850 2047.9
1255860 2045.5
1255870 2043.2
1255880 2043.2
1255890 2040.7
1255900 2038.0
1255910 2035.0
1255920 2035.0
1255930 2032.5
1255940 2030.4
1255950 2030.4
1255960 2028.3
1255970 2026.4
1255980 2026.4
1255990 2024.7
1256000 2023.6
1256010 2023.6
1256020 2024.6
1256030 2026.3
1256040 2026.3
1256050 2026.3
1256060 2026.8
1256070 2026.8
1256080 2028.2
1256090 2030.7
1256100 2030.7
1256110 2032.5
1256120 2029.9
1256130 2032.8
1256140 2032.8
1256150 2035.4
1256160 2036.1
1256170 2036.1
1256180 2035.6
1256190 2035.1
1256200 2035.1
1256210 2034.6
1256220 2033.0
1256230 2033.0
1256240 2030.6
1256250 2029.1
1256260 2029.1
1256270 2029.5
1256280 2030.3
1256290 2030.3
1256300 2031.0
1256310 2031.7
1256320 2032.8
1256330 2032.8
1256340 2034.7
1256350 2036.7
1256360 2036.7
1256370 2038.6
1256380 2040.8
1256390 2040.8
1256400 2043.7
1256410 2047.0
1256420 2047.0
1256430 2049.8
1256440 2058.0
1256450 2058.0
1256460 2069.5
1256470 2076.3
1256480 2076.3
1256490 2082.3
1256500 2087.8
1256510 2087.8
1256520 2092.5
1256530 2095.4
1256540 2096.8
1256550 2096.8
1256560 2099.0
1256570 2101.7
1256580 2101.7
1256590 2104.0
1256600 2106.4
1256610 2106.4
1256620 2108.7
1256630 2111.1
1256640 2111.1
1256650 2114.3
1256660 2117.9
1256670 2112.1
1256680 2116.0
1256690 2123.1
1256700 2123.1
1256710 2129.4
1256720 2137.7
1256730 2137.7
1256740 2146.1
1256750 2151.8
1256760 2152.9
1256770 2152.9
1256780 2155.0
1256790 2157.2
1256800 2157.2
1256810 2157.8
1256820 2161.7
1256830 2161.7
1256840 2167.8
1256850 2175.5
1256860 2175.5
1256870 2181.6
1256880 2187.2
1256890 2187.2
1256900 2192.8
1256910 2199.3
1256920 2199.3
1256930 2206.2
1256940 2212.0
1256950 2216.9
1256960 2216.9
1256970 2221.2
1256980 2230.6
1256990 2230.6
1257000 2243.1
1257010 2252.8
1257020 2252.8
1257030 2252.4
1257040 2246.9
1257050 2246.9
1257060 2238.3
1257070 2228.7
1257080 2228.7
1257090 2220.5
1257100 2212.8
1257110 2212.8
1257120 2205.3
1257130 2198.0
1257140 2198.0
1257150 2191.1
1257160 2183.6
1257170 2176.7
1257180 2176.7
1257190 2169.5
1257200 2161.2
1257210 2161.2
1257220 2152.2
1257230 2143.7
1257240 2143.7
1257250 2136.0
1257260 2126.0
1257270 2126.0
1257280 2113.7
1257290 2105.0
1257300 2105.0
1257310 2100.8
1257320 2096.6
1257330 2096.6
1257340 2092.4
1257350 2088.8
1257360 2088.8
1257370 2085.6
1257380 2082.2
1257390 2078.7
1257400 2078.7
1257410 2075.0
1257420 2071.5
1257430 2071.5
1257440 2067.9
1257450 2064.6
1257460 2064.6
1257470 2061.1
1257480 2057.9
1257490 2057.9
1257500 2053.1
1257510 2048.1
1257520 2048.1
1257530 2043.5
1257540 2039.3
1257550 2039.3
1257560 2037.3
1257570 2036.0
1257580 2035.2
1257590 2035.2
1257600 2034.2
1257610 2032.9
1257620 2032.9
1257630 2030.4
1257640 2027.3
1257650 2027.3
1257660 2023.8
1257670 2019.7
1257680 2019.7
1257690 2015.6
1257700 2011.1
1257710 2011.1
1257720 2006.3
1257730 2001.6
1257740 2001.6
1257750 1997.2
1257760 1993.5
1257770 1993.5
1257780 1989.6
1257790 1980.8
1257800 1976.3
1257810 1976.3
1257820 1972.1
1257830 1966.9
1257840 1966.9
1257850 1959.8
1257860 1952.9
1257870 1952.9
1257880 1948.3
1257890 1943.9
1257900 1943.9
1257910 1941.1
1257920 1937.3
1257930 1937.3
1257940 1933.8
1257950 1932.4
1257960 1932.4
1257970 1929.6
1257980 1927.1
1257990 1927.1
1258000 1923.7
1258010 1919.7
1258020 1915.0
1258030 1915.0
1258040 1910.2
1258050 1905.5
1258060 1905.5
1258070 1899.9
1258080 1892.6
1258090 1892.6
1258100 1885.3
1258110 1877.6
1258120 1877.6
1258130 1870.8
1258140 1863.4
1258150 1863.4
1258160 1855.8
1258170 1847.5
1258180 1847.5
1258190 1839.2
1258200 1831.9
1258210 1824.5
1258220 1824.5
1258230 1815.7
1258240 1807.2
1258250 1807.2
1258260 1798.5
1258270 1789.1
1258280 1789.1
1258290 1782.2
1258300 1775.3
1258310 1775.3
1258320 1767.3
1258330 1758.8
1258340 1758.8
1258350 1747.5
1258360 1739.3
1258370 1739.3
1258380 1731.0
1258390 1723.1
1258400 1723.1
1258410 1716.1
1258420 1710.1
1258430 1705.9
1258440 1705.9
1258450 1703.1
1258460 1698.7
1258470 1698.7
1258480 1693.3
1258490 1684.8
1258500 1684.8
1258510 1675.0
1258520 1663.5
1258530 1663.5
1258540 1655.3
1258550 1650.1
1258560 1650.1
1258570 1645.3
1258580 1641.3
1258590 1641.3
1258600 1636.9
1258610 1632.0
1258620 1632.0
1258630 1629.6
1258640 1627.3
1258650 1624.2
1258660 1624.2
1258670 1621.6
1258680 1618.9
1258690 1618.9
1258700 1616.7
1258710 1616.8
1258720 1616.8
1258730 1618.8
1258740 1620.0
1258750 1620.0
1258760 1616.5
1258770 1611.1
1258780 1611.1
1258790 1606.2
1258800 1602.5
1258810 1602.5
1258820 1598.6
1258830 1596.2
1258840 1594.3
1258850 1594.3
1258860 1590.6
1258870 1587.4
1258880 1587.4
1258890 1585.1
1258900 1581.5
1258910 1579.7
1258920 1574.8
1258930 1570.2
1258940 1570.2
1258950 1565.0
1258960 1559.7
1258970 1559.7
1258980 1554.9
1258990 1550.9
1259000 1550.9
1259010 1546.3
1259020 1541.4
1259030 1541.4
1259040 1535.5
1259050 1528.7
1259060 1521.3
1259070 1521.3
1259080 1514.1
1259090 1507.6
1259100 1507.6
1259110 1501.4
1259120 1494.4
1259130 1494.4
1259140 1487.5
1259150 1480.0
1259160 1480.0
1259170 1472.8
1259180 1466.9
1259190 1466.9
1259200 1460.2
1259210 1455.1
1259220 1455.1
1259230 1452.5
1259240 1453.5
1259250 1453.5
1259260 1453.8
1259270 1450.9
1259280 1449.1
1259290 1449.1
1259300 1447.5
1259310 1445.0
1259320 1445.0
1259330 1442.4
1259340 1439.7
1259350 1439.7
1259360 1436.2
1259370 1432.6
1259380 1432.6
1259390 1430.1
1259400 1428.1
1259410 1428.1
1259420 1426.2
1259430 1424.3
1259440 1424.3
1259450 1422.4
1259460 1420.7
1259470 1416.7
1259480 1416.7
1259490 1414.7
1259500 1412.1
1259510 1412.1
1259520 1409.6
1259530 1407.6
1259540 1407.6
1259550 1404.7
1259560 1401.3
1259570 1401.3
1259580 1397.8
1259590 1392.2
1259600 1392.2
1259610 1388.5
1259620 1385.7
1259630 1385.7
1259640 1386.2
1259650 1389.4
1259660 1389.4
1259670 1393.9
1259680 1397.5
1259690 1400.4
1259700 1400.4
1259710 1402.3
1259720 1403.0
1259730 1403.0
1259740 1404.0
1259750 1405.5
1259760 1405.5
1259770 1408.8
1259780 1412.9
1259790 1412.9
1259800 1417.4
1259810 1421.6
1259820 1421.6
1259830 1426.2
1259840 1431.8
1259850 1431.8
1259860 1436.8
1259870 1441.7
1259880 1441.7
1259890 1455.4
1259900 1470.9
1259910 1480.2
1259920 1480.2
1259930 1487.5
1259940 1495.4
1259950 1495.4
1259960 1501.5
1259970 1505.1
1259980 1505.1
1259990 1505.0
