1240000 3081.9
1240010 3076.8
1240020 3076.8
1240030 3075.4
1240040 3076.0
1240050 3076.0
1240060 3074.9
1240070 3074.8
1240080 3064.3
1240090 3064.9
1240100 3067.3
1240110 3068.8
1240120 3068.8
1240130 3065.2
1240140 3061.6
1240150 3061.6
1240160 3057.3
1240170 3053.4
1240180 3053.4
1240190 3052.4
1240200 3048.8
1240210 3048.8
1240220 3046.8
1240230 3044.6
1240240 3044.6
1240250 3043.2
1240260 3043.7
1240270 3043.7
1240280 3044.5
1240290 3044.5
1240300 3044.5
1240310 3040.4
1240320 3031.0
1240330 3024.4
1240340 3024.4
1240350 3019.3
1240360 3014.2
1240370 3014.2
1240380 3010.7
1240390 3006.7
1240400 3006.7
1240410 3000.5
1240420 2990.8
1240430 2990.8
1240440 2985.4
1240450 2979.5
1240460 2979.5
1240470 2976.0
1240480 2971.0
1240490 2971.0
1240500 2967.8
1240510 2961.8
1240520 2954.5
1240530 2954.5
1240540 2946.1
1240550 2935.1
1240560 2935.1
1240570 2928.4
1240580 2917.6
1240590 2917.6
1240600 2907.0
1240610 2886.2
1240620 2886.2
1240630 2873.9
1240640 2866.4
1240650 2866.4
1240660 2861.3
1240670 2857.6
1240680 2857.6
1240690 2853.7
1240700 2850.9
1240710 2850.9
1240720 2846.1
1240730 2842.9
1240740 2841.9
1240750 2841.9
1240760 2840.5
1240770 2838.5
1240780 2838.5
1240790 2835.9
1240800 2835.8
1240810 2835.8
1240820 2836.7
1240830 2838.0
1240840 2838.0
1240850 2837.6
1240860 2833.4
1240870 2833.4
1240880 2827.5
1240890 2823.9
1240900 2823.9
1240910 2822.1
1240920 2820.3
1240930 2820.3
1240940 2820.0
1240950 2820.1
1240960 2816.9
1240970 2816.9
1240980 2811.4
1240990 2808.9
1241000 2808.9
1241010 2807.2
1241020 2804.6
1241030 2804.6
1241040 2801.9
1241050 2798.3
1241060 2798.3
1241070 2792.7
1241080 2789.6
1241090 2789.6
1241100 2787.3
1241110 2784.4
1241120 2783.4
1241130 2780.7
1241140 2778.9
1241150 2778.9
1241160 2777.5
1241170 2776.1
1241180 2776.0
1241190 2776.0
1241200 2778.7
1241210 2781.4
1241220 2781.4
1241230 2781.9
1241240 2781.4
1241250 2781.4
1241260 2779.4
1241270 2781.1
1241280 2781.1
1241290 2782.9
1241300 2783.4
1241310 2783.4
1241320 2783.5
1241330 2786.0
1241340 2786.0
1241350 2787.2
1241360 2787.5
1241370 2788.7
1241380 2788.7
1241390 2789.6
1241400 2790.1
1241410 2790.1
1241420 2790.9
1241430 2792.8
1241440 2792.8
1241450 2795.7
1241460 2802.9
1241470 2802.9
1241480 2816.2
1241490 2828.8
1241500 2828.8
1241510 2842.0
1241520 2855.6
1241530 2855.6
1241540 2862.5
1241550 2868.2
1241560 2868.2
1241570 2874.9
1241580 2881.1
1241590 2886.4
1241600 2886.4
1241610 2891.4
1241620 2896.7
1241630 2896.7
1241640 2897.2
1241650 2902.7
1241660 2902.7
1241670 2907.8
1241680 2913.7
1241690 2913.7
1241700 2920.4
1241710 2924.0
1241720 2924.0
1241730 2924.0
1241740 2924.0
1241750 2924.0
1241760 2922.4
1241770 2909.6
1241780 2909.6
1241790 2905.6
1241800 2910.3
1241810 2914.4
1241820 2914.4
1241830 2916.5
1241840 2915.7
1241850 2915.7
1241860 2914.2
1241870 2912.6
1241880 2912.6
1241890 2923.1
1241900 2931.6
1241910 2931.6
1241920 2935.4
1241930 2928.5
1241940 2928.5
1241950 2922.2
1241960 2915.8
1241970 2915.8
1241980 2905.7
1241990 2893.7
1242000 2893.7
1242010 2883.4
1242020 2875.9
1242030 2869.4
1242040 2869.4
1242050 2864.2
1242060 2861.6
1242070 2861.6
1242080 2856.0
1242090 2846.3
1242100 2846.3
1242110 2837.5
1242120 2829.7
1242130 2829.7
1242140 2822.6
1242150 2812.2
1242160 2799.0
1242170 2785.9
1242180 2768.4
1242190 2768.4
1242200 2753.9
1242210 2748.5
1242220 2744.9
1242230 2744.9
1242240 2740.4
1242250 2737.7
1242260 2737.7
1242270 2735.7
1242280 2732.1
1242290 2732.1
1242300 2727.7
1242310 2718.3
1242320 2718.3
1242330 2710.0
1242340 2705.2
1242350 2705.2
1242360 2702.9
1242370 2701.7
1242380 2701.7
1242390 2702.3
1242400 2700.4
1242410 2700.4
1242420 2697.9
1242430 2692.9
1242440 2687.9
1242450 2687.9
1242460 2681.0
1242470 2676.9
1242480 2676.9
1242490 2674.5
1242500 2667.0
1242510 2667.0
1242520 2658.6
1242530 2651.1
1242540 2651.1
1242550 2643.2
1242560 2636.9
1242570 2636.9
1242580 2634.2
1242590 2630.9
1242600 2630.9
1242610 2630.4
1242620 2632.3
1242630 2632.3
1242640 2631.0
1242650 2626.2
1242660 2624.3
1242670 2624.3
1242680 2616.4
1242690 2612.0
1242700 2612.0
1242710 2607.9
1242720 2604.0
1242730 2604.0
1242740 2601.2
1242750 2599.3
1242760 2599.3
1242770 2596.3
1242780 2592.8
1242790 2592.8
1242800 2592.9
1242810 2596.1
1242820 2596.1
1242830 2598.6
1242840 2598.5
1242850 2598.5
1242860 2598.3
1242870 2598.5
1242880 2598.0
1242890 2598.0
1242900 2596.0
1242910 2591.9
1242920 2591.9
1242930 2587.9
1242940 2583.7
1242950 2583.7
1242960 2578.7
1242970 2574.4
1242980 2574.4
1242990 2570.7
1243000 2567.5
1243010 2567.5
1243020 2563.8
1243030 2559.7
1243040 2559.7
1243050 2556.6
1243060 2554.3
1243070 2550.6
1243080 2550.6
1243090 2546.5
1243100 2542.2
1243110 2542.2
1243120 2538.5
1243130 2535.4
1243140 2535.4
1243150 2531.8
1243160 2529.4
1243170 2529.4
1243180 2528.1
1243190 2526.8
1243200 2526.8
1243210 2518.9
1243220 2517.1
1243230 2517.1
1243240 2514.8
1243250 2512.8
1243260 2512.8
1243270 2511.5
1243280 2510.6
1243290 2510.9
1243300 2510.9
1243310 2512.2
1243320 2512.4
1243330 2512.4
1243340 2513.4
1243350 2514.7
1243360 2514.7
1243370 2516.3
1243380 2516.4
1243390 2516.4
1243400 2516.4
1243410 2517.5
1243420 2517.5
1243430 2518.3
1243440 2516.1
1243450 2516.1
1243460 2513.8
1243470 2512.3
1243480 2512.3
1243490 2509.7
1243500 2508.6
1243510 2506.3
1243520 2506.3
1243530 2504.3
1243540 2506.4
1243550 2506.4
1243560 2506.6
1243570 2505.6
1243580 2505.6
1243590 2504.2
1243600 2502.9
1243610 2502.9
1243620 2502.8
1243630 2504.2
1243640 2504.2
1243650 2505.2
1243660 2504.6
1243670 2504.6
1243680 2501.5
1243690 2498.3
1243700 2498.3
1243710 2497.1
1243720 2497.6
1243730 2489.3
1243740 2489.3
1243750 2490.2
1243760 2493.2
1243770 2493.2
1243780 2496.1
1243790 2496.4
1243800 2496.4
1243810 2497.9
1243820 2502.1
1243830 2502.1
1243840 2507.2
1243850 2513.9
1243860 2513.9
1243870 2519.7
1243880 2522.5
1243890 2522.5
1243900 2521.7
1243910 2520.6
1243920 2520.3
1243930 2520.3
1243940 2519.5
1243950 2519.0
1243960 2519.0
1243970 2519.0
1243980 2520.1
1243990 2520.1
1244000 2522.0
1244010 2519.6
1244020 2519.6
1244030 2513.6
1244040 2512.5
1244050 2512.5
1244060 2516.8
1244070 2526.3
1244080 2526.3
1244090 2532.7
1244100 2541.6
1244110 2541.6
1244120 2552.0
1244130 2561.9
1244140 2570.5
1244150 2570.5
1244160 2577.2
1244170 2582.5
1244180 2582.5
1244190 2586.3
1244200 2585.3
1244210 2585.3
1244220 2582.3
1244230 2579.0
1244240 2579.0
1244250 2577.6
1244260 2575.7
1244270 2575.7
1244280 2579.6
1244290 2580.9
1244300 2580.9
1244310 2581.0
1244320 2580.9
1244330 2580.9
1244340 2579.4
1244350 2576.7
1244360 2571.6
1244370 2571.6
1244380 2565.9
1244390 2561.3
1244400 2561.3
1244410 2558.3
1244420 2561.0
1244430 2561.0
1244440 2563.6
1244450 2565.5
1244460 2565.5
1244470 2567.3
1244480 2569.1
1244490 2569.1
1244500 2570.5
1244510 2571.3
1244520 2571.3
1244530 2571.7
1244540 2572.6
1244550 2572.6
1244560 2572.4
1244570 2570.8
1244580 2571.2
1244590 2571.2
1244600 2573.1
1244610 2575.1
1244620 2575.1
1244630 2577.3
1244640 2580.5
1244650 2580.5
1244660 2584.4
1244670 2587.0
1244680 2587.0
1244690 2587.2
1244700 2587.2
1244710 2587.2
1244720 2589.4
1244730 2590.6
1244740 2590.6
1244750 2588.8
1244760 2590.1
1244770 2594.7
1244780 2594.7
1244790 2579.8
1244800 2576.0
1244810 2576.0
1244820 2575.9
1244830 2576.8
1244840 2576.8
1244850 2580.6
1244860 2578.7
1244870 2578.7
1244880 2573.9
1244890 2573.6
1244900 2573.6
1244910 2582.7
1244920 2591.5
1244930 2591.5
1244940 2590.2
1244950 2585.1
1244960 2585.1
1244970 2584.7
1244980 2587.7
1244990 2584.7
1245000 2584.7
1245010 2578.0
1245020 2574.4
1245030 2574.4
1245040 2576.3
1245050 2583.8
1245060 2583.8
1245070 2591.0
1245080 2588.5
1245090 2588.5
1245100 2578.0
1245110 2568.2
1245120 2568.2
1245130 2562.4
1245140 2555.4
1245150 2555.4
1245160 2547.9
1245170 2541.5
1245180 2541.5
1245190 2534.8
1245200 2528.2
1245210 2519.9
1245220 2519.9
1245230 2511.9
1245240 2503.5
1245250 2503.5
1245260 2490.4
1245270 2479.8
1245280 2479.8
1245290 2472.2
1245300 2462.6
1245310 2462.6
1245320 2452.6
1245330 2442.2
1245340 2442.2
1245350 2430.9
1245360 2420.3
1245370 2420.3
1245380 2407.8
1245390 2398.1
1245400 2398.1
1245410 2390.6
1245420 2383.6
1245430 2376.8
1245440 2376.8
1245450 2369.9
1245460 2363.2
1245470 2363.2
1245480 2357.3
1245490 2351.8
1245500 2351.8
1245510 2347.2
1245520 2343.2
1245530 2343.2
1245540 2339.5
1245550 2335.2
1245560 2335.2
1245570 2329.4
1245580 2322.4
1245590 2322.4
1245600 2316.2
1245610 2310.6
1245620 2305.2
1245630 2305.2
1245640 2300.4
1245650 2294.5
1245660 2294.5
1245670 2288.2
1245680 2281.6
1245690 2281.6
1245700 2275.4
1245710 2270.0
1245720 2270.0
1245730 2265.4
1245740 2261.5
1245750 2261.5
1245760 2258.8
1245770 2258.2
1245780 2258.2
1245790 2257.4
1245800 2255.7
1245810 2255.7
1245820 2253.5
1245830 2252.9
1245840 2254.3
1245850 2252.9
1245860 2254.1
1245870 2253.7
1245880 2253.7
1245890 2252.7
1245900 2249.9
1245910 2249.9
1245920 2248.9
1245930 2246.3
1245940 2246.3
1245950 2244.8
1245960 2243.1
1245970 2243.1
1245980 2241.0
1245990 2239.8
1246000 2239.8
1246010 2240.1
1246020 2241.4
1246030 2241.4
1246040 2244.8
1246050 2247.9
1246060 2250.1
1246070 2250.1
1246080 2251.7
1246090 2251.9
1246100 2251.9
1246110 2251.9
1246120 2254.0
1246130 2254.0
1246140 2254.7
1246150 2252.6
1246160 2252.6
1246170 2251.6
1246180 2252.6
1246190 2252.6
1246200 2254.3
1246210 2256.8
1246220 2256.8
1246230 2260.5
1246240 2264.5
1246250 2268.1
1246260 2268.1
1246270 2271.7
1246280 2277.6
1246290 2277.6
1246300 2285.2
1246310 2292.1
1246320 2292.1
1246330 2298.6
1246340 2305.0
1246350 2305.0
1246360 2311.9
1246370 2318.9
1246380 2310.5
1246390 2313.3
1246400 2311.7
1246410 2311.7
1246420 2311.7
1246430 2310.3
1246440 2310.3
1246450 2305.1
1246460 2302.4
1246470 2304.3
1246480 2304.3
1246490 2307.0
1246500 2308.5
1246510 2308.5
1246520 2307.3
1246530 2304.7
1246540 2304.7
1246550 2303.7
1246560 2301.6
1246570 2301.6
1246580 2296.8
1246590 2291.3
1246600 2291.3
1246610 2287.5
1246620 2284.9
1246630 2284.9
1246640 2283.5
1246650 2281.6
1246660 2281.6
1246670 2278.5
1246680 2273.2
1246690 2267.9
1246700 2267.9
1246710 2263.7
1246720 2260.3
1246730 2260.3
1246740 2255.4
1246750 2250.0
1246760 2250.0
1246770 2245.4
1246780 2242.9
1246790 2242.9
1246800 2239.5
1246810 2235.3
1246820 2235.3
1246830 2230.2
1246840 2224.9
1246850 2224.9
1246860 2220.7
1246870 2217.4
1246880 2217.4
1246890 2213.8
1246900 2210.6
1246910 2201.9
1246920 2201.9
1246930 2199.0
1246940 2196.2
1246950 2196.2
1246960 2192.1
1246970 2187.3
1246980 2187.3
1246990 2181.2
1247000 2176.4
1247010 2176.4
1247020 2170.1
1247030 2163.5
1247040 2163.5
1247050 2158.4
1247060 2155.4
1247070 2155.4
1247080 2152.2
1247090 2148.9
1247100 2145.7
1247110 2145.7
1247120 2142.7
1247130 2140.1
1247140 2140.1
1247150 2137.5
1247160 2134.7
1247170 2134.7
1247180 2132.4
1247190 2129.8
1247200 2129.8
1247210 2126.6
1247220 2123.1
1247230 2123.1
1247240 2119.8
1247250 2116.2
1247260 2116.2
1247270 2112.7
1247280 2109.2
1247290 2109.2
1247300 2105.6
1247310 2102.6
1247320 2100.2
1247330 2100.2
1247340 2097.9
1247350 2095.1
1247360 2095.1
1247370 2092.7
1247380 2090.3
1247390 2090.3
1247400 2088.2
1247410 2086.1
1247420 2086.1
1247430 2083.6
1247440 2079.0
1247450 2079.0
1247460 2076.9
1247470 2074.2
1247480 2074.2
1247490 2071.0
1247500 2068.2
1247510 2068.2
1247520 2064.7
1247530 2060.7
1247540 2056.5
1247550 2056.5
1247560 2052.5
1247570 2048.0
1247580 2048.0
1247590 2043.3
1247600 2038.0
1247610 2038.0
1247620 2031.1
1247630 2023.3
1247640 2023.3
1247650 2013.9
1247660 2004.5
1247670 2004.5
1247680 1997.1
1247690 1989.5
1247700 1989.5
1247710 1982.8
1247720 1976.9
1247730 1976.9
1247740 1971.0
1247750 1964.5
1247760 1957.6
1247770 1957.6
1247780 1951.6
1247790 1946.2
1247800 1946.2
1247810 1941.9
1247820 1937.4
1247830 1937.4
1247840 1932.5
1247850 1928.0
1247860 1928.0
1247870 1924.4
1247880 1920.6
1247890 1920.6
1247900 1915.8
1247910 1910.2
1247920 1910.2
1247930 1904.9
1247940 1899.8
1247950 1894.9
1247960 1894.9
1247970 1890.5
1247980 1884.8
1247990 1884.8
1248000 1881.3
1248010 1877.5
1248020 1877.5
1248030 1873.0
1248040 1867.2
1248050 1867.2
1248060 1860.3
1248070 1853.5
1248080 1853.5
1248090 1846.4
1248100 1839.7
1248110 1839.7
1248120 1833.8
1248130 1828.2
1248140 1828.2
1248150 1822.8
1248160 1817.4
1248170 1811.8
1248180 1811.8
1248190 1806.0
1248200 1799.7
1248210 1799.7
1248220 1793.5
1248230 1789.0
1248240 1789.0
1248250 1785.0
1248260 1782.5
1248270 1782.5
1248280 1779.1
1248290 1772.4
1248300 1772.4
1248310 1761.3
1248320 1748.4
1248330 1748.4
1248340 1734.6
1248350 1721.6
1248360 1721.6
1248370 1711.2
1248380 1698.7
1248390 1688.6
1248400 1688.6
1248410 1683.8
1248420 1678.0
1248430 1678.0
1248440 1667.5
1248450 1657.6
1248460 1657.6
1248470 1648.1
1248480 1639.3
1248490 1639.3
1248500 1625.5
1248510 1608.0
1248520 1608.0
1248530 1596.4
1248540 1585.4
1248550 1585.4
1248560 1578.3
1248570 1570.7
1248580 1570.7
1248590 1561.5
1248600 1551.0
1248610 1538.0
1248620 1538.0
1248630 1523.6
1248640 1514.6
1248650 1514.6
1248660 1504.4
1248670 1489.9
1248680 1489.9
1248690 1479.3
1248700 1470.2
1248710 1470.2
1248720 1462.0
1248730 1453.4
1248740 1453.4
1248750 1445.7
1248760 1439.1
1248770 1439.1
1248780 1432.2
1248790 1425.1
1248800 1418.6
1248810 1418.6
1248820 1412.1
1248830 1406.0
1248840 1406.0
1248850 1399.8
1248860 1393.5
1248870 1393.5
1248880 1387.0
1248890 1380.5
1248900 1380.5
1248910 1374.8
1248920 1369.1
1248930 1369.1
1248940 1363.7
1248950 1358.3
1248960 1358.3
1248970 1353.1
1248980 1348.3
1248990 1348.3
1249000 1344.7
1249010 1341.3
1249020 1337.5
1249030 1337.5
1249040 1334.3
1249050 1330.2
1249060 1330.2
1249070 1326.9
1249080 1323.7
1249090 1323.7
1249100 1319.5
1249110 1316.2
1249120 1316.2
1249130 1316.3
1249140 1319.1
1249150 1319.1
1249160 1321.2
1249170 1325.4
1249180 1325.4
1249190 1330.4
1249200 1335.4
1249210 1335.4
1249220 1338.6
1249230 1341.0
1249240 1343.6
1249250 1343.6
1249260 1345.9
1249270 1348.2
1249280 1348.2
1249290 1350.6
1249300 1353.5
1249310 1353.5
1249320 1355.9
1249330 1357.3
1249340 1357.3
1249350 1359.2
1249360 1361.1
1249370 1361.1
1249380 1363.1
1249390 1365.2
1249400 1365.2
1249410 1367.7
1249420 1370.5
1249430 1370.5
1249440 1373.2
1249450 1375.5
1249460 1377.3
1249470 1377.3
1249480 1379.8
1249490 1384.2
1249500 1384.2
1249510 1389.6
1249520 1394.7
1249530 1394.7
1249540 1399.6
1249550 1403.7
1249560 1403.7
1249570 1407.6
1249580 1410.2
1249590 1410.9
1249600 1411.6
1249610 1414.0
1249620 1414.0
1249630 1417.8
1249640 1422.6
1249650 1427.5
1249660 1427.5
1249670 1432.8
1249680 1438.5
1249690 1438.5
1249700 1444.5
1249710 1450.4
1249720 1450.4
1249730 1453.7
1249740 1455.7
1249750 1455.7
1249760 1458.0
1249770 1460.9
1249780 1460.9
1249790 1464.3
1249800 1468.1
1249810 1468.1
1249820 1472.2
1249830 1476.5
1249840 1476.5
1249850 1481.0
1249860 1485.4
1249870 1489.5
1249880 1489.5
1249890 1493.5
1249900 1497.3
1249910 1497.3
1249920 1501.1
1249930 1505.0
1249940 1505.0
1249950 1508.9
1249960 1513.1
1249970 1513.1
1249980 1517.1
1249990 1521.5
1250000 1521.5
1250010 1525.8
1250020 1530.0
1250030 1530.0
1250040 1533.5
1250050 1536.7
1250060 1536.7
1250070 1538.0
1250080 1539.2
1250090 1543.5
1250100 1543.5
1250110 1550.3
1250120 1557.7
1250130 1555.8
1250140 1565.5
1250150 1573.3
1250160 1573.3
1250170 1581.8
1250180 1592.6
1250190 1592.6
1250200 1603.3
1250210 1612.2
1250220 1612.2
1250230 1620.3
1250240 1627.2
1250250 1627.2
1250260 1633.8
1250270 1640.3
1250280 1640.3
1250290 1647.3
1250300 1656.0
1250310 1664.8
1250320 1664.8
1250330 1672.4
1250340 1680.2
1250350 1680.2
1250360 1688.0
1250370 1695.7
1250380 1695.7
1250390 1703.0
1250400 1710.1
1250410 1710.1
1250420 1717.1
1250430 1723.8
1250440 1723.8
1250450 1730.4
1250460 1737.0
1250470 1737.0
1250480 1744.4
1250490 1753.1
1250500 1762.9
1250510 1762.9
1250520 1772.1
1250530 1783.8
1250540 1783.8
1250550 1793.1
1250560 1804.1
1250570 1804.1
1250580 1816.1
1250590 1825.2
1250600 1825.2
1250610 1831.6
1250620 1834.6
1250630 1834.6
1250640 1835.8
1250650 1840.3
1250660 1840.3
1250670 1839.5
1250680 1848.8
1250690 1848.8
1250700 1859.3
1250710 1868.1
1250720 1874.1
1250730 1874.1
1250740 1879.3
1250750 1885.5
1250760 1885.5
1250770 1893.2
1250780 1900.8
1250790 1900.8
1250800 1907.3
1250810 1912.3
1250820 1912.3
1250830 1915.8
1250840 1918.9
1250850 1918.9
1250860 1923.1
1250870 1927.2
1250880 1927.2
1250890 1932.2
1250900 1939.2
1250910 1939.2
1250920 1947.7
1250930 1957.0
1250940 1967.5
1250950 1967.5
1250960 1982.8
1250970 1998.0
1250980 1998.0
1250990 2003.7
1251000 2010.7
1251010 2010.7
1251020 2021.6
1251030 2031.5
1251040 2031.5
1251050 2043.7
1251060 2054.9
1251070 2054.9
1251080 2064.0
1251090 2073.0
1251100 2073.0
1251110 2079.4
1251120 2082.9
1251130 2082.9
1251140 2086.1
1251150 2091.8
1251160 2100.8
1251170 2100.8
1251180 2108.9
1251190 2112.1
1251200 2112.1
1251210 2110.6
1251220 2123.2
1251230 2123.2
1251240 2134.7
1251250 2142.5
1251260 2142.5
1251270 2148.9
1251280 2154.3
1251290 2154.3
1251300 2162.5
1251310 2175.1
1251320 2175.1
1251330 2186.0
1251340 2192.4
1251350 2198.4
1251360 2198.4
1251370 2204.5
1251380 2211.4
1251390 2211.4
1251400 2220.7
1251410 2227.8
1251420 2227.8
1251430 2236.0
1251440 2244.1
1251450 2244.1
1251460 2253.0
1251470 2261.4
1251480 2261.4
1251490 2269.4
1251500 2276.9
1251510 2276.9
1251520 2281.5
1251530 2286.9
1251540 2286.9
1251550 2292.4
1251560 2298.4
1251570 2306.5
1251580 2306.5
1251590 2314.6
1251600 2323.0
1251610 2323.0
1251620 2326.4
1251630 2332.4
1251640 2332.4
1251650 2341.2
1251660 2348.0
1251670 2348.0
1251680 2353.3
1251690 2358.2
1251700 2358.2
1251710 2365.0
1251720 2369.9
1251730 2369.9
1251740 2373.8
1251750 2377.1
1251760 2374.3
1251770 2379.5
1251780 2383.3
1251790 2385.4
1251800 2385.4
1251810 2388.3
1251820 2394.5
1251830 2394.5
1251840 2401.2
1251850 2407.0
1251860 2407.0
1251870 2411.7
1251880 2416.6
1251890 2416.6
1251900 2416.4
1251910 2414.3
1251920 2414.3
1251930 2415.3
1251940 2420.4
1251950 2420.4
1251960 2422.4
1251970 2423.6
1251980 2423.6
1251990 2425.2
1252000 2427.0
1252010 2428.0
1252020 2428.0
1252030 2428.8
1252040 2427.9
1252050 2427.9
1252060 2426.1
1252070 2424.6
1252080 2424.6
1252090 2422.5
1252100 2419.4
1252110 2419.4
1252120 2425.8
1252130 2437.4
1252140 2437.4
1252150 2446.3
1252160 2450.3
1252170 2450.3
1252180 2447.7
1252190 2443.8
1252200 2441.1
1252210 2441.1
1252220 2441.2
1252230 2445.6
1252240 2445.6
1252250 2450.9
1252260 2454.8
1252270 2454.8
1252280 2454.1
1252290 2452.2
1252300 2460.8
1252310 2461.9
1252320 2461.9
1252330 2461.9
1252340 2458.8
1252350 2456.7
1252360 2456.7
1252370 2459.6
1252380 2464.3
1252390 2464.3
1252400 2460.5
1252410 2458.0
1252420 2457.2
1252430 2457.2
1252440 2452.6
1252450 2446.6
1252460 2446.6
1252470 2441.6
1252480 2441.0
1252490 2441.0
1252500 2441.7
1252510 2441.4
1252520 2441.4
1252530 2442.2
1252540 2443.8
1252550 2443.8
1252560 2445.4
1252570 2447.3
1252580 2447.3
1252590 2448.9
1252600 2450.4
1252610 2450.4
1252620 2452.0
1252630 2452.6
1252640 2454.8
1252650 2454.8
1252660 2456.7
1252670 2459.9
1252680 2459.9
1252690 2466.5
1252700 2474.0
1252710 2474.0
1252720 2479.6
1252730 2484.8
1252740 2484.8
1252750 2489.6
1252760 2494.4
1252770 2494.4
1252780 2498.2
1252790 2502.8
1252800 2502.8
1252810 2509.1
1252820 2515.1
1252830 2520.7
1252840 2520.7
1252850 2529.9
1252860 2535.1
1252870 2535.1
1252880 2539.6
1252890 2544.2
1252900 2544.2
1252910 2549.1
1252920 2555.1
1252930 2555.1
1252940 2561.2
1252950 2567.2
1252960 2567.2
1252970 2574.9
1252980 2586.0
1252990 2586.0
1253000 2594.7
1253010 2607.9
1253020 2607.9
1253030 2623.1
1253040 2635.9
1253050 2647.3
1253060 2647.3
1253070 2658.4
1253080 2671.2
1253090 2671.2
1253100 2685.1
1253110 2699.9
1253120 2699.9
1253130 2714.7
1253140 2727.1
1253150 2727.1
1253160 2737.3
1253170 2748.1
1253180 2748.1
1253190 2756.3
1253200 2767.5
1253210 2767.5
1253220 2779.2
1253230 2790.0
1253240 2790.0
1253250 2801.8
1253260 2817.1
1253270 2827.4
1253280 2827.4
1253290 2837.9
1253300 2842.7
1253310 2842.7
1253320 2844.4
1253330 2846.1
1253340 2846.1
1253350 2848.2
1253360 2850.0
1253370 2850.0
1253380 2853.8
1253390 2866.4
1253400 2866.4
1253410 2867.2
1253420 2868.3
1253430 2868.3
1253440 2870.5
1253450 2873.2
1253460 2873.2
1253470 2875.8
1253480 2883.3
1253490 2890.1
1253500 2890.1
1253510 2895.0
1253520 2900.4
1253530 2900.4
1253540 2907.2
1253550 2904.9
1253560 2904.9
1253570 2900.3
1253580 2891.8
1253590 2891.8
1253600 2881.3
1253610 2874.4
1253620 2874.4
1253630 2867.4
1253640 2858.1
1253650 2858.1
1253660 2847.1
1253670 2834.6
1253680 2821.2
1253690 2821.2
1253700 2811.0
1253710 2801.3
1253720 2801.3
1253730 2794.4
1253740 2786.4
1253750 2786.4
1253760 2779.8
1253770 2773.3
1253780 2773.3
1253790 2766.7
1253800 2760.2
1253810 2760.2
1253820 2754.0
1253830 2748.6
1253840 2748.6
1253850 2743.7
1253860 2739.0
1253870 2739.0
1253880 2735.3
1253890 2730.2
1253900 2725.7
1253910 2725.7
1253920 2722.4
1253930 2720.5
1253940 2726.0
1253950 2724.4
1253960 2722.6
1253970 2722.6
1253980 2721.5
1253990 2721.4
1254000 2721.4
1254010 2720.7
1254020 2721.5
1254030 2721.5
1254040 2723.7
1254050 2725.6
1254060 2725.6
1254070 2725.9
1254080 2725.0
1254090 2725.0
1254100 2724.6
1254110 2724.4
1254120 2723.9
1254130 2723.9
1254140 2725.0
1254150 2726.5
1254160 2726.5
1254170 2728.8
1254180 2731.7
1254190 2731.7
1254200 2734.3
1254210 2737.7
1254220 2737.7
1254230 2743.1
1254240 2749.9
1254250 2749.9
1254260 2755.9
1254270 2759.0
1254280 2759.0
1254290 2760.8
1254300 2763.5
1254310 2763.5
1254320 2766.6
1254330 2769.9
1254340 2775.7
1254350 2775.7
1254360 2783.6
1254370 2789.7
1254380 2789.7
1254390 2794.8
1254400 2800.3
1254410 2800.3
1254420 2804.5
1254430 2812.4
1254440 2812.4
1254450 2822.7
1254460 2825.5
1254470 2825.5
1254480 2829.8
1254490 2840.8
1254500 2840.8
1254510 2848.8
1254520 2854.2
1254530 2848.8
1254540 2848.8
1254550 2844.7
1254560 2844.2
1254570 2844.2
1254580 2846.8
1254590 2846.6
1254600 2846.6
1254610 2839.6
1254620 2829.6
1254630 2829.6
1254640 2819.8
1254650 2806.7
1254660 2806.7
1254670 2792.2
1254680 2780.2
1254690 2780.2
1254700 2770.7
1254710 2760.4
1254720 2760.4
1254730 2749.1
1254740 2738.7
1254750 2730.3
1254760 2730.3
1254770 2723.0
1254780 2716.7
1254790 2716.7
1254800 2709.3
1254810 2701.6
1254820 2701.6
1254830 2695.3
1254840 2690.4
1254850 2690.4
1254860 2686.2
1254870 2682.4
1254880 2682.4
1254890 2678.7
1254900 2675.1
1254910 2675.1
1254920 2671.6
1254930 2668.5
1254940 2668.5
1254950 2665.0
1254960 2662.2
1254970 2660.3
1254980 2660.3
1254990 2658.9
1255000 2658.0
1255010 2658.0
1255020 2656.4
1255030 2654.4
1255040 2649.0
1255050 2646.7
1255060 2644.3
1255070 2644.3
1255080 2642.0
1255090 2640.8
1255100 2640.8
1255110 2641.5
1255120 2640.6
1255130 2640.6
1255140 2639.6
1255150 2641.2
1255160 2641.2
1255170 2643.3
1255180 2646.4
1255190 2648.7
1255200 2648.7
1255210 2653.7
1255220 2658.4
1255230 2658.4
1255240 2663.6
1255250 2667.5
1255260 2667.5
1255270 2670.6
1255280 2673.1
1255290 2673.1
1255300 2675.7
1255310 2677.1
1255320 2677.1
1255330 2679.4
1255340 2681.6
1255350 2681.6
1255360 2682.5
1255370 2678.3
1255380 2668.5
1255390 2668.5
1255400 2660.2
1255410 2650.4
1255420 2650.4
1255430 2641.3
1255440 2629.7
1255450 2629.7
1255460 2620.8
1255470 2614.9
1255480 2614.9
1255490 2611.9
1255500 2609.6
1255510 2609.6
1255520 2606.8
1255530 2602.3
1255540 2602.3
1255550 2596.5
1255560 2590.1
1255570 2590.1
1255580 2582.4
1255590 2575.1
1255600 2568.3
1255610 2568.3
1255620 2563.3
1255630 2562.0
1255640 2562.0
1255650 2562.6
1255660 2564.3
1255670 2564.3
1255680 2566.6
1255690 2570.4
1255700 2570.4
1255710 2575.8
1255720 2581.1
1255730 2581.1
1255740 2587.2
1255750 2592.7
1255760 2592.7
1255770 2598.5
1255780 2604.0
1255790 2604.0
1255800 2608.9
1255810 2614.4
1255820 2619.4
1255830 2619.4
1255840 2622.6
1255850 2628.2
1255860 2628.2
1255870 2640.4
1255880 2650.4
1255890 2650.4
1255900 2655.5
1255910 2659.4
1255920 2659.4
1255930 2661.9
1255940 2661.5
1255950 2661.5
1255960 2661.0
1255970 2663.6
1255980 2663.6
1255990 2666.5
1256000 2670.1
1256010 2670.1
1256020 2675.2
1256030 2685.9
1256040 2700.1
1256050 2700.1
1256060 2717.4
1256070 2731.9
1256080 2731.9
1256090 2745.7
1256100 2757.7
1256110 2757.7
1256120 2767.4
1256130 2772.6
1256140 2772.6
1256150 2769.6
1256160 2772.3
1256170 2772.3
1256180 2774.6
1256190 2776.0
1256200 2776.0
1256210 2777.5
1256220 2778.8
1256230 2778.9
1256240 2778.9
1256250 2780.8
1256260 2780.1
1256270 2780.1
1256280 2778.5
1256290 2774.1
1256300 2774.1
1256310 2768.2
1256320 2759.5
1256330 2759.5
1256340 2750.3
1256350 2740.3
1256360 2740.3
1256370 2730.7
1256380 2720.0
1256390 2720.0
1256400 2708.3
1256410 2699.7
1256420 2699.7
1256430 2692.2
1256440 2685.6
1256450 2679.4
1256460 2679.4
1256470 2672.1
1256480 2662.4
1256490 2662.4
1256500 2652.6
1256510 2642.9
1256520 2642.9
1256530 2633.9
1256540 2627.3
1256550 2627.3
1256560 2621.6
1256570 2616.2
1256580 2616.2
1256590 2610.4
1256600 2604.4
1256610 2604.4
1256620 2598.1
1256630 2591.0
1256640 2591.0
1256650 2583.3
1256660 2574.7
1256670 2565.4
1256680 2565.4
1256690 2555.8
1256700 2543.2
1256710 2543.2
1256720 2533.7
1256730 2523.2
1256740 2523.2
1256750 2516.5
1256760 2508.3
1256770 2508.3
1256780 2499.6
1256790 2493.2
1256800 2493.2
1256810 2485.6
1256820 2477.5
1256830 2477.5
1256840 2469.5
1256850 2462.2
1256860 2455.6
1256870 2455.6
1256880 2449.7
1256890 2443.8
1256900 2443.8
1256910 2439.7
1256920 2433.8
1256930 2433.8
1256940 2427.1
1256950 2419.1
1256960 2419.1
1256970 2407.7
1256980 2393.8
1256990 2393.8
1257000 2383.8
1257010 2379.2
1257020 2379.2
1257030 2377.5
1257040 2376.9
1257050 2376.9
1257060 2377.7
1257070 2379.1
1257080 2378.7
1257090 2378.7
1257100 2376.6
1257110 2374.2
1257120 2374.2
1257130 2371.8
1257140 2369.2
1257150 2369.2
1257160 2365.1
1257170 2359.3
1257180 2359.3
1257190 2353.9
1257200 2351.4
1257210 2351.4
1257220 2346.6
1257230 2338.6
1257240 2338.6
1257250 2326.2
1257260 2318.6
1257270 2318.6
1257280 2307.2
1257290 2298.3
1257300 2295.3
1257310 2295.3
1257320 2294.3
1257330 2291.7
1257340 2291.7
1257350 2287.3
1257360 2284.8
1257370 2284.8
1257380 2282.2
1257390 2279.3
1257400 2279.3
1257410 2277.3
1257420 2275.7
1257430 2275.7
1257440 2276.4
1257450 2283.0
1257460 2283.0
1257470 2288.3
1257480 2291.5
1257490 2291.5
1257500 2295.5
1257510 2298.3
1257520 2305.1
1257530 2305.1
1257540 2310.3
1257550 2313.9
1257560 2313.9
1257570 2315.7
1257580 2313.1
1257590 2313.1
1257600 2309.1
1257610 2308.3
1257620 2308.3
1257630 2311.3
1257640 2315.0
1257650 2315.0
1257660 2317.3
1257670 2314.0
1257680 2314.0
1257690 2307.9
1257700 2301.8
1257710 2298.5
1257720 2298.5
1257730 2297.7
1257740 2297.5
1257750 2297.5
1257760 2298.0
1257770 2299.6
1257780 2299.6
1257790 2299.3
1257800 2295.1
1257810 2295.1
1257820 2287.4
1257830 2283.9
1257840 2283.9
1257850 2282.4
1257860 2280.7
1257870 2280.7
1257880 2278.4
1257890 2278.2
1257900 2278.2
1257910 2279.0
1257920 2279.1
1257930 2279.3
1257940 2279.3
1257950 2279.3
1257960 2280.3
1257970 2280.3
1257980 2282.1
1257990 2283.0
1258000 2283.0
1258010 2284.8
1258020 2286.5
1258030 2286.5
1258040 2292.0
1258050 2294.6
1258060 2294.6
1258070 2296.5
1258080 2294.8
1258090 2294.8
1258100 2297.3
1258110 2301.3
1258120 2301.3
1258130 2302.4
1258140 2303.2
1258150 2303.4
1258160 2303.4
1258170 2304.7
1258180 2305.9
1258190 2305.9
1258200 2306.0
1258210 2305.2
1258220 2305.2
1258230 2305.7
1258240 2305.6
1258250 2305.6
1258260 2306.7
1258270 2309.9
1258280 2309.9
1258290 2311.0
1258300 2310.7
1258310 2310.7
1258320 2312.0
1258330 2313.1
1258340 2313.1
1258350 2312.3
1258360 2315.0
1258370 2319.2
1258380 2311.2
1258390 2311.7
1258400 2311.8
1258410 2311.8
1258420 2313.9
1258430 2314.7
1258440 2314.7
1258450 2315.9
1258460 2315.2
1258470 2315.2
1258480 2311.8
1258490 2308.2
1258500 2308.2
1258510 2303.1
1258520 2293.3
1258530 2293.3
1258540 2283.1
1258550 2276.1
1258560 2270.6
1258570 2270.6
1258580 2266.4
1258590 2264.5
1258600 2264.5
1258610 2261.6
1258620 2256.7
1258630 2256.7
1258640 2251.2
1258650 2244.8
1258660 2244.8
1258670 2236.2
1258680 2226.2
1258690 2226.2
1258700 2216.4
1258710 2209.4
1258720 2209.4
1258730 2203.8
1258740 2197.3
1258750 2197.3
1258760 2191.6
1258770 2186.2
1258780 2181.1
1258790 2181.1
1258800 2176.7
1258810 2172.4
1258820 2172.4
1258830 2168.1
1258840 2161.3
1258850 2161.3
1258860 2153.0
1258870 2144.3
1258880 2144.3
1258890 2133.2
1258900 2121.7
1258910 2121.7
1258920 2112.6
1258930 2106.4
1258940 2103.0
1258950 2100.2
1258960 2093.4
1258970 2093.4
1258980 2086.8
1258990 2081.3
1259000 2075.0
1259010 2075.0
1259020 2068.1
1259030 2061.0
1259040 2061.0
1259050 2052.6
1259060 2040.9
1259070 2040.9
1259080 2035.5
1259090 2030.3
1259100 2030.3
1259110 2023.0
1259120 2019.5
1259130 2019.5
1259140 2020.6
1259150 2022.9
1259160 2022.9
1259170 2022.5
1259180 2020.8
1259190 2020.8
1259200 2020.3
1259210 2021.7
1259220 2023.8
1259230 2023.8
1259240 2026.9
1259250 2027.0
1259260 2027.0
1259270 2018.4
1259280 2008.6
1259290 2008.6
1259300 2000.4
1259310 1992.6
1259320 1992.6
1259330 1983.1
1259340 1974.0
1259350 1974.0
1259360 1964.7
1259370 1955.8
1259380 1955.8
1259390 1946.8
1259400 1937.7
1259410 1929.3
1259420 1929.3
1259430 1922.0
1259440 1916.1
1259450 1916.1
1259460 1912.1
1259470 1907.8
1259480 1907.8
1259490 1899.8
1259500 1882.7
1259510 1882.7
1259520 1874.6
1259530 1871.9
1259540 1871.9
1259550 1874.7
1259560 1881.0
1259570 1881.0
1259580 1886.1
1259590 1892.8
1259600 1892.8
1259610 1897.9
1259620 1892.5
1259630 1884.0
1259640 1884.0
1259650 1875.3
1259660 1872.4
1259670 1872.4
1259680 1868.4
1259690 1859.3
1259700 1859.3
1259710 1847.0
1259720 1838.5
1259730 1838.5
1259740 1831.8
1259750 1828.3
1259760 1828.3
1259770 1823.4
1259780 1817.7
1259790 1817.7
1259800 1810.6
1259810 1802.3
1259820 1802.3
1259830 1794.8
1259840 1789.0
1259850 1783.7
1259860 1783.7
1259870 1776.9
1259880 1769.9
1259890 1769.9
1259900 1764.6
1259910 1759.7
1259920 1759.7
1259930 1755.2
1259940 1750.0
1259950 1750.0
1259960 1743.9
1259970 1737.0
1259980 1737.0
1259990 1729.1
