1240000 3142.0
1240010 3142.0
1240020 3131.5
1240030 3119.7
1240040 3119.7
1240050 3109.3
1240060 3102.3
1240070 3096.1
1240080 3096.1
1240090 3089.9
1240100 3082.6
1240110 3082.6
1240120 3075.3
1240130 3068.8
1240140 3068.8
1240150 3062.2
1240160 3048.7
1240170 3048.7
1240180 3039.1
1240190 3031.5
1240200 3031.5
1240210 3024.3
1240220 3016.5
1240230 3016.5
1240240 3009.3
1240250 3003.1
1240260 3003.1
1240270 2997.1
1240280 2991.3
1240290 2986.2
1240300 2986.2
1240310 2983.2
1240320 2981.4
1240330 2981.4
1240340 2977.5
1240350 2974.3
1240360 2974.3
1240370 2973.0
1240380 2970.8
1240390 2970.8
1240400 2969.4
1240410 2969.5
1240420 2969.5
1240430 2969.1
1240440 2967.7
1240450 2967.7
1240460 2968.1
1240470 2969.1
1240480 2969.1
1240490 2969.4
1240500 2969.4
1240510 2970.5
1240520 2970.5
1240530 2975.0
1240540 2978.1
1240550 2978.1
1240560 2978.3
1240570 2975.7
1240580 2975.7
1240590 2971.7
1240600 2970.5
1240610 2970.5
1240620 2972.1
1240630 2970.5
1240640 2970.5
1240650 2968.4
1240660 2971.5
1240670 2971.5
1240680 2969.1
1240690 2967.0
1240700 2967.0
1240710 2964.8
1240720 2968.1
1240730 2971.8
1240740 2971.8
1240750 2976.4
1240760 2979.0
1240770 2979.0
1240780 2979.8
1240790 2977.6
1240800 2977.6
1240810 2973.5
1240820 2967.0
1240830 2967.0
1240840 2962.2
1240850 2957.9
1240860 2957.9
1240870 2951.9
1240880 2945.0
1240890 2945.0
1240900 2939.4
1240910 2936.2
1240920 2933.8
1240930 2933.8
1240940 2931.5
1240950 2929.0
1240960 2929.0
1240970 2925.9
1240980 2920.7
1240990 2920.7
1241000 2915.5
1241010 2909.5
1241020 2909.5
1241030 2902.2
1241040 2896.4
1241050 2896.4
1241060 2892.9
1241070 2889.5
1241080 2889.5
1241090 2886.3
1241100 2882.5
1241110 2882.5
1241120 2877.9
1241130 2872.8
1241140 2869.9
1241150 2869.9
1241160 2870.5
1241170 2874.6
1241180 2874.6
1241190 2877.3
1241200 2875.1
1241210 2875.1
1241220 2876.9
1241230 2877.8
1241240 2877.8
1241250 2878.3
1241260 2878.0
1241270 2878.0
1241280 2876.9
1241290 2876.8
1241300 2876.8
1241310 2879.3
1241320 2880.8
1241330 2880.8
1241340 2881.4
1241350 2882.2
1241360 2885.0
1241370 2885.0
1241380 2889.1
1241390 2894.5
1241400 2894.5
1241410 2901.5
1241420 2909.4
1241430 2909.4
1241440 2924.9
1241450 2935.5
1241460 2935.5
1241470 2941.2
1241480 2944.1
1241490 2944.1
1241500 2946.0
1241510 2946.7
1241520 2946.7
1241530 2948.4
1241540 2950.5
1241550 2950.5
1241560 2954.3
1241570 2959.8
1241580 2966.7
1241590 2966.7
1241600 2974.9
1241610 2985.4
1241620 2985.4
1241630 2995.7
1241640 3005.8
1241650 3005.8
1241660 3020.3
1241670 3034.7
1241680 3034.7
1241690 3044.2
1241700 3051.8
1241710 3051.8
1241720 3056.1
1241730 3066.0
1241740 3066.0
1241750 3076.1
1241760 3082.6
1241770 3077.2
1241780 3077.2
1241790 3072.6
1241800 3066.5
1241810 3066.5
1241820 3059.7
1241830 3055.0
1241840 3055.0
1241850 3045.2
1241860 3035.6
1241870 3035.6
1241880 3027.0
1241890 3018.5
1241900 3018.5
1241910 3008.6
1241920 3001.0
1241930 3001.0
1241940 2994.9
1241950 2989.3
1241960 2989.3
1241970 2984.7
1241980 2981.9
1241990 2978.1
1242000 2978.1
1242010 2972.6
1242020 2967.6
1242030 2967.6
1242040 2963.4
1242050 2959.6
1242060 2959.6
1242070 2955.5
1242080 2950.3
1242090 2950.3
1242100 2945.7
1242110 2941.3
1242120 2941.3
1242130 2937.8
1242140 2934.3
1242150 2934.3
1242160 2930.4
1242170 2925.8
1242180 2925.8
1242190 2920.0
1242200 2914.0
1242210 2908.8
1242220 2908.8
1242230 2902.9
1242240 2898.2
1242250 2891.9
1242260 2888.5
1242270 2886.2
1242280 2886.2
1242290 2883.0
1242300 2878.1
1242310 2878.1
1242320 2872.9
1242330 2867.9
1242340 2867.9
1242350 2863.7
1242360 2859.4
1242370 2859.4
1242380 2855.4
1242390 2851.8
1242400 2851.8
1242410 2848.9
1242420 2848.6
1242430 2847.7
1242440 2847.7
1242450 2849.8
1242460 2840.3
1242470 2840.3
1242480 2832.8
1242490 2840.1
1242500 2840.1
1242510 2831.5
1242520 2821.4
1242530 2821.4
1242540 2811.8
1242550 2805.0
1242560 2805.0
1242570 2798.2
1242580 2788.5
1242590 2788.5
1242600 2779.9
1242610 2770.7
1242620 2762.7
1242630 2762.7
1242640 2761.4
1242650 2762.7
1242660 2762.7
1242670 2756.3
1242680 2762.1
1242690 2762.1
1242700 2768.5
1242710 2772.4
1242720 2772.4
1242730 2776.0
1242740 2781.8
1242750 2781.8
1242760 2783.5
1242770 2775.2
1242780 2775.2
1242790 2769.1
1242800 2763.8
1242810 2763.8
1242820 2758.7
1242830 2752.6
1242840 2750.2
1242850 2750.2
1242860 2750.4
1242870 2750.7
1242880 2750.7
1242890 2748.9
1242900 2750.1
1242910 2750.1
1242920 2755.4
1242930 2761.8
1242940 2761.8
1242950 2764.0
1242960 2762.3
1242970 2762.3
1242980 2759.2
1242990 2757.6
1243000 2757.6
1243010 2754.9
1243020 2748.6
1243030 2748.6
1243040 2737.2
1243050 2726.7
1243060 2720.5
1243070 2720.5
1243080 2714.7
1243090 2710.0
1243100 2710.0
1243110 2706.1
1243120 2702.2
1243130 2702.2
1243140 2698.8
1243150 2694.8
1243160 2694.8
1243170 2690.0
1243180 2685.8
1243190 2685.8
1243200 2681.0
1243210 2677.3
1243220 2677.3
1243230 2675.2
1243240 2672.6
1243250 2672.6
1243260 2669.5
1243270 2668.0
1243280 2668.5
1243290 2668.5
1243300 2654.0
1243310 2647.0
1243320 2647.0
1243330 2634.1
1243340 2628.5
1243350 2628.5
1243360 2623.6
1243370 2618.8
1243380 2618.8
1243390 2617.7
1243400 2619.1
1243410 2619.1
1243420 2618.6
1243430 2617.3
1243440 2617.3
1243450 2616.2
1243460 2615.4
1243470 2614.1
1243480 2614.1
1243490 2612.3
1243500 2610.2
1243510 2610.2
1243520 2609.5
1243530 2608.7
1243540 2608.7
1243550 2607.8
1243560 2607.5
1243570 2607.5
1243580 2607.4
1243590 2608.4
1243600 2608.4
1243610 2610.2
1243620 2610.8
1243630 2610.8
1243640 2610.6
1243650 2612.2
1243660 2612.2
1243670 2612.3
1243680 2607.9
1243690 2600.3
1243700 2600.3
1243710 2591.8
1243720 2591.0
1243730 2591.0
1243740 2592.4
1243750 2594.3
1243760 2594.3
1243770 2597.0
1243780 2599.0
1243790 2599.0
1243800 2600.8
1243810 2602.7
1243820 2597.5
1243830 2600.6
1243840 2603.8
1243850 2603.8
1243860 2606.4
1243870 2609.0
1243880 2609.0
1243890 2610.8
1243900 2610.5
1243910 2610.0
1243920 2610.0
1243930 2610.7
1243940 2612.5
1243950 2612.5
1243960 2615.0
1243970 2617.3
1243980 2617.3
1243990 2620.4
1244000 2623.2
1244010 2623.2
1244020 2627.9
1244030 2636.9
1244040 2636.9
1244050 2645.6
1244060 2653.9
1244070 2653.9
1244080 2661.6
1244090 2673.8
1244100 2673.8
1244110 2684.0
1244120 2686.2
1244130 2682.3
1244140 2682.3
1244150 2676.3
1244160 2670.2
1244170 2670.2
1244180 2665.9
1244190 2662.8
1244200 2662.8
1244210 2662.4
1244220 2664.3
1244230 2664.3
1244240 2666.1
1244250 2666.6
1244260 2666.6
1244270 2666.6
1244280 2666.8
1244290 2666.8
1244300 2668.2
1244310 2668.7
1244320 2669.0
1244330 2669.0
1244340 2670.5
1244350 2667.5
1244360 2667.5
1244370 2672.5
1244380 2678.7
1244390 2678.7
1244400 2685.2
1244410 2691.0
1244420 2691.0
1244430 2695.7
1244440 2708.3
1244450 2708.3
1244460 2724.8
1244470 2728.2
1244480 2728.2
1244490 2737.8
1244500 2746.4
1244510 2746.4
1244520 2746.6
1244530 2761.5
1244540 2769.0
1244550 2769.0
1244560 2762.6
1244570 2754.3
1244580 2754.3
1244590 2746.7
1244600 2740.0
1244610 2740.0
1244620 2732.5
1244630 2722.0
1244640 2722.0
1244650 2710.1
1244660 2700.2
1244670 2700.2
1244680 2690.8
1244690 2680.7
1244700 2680.7
1244710 2670.3
1244720 2660.5
1244730 2660.5
1244740 2651.0
1244750 2642.2
1244760 2633.7
1244770 2633.7
1244780 2625.6
1244790 2617.7
1244800 2617.7
1244810 2610.2
1244820 2603.1
1244830 2603.1
1244840 2596.1
1244850 2589.5
1244860 2589.5
1244870 2583.0
1244880 2576.9
1244890 2576.9
1244900 2570.6
1244910 2564.5
1244920 2564.5
1244930 2558.6
1244940 2552.8
1244950 2552.8
1244960 2547.4
1244970 2542.1
1244980 2537.1
1244990 2537.1
1245000 2532.3
1245010 2527.8
1245020 2527.8
1245030 2523.8
1245040 2520.1
1245050 2520.1
1245060 2516.8
1245070 2512.7
1245080 2512.7
1245090 2508.1
1245100 2504.0
1245110 2504.0
1245120 2500.7
1245130 2496.2
1245140 2496.2
1245150 2493.4
1245160 2492.4
1245170 2490.7
1245180 2490.7
1245190 2487.4
1245200 2484.3
1245210 2484.3
1245220 2481.6
1245230 2479.3
1245240 2479.3
1245250 2477.3
1245260 2475.5
1245270 2475.5
1245280 2474.7
1245290 2473.6
1245300 2473.6
1245310 2472.7
1245320 2471.3
1245330 2471.3
1245340 2469.1
1245350 2464.9
1245360 2464.9
1245370 2458.6
1245380 2451.3
1245390 2443.9
1245400 2443.9
1245410 2437.5
1245420 2430.3
1245430 2430.3
1245440 2422.6
1245450 2414.8
1245460 2414.8
1245470 2408.0
1245480 2401.9
1245490 2401.9
1245500 2395.8
1245510 2389.1
1245520 2389.1
1245530 2381.9
1245540 2375.3
1245550 2375.3
1245560 2370.3
1245570 2366.7
1245580 2366.7
1245590 2363.3
1245600 2360.6
1245610 2358.3
1245620 2358.3
1245630 2355.4
1245640 2352.8
1245650 2352.8
1245660 2350.3
1245670 2346.7
1245680 2346.7
1245690 2343.1
1245700 2340.0
1245710 2340.0
1245720 2336.8
1245730 2333.1
1245740 2333.1
1245750 2329.2
1245760 2325.4
1245770 2325.4
1245780 2322.5
1245790 2320.9
1245800 2320.9
1245810 2320.3
1245820 2321.1
1245830 2321.4
1245840 2321.4
1245850 2321.0
1245860 2320.8
1245870 2320.8
1245880 2320.6
1245890 2320.0
1245900 2320.0
1245910 2319.4
1245920 2319.1
1245930 2319.1
1245940 2313.4
1245950 2313.3
1245960 2313.3
1245970 2313.1
1245980 2314.2
1245990 2314.2
1246000 2316.1
1246010 2318.7
1246020 2322.5
1246030 2322.5
1246040 2327.2
1246050 2332.7
1246060 2332.7
1246070 2338.7
1246080 2348.0
1246090 2348.0
1246100 2361.3
1246110 2371.0
1246120 2371.0
1246130 2379.9
1246140 2388.1
1246150 2388.1
1246160 2394.0
1246170 2396.5
1246180 2396.5
1246190 2397.7
1246200 2400.7
1246210 2400.7
1246220 2408.1
1246230 2418.9
1246240 2428.8
1246250 2428.8
1246260 2439.5
1246270 2448.6
1246280 2448.6
1246290 2452.3
1246300 2453.4
1246310 2453.4
1246320 2453.0
1246330 2450.2
1246340 2450.2
1246350 2445.1
1246360 2438.6
1246370 2438.6
1246380 2433.6
1246390 2428.3
1246400 2428.3
1246410 2421.6
1246420 2416.2
1246430 2416.2
1246440 2413.8
1246450 2411.2
1246460 2407.9
1246470 2412.3
1246480 2405.8
1246490 2398.8
1246500 2398.8
1246510 2394.3
1246520 2388.1
1246530 2388.1
1246540 2379.4
1246550 2372.9
1246560 2372.9
1246570 2367.1
1246580 2359.0
1246590 2359.0
1246600 2351.1
1246610 2343.5
1246620 2343.5
1246630 2336.2
1246640 2329.0
1246650 2329.0
1246660 2322.2
1246670 2316.5
1246680 2312.9
1246690 2312.9
1246700 2309.5
1246710 2303.4
1246720 2303.4
1246730 2298.1
1246740 2294.9
1246750 2294.9
1246760 2289.4
1246770 2284.6
1246780 2284.6
1246790 2280.2
1246800 2276.1
1246810 2276.1
1246820 2272.9
1246830 2270.9
1246840 2270.9
1246850 2268.9
1246860 2266.3
1246870 2266.3
1246880 2264.7
1246890 2262.6
1246900 2258.8
1246910 2258.8
1246920 2256.4
1246930 2254.2
1246940 2254.2
1246950 2251.7
1246960 2248.9
1246970 2248.9
1246980 2245.3
1246990 2242.0
1247000 2245.6
1247010 2243.4
1247020 2241.1
1247030 2241.1
1247040 2237.9
1247050 2236.8
1247060 2236.8
1247070 2235.2
1247080 2232.2
1247090 2228.9
1247100 2228.9
1247110 2225.0
1247120 2222.6
1247130 2222.6
1247140 2221.2
1247150 2218.8
1247160 2218.8
1247170 2217.9
1247180 2216.7
1247190 2216.7
1247200 2214.3
1247210 2212.0
1247220 2212.0
1247230 2210.2
1247240 2208.6
1247250 2208.6
1247260 2206.6
1247270 2204.1
1247280 2204.1
1247290 2201.5
1247300 2199.3
1247310 2197.9
1247320 2197.9
1247330 2196.2
1247340 2193.2
1247350 2193.2
1247360 2189.4
1247370 2185.4
1247380 2185.4
1247390 2182.6
1247400 2179.3
1247410 2179.3
1247420 2173.8
1247430 2167.0
1247440 2167.0
1247450 2160.4
1247460 2153.4
1247470 2153.4
1247480 2146.2
1247490 2139.3
1247500 2139.3
1247510 2132.5
1247520 2125.9
1247530 2117.3
1247540 2117.3
1247550 2110.9
1247560 2104.7
1247570 2104.7
1247580 2098.8
1247590 2092.2
1247600 2092.2
1247610 2085.5
1247620 2078.1
1247630 2078.1
1247640 2069.5
1247650 2061.6
1247660 2061.6
1247670 2053.7
1247680 2045.4
1247690 2045.4
1247700 2037.2
1247710 2028.8
1247720 2028.8
1247730 2019.8
1247740 2012.4
1247750 2006.2
1247760 2006.2
1247770 1998.7
1247780 1991.2
1247790 1991.2
1247800 1984.5
1247810 1977.4
1247820 1977.4
1247830 1968.5
1247840 1960.5
1247850 1960.5
1247860 1954.0
1247870 1947.1
1247880 1947.1
1247890 1939.3
1247900 1933.0
1247910 1933.0
1247920 1927.6
1247930 1921.6
1247940 1915.8
1247950 1915.8
1247960 1910.1
1247970 1904.2
1247980 1904.2
1247990 1899.1
1248000 1893.6
1248010 1893.6
1248020 1887.9
1248030 1882.7
1248040 1882.7
1248050 1875.9
1248060 1866.1
1248070 1861.4
1248080 1854.3
1248090 1847.8
1248100 1847.8
1248110 1839.8
1248120 1833.9
1248130 1833.9
1248140 1825.5
1248150 1815.5
1248160 1809.1
1248170 1809.1
1248180 1805.2
1248190 1798.7
1248200 1798.7
1248210 1791.1
1248220 1785.2
1248230 1785.2
1248240 1781.6
1248250 1778.3
1248260 1778.3
1248270 1773.9
1248280 1762.7
1248290 1762.7
1248300 1751.7
1248310 1737.5
1248320 1737.5
1248330 1727.0
1248340 1720.8
1248350 1720.8
1248360 1715.6
1248370 1709.6
1248380 1704.0
1248390 1704.0
1248400 1697.8
1248410 1693.7
1248420 1693.7
1248430 1689.9
1248440 1685.7
1248450 1685.7
1248460 1681.2
1248470 1676.0
1248480 1676.0
1248490 1670.2
1248500 1663.6
1248510 1663.6
1248520 1653.8
1248530 1643.1
1248540 1643.1
1248550 1632.9
1248560 1620.7
1248570 1620.7
1248580 1610.3
1248590 1601.1
1248600 1575.2
1248610 1575.2
1248620 1557.3
1248630 1540.0
1248640 1540.0
1248650 1527.9
1248660 1522.1
1248670 1522.1
1248680 1515.0
1248690 1506.7
1248700 1506.7
1248710 1498.7
1248720 1490.7
1248730 1490.7
1248740 1482.6
1248750 1473.8
1248760 1473.8
1248770 1465.6
1248780 1458.2
1248790 1451.6
1248800 1451.6
1248810 1445.1
1248820 1438.9
1248830 1438.9
1248840 1432.8
1248850 1426.5
1248860 1426.5
1248870 1420.1
1248880 1414.1
1248890 1414.1
1248900 1408.0
1248910 1401.6
1248920 1401.6
1248930 1395.0
1248940 1388.2
1248950 1388.2
1248960 1381.4
1248970 1375.0
1248980 1375.0
1248990 1368.7
1249000 1362.2
1249010 1355.6
1249020 1355.6
1249030 1349.4
1249040 1344.3
1249050 1344.3
1249060 1339.6
1249070 1333.1
1249080 1333.1
1249090 1325.2
1249100 1319.2
1249110 1319.2
1249120 1316.4
1249130 1313.3
1249140 1310.9
1249150 1309.1
1249160 1308.5
1249170 1308.5
1249180 1308.8
1249190 1309.3
1249200 1309.3
1249210 1312.8
1249220 1317.7
1249230 1320.2
1249240 1320.2
1249250 1325.4
1249260 1333.5
1249270 1333.5
1249280 1342.2
1249290 1346.2
1249300 1346.2
1249310 1348.8
1249320 1351.2
1249330 1351.2
1249340 1354.0
1249350 1356.0
1249360 1356.0
1249370 1358.1
1249380 1360.5
1249390 1360.5
1249400 1362.6
1249410 1365.2
1249420 1365.2
1249430 1367.3
1249440 1369.8
1249450 1372.3
1249460 1372.3
1249470 1373.5
1249480 1376.2
1249490 1376.2
1249500 1379.7
1249510 1380.8
1249520 1380.8
1249530 1381.2
1249540 1383.5
1249550 1383.5
1249560 1385.8
1249570 1388.0
1249580 1388.0
1249590 1390.6
1249600 1393.4
1249610 1393.4
1249620 1397.1
1249630 1400.7
1249640 1399.9
1249650 1399.9
1249660 1401.7
1249670 1402.8
1249680 1406.4
1249690 1407.6
1249700 1409.4
1249710 1409.4
1249720 1411.2
1249730 1413.3
1249740 1413.3
1249750 1415.1
1249760 1416.8
1249770 1416.8
1249780 1417.1
1249790 1416.8
1249800 1416.8
1249810 1422.2
1249820 1427.2
1249830 1427.2
1249840 1433.5
1249850 1437.5
1249860 1440.4
1249870 1440.4
1249880 1444.5
1249890 1447.9
1249900 1447.9
1249910 1451.3
1249920 1454.6
1249930 1454.6
1249940 1459.0
1249950 1464.1
1249960 1464.1
1249970 1469.3
1249980 1477.5
1249990 1477.5
1250000 1486.5
1250010 1494.3
1250020 1494.3
1250030 1500.8
1250040 1508.5
1250050 1508.5
1250060 1518.8
1250070 1528.2
1250080 1535.1
1250090 1535.1
1250100 1541.2
1250110 1546.5
1250120 1546.5
1250130 1551.9
1250140 1557.7
1250150 1557.7
1250160 1564.0
1250170 1570.5
1250180 1570.5
1250190 1577.1
1250200 1583.6
1250210 1583.6
1250220 1591.8
1250230 1596.1
1250240 1596.1
1250250 1600.6
1250260 1604.9
1250270 1604.9
1250280 1610.1
1250290 1616.0
1250300 1623.0
1250310 1623.0
1250320 1630.2
1250330 1637.0
1250340 1637.0
1250350 1644.2
1250360 1651.2
1250370 1651.2
1250380 1658.2
1250390 1665.8
1250400 1665.8
1250410 1672.7
1250420 1679.6
1250430 1679.6
1250440 1687.4
1250450 1695.4
1250460 1695.4
1250470 1704.0
1250480 1715.2
1250490 1725.9
1250500 1725.9
1250510 1735.5
1250520 1745.9
1250530 1745.9
1250540 1753.7
1250550 1760.1
1250560 1760.1
1250570 1766.7
1250580 1772.8
1250590 1772.8
1250600 1779.7
1250610 1788.0
1250620 1788.0
1250630 1797.0
1250640 1805.0
1250650 1805.0
1250660 1812.3
1250670 1819.3
1250680 1819.3
1250690 1829.3
1250700 1838.0
1250710 1843.8
1250720 1843.8
1250730 1849.9
1250740 1857.1
1250750 1857.1
1250760 1868.6
1250770 1876.9
1250780 1876.9
1250790 1889.8
1250800 1904.1
1250810 1904.1
1250820 1916.8
1250830 1928.3
1250840 1928.3
1250850 1936.6
1250860 1941.6
1250870 1941.6
1250880 1946.7
1250890 1953.1
1250900 1953.1
1250910 1959.6
1250920 1965.4
1250930 1971.0
1250940 1971.0
1250950 1976.6
1250960 1983.7
1250970 1983.7
1250980 1995.2
1250990 2005.7
1251000 2005.7
1251010 2013.3
1251020 2019.6
1251030 2019.6
1251040 2025.5
1251050 2031.3
1251060 2031.3
1251070 2038.3
1251080 2044.9
1251090 2044.9
1251100 2051.2
1251110 2060.8
1251120 2060.8
1251130 2068.6
1251140 2069.8
1251150 2077.3
1251160 2077.3
1251170 2083.0
1251180 2084.5
1251190 2084.5
1251200 2085.5
1251210 2086.3
1251220 2086.3
1251230 2088.1
1251240 2089.4
1251250 2089.4
1251260 2093.7
1251270 2098.6
1251280 2098.6
1251290 2105.1
1251300 2119.2
1251310 2119.2
1251320 2121.6
1251330 2122.7
1251340 2122.5
1251350 2122.5
1251360 2121.0
1251370 2120.5
1251380 2120.5
1251390 2120.0
1251400 2116.3
1251410 2116.3
1251420 2115.9
1251430 2115.1
1251440 2115.1
1251450 2113.1
1251460 2127.4
1251470 2127.4
1251480 2135.8
1251490 2134.3
1251500 2134.3
1251510 2136.3
1251520 2137.3
1251530 2137.3
1251540 2133.7
1251550 2131.2
1251560 2138.5
1251570 2138.5
1251580 2149.3
1251590 2154.2
1251600 2154.2
1251610 2155.4
1251620 2151.8
1251630 2151.8
1251640 2149.6
1251650 2154.4
1251660 2154.4
1251670 2157.9
1251680 2159.5
1251690 2159.5
1251700 2160.7
1251710 2163.7
1251720 2163.7
1251730 2168.3
1251740 2171.9
1251750 2171.9
1251760 2172.2
1251770 2173.9
1251780 2176.0
1251790 2176.0
1251800 2178.7
1251810 2180.1
1251820 2180.1
1251830 2181.1
1251840 2181.8
1251850 2188.8
1251860 2189.2
1251870 2191.1
1251880 2191.1
1251890 2193.5
1251900 2196.2
1251910 2196.2
1251920 2199.4
1251930 2202.8
1251940 2202.8
1251950 2206.0
1251960 2209.5
1251970 2209.5
1251980 2213.2
1251990 2216.2
1252000 2219.4
1252010 2219.4
1252020 2221.4
1252030 2219.9
1252040 2219.9
1252050 2220.3
1252060 2224.5
1252070 2224.5
1252080 2227.0
1252090 2227.6
1252100 2227.6
1252110 2228.3
1252120 2229.2
1252130 2229.2
1252140 2230.3
1252150 2231.9
1252160 2231.9
1252170 2232.9
1252180 2234.6
1252190 2236.4
1252200 2236.4
1252210 2236.4
1252220 2237.6
1252230 2237.6
1252240 2240.1
1252250 2243.0
1252260 2243.0
1252270 2247.2
1252280 2253.7
1252290 2253.7
1252300 2260.8
1252310 2267.1
1252320 2267.1
1252330 2273.7
1252340 2281.6
1252350 2281.6
1252360 2290.9
1252370 2299.7
1252380 2299.7
1252390 2305.5
1252400 2314.0
1252410 2320.7
1252420 2320.7
1252430 2324.9
1252440 2328.3
1252450 2328.3
1252460 2331.7
1252470 2335.4
1252480 2335.4
1252490 2339.4
1252500 2343.1
1252510 2343.1
1252520 2346.3
1252530 2349.6
1252540 2349.6
1252550 2352.9
1252560 2356.1
1252570 2356.1
1252580 2359.4
1252590 2363.0
1252600 2363.0
1252610 2367.1
1252620 2371.6
1252630 2376.9
1252640 2376.9
1252650 2382.4
1252660 2388.3
1252670 2388.3
1252680 2394.5
1252690 2400.9
1252700 2400.9
1252710 2407.2
1252720 2413.6
1252730 2413.6
1252740 2419.8
1252750 2425.8
1252760 2425.8
1252770 2431.5
1252780 2441.5
1252790 2441.5
1252800 2453.9
1252810 2465.1
1252820 2465.1
1252830 2473.5
1252840 2480.9
1252850 2492.1
1252860 2492.1
1252870 2503.4
1252880 2511.7
1252890 2511.7
1252900 2519.1
1252910 2529.0
1252920 2529.0
1252930 2544.9
1252940 2554.9
1252950 2554.9
1252960 2568.1
1252970 2584.4
1252980 2584.4
1252990 2599.3
1253000 2611.9
1253010 2611.9
1253020 2625.0
1253030 2638.8
1253040 2654.6
1253050 2654.6
1253060 2670.1
1253070 2682.5
1253080 2682.5
1253090 2699.5
1253100 2712.8
1253110 2712.8
1253120 2723.4
1253130 2735.0
1253140 2735.0
1253150 2746.7
1253160 2749.9
1253170 2749.9
1253180 2743.8
1253190 2738.4
1253200 2738.4
1253210 2734.9
1253220 2731.8
1253230 2731.8
1253240 2728.9
1253250 2728.4
1253260 2727.3
1253270 2727.3
1253280 2725.2
1253290 2724.5
1253300 2724.5
1253310 2722.8
1253320 2720.9
1253330 2720.9
1253340 2720.9
1253350 2721.1
1253360 2721.1
1253370 2721.1
1253380 2723.2
1253390 2723.2
1253400 2727.1
1253410 2728.6
1253420 2728.6
1253430 2727.6
1253440 2725.6
1253450 2725.6
1253460 2723.7
1253470 2720.5
1253480 2717.9
1253490 2722.4
1253500 2722.1
1253510 2721.6
1253520 2721.6
1253530 2720.4
1253540 2720.1
1253550 2720.1
1253560 2720.7
1253570 2721.4
1253580 2721.4
1253590 2720.6
1253600 2719.3
1253610 2719.3
1253620 2717.8
1253630 2719.2
1253640 2719.2
1253650 2721.7
1253660 2724.4
1253670 2724.4
1253680 2727.1
1253690 2728.4
1253700 2728.2
1253710 2728.2
1253720 2726.5
1253730 2723.2
1253740 2723.2
1253750 2725.2
1253760 2728.9
1253770 2728.9
1253780 2729.7
1253790 2728.1
1253800 2728.1
1253810 2725.4
1253820 2723.1
1253830 2723.1
1253840 2720.6
1253850 2716.7
1253860 2716.7
1253870 2712.8
1253880 2708.4
1253890 2705.9
1253900 2705.9
1253910 2702.1
1253920 2697.4
1253930 2697.4
1253940 2690.8
1253950 2684.0
1253960 2684.0
1253970 2678.1
1253980 2674.9
1253990 2674.9
1254000 2674.7
1254010 2671.9
1254020 2671.9
1254030 2665.5
1254040 2661.6
1254050 2661.6
1254060 2658.7
1254070 2654.3
1254080 2654.3
1254090 2650.4
1254100 2645.3
1254110 2641.2
1254120 2641.2
1254130 2639.1
1254140 2639.7
1254150 2639.7
1254160 2641.5
1254170 2639.9
1254180 2639.9
1254190 2638.3
1254200 2636.0
1254210 2636.0
1254220 2635.4
1254230 2634.2
1254240 2634.2
1254250 2631.5
1254260 2628.1
1254270 2628.1
1254280 2627.0
1254290 2630.0
1254300 2630.0
1254310 2632.0
1254320 2634.4
1254330 2637.2
1254340 2637.2
1254350 2640.0
1254360 2642.6
1254370 2642.6
1254380 2645.6
1254390 2650.5
1254400 2650.5
1254410 2655.2
1254420 2656.4
1254430 2656.4
1254440 2659.3
1254450 2664.3
1254460 2664.3
1254470 2667.9
1254480 2671.5
1254490 2671.5
1254500 2676.3
1254510 2680.2
1254520 2680.2
1254530 2680.4
1254540 2678.7
1254550 2676.7
1254560 2676.7
1254570 2673.4
1254580 2677.1
1254590 2677.1
1254600 2675.6
1254610 2673.7
1254620 2673.7
1254630 2674.9
1254640 2677.2
1254650 2677.2
1254660 2681.1
1254670 2687.2
1254680 2687.2
1254690 2696.1
1254700 2706.7
1254710 2706.7
1254720 2713.7
1254730 2725.7
1254740 2736.6
1254750 2736.6
1254760 2739.5
1254770 2749.2
1254780 2749.2
1254790 2762.4
1254800 2772.8
1254810 2772.8
1254820 2782.0
1254830 2793.1
1254840 2793.1
1254850 2810.3
1254860 2834.4
1254870 2834.4
1254880 2857.8
1254890 2874.6
1254900 2874.6
1254910 2881.5
1254920 2875.4
1254930 2875.4
1254940 2869.1
1254950 2865.5
1254960 2868.1
1254970 2868.1
1254980 2866.8
1254990 2867.1
1255000 2867.1
1255010 2872.2
1255020 2874.0
1255030 2874.0
1255040 2866.3
1255050 2852.2
1255060 2852.2
1255070 2834.8
1255080 2822.3
1255090 2822.3
1255100 2811.0
1255110 2799.1
1255120 2799.1
1255130 2788.0
1255140 2776.0
1255150 2776.0
1255160 2769.5
1255170 2763.3
1255180 2757.2
1255190 2757.2
1255200 2750.8
1255210 2744.9
1255220 2744.9
1255230 2739.8
1255240 2735.3
1255250 2735.3
1255260 2731.8
1255270 2728.4
1255280 2728.4
1255290 2724.8
1255300 2721.3
1255310 2721.3
1255320 2716.9
1255330 2711.3
1255340 2711.3
1255350 2704.3
1255360 2695.7
1255370 2695.7
1255380 2687.8
1255390 2683.0
1255400 2678.7
1255410 2678.7
1255420 2674.4
1255430 2669.8
1255440 2669.8
1255450 2669.7
1255460 2670.6
1255470 2670.6
1255480 2672.3
1255490 2675.4
1255500 2675.4
1255510 2678.4
1255520 2681.1
1255530 2681.1
1255540 2683.5
1255550 2686.7
1255560 2686.7
1255570 2689.9
1255580 2692.5
1255590 2693.9
1255600 2693.9
1255610 2698.5
1255620 2707.1
1255630 2707.1
1255640 2718.9
1255650 2735.4
1255660 2735.4
1255670 2752.3
1255680 2770.0
1255690 2757.5
1255700 2771.7
1255710 2782.5
1255720 2782.5
1255730 2791.1
1255740 2789.7
1255750 2789.7
1255760 2778.2
1255770 2772.5
1255780 2772.5
1255790 2769.1
1255800 2765.1
1255810 2761.5
1255820 2761.5
1255830 2759.6
1255840 2760.5
1255850 2760.5
1255860 2760.9
1255870 2761.2
1255880 2761.2
1255890 2761.4
1255900 2761.4
1255910 2761.4
1255920 2762.5
1255930 2764.2
1255940 2764.2
1255950 2764.8
1255960 2769.2
1255970 2769.2
1255980 2774.4
1255990 2777.8
1256000 2777.8
1256010 2781.6
1256020 2788.4
1256030 2799.8
1256040 2799.8
1256050 2813.9
1256060 2833.4
1256070 2833.4
1256080 2849.2
1256090 2863.7
1256100 2863.7
1256110 2875.6
1256120 2867.7
1256130 2867.7
1256140 2857.4
1256150 2845.0
1256160 2845.0
1256170 2826.8
1256180 2815.1
1256190 2815.1
1256200 2806.0
1256210 2794.5
1256220 2794.5
1256230 2782.8
1256240 2776.8
1256250 2766.8
1256260 2766.8
1256270 2758.0
1256280 2749.1
1256290 2749.1
1256300 2739.0
1256310 2727.3
1256320 2727.3
1256330 2714.5
1256340 2708.3
1256350 2708.3
1256360 2706.0
1256370 2698.0
1256380 2698.0
1256390 2690.2
1256400 2684.9
1256410 2684.9
1256420 2679.6
1256430 2672.8
1256440 2670.3
1256450 2670.3
1256460 2665.7
1256470 2656.2
1256480 2656.2
1256490 2640.4
1256500 2627.3
1256510 2627.3
1256520 2613.8
1256530 2600.5
1256540 2600.5
1256550 2588.6
1256560 2581.9
1256570 2581.9
1256580 2575.9
1256590 2569.9
1256600 2569.9
1256610 2563.9
1256620 2558.2
1256630 2558.2
1256640 2552.5
1256650 2546.7
1256660 2541.0
1256670 2541.0
1256680 2535.4
1256690 2529.8
1256700 2529.8
1256710 2524.4
1256720 2519.1
1256730 2519.1
1256740 2514.2
1256750 2509.4
1256760 2509.4
1256770 2504.5
1256780 2499.6
1256790 2499.6
1256800 2492.5
1256810 2487.9
1256820 2487.9
1256830 2483.0
1256840 2478.3
1256850 2478.3
1256860 2473.8
1256870 2469.6
1256880 2465.3
1256890 2465.3
1256900 2461.5
1256910 2457.6
1256920 2457.6
1256930 2453.6
1256940 2449.1
1256950 2449.1
1256960 2445.2
1256970 2441.3
1256980 2441.3
1256990 2437.7
1257000 2434.4
1257010 2434.4
1257020 2431.2
1257030 2428.1
1257040 2428.1
1257050 2425.4
1257060 2423.3
1257070 2423.3
1257080 2420.8
1257090 2418.0
1257100 2415.7
1257110 2415.7
1257120 2412.6
1257130 2409.5
1257140 2409.5
1257150 2406.8
1257160 2404.1
1257170 2404.1
1257180 2401.7
1257190 2399.4
1257200 2399.4
1257210 2397.7
1257220 2396.8
1257230 2396.8
1257240 2396.2
1257250 2396.3
1257260 2396.3
1257270 2395.4
1257280 2393.9
1257290 2393.0
1257300 2393.0
1257310 2392.4
1257320 2392.5
1257330 2392.5
1257340 2392.9
1257350 2393.6
1257360 2389.3
1257370 2391.5
1257380 2396.9
1257390 2396.9
1257400 2401.3
1257410 2403.1
1257420 2403.1
1257430 2404.1
1257440 2406.9
1257450 2406.9
1257460 2408.6
1257470 2408.8
1257480 2408.8
1257490 2409.4
1257500 2410.1
1257510 2409.9
1257520 2409.9
1257530 2410.1
1257540 2411.0
1257550 2411.0
1257560 2413.1
1257570 2414.6
1257580 2414.6
1257590 2415.6
1257600 2416.9
1257610 2416.9
1257620 2419.5
1257630 2422.0
1257640 2422.0
1257650 2424.6
1257660 2426.5
1257670 2426.5
1257680 2428.8
1257690 2434.0
1257700 2434.0
1257710 2444.4
1257720 2446.4
1257730 2457.2
1257740 2457.2
1257750 2472.3
1257760 2478.6
1257770 2478.6
1257780 2479.1
1257790 2480.4
1257800 2480.4
1257810 2482.1
1257820 2484.3
1257830 2484.3
1257840 2485.9
1257850 2488.3
1257860 2488.3
1257870 2491.5
1257880 2495.2
1257890 2495.2
1257900 2497.9
1257910 2490.4
1257920 2490.4
1257930 2491.3
1257940 2491.7
1257950 2492.2
1257960 2492.2
1257970 2495.2
1257980 2498.0
1257990 2498.0
1258000 2498.7
1258010 2500.9
1258020 2500.9
1258030 2502.6
1258040 2501.8
1258050 2501.8
1258060 2503.0
1258070 2507.9
1258080 2507.9
1258090 2512.0
1258100 2514.0
1258110 2514.0
1258120 2514.9
1258130 2514.7
1258140 2510.7
1258150 2510.7
1258160 2501.9
1258170 2494.6
1258180 2494.6
1258190 2485.3
1258200 2476.5
1258210 2476.5
1258220 2470.8
1258230 2464.9
1258240 2464.9
1258250 2458.4
1258260 2453.9
1258270 2453.9
1258280 2451.2
1258290 2449.0
1258300 2449.0
1258310 2445.6
1258320 2440.0
1258330 2440.0
1258340 2431.7
1258350 2420.1
1258360 2412.4
1258370 2412.4
1258380 2406.8
1258390 2401.5
1258400 2401.5
1258410 2396.4
1258420 2392.2
1258430 2392.2
1258440 2387.7
1258450 2382.3
1258460 2382.3
1258470 2374.7
1258480 2368.8
1258490 2368.8
1258500 2362.8
1258510 2356.8
1258520 2356.8
1258530 2351.7
1258540 2347.3
1258550 2347.3
1258560 2342.9
1258570 2338.3
1258580 2334.9
1258590 2334.9
1258600 2331.9
1258610 2329.8
1258620 2329.8
1258630 2328.5
1258640 2327.3
1258650 2327.3
1258660 2325.9
1258670 2324.7
1258680 2324.7
1258690 2323.1
1258700 2320.3
1258710 2320.3
1258720 2316.4
1258730 2309.9
1258740 2309.9
1258750 2304.0
1258760 2298.4
1258770 2298.4
1258780 2291.0
1258790 2283.7
1258800 2275.6
1258810 2275.6
1258820 2263.6
1258830 2252.5
1258840 2252.5
1258850 2244.4
1258860 2237.5
1258870 2237.5
1258880 2232.1
1258890 2227.0
1258900 2227.0
1258910 2221.3
1258920 2215.3
1258930 2215.3
1258940 2210.2
1258950 2205.8
1258960 2205.8
1258970 2200.1
1258980 2194.5
1258990 2184.2
1259000 2184.2
1259010 2179.3
1259020 2177.5
1259030 2170.9
1259040 2170.4
1259050 2171.3
1259060 2171.3
1259070 2172.3
1259080 2175.4
1259090 2175.4
1259100 2180.0
1259110 2187.4
1259120 2187.4
1259130 2196.4
1259140 2200.7
1259150 2200.7
1259160 2198.6
1259170 2195.4
1259180 2195.4
1259190 2187.2
1259200 2179.9
1259210 2175.4
1259220 2175.4
1259230 2171.9
1259240 2167.0
1259250 2167.0
1259260 2161.5
1259270 2157.0
1259280 2157.0
1259290 2151.8
1259300 2147.1
1259310 2147.1
1259320 2146.7
1259330 2145.8
1259340 2145.8
1259350 2142.6
1259360 2138.4
1259370 2138.4
1259380 2132.9
1259390 2127.0
1259400 2127.0
1259410 2123.0
1259420 2119.7
1259430 2116.6
1259440 2116.6
1259450 2109.8
1259460 2106.8
1259470 2106.8
1259480 2108.8
1259490 2110.9
1259500 2110.9
1259510 2111.8
1259520 2111.6
1259530 2111.6
1259540 2110.3
1259550 2105.0
1259560 2105.0
1259570 2094.6
1259580 2089.7
1259590 2089.7
1259600 2073.6
1259610 2065.3
1259620 2065.3
1259630 2045.6
1259640 2034.3
1259650 2024.9
1259660 2024.9
1259670 2023.9
1259680 2017.7
1259690 2017.7
1259700 2013.8
1259710 1999.3
1259720 1999.3
1259730 1988.3
1259740 1983.4
1259750 1983.4
1259760 1987.1
1259770 2001.3
1259780 2001.3
1259790 2002.0
1259800 1991.7
1259810 1991.7
1259820 1982.1
1259830 1976.0
1259840 1969.3
1259850 1969.3
1259860 1958.9
1259870 1949.9
1259880 1949.9
1259890 1941.4
1259900 1932.5
1259910 1932.5
1259920 1924.4
1259930 1916.0
1259940 1916.0
1259950 1907.7
1259960 1899.1
1259970 1899.1
1259980 1890.2
1259990 1881.8
