1240000 3276.6
1240010 3276.6
1240020 3281.7
1240030 3286.4
1240040 3286.4
1240050 3296.7
1240060 3295.0
1240070 3295.0
1240080 3284.6
1240090 3274.3
1240100 3274.3
1240110 3269.6
1240120 3264.5
1240130 3251.8
1240140 3245.0
1240150 3240.9
1240160 3235.4
1240170 3235.4
1240180 3232.2
1240190 3231.9
1240200 3231.9
1240210 3230.0
1240220 3218.8
1240230 3218.8
1240240 3206.2
1240250 3192.4
1240260 3192.4
1240270 3180.6
1240280 3172.7
1240290 3172.7
1240300 3170.6
1240310 3167.6
1240320 3167.6
1240330 3162.6
1240340 3158.4
1240350 3158.4
1240360 3154.5
1240370 3149.0
1240380 3144.1
1240390 3144.1
1240400 3142.2
1240410 3138.2
1240420 3138.2
1240430 3131.7
1240440 3126.5
1240450 3126.5
1240460 3122.3
1240470 3120.5
1240480 3120.5
1240490 3119.5
1240500 3117.3
1240510 3117.3
1240520 3114.6
1240530 3111.2
1240540 3111.2
1240550 3107.3
1240560 3105.8
1240570 3105.8
1240580 3103.9
1240590 3102.0
1240600 3101.8
1240610 3101.8
1240620 3101.6
1240630 3102.8
1240640 3102.8
1240650 3099.6
1240660 3100.6
1240670 3100.6
1240680 3101.9
1240690 3102.0
1240700 3102.0
1240710 3102.3
1240720 3103.1
1240730 3103.1
1240740 3104.2
1240750 3106.0
1240760 3106.0
1240770 3108.8
1240780 3111.5
1240790 3111.5
1240800 3115.1
1240810 3119.3
1240820 3123.6
1240830 3123.6
1240840 3127.9
1240850 3138.2
1240860 3138.2
1240870 3157.1
1240880 3171.8
1240890 3171.8
1240900 3185.0
1240910 3197.3
1240920 3197.3
1240930 3205.1
1240940 3203.5
1240950 3203.5
1240960 3202.3
1240970 3193.5
1240980 3193.5
1240990 3189.2
1241000 3192.1
1241010 3192.1
1241020 3187.8
1241030 3179.0
1241040 3170.0
1241050 3170.0
1241060 3162.0
1241070 3154.3
1241080 3154.3
1241090 3148.8
1241100 3147.1
1241110 3147.1
1241120 3144.6
1241130 3140.6
1241140 3140.6
1241150 3136.3
1241160 3132.3
1241170 3131.5
1241180 3127.9
1241190 3123.8
1241200 3123.8
1241210 3117.8
1241220 3114.5
1241230 3111.1
1241240 3111.1
1241250 3107.8
1241260 3103.9
1241270 3103.9
1241280 3099.1
1241290 3095.7
1241300 3095.7
1241310 3093.2
1241320 3091.3
1241330 3091.3
1241340 3090.8
1241350 3091.0
1241360 3091.0
1241370 3090.1
1241380 3088.6
1241390 3088.6
1241400 3088.3
1241410 3089.2
1241420 3089.2
1241430 3088.9
1241440 3086.6
1241450 3082.8
1241460 3082.8
1241470 3078.4
1241480 3073.7
1241490 3073.7
1241500 3069.0
1241510 3065.0
1241520 3065.0
1241530 3061.6
1241540 3058.7
1241550 3058.7
1241560 3056.0
1241570 3053.6
1241580 3053.6
1241590 3051.6
1241600 3049.8
1241610 3049.8
1241620 3048.4
1241630 3047.3
1241640 3047.3
1241650 3046.7
1241660 3046.2
1241670 3045.4
1241680 3045.4
1241690 3041.8
1241700 3040.0
1241710 3040.0
1241720 3038.2
1241730 3036.4
1241740 3036.4
1241750 3034.7
1241760 3032.9
1241770 3032.9
1241780 3030.7
1241790 3028.3
1241800 3028.3
1241810 3025.7
1241820 3022.9
1241830 3022.9
1241840 3020.2
1241850 3017.7
1241860 3017.7
1241870 3015.3
1241880 3013.2
1241890 3011.4
1241900 3011.4
1241910 3009.8
1241920 3008.2
1241930 3008.2
1241940 3006.6
1241950 3004.9
1241960 3004.9
1241970 3003.0
1241980 3000.9
1241990 3000.9
1242000 2998.5
1242010 2995.9
1242020 2995.9
1242030 2993.1
1242040 2990.1
1242050 2990.1
1242060 2987.1
1242070 2984.1
1242080 2984.1
1242090 2980.9
1242100 2977.7
1242110 2974.4
1242120 2974.4
1242130 2971.1
1242140 2968.1
1242150 2968.1
1242160 2965.7
1242170 2964.3
1242180 2964.3
1242190 2963.0
1242200 2960.8
1242210 2961.2
1242220 2959.2
1242230 2956.0
1242240 2956.0
1242250 2951.1
1242260 2946.3
1242270 2946.3
1242280 2942.2
1242290 2937.9
1242300 2933.8
1242310 2933.8
1242320 2929.5
1242330 2924.0
1242340 2924.0
1242350 2919.3
1242360 2916.7
1242370 2916.7
1242380 2914.5
1242390 2912.7
1242400 2912.7
1242410 2911.3
1242420 2909.6
1242430 2909.6
1242440 2907.5
1242450 2905.3
1242460 2905.3
1242470 2904.2
1242480 2902.4
1242490 2902.4
1242500 2899.9
1242510 2898.3
1242520 2898.0
1242530 2898.0
1242540 2898.0
1242550 2898.0
1242560 2898.0
1242570 2898.0
1242580 2898.6
1242590 2898.6
1242600 2900.2
1242610 2903.2
1242620 2903.2
1242630 2904.7
1242640 2903.7
1242650 2903.7
1242660 2901.3
1242670 2899.8
1242680 2899.8
1242690 2900.0
1242700 2899.2
1242710 2899.2
1242720 2897.3
1242730 2895.1
1242740 2894.6
1242750 2894.6
1242760 2893.4
1242770 2890.4
1242780 2890.4
1242790 2885.7
1242800 2879.2
1242810 2879.2
1242820 2873.1
1242830 2868.1
1242840 2868.1
1242850 2863.7
1242860 2860.0
1242870 2860.0
1242880 2856.3
1242890 2853.4
1242900 2853.4
1242910 2851.9
1242920 2851.0
1242930 2851.0
1242940 2850.2
1242950 2848.6
1242960 2846.3
1242970 2846.3
1242980 2845.3
1242990 2844.8
1243000 2844.8
1243010 2844.6
1243020 2843.4
1243030 2843.4
1243040 2838.7
1243050 2832.5
1243060 2832.5
1243070 2827.2
1243080 2823.2
1243090 2823.2
1243100 2822.0
1243110 2821.3
1243120 2821.3
1243130 2817.3
1243140 2812.0
1243150 2807.9
1243160 2807.9
1243170 2806.7
1243180 2804.5
1243190 2804.5
1243200 2804.1
1243210 2802.0
1243220 2802.0
1243230 2796.5
1243240 2791.8
1243250 2791.8
1243260 2782.6
1243270 2777.8
1243280 2777.8
1243290 2772.9
1243300 2769.1
1243310 2769.1
1243320 2766.4
1243330 2764.9
1243340 2764.9
1243350 2764.0
1243360 2763.8
1243370 2765.4
1243380 2765.4
1243390 2768.5
1243400 2771.1
1243410 2771.1
1243420 2774.2
1243430 2777.0
1243440 2777.0
1243450 2777.5
1243460 2776.4
1243470 2776.4
1243480 2774.4
1243490 2773.7
1243500 2773.7
1243510 2775.3
1243520 2777.0
1243530 2777.0
1243540 2778.3
1243550 2780.2
1243560 2780.2
1243570 2783.1
1243580 2786.4
1243590 2791.0
1243600 2791.0
1243610 2797.6
1243620 2804.9
1243630 2804.9
1243640 2814.2
1243650 2819.5
1243660 2819.5
1243670 2827.5
1243680 2840.0
1243690 2840.0
1243700 2848.5
1243710 2855.3
1243720 2855.3
1243730 2861.8
1243740 2869.3
1243750 2869.3
1243760 2875.3
1243770 2876.3
1243780 2863.3
1243790 2855.8
1243800 2845.9
1243810 2840.0
1243820 2840.0
1243830 2840.0
1243840 2841.1
1243850 2841.1
1243860 2850.4
1243870 2855.3
1243880 2855.3
1243890 2855.7
1243900 2860.9
1243910 2860.9
1243920 2867.5
1243930 2868.9
1243940 2868.9
1243950 2870.0
1243960 2868.5
1243970 2868.5
1243980 2866.5
1243990 2871.8
1244000 2877.2
1244010 2877.2
1244020 2876.7
1244030 2874.9
1244040 2874.9
1244050 2870.2
1244060 2864.8
1244070 2864.8
1244080 2866.0
1244090 2869.8
1244100 2869.8
1244110 2873.3
1244120 2877.4
1244130 2877.4
1244140 2880.5
1244150 2882.5
1244160 2882.5
1244170 2890.9
1244180 2903.1
1244190 2903.1
1244200 2907.4
1244210 2902.6
1244220 2908.5
1244230 2908.5
1244240 2922.7
1244250 2928.5
1244260 2928.5
1244270 2933.4
1244280 2928.5
1244290 2928.5
1244300 2918.2
1244310 2900.6
1244320 2900.6
1244330 2886.7
1244340 2871.4
1244350 2871.4
1244360 2860.1
1244370 2849.8
1244380 2849.8
1244390 2840.6
1244400 2829.5
1244410 2829.5
1244420 2815.9
1244430 2807.7
1244440 2800.8
1244450 2800.8
1244460 2793.1
1244470 2785.8
1244480 2785.8
1244490 2778.7
1244500 2770.5
1244510 2770.5
1244520 2759.6
1244530 2750.4
1244540 2750.4
1244550 2743.6
1244560 2736.5
1244570 2736.5
1244580 2729.3
1244590 2721.8
1244600 2721.8
1244610 2714.4
1244620 2707.2
1244630 2707.2
1244640 2699.9
1244650 2693.2
1244660 2687.6
1244670 2687.6
1244680 2681.9
1244690 2677.7
1244700 2677.7
1244710 2675.6
1244720 2673.2
1244730 2673.2
1244740 2669.8
1244750 2665.7
1244760 2665.7
1244770 2664.0
1244780 2667.2
1244790 2667.2
1244800 2669.1
1244810 2668.5
1244820 2668.5
1244830 2666.9
1244840 2663.2
1244850 2663.2
1244860 2660.2
1244870 2656.4
1244880 2650.3
1244890 2650.3
1244900 2642.9
1244910 2636.4
1244920 2636.4
1244930 2631.0
1244940 2628.3
1244950 2628.3
1244960 2624.9
1244970 2620.9
1244980 2620.9
1244990 2617.1
1245000 2613.1
1245010 2613.1
1245020 2609.9
1245030 2608.3
1245040 2608.3
1245050 2606.9
1245060 2605.7
1245070 2605.4
1245080 2605.4
1245090 2606.2
1245100 2607.2
1245110 2607.2
1245120 2607.9
1245130 2609.5
1245140 2609.5
1245150 2610.3
1245160 2609.9
1245170 2609.9
1245180 2608.3
1245190 2607.4
1245200 2607.4
1245210 2606.1
1245220 2603.7
1245230 2603.7
1245240 2600.7
1245250 2597.9
1245260 2597.9
1245270 2595.7
1245280 2594.1
1245290 2593.2
1245300 2593.2
1245310 2590.4
1245320 2586.0
1245330 2586.0
1245340 2580.7
1245350 2575.5
1245360 2575.5
1245370 2567.9
1245380 2566.1
1245390 2566.1
1245400 2565.1
1245410 2563.3
1245420 2563.3
1245430 2561.9
1245440 2561.0
1245450 2561.0
1245460 2558.7
1245470 2555.8
1245480 2555.8
1245490 2553.5
1245500 2553.4
1245510 2552.9
1245520 2552.9
1245530 2553.8
1245540 2554.7
1245550 2554.7
1245560 2555.0
1245570 2556.7
1245580 2556.7
1245590 2563.3
1245600 2573.1
1245610 2573.1
1245620 2580.0
1245630 2587.6
1245640 2587.6
1245650 2596.6
1245660 2605.2
1245670 2605.2
1245680 2604.8
1245690 2598.3
1245700 2598.3
1245710 2592.9
1245720 2588.1
1245730 2581.0
1245740 2581.0
1245750 2573.0
1245760 2566.0
1245770 2566.0
1245780 2561.5
1245790 2558.1
1245800 2558.1
1245810 2561.1
1245820 2555.2
1245830 2555.2
1245840 2549.1
1245850 2548.4
1245860 2548.4
1245870 2547.0
1245880 2550.5
1245890 2550.5
1245900 2558.7
1245910 2567.7
1245920 2571.6
1245930 2571.6
1245940 2577.1
1245950 2574.1
1245960 2574.1
1245970 2569.5
1245980 2568.7
1245990 2568.7
1246000 2569.5
1246010 2569.6
1246020 2569.6
1246030 2571.6
1246040 2572.3
1246050 2572.3
1246060 2569.0
1246070 2562.9
1246080 2562.9
1246090 2555.7
1246100 2549.5
1246110 2549.5
1246120 2542.7
1246130 2536.6
1246140 2529.9
1246150 2529.9
1246160 2522.1
1246170 2513.9
1246180 2513.9
1246190 2508.1
1246200 2506.9
1246210 2506.9
1246220 2506.0
1246230 2501.8
1246240 2501.8
1246250 2495.6
1246260 2499.1
1246270 2499.1
1246280 2499.6
1246290 2497.0
1246300 2497.0
1246310 2493.8
1246320 2489.1
1246330 2489.1
1246340 2483.0
1246350 2476.6
1246360 2471.1
1246370 2471.1
1246380 2467.5
1246390 2465.9
1246400 2465.9
1246410 2465.9
1246420 2459.4
1246430 2454.2
1246440 2449.6
1246450 2445.8
1246460 2445.8
1246470 2443.1
1246480 2438.8
1246490 2438.8
1246500 2435.0
1246510 2429.6
1246520 2429.6
1246530 2418.9
1246540 2409.7
1246550 2409.7
1246560 2402.2
1246570 2395.4
1246580 2389.0
1246590 2389.0
1246600 2383.0
1246610 2377.4
1246620 2377.4
1246630 2371.9
1246640 2364.5
1246650 2364.5
1246660 2356.8
1246670 2349.8
1246680 2349.8
1246690 2341.9
1246700 2331.9
1246710 2331.9
1246720 2324.0
1246730 2317.5
1246740 2317.5
1246750 2311.8
1246760 2306.4
1246770 2306.4
1246780 2301.4
1246790 2296.9
1246800 2292.0
1246810 2292.0
1246820 2286.6
1246830 2281.9
1246840 2281.9
1246850 2278.9
1246860 2275.9
1246870 2275.9
1246880 2272.8
1246890 2269.0
1246900 2269.0
1246910 2265.6
1246920 2262.6
1246930 2262.6
1246940 2259.7
1246950 2257.3
1246960 2255.9
1246970 2253.1
1246980 2249.0
1246990 2243.7
1247000 2243.7
1247010 2237.9
1247020 2231.8
1247030 2231.8
1247040 2225.1
1247050 2218.3
1247060 2218.3
1247070 2211.5
1247080 2204.9
1247090 2204.9
1247100 2198.7
1247110 2192.2
1247120 2192.2
1247130 2186.8
1247140 2183.7
1247150 2183.7
1247160 2181.3
1247170 2179.1
1247180 2179.1
1247190 2177.3
1247200 2175.8
1247210 2175.0
1247220 2175.0
1247230 2174.2
1247240 2174.3
1247250 2174.3
1247260 2174.6
1247270 2174.0
1247280 2174.0
1247290 2172.4
1247300 2169.2
1247310 2169.2
1247320 2164.6
1247330 2159.0
1247340 2159.0
1247350 2153.1
1247360 2147.4
1247370 2147.4
1247380 2141.6
1247390 2135.7
1247400 2135.7
1247410 2130.7
1247420 2126.6
1247430 2122.6
1247440 2122.6
1247450 2118.8
1247460 2114.7
1247470 2114.7
1247480 2109.1
1247490 2102.8
1247500 2103.1
1247510 2096.7
1247520 2090.5
1247530 2090.5
1247540 2084.8
1247550 2079.1
1247560 2079.1
1247570 2073.6
1247580 2068.1
1247590 2068.1
1247600 2062.4
1247610 2056.9
1247620 2056.9
1247630 2051.7
1247640 2046.9
1247650 2041.2
1247660 2041.2
1247670 2036.0
1247680 2031.2
1247690 2031.2
1247700 2026.3
1247710 2021.7
1247720 2021.7
1247730 2016.2
1247740 2010.4
1247750 2010.4
1247760 2004.8
1247770 1998.4
1247780 1998.4
1247790 1992.3
1247800 1986.8
1247810 1986.8
1247820 1981.6
1247830 1976.6
1247840 1972.2
1247850 1972.2
1247860 1968.0
1247870 1963.7
1247880 1963.7
1247890 1959.1
1247900 1954.5
1247910 1954.5
1247920 1949.5
1247930 1944.7
1247940 1944.7
1247950 1940.0
1247960 1935.5
1247970 1935.5
1247980 1930.9
1247990 1926.3
1248000 1926.3
1248010 1921.6
1248020 1916.8
1248030 1920.5
1248040 1916.2
1248050 1912.6
1248060 1909.3
1248070 1909.3
1248080 1905.8
1248090 1902.0
1248100 1902.0
1248110 1897.9
1248120 1894.0
1248130 1894.0
1248140 1890.0
1248150 1886.0
1248160 1886.0
1248170 1882.7
1248180 1878.7
1248190 1878.7
1248200 1874.1
1248210 1869.7
1248220 1869.7
1248230 1866.1
1248240 1862.0
1248250 1862.0
1248260 1857.0
1248270 1850.9
1248280 1844.7
1248290 1844.7
1248300 1838.0
1248310 1831.2
1248320 1831.2
1248330 1824.7
1248340 1818.0
1248350 1818.0
1248360 1811.3
1248370 1804.8
1248380 1804.8
1248390 1798.9
1248400 1793.4
1248410 1793.4
1248420 1785.6
1248430 1777.7
1248440 1777.7
1248450 1764.7
1248460 1752.4
1248470 1752.4
1248480 1739.5
1248490 1725.6
1248500 1707.3
1248510 1707.3
1248520 1691.4
1248530 1677.2
1248540 1677.2
1248550 1663.7
1248560 1655.0
1248570 1653.1
1248580 1644.5
1248590 1635.9
1248600 1635.9
1248610 1625.0
1248620 1615.0
1248630 1615.0
1248640 1605.7
1248650 1597.5
1248660 1597.5
1248670 1589.9
1248680 1581.8
1248690 1572.7
1248700 1572.7
1248710 1565.3
1248720 1559.1
1248730 1559.1
1248740 1552.0
1248750 1544.4
1248760 1544.4
1248770 1535.8
1248780 1527.4
1248790 1527.4
1248800 1519.8
1248810 1512.8
1248820 1512.8
1248830 1505.6
1248840 1497.8
1248850 1497.8
1248860 1491.0
1248870 1485.0
1248880 1485.0
1248890 1479.4
1248900 1473.0
1248910 1462.8
1248920 1462.8
1248930 1453.5
1248940 1445.9
1248950 1445.9
1248960 1434.8
1248970 1424.8
1248980 1424.8
1248990 1419.5
1249000 1412.5
1249010 1412.5
1249020 1404.0
1249030 1399.1
1249040 1399.1
1249050 1394.4
1249060 1389.1
1249070 1389.1
1249080 1383.5
1249090 1378.0
1249100 1375.3
1249110 1369.1
1249120 1363.3
1249130 1358.6
1249140 1358.6
1249150 1354.0
1249160 1348.9
1249170 1348.9
1249180 1343.6
1249190 1335.3
1249200 1335.3
1249210 1325.7
1249220 1321.5
1249230 1321.5
1249240 1320.9
1249250 1321.2
1249260 1321.2
1249270 1319.2
1249280 1316.6
1249290 1316.6
1249300 1309.8
1249310 1298.6
1249320 1298.6
1249330 1286.0
1249340 1278.8
1249350 1279.0
1249360 1279.0
1249370 1287.9
1249380 1295.1
1249390 1295.1
1249400 1297.2
1249410 1299.6
1249420 1299.6
1249430 1307.1
1249440 1310.3
1249450 1310.3
1249460 1309.9
1249470 1310.1
1249480 1310.1
1249490 1311.2
1249500 1314.0
1249510 1314.0
1249520 1315.8
1249530 1317.0
1249540 1317.0
1249550 1319.1
1249560 1320.8
1249570 1320.7
1249580 1320.7
1249590 1320.5
1249600 1320.8
1249610 1320.8
1249620 1321.5
1249630 1321.9
1249640 1324.5
1249650 1325.9
1249660 1326.5
1249670 1326.5
1249680 1328.6
1249690 1330.5
1249700 1330.5
1249710 1331.2
1249720 1332.0
1249730 1332.0
1249740 1332.9
1249750 1333.2
1249760 1333.2
1249770 1333.2
1249780 1333.9
1249790 1334.8
1249800 1334.8
1249810 1336.9
1249820 1342.5
1249830 1342.5
1249840 1350.1
1249850 1357.1
1249860 1357.1
1249870 1363.7
1249880 1370.3
1249890 1370.3
1249900 1376.5
1249910 1383.2
1249920 1383.2
1249930 1390.2
1249940 1398.8
1249950 1398.8
1249960 1407.3
1249970 1416.1
1249980 1424.6
1249990 1424.6
1250000 1432.5
1250010 1441.0
1250020 1441.0
1250030 1448.8
1250040 1456.8
1250050 1456.8
1250060 1464.2
1250070 1471.9
1250080 1471.9
1250090 1480.0
1250100 1487.9
1250110 1487.9
1250120 1496.9
1250130 1506.0
1250140 1506.0
1250150 1515.7
1250160 1522.3
1250170 1522.3
1250180 1524.9
1250190 1526.2
1250200 1530.0
1250210 1530.0
1250220 1533.5
1250230 1535.8
1250240 1535.8
1250250 1540.3
1250260 1547.9
1250270 1547.9
1250280 1555.2
1250290 1561.6
1250300 1561.6
1250310 1571.4
1250320 1577.0
1250330 1577.0
1250340 1578.8
1250350 1581.6
1250360 1581.6
1250370 1587.1
1250380 1594.0
1250390 1594.0
1250400 1600.7
1250410 1606.4
1250420 1611.8
1250430 1611.8
1250440 1617.6
1250450 1623.9
1250460 1623.9
1250470 1631.2
1250480 1638.9
1250490 1638.9
1250500 1646.8
1250510 1655.2
1250520 1655.2
1250530 1664.0
1250540 1674.6
1250550 1674.6
1250560 1683.4
1250570 1690.7
1250580 1690.7
1250590 1697.8
1250600 1703.7
1250610 1709.6
1250620 1709.6
1250630 1716.5
1250640 1723.0
1250650 1723.0
1250660 1728.3
1250670 1732.2
1250680 1732.2
1250690 1735.9
1250700 1739.7
1250710 1739.7
1250720 1749.4
1250730 1753.3
1250740 1753.3
1250750 1758.9
1250760 1765.1
1250770 1765.1
1250780 1771.0
1250790 1775.8
1250800 1775.8
1250810 1779.5
1250820 1783.4
1250830 1787.3
1250840 1787.3
1250850 1792.3
1250860 1797.6
1250870 1797.6
1250880 1801.7
1250890 1802.8
1250900 1802.8
1250910 1801.3
1250920 1802.4
1250930 1802.4
1250940 1808.6
1250950 1813.4
1250960 1813.4
1250970 1812.1
1250980 1809.4
1250990 1809.4
1251000 1808.2
1251010 1811.0
1251020 1811.0
1251030 1820.1
1251040 1827.0
1251050 1831.0
1251060 1831.0
1251070 1831.9
1251080 1830.1
1251090 1830.1
1251100 1832.1
1251110 1838.1
1251120 1838.1
1251130 1841.0
1251140 1842.1
1251150 1842.1
1251160 1844.3
1251170 1848.3
1251180 1848.3
1251190 1853.6
1251200 1855.2
1251210 1855.2
1251220 1849.5
1251230 1843.9
1251240 1843.9
1251250 1848.4
1251260 1857.2
1251270 1861.1
1251280 1861.1
1251290 1866.7
1251300 1872.4
1251310 1872.4
1251320 1877.8
1251330 1887.8
1251340 1887.8
1251350 1901.1
1251360 1912.5
1251370 1912.5
1251380 1922.5
1251390 1930.1
1251400 1930.1
1251410 1937.1
1251420 1945.5
1251430 1945.5
1251440 1953.5
1251450 1961.5
1251460 1970.1
1251470 1970.1
1251480 1977.5
1251490 1984.5
1251500 1984.5
1251510 1989.0
1251520 1993.7
1251530 1993.7
1251540 1997.7
1251550 2000.7
1251560 2000.7
1251570 2004.6
1251580 2009.0
1251590 2009.0
1251600 2013.8
1251610 2019.1
1251620 2019.1
1251630 2024.8
1251640 2030.3
1251650 2030.3
1251660 2037.0
1251670 2043.8
1251680 2051.3
1251690 2051.3
1251700 2058.4
1251710 2064.4
1251720 2064.4
1251730 2070.5
1251740 2077.6
1251750 2077.6
1251760 2084.5
1251770 2090.8
1251780 2090.8
1251790 2096.3
1251800 2101.7
1251810 2101.3
1251820 2106.5
1251830 2111.6
1251840 2111.6
1251850 2116.8
1251860 2122.3
1251870 2122.3
1251880 2127.7
1251890 2133.0
1251900 2138.6
1251910 2138.6
1251920 2144.0
1251930 2149.7
1251940 2149.7
1251950 2155.5
1251960 2161.6
1251970 2161.6
1251980 2167.9
1251990 2174.2
1252000 2174.2
1252010 2180.3
1252020 2185.8
1252030 2185.8
1252040 2191.3
1252050 2196.9
1252060 2196.9
1252070 2203.5
1252080 2210.4
1252090 2210.4
1252100 2216.8
1252110 2222.6
1252120 2228.0
1252130 2228.0
1252140 2232.2
1252150 2236.1
1252160 2236.1
1252170 2240.5
1252180 2245.9
1252190 2245.9
1252200 2251.6
1252210 2257.3
1252220 2257.3
1252230 2263.7
1252240 2271.0
1252250 2271.0
1252260 2278.6
1252270 2287.6
1252280 2287.6
1252290 2296.8
1252300 2303.6
1252310 2303.6
1252320 2310.3
1252330 2316.3
1252340 2322.8
1252350 2320.7
1252360 2329.8
1252370 2338.6
1252380 2338.6
1252390 2351.1
1252400 2365.1
1252410 2365.1
1252420 2373.5
1252430 2382.4
1252440 2382.4
1252450 2390.0
1252460 2396.7
1252470 2396.7
1252480 2404.0
1252490 2411.6
1252500 2411.6
1252510 2419.4
1252520 2427.9
1252530 2436.1
1252540 2436.1
1252550 2445.9
1252560 2454.2
1252570 2454.2
1252580 2460.1
1252590 2464.7
1252600 2464.7
1252610 2471.5
1252620 2477.6
1252630 2477.6
1252640 2484.1
1252650 2492.7
1252660 2492.7
1252670 2499.6
1252680 2504.4
1252690 2504.4
1252700 2508.3
1252710 2512.6
1252720 2512.6
1252730 2517.0
1252740 2522.2
1252750 2528.8
1252760 2528.8
1252770 2536.0
1252780 2543.8
1252790 2543.8
1252800 2551.0
1252810 2560.0
1252820 2560.0
1252830 2569.1
1252840 2578.7
1252850 2578.7
1252860 2586.6
1252870 2594.8
1252880 2594.8
1252890 2599.9
1252900 2607.1
1252910 2607.1
1252920 2607.9
1252930 2604.8
1252940 2604.8
1252950 2601.4
1252960 2597.1
1252970 2593.8
1252980 2593.8
1252990 2593.8
1253000 2594.9
1253010 2594.9
1253020 2597.1
1253030 2595.6
1253040 2595.6
1253050 2591.5
1253060 2587.7
1253070 2587.7
1253080 2584.8
1253090 2581.2
1253100 2581.2
1253110 2574.0
1253120 2566.8
1253130 2566.8
1253140 2562.3
1253150 2560.5
1253160 2560.5
1253170 2561.1
1253180 2558.6
1253190 2564.0
1253200 2564.0
1253210 2566.7
1253220 2568.2
1253230 2568.2
1253240 2565.1
1253250 2560.0
1253260 2560.0
1253270 2557.1
1253280 2560.7
1253290 2560.7
1253300 2567.2
1253310 2572.3
1253320 2572.3
1253330 2576.1
1253340 2571.7
1253350 2571.7
1253360 2567.7
1253370 2566.4
1253380 2568.2
1253390 2568.2
1253400 2572.4
1253410 2581.0
1253420 2581.0
1253430 2589.2
1253440 2593.7
1253450 2599.6
1253460 2602.6
1253470 2604.2
1253480 2604.2
1253490 2606.1
1253500 2607.0
1253510 2607.0
1253520 2606.8
1253530 2604.4
1253540 2604.4
1253550 2601.2
1253560 2597.0
1253570 2597.0
1253580 2592.0
1253590 2588.8
1253600 2587.4
1253610 2587.4
1253620 2588.7
1253630 2594.5
1253640 2594.5
1253650 2605.8
1253660 2610.5
1253670 2610.5
1253680 2609.1
1253690 2606.6
1253700 2606.6
1253710 2605.9
1253720 2604.6
1253730 2604.6
1253740 2601.7
1253750 2600.3
1253760 2600.3
1253770 2600.6
1253780 2600.7
1253790 2600.7
1253800 2599.1
1253810 2600.0
1253820 2601.1
1253830 2601.1
1253840 2600.8
1253850 2600.9
1253860 2600.9
1253870 2599.9
1253880 2599.8
1253890 2599.8
1253900 2601.1
1253910 2600.6
1253920 2600.6
1253930 2599.5
1253940 2598.5
1253950 2598.5
1253960 2596.7
1253970 2595.7
1253980 2595.7
1253990 2594.7
1254000 2597.0
1254010 2597.0
1254020 2596.6
1254030 2596.2
1254040 2595.2
1254050 2595.2
1254060 2593.6
1254070 2594.0
1254080 2594.0
1254090 2594.0
1254100 2591.3
1254110 2591.3
1254120 2589.1
1254130 2588.9
1254140 2588.9
1254150 2590.1
1254160 2591.5
1254170 2591.5
1254180 2593.0
1254190 2594.3
1254200 2594.3
1254210 2594.4
1254220 2591.4
1254230 2586.9
1254240 2586.9
1254250 2581.3
1254260 2575.0
1254270 2575.0
1254280 2571.1
1254290 2570.5
1254300 2570.5
1254310 2568.8
1254320 2568.8
1254330 2568.8
1254340 2565.8
1254350 2561.6
1254360 2561.6
1254370 2561.1
1254380 2561.9
1254390 2561.9
1254400 2561.1
1254410 2559.7
1254420 2559.7
1254430 2556.3
1254440 2551.8
1254450 2548.4
1254460 2548.4
1254470 2550.3
1254480 2555.9
1254490 2555.9
1254500 2563.2
1254510 2570.7
1254520 2570.7
1254530 2578.5
1254540 2584.0
1254550 2586.0
1254560 2588.8
1254570 2592.5
1254580 2592.5
1254590 2598.2
1254600 2606.1
1254610 2606.1
1254620 2619.4
1254630 2631.7
1254640 2631.7
1254650 2650.0
1254660 2667.1
1254670 2674.6
1254680 2674.6
1254690 2682.3
1254700 2691.7
1254710 2691.7
1254720 2700.3
1254730 2711.8
1254740 2711.8
1254750 2727.2
1254760 2740.4
1254770 2740.4
1254780 2755.2
1254790 2768.2
1254800 2768.2
1254810 2782.8
1254820 2797.4
1254830 2797.4
1254840 2814.8
1254850 2831.0
1254860 2831.0
1254870 2844.7
1254880 2857.6
1254890 2862.9
1254900 2862.9
1254910 2858.2
1254920 2853.0
1254930 2853.0
1254940 2844.6
1254950 2837.4
1254960 2837.4
1254970 2829.5
1254980 2819.2
1254990 2819.2
1255000 2808.5
1255010 2806.6
1255020 2806.6
1255030 2800.5
1255040 2789.1
1255050 2789.1
1255060 2784.0
1255070 2779.0
1255080 2779.0
1255090 2773.4
1255100 2772.4
1255110 2767.6
1255120 2767.6
1255130 2763.4
1255140 2760.1
1255150 2760.1
1255160 2756.9
1255170 2753.3
1255180 2753.3
1255190 2748.3
1255200 2740.8
1255210 2740.8
1255220 2738.6
1255230 2737.8
1255240 2737.8
1255250 2739.5
1255260 2743.0
1255270 2743.0
1255280 2746.0
1255290 2751.8
1255300 2758.4
1255310 2758.4
1255320 2764.8
1255330 2770.2
1255340 2770.2
1255350 2775.6
1255360 2787.8
1255370 2787.8
1255380 2805.8
1255390 2817.1
1255400 2817.1
1255410 2824.4
1255420 2837.3
1255430 2837.3
1255440 2852.4
1255450 2867.8
1255460 2867.8
1255470 2882.2
1255480 2898.0
1255490 2898.0
1255500 2911.9
1255510 2919.0
1255520 2924.3
1255530 2924.3
1255540 2938.4
1255550 2955.6
1255560 2955.6
1255570 2971.9
1255580 2981.9
1255590 2981.9
1255600 2985.5
1255610 2992.4
1255620 2992.4
1255630 2992.4
1255640 2995.1
1255650 2980.4
1255660 2986.4
1255670 2987.5
1255680 2987.5
1255690 2989.0
1255700 2992.5
1255710 2992.5
1255720 3000.7
1255730 3008.2
1255740 3018.2
1255750 3018.2
1255760 3028.4
1255770 3023.8
1255780 3023.8
1255790 3010.4
1255800 2998.0
1255810 2998.0
1255820 2988.0
1255830 2982.7
1255840 2982.7
1255850 2980.4
1255860 2978.7
1255870 2978.7
1255880 2972.7
1255890 2964.9
1255900 2964.9
1255910 2970.4
1255920 2974.2
1255930 2974.2
1255940 2982.7
1255950 2988.4
1255960 2986.8
1255970 2986.8
1255980 2974.4
1255990 2964.7
1256000 2964.7
1256010 2954.7
1256020 2933.0
1256030 2933.0
1256040 2918.1
1256050 2906.3
1256060 2906.3
1256070 2887.2
1256080 2868.5
1256090 2868.5
1256100 2851.7
1256110 2848.5
1256120 2848.5
1256130 2855.9
1256140 2858.0
1256150 2858.9
1256160 2858.9
1256170 2847.7
1256180 2833.2
1256190 2833.2
1256200 2820.9
1256210 2810.0
1256220 2810.0
1256230 2799.6
1256240 2785.8
1256250 2785.8
1256260 2764.0
1256270 2752.5
1256280 2752.5
1256290 2746.5
1256300 2739.4
1256310 2739.4
1256320 2732.4
1256330 2725.6
1256340 2725.6
1256350 2719.0
1256360 2712.8
1256370 2707.5
1256380 2707.5
1256390 2703.8
1256400 2700.6
1256410 2700.6
1256420 2697.4
1256430 2694.0
1256440 2694.0
1256450 2690.2
1256460 2686.3
1256470 2686.3
1256480 2682.0
1256490 2679.4
1256500 2679.4
1256510 2678.5
1256520 2678.5
1256530 2678.5
1256540 2681.3
1256550 2687.7
1256560 2687.7
1256570 2693.3
1256580 2687.2
1256590 2672.7
1256600 2672.7
1256610 2659.3
1256620 2643.8
1256630 2643.8
1256640 2631.9
1256650 2618.5
1256660 2618.5
1256670 2607.4
1256680 2602.5
1256690 2602.5
1256700 2599.6
1256710 2596.8
1256720 2596.8
1256730 2593.1
1256740 2587.1
1256750 2587.1
1256760 2578.8
1256770 2578.2
1256780 2578.2
1256790 2575.6
1256800 2572.3
1256810 2568.7
1256820 2568.7
1256830 2565.2
1256840 2561.9
1256850 2561.9
1256860 2558.6
1256870 2555.6
1256880 2555.6
1256890 2552.8
1256900 2550.6
1256910 2550.6
1256920 2548.4
1256930 2545.8
1256940 2545.8
1256950 2543.2
1256960 2540.7
1256970 2540.7
1256980 2537.6
1256990 2533.7
1257000 2530.5
1257010 2530.5
1257020 2529.7
1257030 2533.3
1257040 2533.3
1257050 2542.5
1257060 2546.7
1257070 2546.7
1257080 2549.0
1257090 2551.9
1257100 2551.9
1257110 2555.6
1257120 2563.8
1257130 2563.8
1257140 2572.5
1257150 2580.7
1257160 2580.7
1257170 2585.8
1257180 2590.4
1257190 2590.4
1257200 2594.2
1257210 2598.6
1257220 2603.8
1257230 2603.8
1257240 2601.2
1257250 2594.1
1257260 2594.1
1257270 2595.2
1257280 2600.7
1257290 2600.7
1257300 2600.6
1257310 2599.0
1257320 2587.7
1257330 2581.4
1257340 2576.6
1257350 2576.6
1257360 2574.6
1257370 2576.7
1257380 2576.7
1257390 2580.1
1257400 2585.7
1257410 2585.7
1257420 2587.1
1257430 2583.1
1257440 2580.3
1257450 2580.3
1257460 2575.9
1257470 2580.9
1257480 2580.9
1257490 2593.4
1257500 2606.0
1257510 2606.0
1257520 2617.0
1257530 2627.3
1257540 2627.3
1257550 2640.8
1257560 2652.4
1257570 2652.4
1257580 2659.9
1257590 2665.5
1257600 2665.5
1257610 2671.9
1257620 2679.9
1257630 2679.9
1257640 2690.1
1257650 2700.7
1257660 2705.1
1257670 2705.1
1257680 2698.6
1257690 2687.1
1257700 2687.1
1257710 2677.0
1257720 2668.6
1257730 2668.6
1257740 2661.7
1257750 2652.8
1257760 2652.8
1257770 2642.3
1257780 2633.9
1257790 2633.9
1257800 2629.0
1257810 2624.7
1257820 2624.7
1257830 2620.6
1257840 2617.0
1257850 2614.4
1257860 2614.4
1257870 2610.2
1257880 2608.4
1257890 2608.4
1257900 2606.3
1257910 2604.3
1257920 2604.3
1257930 2602.7
1257940 2601.8
1257950 2601.8
1257960 2599.1
1257970 2596.6
1257980 2596.6
1257990 2596.9
1258000 2591.8
1258010 2591.8
1258020 2585.2
1258030 2576.0
1258040 2576.0
1258050 2568.4
1258060 2561.8
1258070 2554.9
1258080 2554.9
1258090 2544.9
1258100 2534.6
1258110 2534.6
1258120 2527.0
1258130 2520.2
1258140 2520.2
1258150 2512.4
1258160 2505.5
1258170 2505.5
1258180 2501.1
1258190 2496.9
1258200 2496.9
1258210 2493.5
1258220 2489.7
1258230 2489.7
1258240 2485.2
1258250 2482.0
1258260 2482.0
1258270 2481.1
1258280 2480.7
1258290 2479.2
1258300 2479.2
1258310 2478.2
1258320 2477.6
1258330 2477.6
1258340 2475.7
1258350 2473.2
1258360 2473.2
1258370 2469.0
1258380 2461.0
1258390 2461.0
1258400 2450.9
1258410 2442.3
1258420 2442.3
1258430 2435.0
1258440 2430.0
1258450 2430.0
1258460 2425.4
1258470 2420.3
1258480 2420.3
1258490 2414.7
1258500 2410.2
1258510 2405.5
1258520 2405.5
1258530 2398.4
1258540 2391.8
1258550 2391.8
1258560 2386.8
1258570 2383.7
1258580 2383.7
1258590 2383.0
1258600 2383.1
1258610 2383.1
1258620 2383.0
1258630 2384.2
1258640 2384.2
1258650 2386.6
1258660 2389.2
1258670 2389.2
1258680 2391.0
1258690 2390.9
1258700 2390.9
1258710 2388.7
1258720 2385.4
1258730 2382.5
1258740 2382.5
1258750 2382.6
1258760 2384.7
1258770 2384.7
1258780 2386.4
1258790 2386.0
1258800 2386.0
1258810 2384.4
1258820 2382.6
1258830 2382.6
1258840 2377.5
1258850 2373.6
1258860 2373.6
1258870 2371.4
1258880 2371.3
1258890 2371.3
1258900 2371.2
1258910 2371.9
1258920 2373.6
1258930 2373.6
1258940 2375.7
1258950 2377.6
1258960 2377.6
1258970 2380.0
1258980 2382.7
1258990 2374.2
1259000 2375.8
1259010 2377.7
1259020 2377.7
1259030 2380.1
1259040 2384.8
1259050 2384.8
1259060 2392.5
1259070 2400.4
1259080 2400.4
1259090 2408.2
1259100 2396.2
1259110 2396.2
1259120 2402.6
1259130 2421.4
1259140 2428.8
1259150 2428.8
1259160 2422.9
1259170 2421.1
1259180 2421.1
1259190 2414.5
1259200 2404.6
1259210 2404.6
1259220 2395.5
1259230 2390.6
1259240 2390.6
1259250 2385.5
1259260 2373.7
1259270 2373.7
1259280 2361.5
1259290 2347.0
1259300 2347.0
1259310 2336.0
1259320 2327.8
1259330 2327.8
1259340 2317.8
1259350 2305.7
1259360 2294.6
1259370 2294.6
1259380 2280.1
1259390 2260.1
1259400 2260.1
1259410 2244.6
1259420 2235.9
1259430 2235.9
1259440 2226.8
1259450 2208.4
1259460 2208.4
1259470 2188.4
1259480 2177.2
1259490 2177.2
1259500 2166.7
1259510 2154.8
1259520 2154.8
1259530 2147.5
1259540 2140.5
1259550 2140.5
1259560 2134.4
1259570 2127.9
1259580 2121.2
1259590 2121.2
1259600 2114.5
1259610 2107.5
1259620 2107.5
1259630 2101.0
1259640 2094.5
1259650 2094.5
1259660 2088.2
1259670 2081.7
1259680 2081.7
1259690 2076.0
1259700 2071.0
1259710 2071.0
1259720 2067.3
1259730 2064.9
1259740 2064.9
1259750 2063.4
1259760 2062.9
1259770 2062.6
1259780 2062.6
1259790 2063.6
1259800 2064.4
1259810 2064.4
1259820 2062.4
1259830 2057.7
1259840 2057.7
1259850 2051.5
1259860 2045.5
1259870 2045.5
1259880 2040.2
1259890 2036.9
1259900 2036.9
1259910 2034.9
1259920 2031.7
1259930 2031.7
1259940 2028.1
1259950 2025.3
1259960 2025.3
1259970 2021.5
1259980 2017.4
1259990 2014.4
