1240000 3290.8
1240010 3293.9
1240020 3297.3
1240030 3297.3
1240040 3304.4
1240050 3306.0
1240060 3306.0
1240070 3314.1
1240080 3327.7
1240090 3327.7
1240100 3339.8
1240110 3348.5
1240120 3348.5
1240130 3354.0
1240140 3365.4
1240150 3373.5
1240160 3373.5
1240170 3379.0
1240180 3386.0
1240190 3386.0
1240200 3393.6
1240210 3398.7
1240220 3398.7
1240230 3406.2
1240240 3402.0
1240250 3402.0
1240260 3393.4
1240270 3390.0
1240280 3390.0
1240290 3388.0
1240300 3390.3
1240310 3390.3
1240320 3383.4
1240330 3376.8
1240340 3376.8
1240350 3373.1
1240360 3371.4
1240370 3370.3
1240380 3370.3
1240390 3369.3
1240400 3368.0
1240410 3368.0
1240420 3367.4
1240430 3368.1
1240440 3368.1
1240450 3369.8
1240460 3371.7
1240470 3371.7
1240480 3371.8
1240490 3370.5
1240500 3370.5
1240510 3368.4
1240520 3366.1
1240530 3366.1
1240540 3363.6
1240550 3361.0
1240560 3361.0
1240570 3366.4
1240580 3363.7
1240590 3360.8
1240600 3360.8
1240610 3357.7
1240620 3354.5
1240630 3354.5
1240640 3351.1
1240650 3347.9
1240660 3347.9
1240670 3344.9
1240680 3342.0
1240690 3342.0
1240700 3339.5
1240710 3337.1
1240720 3337.1
1240730 3333.5
1240740 3324.2
1240750 3324.2
1240760 3309.1
1240770 3295.6
1240780 3295.6
1240790 3281.7
1240800 3268.7
1240810 3253.0
1240820 3253.0
1240830 3234.5
1240840 3226.0
1240850 3226.0
1240860 3219.1
1240870 3212.6
1240880 3212.6
1240890 3206.7
1240900 3201.2
1240910 3201.2
1240920 3195.9
1240930 3191.0
1240940 3191.0
1240950 3186.4
1240960 3182.2
1240970 3182.2
1240980 3178.2
1240990 3174.2
1241000 3174.2
1241010 3170.0
1241020 3165.8
1241030 3161.8
1241040 3161.8
1241050 3157.8
1241060 3153.8
1241070 3153.8
1241080 3149.5
1241090 3145.8
1241100 3145.8
1241110 3141.6
1241120 3137.1
1241130 3137.1
1241140 3131.0
1241150 3126.8
1241160 3126.8
1241170 3121.2
1241180 3117.0
1241190 3117.0
1241200 3111.8
1241210 3107.1
1241220 3102.5
1241230 3102.5
1241240 3097.9
1241250 3093.2
1241260 3093.2
1241270 3088.9
1241280 3085.1
1241290 3085.1
1241300 3081.0
1241310 3076.4
1241320 3076.4
1241330 3071.5
1241340 3066.4
1241350 3066.4
1241360 3061.1
1241370 3055.7
1241380 3055.7
1241390 3050.4
1241400 3045.2
1241410 3045.2
1241420 3040.4
1241430 3035.8
1241440 3031.4
1241450 3031.4
1241460 3027.1
1241470 3022.8
1241480 3022.8
1241490 3018.8
1241500 3015.0
1241510 3015.0
1241520 3011.3
1241530 3007.9
1241540 3007.9
1241550 3004.4
1241560 3001.0
1241570 3001.0
1241580 2997.6
1241590 2994.1
1241600 2994.1
1241610 2993.0
1241620 2989.7
1241630 2989.7
1241640 2986.5
1241650 2983.5
1241660 2980.7
1241670 2980.7
1241680 2977.9
1241690 2975.4
1241700 2975.4
1241710 2973.1
1241720 2970.7
1241730 2970.7
1241740 2968.4
1241750 2966.1
1241760 2966.1
1241770 2963.8
1241780 2961.6
1241790 2961.6
1241800 2959.4
1241810 2957.3
1241820 2957.3
1241830 2955.1
1241840 2953.0
1241850 2953.0
1241860 2950.9
1241870 2948.7
1241880 2946.7
1241890 2946.7
1241900 2944.6
1241910 2942.6
1241920 2942.6
1241930 2940.5
1241940 2938.4
1241950 2938.4
1241960 2936.2
1241970 2934.0
1241980 2934.0
1241990 2931.8
1242000 2929.5
1242010 2929.5
1242020 2927.2
1242030 2924.8
1242040 2924.8
1242050 2922.4
1242060 2919.9
1242070 2919.9
1242080 2917.2
1242090 2914.5
1242100 2911.8
1242110 2911.8
1242120 2908.3
1242130 2903.4
1242140 2903.4
1242150 2899.8
1242160 2896.0
1242170 2896.0
1242180 2891.9
1242190 2887.8
1242200 2887.8
1242210 2883.3
1242220 2878.5
1242230 2878.5
1242240 2874.0
1242250 2869.2
1242260 2869.2
1242270 2864.0
1242280 2858.8
1242290 2853.9
1242300 2853.9
1242310 2848.7
1242320 2842.3
1242330 2842.3
1242340 2835.3
1242350 2829.1
1242360 2829.1
1242370 2822.4
1242380 2815.7
1242390 2815.7
1242400 2808.9
1242410 2802.0
1242420 2802.0
1242430 2795.2
1242440 2788.6
1242450 2788.6
1242460 2782.6
1242470 2777.4
1242480 2777.4
1242490 2773.1
1242500 2769.1
1242510 2764.0
1242520 2764.0
1242530 2759.3
1242540 2754.5
1242550 2754.5
1242560 2749.6
1242570 2743.3
1242580 2743.3
1242590 2738.0
1242600 2733.4
1242610 2733.4
1242620 2729.7
1242630 2727.3
1242640 2727.3
1242650 2725.4
1242660 2723.3
1242670 2723.3
1242680 2721.5
1242690 2719.8
1242700 2719.8
1242710 2718.0
1242720 2716.6
1242730 2715.3
1242740 2715.3
1242750 2714.3
1242760 2714.7
1242770 2714.7
1242780 2716.3
1242790 2718.1
1242800 2718.1
1242810 2718.2
1242820 2716.2
1242830 2716.2
1242840 2712.7
1242850 2708.4
1242860 2708.4
1242870 2704.0
1242880 2699.8
1242890 2699.8
1242900 2696.4
1242910 2693.7
1242920 2693.7
1242930 2691.2
1242940 2689.0
1242950 2685.8
1242960 2685.8
1242970 2683.0
1242980 2680.9
1242990 2680.9
1243000 2678.7
1243010 2676.4
1243020 2676.4
1243030 2673.9
1243040 2670.9
1243050 2670.9
1243060 2667.9
1243070 2666.1
1243080 2666.1
1243090 2665.0
1243100 2663.8
1243110 2663.8
1243120 2661.4
1243130 2658.5
1243140 2658.5
1243150 2656.3
1243160 2652.8
1243170 2648.5
1243180 2645.3
1243190 2642.3
1243200 2639.5
1243210 2639.5
1243220 2637.0
1243230 2635.6
1243240 2635.6
1243250 2636.0
1243260 2636.6
1243270 2636.6
1243280 2637.0
1243290 2636.8
1243300 2636.8
1243310 2636.4
1243320 2635.9
1243330 2635.9
1243340 2635.3
1243350 2635.1
1243360 2634.8
1243370 2634.8
1243380 2634.3
1243390 2633.2
1243400 2633.2
1243410 2632.1
1243420 2632.2
1243430 2632.2
1243440 2632.5
1243450 2632.0
1243460 2632.0
1243470 2630.9
1243480 2629.3
1243490 2629.3
1243500 2626.4
1243510 2624.6
1243520 2624.6
1243530 2622.6
1243540 2621.5
1243550 2621.5
1243560 2620.9
1243570 2620.9
1243580 2621.6
1243590 2621.6
1243600 2622.3
1243610 2622.7
1243620 2622.7
1243630 2622.4
1243640 2623.1
1243650 2623.1
1243660 2624.6
1243670 2626.0
1243680 2626.0
1243690 2627.5
1243700 2628.7
1243710 2633.7
1243720 2635.6
1243730 2637.6
1243740 2637.6
1243750 2638.4
1243760 2640.0
1243770 2640.0
1243780 2641.9
1243790 2641.1
1243800 2638.8
1243810 2638.8
1243820 2638.8
1243830 2642.6
1243840 2642.6
1243850 2649.9
1243860 2659.9
1243870 2659.9
1243880 2669.5
1243890 2678.8
1243900 2678.8
1243910 2688.3
1243920 2697.1
1243930 2697.1
1243940 2701.6
1243950 2705.4
1243960 2705.4
1243970 2719.4
1243980 2729.8
1243990 2729.8
1244000 2736.6
1244010 2750.9
1244020 2760.2
1244030 2760.2
1244040 2768.5
1244050 2771.8
1244060 2771.8
1244070 2771.0
1244080 2769.6
1244090 2769.6
1244100 2763.5
1244110 2754.8
1244120 2754.8
1244130 2750.4
1244140 2745.9
1244150 2745.9
1244160 2745.0
1244170 2746.8
1244180 2746.8
1244190 2744.2
1244200 2740.0
1244210 2740.0
1244220 2735.5
1244230 2733.1
1244240 2729.8
1244250 2729.8
1244260 2727.4
1244270 2725.8
1244280 2725.8
1244290 2723.6
1244300 2721.6
1244310 2721.6
1244320 2720.0
1244330 2719.0
1244340 2719.0
1244350 2718.4
1244360 2718.8
1244370 2718.8
1244380 2720.7
1244390 2722.4
1244400 2722.4
1244410 2729.4
1244420 2742.1
1244430 2756.4
1244440 2756.4
1244450 2765.6
1244460 2795.2
1244470 2795.2
1244480 2817.8
1244490 2818.8
1244500 2818.8
1244510 2815.9
1244520 2821.5
1244530 2821.5
1244540 2833.2
1244550 2846.8
1244560 2846.8
1244570 2853.8
1244580 2852.0
1244590 2852.0
1244600 2850.2
1244610 2853.8
1244620 2853.8
1244630 2857.1
1244640 2859.0
1244650 2861.7
1244660 2861.7
1244670 2864.7
1244680 2868.1
1244690 2868.1
1244700 2869.3
1244710 2869.0
1244720 2869.0
1244730 2874.1
1244740 2873.2
1244750 2873.2
1244760 2891.9
1244770 2902.3
1244780 2902.3
1244790 2911.0
1244800 2913.7
1244810 2913.7
1244820 2917.4
1244830 2922.5
1244840 2922.5
1244850 2931.6
1244860 2953.6
1244870 2973.9
1244880 2973.9
1244890 2982.0
1244900 2979.0
1244910 2979.0
1244920 2969.3
1244930 2957.8
1244940 2957.8
1244950 2946.1
1244960 2933.8
1244970 2933.8
1244980 2921.9
1244990 2911.1
1245000 2911.1
1245010 2901.2
1245020 2893.9
1245030 2893.9
1245040 2888.8
1245050 2879.5
1245060 2879.5
1245070 2868.8
1245080 2858.0
1245090 2847.8
1245100 2847.8
1245110 2837.3
1245120 2825.3
1245130 2825.3
1245140 2809.6
1245150 2792.3
1245160 2792.3
1245170 2778.0
1245180 2766.1
1245190 2766.1
1245200 2751.1
1245210 2741.8
1245220 2741.8
1245230 2738.2
1245240 2734.1
1245250 2734.1
1245260 2729.1
1245270 2723.6
1245280 2723.6
1245290 2713.6
1245300 2708.1
1245310 2702.5
1245320 2702.5
1245330 2696.9
1245340 2691.1
1245350 2691.1
1245360 2685.3
1245370 2679.5
1245380 2679.5
1245390 2673.8
1245400 2668.2
1245410 2668.2
1245420 2662.9
1245430 2657.6
1245440 2657.6
1245450 2652.2
1245460 2646.9
1245470 2646.9
1245480 2641.7
1245490 2636.9
1245500 2632.0
1245510 2632.0
1245520 2627.1
1245530 2623.1
1245540 2623.1
1245550 2620.1
1245560 2617.2
1245570 2617.2
1245580 2612.8
1245590 2607.3
1245600 2607.3
1245610 2603.7
1245620 2603.3
1245630 2603.3
1245640 2602.9
1245650 2600.7
1245660 2600.7
1245670 2597.3
1245680 2595.8
1245690 2595.8
1245700 2593.8
1245710 2589.4
1245720 2585.4
1245730 2585.4
1245740 2581.6
1245750 2578.8
1245760 2578.8
1245770 2576.4
1245780 2574.7
1245790 2574.7
1245800 2574.0
1245810 2574.2
1245820 2572.6
1245830 2572.6
1245840 2572.8
1245850 2572.8
1245860 2570.4
1245870 2569.3
1245880 2569.3
1245890 2569.8
1245900 2571.3
1245910 2571.3
1245920 2574.3
1245930 2575.3
1245940 2572.9
1245950 2572.9
1245960 2569.5
1245970 2566.0
1245980 2566.0
1245990 2563.0
1246000 2559.9
1246010 2559.9
1246020 2557.2
1246030 2555.9
1246040 2555.9
1246050 2556.0
1246060 2552.9
1246070 2552.9
1246080 2550.0
1246090 2549.4
1246100 2549.4
1246110 2546.3
1246120 2541.2
1246130 2541.2
1246140 2539.7
1246150 2535.6
1246160 2532.4
1246170 2532.4
1246180 2530.1
1246190 2527.3
1246200 2527.3
1246210 2523.5
1246220 2519.1
1246230 2519.1
1246240 2513.9
1246250 2509.9
1246260 2509.9
1246270 2508.2
1246280 2504.8
1246290 2504.8
1246300 2498.6
1246310 2490.4
1246320 2490.4
1246330 2484.8
1246340 2480.2
1246350 2481.5
1246360 2475.2
1246370 2469.5
1246380 2461.8
1246390 2461.8
1246400 2456.5
1246410 2450.4
1246420 2450.4
1246430 2444.9
1246440 2441.4
1246450 2441.4
1246460 2439.2
1246470 2437.7
1246480 2437.7
1246490 2436.4
1246500 2435.2
1246510 2435.2
1246520 2433.7
1246530 2433.9
1246540 2433.9
1246550 2433.7
1246560 2431.6
1246570 2426.4
1246580 2426.4
1246590 2422.5
1246600 2421.6
1246610 2421.6
1246620 2420.0
1246630 2416.3
1246640 2416.3
1246650 2410.7
1246660 2403.2
1246670 2403.2
1246680 2395.5
1246690 2392.1
1246700 2392.1
1246710 2390.6
1246720 2389.3
1246730 2389.3
1246740 2387.8
1246750 2385.7
1246760 2385.7
1246770 2379.6
1246780 2371.9
1246790 2367.8
1246800 2367.8
1246810 2367.4
1246820 2367.0
1246830 2367.0
1246840 2365.8
1246850 2364.1
1246860 2364.1
1246870 2362.3
1246880 2358.9
1246890 2358.9
1246900 2354.6
1246910 2348.5
1246920 2348.5
1246930 2341.0
1246940 2336.3
1246950 2336.3
1246960 2333.1
1246970 2329.0
1246980 2329.0
1246990 2324.9
1247000 2322.0
1247010 2319.8
1247020 2319.8
1247030 2317.7
1247040 2316.1
1247050 2316.1
1247060 2314.1
1247070 2311.4
1247080 2311.4
1247090 2307.8
1247100 2303.9
1247110 2303.9
1247120 2300.0
1247130 2295.4
1247140 2295.4
1247150 2290.6
1247160 2285.6
1247170 2285.6
1247180 2281.3
1247190 2279.3
1247200 2279.3
1247210 2277.9
1247220 2275.0
1247230 2271.2
1247240 2271.2
1247250 2267.5
1247260 2263.8
1247270 2263.8
1247280 2259.9
1247290 2256.4
1247300 2256.4
1247310 2253.6
1247320 2251.7
1247330 2251.7
1247340 2249.9
1247350 2244.4
1247360 2244.4
1247370 2238.0
1247380 2231.4
1247390 2231.4
1247400 2226.6
1247410 2222.7
1247420 2218.5
1247430 2214.7
1247440 2211.4
1247450 2208.1
1247460 2208.1
1247470 2205.2
1247480 2201.9
1247490 2201.9
1247500 2198.2
1247510 2194.0
1247520 2194.0
1247530 2189.9
1247540 2186.9
1247550 2186.9
1247560 2185.0
1247570 2183.1
1247580 2183.1
1247590 2180.0
1247600 2176.4
1247610 2176.4
1247620 2173.8
1247630 2172.4
1247640 2172.4
1247650 2171.1
1247660 2170.1
1247670 2168.7
1247680 2168.7
1247690 2167.1
1247700 2165.5
1247710 2165.5
1247720 2163.2
1247730 2161.3
1247740 2161.3
1247750 2159.9
1247760 2159.2
1247770 2159.2
1247780 2158.1
1247790 2155.6
1247800 2155.6
1247810 2152.3
1247820 2149.0
1247830 2149.0
1247840 2146.0
1247850 2143.0
1247860 2139.3
1247870 2139.3
1247880 2135.8
1247890 2131.4
1247900 2131.4
1247910 2127.6
1247920 2124.5
1247930 2124.5
1247940 2119.3
1247950 2110.4
1247960 2110.4
1247970 2106.5
1247980 2102.6
1247990 2102.6
1248000 2099.2
1248010 2096.7
1248020 2096.7
1248030 2094.0
1248040 2090.8
1248050 2090.8
1248060 2087.4
1248070 2083.5
1248080 2078.2
1248090 2078.2
1248100 2072.5
1248110 2066.8
1248120 2066.8
1248130 2061.3
1248140 2056.3
1248150 2056.3
1248160 2051.3
1248170 2045.6
1248180 2045.6
1248190 2038.2
1248200 2031.9
1248210 2031.9
1248220 2026.0
1248230 2019.8
1248240 2019.8
1248250 2012.9
1248260 2005.3
1248270 2005.3
1248280 1995.3
1248290 1982.0
1248300 1957.3
1248310 1957.3
1248320 1940.0
1248330 1930.0
1248340 1930.0
1248350 1917.9
1248360 1909.4
1248370 1909.4
1248380 1902.2
1248390 1894.7
1248400 1894.7
1248410 1886.8
1248420 1879.0
1248430 1879.0
1248440 1871.2
1248450 1863.1
1248460 1863.1
1248470 1855.2
1248480 1846.2
1248490 1848.0
1248500 1840.2
1248510 1830.9
1248520 1818.7
1248530 1818.7
1248540 1807.2
1248550 1798.2
1248560 1798.2
1248570 1788.6
1248580 1778.0
1248590 1778.0
1248600 1767.6
1248610 1758.6
1248620 1758.6
1248630 1749.0
1248640 1736.4
1248650 1736.4
1248660 1725.3
1248670 1713.1
1248680 1713.1
1248690 1702.3
1248700 1691.4
1248710 1691.4
1248720 1680.3
1248730 1668.3
1248740 1659.8
1248750 1659.8
1248760 1651.7
1248770 1644.2
1248780 1644.2
1248790 1637.3
1248800 1628.4
1248810 1628.4
1248820 1615.1
1248830 1602.3
1248840 1602.3
1248850 1582.8
1248860 1561.2
1248870 1561.2
1248880 1550.0
1248890 1541.3
1248900 1541.3
1248910 1533.2
1248920 1524.7
1248930 1516.8
1248940 1516.8
1248950 1509.1
1248960 1501.5
1248970 1501.5
1248980 1494.3
1248990 1487.6
1249000 1487.6
1249010 1480.8
1249020 1475.3
1249030 1475.3
1249040 1469.2
1249050 1463.0
1249060 1463.0
1249070 1457.2
1249080 1451.4
1249090 1451.4
1249100 1446.0
1249110 1440.5
1249120 1440.5
1249130 1435.4
1249140 1430.6
1249150 1425.4
1249160 1425.4
1249170 1420.7
1249180 1415.9
1249190 1415.9
1249200 1411.1
1249210 1406.1
1249220 1406.1
1249230 1401.6
1249240 1397.3
1249250 1397.3
1249260 1393.8
1249270 1390.1
1249280 1390.1
1249290 1387.2
1249300 1384.2
1249310 1384.2
1249320 1380.8
1249330 1377.0
1249340 1377.0
1249350 1373.0
1249360 1368.3
1249370 1363.7
1249380 1363.7
1249390 1359.6
1249400 1355.6
1249410 1355.6
1249420 1352.3
1249430 1349.4
1249440 1349.4
1249450 1346.5
1249460 1342.0
1249470 1342.0
1249480 1336.1
1249490 1330.7
1249500 1330.7
1249510 1325.5
1249520 1323.1
1249530 1323.1
1249540 1321.5
1249550 1317.9
1249560 1315.9
1249570 1313.9
1249580 1310.7
1249590 1302.9
1249600 1302.9
1249610 1295.2
1249620 1291.6
1249630 1291.6
1249640 1288.1
1249650 1284.2
1249660 1284.2
1249670 1277.3
1249680 1269.4
1249690 1269.4
1249700 1262.1
1249710 1255.4
1249720 1255.4
1249730 1252.4
1249740 1251.7
1249750 1251.7
1249760 1251.8
1249770 1251.8
1249780 1251.8
1249790 1251.7
1249800 1251.7
1249810 1251.4
1249820 1251.4
1249830 1249.6
1249840 1252.6
1249850 1252.6
1249860 1256.9
1249870 1260.4
1249880 1260.4
1249890 1265.7
1249900 1267.5
1249910 1267.5
1249920 1269.9
1249930 1271.3
1249940 1271.3
1249950 1274.1
1249960 1277.3
1249970 1277.3
1249980 1280.8
1249990 1284.7
1250000 1288.0
1250010 1288.0
1250020 1291.2
1250030 1294.8
1250040 1294.8
1250050 1298.1
1250060 1301.8
1250070 1301.8
1250080 1305.9
1250090 1309.6
1250100 1310.5
1250110 1315.3
1250120 1319.8
1250130 1319.8
1250140 1326.2
1250150 1337.9
1250160 1337.9
1250170 1350.0
1250180 1354.9
1250190 1354.9
1250200 1358.2
1250210 1360.4
1250220 1359.2
1250230 1359.2
1250240 1356.5
1250250 1354.4
1250260 1354.4
1250270 1359.7
1250280 1365.4
1250290 1365.4
1250300 1370.4
1250310 1374.4
1250320 1374.4
1250330 1379.5
1250340 1387.2
1250350 1387.2
1250360 1395.4
1250370 1402.7
1250380 1402.7
1250390 1408.3
1250400 1414.4
1250410 1414.4
1250420 1422.0
1250430 1425.9
1250440 1429.0
1250450 1429.0
1250460 1432.0
1250470 1435.0
1250480 1435.0
1250490 1438.6
1250500 1443.4
1250510 1443.4
1250520 1448.9
1250530 1453.4
1250540 1453.4
1250550 1456.8
1250560 1461.6
1250570 1461.6
1250580 1466.9
1250590 1474.7
1250600 1474.7
1250610 1481.9
1250620 1488.7
1250630 1488.7
1250640 1499.9
1250650 1510.7
1250660 1511.8
1250670 1511.8
1250680 1513.3
1250690 1516.9
1250700 1516.9
1250710 1520.3
1250720 1522.0
1250730 1522.0
1250740 1525.8
1250750 1533.7
1250760 1533.7
1250770 1534.5
1250780 1534.7
1250790 1534.7
1250800 1535.1
1250810 1532.7
1250820 1532.7
1250830 1528.8
1250840 1531.0
1250850 1531.0
1250860 1537.3
1250870 1544.7
1250880 1552.8
1250890 1552.8
1250900 1559.5
1250910 1561.7
1250920 1561.7
1250930 1564.5
1250940 1566.8
1250950 1566.8
1250960 1566.3
1250970 1570.9
1250980 1570.9
1250990 1578.0
1251000 1582.5
1251010 1582.5
1251020 1584.2
1251030 1587.5
1251040 1587.5
1251050 1592.2
1251060 1601.4
1251070 1609.4
1251080 1609.4
1251090 1614.7
1251100 1619.3
1251110 1619.3
1251120 1623.5
1251130 1630.3
1251140 1630.3
1251150 1639.5
1251160 1652.2
1251170 1652.2
1251180 1660.5
1251190 1673.7
1251200 1673.7
1251210 1680.1
1251220 1685.7
1251230 1685.7
1251240 1689.8
1251250 1693.3
1251260 1693.3
1251270 1696.4
1251280 1700.1
1251290 1703.3
1251300 1703.3
1251310 1706.8
1251320 1706.8
1251330 1706.8
1251340 1708.1
1251350 1711.8
1251360 1711.8
1251370 1715.6
1251380 1721.5
1251390 1721.5
1251400 1724.7
1251410 1726.9
1251420 1726.9
1251430 1730.6
1251440 1735.7
1251450 1735.7
1251460 1740.6
1251470 1746.0
1251480 1746.0
1251490 1755.9
1251500 1768.9
1251510 1779.7
1251520 1779.7
1251530 1785.9
1251540 1789.7
1251550 1789.7
1251560 1796.5
1251570 1810.2
1251580 1810.2
1251590 1822.6
1251600 1830.6
1251610 1830.6
1251620 1835.9
1251630 1841.2
1251640 1841.2
1251650 1846.0
1251660 1851.5
1251670 1851.5
1251680 1854.1
1251690 1853.7
1251700 1853.7
1251710 1854.2
1251720 1854.2
1251730 1862.5
1251740 1862.5
1251750 1864.4
1251760 1865.5
1251770 1865.5
1251780 1870.5
1251790 1873.8
1251800 1873.8
1251810 1882.3
1251820 1897.0
1251830 1897.0
1251840 1912.6
1251850 1923.0
1251860 1923.0
1251870 1928.6
1251880 1933.7
1251890 1933.7
1251900 1940.0
1251910 1943.3
1251920 1943.3
1251930 1947.3
1251940 1954.1
1251950 1961.0
1251960 1961.0
1251970 1965.5
1251980 1971.5
1251990 1971.5
1252000 1979.0
1252010 1979.4
1252020 1979.4
1252030 1980.5
1252040 1987.0
1252050 1987.0
1252060 1996.2
1252070 2005.7
1252080 2005.7
1252090 2015.8
1252100 2026.7
1252110 2026.7
1252120 2037.0
1252130 2045.1
1252140 2052.4
1252150 2052.4
1252160 2059.8
1252170 2066.9
1252180 2066.9
1252190 2073.6
1252200 2079.3
1252210 2079.3
1252220 2085.5
1252230 2092.1
1252240 2092.1
1252250 2097.8
1252260 2103.5
1252270 2103.5
1252280 2116.0
1252290 2128.8
1252300 2128.8
1252310 2138.2
1252320 2146.2
1252330 2146.2
1252340 2150.5
1252350 2151.1
1252360 2151.4
1252370 2151.4
1252380 2152.4
1252390 2153.1
1252400 2153.1
1252410 2153.5
1252420 2155.3
1252430 2155.3
1252440 2159.0
1252450 2164.1
1252460 2164.1
1252470 2169.5
1252480 2178.3
1252490 2178.3
1252500 2187.8
1252510 2195.5
1252520 2195.5
1252530 2197.5
1252540 2198.2
1252550 2198.2
1252560 2199.6
1252570 2203.8
1252580 2204.2
1252590 2204.2
1252600 2197.3
1252610 2190.1
1252620 2190.1
1252630 2185.7
1252640 2182.8
1252650 2182.8
1252660 2181.4
1252670 2172.3
1252680 2172.3
1252690 2170.6
1252700 2182.8
1252710 2182.8
1252720 2196.4
1252730 2208.4
1252740 2208.4
1252750 2219.3
1252760 2218.1
1252770 2218.1
1252780 2218.8
1252790 2224.6
1252800 2230.6
1252810 2230.6
1252820 2245.9
1252830 2249.0
1252840 2249.0
1252850 2248.3
1252860 2244.5
1252870 2244.5
1252880 2243.4
1252890 2239.4
1252900 2239.4
1252910 2240.0
1252920 2236.7
1252930 2236.7
1252940 2234.4
1252950 2233.3
1252960 2233.3
1252970 2236.0
1252980 2238.4
1252990 2238.4
1253000 2228.9
1253010 2223.2
1253020 2218.0
1253030 2218.0
1253040 2209.4
1253050 2201.4
1253060 2201.4
1253070 2195.5
1253080 2190.5
1253090 2190.5
1253100 2188.0
1253110 2188.8
1253120 2188.8
1253130 2189.0
1253140 2190.3
1253150 2190.3
1253160 2191.1
1253170 2191.7
1253180 2191.7
1253190 2192.6
1253200 2193.6
1253210 2194.7
1253220 2194.7
1253230 2195.7
1253240 2196.2
1253250 2196.2
1253260 2196.4
1253270 2196.7
1253280 2196.7
1253290 2197.2
1253300 2198.1
1253310 2198.1
1253320 2200.4
1253330 2203.4
1253340 2203.4
1253350 2207.3
1253360 2211.8
1253370 2214.9
1253380 2219.8
1253390 2225.0
1253400 2225.0
1253410 2230.5
1253420 2236.7
1253430 2242.9
1253440 2242.9
1253450 2249.1
1253460 2255.6
1253470 2255.6
1253480 2262.0
1253490 2268.0
1253500 2268.0
1253510 2273.8
1253520 2279.4
1253530 2279.4
1253540 2284.6
1253550 2290.4
1253560 2290.4
1253570 2296.9
1253580 2303.3
1253590 2303.3
1253600 2312.1
1253610 2323.4
1253620 2323.4
1253630 2340.2
1253640 2358.0
1253650 2363.9
1253660 2363.9
1253670 2376.5
1253680 2389.8
1253690 2389.8
1253700 2398.5
1253710 2404.6
1253720 2404.6
1253730 2406.3
1253740 2406.2
1253750 2406.2
1253760 2407.2
1253770 2411.6
1253780 2411.6
1253790 2415.3
1253800 2418.6
1253810 2418.6
1253820 2420.2
1253830 2419.5
1253840 2419.5
1253850 2419.6
1253860 2419.5
1253870 2419.2
1253880 2419.2
1253890 2418.4
1253900 2416.3
1253910 2416.3
1253920 2418.9
1253930 2417.9
1253940 2417.9
1253950 2417.0
1253960 2417.7
1253970 2417.7
1253980 2420.7
1253990 2422.1
1254000 2422.1
1254010 2423.0
1254020 2423.5
1254030 2423.5
1254040 2424.5
1254050 2428.3
1254060 2428.3
1254070 2433.2
1254080 2438.5
1254090 2443.9
1254100 2443.9
1254110 2449.8
1254120 2455.9
1254130 2455.9
1254140 2462.3
1254150 2469.0
1254160 2469.0
1254170 2475.9
1254180 2482.8
1254190 2482.8
1254200 2489.6
1254210 2496.5
1254220 2496.5
1254230 2505.4
1254240 2517.8
1254250 2517.8
1254260 2529.6
1254270 2543.6
1254280 2557.6
1254290 2557.6
1254300 2570.9
1254310 2581.2
1254320 2581.2
1254330 2591.4
1254340 2601.2
1254350 2601.2
1254360 2611.1
1254370 2616.7
1254380 2616.7
1254390 2610.3
1254400 2602.0
1254410 2602.0
1254420 2593.1
1254430 2585.8
1254440 2585.8
1254450 2577.5
1254460 2567.8
1254470 2574.4
1254480 2564.0
1254490 2553.3
1254500 2541.7
1254510 2541.7
1254520 2528.9
1254530 2522.6
1254540 2522.6
1254550 2521.4
1254560 2520.6
1254570 2520.6
1254580 2519.3
1254590 2517.6
1254600 2517.6
1254610 2515.5
1254620 2512.4
1254630 2512.4
1254640 2509.5
1254650 2511.7
1254660 2511.7
1254670 2513.1
1254680 2514.5
1254690 2514.5
1254700 2516.5
1254710 2517.3
1254720 2519.0
1254730 2519.0
1254740 2520.3
1254750 2521.0
1254760 2521.0
1254770 2523.2
1254780 2525.3
1254790 2525.3
1254800 2527.4
1254810 2530.5
1254820 2530.5
1254830 2534.8
1254840 2535.6
1254850 2535.6
1254860 2535.0
1254870 2535.2
1254880 2535.2
1254890 2537.8
1254900 2540.6
1254910 2540.6
1254920 2542.1
1254930 2543.4
1254940 2546.7
1254950 2546.7
1254960 2548.8
1254970 2552.3
1254980 2552.3
1254990 2556.2
1255000 2560.7
1255010 2560.7
1255020 2568.2
1255030 2573.3
1255040 2573.3
1255050 2578.4
1255060 2583.6
1255070 2583.6
1255080 2588.7
1255090 2593.9
1255100 2593.9
1255110 2599.2
1255120 2604.3
1255130 2604.3
1255140 2609.7
1255150 2615.1
1255160 2620.5
1255170 2620.5
1255180 2625.9
1255190 2631.3
1255200 2631.3
1255210 2636.8
1255220 2642.4
1255230 2642.4
1255240 2648.5
1255250 2654.9
1255260 2654.9
1255270 2661.8
1255280 2669.1
1255290 2669.1
1255300 2676.8
1255310 2684.8
1255320 2684.8
1255330 2692.1
1255340 2698.6
1255350 2704.6
1255360 2704.6
1255370 2711.5
1255380 2719.1
1255390 2719.1
1255400 2728.4
1255410 2740.7
1255420 2740.7
1255430 2754.4
1255440 2767.9
1255450 2767.9
1255460 2778.0
1255470 2790.3
1255480 2790.3
1255490 2801.8
1255500 2812.3
1255510 2812.3
1255520 2821.4
1255530 2826.7
1255540 2826.7
1255550 2831.1
1255560 2839.9
1255570 2844.5
1255580 2844.5
1255590 2854.6
1255600 2863.9
1255610 2863.9
1255620 2874.3
1255630 2884.0
1255640 2884.0
1255650 2894.3
1255660 2900.5
1255670 2900.5
1255680 2903.4
1255690 2910.3
1255700 2910.3
1255710 2924.8
1255720 2939.4
1255730 2939.4
1255740 2951.3
1255750 2964.6
1255760 2964.6
1255770 2975.2
1255780 2986.6
1255790 2997.3
1255800 2997.3
1255810 2996.5
1255820 2987.4
1255830 2987.4
1255840 2971.8
1255850 2960.1
1255860 2960.1
1255870 2951.7
1255880 2948.4
1255890 2948.4
1255900 2941.9
1255910 2935.8
1255920 2935.8
1255930 2932.6
1255940 2930.5
1255950 2930.5
1255960 2925.0
1255970 2921.7
1255980 2921.7
1255990 2921.5
1256000 2922.5
1256010 2922.1
1256020 2922.1
1256030 2920.8
1256040 2918.7
1256050 2918.7
1256060 2915.8
1256070 2913.1
1256080 2913.1
1256090 2911.5
1256100 2910.0
1256110 2910.0
1256120 2897.0
1256130 2891.0
1256140 2891.0
1256150 2883.3
1256160 2877.7
1256170 2877.7
1256180 2873.3
1256190 2870.2
1256200 2868.6
1256210 2868.6
1256220 2869.4
1256230 2872.3
1256240 2872.3
1256250 2871.1
1256260 2871.1
1256270 2871.1
1256280 2871.9
1256290 2872.7
1256300 2872.7
1256310 2875.0
1256320 2876.7
1256330 2876.7
1256340 2877.3
1256350 2878.4
1256360 2878.4
1256370 2881.7
1256380 2885.7
1256390 2885.7
1256400 2890.2
1256410 2893.5
1256420 2894.5
1256430 2894.5
1256440 2896.6
1256450 2901.9
1256460 2901.9
1256470 2909.2
1256480 2916.3
1256490 2916.3
1256500 2926.0
1256510 2935.7
1256520 2935.7
1256530 2943.9
1256540 2952.9
1256550 2952.9
1256560 2966.2
1256570 2984.0
1256580 2984.0
1256590 2996.8
1256600 3006.7
1256610 3006.7
1256620 3021.2
1256630 3035.1
1256640 3030.8
1256650 3030.8
1256660 3027.3
1256670 3023.4
1256680 3010.9
1256690 3006.7
1256700 2996.5
1256710 2996.5
1256720 2987.2
1256730 2978.3
1256740 2978.3
1256750 2972.0
1256760 2965.9
1256770 2965.9
1256780 2958.1
1256790 2952.7
1256800 2952.7
1256810 2961.7
1256820 2959.6
1256830 2959.6
1256840 2956.0
1256850 2951.9
1256860 2945.0
1256870 2945.0
1256880 2935.8
1256890 2926.4
1256900 2926.4
1256910 2918.2
1256920 2913.9
1256930 2913.9
1256940 2914.2
1256950 2916.0
1256960 2916.0
1256970 2915.1
1256980 2912.9
1256990 2912.9
1257000 2909.3
1257010 2907.3
1257020 2907.3
1257030 2908.8
1257040 2905.1
1257050 2905.1
1257060 2907.7
1257070 2919.0
1257080 2922.1
1257090 2922.1
1257100 2925.3
1257110 2921.4
1257120 2921.4
1257130 2910.3
1257140 2900.6
1257150 2900.6
1257160 2898.8
1257170 2900.0
1257180 2900.0
1257190 2900.9
1257200 2897.3
1257210 2897.3
1257220 2890.5
1257230 2881.8
1257240 2881.8
1257250 2875.1
1257260 2871.5
1257270 2868.5
1257280 2868.5
1257290 2864.6
1257300 2862.0
1257310 2862.0
1257320 2859.9
1257330 2858.8
1257340 2858.8
1257350 2859.2
1257360 2859.0
1257370 2859.0
1257380 2858.8
1257390 2860.1
1257400 2860.1
1257410 2861.8
1257420 2863.7
1257430 2863.7
1257440 2865.4
1257450 2866.4
1257460 2866.4
1257470 2867.5
1257480 2872.6
1257490 2878.2
1257500 2878.2
1257510 2884.6
1257520 2885.7
1257530 2885.7
1257540 2870.1
1257550 2856.0
1257560 2856.0
1257570 2843.0
1257580 2830.0
1257590 2830.0
1257600 2815.8
1257610 2801.1
1257620 2801.1
1257630 2787.8
1257640 2775.5
1257650 2775.5
1257660 2759.1
1257670 2745.6
1257680 2745.6
1257690 2734.1
1257700 2723.2
1257710 2712.1
1257720 2712.1
1257730 2700.2
1257740 2691.2
1257750 2691.2
1257760 2684.4
1257770 2678.3
1257780 2678.3
1257790 2669.2
1257800 2662.6
1257810 2662.6
1257820 2657.7
1257830 2650.3
1257840 2650.3
1257850 2646.5
1257860 2642.2
1257870 2642.2
1257880 2636.4
1257890 2630.3
1257900 2630.3
1257910 2624.7
1257920 2620.1
1257930 2617.1
1257940 2617.1
1257950 2613.9
1257960 2610.3
1257970 2610.3
1257980 2605.0
1257990 2601.9
1258000 2601.9
1258010 2597.0
1258020 2590.6
1258030 2590.6
1258040 2583.3
1258050 2578.6
1258060 2578.6
1258070 2576.5
1258080 2575.2
1258090 2575.2
1258100 2572.9
1258110 2572.2
1258120 2572.2
1258130 2570.8
1258140 2568.2
1258150 2567.2
1258160 2567.2
1258170 2566.9
1258180 2566.4
1258190 2566.4
1258200 2563.6
1258210 2563.7
1258220 2563.7
1258230 2560.0
1258240 2549.2
1258250 2549.2
1258260 2543.1
1258270 2539.3
1258280 2539.3
1258290 2535.3
1258300 2521.2
1258310 2521.2
1258320 2504.3
1258330 2492.8
1258340 2487.0
1258350 2481.7
1258360 2476.6
1258370 2471.7
1258380 2471.7
1258390 2467.0
1258400 2462.3
1258410 2462.3
1258420 2457.0
1258430 2451.9
1258440 2451.9
1258450 2447.8
1258460 2443.5
1258470 2443.5
1258480 2438.3
1258490 2432.2
1258500 2432.2
1258510 2426.1
1258520 2420.1
1258530 2420.1
1258540 2411.3
1258550 2402.3
1258560 2397.8
1258570 2397.8
1258580 2395.4
1258590 2394.8
1258600 2394.8
1258610 2393.7
1258620 2391.5
1258630 2391.5
1258640 2390.9
1258650 2390.6
1258660 2390.6
1258670 2387.2
1258680 2382.6
1258690 2382.6
1258700 2380.0
1258710 2378.8
1258720 2378.8
1258730 2376.3
1258740 2373.8
1258750 2373.8
1258760 2373.5
1258770 2373.8
1258780 2371.3
1258790 2371.3
1258800 2368.0
1258810 2363.6
1258820 2363.6
1258830 2356.3
1258840 2350.5
1258850 2350.5
1258860 2347.1
1258870 2343.4
1258880 2343.4
1258890 2339.4
1258900 2335.2
1258910 2335.7
1258920 2334.1
1258930 2332.8
1258940 2332.8
1258950 2329.3
1258960 2325.5
1258970 2325.5
1258980 2323.6
1258990 2323.0
1259000 2322.5
1259010 2322.5
1259020 2321.0
1259030 2318.6
1259040 2318.6
1259050 2313.9
1259060 2308.0
1259070 2308.0
1259080 2301.1
1259090 2293.8
1259100 2293.8
1259110 2286.1
1259120 2278.7
1259130 2278.7
1259140 2271.4
1259150 2264.3
1259160 2264.3
1259170 2256.6
1259180 2247.7
1259190 2247.7
1259200 2239.2
1259210 2232.4
1259220 2227.8
1259230 2227.8
1259240 2223.1
1259250 2218.1
1259260 2218.1
1259270 2213.2
1259280 2208.5
1259290 2208.5
1259300 2204.6
1259310 2202.1
1259320 2202.1
1259330 2201.7
1259340 2203.3
1259350 2203.3
1259360 2207.1
1259370 2212.4
1259380 2212.4
1259390 2219.4
1259400 2228.8
1259410 2236.2
1259420 2236.2
1259430 2234.5
1259440 2229.2
1259450 2229.2
1259460 2225.2
1259470 2218.7
1259480 2218.7
1259490 2215.3
1259500 2211.6
1259510 2211.6
1259520 2208.4
1259530 2206.1
1259540 2206.1
1259550 2207.2
1259560 2209.6
1259570 2209.6
1259580 2208.0
1259590 2205.1
1259600 2205.1
1259610 2202.1
1259620 2199.6
1259630 2197.5
1259640 2197.5
1259650 2194.5
1259660 2192.7
1259670 2192.7
1259680 2191.3
1259690 2189.3
1259700 2189.3
1259710 2186.9
1259720 2184.7
1259730 2184.7
1259740 2182.3
1259750 2179.8
1259760 2179.8
1259770 2177.3
1259780 2175.8
1259790 2175.8
1259800 2173.7
1259810 2168.7
1259820 2168.7
1259830 2162.5
1259840 2157.5
1259850 2154.4
1259860 2154.4
1259870 2151.1
1259880 2149.2
1259890 2149.2
1259900 2148.9
1259910 2148.3
1259920 2148.3
1259930 2146.4
1259940 2143.4
1259950 2143.4
1259960 2139.6
1259970 2135.4
1259980 2135.4
1259990 2130.6
