1240000 3272.5
1240010 3274.5
1240020 3277.1
1240030 3269.6
1240040 3272.7
1240050 3280.1
1240060 3280.1
1240070 3289.7
1240080 3300.6
1240090 3300.6
1240100 3312.7
1240110 3319.8
1240120 3319.8
1240130 3331.7
1240140 3340.7
1240150 3340.7
1240160 3349.0
1240170 3358.4
1240180 3358.4
1240190 3367.2
1240200 3376.7
1240210 3383.6
1240220 3383.6
1240230 3394.1
1240240 3398.8
1240250 3398.8
1240260 3403.2
1240270 3407.0
1240280 3407.0
1240290 3410.1
1240300 3415.7
1240310 3415.7
1240320 3415.6
1240330 3412.1
1240340 3412.1
1240350 3404.0
1240360 3394.7
1240370 3394.7
1240380 3393.3
1240390 3390.9
1240400 3389.1
1240410 3389.1
1240420 3388.2
1240430 3388.3
1240440 3388.3
1240450 3388.9
1240460 3389.5
1240470 3389.5
1240480 3388.8
1240490 3387.3
1240500 3387.3
1240510 3385.3
1240520 3382.9
1240530 3382.9
1240540 3380.1
1240550 3385.4
1240560 3385.4
1240570 3382.2
1240580 3378.9
1240590 3378.9
1240600 3375.4
1240610 3371.6
1240620 3367.9
1240630 3367.9
1240640 3364.2
1240650 3360.5
1240660 3360.5
1240670 3357.0
1240680 3354.0
1240690 3354.0
1240700 3349.6
1240710 3340.9
1240720 3340.9
1240730 3330.2
1240740 3320.3
1240750 3320.3
1240760 3307.5
1240770 3292.2
1240780 3292.2
1240790 3278.4
1240800 3263.7
1240810 3263.7
1240820 3249.1
1240830 3239.0
1240840 3229.6
1240850 3229.6
1240860 3221.6
1240870 3214.6
1240880 3214.6
1240890 3208.2
1240900 3202.3
1240910 3202.3
1240920 3196.8
1240930 3191.8
1240940 3191.8
1240950 3187.2
1240960 3182.7
1240970 3182.7
1240980 3178.6
1240990 3174.5
1241000 3174.5
1241010 3170.5
1241020 3166.4
1241030 3166.4
1241040 3162.3
1241050 3158.2
1241060 3154.2
1241070 3154.9
1241080 3151.1
1241090 3147.3
1241100 3147.3
1241110 3143.5
1241120 3139.5
1241130 3139.5
1241140 3135.3
1241150 3130.7
1241160 3130.7
1241170 3126.0
1241180 3121.8
1241190 3121.8
1241200 3117.8
1241210 3113.6
1241220 3113.6
1241230 3109.6
1241240 3105.5
1241250 3105.5
1241260 3101.4
1241270 3097.1
1241280 3092.7
1241290 3092.7
1241300 3088.4
1241310 3083.8
1241320 3083.8
1241330 3079.2
1241340 3074.2
1241350 3074.2
1241360 3069.2
1241370 3064.0
1241380 3064.0
1241390 3058.8
1241400 3053.7
1241410 3053.7
1241420 3048.7
1241430 3043.7
1241440 3043.7
1241450 3039.0
1241460 3034.5
1241470 3030.2
1241480 3030.2
1241490 3026.0
1241500 3021.9
1241510 3021.9
1241520 3018.0
1241530 3014.2
1241540 3014.2
1241550 3010.3
1241560 3006.6
1241570 3006.6
1241580 3002.9
1241590 3002.1
1241600 3002.1
1241610 2998.5
1241620 2995.2
1241630 2995.2
1241640 2991.9
1241650 2988.7
1241660 2988.7
1241670 2985.7
1241680 2982.8
1241690 2980.0
1241700 2980.0
1241710 2977.4
1241720 2974.8
1241730 2974.8
1241740 2972.4
1241750 2969.8
1241760 2969.8
1241770 2967.3
1241780 2964.9
1241790 2964.9
1241800 2962.4
1241810 2959.9
1241820 2959.9
1241830 2957.4
1241840 2955.0
1241850 2955.0
1241860 2952.6
1241870 2950.1
1241880 2950.1
1241890 2947.7
1241900 2945.4
1241910 2943.0
1241920 2943.0
1241930 2940.7
1241940 2938.3
1241950 2938.3
1241960 2935.9
1241970 2933.5
1241980 2933.5
1241990 2931.1
1242000 2928.6
1242010 2928.6
1242020 2926.1
1242030 2923.6
1242040 2923.6
1242050 2921.0
1242060 2918.2
1242070 2918.2
1242080 2915.5
1242090 2912.6
1242100 2912.6
1242110 2908.9
1242120 2905.5
1242130 2902.2
1242140 2902.2
1242150 2898.8
1242160 2894.9
1242170 2894.9
1242180 2891.1
1242190 2886.9
1242200 2886.9
1242210 2882.8
1242220 2878.6
1242230 2878.6
1242240 2874.3
1242250 2870.1
1242260 2870.1
1242270 2865.8
1242280 2861.4
1242290 2861.4
1242300 2856.6
1242310 2851.3
1242320 2851.3
1242330 2845.7
1242340 2840.6
1242350 2834.4
1242360 2834.4
1242370 2827.3
1242380 2820.7
1242390 2820.7
1242400 2814.1
1242410 2806.9
1242420 2806.9
1242430 2799.5
1242440 2792.0
1242450 2792.0
1242460 2784.7
1242470 2778.1
1242480 2778.1
1242490 2772.9
1242500 2767.6
1242510 2767.6
1242520 2761.8
1242530 2756.0
1242540 2750.5
1242550 2750.5
1242560 2745.8
1242570 2741.7
1242580 2741.7
1242590 2737.7
1242600 2734.2
1242610 2734.2
1242620 2731.2
1242630 2730.2
1242640 2730.2
1242650 2728.4
1242660 2726.8
1242670 2726.8
1242680 2725.1
1242690 2723.2
1242700 2723.2
1242710 2721.6
1242720 2720.3
1242730 2720.3
1242740 2719.1
1242750 2717.8
1242760 2716.2
1242770 2716.2
1242780 2715.7
1242790 2716.4
1242800 2716.4
1242810 2716.6
1242820 2716.4
1242830 2716.4
1242840 2714.4
1242850 2711.7
1242860 2711.7
1242870 2708.1
1242880 2704.7
1242890 2704.7
1242900 2701.8
1242910 2698.0
1242920 2698.0
1242930 2694.1
1242940 2691.0
1242950 2691.0
1242960 2688.2
1242970 2685.1
1242980 2682.1
1242990 2682.1
1243000 2679.1
1243010 2675.9
1243020 2675.9
1243030 2673.2
1243040 2670.7
1243050 2670.7
1243060 2666.4
1243070 2663.0
1243080 2663.0
1243090 2661.3
1243100 2659.6
1243110 2659.6
1243120 2657.8
1243130 2654.1
1243140 2654.1
1243150 2650.4
1243160 2645.8
1243170 2645.8
1243180 2643.6
1243190 2642.0
1243200 2640.9
1243210 2640.9
1243220 2642.1
1243230 2643.5
1243240 2643.5
1243250 2643.6
1243260 2643.1
1243270 2643.1
1243280 2642.7
1243290 2642.4
1243300 2642.4
1243310 2642.0
1243320 2641.5
1243330 2641.5
1243340 2641.2
1243350 2640.6
1243360 2640.6
1243370 2639.8
1243380 2639.6
1243390 2639.6
1243400 2639.8
1243410 2639.7
1243420 2639.3
1243430 2639.3
1243440 2638.3
1243450 2637.1
1243460 2637.1
1243470 2634.9
1243480 2631.9
1243490 2631.9
1243500 2630.4
1243510 2626.6
1243520 2626.6
1243530 2624.1
1243540 2623.7
1243550 2623.7
1243560 2624.4
1243570 2624.3
1243580 2624.3
1243590 2624.5
1243600 2624.7
1243610 2626.0
1243620 2626.0
1243630 2628.8
1243640 2630.6
1243650 2630.6
1243660 2632.5
1243670 2635.7
1243680 2641.0
1243690 2643.2
1243700 2644.5
1243710 2644.5
1243720 2646.3
1243730 2648.5
1243740 2648.5
1243750 2650.3
1243760 2651.1
1243770 2651.1
1243780 2651.8
1243790 2651.6
1243800 2651.6
1243810 2650.8
1243820 2650.7
1243830 2651.7
1243840 2651.7
1243850 2656.2
1243860 2664.9
1243870 2664.9
1243880 2673.7
1243890 2688.2
1243900 2688.2
1243910 2703.3
1243920 2719.4
1243930 2719.4
1243940 2736.5
1243950 2741.2
1243960 2741.2
1243970 2748.1
1243980 2764.3
1243990 2764.3
1244000 2777.5
1244010 2781.0
1244020 2781.0
1244030 2783.9
1244040 2789.4
1244050 2788.4
1244060 2788.4
1244070 2785.1
1244080 2780.9
1244090 2780.9
1244100 2774.4
1244110 2767.2
1244120 2767.2
1244130 2761.5
1244140 2756.7
1244150 2756.7
1244160 2752.4
1244170 2749.2
1244180 2749.2
1244190 2746.0
1244200 2742.2
1244210 2746.1
1244220 2743.6
1244230 2742.1
1244240 2742.1
1244250 2739.9
1244260 2738.1
1244270 2737.1
1244280 2737.1
1244290 2735.7
1244300 2734.0
1244310 2734.0
1244320 2732.0
1244330 2732.2
1244340 2732.2
1244350 2731.3
1244360 2730.9
1244370 2730.9
1244380 2733.7
1244390 2736.4
1244400 2736.4
1244410 2745.4
1244420 2758.5
1244430 2758.5
1244440 2770.9
1244450 2782.7
1244460 2782.7
1244470 2800.5
1244480 2825.6
1244490 2843.4
1244500 2843.4
1244510 2849.3
1244520 2854.6
1244530 2854.6
1244540 2862.8
1244550 2869.4
1244560 2869.4
1244570 2877.4
1244580 2882.6
1244590 2882.6
1244600 2882.7
1244610 2882.1
1244620 2882.1
1244630 2882.3
1244640 2884.9
1244650 2884.9
1244660 2887.9
1244670 2894.0
1244680 2897.5
1244690 2897.5
1244700 2894.3
1244710 2895.1
1244720 2895.1
1244730 2904.2
1244740 2922.1
1244750 2922.1
1244760 2924.8
1244770 2927.8
1244780 2927.8
1244790 2934.4
1244800 2938.9
1244810 2938.9
1244820 2940.8
1244830 2946.9
1244840 2946.9
1244850 2956.9
1244860 2965.7
1244870 2965.7
1244880 2974.9
1244890 2964.9
1244900 2950.9
1244910 2950.9
1244920 2938.4
1244930 2924.9
1244940 2924.9
1244950 2915.7
1244960 2904.2
1244970 2904.2
1244980 2893.8
1244990 2881.4
1245000 2881.4
1245010 2870.0
1245020 2858.9
1245030 2858.9
1245040 2847.1
1245050 2837.4
1245060 2837.4
1245070 2828.4
1245080 2820.1
1245090 2820.1
1245100 2811.2
1245110 2812.2
1245120 2807.6
1245130 2807.6
1245140 2792.5
1245150 2779.3
1245160 2779.3
1245170 2768.7
1245180 2757.4
1245190 2757.4
1245200 2741.1
1245210 2730.9
1245220 2730.9
1245230 2726.5
1245240 2722.5
1245250 2722.5
1245260 2718.1
1245270 2708.7
1245280 2708.7
1245290 2704.0
1245300 2699.2
1245310 2699.2
1245320 2694.4
1245330 2689.4
1245340 2684.3
1245350 2684.3
1245360 2679.0
1245370 2673.8
1245380 2673.8
1245390 2668.4
1245400 2663.1
1245410 2663.1
1245420 2657.8
1245430 2652.7
1245440 2652.7
1245450 2647.7
1245460 2642.9
1245470 2642.9
1245480 2638.5
1245490 2634.3
1245500 2634.3
1245510 2630.5
1245520 2626.8
1245530 2626.8
1245540 2623.3
1245550 2619.4
1245560 2616.4
1245570 2616.4
1245580 2613.7
1245590 2611.1
1245600 2611.1
1245610 2608.1
1245620 2605.1
1245630 2605.1
1245640 2603.9
1245650 2603.4
1245660 2603.4
1245670 2600.3
1245680 2595.6
1245690 2595.6
1245700 2595.1
1245710 2593.5
1245720 2593.5
1245730 2589.4
1245740 2585.4
1245750 2581.9
1245760 2581.9
1245770 2577.5
1245780 2573.4
1245790 2573.4
1245800 2571.5
1245810 2569.7
1245820 2569.7
1245830 2567.3
1245840 2564.1
1245850 2564.1
1245860 2561.9
1245870 2562.4
1245880 2562.4
1245890 2564.4
1245900 2564.7
1245910 2564.7
1245920 2564.2
1245930 2565.0
1245940 2565.0
1245950 2564.4
1245960 2561.2
1245970 2557.7
1245980 2557.7
1245990 2555.5
1246000 2553.9
1246010 2553.9
1246020 2552.7
1246030 2552.4
1246040 2552.4
1246050 2552.4
1246060 2551.5
1246070 2551.5
1246080 2547.6
1246090 2545.8
1246100 2545.8
1246110 2543.6
1246120 2541.2
1246130 2541.2
1246140 2538.9
1246150 2535.7
1246160 2535.7
1246170 2532.5
1246180 2529.5
1246190 2526.3
1246200 2526.3
1246210 2522.8
1246220 2518.6
1246230 2518.6
1246240 2513.4
1246250 2508.4
1246260 2508.4
1246270 2505.0
1246280 2502.4
1246290 2502.4
1246300 2497.8
1246310 2493.4
1246320 2493.4
1246330 2487.5
1246340 2481.4
1246350 2481.4
1246360 2475.0
1246370 2466.7
1246380 2466.7
1246390 2458.4
1246400 2450.2
1246410 2442.6
1246420 2442.6
1246430 2436.4
1246440 2433.1
1246450 2433.1
1246460 2431.6
1246470 2429.9
1246480 2429.9
1246490 2428.2
1246500 2426.4
1246510 2426.4
1246520 2424.8
1246530 2425.1
1246540 2425.1
1246550 2426.7
1246560 2425.5
1246570 2425.5
1246580 2421.7
1246590 2417.3
1246600 2417.3
1246610 2412.0
1246620 2409.1
1246630 2406.4
1246640 2406.4
1246650 2401.5
1246660 2395.2
1246670 2395.2
1246680 2387.5
1246690 2382.9
1246700 2382.9
1246710 2381.2
1246720 2380.1
1246730 2380.1
1246740 2378.9
1246750 2375.9
1246760 2375.9
1246770 2371.0
1246780 2367.0
1246790 2367.0
1246800 2364.8
1246810 2363.2
1246820 2362.4
1246830 2362.4
1246840 2361.6
1246850 2360.5
1246860 2358.5
1246870 2357.1
1246880 2356.0
1246890 2356.0
1246900 2351.9
1246910 2345.5
1246920 2345.5
1246930 2339.4
1246940 2333.4
1246950 2333.4
1246960 2328.5
1246970 2325.5
1246980 2325.5
1246990 2323.3
1247000 2320.3
1247010 2320.3
1247020 2316.7
1247030 2313.8
1247040 2311.5
1247050 2311.5
1247060 2309.3
1247070 2306.7
1247080 2306.7
1247090 2304.1
1247100 2301.1
1247110 2301.1
1247120 2296.8
1247130 2292.3
1247140 2292.3
1247150 2288.0
1247160 2283.3
1247170 2283.3
1247180 2278.7
1247190 2275.4
1247200 2275.4
1247210 2273.8
1247220 2272.3
1247230 2272.3
1247240 2269.8
1247250 2266.0
1247260 2261.4
1247270 2261.4
1247280 2256.8
1247290 2253.3
1247300 2253.3
1247310 2250.2
1247320 2247.7
1247330 2247.7
1247340 2244.6
1247350 2239.3
1247360 2239.3
1247370 2232.1
1247380 2225.6
1247390 2221.8
1247400 2216.1
1247410 2211.1
1247420 2211.1
1247430 2206.5
1247440 2202.7
1247450 2202.7
1247460 2199.1
1247470 2195.9
1247480 2192.5
1247490 2192.5
1247500 2189.3
1247510 2186.1
1247520 2186.1
1247530 2182.1
1247540 2177.7
1247550 2177.7
1247560 2174.5
1247570 2172.4
1247580 2172.4
1247590 2170.0
1247600 2167.0
1247610 2167.0
1247620 2163.7
1247630 2160.6
1247640 2160.6
1247650 2158.4
1247660 2156.3
1247670 2156.3
1247680 2154.3
1247690 2153.2
1247700 2152.6
1247710 2152.6
1247720 2151.1
1247730 2149.6
1247740 2149.6
1247750 2149.0
1247760 2149.4
1247770 2149.4
1247780 2148.8
1247790 2146.8
1247800 2146.8
1247810 2143.6
1247820 2139.6
1247830 2139.6
1247840 2136.4
1247850 2132.7
1247860 2132.7
1247870 2128.6
1247880 2124.8
1247890 2124.8
1247900 2120.2
1247910 2116.0
1247920 2112.3
1247930 2106.8
1247940 2103.4
1247950 2100.6
1247960 2100.6
1247970 2097.4
1247980 2093.4
1247990 2093.4
1248000 2089.9
1248010 2087.7
1248020 2087.7
1248030 2085.2
1248040 2082.2
1248050 2082.2
1248060 2078.4
1248070 2074.4
1248080 2074.4
1248090 2069.5
1248100 2063.8
1248110 2058.0
1248120 2058.0
1248130 2052.1
1248140 2046.8
1248150 2046.8
1248160 2041.0
1248170 2034.8
1248180 2034.8
1248190 2029.0
1248200 2021.7
1248210 2021.7
1248220 2015.3
1248230 2008.6
1248240 2008.6
1248250 2002.5
1248260 1993.5
1248270 1993.5
1248280 1983.6
1248290 1971.7
1248300 1971.7
1248310 1952.0
1248320 1932.7
1248330 1922.0
1248340 1922.0
1248350 1913.3
1248360 1904.6
1248370 1904.6
1248380 1896.6
1248390 1888.7
1248400 1888.7
1248410 1881.1
1248420 1874.1
1248430 1874.1
1248440 1867.6
1248450 1860.9
1248460 1860.9
1248470 1848.0
1248480 1838.0
1248490 1838.0
1248500 1828.8
1248510 1818.9
1248520 1818.9
1248530 1809.7
1248540 1800.7
1248550 1791.0
1248560 1791.0
1248570 1780.0
1248580 1770.9
1248590 1770.9
1248600 1763.0
1248610 1754.5
1248620 1754.5
1248630 1743.0
1248640 1731.8
1248650 1731.8
1248660 1723.0
1248670 1713.0
1248680 1713.0
1248690 1702.4
1248700 1690.0
1248710 1690.0
1248720 1676.1
1248730 1661.6
1248740 1661.6
1248750 1651.5
1248760 1644.6
1248770 1635.4
1248780 1635.4
1248790 1621.0
1248800 1602.8
1248810 1602.8
1248820 1590.5
1248830 1576.9
1248840 1576.9
1248850 1564.3
1248860 1555.6
1248870 1555.6
1248880 1548.0
1248890 1540.3
1248900 1540.3
1248910 1532.8
1248920 1525.3
1248930 1525.3
1248940 1517.8
1248950 1510.6
1248960 1503.0
1248970 1503.0
1248980 1496.2
1248990 1489.9
1249000 1489.7
1249010 1483.2
1249020 1476.7
1249030 1476.7
1249040 1470.5
1249050 1464.3
1249060 1464.3
1249070 1458.2
1249080 1452.2
1249090 1452.2
1249100 1446.6
1249110 1441.2
1249120 1441.2
1249130 1435.8
1249140 1430.4
1249150 1430.4
1249160 1425.2
1249170 1420.0
1249180 1415.0
1249190 1415.0
1249200 1410.6
1249210 1406.5
1249220 1406.5
1249230 1402.5
1249240 1397.2
1249250 1397.2
1249260 1391.8
1249270 1387.5
1249280 1387.5
1249290 1383.2
1249300 1379.0
1249310 1379.0
1249320 1375.3
1249330 1372.5
1249340 1372.5
1249350 1369.4
1249360 1365.3
1249370 1365.3
1249380 1360.2
1249390 1355.2
1249400 1350.6
1249410 1350.6
1249420 1346.5
1249430 1342.9
1249440 1342.9
1249450 1337.7
1249460 1332.6
1249470 1332.6
1249480 1327.9
1249490 1323.8
1249500 1323.8
1249510 1321.8
1249520 1317.8
1249530 1317.8
1249540 1311.4
1249550 1308.6
1249560 1308.6
1249570 1305.4
1249580 1300.7
1249590 1300.7
1249600 1295.6
1249610 1292.3
1249620 1289.0
1249630 1289.0
1249640 1286.0
1249650 1280.0
1249660 1280.0
1249670 1271.9
1249680 1263.9
1249690 1263.9
1249700 1257.1
1249710 1253.6
1249720 1253.6
1249730 1252.3
1249740 1252.3
1249750 1252.3
1249760 1252.5
1249770 1252.4
1249780 1252.4
1249790 1252.4
1249800 1252.3
1249810 1252.3
1249820 1252.2
1249830 1250.4
1249840 1252.7
1249850 1252.7
1249860 1257.3
1249870 1258.8
1249880 1258.8
1249890 1265.3
1249900 1266.9
1249910 1266.9
1249920 1268.9
1249930 1271.8
1249940 1271.8
1249950 1275.1
1249960 1278.5
1249970 1278.5
1249980 1281.8
1249990 1285.2
1250000 1285.2
1250010 1288.3
1250020 1291.5
1250030 1294.4
1250040 1294.4
1250050 1298.4
1250060 1303.0
1250070 1303.0
1250080 1309.3
1250090 1314.9
1250100 1314.9
1250110 1320.5
1250120 1325.8
1250130 1325.8
1250140 1332.2
1250150 1342.6
1250160 1342.6
1250170 1356.3
1250180 1366.9
1250190 1366.9
1250200 1375.1
1250210 1375.8
1250220 1375.8
1250230 1372.8
1250240 1371.0
1250250 1372.1
1250260 1372.1
1250270 1369.3
1250280 1369.7
1250290 1369.7
1250300 1375.3
1250310 1380.9
1250320 1380.9
1250330 1384.2
1250340 1388.5
1250350 1388.5
1250360 1398.8
1250370 1408.7
1250380 1408.7
1250390 1413.6
1250400 1419.7
1250410 1419.7
1250420 1426.8
1250430 1432.6
1250440 1432.6
1250450 1437.1
1250460 1442.3
1250470 1446.5
1250480 1446.5
1250490 1450.3
1250500 1453.9
1250510 1453.9
1250520 1457.8
1250530 1463.0
1250540 1463.0
1250550 1469.0
1250560 1474.0
1250570 1474.0
1250580 1478.7
1250590 1485.0
1250600 1485.0
1250610 1492.5
1250620 1507.5
1250630 1507.5
1250640 1513.9
1250650 1519.2
1250660 1519.2
1250670 1523.2
1250680 1526.3
1250690 1528.7
1250700 1528.7
1250710 1531.1
1250720 1533.3
1250730 1533.3
1250740 1537.5
1250750 1541.6
1250760 1541.6
1250770 1544.5
1250780 1546.9
1250790 1546.9
1250800 1547.4
1250810 1542.3
1250820 1542.3
1250830 1539.3
1250840 1542.4
1250850 1542.4
1250860 1550.3
1250870 1559.3
1250880 1559.3
1250890 1566.1
1250900 1570.4
1250910 1573.4
1250920 1573.4
1250930 1574.7
1250940 1577.5
1250950 1577.5
1250960 1580.1
1250970 1580.3
1250980 1580.3
1250990 1585.2
1251000 1590.6
1251010 1590.6
1251020 1597.9
1251030 1605.1
1251040 1605.1
1251050 1610.7
1251060 1614.7
1251070 1614.7
1251080 1620.2
1251090 1627.8
1251100 1634.8
1251110 1634.8
1251120 1641.5
1251130 1647.6
1251140 1647.6
1251150 1656.1
1251160 1661.3
1251170 1669.9
1251180 1675.9
1251190 1684.9
1251200 1684.9
1251210 1691.2
1251220 1696.5
1251230 1696.5
1251240 1701.0
1251250 1704.9
1251260 1704.9
1251270 1709.6
1251280 1712.7
1251290 1712.7
1251300 1716.6
1251310 1720.2
1251320 1721.4
1251330 1721.4
1251340 1721.0
1251350 1721.9
1251360 1721.9
1251370 1727.0
1251380 1730.4
1251390 1730.4
1251400 1735.6
1251410 1740.1
1251420 1740.1
1251430 1743.6
1251440 1747.6
1251450 1747.6
1251460 1752.6
1251470 1757.9
1251480 1757.9
1251490 1766.5
1251500 1778.1
1251510 1778.1
1251520 1786.0
1251530 1791.9
1251540 1798.0
1251550 1798.0
1251560 1804.7
1251570 1814.6
1251580 1814.6
1251590 1829.0
1251600 1840.0
1251610 1840.0
1251620 1846.4
1251630 1852.7
1251640 1852.7
1251650 1857.9
1251660 1861.7
1251670 1861.7
1251680 1867.1
1251690 1872.1
1251700 1872.1
1251710 1884.5
1251720 1885.6
1251730 1885.6
1251740 1882.3
1251750 1885.6
1251760 1889.1
1251770 1889.1
1251780 1891.6
1251790 1893.6
1251800 1893.6
1251810 1898.9
1251820 1908.1
1251830 1908.1
1251840 1923.2
1251850 1934.0
1251860 1934.0
1251870 1938.2
1251880 1944.6
1251890 1944.6
1251900 1950.4
1251910 1956.3
1251920 1956.3
1251930 1963.3
1251940 1967.8
1251950 1967.8
1251960 1969.6
1251970 1973.5
1251980 1983.1
1251990 1983.1
1252000 1990.9
1252010 1994.6
1252020 1994.6
1252030 1999.6
1252040 2004.0
1252050 2004.0
1252060 2005.8
1252070 2008.0
1252080 2008.0
1252090 2012.9
1252100 2021.0
1252110 2021.0
1252120 2030.1
1252130 2038.9
1252140 2038.9
1252150 2046.3
1252160 2053.3
1252170 2053.3
1252180 2060.0
1252190 2067.4
1252200 2075.1
1252210 2075.1
1252220 2083.2
1252230 2091.3
1252240 2091.3
1252250 2103.7
1252260 2111.7
1252270 2111.7
1252280 2120.0
1252290 2129.9
1252300 2129.9
1252310 2140.3
1252320 2150.5
1252330 2150.5
1252340 2158.5
1252350 2163.2
1252360 2163.2
1252370 2164.7
1252380 2164.4
1252390 2164.6
1252400 2164.6
1252410 2166.5
1252420 2167.8
1252430 2167.8
1252440 2170.0
1252450 2173.5
1252460 2173.5
1252470 2177.4
1252480 2183.4
1252490 2183.4
1252500 2190.7
1252510 2200.3
1252520 2200.3
1252530 2209.9
1252540 2215.9
1252550 2215.9
1252560 2213.6
1252570 2216.2
1252580 2216.2
1252590 2222.6
1252600 2222.3
1252610 2215.8
1252620 2215.8
1252630 2209.6
1252640 2204.3
1252650 2204.3
1252660 2198.8
1252670 2188.2
1252680 2188.2
1252690 2185.0
1252700 2193.6
1252710 2193.6
1252720 2203.2
1252730 2216.7
1252740 2216.7
1252750 2230.7
1252760 2234.4
1252770 2234.4
1252780 2236.6
1252790 2246.7
1252800 2257.4
1252810 2257.8
1252820 2260.3
1252830 2271.2
1252840 2271.2
1252850 2273.3
1252860 2266.2
1252870 2266.2
1252880 2260.0
1252890 2258.0
1252900 2258.0
1252910 2260.2
1252920 2261.8
1252930 2261.8
1252940 2261.0
1252950 2254.8
1252960 2254.8
1252970 2254.9
1252980 2250.3
1252990 2250.3
1253000 2245.1
1253010 2242.4
1253020 2242.4
1253030 2238.3
1253040 2223.3
1253050 2210.9
1253060 2210.9
1253070 2206.3
1253080 2201.4
1253090 2201.4
1253100 2197.4
1253110 2197.0
1253120 2197.0
1253130 2197.3
1253140 2198.2
1253150 2198.2
1253160 2198.9
1253170 2199.4
1253180 2199.4
1253190 2200.1
1253200 2200.8
1253210 2200.8
1253220 2201.7
1253230 2202.8
1253240 2203.6
1253250 2203.6
1253260 2203.8
1253270 2203.8
1253280 2203.8
1253290 2204.1
1253300 2204.9
1253310 2204.9
1253320 2206.7
1253330 2209.8
1253340 2209.8
1253350 2217.0
1253360 2221.0
1253370 2221.0
1253380 2225.7
1253390 2230.5
1253400 2230.5
1253410 2235.6
1253420 2241.2
1253430 2241.2
1253440 2247.5
1253450 2254.5
1253460 2261.3
1253470 2261.3
1253480 2268.3
1253490 2275.5
1253500 2275.5
1253510 2282.4
1253520 2288.8
1253530 2288.8
1253540 2294.5
1253550 2299.4
1253560 2299.4
1253570 2303.5
1253580 2310.6
1253590 2310.6
1253600 2325.1
1253610 2334.4
1253620 2334.4
1253630 2345.8
1253640 2358.7
1253650 2358.7
1253660 2373.5
1253670 2384.0
1253680 2395.0
1253690 2395.0
1253700 2405.3
1253710 2414.9
1253720 2414.9
1253730 2422.8
1253740 2423.8
1253750 2423.8
1253760 2419.7
1253770 2419.9
1253780 2419.9
1253790 2420.7
1253800 2423.1
1253810 2423.1
1253820 2426.0
1253830 2426.5
1253840 2426.5
1253850 2427.4
1253860 2428.4
1253870 2428.4
1253880 2428.2
1253890 2429.8
1253900 2429.5
1253910 2429.5
1253920 2427.6
1253930 2424.8
1253940 2424.8
1253950 2424.7
1253960 2422.8
1253970 2422.8
1253980 2421.4
1253990 2421.2
1254000 2421.2
1254010 2423.3
1254020 2424.8
1254030 2424.8
1254040 2425.1
1254050 2427.3
1254060 2427.3
1254070 2431.9
1254080 2436.7
1254090 2436.7
1254100 2441.8
1254110 2446.6
1254120 2452.0
1254130 2452.0
1254140 2458.1
1254150 2464.6
1254160 2464.6
1254170 2471.2
1254180 2477.7
1254190 2477.7
1254200 2484.6
1254210 2491.8
1254220 2491.8
1254230 2498.8
1254240 2507.7
1254250 2507.7
1254260 2522.5
1254270 2537.1
1254280 2537.1
1254290 2549.9
1254300 2563.1
1254310 2573.6
1254320 2573.6
1254330 2584.2
1254340 2594.3
1254350 2594.3
1254360 2602.3
1254370 2611.4
1254380 2611.4
1254390 2619.2
1254400 2614.2
1254410 2614.2
1254420 2604.8
1254430 2596.0
1254440 2600.6
1254450 2592.0
1254460 2584.4
1254470 2584.4
1254480 2576.2
1254490 2564.7
1254500 2564.7
1254510 2552.3
1254520 2542.0
1254530 2537.0
1254540 2537.0
1254550 2536.1
1254560 2535.3
1254570 2535.3
1254580 2533.4
1254590 2530.5
1254600 2530.5
1254610 2526.8
1254620 2521.4
1254630 2521.4
1254640 2515.6
1254650 2513.3
1254660 2513.3
1254670 2515.6
1254680 2519.3
1254690 2519.3
1254700 2521.7
1254710 2524.1
1254720 2524.1
1254730 2524.6
1254740 2525.0
1254750 2525.6
1254760 2525.6
1254770 2525.3
1254780 2525.7
1254790 2525.7
1254800 2527.8
1254810 2529.6
1254820 2529.6
1254830 2532.0
1254840 2536.2
1254850 2536.2
1254860 2541.0
1254870 2542.8
1254880 2542.8
1254890 2542.5
1254900 2544.8
1254910 2544.8
1254920 2548.1
1254930 2549.8
1254940 2549.8
1254950 2551.9
1254960 2555.8
1254970 2558.3
1254980 2558.3
1254990 2560.4
1255000 2566.9
1255010 2566.9
1255020 2571.3
1255030 2576.6
1255040 2576.6
1255050 2582.1
1255060 2587.4
1255070 2587.4
1255080 2592.8
1255090 2598.3
1255100 2598.3
1255110 2603.8
1255120 2609.3
1255130 2609.3
1255140 2614.8
1255150 2620.4
1255160 2620.4
1255170 2626.2
1255180 2632.0
1255190 2637.7
1255200 2637.7
1255210 2643.4
1255220 2649.1
1255230 2649.1
1255240 2654.7
1255250 2660.1
1255260 2660.1
1255270 2666.2
1255280 2676.3
1255290 2676.3
1255300 2685.5
1255310 2693.0
1255320 2693.0
1255330 2702.7
1255340 2710.3
1255350 2710.3
1255360 2720.1
1255370 2734.0
1255380 2739.5
1255390 2739.5
1255400 2745.9
1255410 2753.2
1255420 2753.2
1255430 2763.8
1255440 2769.0
1255450 2769.0
1255460 2773.5
1255470 2779.3
1255480 2779.3
1255490 2785.8
1255500 2793.1
1255510 2793.1
1255520 2803.2
1255530 2812.4
1255540 2812.4
1255550 2818.0
1255560 2825.9
1255570 2825.9
1255580 2838.9
1255590 2854.7
1255600 2863.6
1255610 2863.6
1255620 2868.0
1255630 2873.5
1255640 2873.5
1255650 2876.8
1255660 2884.3
1255670 2884.3
1255680 2899.7
1255690 2920.5
1255700 2920.5
1255710 2932.7
1255720 2940.6
1255730 2940.6
1255740 2946.3
1255750 2951.4
1255760 2951.4
1255770 2957.8
1255780 2967.5
1255790 2967.5
1255800 2980.0
1255810 2985.8
1255820 2976.0
1255830 2976.0
1255840 2961.0
1255850 2951.5
1255860 2951.5
1255870 2943.2
1255880 2935.5
1255890 2935.5
1255900 2929.2
1255910 2925.3
1255920 2925.3
1255930 2922.1
1255940 2919.4
1255950 2919.4
1255960 2913.5
1255970 2910.1
1255980 2910.1
1255990 2907.5
1256000 2906.6
1256010 2906.6
1256020 2907.0
1256030 2907.1
1256040 2907.1
1256050 2907.1
1256060 2906.6
1256070 2904.9
1256080 2904.9
1256090 2903.0
1256100 2895.3
1256110 2895.3
1256120 2891.9
1256130 2884.5
1256140 2884.5
1256150 2874.3
1256160 2868.4
1256170 2868.4
1256180 2863.8
1256190 2862.1
1256200 2862.1
1256210 2861.0
1256220 2860.8
1256230 2860.8
1256240 2863.0
1256250 2863.2
1256260 2863.0
1256270 2863.0
1256280 2864.6
1256290 2865.4
1256300 2865.4
1256310 2866.5
1256320 2868.1
1256330 2868.1
1256340 2868.6
1256350 2870.2
1256360 2870.2
1256370 2873.5
1256380 2876.3
1256390 2876.3
1256400 2880.1
1256410 2883.5
1256420 2883.5
1256430 2886.9
1256440 2893.2
1256450 2902.4
1256460 2902.4
1256470 2912.2
1256480 2921.8
1256490 2921.8
1256500 2933.4
1256510 2942.3
1256520 2942.3
1256530 2951.8
1256540 2963.6
1256550 2963.6
1256560 2976.4
1256570 2989.5
1256580 2989.5
1256590 3004.0
1256600 3011.3
1256610 3011.3
1256620 3012.4
1256630 3015.5
1256640 3015.5
1256650 3014.5
1256660 2997.6
1256670 2990.8
1256680 2990.8
1256690 2987.0
1256700 2979.0
1256710 2979.0
1256720 2970.6
1256730 2961.1
1256740 2961.1
1256750 2953.9
1256760 2943.3
1256770 2943.3
1256780 2931.5
1256790 2919.7
1256800 2919.7
1256810 2928.4
1256820 2933.1
1256830 2933.1
1256840 2929.9
1256850 2925.1
1256860 2925.1
1256870 2917.3
1256880 2905.1
1256890 2899.5
1256900 2899.5
1256910 2900.7
1256920 2899.8
1256930 2899.8
1256940 2900.5
1256950 2901.8
1256960 2901.8
1256970 2901.1
1256980 2898.9
1256990 2898.9
1257000 2895.3
1257010 2890.5
1257020 2890.5
1257030 2885.3
1257040 2883.1
1257050 2883.1
1257060 2883.1
1257070 2888.9
1257080 2888.9
1257090 2899.3
1257100 2908.3
1257110 2909.0
1257120 2909.0
1257130 2900.2
1257140 2890.9
1257150 2890.9
1257160 2886.1
1257170 2886.4
1257180 2886.4
1257190 2887.3
1257200 2888.2
1257210 2882.0
1257220 2883.7
1257230 2881.2
1257240 2881.2
1257250 2874.2
1257260 2867.4
1257270 2867.4
1257280 2862.8
1257290 2859.0
1257300 2859.0
1257310 2855.5
1257320 2853.5
1257330 2851.7
1257340 2851.7
1257350 2850.2
1257360 2849.4
1257370 2849.4
1257380 2848.6
1257390 2848.5
1257400 2848.5
1257410 2849.2
1257420 2850.3
1257430 2850.3
1257440 2851.5
1257450 2852.1
1257460 2852.1
1257470 2851.4
1257480 2852.6
1257490 2852.6
1257500 2856.2
1257510 2863.7
1257520 2873.8
1257530 2873.8
1257540 2876.3
1257550 2862.8
1257560 2862.8
1257570 2846.6
1257580 2830.2
1257590 2830.2
1257600 2815.2
1257610 2799.7
1257620 2799.7
1257630 2787.8
1257640 2774.9
1257650 2774.9
1257660 2762.0
1257670 2746.8
1257680 2746.8
1257690 2728.9
1257700 2714.5
1257710 2714.5
1257720 2705.3
1257730 2695.9
1257740 2688.4
1257750 2688.4
1257760 2681.5
1257770 2673.2
1257780 2673.2
1257790 2667.0
1257800 2658.4
1257810 2658.4
1257820 2648.3
1257830 2643.1
1257840 2643.1
1257850 2638.3
1257860 2633.7
1257870 2633.7
1257880 2629.4
1257890 2624.4
1257900 2624.4
1257910 2619.2
1257920 2613.8
1257930 2613.8
1257940 2608.6
1257950 2603.7
1257960 2598.4
1257970 2598.4
1257980 2593.0
1257990 2588.0
1258000 2588.0
1258010 2583.4
1258020 2578.3
1258030 2578.3
1258040 2573.7
1258050 2569.8
1258060 2569.8
1258070 2565.7
1258080 2563.0
1258090 2563.0
1258100 2560.7
1258110 2559.3
1258120 2559.3
1258130 2557.1
1258140 2554.0
1258150 2554.0
1258160 2551.8
1258170 2550.5
1258180 2548.7
1258190 2548.7
1258200 2545.8
1258210 2542.5
1258220 2542.5
1258230 2536.9
1258240 2529.3
1258250 2529.3
1258260 2523.6
1258270 2517.0
1258280 2517.0
1258290 2509.4
1258300 2501.2
1258310 2501.2
1258320 2493.3
1258330 2478.1
1258340 2478.1
1258350 2472.0
1258360 2465.7
1258370 2465.7
1258380 2460.9
1258390 2456.1
1258400 2451.6
1258410 2451.6
1258420 2447.6
1258430 2444.9
1258440 2444.9
1258450 2442.3
1258460 2439.9
1258470 2439.9
1258480 2432.4
1258490 2424.8
1258500 2424.8
1258510 2416.7
1258520 2407.0
1258530 2407.0
1258540 2399.8
1258550 2394.8
1258560 2394.8
1258570 2392.3
1258580 2392.0
1258590 2392.9
1258600 2392.9
1258610 2392.7
1258620 2393.1
1258630 2393.1
1258640 2392.7
1258650 2391.0
1258660 2391.0
1258670 2389.8
1258680 2386.1
1258690 2386.1
1258700 2382.5
1258710 2379.3
1258720 2379.3
1258730 2377.3
1258740 2375.6
1258750 2375.6
1258760 2375.2
1258770 2373.3
1258780 2373.3
1258790 2370.3
1258800 2368.2
1258810 2365.3
1258820 2365.3
1258830 2361.0
1258840 2355.7
1258850 2355.7
1258860 2350.5
1258870 2345.3
1258880 2345.3
1258890 2342.5
1258900 2339.2
1258910 2339.2
1258920 2336.8
1258930 2334.3
1258940 2334.3
1258950 2331.2
1258960 2327.9
1258970 2327.9
1258980 2324.3
1258990 2318.8
1259000 2318.8
1259010 2313.4
1259020 2309.0
1259030 2306.3
1259040 2306.3
1259050 2304.0
1259060 2300.7
1259070 2300.7
1259080 2296.6
1259090 2291.8
1259100 2291.8
1259110 2285.5
1259120 2277.1
1259130 2277.1
1259140 2268.4
1259150 2261.2
1259160 2261.2
1259170 2255.4
1259180 2244.1
1259190 2244.1
1259200 2231.1
1259210 2225.5
1259220 2225.5
1259230 2220.3
1259240 2214.8
1259250 2211.6
1259260 2211.6
1259270 2207.1
1259280 2202.4
1259290 2202.4
1259300 2197.9
1259310 2193.8
1259320 2193.8
1259330 2191.8
1259340 2192.1
1259350 2192.1
1259360 2195.1
1259370 2198.4
1259380 2198.4
1259390 2202.4
1259400 2214.8
1259410 2214.8
1259420 2223.8
1259430 2226.5
1259440 2226.5
1259450 2221.7
1259460 2220.1
1259470 2217.7
1259480 2217.7
1259490 2214.9
1259500 2212.7
1259510 2212.7
1259520 2210.0
1259530 2205.7
1259540 2205.7
1259550 2199.5
1259560 2201.0
1259570 2201.0
1259580 2202.0
1259590 2201.0
1259600 2201.0
1259610 2198.8
1259620 2195.6
1259630 2195.6
1259640 2192.2
1259650 2189.1
1259660 2186.2
1259670 2186.2
1259680 2183.9
1259690 2181.9
1259700 2181.9
1259710 2179.9
1259720 2177.4
1259730 2177.4
1259740 2174.4
1259750 2171.4
1259760 2171.4
1259770 2167.7
1259780 2163.0
1259790 2163.0
1259800 2157.9
1259810 2153.2
1259820 2153.2
1259830 2149.6
1259840 2145.9
1259850 2145.9
1259860 2143.9
1259870 2141.7
1259880 2139.8
1259890 2139.8
1259900 2138.4
1259910 2137.1
1259920 2137.1
1259930 2135.4
1259940 2132.7
1259950 2132.7
1259960 2129.5
1259970 2125.9
1259980 2125.9
1259990 2122.0
