1240000 3144.0
1240010 3144.0
1240020 3156.1
1240030 3160.6
1240040 3160.6
1240050 3166.0
1240060 3169.2
1240070 3169.2
1240080 3174.1
1240090 3184.0
1240100 3184.0
1240110 3195.9
1240120 3208.7
1240130 3208.7
1240140 3218.4
1240150 3226.2
1240160 3226.2
1240170 3233.4
1240180 3241.4
1240190 3241.4
1240200 3253.1
1240210 3257.8
1240220 3257.1
1240230 3257.1
1240240 3255.3
1240250 3261.3
1240260 3261.3
1240270 3269.5
1240280 3283.7
1240290 3283.7
1240300 3294.5
1240310 3315.9
1240320 3315.9
1240330 3326.0
1240340 3338.8
1240350 3338.8
1240360 3338.1
1240370 3338.1
1240380 3338.1
1240390 3339.6
1240400 3345.5
1240410 3345.5
1240420 3348.7
1240430 3344.1
1240440 3337.4
1240450 3337.4
1240460 3329.7
1240470 3322.5
1240480 3322.5
1240490 3315.9
1240500 3309.1
1240510 3309.1
1240520 3302.6
1240530 3296.1
1240540 3296.1
1240550 3290.1
1240560 3284.5
1240570 3284.5
1240580 3279.2
1240590 3274.5
1240600 3274.5
1240610 3270.0
1240620 3265.0
1240630 3259.8
1240640 3259.8
1240650 3257.5
1240660 3257.1
1240670 3257.1
1240680 3257.4
1240690 3257.9
1240700 3257.9
1240710 3258.9
1240720 3261.2
1240730 3261.2
1240740 3264.5
1240750 3269.6
1240760 3269.6
1240770 3276.3
1240780 3282.8
1240790 3282.8
1240800 3284.0
1240810 3279.1
1240820 3279.1
1240830 3269.4
1240840 3264.0
1240850 3263.8
1240860 3247.9
1240870 3248.3
1240880 3232.7
1240890 3232.7
1240900 3221.8
1240910 3214.9
1240920 3214.9
1240930 3211.3
1240940 3207.7
1240950 3207.7
1240960 3202.2
1240970 3199.5
1240980 3199.5
1240990 3198.7
1241000 3196.4
1241010 3196.4
1241020 3195.7
1241030 3197.2
1241040 3197.2
1241050 3198.7
1241060 3201.1
1241070 3203.6
1241080 3203.6
1241090 3205.8
1241100 3205.9
1241110 3205.9
1241120 3206.4
1241130 3209.4
1241140 3209.4
1241150 3215.1
1241160 3220.4
1241170 3220.4
1241180 3223.2
1241190 3225.1
1241200 3225.1
1241210 3227.1
1241220 3229.8
1241230 3229.8
1241240 3231.4
1241250 3233.4
1241260 3233.4
1241270 3235.5
1241280 3237.1
1241290 3239.4
1241300 3239.4
1241310 3242.2
1241320 3244.9
1241330 3244.9
1241340 3247.7
1241350 3250.0
1241360 3250.0
1241370 3252.6
1241380 3250.5
1241390 3250.5
1241400 3255.2
1241410 3258.7
1241420 3258.7
1241430 3261.9
1241440 3265.8
1241450 3265.8
1241460 3267.8
1241470 3265.0
1241480 3265.0
1241490 3259.8
1241500 3256.0
1241510 3247.0
1241520 3247.0
1241530 3237.8
1241540 3237.5
1241550 3237.5
1241560 3236.9
1241570 3237.8
1241580 3237.8
1241590 3236.6
1241600 3235.3
1241610 3235.3
1241620 3232.8
1241630 3237.1
1241640 3237.1
1241650 3244.1
1241660 3249.9
1241670 3249.9
1241680 3252.2
1241690 3252.9
1241700 3252.9
1241710 3253.0
1241720 3255.2
1241730 3258.8
1241740 3258.8
1241750 3260.3
1241760 3263.1
1241770 3263.1
1241780 3265.2
1241790 3268.2
1241800 3268.2
1241810 3268.3
1241820 3264.9
1241830 3264.9
1241840 3261.6
1241850 3258.9
1241860 3258.9
1241870 3256.0
1241880 3258.2
1241890 3258.2
1241900 3255.0
1241910 3256.0
1241920 3256.0
1241930 3254.7
1241940 3253.6
1241950 3254.4
1241960 3254.4
1241970 3251.7
1241980 3247.6
1241990 3247.6
1242000 3242.6
1242010 3238.2
1242020 3238.2
1242030 3236.7
1242040 3238.4
1242050 3238.4
1242060 3238.4
1242070 3235.4
1242080 3235.4
1242090 3230.8
1242100 3228.4
1242110 3228.4
1242120 3229.6
1242130 3229.1
1242140 3225.2
1242150 3225.2
1242160 3220.2
1242170 3215.7
1242180 3215.7
1242190 3211.0
1242200 3206.2
1242210 3206.2
1242220 3202.6
1242230 3199.7
1242240 3199.7
1242250 3197.1
1242260 3195.5
1242270 3195.5
1242280 3191.8
1242290 3187.9
1242300 3187.9
1242310 3186.5
1242320 3184.8
1242330 3184.8
1242340 3182.1
1242350 3178.2
1242360 3170.6
1242370 3170.6
1242380 3164.6
1242390 3160.8
1242400 3160.8
1242410 3156.6
1242420 3152.5
1242430 3160.2
1242440 3155.5
1242450 3149.0
1242460 3149.0
1242470 3142.1
1242480 3133.3
1242490 3133.3
1242500 3124.0
1242510 3116.5
1242520 3116.5
1242530 3109.3
1242540 3099.8
1242550 3099.8
1242560 3087.8
1242570 3075.9
1242580 3065.3
1242590 3065.3
1242600 3054.7
1242610 3044.3
1242620 3044.3
1242630 3035.1
1242640 3027.4
1242650 3027.4
1242660 3020.7
1242670 3015.6
1242680 3015.6
1242690 3010.6
1242700 3006.8
1242710 3006.8
1242720 3005.8
1242730 3002.2
1242740 3002.2
1242750 2998.4
1242760 2989.9
1242770 2989.9
1242780 2975.1
1242790 2960.5
1242800 2947.9
1242810 2947.9
1242820 2938.7
1242830 2932.0
1242840 2932.0
1242850 2925.1
1242860 2918.6
1242870 2918.6
1242880 2914.5
1242890 2908.5
1242900 2908.5
1242910 2905.8
1242920 2902.1
1242930 2902.1
1242940 2898.9
1242950 2877.6
1242960 2877.6
1242970 2865.8
1242980 2854.9
1242990 2854.9
1243000 2841.4
1243010 2828.0
1243020 2803.4
1243030 2803.4
1243040 2792.5
1243050 2788.6
1243060 2788.6
1243070 2776.7
1243080 2775.1
1243090 2775.1
1243100 2774.6
1243110 2771.9
1243120 2771.9
1243130 2762.3
1243140 2746.8
1243150 2746.8
1243160 2736.5
1243170 2732.0
1243180 2732.0
1243190 2722.7
1243200 2714.4
1243210 2714.4
1243220 2710.4
1243230 2705.8
1243240 2699.5
1243250 2699.5
1243260 2695.9
1243270 2691.5
1243280 2691.5
1243290 2687.2
1243300 2683.3
1243310 2683.3
1243320 2679.4
1243330 2674.6
1243340 2674.6
1243350 2668.7
1243360 2664.2
1243370 2664.2
1243380 2659.6
1243390 2657.1
1243400 2657.1
1243410 2654.9
1243420 2651.2
1243430 2651.2
1243440 2648.5
1243450 2644.0
1243460 2637.5
1243470 2637.5
1243480 2618.7
1243490 2613.2
1243500 2613.2
1243510 2609.4
1243520 2605.0
1243530 2605.0
1243540 2600.4
1243550 2596.1
1243560 2596.1
1243570 2591.5
1243580 2585.9
1243590 2585.9
1243600 2580.3
1243610 2575.1
1243620 2575.1
1243630 2570.0
1243640 2564.6
1243650 2559.2
1243660 2559.2
1243670 2555.1
1243680 2553.4
1243690 2553.4
1243700 2552.2
1243710 2551.3
1243720 2551.3
1243730 2550.7
1243740 2550.0
1243750 2550.0
1243760 2549.6
1243770 2548.7
1243780 2548.7
1243790 2548.5
1243800 2548.5
1243810 2548.5
1243820 2549.0
1243830 2549.8
1243840 2549.8
1243850 2551.1
1243860 2549.8
1243870 2547.3
1243880 2547.3
1243890 2543.6
1243900 2538.0
1243910 2538.0
1243920 2531.4
1243930 2526.9
1243940 2526.9
1243950 2524.7
1243960 2520.4
1243970 2520.4
1243980 2515.4
1243990 2509.5
1244000 2510.1
1244010 2502.9
1244020 2497.3
1244030 2497.3
1244040 2493.5
1244050 2491.4
1244060 2491.4
1244070 2489.6
1244080 2485.7
1244090 2483.4
1244100 2483.4
1244110 2481.2
1244120 2477.2
1244130 2477.2
1244140 2473.1
1244150 2468.4
1244160 2468.4
1244170 2462.9
1244180 2456.7
1244190 2456.7
1244200 2452.1
1244210 2448.0
1244220 2448.0
1244230 2443.8
1244240 2439.9
1244250 2439.9
1244260 2436.5
1244270 2433.2
1244280 2433.2
1244290 2430.1
1244300 2427.3
1244310 2425.0
1244320 2425.0
1244330 2423.8
1244340 2422.8
1244350 2422.8
1244360 2421.7
1244370 2420.7
1244380 2420.7
1244390 2419.8
1244400 2418.0
1244410 2418.0
1244420 2416.1
1244430 2414.2
1244440 2414.2
1244450 2413.3
1244460 2413.4
1244470 2413.4
1244480 2414.3
1244490 2414.0
1244500 2414.0
1244510 2412.5
1244520 2409.6
1244530 2409.4
1244540 2409.4
1244550 2408.9
1244560 2407.5
1244570 2407.5
1244580 2406.2
1244590 2405.2
1244600 2405.2
1244610 2405.1
1244620 2405.3
1244630 2405.3
1244640 2405.9
1244650 2407.2
1244660 2407.2
1244670 2410.0
1244680 2410.9
1244690 2410.9
1244700 2411.6
1244710 2412.3
1244720 2412.3
1244730 2413.5
1244740 2415.3
1244750 2416.9
1244760 2416.9
1244770 2415.1
1244780 2411.2
1244790 2411.2
1244800 2405.0
1244810 2400.9
1244820 2400.9
1244830 2398.8
1244840 2397.5
1244850 2397.5
1244860 2397.8
1244870 2397.5
1244880 2397.5
1244890 2396.6
1244900 2394.7
1244910 2394.7
1244920 2390.7
1244930 2389.2
1244940 2389.9
1244950 2389.9
1244960 2389.9
1244970 2388.9
1244980 2388.9
1244990 2387.7
1245000 2386.6
1245010 2386.6
1245020 2386.1
1245030 2386.0
1245040 2386.0
1245050 2385.9
1245060 2390.5
1245070 2390.5
1245080 2390.1
1245090 2388.6
1245100 2388.6
1245110 2386.6
1245120 2385.0
1245130 2385.0
1245140 2383.1
1245150 2381.7
1245160 2380.2
1245170 2380.2
1245180 2378.8
1245190 2376.8
1245200 2376.8
1245210 2374.5
1245220 2373.1
1245230 2373.1
1245240 2371.9
1245250 2370.6
1245260 2370.6
1245270 2369.4
1245280 2368.2
1245290 2368.2
1245300 2367.3
1245310 2366.9
1245320 2366.9
1245330 2366.9
1245340 2367.2
1245350 2367.2
1245360 2368.0
1245370 2369.3
1245380 2371.6
1245390 2371.6
1245400 2373.7
1245410 2376.2
1245420 2376.2
1245430 2378.6
1245440 2380.1
1245450 2380.1
1245460 2381.7
1245470 2383.7
1245480 2383.7
1245490 2385.1
1245500 2387.4
1245510 2387.4
1245520 2389.5
1245530 2389.2
1245540 2389.2
1245550 2389.1
1245560 2388.6
1245570 2388.6
1245580 2387.3
1245590 2392.6
1245600 2391.7
1245610 2391.7
1245620 2390.2
1245630 2389.0
1245640 2389.0
1245650 2390.9
1245660 2395.1
1245670 2395.1
1245680 2397.7
1245690 2400.3
1245700 2400.3
1245710 2403.2
1245720 2406.3
1245730 2406.3
1245740 2410.4
1245750 2414.7
1245760 2414.7
1245770 2417.6
1245780 2421.7
1245790 2421.7
1245800 2426.2
1245810 2429.8
1245820 2432.6
1245830 2432.6
1245840 2435.0
1245850 2436.3
1245860 2436.3
1245870 2437.9
1245880 2440.2
1245890 2440.2
1245900 2441.4
1245910 2441.4
1245920 2441.4
1245930 2442.3
1245940 2444.8
1245950 2444.8
1245960 2447.9
1245970 2450.4
1245980 2450.4
1245990 2453.0
1246000 2455.6
1246010 2455.6
1246020 2458.2
1246030 2461.6
1246040 2466.4
1246050 2466.4
1246060 2471.7
1246070 2477.3
1246080 2477.3
1246090 2482.3
1246100 2487.5
1246110 2487.5
1246120 2497.8
1246130 2502.9
1246140 2502.9
1246150 2506.9
1246160 2510.2
1246170 2510.2
1246180 2513.5
1246190 2515.5
1246200 2515.5
1246210 2517.0
1246220 2518.2
1246230 2518.2
1246240 2518.9
1246250 2519.4
1246260 2520.2
1246270 2520.2
1246280 2523.3
1246290 2527.6
1246300 2527.6
1246310 2531.7
1246320 2534.5
1246330 2534.5
1246340 2536.7
1246350 2536.5
1246360 2536.5
1246370 2536.2
1246380 2542.2
1246390 2542.2
1246400 2548.5
1246410 2557.9
1246420 2557.9
1246430 2567.5
1246440 2569.7
1246450 2571.3
1246460 2571.3
1246470 2567.9
1246480 2567.4
1246490 2567.4
1246500 2569.5
1246510 2572.0
1246520 2572.0
1246530 2570.8
1246540 2577.1
1246550 2577.1
1246560 2577.3
1246570 2575.8
1246580 2575.8
1246590 2579.0
1246600 2597.0
1246610 2597.0
1246620 2618.3
1246630 2634.5
1246640 2634.5
1246650 2647.8
1246660 2638.6
1246670 2630.1
1246680 2630.1
1246690 2625.8
1246700 2622.0
1246710 2622.0
1246720 2616.6
1246730 2608.6
1246740 2608.6
1246750 2607.1
1246760 2606.2
1246770 2606.2
1246780 2606.9
1246790 2609.2
1246800 2609.2
1246810 2615.5
1246820 2626.4
1246830 2626.4
1246840 2639.8
1246850 2651.5
1246860 2651.5
1246870 2669.5
1246880 2674.8
1246890 2677.5
1246900 2677.5
1246910 2681.2
1246920 2687.5
1246930 2687.5
1246940 2689.2
1246950 2681.3
1246960 2681.3
1246970 2683.8
1246980 2691.0
1246990 2691.0
1247000 2702.1
1247010 2707.2
1247020 2707.2
1247030 2694.6
1247040 2683.2
1247050 2683.2
1247060 2681.6
1247070 2684.5
1247080 2684.5
1247090 2681.2
1247100 2680.6
1247110 2692.4
1247120 2692.4
1247130 2708.1
1247140 2714.7
1247150 2714.7
1247160 2703.7
1247170 2686.5
1247180 2686.5
1247190 2693.0
1247200 2683.2
1247210 2683.2
1247220 2677.5
1247230 2663.4
1247240 2663.4
1247250 2651.3
1247260 2642.3
1247270 2642.3
1247280 2629.9
1247290 2614.4
1247300 2614.4
1247310 2603.8
1247320 2593.8
1247330 2581.9
1247340 2581.9
1247350 2571.1
1247360 2561.5
1247370 2561.5
1247380 2551.2
1247390 2538.6
1247400 2538.6
1247410 2524.8
1247420 2515.4
1247430 2515.4
1247440 2507.4
1247450 2500.6
1247460 2500.6
1247470 2492.3
1247480 2482.0
1247490 2482.0
1247500 2469.6
1247510 2457.1
1247520 2457.1
1247530 2444.2
1247540 2428.8
1247550 2416.6
1247560 2416.6
1247570 2404.1
1247580 2392.2
1247590 2392.2
1247600 2383.9
1247610 2375.4
1247620 2375.4
1247630 2367.5
1247640 2360.3
1247650 2360.3
1247660 2353.0
1247670 2345.6
1247680 2345.6
1247690 2338.2
1247700 2330.8
1247710 2330.8
1247720 2326.5
1247730 2313.1
1247740 2297.5
1247750 2297.5
1247760 2290.7
1247770 2284.8
1247780 2284.8
1247790 2275.8
1247800 2268.1
1247810 2268.1
1247820 2262.3
1247830 2256.2
1247840 2256.2
1247850 2251.2
1247860 2242.5
1247870 2242.5
1247880 2233.9
1247890 2225.4
1247900 2225.4
1247910 2215.0
1247920 2204.1
1247930 2204.1
1247940 2196.4
1247950 2183.9
1247960 2168.9
1247970 2168.9
1247980 2158.4
1247990 2148.3
1248000 2148.3
1248010 2138.3
1248020 2130.9
1248030 2130.9
1248040 2124.5
1248050 2116.0
1248060 2116.0
1248070 2103.9
1248080 2089.5
1248090 2089.5
1248100 2074.9
1248110 2064.8
1248120 2064.8
1248130 2054.6
1248140 2042.0
1248150 2042.0
1248160 2031.8
1248170 2022.5
1248180 2012.2
1248190 2012.2
1248200 2000.9
1248210 1992.1
1248220 1992.1
1248230 1985.2
1248240 1978.4
1248250 1978.4
1248260 1969.4
1248270 1961.7
1248280 1961.7
1248290 1954.5
1248300 1947.7
1248310 1947.7
1248320 1941.0
1248330 1933.9
1248340 1933.9
1248350 1926.5
1248360 1920.1
1248370 1920.1
1248380 1912.8
1248390 1905.0
1248400 1898.1
1248410 1898.1
1248420 1890.8
1248430 1883.7
1248440 1883.7
1248450 1876.3
1248460 1869.3
1248470 1869.3
1248480 1862.2
1248490 1855.0
1248500 1855.0
1248510 1847.8
1248520 1840.3
1248530 1840.3
1248540 1832.9
1248550 1825.6
1248560 1825.6
1248570 1817.8
1248580 1810.1
1248590 1810.1
1248600 1802.6
1248610 1795.3
1248620 1787.8
1248630 1787.8
1248640 1780.3
1248650 1773.2
1248660 1773.2
1248670 1766.1
1248680 1758.9
1248690 1758.9
1248700 1752.0
1248710 1745.0
1248720 1745.0
1248730 1738.0
1248740 1731.0
1248750 1731.0
1248760 1724.0
1248770 1716.5
1248780 1716.5
1248790 1709.4
1248800 1702.1
1248810 1702.1
1248820 1695.2
1248830 1688.0
1248840 1681.2
1248850 1681.2
1248860 1674.0
1248870 1667.1
1248880 1667.1
1248890 1660.2
1248900 1653.4
1248910 1653.4
1248920 1646.7
1248930 1640.0
1248940 1640.0
1248950 1633.2
1248960 1626.5
1248970 1626.5
1248980 1620.0
1248990 1613.5
1249000 1613.5
1249010 1607.1
1249020 1600.7
1249030 1600.7
1249040 1594.3
1249050 1587.6
1249060 1581.0
1249070 1581.0
1249080 1574.8
1249090 1568.3
1249100 1568.3
1249110 1561.7
1249120 1555.3
1249130 1555.3
1249140 1549.0
1249150 1543.1
1249160 1543.1
1249170 1537.5
1249180 1531.8
1249190 1531.8
1249200 1526.6
1249210 1522.1
1249220 1522.1
1249230 1517.6
1249240 1512.3
1249250 1500.2
1249260 1500.2
1249270 1484.2
1249280 1476.1
1249290 1476.1
1249300 1473.3
1249310 1470.3
1249320 1470.3
1249330 1462.4
1249340 1456.8
1249350 1456.8
1249360 1451.6
1249370 1448.8
1249380 1448.8
1249390 1450.3
1249400 1448.0
1249410 1448.0
1249420 1451.9
1249430 1467.1
1249440 1467.1
1249450 1483.3
1249460 1491.0
1249470 1486.4
1249480 1486.4
1249490 1486.9
1249500 1481.8
1249510 1481.8
1249520 1480.3
1249530 1481.7
1249540 1481.7
1249550 1483.9
1249560 1490.6
1249570 1490.6
1249580 1496.9
1249590 1495.9
1249600 1495.9
1249610 1488.9
1249620 1481.1
1249630 1481.1
1249640 1474.6
1249650 1468.4
1249660 1468.4
1249670 1461.9
1249680 1455.3
1249690 1448.4
1249700 1448.4
1249710 1442.6
1249720 1434.4
1249730 1434.4
1249740 1424.0
1249750 1412.3
1249760 1412.3
1249770 1400.9
1249780 1392.7
1249790 1392.7
1249800 1386.1
1249810 1377.3
1249820 1377.3
1249830 1369.8
1249840 1362.3
1249850 1362.3
1249860 1355.4
1249870 1342.5
1249880 1342.5
1249890 1335.8
1249900 1329.7
1249910 1325.3
1249920 1325.3
1249930 1320.0
1249940 1314.1
1249950 1314.1
1249960 1304.0
1249970 1290.4
1249980 1290.4
1249990 1279.6
1250000 1271.2
1250010 1271.2
1250020 1262.2
1250030 1256.2
1250040 1256.2
1250050 1254.4
1250060 1252.3
1250070 1252.3
1250080 1249.3
1250090 1246.2
1250100 1246.2
1250110 1245.0
1250120 1242.9
1250130 1237.2
1250140 1237.2
1250150 1231.1
1250160 1225.1
1250170 1225.1
1250180 1219.3
1250190 1215.8
1250200 1215.8
1250210 1214.8
1250220 1214.6
1250230 1214.6
1250240 1214.2
1250250 1214.0
1250260 1214.0
1250270 1213.6
1250280 1211.5
1250290 1211.5
1250300 1210.4
1250310 1211.9
1250320 1211.9
1250330 1212.5
1250340 1212.3
1250350 1212.3
1250360 1212.3
1250370 1213.1
1250380 1211.8
1250390 1211.8
1250400 1209.4
1250410 1209.3
1250420 1209.3
1250430 1209.3
1250440 1209.2
1250450 1209.2
1250460 1208.9
1250470 1208.6
1250480 1208.6
1250490 1208.2
1250500 1207.9
1250510 1207.9
1250520 1207.6
1250530 1207.2
1250540 1207.0
1250550 1207.0
1250560 1206.7
1250570 1206.4
1250580 1206.4
1250590 1206.0
1250600 1205.7
1250610 1205.7
1250620 1205.5
1250630 1205.3
1250640 1205.3
1250650 1205.1
1250660 1204.8
1250670 1204.8
1250680 1204.6
1250690 1204.5
1250700 1204.5
1250710 1204.8
1250720 1205.2
1250730 1205.2
1250740 1205.4
1250750 1205.6
1250760 1206.1
1250770 1206.1
1250780 1206.3
1250790 1206.3
1250800 1206.3
1250810 1206.5
1250820 1206.3
1250830 1206.3
1250840 1205.8
1250850 1205.3
1250860 1205.3
1250870 1204.7
1250880 1204.6
1250890 1204.6
1250900 1205.4
1250910 1207.2
1250920 1207.2
1250930 1210.2
1250940 1213.7
1250950 1215.4
1250960 1219.7
1250970 1224.3
1250980 1228.5
1250990 1228.5
1251000 1231.9
1251010 1235.1
1251020 1235.1
1251030 1237.4
1251040 1239.5
1251050 1239.5
1251060 1240.7
1251070 1244.1
1251080 1244.1
1251090 1250.0
1251100 1255.8
1251110 1255.8
1251120 1261.3
1251130 1264.9
1251140 1264.9
1251150 1270.2
1251160 1280.8
1251170 1280.8
1251180 1296.2
1251190 1306.9
1251200 1316.1
1251210 1316.1
1251220 1325.1
1251230 1331.0
1251240 1331.0
1251250 1334.8
1251260 1337.1
1251270 1337.1
1251280 1340.1
1251290 1343.7
1251300 1343.7
1251310 1348.9
1251320 1355.9
1251330 1355.9
1251340 1364.5
1251350 1376.2
1251360 1376.2
1251370 1384.4
1251380 1390.4
1251390 1390.4
1251400 1398.7
1251410 1414.1
1251420 1431.2
1251430 1431.2
1251440 1444.5
1251450 1449.3
1251460 1449.3
1251470 1451.3
1251480 1451.6
1251490 1451.6
1251500 1459.5
1251510 1465.2
1251520 1465.2
1251530 1474.2
1251540 1479.5
1251550 1479.5
1251560 1475.4
1251570 1472.4
1251580 1472.4
1251590 1474.6
1251600 1475.7
1251610 1475.7
1251620 1474.5
1251630 1472.5
1251640 1471.8
1251650 1471.8
1251660 1478.0
1251670 1483.7
1251680 1483.7
1251690 1489.1
1251700 1493.2
1251710 1493.2
1251720 1492.5
1251730 1487.7
1251740 1487.7
1251750 1482.6
1251760 1479.4
1251770 1479.4
1251780 1478.4
1251790 1484.3
1251800 1484.3
1251810 1501.9
1251820 1525.7
1251830 1537.2
1251840 1537.2
1251850 1548.7
1251860 1556.5
1251870 1556.5
1251880 1567.1
1251890 1580.3
1251900 1580.3
1251910 1590.3
1251920 1599.4
1251930 1599.4
1251940 1608.7
1251950 1614.9
1251960 1614.9
1251970 1624.1
1251980 1638.1
1251990 1638.1
1252000 1651.2
1252010 1658.0
1252020 1658.0
1252030 1663.5
1252040 1665.3
1252050 1669.8
1252060 1669.8
1252070 1675.3
1252080 1680.9
1252090 1680.9
1252100 1686.6
1252110 1692.7
1252120 1692.7
1252130 1698.7
1252140 1704.1
1252150 1704.1
1252160 1709.6
1252170 1716.1
1252180 1716.1
1252190 1722.7
1252200 1729.2
1252210 1729.2
1252220 1735.5
1252230 1742.0
1252240 1742.0
1252250 1750.5
1252260 1756.4
1252270 1762.6
1252280 1762.6
1252290 1772.6
1252300 1781.5
1252310 1781.5
1252320 1788.4
1252330 1794.7
1252340 1794.7
1252350 1801.0
1252360 1807.8
1252370 1807.8
1252380 1815.0
1252390 1822.6
1252400 1822.6
1252410 1832.2
1252420 1843.2
1252430 1843.2
1252440 1854.9
1252450 1867.2
1252460 1867.2
1252470 1880.1
1252480 1893.3
1252490 1903.9
1252500 1903.9
1252510 1911.8
1252520 1918.4
1252530 1918.4
1252540 1924.3
1252550 1929.5
1252560 1929.5
1252570 1934.3
1252580 1939.9
1252590 1940.6
1252600 1947.0
1252610 1951.9
1252620 1951.9
1252630 1955.5
1252640 1958.1
1252650 1958.1
1252660 1961.2
1252670 1965.7
1252680 1965.7
1252690 1970.2
1252700 1975.0
1252710 1981.0
1252720 1981.0
1252730 1987.2
1252740 1993.4
1252750 1993.4
1252760 2000.2
1252770 2005.4
1252780 2005.4
1252790 2008.9
1252800 2015.5
1252810 2015.5
1252820 2022.4
1252830 2030.3
1252840 2030.3
1252850 2037.0
1252860 2042.3
1252870 2042.3
1252880 2047.2
1252890 2053.3
1252900 2053.3
1252910 2060.0
1252920 2062.6
1252930 2065.2
1252940 2065.2
1252950 2066.6
1252960 2072.6
1252970 2072.6
1252980 2075.5
1252990 2073.0
1253000 2073.0
1253010 2080.5
1253020 2081.5
1253030 2081.5
1253040 2083.0
1253050 2084.5
1253060 2084.5
1253070 2085.1
1253080 2086.1
1253090 2086.1
1253100 2088.8
1253110 2091.2
1253120 2091.2
1253130 2100.9
1253140 2104.0
1253150 2107.2
1253160 2107.2
1253170 2109.9
1253180 2113.1
1253190 2113.1
1253200 2116.6
1253210 2120.2
1253220 2120.2
1253230 2125.0
1253240 2128.8
1253250 2128.8
1253260 2132.0
1253270 2136.6
1253280 2136.6
1253290 2141.5
1253300 2146.9
1253310 2146.9
1253320 2153.9
1253330 2161.3
1253340 2169.2
1253350 2169.2
1253360 2175.5
1253370 2181.0
1253380 2181.0
1253390 2186.7
1253400 2188.2
1253410 2188.2
1253420 2187.9
1253430 2186.8
1253440 2186.8
1253450 2187.6
1253460 2190.2
1253470 2190.2
1253480 2193.7
1253490 2196.4
1253500 2196.4
1253510 2198.9
1253520 2198.9
1253530 2198.9
1253540 2200.8
1253550 2202.6
1253560 2205.2
1253570 2205.2
1253580 2209.2
1253590 2214.5
1253600 2214.5
1253610 2219.8
1253620 2225.4
1253630 2225.4
1253640 2231.7
1253650 2238.3
1253660 2238.3
1253670 2246.3
1253680 2253.2
1253690 2253.2
1253700 2262.5
1253710 2270.7
1253720 2270.7
1253730 2279.0
1253740 2287.3
1253750 2287.3
1253760 2295.8
1253770 2304.3
1253780 2311.2
1253790 2311.2
1253800 2317.7
1253810 2324.4
1253820 2324.4
1253830 2331.2
1253840 2338.2
1253850 2338.2
1253860 2346.0
1253870 2353.3
1253880 2353.3
1253890 2360.2
1253900 2368.4
1253910 2368.4
1253920 2376.4
1253930 2384.0
1253940 2384.0
1253950 2390.7
1253960 2393.6
1253970 2393.6
1253980 2395.6
1253990 2393.3
1254000 2387.6
1254010 2387.6
1254020 2375.5
1254030 2369.2
1254040 2369.2
1254050 2367.9
1254060 2366.8
1254070 2366.8
1254080 2364.1
1254090 2360.5
1254100 2360.5
1254110 2358.5
1254120 2357.8
1254130 2357.8
1254140 2357.0
1254150 2355.9
1254160 2355.9
1254170 2353.6
1254180 2350.1
1254190 2350.1
1254200 2346.9
1254210 2343.8
1254220 2340.5
1254230 2345.5
1254240 2343.3
1254250 2341.6
1254260 2341.6
1254270 2340.7
1254280 2339.9
1254290 2339.9
1254300 2336.8
1254310 2333.0
1254320 2333.0
1254330 2330.3
1254340 2326.8
1254350 2326.8
1254360 2321.2
1254370 2312.2
1254380 2312.2
1254390 2305.1
1254400 2298.9
1254410 2298.9
1254420 2289.5
1254430 2279.0
1254440 2272.6
1254450 2272.6
1254460 2267.2
1254470 2263.1
1254480 2263.1
1254490 2261.7
1254500 2260.3
1254510 2260.3
1254520 2258.5
1254530 2258.3
1254540 2258.3
1254550 2259.4
1254560 2261.6
1254570 2261.6
1254580 2263.5
1254590 2265.7
1254600 2265.7
1254610 2267.9
1254620 2270.1
1254630 2272.6
1254640 2272.6
1254650 2275.7
1254660 2279.0
1254670 2279.0
1254680 2282.3
1254690 2285.4
1254700 2285.4
1254710 2288.6
1254720 2291.9
1254730 2291.9
1254740 2296.0
1254750 2298.1
1254760 2298.1
1254770 2300.7
1254780 2307.7
1254790 2307.7
1254800 2309.8
1254810 2312.2
1254820 2312.2
1254830 2315.2
1254840 2318.2
1254850 2321.5
1254860 2321.5
1254870 2324.4
1254880 2327.5
1254890 2327.5
1254900 2331.0
1254910 2334.7
1254920 2334.7
1254930 2338.0
1254940 2340.9
1254950 2340.9
1254960 2343.8
1254970 2347.5
1254980 2347.5
1254990 2355.3
1255000 2363.6
1255010 2363.6
1255020 2370.6
1255030 2377.5
1255040 2377.5
1255050 2385.9
1255060 2395.9
1255070 2405.3
1255080 2405.3
1255090 2412.9
1255100 2420.2
1255110 2420.2
1255120 2427.7
1255130 2437.7
1255140 2437.7
1255150 2448.5
1255160 2458.3
1255170 2458.3
1255180 2465.3
1255190 2471.6
1255200 2471.6
1255210 2478.1
1255220 2485.0
1255230 2485.0
1255240 2491.9
1255250 2500.3
1255260 2500.3
1255270 2510.5
1255280 2518.8
1255290 2526.4
1255300 2526.4
1255310 2534.0
1255320 2541.3
1255330 2548.2
1255340 2557.3
1255350 2565.8
1255360 2565.8
1255370 2574.9
1255380 2585.0
1255390 2585.0
1255400 2593.8
1255410 2609.1
1255420 2609.1
1255430 2623.0
1255440 2632.9
1255450 2632.9
1255460 2643.2
1255470 2653.5
1255480 2653.5
1255490 2665.2
1255500 2674.3
1255510 2666.9
1255520 2666.9
1255530 2660.2
1255540 2660.5
1255550 2660.5
1255560 2666.3
1255570 2679.7
1255580 2679.7
1255590 2685.4
1255600 2693.2
1255610 2693.2
1255620 2701.3
1255630 2709.5
1255640 2709.5
1255650 2722.7
1255660 2731.3
1255670 2731.3
1255680 2743.4
1255690 2756.9
1255700 2756.9
1255710 2768.7
1255720 2779.3
1255730 2785.9
1255740 2785.9
1255750 2798.6
1255760 2812.7
1255770 2812.7
1255780 2823.5
1255790 2834.5
1255800 2834.5
1255810 2843.7
1255820 2855.5
1255830 2855.5
1255840 2866.5
1255850 2878.4
1255860 2878.4
1255870 2891.2
1255880 2897.8
1255890 2897.8
1255900 2912.9
1255910 2928.2
1255920 2941.4
1255930 2941.4
1255940 2952.7
1255950 2960.3
1255960 2960.3
1255970 2965.5
1255980 2971.6
1255990 2971.6
1256000 2976.2
1256010 2971.0
1256020 2971.0
1256030 2961.6
1256040 2952.6
1256050 2952.6
1256060 2944.4
1256070 2936.6
1256080 2936.6
1256090 2928.3
1256100 2920.8
1256110 2920.8
1256120 2912.9
1256130 2904.4
1256140 2899.8
1256150 2899.8
1256160 2894.3
1256170 2883.9
1256180 2883.9
1256190 2876.8
1256200 2867.8
1256210 2867.8
1256220 2860.3
1256230 2856.8
1256240 2856.8
1256250 2855.5
1256260 2855.7
1256270 2855.7
1256280 2856.6
1256290 2857.7
1256300 2857.7
1256310 2858.8
1256320 2859.4
1256330 2859.4
1256340 2860.0
1256350 2859.9
1256360 2859.2
1256370 2859.2
1256380 2859.2
1256390 2859.0
1256400 2859.0
1256410 2858.2
1256420 2858.0
1256430 2858.0
1256440 2867.5
1256450 2873.7
1256460 2873.7
1256470 2882.7
1256480 2891.7
1256490 2891.7
1256500 2899.6
1256510 2909.1
1256520 2909.1
1256530 2921.0
1256540 2931.5
1256550 2931.5
1256560 2940.3
1256570 2943.4
1256580 2946.7
1256590 2946.7
1256600 2948.3
1256610 2954.0
1256620 2954.0
1256630 2960.6
1256640 2967.9
1256650 2967.9
1256660 2975.0
1256670 2981.9
1256680 2981.9
1256690 2987.8
1256700 2993.7
1256710 2993.7
1256720 3000.0
1256730 3006.0
1256740 3006.0
1256750 3013.0
1256760 3019.3
1256770 3019.3
1256780 3025.5
1256790 3022.7
1256800 3014.3
1256810 3014.3
1256820 3005.5
1256830 2995.2
1256840 2995.2
1256850 2983.6
1256860 2972.2
1256870 2972.2
1256880 2961.3
1256890 2950.5
1256900 2950.5
1256910 2938.4
1256920 2930.3
1256930 2930.3
1256940 2924.7
1256950 2913.7
1256960 2913.7
1256970 2903.6
1256980 2894.8
1256990 2908.2
1257000 2895.3
1257010 2879.8
1257020 2866.3
1257030 2866.3
1257040 2856.9
1257050 2844.2
1257060 2844.2
1257070 2835.8
1257080 2830.7
1257090 2830.7
1257100 2828.4
1257110 2821.0
1257120 2821.0
1257130 2813.1
1257140 2807.0
1257150 2807.0
1257160 2802.7
1257170 2799.1
1257180 2799.1
1257190 2795.7
1257200 2794.4
1257210 2796.8
1257220 2796.8
1257230 2802.6
1257240 2807.1
1257250 2807.1
1257260 2799.2
1257270 2793.6
1257280 2793.6
1257290 2796.2
1257300 2796.0
1257310 2796.0
1257320 2790.3
1257330 2786.5
1257340 2786.5
1257350 2780.2
1257360 2773.3
1257370 2773.3
1257380 2767.7
1257390 2761.5
1257400 2761.5
1257410 2755.0
1257420 2750.8
1257430 2746.3
1257440 2746.3
1257450 2739.7
1257460 2735.3
1257470 2735.3
1257480 2730.5
1257490 2724.2
1257500 2724.2
1257510 2717.6
1257520 2706.8
1257530 2706.8
1257540 2701.1
1257550 2707.2
1257560 2707.2
1257570 2701.2
1257580 2695.4
1257590 2695.4
1257600 2689.2
1257610 2683.9
1257620 2683.9
1257630 2677.5
1257640 2670.0
1257650 2663.2
1257660 2663.2
1257670 2656.1
1257680 2648.5
1257690 2648.5
1257700 2641.6
1257710 2634.2
1257720 2634.2
1257730 2626.7
1257740 2618.7
1257750 2618.7
1257760 2609.2
1257770 2600.9
1257780 2600.9
1257790 2592.4
1257800 2585.7
1257810 2585.7
1257820 2578.7
1257830 2570.0
1257840 2570.0
1257850 2562.7
1257860 2555.2
1257870 2547.3
1257880 2547.3
1257890 2538.7
1257900 2529.5
1257910 2529.5
1257920 2519.8
1257930 2510.4
1257940 2510.4
1257950 2500.6
1257960 2491.9
1257970 2491.9
1257980 2482.9
1257990 2474.8
1258000 2474.8
1258010 2466.2
1258020 2457.0
1258030 2457.0
1258040 2448.1
1258050 2440.4
1258060 2440.4
1258070 2433.7
1258080 2426.3
1258090 2417.7
1258100 2417.7
1258110 2412.4
1258120 2403.3
1258130 2403.3
1258140 2391.7
1258150 2374.8
1258160 2374.8
1258170 2360.9
1258180 2339.4
1258190 2339.4
1258200 2322.8
1258210 2294.7
1258220 2294.7
1258230 2272.7
1258240 2261.7
1258250 2261.7
1258260 2253.6
1258270 2247.1
1258280 2247.1
1258290 2242.6
1258300 2236.8
1258310 2234.4
1258320 2234.4
1258330 2234.4
1258340 2231.5
1258350 2231.5
1258360 2226.0
1258370 2220.9
1258380 2220.9
1258390 2215.8
1258400 2210.2
1258410 2210.2
1258420 2205.5
1258430 2200.9
1258440 2200.9
1258450 2196.1
1258460 2191.6
1258470 2191.6
1258480 2187.1
1258490 2183.4
1258500 2180.2
1258510 2180.2
1258520 2177.2
1258530 2175.3
1258540 2175.3
1258550 2173.6
1258560 2171.1
1258570 2171.1
1258580 2168.1
1258590 2165.6
1258600 2165.6
1258610 2162.8
1258620 2160.6
1258630 2160.6
1258640 2159.0
1258650 2158.6
1258660 2158.6
1258670 2165.5
1258680 2166.9
1258690 2166.9
1258700 2167.9
1258710 2169.0
1258720 2170.5
1258730 2170.5
1258740 2174.2
1258750 2191.5
1258760 2191.5
1258770 2222.1
1258780 2242.6
1258790 2242.6
1258800 2261.8
1258810 2259.1
1258820 2259.1
1258830 2251.6
1258840 2243.5
1258850 2243.5
1258860 2243.3
1258870 2255.3
1258880 2255.3
1258890 2259.5
1258900 2262.5
1258910 2262.5
1258920 2256.1
1258930 2243.9
1258940 2233.7
1258950 2233.7
1258960 2221.7
1258970 2211.1
1258980 2211.1
1258990 2203.2
1259000 2196.2
1259010 2196.2
1259020 2189.8
1259030 2186.3
1259040 2186.3
1259050 2182.8
1259060 2181.6
1259070 2181.6
1259080 2182.2
1259090 2182.2
1259100 2182.2
1259110 2181.4
1259120 2180.4
1259130 2180.4
1259140 2179.1
1259150 2178.5
1259160 2177.2
1259170 2177.2
1259180 2176.9
1259190 2175.8
1259200 2175.8
1259210 2174.6
1259220 2173.0
1259230 2174.5
1259240 2171.9
1259250 2168.5
1259260 2168.5
1259270 2166.1
1259280 2166.1
1259290 2166.1
1259300 2166.8
1259310 2165.5
1259320 2165.5
1259330 2163.7
1259340 2163.7
1259350 2163.7
1259360 2165.8
1259370 2170.1
1259380 2174.6
1259390 2174.6
1259400 2179.0
1259410 2185.3
1259420 2185.3
1259430 2188.3
1259440 2189.0
1259450 2189.0
1259460 2189.5
1259470 2190.7
1259480 2190.7
1259490 2191.4
1259500 2192.4
1259510 2192.4
1259520 2194.3
1259530 2195.8
1259540 2195.8
1259550 2197.2
1259560 2199.9
1259570 2199.9
1259580 2203.0
1259590 2205.6
1259600 2208.5
1259610 2208.5
1259620 2212.8
1259630 2217.9
1259640 2217.9
1259650 2223.3
1259660 2228.8
1259670 2228.8
1259680 2234.2
1259690 2239.8
1259700 2239.8
1259710 2245.4
1259720 2251.0
1259730 2251.0
1259740 2255.9
1259750 2260.4
1259760 2260.4
1259770 2263.9
1259780 2266.8
1259790 2269.3
1259800 2276.3
1259810 2280.2
1259820 2298.8
1259830 2298.8
1259840 2334.5
1259850 2360.1
1259860 2360.1
1259870 2387.9
1259880 2405.4
1259890 2405.4
1259900 2409.0
1259910 2446.5
1259920 2446.5
1259930 2476.7
1259940 2479.9
1259950 2479.9
1259960 2485.3
1259970 2489.9
1259980 2489.9
1259990 2498.9
