1240000 3167.9
1240010 3179.2
1240020 3189.2
1240030 3189.2
1240040 3197.9
1240050 3211.0
1240060 3211.0
1240070 3220.8
1240080 3222.3
1240090 3229.8
1240100 3229.8
1240110 3236.4
1240120 3237.2
1240130 3237.2
1240140 3237.7
1240150 3236.9
1240160 3236.9
1240170 3231.9
1240180 3227.7
1240190 3227.7
1240200 3224.9
1240210 3222.8
1240220 3222.8
1240230 3221.0
1240240 3219.3
1240250 3219.3
1240260 3217.6
1240270 3216.1
1240280 3217.3
1240290 3215.8
1240300 3214.3
1240310 3212.6
1240320 3212.6
1240330 3210.8
1240340 3209.0
1240350 3209.0
1240360 3207.2
1240370 3205.2
1240380 3205.2
1240390 3203.3
1240400 3201.5
1240410 3201.5
1240420 3199.8
1240430 3198.0
1240440 3198.0
1240450 3196.4
1240460 3194.7
1240470 3194.7
1240480 3193.2
1240490 3191.8
1240500 3190.4
1240510 3190.4
1240520 3189.1
1240530 3188.0
1240540 3188.0
1240550 3186.9
1240560 3185.9
1240570 3185.9
1240580 3184.9
1240590 3183.8
1240600 3183.8
1240610 3182.7
1240620 3181.5
1240630 3181.5
1240640 3180.2
1240650 3178.8
1240660 3178.8
1240670 3177.3
1240680 3175.7
1240690 3175.7
1240700 3174.0
1240710 3172.1
1240720 3170.1
1240730 3170.1
1240740 3168.0
1240750 3165.7
1240760 3165.7
1240770 3163.3
1240780 3160.8
1240790 3160.8
1240800 3159.2
1240810 3156.7
1240820 3156.7
1240830 3154.3
1240840 3152.0
1240850 3152.0
1240860 3149.6
1240870 3147.4
1240880 3147.4
1240890 3145.2
1240900 3143.1
1240910 3143.1
1240920 3141.0
1240930 3139.0
1240940 3137.1
1240950 3137.1
1240960 3135.3
1240970 3133.5
1240980 3133.5
1240990 3131.8
1241000 3130.2
1241010 3130.2
1241020 3128.6
1241030 3127.0
1241040 3127.0
1241050 3125.4
1241060 3123.8
1241070 3123.8
1241080 3122.2
1241090 3120.5
1241100 3120.5
1241110 3118.1
1241120 3115.0
1241130 3115.0
1241140 3112.5
1241150 3109.2
1241160 3106.8
1241170 3106.8
1241180 3102.8
1241190 3100.2
1241200 3100.2
1241210 3097.4
1241220 3093.3
1241230 3093.3
1241240 3089.2
1241250 3085.3
1241260 3085.3
1241270 3081.2
1241280 3077.2
1241290 3077.2
1241300 3073.1
1241310 3068.9
1241320 3066.7
1241330 3062.7
1241340 3058.8
1241350 3058.8
1241360 3054.9
1241370 3051.3
1241380 3048.0
1241390 3048.0
1241400 3044.8
1241410 3041.6
1241420 3041.6
1241430 3038.5
1241440 3035.3
1241450 3035.3
1241460 3032.1
1241470 3028.9
1241480 3028.9
1241490 3025.7
1241500 3022.4
1241510 3022.4
1241520 3019.1
1241530 3015.7
1241540 3015.7
1241550 3012.2
1241560 3008.7
1241570 3008.7
1241580 3005.2
1241590 3001.6
1241600 2998.1
1241610 2998.1
1241620 2994.6
1241630 2991.1
1241640 2991.1
1241650 2987.6
1241660 2984.3
1241670 2984.3
1241680 2981.0
1241690 2977.8
1241700 2977.8
1241710 2974.8
1241720 2971.8
1241730 2971.8
1241740 2969.0
1241750 2966.3
1241760 2966.3
1241770 2963.6
1241780 2960.9
1241790 2958.3
1241800 2958.3
1241810 2955.7
1241820 2953.1
1241830 2953.1
1241840 2950.7
1241850 2948.1
1241860 2948.1
1241870 2945.5
1241880 2942.9
1241890 2942.9
1241900 2940.3
1241910 2937.6
1241920 2937.6
1241930 2934.9
1241940 2932.1
1241950 2932.1
1241960 2929.2
1241970 2926.3
1241980 2926.3
1241990 2923.3
1242000 2920.3
1242010 2917.2
1242020 2917.2
1242030 2914.1
1242040 2910.9
1242050 2910.9
1242060 2907.7
1242070 2904.4
1242080 2904.4
1242090 2901.1
1242100 2897.7
1242110 2897.7
1242120 2894.3
1242130 2890.9
1242140 2890.9
1242150 2887.4
1242160 2883.8
1242170 2883.8
1242180 2880.1
1242190 2876.4
1242200 2876.4
1242210 2872.7
1242220 2869.5
1242230 2867.3
1242240 2867.3
1242250 2865.0
1242260 2862.5
1242270 2862.5
1242280 2859.8
1242290 2856.4
1242300 2856.4
1242310 2852.6
1242320 2848.9
1242330 2848.9
1242340 2844.9
1242350 2840.5
1242360 2841.3
1242370 2836.8
1242380 2831.5
1242390 2831.5
1242400 2826.6
1242410 2822.3
1242420 2822.3
1242430 2818.8
1242440 2815.7
1242450 2812.3
1242460 2812.3
1242470 2808.6
1242480 2804.9
1242490 2804.9
1242500 2801.6
1242510 2798.5
1242520 2798.5
1242530 2795.8
1242540 2793.4
1242550 2793.4
1242560 2791.2
1242570 2789.5
1242580 2789.5
1242590 2787.9
1242600 2785.7
1242610 2785.7
1242620 2783.1
1242630 2780.6
1242640 2780.6
1242650 2777.7
1242660 2774.5
1242670 2771.4
1242680 2771.4
1242690 2768.3
1242700 2765.4
1242710 2765.4
1242720 2762.3
1242730 2758.1
1242740 2758.1
1242750 2753.2
1242760 2749.0
1242770 2749.0
1242780 2745.8
1242790 2742.3
1242800 2742.3
1242810 2737.3
1242820 2733.0
1242830 2733.0
1242840 2728.2
1242850 2723.9
1242860 2723.9
1242870 2719.6
1242880 2714.3
1242890 2703.2
1242900 2703.2
1242910 2698.1
1242920 2693.2
1242930 2693.2
1242940 2688.4
1242950 2683.9
1242960 2683.9
1242970 2679.2
1242980 2674.8
1242990 2674.8
1243000 2670.4
1243010 2666.6
1243020 2666.6
1243030 2663.6
1243040 2662.1
1243050 2662.1
1243060 2662.5
1243070 2663.5
1243080 2662.5
1243090 2662.5
1243100 2658.5
1243110 2653.1
1243120 2653.1
1243130 2648.0
1243140 2642.5
1243150 2642.5
1243160 2637.5
1243170 2633.0
1243180 2633.0
1243190 2629.5
1243200 2628.2
1243210 2628.2
1243220 2627.8
1243230 2626.3
1243240 2626.3
1243250 2621.9
1243260 2615.7
1243270 2615.7
1243280 2610.0
1243290 2603.5
1243300 2597.8
1243310 2597.8
1243320 2593.2
1243330 2587.8
1243340 2587.8
1243350 2582.6
1243360 2578.3
1243370 2578.3
1243380 2574.8
1243390 2571.3
1243400 2571.3
1243410 2564.2
1243420 2559.3
1243430 2559.3
1243440 2556.0
1243450 2553.6
1243460 2553.6
1243470 2551.2
1243480 2549.4
1243490 2549.4
1243500 2548.0
1243510 2546.2
1243520 2544.7
1243530 2544.7
1243540 2543.3
1243550 2542.3
1243560 2542.3
1243570 2541.7
1243580 2541.3
1243590 2541.3
1243600 2541.0
1243610 2540.4
1243620 2540.4
1243630 2539.9
1243640 2539.6
1243650 2539.6
1243660 2539.3
1243670 2539.0
1243680 2539.0
1243690 2538.6
1243700 2537.5
1243710 2537.5
1243720 2536.2
1243730 2534.8
1243740 2534.0
1243750 2534.0
1243760 2533.5
1243770 2533.0
1243780 2533.0
1243790 2532.0
1243800 2530.6
1243810 2530.6
1243820 2528.8
1243830 2526.6
1243840 2526.6
1243850 2524.4
1243860 2522.0
1243870 2522.0
1243880 2519.8
1243890 2517.8
1243900 2517.8
1243910 2516.8
1243920 2515.4
1243930 2515.4
1243940 2517.2
1243950 2515.2
1243960 2513.1
1243970 2513.1
1243980 2510.2
1243990 2505.2
1244000 2505.2
1244010 2498.0
1244020 2490.5
1244030 2490.5
1244040 2484.0
1244050 2480.3
1244060 2480.3
1244070 2479.1
1244080 2478.2
1244090 2478.2
1244100 2477.4
1244110 2476.8
1244120 2476.8
1244130 2476.7
1244140 2476.9
1244150 2476.9
1244160 2477.6
1244170 2478.3
1244180 2479.1
1244190 2479.1
1244200 2480.6
1244210 2483.0
1244220 2483.0
1244230 2485.8
1244240 2488.8
1244250 2488.8
1244260 2491.9
1244270 2495.2
1244280 2495.2
1244290 2497.5
1244300 2499.5
1244310 2499.5
1244320 2501.5
1244330 2502.2
1244340 2502.2
1244350 2502.7
1244360 2502.9
1244370 2503.1
1244380 2503.1
1244390 2503.7
1244400 2504.7
1244410 2504.7
1244420 2505.9
1244430 2507.2
1244440 2507.2
1244450 2507.5
1244460 2505.2
1244470 2508.1
1244480 2507.8
1244490 2507.3
1244500 2507.3
1244510 2506.9
1244520 2505.3
1244530 2505.3
1244540 2502.2
1244550 2498.5
1244560 2498.5
1244570 2496.2
1244580 2497.1
1244590 2498.5
1244600 2498.5
1244610 2498.2
1244620 2497.8
1244630 2497.8
1244640 2497.0
1244650 2495.8
1244660 2495.8
1244670 2493.7
1244680 2493.2
1244690 2493.2
1244700 2496.7
1244710 2500.7
1244720 2500.7
1244730 2505.3
1244740 2509.6
1244750 2509.6
1244760 2512.9
1244770 2517.6
1244780 2517.6
1244790 2522.0
1244800 2525.8
1244810 2529.4
1244820 2529.4
1244830 2532.2
1244840 2535.2
1244850 2535.2
1244860 2539.4
1244870 2545.2
1244880 2545.2
1244890 2551.3
1244900 2563.4
1244910 2563.4
1244920 2594.9
1244930 2604.6
1244940 2604.6
1244950 2607.6
1244960 2606.1
1244970 2606.1
1244980 2613.4
1244990 2631.4
1245000 2631.4
1245010 2632.9
1245020 2631.0
1245030 2626.7
1245040 2626.7
1245050 2624.5
1245060 2626.0
1245070 2626.0
1245080 2626.5
1245090 2628.4
1245100 2628.4
1245110 2628.8
1245120 2629.0
1245130 2629.0
1245140 2630.8
1245150 2641.8
1245160 2641.8
1245170 2660.0
1245180 2674.8
1245190 2674.8
1245200 2675.9
1245210 2675.5
1245220 2675.5
1245230 2678.6
1245240 2680.5
1245250 2677.8
1245260 2677.8
1245270 2675.5
1245280 2678.4
1245290 2678.4
1245300 2689.2
1245310 2695.7
1245320 2695.7
1245330 2696.5
1245340 2697.6
1245350 2697.6
1245360 2706.4
1245370 2710.5
1245380 2710.5
1245390 2710.4
1245400 2712.6
1245410 2712.6
1245420 2711.7
1245430 2707.0
1245440 2707.0
1245450 2705.4
1245460 2698.6
1245470 2695.6
1245480 2695.6
1245490 2688.7
1245500 2683.4
1245510 2683.4
1245520 2689.2
1245530 2691.2
1245540 2691.2
1245550 2691.1
1245560 2689.7
1245570 2689.7
1245580 2687.8
1245590 2686.1
1245600 2686.1
1245610 2686.6
1245620 2688.1
1245630 2688.1
1245640 2692.1
1245650 2696.8
1245660 2701.5
1245670 2701.5
1245680 2705.4
1245690 2708.2
1245700 2708.2
1245710 2709.6
1245720 2711.9
1245730 2711.9
1245740 2716.6
1245750 2721.2
1245760 2721.2
1245770 2726.0
1245780 2739.1
1245790 2739.1
1245800 2761.0
1245810 2784.9
1245820 2784.9
1245830 2792.8
1245840 2793.8
1245850 2793.8
1245860 2796.3
1245870 2799.3
1245880 2802.4
1245890 2802.4
1245900 2808.9
1245910 2814.0
1245920 2814.0
1245930 2814.8
1245940 2812.5
1245950 2812.5
1245960 2806.6
1245970 2800.3
1245980 2800.3
1245990 2795.9
1246000 2791.7
1246010 2791.7
1246020 2788.5
1246030 2784.9
1246040 2784.9
1246050 2773.3
1246060 2770.3
1246070 2770.3
1246080 2767.5
1246090 2763.5
1246100 2760.3
1246110 2760.3
1246120 2757.2
1246130 2754.8
1246140 2754.8
1246150 2751.0
1246160 2747.0
1246170 2747.0
1246180 2744.6
1246190 2743.5
1246200 2743.5
1246210 2744.9
1246220 2748.1
1246230 2748.1
1246240 2745.6
1246250 2739.6
1246260 2739.6
1246270 2735.2
1246280 2732.7
1246290 2732.7
1246300 2733.2
1246310 2733.4
1246320 2729.9
1246330 2729.9
1246340 2723.6
1246350 2720.1
1246360 2720.1
1246370 2715.6
1246380 2711.7
1246390 2711.7
1246400 2711.8
1246410 2711.9
1246420 2711.9
1246430 2715.7
1246440 2717.5
1246450 2717.5
1246460 2715.2
1246470 2713.4
1246480 2713.4
1246490 2709.7
1246500 2704.3
1246510 2704.3
1246520 2697.4
1246530 2690.2
1246540 2683.7
1246550 2683.7
1246560 2678.0
1246570 2671.6
1246580 2671.6
1246590 2659.9
1246600 2653.2
1246610 2653.2
1246620 2645.4
1246630 2642.3
1246640 2642.3
1246650 2646.7
1246660 2651.1
1246670 2651.1
1246680 2655.1
1246690 2660.8
1246700 2660.8
1246710 2664.3
1246720 2663.8
1246730 2659.0
1246740 2659.0
1246750 2652.4
1246760 2644.1
1246770 2644.1
1246780 2636.9
1246790 2629.5
1246800 2629.5
1246810 2623.7
1246820 2618.2
1246830 2618.2
1246840 2613.9
1246850 2609.2
1246860 2609.2
1246870 2603.7
1246880 2596.4
1246890 2596.4
1246900 2587.4
1246910 2578.8
1246920 2578.8
1246930 2568.3
1246940 2560.7
1246950 2555.0
1246960 2555.0
1246970 2552.8
1246980 2552.9
1246990 2552.9
1247000 2551.7
1247010 2550.7
1247020 2550.7
1247030 2551.0
1247040 2551.6
1247050 2551.6
1247060 2545.3
1247070 2537.3
1247080 2537.3
1247090 2529.1
1247100 2521.7
1247110 2521.7
1247120 2510.1
1247130 2510.5
1247140 2510.5
1247150 2508.6
1247160 2505.6
1247170 2505.4
1247180 2505.4
1247190 2505.4
1247200 2506.2
1247210 2506.2
1247220 2506.7
1247230 2503.5
1247240 2503.5
1247250 2497.0
1247260 2489.8
1247270 2489.8
1247280 2482.7
1247290 2475.4
1247300 2475.4
1247310 2470.8
1247320 2471.5
1247330 2471.5
1247340 2471.3
1247350 2470.6
1247360 2470.6
1247370 2468.7
1247380 2464.5
1247390 2460.6
1247400 2460.6
1247410 2458.6
1247420 2457.6
1247430 2457.6
1247440 2451.2
1247450 2439.2
1247460 2439.2
1247470 2427.0
1247480 2416.2
1247490 2416.2
1247500 2405.3
1247510 2393.5
1247520 2393.5
1247530 2374.2
1247540 2356.2
1247550 2356.2
1247560 2340.5
1247570 2326.4
1247580 2326.4
1247590 2312.5
1247600 2299.1
1247610 2292.3
1247620 2292.3
1247630 2279.1
1247640 2266.3
1247650 2256.8
1247660 2247.9
1247670 2240.2
1247680 2240.2
1247690 2233.4
1247700 2226.9
1247710 2226.9
1247720 2221.8
1247730 2215.4
1247740 2215.4
1247750 2206.6
1247760 2199.1
1247770 2199.1
1247780 2190.9
1247790 2181.8
1247800 2181.8
1247810 2170.9
1247820 2160.7
1247830 2151.5
1247840 2151.5
1247850 2144.4
1247860 2137.3
1247870 2137.3
1247880 2129.4
1247890 2119.3
1247900 2119.3
1247910 2112.1
1247920 2105.7
1247930 2105.7
1247940 2097.4
1247950 2088.1
1247960 2088.1
1247970 2079.9
1247980 2069.1
1247990 2069.1
1248000 2060.7
1248010 2058.6
1248020 2057.6
1248030 2057.6
1248040 2058.9
1248050 2053.0
1248060 2053.0
1248070 2041.9
1248080 2030.2
1248090 2030.2
1248100 2022.6
1248110 2017.0
1248120 2017.0
1248130 2010.9
1248140 2011.3
1248150 2011.3
1248160 2006.8
1248170 2004.4
1248180 2004.4
1248190 1985.5
1248200 1974.8
1248210 1974.8
1248220 1972.5
1248230 1973.7
1248240 1972.6
1248250 1972.6
1248260 1966.3
1248270 1963.6
1248280 1963.6
1248290 1964.8
1248300 1961.9
1248310 1961.9
1248320 1954.1
1248330 1945.7
1248340 1945.7
1248350 1936.7
1248360 1926.8
1248370 1926.8
1248380 1918.5
1248390 1911.0
1248400 1911.0
1248410 1904.0
1248420 1899.9
1248430 1899.9
1248440 1891.2
1248450 1882.7
1248460 1874.1
1248470 1874.1
1248480 1866.9
1248490 1860.9
1248500 1860.9
1248510 1853.9
1248520 1846.4
1248530 1846.4
1248540 1838.1
1248550 1826.6
1248560 1826.6
1248570 1816.7
1248580 1809.2
1248590 1809.2
1248600 1796.3
1248610 1779.4
1248620 1779.4
1248630 1765.8
1248640 1751.8
1248650 1751.8
1248660 1739.7
1248670 1728.3
1248680 1718.5
1248690 1718.5
1248700 1709.9
1248710 1701.3
1248720 1701.3
1248730 1690.6
1248740 1682.9
1248750 1682.9
1248760 1674.7
1248770 1664.2
1248780 1664.2
1248790 1657.0
1248800 1651.8
1248810 1651.8
1248820 1645.4
1248830 1639.0
1248840 1639.0
1248850 1632.8
1248860 1626.8
1248870 1626.8
1248880 1620.3
1248890 1613.3
1248900 1606.7
1248910 1606.7
1248920 1599.8
1248930 1593.2
1248940 1593.2
1248950 1586.7
1248960 1580.3
1248970 1580.3
1248980 1573.6
1248990 1567.5
1249000 1567.5
1249010 1561.9
1249020 1556.1
1249030 1556.1
1249040 1549.6
1249050 1543.3
1249060 1543.3
1249070 1537.0
1249080 1530.8
1249090 1530.8
1249100 1524.8
1249110 1518.8
1249120 1512.8
1249130 1512.8
1249140 1506.8
1249150 1500.6
1249160 1500.6
1249170 1494.4
1249180 1488.6
1249190 1488.6
1249200 1483.0
1249210 1477.0
1249220 1477.0
1249230 1471.2
1249240 1465.8
1249250 1465.8
1249260 1460.7
1249270 1455.0
1249280 1455.0
1249290 1449.6
1249300 1443.8
1249310 1437.6
1249320 1437.6
1249330 1431.8
1249340 1426.3
1249350 1426.3
1249360 1420.6
1249370 1414.9
1249380 1414.9
1249390 1409.3
1249400 1404.0
1249410 1404.0
1249420 1398.6
1249430 1393.7
1249440 1393.7
1249450 1389.0
1249460 1384.4
1249470 1384.4
1249480 1378.7
1249490 1373.7
1249500 1373.7
1249510 1369.5
1249520 1364.6
1249530 1359.7
1249540 1359.7
1249550 1355.4
1249560 1351.2
1249570 1351.2
1249580 1346.7
1249590 1341.9
1249600 1341.9
1249610 1337.5
1249620 1333.8
1249630 1333.8
1249640 1330.2
1249650 1325.7
1249660 1325.7
1249670 1321.2
1249680 1316.8
1249690 1316.8
1249700 1312.4
1249710 1307.7
1249720 1307.7
1249730 1303.7
1249740 1300.0
1249750 1296.4
1249760 1296.4
1249770 1293.0
1249780 1290.1
1249790 1290.1
1249800 1284.7
1249810 1281.7
1249820 1281.7
1249830 1278.5
1249840 1274.6
1249850 1274.6
1249860 1271.0
1249870 1268.1
1249880 1268.1
1249890 1264.6
1249900 1252.3
1249910 1252.3
1249920 1234.8
1249930 1232.5
1249940 1232.5
1249950 1230.6
1249960 1228.7
1249970 1229.1
1249980 1229.1
1249990 1231.5
1250000 1232.6
1250010 1232.6
1250020 1234.2
1250030 1244.4
1250040 1244.4
1250050 1257.6
1250060 1269.3
1250070 1269.3
1250080 1269.3
1250090 1266.8
1250100 1266.8
1250110 1264.2
1250120 1261.2
1250130 1261.2
1250140 1256.3
1250150 1251.5
1250160 1251.5
1250170 1248.3
1250180 1246.5
1250190 1245.3
1250200 1245.3
1250210 1243.4
1250220 1241.4
1250230 1241.4
1250240 1239.0
1250250 1236.7
1250260 1236.7
1250270 1234.3
1250280 1232.5
1250290 1232.5
1250300 1232.2
1250310 1232.0
1250320 1232.0
1250330 1232.7
1250340 1239.0
1250350 1239.0
1250360 1240.8
1250370 1240.6
1250380 1241.0
1250390 1241.0
1250400 1242.5
1250410 1243.6
1250420 1243.6
1250430 1246.1
1250440 1248.0
1250450 1248.0
1250460 1251.1
1250470 1255.6
1250480 1255.6
1250490 1260.2
1250500 1262.2
1250510 1262.2
1250520 1260.2
1250530 1262.0
1250540 1262.0
1250550 1266.3
1250560 1274.5
1250570 1274.5
1250580 1281.3
1250590 1287.2
1250600 1291.6
1250610 1291.6
1250620 1295.6
1250630 1299.5
1250640 1299.5
1250650 1302.1
1250660 1303.5
1250670 1303.5
1250680 1306.7
1250690 1312.4
1250700 1312.4
1250710 1316.7
1250720 1321.3
1250730 1321.3
1250740 1326.7
1250750 1331.0
1250760 1331.0
1250770 1333.3
1250780 1332.5
1250790 1332.5
1250800 1331.0
1250810 1333.8
1250820 1338.0
1250830 1338.0
1250840 1344.0
1250850 1350.8
1250860 1350.8
1250870 1358.3
1250880 1365.8
1250890 1362.2
1250900 1370.9
1250910 1379.2
1250920 1379.2
1250930 1385.8
1250940 1391.9
1250950 1391.9
1250960 1397.8
1250970 1404.3
1250980 1404.3
1250990 1410.2
1251000 1415.4
1251010 1415.4
1251020 1420.0
1251030 1422.8
1251040 1424.4
1251050 1424.4
1251060 1425.0
1251070 1426.4
1251080 1426.4
1251090 1428.4
1251100 1430.0
1251110 1430.0
1251120 1432.9
1251130 1434.0
1251140 1434.0
1251150 1432.0
1251160 1434.1
1251170 1434.1
1251180 1440.4
1251190 1445.9
1251200 1445.9
1251210 1450.9
1251220 1455.5
1251230 1455.5
1251240 1460.6
1251250 1465.1
1251260 1469.9
1251270 1469.9
1251280 1474.7
1251290 1478.8
1251300 1478.8
1251310 1483.2
1251320 1489.4
1251330 1489.4
1251340 1494.3
1251350 1499.5
1251360 1499.5
1251370 1506.9
1251380 1515.1
1251390 1515.1
1251400 1521.9
1251410 1528.4
1251420 1528.4
1251430 1539.2
1251440 1546.4
1251450 1546.4
1251460 1554.1
1251470 1562.3
1251480 1572.6
1251490 1572.6
1251500 1579.6
1251510 1583.5
1251520 1583.5
1251530 1587.0
1251540 1591.6
1251550 1591.6
1251560 1595.6
1251570 1599.3
1251580 1599.3
1251590 1602.9
1251600 1608.7
1251610 1608.7
1251620 1616.2
1251630 1624.7
1251640 1624.7
1251650 1636.9
1251660 1647.0
1251670 1653.8
1251680 1653.8
1251690 1659.1
1251700 1665.9
1251710 1665.9
1251720 1672.8
1251730 1679.5
1251740 1679.5
1251750 1689.2
1251760 1699.7
1251770 1699.7
1251780 1705.7
1251790 1711.4
1251800 1711.4
1251810 1718.0
1251820 1726.0
1251830 1726.0
1251840 1734.2
1251850 1744.4
1251860 1744.4
1251870 1754.2
1251880 1763.0
1251890 1770.2
1251900 1770.2
1251910 1774.1
1251920 1782.5
1251930 1782.5
1251940 1792.3
1251950 1794.9
1251960 1794.9
1251970 1805.8
1251980 1813.2
1251990 1813.2
1252000 1821.0
1252010 1826.7
1252020 1826.7
1252030 1832.9
1252040 1837.0
1252050 1837.0
1252060 1840.0
1252070 1842.6
1252080 1842.6
1252090 1848.6
1252100 1851.6
1252110 1853.3
1252120 1853.3
1252130 1855.0
1252140 1859.8
1252150 1859.8
1252160 1865.8
1252170 1864.9
1252180 1864.9
1252190 1867.1
1252200 1868.3
1252210 1868.3
1252220 1870.3
1252230 1872.2
1252240 1872.2
1252250 1874.4
1252260 1875.7
1252270 1875.7
1252280 1875.7
1252290 1876.5
1252300 1876.5
1252310 1875.4
1252320 1870.7
1252330 1870.0
1252340 1870.0
1252350 1870.9
1252360 1877.9
1252370 1877.9
1252380 1885.9
1252390 1892.5
1252400 1892.5
1252410 1897.5
1252420 1901.6
1252430 1901.6
1252440 1904.9
1252450 1907.5
1252460 1907.5
1252470 1909.8
1252480 1912.0
1252490 1912.0
1252500 1916.1
1252510 1922.1
1252520 1925.2
1252530 1932.2
1252540 1937.8
1252550 1942.1
1252560 1942.1
1252570 1946.9
1252580 1952.1
1252590 1952.1
1252600 1954.9
1252610 1955.9
1252620 1955.9
1252630 1956.7
1252640 1955.7
1252650 1955.7
1252660 1954.8
1252670 1953.7
1252680 1953.7
1252690 1954.4
1252700 1956.0
1252710 1956.0
1252720 1955.6
1252730 1953.4
1252740 1954.4
1252750 1954.4
1252760 1958.4
1252770 1964.4
1252780 1964.4
1252790 1972.3
1252800 1980.0
1252810 1980.0
1252820 1988.7
1252830 1998.6
1252840 1998.6
1252850 2008.6
1252860 2020.1
1252870 2020.1
1252880 2028.5
1252890 2034.8
1252900 2034.8
1252910 2041.5
1252920 2048.1
1252930 2048.1
1252940 2054.8
1252950 2061.6
1252960 2068.3
1252970 2068.3
1252980 2074.7
1252990 2079.8
1253000 2079.8
1253010 2083.2
1253020 2086.5
1253030 2086.5
1253040 2090.1
1253050 2093.7
1253060 2098.6
1253070 2102.1
1253080 2104.2
1253090 2104.2
1253100 2106.8
1253110 2113.7
1253120 2113.7
1253130 2120.5
1253140 2125.1
1253150 2125.1
1253160 2128.4
1253170 2132.6
1253180 2137.1
1253190 2137.1
1253200 2141.0
1253210 2144.9
1253220 2144.9
1253230 2149.4
1253240 2153.9
1253250 2153.9
1253260 2158.8
1253270 2163.7
1253280 2163.7
1253290 2169.5
1253300 2176.6
1253310 2176.6
1253320 2185.6
1253330 2193.7
1253340 2193.7
1253350 2200.1
1253360 2206.5
1253370 2206.5
1253380 2213.2
1253390 2220.0
1253400 2228.7
1253410 2228.7
1253420 2239.6
1253430 2248.9
1253440 2248.9
1253450 2260.4
1253460 2272.8
1253470 2272.8
1253480 2284.3
1253490 2293.8
1253500 2293.8
1253510 2300.2
1253520 2305.3
1253530 2305.3
1253540 2311.7
1253550 2318.4
1253560 2318.4
1253570 2323.2
1253580 2322.5
1253590 2322.5
1253600 2324.1
1253610 2329.7
1253620 2336.0
1253630 2336.0
1253640 2341.9
1253650 2344.7
1253660 2344.7
1253670 2344.0
1253680 2342.4
1253690 2342.4
1253700 2339.3
1253710 2336.8
1253720 2336.8
1253730 2336.1
1253740 2339.8
1253750 2339.8
1253760 2345.7
1253770 2352.6
1253780 2352.6
1253790 2360.4
1253800 2367.7
1253810 2367.7
1253820 2375.0
1253830 2382.3
1253840 2389.9
1253850 2389.9
1253860 2397.4
1253870 2404.6
1253880 2404.6
1253890 2411.8
1253900 2419.8
1253910 2419.8
1253920 2429.6
1253930 2436.8
1253940 2436.8
1253950 2443.9
1253960 2453.6
1253970 2453.6
1253980 2463.8
1253990 2474.6
1254000 2474.6
1254010 2486.0
1254020 2495.8
1254030 2506.0
1254040 2506.0
1254050 2517.7
1254060 2528.0
1254070 2528.0
1254080 2537.4
1254090 2544.9
1254100 2544.9
1254110 2551.2
1254120 2558.4
1254130 2558.4
1254140 2568.3
1254150 2577.4
1254160 2576.6
1254170 2578.7
1254180 2573.4
1254190 2573.4
1254200 2565.8
1254210 2557.5
1254220 2557.5
1254230 2547.3
1254240 2536.3
1254250 2525.2
1254260 2525.2
1254270 2516.4
1254280 2509.7
1254290 2509.7
1254300 2503.0
1254310 2495.0
1254320 2495.0
1254330 2487.8
1254340 2481.4
1254350 2481.4
1254360 2475.0
1254370 2469.0
1254380 2469.0
1254390 2457.6
1254400 2442.1
1254410 2442.1
1254420 2429.2
1254430 2418.8
1254440 2418.8
1254450 2405.8
1254460 2394.2
1254470 2381.1
1254480 2381.1
1254490 2368.8
1254500 2360.9
1254510 2360.9
1254520 2354.9
1254530 2350.7
1254540 2350.7
1254550 2347.6
1254560 2343.4
1254570 2343.4
1254580 2337.8
1254590 2335.1
1254600 2335.1
1254610 2335.6
1254620 2336.7
1254630 2336.7
1254640 2337.7
1254650 2340.9
1254660 2340.9
1254670 2344.6
1254680 2347.3
1254690 2350.1
1254700 2350.1
1254710 2354.0
1254720 2357.8
1254730 2357.8
1254740 2362.2
1254750 2366.5
1254760 2366.5
1254770 2370.2
1254780 2373.7
1254790 2373.7
1254800 2377.3
1254810 2380.8
1254820 2380.8
1254830 2384.5
1254840 2388.4
1254850 2388.4
1254860 2392.4
1254870 2396.7
1254880 2396.7
1254890 2400.9
1254900 2405.2
1254910 2409.6
1254920 2409.6
1254930 2414.1
1254940 2418.9
1254950 2418.9
1254960 2423.9
1254970 2429.0
1254980 2429.0
1254990 2434.3
1255000 2439.6
1255010 2439.6
1255020 2444.7
1255030 2450.0
1255040 2450.0
1255050 2455.4
1255060 2461.2
1255070 2461.2
1255080 2467.2
1255090 2472.5
1255100 2478.2
1255110 2478.2
1255120 2484.0
1255130 2489.8
1255140 2489.8
1255150 2495.2
1255160 2501.0
1255170 2501.0
1255180 2507.0
1255190 2513.0
1255200 2513.0
1255210 2519.2
1255220 2525.6
1255230 2525.6
1255240 2531.9
1255250 2538.1
1255260 2539.9
1255270 2546.5
1255280 2553.0
1255290 2553.0
1255300 2559.4
1255310 2565.3
1255320 2571.6
1255330 2571.6
1255340 2580.7
1255350 2587.3
1255360 2587.3
1255370 2592.2
1255380 2598.5
1255390 2598.5
1255400 2606.5
1255410 2615.0
1255420 2615.0
1255430 2622.2
1255440 2628.0
1255450 2628.0
1255460 2633.8
1255470 2640.0
1255480 2640.0
1255490 2646.5
1255500 2652.7
1255510 2652.7
1255520 2659.2
1255530 2666.0
1255540 2672.5
1255550 2672.5
1255560 2678.7
1255570 2684.7
1255580 2684.7
1255590 2690.0
1255600 2694.4
1255610 2694.4
1255620 2698.9
1255630 2705.7
1255640 2705.7
1255650 2714.8
1255660 2723.2
1255670 2723.2
1255680 2730.9
1255690 2740.1
1255700 2740.1
1255710 2747.9
1255720 2755.5
1255730 2755.5
1255740 2765.4
1255750 2772.7
1255760 2782.6
1255770 2782.6
1255780 2792.4
1255790 2803.0
1255800 2803.0
1255810 2813.7
1255820 2837.0
1255830 2837.0
1255840 2848.0
1255850 2855.6
1255860 2855.6
1255870 2866.0
1255880 2880.3
1255890 2880.3
1255900 2884.6
1255910 2884.5
1255920 2884.5
1255930 2886.9
1255940 2893.3
1255950 2893.3
1255960 2900.9
1255970 2907.5
1255980 2915.1
1255990 2915.1
1256000 2925.3
1256010 2936.3
1256020 2936.3
1256030 2943.3
1256040 2950.5
1256050 2950.5
1256060 2957.5
1256070 2965.7
1256080 2965.7
1256090 2975.8
1256100 2987.6
1256110 2987.6
1256120 2997.6
1256130 3006.0
1256140 3006.0
1256150 3017.4
1256160 3031.2
1256170 3031.2
1256180 3044.9
1256190 3056.6
1256200 3074.7
1256210 3074.7
1256220 3093.1
1256230 3108.5
1256240 3108.5
1256250 3116.5
1256260 3122.4
1256270 3122.4
1256280 3121.8
1256290 3119.9
1256300 3119.9
1256310 3119.1
1256320 3119.4
1256330 3119.4
1256340 3120.7
1256350 3126.3
1256360 3126.3
1256370 3148.3
1256380 3161.5
1256390 3173.8
1256400 3173.8
1256410 3183.1
1256420 3190.4
1256430 3190.4
1256440 3196.8
1256450 3201.8
1256460 3201.8
1256470 3206.5
1256480 3212.1
1256490 3212.1
1256500 3218.5
1256510 3224.4
1256520 3224.4
1256530 3230.0
1256540 3235.8
1256550 3235.8
1256560 3239.9
1256570 3243.5
1256580 3243.5
1256590 3246.6
1256600 3248.6
1256610 3249.2
1256620 3249.2
1256630 3246.3
1256640 3241.8
1256650 3241.8
1256660 3242.6
1256670 3244.0
1256680 3244.0
1256690 3247.1
1256700 3250.5
1256710 3250.5
1256720 3252.0
1256730 3251.3
1256740 3251.3
1256750 3248.6
1256760 3249.9
1256770 3249.9
1256780 3253.3
1256790 3255.4
1256800 3255.4
1256810 3255.3
1256820 3246.6
1256830 3237.9
1256840 3237.9
1256850 3222.2
1256860 3210.1
1256870 3210.1
1256880 3203.6
1256890 3198.2
1256900 3198.2
1256910 3195.6
1256920 3191.2
1256930 3184.4
1256940 3180.1
1256950 3175.5
1256960 3175.5
1256970 3169.5
1256980 3165.6
1256990 3165.6
1257000 3161.9
1257010 3157.7
1257020 3157.7
1257030 3153.3
1257040 3149.3
1257050 3146.2
1257060 3146.2
1257070 3143.4
1257080 3140.7
1257090 3140.7
1257100 3138.1
1257110 3135.9
1257120 3135.9
1257130 3134.2
1257140 3134.3
1257150 3134.3
1257160 3135.2
1257170 3136.3
1257180 3136.3
1257190 3137.7
1257200 3139.3
1257210 3139.3
1257220 3140.1
1257230 3139.8
1257240 3139.8
1257250 3137.1
1257260 3128.2
1257270 3117.3
1257280 3117.3
1257290 3108.6
1257300 3097.9
1257310 3097.9
1257320 3088.7
1257330 3080.9
1257340 3080.9
1257350 3072.8
1257360 3061.9
1257370 3061.9
1257380 3049.4
1257390 3035.3
1257400 3035.3
1257410 3021.2
1257420 3006.9
1257430 3006.9
1257440 3001.6
1257450 3001.9
1257460 3000.1
1257470 3000.1
1257480 3009.1
1257490 3004.0
1257500 3004.0
1257510 3000.0
1257520 2994.7
1257530 2994.7
1257540 2991.5
1257550 2986.0
1257560 2986.0
1257570 2981.6
1257580 2976.1
1257590 2976.1
1257600 2970.1
1257610 2967.2
1257620 2967.2
1257630 2964.4
1257640 2955.0
1257650 2955.0
1257660 2946.1
1257670 2936.8
1257680 2930.2
1257690 2930.2
1257700 2922.6
1257710 2910.4
1257720 2910.4
1257730 2899.4
1257740 2889.8
1257750 2889.8
1257760 2878.5
1257770 2862.1
1257780 2862.1
1257790 2846.5
1257800 2831.3
1257810 2831.3
1257820 2817.9
1257830 2805.7
1257840 2805.7
1257850 2796.2
1257860 2783.6
1257870 2783.6
1257880 2769.3
1257890 2758.0
1257900 2750.2
1257910 2750.2
1257920 2743.6
1257930 2738.7
1257940 2738.7
1257950 2731.7
1257960 2720.7
1257970 2720.7
1257980 2700.2
1257990 2681.9
1258000 2681.9
1258010 2671.6
1258020 2653.7
1258030 2653.7
1258040 2622.5
1258050 2612.0
1258060 2612.0
1258070 2603.4
1258080 2597.4
1258090 2597.4
1258100 2592.0
1258110 2585.7
1258120 2581.9
1258130 2581.9
1258140 2575.8
1258150 2562.3
1258160 2562.3
1258170 2543.2
1258180 2521.8
1258190 2521.8
1258200 2504.0
1258210 2492.7
1258220 2492.7
1258230 2481.3
1258240 2464.8
1258250 2464.8
1258260 2456.3
1258270 2449.6
1258280 2449.6
1258290 2443.1
1258300 2436.6
1258310 2436.6
1258320 2430.2
1258330 2424.1
1258340 2417.7
1258350 2417.7
1258360 2411.3
1258370 2404.9
1258380 2404.9
1258390 2399.2
1258400 2395.3
1258410 2395.3
1258420 2392.7
1258430 2392.0
1258440 2392.0
1258450 2394.1
1258460 2397.9
1258470 2397.9
1258480 2402.2
1258490 2406.0
1258500 2406.0
1258510 2411.0
1258520 2419.8
1258530 2419.8
1258540 2434.1
1258550 2454.4
1258560 2463.9
1258570 2463.9
1258580 2466.8
1258590 2469.3
1258600 2481.1
1258610 2483.0
1258620 2484.0
1258630 2484.0
1258640 2488.3
1258650 2494.2
1258660 2494.2
1258670 2497.2
1258680 2494.5
1258690 2494.5
1258700 2495.8
1258710 2499.7
1258720 2499.7
1258730 2499.5
1258740 2495.4
1258750 2491.1
1258760 2491.1
1258770 2487.5
1258780 2485.3
1258790 2485.3
1258800 2482.5
1258810 2478.2
1258820 2478.2
1258830 2471.7
1258840 2460.8
1258850 2460.8
1258860 2448.8
1258870 2442.1
1258880 2442.1
1258890 2435.9
1258900 2429.1
1258910 2429.1
1258920 2422.3
1258930 2418.3
1258940 2418.3
1258950 2421.2
1258960 2415.4
1258970 2407.3
1258980 2407.3
1258990 2401.1
1259000 2394.0
1259010 2394.0
1259020 2387.1
1259030 2381.3
1259040 2381.3
1259050 2375.9
1259060 2370.4
1259070 2370.4
1259080 2364.1
1259090 2358.0
1259100 2358.0
1259110 2352.5
1259120 2348.4
1259130 2348.4
1259140 2344.6
1259150 2341.5
1259160 2350.4
1259170 2346.6
1259180 2344.3
1259190 2342.1
1259200 2342.1
1259210 2340.3
1259220 2341.2
1259230 2341.2
1259240 2340.2
1259250 2338.9
1259260 2338.9
1259270 2339.8
1259280 2338.4
1259290 2338.4
1259300 2335.4
1259310 2332.7
1259320 2332.7
1259330 2330.2
1259340 2328.9
1259350 2328.9
1259360 2330.5
1259370 2333.2
1259380 2333.2
1259390 2337.1
1259400 2340.6
1259410 2344.7
1259420 2344.7
1259430 2350.3
1259440 2355.9
1259450 2355.9
1259460 2361.2
1259470 2367.1
1259480 2367.1
1259490 2368.6
1259500 2366.6
1259510 2366.6
1259520 2363.9
1259530 2363.4
1259540 2363.4
1259550 2365.1
1259560 2367.2
1259570 2367.2
1259580 2370.3
1259590 2373.7
1259600 2373.7
1259610 2376.0
1259620 2378.9
1259630 2384.3
1259640 2384.3
1259650 2390.4
1259660 2393.9
1259670 2393.9
1259680 2395.9
1259690 2400.6
1259700 2400.6
1259710 2409.5
1259720 2408.9
1259730 2415.1
1259740 2416.1
1259750 2418.1
1259760 2418.1
1259770 2420.6
1259780 2428.2
1259790 2428.2
1259800 2433.7
1259810 2442.9
1259820 2457.3
1259830 2457.3
1259840 2478.9
1259850 2490.0
1259860 2490.0
1259870 2486.4
1259880 2477.0
1259890 2477.0
1259900 2483.1
1259910 2479.1
1259920 2479.1
1259930 2466.3
1259940 2450.6
1259950 2450.6
1259960 2437.3
1259970 2426.1
1259980 2426.1
1259990 2408.0
