1240000 3146.8
1240010 3146.1
1240020 3146.1
1240030 3150.8
1240040 3156.4
1240050 3156.4
1240060 3162.7
1240070 3168.1
1240080 3172.8
1240090 3172.8
1240100 3189.1
1240110 3204.7
1240120 3204.7
1240130 3215.2
1240140 3225.7
1240150 3225.7
1240160 3247.8
1240170 3270.4
1240180 3270.4
1240190 3282.2
1240200 3293.1
1240210 3293.1
1240220 3296.7
1240230 3290.5
1240240 3290.5
1240250 3285.8
1240260 3280.2
1240270 3274.6
1240280 3274.6
1240290 3268.8
1240300 3263.2
1240310 3263.2
1240320 3257.7
1240330 3252.5
1240340 3252.5
1240350 3248.2
1240360 3245.3
1240370 3245.3
1240380 3242.3
1240390 3239.1
1240400 3239.1
1240410 3237.0
1240420 3234.9
1240430 3234.9
1240440 3230.7
1240450 3227.1
1240460 3227.1
1240470 3226.9
1240480 3232.5
1240490 3226.8
1240500 3226.8
1240510 3215.3
1240520 3205.6
1240530 3196.9
1240540 3197.9
1240550 3198.1
1240560 3198.1
1240570 3198.9
1240580 3189.1
1240590 3189.1
1240600 3174.8
1240610 3172.5
1240620 3172.5
1240630 3170.8
1240640 3168.6
1240650 3168.6
1240660 3166.5
1240670 3164.3
1240680 3164.3
1240690 3162.1
1240700 3160.1
1240710 3158.1
1240720 3158.1
1240730 3156.0
1240740 3153.8
1240750 3153.8
1240760 3151.3
1240770 3148.7
1240780 3148.7
1240790 3146.7
1240800 3144.9
1240810 3144.9
1240820 3143.2
1240830 3141.6
1240840 3141.6
1240850 3140.1
1240860 3138.7
1240870 3138.7
1240880 3137.5
1240890 3136.2
1240900 3136.2
1240910 3134.9
1240920 3133.8
1240930 3132.8
1240940 3132.8
1240950 3131.8
1240960 3130.8
1240970 3130.8
1240980 3130.0
1240990 3129.0
1241000 3129.0
1241010 3128.2
1241020 3127.4
1241030 3127.4
1241040 3126.7
1241050 3124.8
1241060 3124.8
1241070 3124.2
1241080 3123.6
1241090 3123.6
1241100 3123.0
1241110 3122.7
1241120 3122.7
1241130 3122.9
1241140 3123.3
1241150 3123.1
1241160 3123.1
1241170 3123.6
1241180 3125.3
1241190 3125.3
1241200 3128.6
1241210 3131.6
1241220 3131.6
1241230 3133.8
1241240 3136.1
1241250 3136.1
1241260 3139.3
1241270 3141.6
1241280 3141.6
1241290 3143.6
1241300 3145.1
1241310 3145.1
1241320 3145.8
1241330 3149.7
1241340 3149.7
1241350 3154.2
1241360 3159.0
1241370 3163.0
1241380 3163.0
1241390 3165.0
1241400 3167.0
1241410 3167.0
1241420 3167.1
1241430 3163.8
1241440 3163.8
1241450 3151.8
1241460 3143.5
1241470 3143.5
1241480 3144.4
1241490 3140.8
1241500 3140.8
1241510 3139.7
1241520 3136.5
1241530 3136.5
1241540 3125.6
1241550 3114.2
1241560 3109.0
1241570 3102.3
1241580 3095.6
1241590 3091.3
1241600 3091.3
1241610 3089.9
1241620 3092.5
1241630 3092.5
1241640 3094.2
1241650 3093.1
1241660 3093.1
1241670 3091.9
1241680 3090.0
1241690 3090.0
1241700 3087.8
1241710 3085.3
1241720 3085.3
1241730 3084.0
1241740 3083.4
1241750 3083.4
1241760 3084.4
1241770 3089.2
1241780 3094.9
1241790 3094.9
1241800 3096.4
1241810 3098.0
1241820 3098.0
1241830 3093.4
1241840 3091.6
1241850 3091.6
1241860 3085.0
1241870 3078.1
1241880 3078.1
1241890 3076.3
1241900 3080.0
1241910 3080.0
1241920 3085.0
1241930 3085.9
1241940 3085.9
1241950 3084.9
1241960 3085.4
1241970 3085.4
1241980 3083.2
1241990 3080.8
1242000 3080.3
1242010 3080.3
1242020 3077.6
1242030 3076.1
1242040 3076.1
1242050 3075.5
1242060 3075.7
1242070 3075.7
1242080 3076.4
1242090 3066.0
1242100 3066.0
1242110 3066.8
1242120 3066.6
1242130 3066.6
1242140 3066.5
1242150 3066.6
1242160 3066.6
1242170 3065.3
1242180 3059.8
1242190 3059.8
1242200 3044.3
1242210 3034.9
1242220 3039.1
1242230 3039.1
1242240 3047.0
1242250 3050.6
1242260 3050.6
1242270 3048.6
1242280 3050.3
1242290 3050.3
1242300 3050.0
1242310 3047.5
1242320 3047.5
1242330 3045.2
1242340 3043.1
1242350 3043.1
1242360 3041.2
1242370 3037.5
1242380 3037.5
1242390 3032.7
1242400 3029.6
1242410 3029.6
1242420 3029.5
1242430 3028.6
1242440 3026.9
1242450 3026.9
1242460 3023.4
1242470 3018.5
1242480 3018.5
1242490 3016.6
1242500 3033.0
1242510 3033.0
1242520 3045.3
1242530 3045.6
1242540 3045.6
1242550 3044.8
1242560 3043.7
1242570 3043.7
1242580 3044.9
1242590 3046.5
1242600 3046.5
1242610 3040.8
1242620 3024.8
1242630 3024.8
1242640 3014.6
1242650 3005.3
1242660 2998.1
1242670 2998.1
1242680 2991.6
1242690 2983.4
1242700 2983.4
1242710 2974.3
1242720 2962.7
1242730 2962.7
1242740 2951.1
1242750 2941.0
1242760 2941.0
1242770 2930.8
1242780 2918.8
1242790 2918.8
1242800 2906.2
1242810 2894.0
1242820 2894.0
1242830 2880.9
1242840 2867.1
1242850 2867.1
1242860 2827.8
1242870 2797.9
1242880 2760.8
1242890 2760.8
1242900 2727.5
1242910 2710.9
1242920 2710.9
1242930 2703.9
1242940 2696.2
1242950 2696.2
1242960 2688.8
1242970 2682.8
1242980 2682.8
1242990 2677.1
1243000 2670.9
1243010 2670.9
1243020 2664.4
1243030 2657.7
1243040 2657.7
1243050 2650.9
1243060 2644.3
1243070 2637.5
1243080 2637.5
1243090 2631.0
1243100 2624.9
1243110 2624.9
1243120 2618.7
1243130 2612.4
1243140 2610.9
1243150 2604.6
1243160 2598.5
1243170 2598.5
1243180 2592.2
1243190 2586.2
1243200 2586.2
1243210 2580.6
1243220 2575.7
1243230 2575.7
1243240 2574.6
1243250 2574.6
1243260 2574.6
1243270 2574.6
1243280 2574.6
1243290 2574.6
1243300 2574.6
1243310 2574.6
1243320 2574.6
1243330 2574.6
1243340 2574.6
1243350 2574.6
1243360 2574.6
1243370 2574.6
1243380 2574.6
1243390 2574.6
1243400 2574.6
1243410 2574.6
1243420 2574.6
1243430 2574.6
1243440 2574.6
1243450 2574.6
1243460 2575.6
1243470 2579.5
1243480 2579.5
1243490 2581.1
1243500 2576.2
1243510 2570.9
1243520 2570.9
1243530 2567.1
1243540 2565.4
1243550 2565.4
1243560 2563.3
1243570 2560.4
1243580 2560.4
1243590 2558.8
1243600 2558.5
1243610 2558.5
1243620 2558.1
1243630 2557.2
1243640 2557.2
1243650 2555.8
1243660 2554.5
1243670 2553.8
1243680 2552.9
1243690 2551.3
1243700 2551.3
1243710 2550.9
1243720 2551.8
1243730 2551.2
1243740 2551.2
1243750 2550.5
1243760 2550.0
1243770 2550.0
1243780 2549.6
1243790 2548.4
1243800 2548.4
1243810 2546.5
1243820 2544.4
1243830 2544.4
1243840 2542.5
1243850 2540.8
1243860 2540.8
1243870 2539.3
1243880 2537.4
1243890 2537.4
1243900 2534.4
1243910 2530.2
1243920 2530.2
1243930 2525.2
1243940 2519.5
1243950 2513.4
1243960 2513.4
1243970 2508.2
1243980 2504.7
1243990 2504.7
1244000 2502.4
1244010 2500.4
1244020 2500.4
1244030 2499.1
1244040 2497.9
1244050 2497.9
1244060 2496.4
1244070 2494.6
1244080 2494.6
1244090 2493.1
1244100 2491.8
1244110 2491.8
1244120 2490.6
1244130 2488.7
1244140 2488.7
1244150 2486.0
1244160 2483.5
1244170 2481.2
1244180 2481.2
1244190 2477.0
1244200 2474.4
1244210 2474.4
1244220 2472.1
1244230 2470.3
1244240 2470.3
1244250 2468.9
1244260 2468.0
1244270 2468.0
1244280 2467.3
1244290 2467.2
1244300 2467.2
1244310 2468.3
1244320 2469.0
1244330 2469.0
1244340 2468.3
1244350 2466.8
1244360 2464.8
1244370 2464.8
1244380 2462.1
1244390 2458.3
1244400 2458.3
1244410 2454.7
1244420 2451.9
1244430 2451.9
1244440 2449.1
1244450 2448.1
1244460 2448.1
1244470 2447.6
1244480 2446.9
1244490 2446.9
1244500 2446.6
1244510 2446.2
1244520 2446.2
1244530 2445.9
1244540 2445.6
1244550 2445.6
1244560 2444.9
1244570 2444.0
1244580 2443.2
1244590 2443.2
1244600 2442.7
1244610 2443.8
1244620 2443.8
1244630 2446.1
1244640 2450.3
1244650 2450.3
1244660 2452.0
1244670 2453.1
1244680 2453.1
1244690 2453.8
1244700 2454.4
1244710 2454.4
1244720 2458.4
1244730 2461.1
1244740 2461.1
1244750 2461.6
1244760 2457.6
1244770 2457.6
1244780 2451.3
1244790 2448.2
1244800 2448.3
1244810 2448.3
1244820 2449.7
1244830 2451.2
1244840 2451.2
1244850 2452.6
1244860 2453.5
1244870 2453.5
1244880 2453.6
1244890 2454.6
1244900 2454.6
1244910 2456.3
1244920 2458.3
1244930 2458.3
1244940 2459.9
1244950 2461.2
1244960 2461.2
1244970 2462.0
1244980 2462.5
1244990 2462.5
1245000 2463.2
1245010 2464.0
1245020 2464.3
1245030 2464.3
1245040 2464.8
1245050 2465.1
1245060 2465.1
1245070 2464.7
1245080 2463.7
1245090 2463.7
1245100 2462.7
1245110 2461.4
1245120 2461.4
1245130 2459.1
1245140 2456.8
1245150 2456.8
1245160 2454.5
1245170 2452.4
1245180 2452.4
1245190 2450.4
1245200 2448.6
1245210 2448.6
1245220 2446.7
1245230 2445.3
1245240 2443.4
1245250 2448.9
1245260 2447.6
1245270 2446.9
1245280 2446.9
1245290 2446.5
1245300 2445.9
1245310 2445.9
1245320 2445.7
1245330 2446.7
1245340 2446.7
1245350 2450.1
1245360 2452.8
1245370 2452.8
1245380 2454.5
1245390 2456.1
1245400 2456.1
1245410 2458.4
1245420 2462.6
1245430 2462.6
1245440 2466.0
1245450 2468.5
1245460 2472.5
1245470 2472.5
1245480 2476.7
1245490 2480.5
1245500 2480.5
1245510 2484.8
1245520 2489.0
1245530 2489.0
1245540 2493.2
1245550 2497.4
1245560 2497.4
1245570 2499.6
1245580 2499.8
1245590 2499.8
1245600 2501.6
1245610 2504.5
1245620 2504.5
1245630 2510.2
1245640 2516.7
1245650 2529.5
1245660 2529.5
1245670 2541.4
1245680 2552.6
1245690 2552.6
1245700 2566.1
1245710 2583.3
1245720 2583.3
1245730 2587.1
1245740 2583.1
1245750 2583.1
1245760 2581.3
1245770 2579.2
1245780 2589.6
1245790 2585.9
1245800 2584.8
1245810 2584.8
1245820 2581.7
1245830 2578.3
1245840 2578.3
1245850 2571.2
1245860 2565.7
1245870 2559.5
1245880 2559.5
1245890 2557.7
1245900 2561.6
1245910 2561.6
1245920 2571.5
1245930 2590.8
1245940 2590.8
1245950 2610.0
1245960 2620.9
1245970 2620.9
1245980 2631.8
1245990 2635.1
1246000 2635.1
1246010 2638.6
1246020 2638.8
1246030 2638.8
1246040 2640.2
1246050 2647.7
1246060 2647.7
1246070 2658.0
1246080 2664.2
1246090 2664.8
1246100 2664.8
1246110 2663.5
1246120 2664.7
1246130 2664.7
1246140 2663.0
1246150 2656.1
1246160 2656.1
1246170 2648.2
1246180 2644.7
1246190 2644.7
1246200 2638.5
1246210 2633.9
1246220 2633.9
1246230 2632.2
1246240 2634.9
1246250 2634.9
1246260 2639.2
1246270 2646.6
1246280 2646.6
1246290 2653.7
1246300 2662.1
1246310 2683.8
1246320 2683.8
1246330 2695.8
1246340 2700.0
1246350 2700.0
1246360 2702.3
1246370 2698.8
1246380 2698.8
1246390 2694.3
1246400 2688.1
1246410 2688.1
1246420 2682.9
1246430 2684.3
1246440 2684.3
1246450 2702.2
1246460 2718.4
1246470 2718.4
1246480 2731.0
1246490 2736.8
1246500 2736.8
1246510 2743.3
1246520 2750.6
1246530 2753.9
1246540 2753.9
1246550 2755.6
1246560 2751.4
1246570 2751.4
1246580 2742.1
1246590 2740.3
1246600 2740.3
1246610 2744.5
1246620 2748.1
1246630 2748.1
1246640 2745.0
1246650 2753.9
1246660 2753.9
1246670 2761.5
1246680 2755.5
1246690 2755.5
1246700 2752.1
1246710 2747.9
1246720 2747.9
1246730 2748.5
1246740 2753.6
1246750 2752.1
1246760 2752.1
1246770 2751.6
1246780 2755.5
1246790 2755.5
1246800 2763.4
1246810 2772.0
1246820 2772.0
1246830 2774.3
1246840 2771.1
1246850 2771.1
1246860 2768.8
1246870 2762.0
1246880 2762.0
1246890 2751.4
1246900 2742.8
1246910 2742.8
1246920 2736.5
1246930 2731.6
1246940 2731.6
1246950 2727.6
1246960 2724.8
1246970 2724.6
1246980 2724.6
1246990 2724.5
1247000 2720.6
1247010 2720.6
1247020 2715.0
1247030 2709.0
1247040 2709.0
1247050 2702.3
1247060 2696.2
1247070 2696.2
1247080 2692.5
1247090 2690.0
1247100 2690.0
1247110 2688.9
1247120 2689.0
1247130 2689.0
1247140 2690.0
1247150 2689.6
1247160 2686.2
1247170 2686.2
1247180 2678.1
1247190 2670.0
1247200 2670.0
1247210 2662.0
1247220 2652.6
1247230 2652.6
1247240 2641.1
1247250 2631.8
1247260 2631.8
1247270 2627.1
1247280 2618.5
1247290 2618.5
1247300 2608.4
1247310 2601.1
1247320 2601.1
1247330 2594.8
1247340 2586.5
1247350 2586.5
1247360 2578.1
1247370 2570.2
1247380 2547.0
1247390 2547.0
1247400 2529.7
1247410 2516.8
1247420 2516.8
1247430 2506.3
1247440 2499.0
1247450 2499.0
1247460 2488.0
1247470 2475.9
1247480 2475.9
1247490 2470.9
1247500 2459.0
1247510 2459.0
1247520 2445.7
1247530 2432.4
1247540 2432.4
1247550 2421.3
1247560 2409.2
1247570 2409.2
1247580 2398.2
1247590 2388.7
1247600 2377.6
1247610 2377.6
1247620 2363.8
1247630 2347.8
1247640 2347.8
1247650 2338.5
1247660 2327.8
1247670 2327.8
1247680 2314.9
1247690 2304.3
1247700 2304.3
1247710 2296.3
1247720 2290.7
1247730 2290.7
1247740 2287.7
1247750 2283.4
1247760 2283.4
1247770 2277.8
1247780 2270.1
1247790 2270.1
1247800 2259.5
1247810 2247.8
1247820 2238.8
1247830 2238.8
1247840 2239.6
1247850 2237.5
1247860 2237.5
1247870 2233.8
1247880 2227.8
1247890 2227.8
1247900 2227.2
1247910 2239.7
1247920 2239.7
1247930 2229.4
1247940 2216.0
1247950 2216.0
1247960 2209.0
1247970 2211.6
1247980 2211.6
1247990 2206.5
1248000 2193.5
1248010 2193.5
1248020 2192.1
1248030 2184.5
1248040 2169.9
1248050 2169.9
1248060 2156.1
1248070 2143.6
1248080 2143.6
1248090 2129.6
1248100 2114.3
1248110 2114.3
1248120 2101.6
1248130 2089.0
1248140 2089.0
1248150 2076.4
1248160 2066.2
1248170 2066.2
1248180 2058.1
1248190 2051.1
1248200 2051.1
1248210 2043.5
1248220 2036.5
1248230 2036.5
1248240 2030.4
1248250 2024.8
1248260 2018.8
1248270 2018.8
1248280 2007.9
1248290 1996.5
1248300 1996.5
1248310 1987.6
1248320 1978.2
1248330 1978.2
1248340 1966.8
1248350 1954.6
1248360 1954.6
1248370 1941.7
1248380 1932.2
1248390 1932.2
1248400 1921.8
1248410 1912.7
1248420 1912.7
1248430 1905.3
1248440 1896.5
1248450 1895.3
1248460 1895.3
1248470 1890.2
1248480 1884.6
1248490 1884.6
1248500 1878.7
1248510 1871.5
1248520 1871.5
1248530 1863.9
1248540 1856.7
1248550 1856.7
1248560 1849.9
1248570 1840.9
1248580 1840.9
1248590 1832.9
1248600 1825.5
1248610 1825.5
1248620 1818.8
1248630 1811.9
1248640 1811.9
1248650 1803.3
1248660 1793.8
1248670 1779.5
1248680 1779.5
1248690 1767.1
1248700 1757.3
1248710 1757.3
1248720 1747.4
1248730 1738.1
1248740 1738.1
1248750 1729.8
1248760 1721.1
1248770 1721.1
1248780 1712.8
1248790 1704.1
1248800 1704.1
1248810 1696.0
1248820 1688.2
1248830 1688.2
1248840 1678.7
1248850 1668.9
1248860 1668.9
1248870 1661.2
1248880 1654.5
1248890 1646.5
1248900 1646.5
1248910 1638.7
1248920 1630.9
1248930 1630.9
1248940 1623.3
1248950 1615.4
1248960 1615.4
1248970 1608.4
1248980 1601.4
1248990 1599.4
1249000 1592.2
1249010 1585.5
1249020 1585.5
1249030 1579.0
1249040 1572.6
1249050 1572.6
1249060 1566.1
1249070 1559.4
1249080 1559.4
1249090 1553.1
1249100 1546.7
1249110 1540.3
1249120 1540.3
1249130 1533.9
1249140 1527.7
1249150 1527.7
1249160 1521.3
1249170 1514.9
1249180 1514.9
1249190 1509.2
1249200 1503.8
1249210 1503.8
1249220 1498.6
1249230 1492.7
1249240 1492.7
1249250 1486.4
1249260 1480.9
1249270 1480.9
1249280 1475.6
1249290 1470.3
1249300 1470.3
1249310 1465.4
1249320 1460.3
1249330 1455.2
1249340 1455.2
1249350 1450.4
1249360 1445.5
1249370 1445.5
1249380 1440.5
1249390 1435.4
1249400 1435.4
1249410 1430.4
1249420 1424.8
1249430 1424.8
1249440 1419.5
1249450 1414.6
1249460 1414.6
1249470 1409.6
1249480 1404.1
1249490 1404.1
1249500 1398.0
1249510 1392.9
1249520 1391.7
1249530 1386.5
1249540 1381.3
1249550 1375.8
1249560 1375.8
1249570 1369.5
1249580 1362.9
1249590 1362.9
1249600 1358.4
1249610 1356.3
1249620 1356.3
1249630 1359.9
1249640 1364.2
1249650 1364.2
1249660 1362.8
1249670 1357.3
1249680 1357.3
1249690 1351.2
1249700 1343.2
1249710 1343.2
1249720 1335.2
1249730 1327.6
1249740 1319.1
1249750 1319.1
1249760 1312.0
1249770 1305.1
1249780 1305.1
1249790 1299.3
1249800 1294.6
1249810 1294.6
1249820 1289.6
1249830 1284.1
1249840 1284.1
1249850 1278.5
1249860 1272.5
1249870 1272.5
1249880 1266.9
1249890 1262.9
1249900 1262.9
1249910 1258.8
1249920 1255.0
1249930 1255.0
1249940 1252.3
1249950 1250.3
1249960 1247.7
1249970 1247.7
1249980 1245.3
1249990 1243.1
1250000 1243.1
1250010 1240.5
1250020 1235.9
1250030 1235.9
1250040 1229.0
1250050 1225.2
1250060 1225.9
1250070 1223.8
1250080 1222.0
1250090 1222.0
1250100 1221.0
1250110 1220.1
1250120 1220.1
1250130 1218.6
1250140 1216.6
1250150 1216.6
1250160 1218.1
1250170 1218.5
1250180 1218.3
1250190 1218.3
1250200 1218.1
1250210 1219.4
1250220 1219.4
1250230 1220.0
1250240 1218.1
1250250 1218.1
1250260 1217.2
1250270 1216.8
1250280 1216.8
1250290 1216.6
1250300 1216.3
1250310 1216.3
1250320 1216.0
1250330 1215.8
1250340 1215.8
1250350 1215.4
1250360 1214.9
1250370 1214.9
1250380 1214.4
1250390 1214.0
1250400 1213.5
1250410 1213.5
1250420 1213.1
1250430 1212.6
1250440 1212.6
1250450 1212.3
1250460 1211.9
1250470 1211.9
1250480 1211.5
1250490 1211.1
1250500 1211.1
1250510 1210.7
1250520 1210.2
1250530 1210.2
1250540 1209.7
1250550 1209.8
1250560 1209.8
1250570 1210.0
1250580 1210.0
1250590 1210.0
1250600 1209.8
1250610 1210.8
1250620 1211.4
1250630 1211.4
1250640 1212.5
1250650 1214.1
1250660 1214.1
1250670 1216.7
1250680 1219.3
1250690 1219.3
1250700 1222.3
1250710 1225.6
1250720 1225.6
1250730 1229.0
1250740 1233.5
1250750 1233.5
1250760 1237.5
1250770 1241.3
1250780 1241.3
1250790 1242.6
1250800 1241.5
1250810 1241.5
1250820 1245.2
1250830 1249.4
1250840 1251.0
1250850 1251.0
1250860 1254.2
1250870 1259.1
1250880 1259.1
1250890 1264.9
1250900 1271.0
1250910 1271.0
1250920 1277.0
1250930 1282.4
1250940 1282.4
1250950 1287.7
1250960 1295.6
1250970 1295.6
1250980 1308.9
1250990 1324.7
1251000 1324.7
1251010 1330.5
1251020 1332.4
1251030 1332.7
1251040 1332.7
1251050 1331.9
1251060 1331.6
1251070 1331.6
1251080 1336.1
1251090 1341.4
1251100 1341.4
1251110 1346.4
1251120 1350.1
1251130 1350.1
1251140 1354.7
1251150 1363.8
1251160 1363.8
1251170 1366.3
1251180 1370.8
1251190 1370.8
1251200 1375.8
1251210 1380.8
1251220 1380.8
1251230 1387.3
1251240 1393.3
1251250 1397.4
1251260 1397.4
1251270 1400.6
1251280 1406.5
1251290 1406.5
1251300 1413.7
1251310 1419.8
1251320 1419.8
1251330 1425.5
1251340 1431.3
1251350 1431.3
1251360 1437.4
1251370 1443.5
1251380 1443.5
1251390 1449.7
1251400 1455.8
1251410 1455.8
1251420 1462.1
1251430 1468.7
1251440 1468.7
1251450 1476.3
1251460 1483.7
1251470 1490.0
1251480 1490.0
1251490 1496.3
1251500 1502.7
1251510 1502.7
1251520 1509.4
1251530 1516.2
1251540 1516.2
1251550 1522.6
1251560 1528.4
1251570 1528.4
1251580 1535.6
1251590 1541.6
1251600 1541.6
1251610 1547.5
1251620 1552.9
1251630 1552.9
1251640 1558.8
1251650 1564.6
1251660 1564.6
1251670 1570.7
1251680 1579.7
1251690 1590.9
1251700 1590.9
1251710 1598.6
1251720 1605.5
1251730 1605.5
1251740 1614.0
1251750 1621.3
1251760 1621.3
1251770 1627.3
1251780 1631.7
1251790 1631.7
1251800 1633.3
1251810 1633.2
1251820 1633.2
1251830 1630.1
1251840 1626.9
1251850 1626.9
1251860 1627.2
1251870 1627.6
1251880 1627.6
1251890 1630.6
1251900 1636.3
1251910 1640.1
1251920 1640.1
1251930 1646.0
1251940 1652.9
1251950 1652.9
1251960 1660.6
1251970 1666.3
1251980 1666.3
1251990 1669.4
1252000 1672.4
1252010 1672.4
1252020 1675.4
1252030 1679.4
1252040 1679.4
1252050 1685.3
1252060 1691.7
1252070 1691.7
1252080 1697.4
1252090 1702.9
1252100 1702.9
1252110 1704.6
1252120 1702.4
1252130 1700.2
1252140 1700.2
1252150 1706.6
1252160 1715.5
1252170 1715.5
1252180 1721.8
1252190 1723.4
1252200 1723.4
1252210 1722.8
1252220 1721.9
1252230 1721.9
1252240 1730.1
1252250 1730.3
1252260 1730.3
1252270 1731.4
1252280 1732.7
1252290 1732.7
1252300 1736.8
1252310 1745.7
1252320 1755.8
1252330 1755.8
1252340 1763.0
1252350 1767.5
1252360 1767.5
1252370 1771.9
1252380 1777.4
1252390 1777.4
1252400 1784.5
1252410 1792.6
1252420 1792.6
1252430 1802.7
1252440 1808.4
1252450 1808.4
1252460 1816.8
1252470 1823.9
1252480 1823.9
1252490 1830.9
1252500 1839.6
1252510 1839.6
1252520 1848.2
1252530 1857.0
1252540 1867.6
1252550 1867.6
1252560 1877.1
1252570 1884.7
1252580 1884.7
1252590 1889.3
1252600 1895.1
1252610 1895.1
1252620 1900.9
1252630 1906.1
1252640 1906.1
1252650 1910.9
1252660 1916.2
1252670 1916.2
1252680 1922.4
1252690 1928.9
1252700 1928.9
1252710 1935.1
1252720 1940.2
1252730 1940.2
1252740 1945.8
1252750 1952.0
1252760 1957.3
1252770 1957.3
1252780 1962.0
1252790 1968.2
1252800 1968.2
1252810 1975.1
1252820 1982.6
1252830 1982.6
1252840 1989.6
1252850 1996.5
1252860 1996.5
1252870 2003.6
1252880 2011.0
1252890 2011.0
1252900 2018.5
1252910 2026.2
1252920 2026.2
1252930 2035.5
1252940 2046.0
1252950 2046.0
1252960 2056.7
1252970 2065.6
1252980 2073.1
1252990 2073.1
1253000 2081.2
1253010 2089.3
1253020 2089.3
1253030 2098.2
1253040 2109.1
1253050 2109.1
1253060 2119.5
1253070 2131.2
1253080 2131.2
1253090 2142.9
1253100 2152.9
1253110 2152.9
1253120 2163.9
1253130 2173.9
1253140 2173.9
1253150 2183.3
1253160 2193.7
1253170 2193.7
1253180 2204.4
1253190 2213.2
1253200 2220.0
1253210 2220.0
1253220 2226.6
1253230 2232.5
1253240 2232.5
1253250 2236.2
1253260 2238.8
1253270 2238.8
1253280 2241.3
1253290 2244.1
1253300 2244.1
1253310 2244.8
1253320 2241.9
1253330 2245.1
1253340 2242.0
1253350 2239.2
1253360 2239.2
1253370 2236.7
1253380 2233.9
1253390 2233.9
1253400 2230.4
1253410 2226.6
1253420 2222.3
1253430 2222.3
1253440 2219.2
1253450 2218.7
1253460 2218.7
1253470 2220.2
1253480 2221.8
1253490 2221.8
1253500 2222.4
1253510 2223.8
1253520 2223.8
1253530 2225.2
1253540 2226.7
1253550 2226.7
1253560 2230.7
1253570 2234.7
1253580 2234.7
1253590 2238.2
1253600 2241.0
1253610 2244.3
1253620 2244.3
1253630 2248.2
1253640 2252.8
1253650 2252.8
1253660 2258.5
1253670 2265.4
1253680 2265.4
1253690 2272.6
1253700 2279.9
1253710 2279.9
1253720 2287.4
1253730 2297.9
1253740 2297.9
1253750 2310.9
1253760 2323.9
1253770 2323.9
1253780 2333.6
1253790 2343.2
1253800 2343.2
1253810 2353.6
1253820 2362.9
1253830 2371.9
1253840 2371.9
1253850 2379.8
1253860 2385.2
1253870 2385.2
1253880 2397.3
1253890 2399.9
1253900 2399.9
1253910 2402.9
1253920 2408.3
1253930 2408.3
1253940 2413.7
1253950 2420.4
1253960 2420.4
1253970 2429.1
1253980 2441.1
1253990 2441.1
1254000 2453.1
1254010 2465.0
1254020 2465.0
1254030 2475.0
1254040 2485.8
1254050 2492.1
1254060 2492.1
1254070 2495.6
1254080 2494.7
1254090 2494.7
1254100 2490.7
1254110 2483.5
1254120 2483.5
1254130 2473.4
1254140 2464.8
1254150 2464.8
1254160 2458.6
1254170 2453.4
1254180 2453.4
1254190 2447.9
1254200 2441.2
1254210 2441.2
1254220 2435.4
1254230 2430.0
1254240 2430.0
1254250 2425.0
1254260 2420.4
1254270 2416.2
1254280 2416.2
1254290 2411.5
1254300 2406.6
1254310 2406.6
1254320 2404.0
1254330 2402.2
1254340 2402.2
1254350 2399.9
1254360 2396.2
1254370 2396.2
1254380 2392.1
1254390 2388.1
1254400 2388.1
1254410 2383.8
1254420 2378.3
1254430 2382.9
1254440 2374.5
1254450 2362.0
1254460 2362.0
1254470 2349.7
1254480 2336.5
1254490 2323.1
1254500 2323.1
1254510 2316.3
1254520 2310.7
1254530 2310.7
1254540 2306.3
1254550 2305.7
1254560 2305.7
1254570 2307.0
1254580 2308.8
1254590 2308.8
1254600 2310.9
1254610 2313.2
1254620 2313.2
1254630 2315.5
1254640 2318.7
1254650 2318.7
1254660 2322.5
1254670 2325.8
1254680 2325.8
1254690 2328.9
1254700 2332.2
1254710 2335.5
1254720 2335.5
1254730 2338.8
1254740 2342.1
1254750 2342.1
1254760 2345.5
1254770 2349.0
1254780 2349.0
1254790 2352.6
1254800 2356.1
1254810 2356.1
1254820 2359.6
1254830 2363.2
1254840 2363.2
1254850 2366.8
1254860 2370.4
1254870 2370.4
1254880 2374.0
1254890 2377.7
1254900 2381.4
1254910 2381.4
1254920 2385.2
1254930 2389.1
1254940 2389.1
1254950 2393.2
1254960 2397.7
1254970 2397.7
1254980 2404.5
1254990 2408.9
1255000 2408.9
1255010 2412.7
1255020 2416.9
1255030 2416.9
1255040 2421.7
1255050 2426.0
1255060 2426.0
1255070 2430.3
1255080 2435.0
1255090 2435.0
1255100 2439.8
1255110 2444.7
1255120 2449.8
1255130 2449.8
1255140 2455.1
1255150 2460.7
1255160 2460.7
1255170 2466.3
1255180 2472.2
1255190 2472.2
1255200 2478.0
1255210 2483.7
1255220 2483.7
1255230 2489.5
1255240 2495.4
1255250 2495.4
1255260 2501.6
1255270 2507.9
1255280 2507.9
1255290 2514.1
1255300 2520.5
1255310 2520.5
1255320 2526.2
1255330 2532.0
1255340 2538.3
1255350 2538.3
1255360 2545.2
1255370 2552.2
1255380 2552.2
1255390 2559.4
1255400 2566.6
1255410 2566.6
1255420 2573.9
1255430 2581.3
1255440 2581.3
1255450 2588.3
1255460 2597.6
1255470 2597.6
1255480 2612.7
1255490 2636.4
1255500 2636.4
1255510 2660.0
1255520 2672.5
1255530 2657.7
1255540 2671.2
1255550 2679.7
1255560 2674.7
1255570 2674.7
1255580 2673.0
1255590 2683.5
1255600 2683.5
1255610 2698.6
1255620 2718.6
1255630 2718.6
1255640 2731.5
1255650 2748.5
1255660 2748.5
1255670 2767.3
1255680 2779.2
1255690 2779.2
1255700 2788.8
1255710 2799.3
1255720 2799.3
1255730 2810.8
1255740 2821.5
1255750 2821.5
1255760 2834.0
1255770 2845.0
1255780 2855.6
1255790 2855.6
1255800 2869.6
1255810 2885.7
1255820 2885.7
1255830 2895.9
1255840 2903.8
1255850 2903.8
1255860 2912.2
1255870 2918.5
1255880 2918.5
1255890 2927.2
1255900 2934.5
1255910 2934.5
1255920 2940.3
1255930 2948.1
1255940 2948.1
1255950 2962.1
1255960 2975.8
1255970 2975.8
1255980 2991.2
1255990 3006.5
1256000 3019.8
1256010 3019.8
1256020 3012.2
1256030 2989.2
1256040 2989.2
1256050 2982.6
1256060 2979.3
1256070 2979.3
1256080 2978.4
1256090 2975.3
1256100 2975.3
1256110 2973.1
1256120 2971.5
1256130 2971.5
1256140 2969.9
1256150 2968.4
1256160 2968.4
1256170 2967.0
1256180 2965.5
1256190 2964.1
1256200 2964.1
1256210 2962.8
1256220 2961.4
1256230 2961.4
1256240 2960.1
1256250 2959.0
1256260 2959.0
1256270 2958.6
1256280 2961.1
1256290 2961.1
1256300 2967.2
1256310 2975.0
1256320 2975.0
1256330 2986.0
1256340 2992.0
1256350 2992.0
1256360 2993.7
1256370 2992.7
1256380 2992.7
1256390 2988.3
1256400 2980.2
1256410 2976.1
1256420 2976.1
1256430 2977.9
1256440 2981.6
1256450 2981.6
1256460 2985.7
1256470 2992.9
1256480 2992.9
1256490 3001.9
1256500 3011.7
1256510 3011.7
1256520 3021.2
1256530 3029.7
1256540 3029.7
1256550 3035.9
1256560 3040.9
1256570 3040.9
1256580 3046.8
1256590 3052.3
1256600 3052.3
1256610 3057.1
1256620 3061.3
1256630 3066.9
1256640 3069.4
1256650 3072.6
1256660 3077.0
1256670 3077.0
1256680 3080.3
1256690 3084.7
1256700 3084.7
1256710 3087.7
1256720 3090.6
1256730 3090.6
1256740 3094.5
1256750 3098.2
1256760 3098.2
1256770 3101.7
1256780 3105.2
1256790 3105.2
1256800 3109.8
1256810 3114.7
1256820 3114.7
1256830 3119.8
1256840 3126.0
1256850 3125.8
1256860 3125.8
1256870 3119.5
1256880 3115.5
1256890 3115.5
1256900 3108.4
1256910 3102.0
1256920 3102.0
1256930 3096.8
1256940 3090.8
1256950 3090.8
1256960 3086.8
1256970 3083.4
1256980 3083.4
1256990 3077.0
1257000 3069.8
1257010 3069.8
1257020 3063.1
1257030 3062.5
1257040 3062.5
1257050 3061.2
1257060 3055.6
1257070 3049.4
1257080 3049.4
1257090 3051.1
1257100 3049.1
1257110 3049.1
1257120 3043.0
1257130 3035.0
1257140 3035.0
1257150 3024.2
1257160 3013.7
1257170 3013.7
1257180 3002.9
1257190 2999.6
1257200 2999.6
1257210 2993.4
1257220 2984.7
1257230 2984.7
1257240 2974.2
1257250 2963.9
1257260 2951.3
1257270 2951.3
1257280 2937.5
1257290 2926.9
1257300 2926.9
1257310 2919.0
1257320 2911.6
1257330 2911.6
1257340 2907.6
1257350 2902.7
1257360 2902.7
1257370 2894.8
1257380 2884.8
1257390 2884.8
1257400 2877.2
1257410 2876.3
1257420 2876.3
1257430 2876.1
1257440 2873.3
1257450 2873.3
1257460 2869.9
1257470 2867.3
1257480 2864.3
1257490 2864.3
1257500 2859.0
1257510 2856.2
1257520 2856.2
1257530 2849.7
1257540 2839.5
1257550 2839.5
1257560 2827.6
1257570 2821.6
1257580 2821.6
1257590 2816.4
1257600 2805.2
1257610 2805.2
1257620 2794.1
1257630 2788.9
1257640 2788.9
1257650 2782.9
1257660 2778.4
1257670 2778.4
1257680 2774.2
1257690 2764.6
1257700 2755.5
1257710 2755.5
1257720 2747.4
1257730 2735.7
1257740 2735.7
1257750 2719.5
1257760 2707.9
1257770 2707.9
1257780 2697.9
1257790 2688.3
1257800 2688.3
1257810 2676.0
1257820 2664.4
1257830 2664.4
1257840 2653.0
1257850 2642.0
1257860 2642.0
1257870 2635.8
1257880 2630.0
1257890 2630.0
1257900 2621.2
1257910 2615.8
1257920 2608.6
1257930 2608.6
1257940 2600.2
1257950 2590.4
1257960 2590.4
1257970 2583.5
1257980 2577.5
1257990 2577.5
1258000 2572.6
1258010 2566.3
1258020 2566.3
1258030 2558.0
1258040 2552.1
1258050 2552.1
1258060 2546.2
1258070 2534.2
1258080 2534.2
1258090 2523.6
1258100 2495.2
1258110 2495.2
1258120 2451.5
1258130 2420.8
1258140 2411.2
1258150 2411.2
1258160 2408.5
1258170 2405.9
1258180 2405.9
1258190 2401.9
1258200 2395.2
1258210 2395.2
1258220 2381.5
1258230 2358.2
1258240 2358.2
1258250 2347.0
1258260 2338.5
1258270 2338.5
1258280 2328.2
1258290 2321.6
1258300 2321.6
1258310 2321.3
1258320 2315.5
1258330 2315.5
1258340 2309.2
1258350 2302.6
1258360 2297.3
1258370 2297.3
1258380 2294.5
1258390 2295.2
1258400 2295.2
1258410 2293.1
1258420 2287.5
1258430 2287.5
1258440 2283.5
1258450 2280.4
1258460 2280.4
1258470 2275.5
1258480 2270.4
1258490 2270.4
1258500 2265.6
1258510 2262.6
1258520 2262.6
1258530 2261.2
1258540 2259.4
1258550 2257.1
1258560 2257.1
1258570 2259.1
1258580 2263.4
1258590 2263.4
1258600 2276.3
1258610 2296.7
1258620 2296.7
1258630 2305.2
1258640 2304.6
1258650 2304.6
1258660 2305.3
1258670 2309.0
1258680 2309.0
1258690 2310.7
1258700 2310.0
1258710 2310.0
1258720 2307.2
1258730 2305.4
1258740 2305.4
1258750 2305.8
1258760 2309.7
1258770 2320.3
1258780 2320.3
1258790 2326.6
1258800 2336.5
1258810 2336.5
1258820 2345.5
1258830 2348.0
1258840 2348.0
1258850 2340.2
1258860 2325.5
1258870 2334.9
1258880 2317.7
1258890 2302.4
1258900 2302.4
1258910 2289.7
1258920 2280.5
1258930 2280.5
1258940 2275.1
1258950 2270.2
1258960 2270.2
1258970 2265.7
1258980 2261.8
1258990 2258.2
1259000 2258.2
1259010 2254.8
1259020 2251.2
1259030 2251.2
1259040 2247.4
1259050 2243.6
1259060 2243.6
1259070 2239.8
1259080 2236.3
1259090 2236.3
1259100 2232.5
1259110 2229.1
1259120 2229.1
1259130 2225.8
1259140 2222.8
1259150 2222.8
1259160 2220.9
1259170 2218.7
1259180 2218.7
1259190 2216.2
1259200 2213.0
1259210 2209.7
1259220 2209.7
1259230 2206.9
1259240 2203.8
1259250 2203.8
1259260 2201.7
1259270 2200.3
1259280 2200.3
1259290 2198.5
1259300 2197.2
1259310 2197.2
1259320 2198.0
1259330 2199.9
1259340 2199.9
1259350 2201.8
1259360 2204.0
1259370 2204.0
1259380 2209.6
1259390 2217.0
1259400 2217.0
1259410 2221.7
1259420 2224.4
1259430 2229.2
1259440 2229.2
1259450 2230.3
1259460 2231.3
1259470 2231.3
1259480 2232.1
1259490 2235.3
1259500 2235.3
1259510 2238.1
1259520 2239.5
1259530 2239.5
1259540 2240.6
1259550 2243.1
1259560 2243.1
1259570 2246.6
1259580 2250.7
1259590 2250.7
1259600 2255.1
1259610 2259.5
1259620 2259.5
1259630 2263.9
1259640 2268.5
1259650 2273.4
1259660 2273.4
1259670 2278.7
1259680 2284.4
1259690 2284.4
1259700 2290.5
1259710 2297.2
1259720 2297.2
1259730 2304.8
1259740 2314.9
1259750 2314.9
1259760 2328.0
1259770 2337.7
1259780 2337.7
1259790 2340.5
1259800 2349.3
1259810 2349.3
1259820 2373.6
1259830 2390.0
1259840 2402.5
1259850 2402.5
1259860 2415.5
1259870 2425.5
1259880 2425.5
1259890 2441.2
1259900 2453.3
1259910 2453.3
1259920 2461.9
1259930 2470.6
1259940 2470.6
1259950 2479.1
1259960 2488.3
1259970 2488.3
1259980 2499.0
1259990 2513.7
