1240000 3038.0
1240010 3038.0
1240020 3047.3
1240030 3070.7
1240040 3070.7
1240050 3091.8
1240060 3100.3
1240070 3107.9
1240080 3107.9
1240090 3113.3
1240100 3119.4
1240110 3119.4
1240120 3127.9
1240130 3139.6
1240140 3139.6
1240150 3152.9
1240160 3166.5
1240170 3166.5
1240180 3174.9
1240190 3185.5
1240200 3185.5
1240210 3195.2
1240220 3201.9
1240230 3201.9
1240240 3211.8
1240250 3223.3
1240260 3223.3
1240270 3236.8
1240280 3243.3
1240290 3239.9
1240300 3239.9
1240310 3236.3
1240320 3236.0
1240330 3236.0
1240340 3236.5
1240350 3237.6
1240360 3237.6
1240370 3239.0
1240380 3242.8
1240390 3242.8
1240400 3247.3
1240410 3250.6
1240420 3250.6
1240430 3263.6
1240440 3264.4
1240450 3264.4
1240460 3266.2
1240470 3268.5
1240480 3270.6
1240490 3270.6
1240500 3274.3
1240510 3277.4
1240520 3277.4
1240530 3280.5
1240540 3282.7
1240550 3282.7
1240560 3279.5
1240570 3273.2
1240580 3273.2
1240590 3267.2
1240600 3261.3
1240610 3261.3
1240620 3256.2
1240630 3254.8
1240640 3254.8
1240650 3255.6
1240660 3256.4
1240670 3256.4
1240680 3257.4
1240690 3258.8
1240700 3260.7
1240710 3260.7
1240720 3263.4
1240730 3266.2
1240740 3266.2
1240750 3269.2
1240760 3272.6
1240770 3272.6
1240780 3275.7
1240790 3278.2
1240800 3278.2
1240810 3281.4
1240820 3288.6
1240830 3288.6
1240840 3297.8
1240850 3307.2
1240860 3307.2
1240870 3318.0
1240880 3325.8
1240890 3325.8
1240900 3325.9
1240910 3321.6
1240920 3317.3
1240930 3317.3
1240940 3311.3
1240950 3308.1
1240960 3308.1
1240970 3300.3
1240980 3293.6
1240990 3293.6
1241000 3287.3
1241010 3287.3
1241020 3287.3
1241030 3289.3
1241040 3291.7
1241050 3291.7
1241060 3296.6
1241070 3301.6
1241080 3301.6
1241090 3301.1
1241100 3299.6
1241110 3299.6
1241120 3299.9
1241130 3297.6
1241140 3295.1
1241150 3295.1
1241160 3295.2
1241170 3294.8
1241180 3294.8
1241190 3295.3
1241200 3295.1
1241210 3295.1
1241220 3294.5
1241230 3294.9
1241240 3294.9
1241250 3297.0
1241260 3300.5
1241270 3300.5
1241280 3303.5
1241290 3305.8
1241300 3305.8
1241310 3307.0
1241320 3309.7
1241330 3309.7
1241340 3312.8
1241350 3314.3
1241360 3317.9
1241370 3317.9
1241380 3321.5
1241390 3326.1
1241400 3326.1
1241410 3329.2
1241420 3334.1
1241430 3334.1
1241440 3332.6
1241450 3324.0
1241460 3324.0
1241470 3311.7
1241480 3308.1
1241490 3308.1
1241500 3307.9
1241510 3309.3
1241520 3309.3
1241530 3312.0
1241540 3316.8
1241550 3316.8
1241560 3319.8
1241570 3319.6
1241580 3321.2
1241590 3321.2
1241600 3321.0
1241610 3313.1
1241620 3313.1
1241630 3310.2
1241640 3317.5
1241650 3317.5
1241660 3326.6
1241670 3332.4
1241680 3332.4
1241690 3335.3
1241700 3338.2
1241710 3338.2
1241720 3341.8
1241730 3345.1
1241740 3345.1
1241750 3346.2
1241760 3346.6
1241770 3346.6
1241780 3349.0
1241790 3351.7
1241800 3353.2
1241810 3353.2
1241820 3353.9
1241830 3350.8
1241840 3350.8
1241850 3349.2
1241860 3348.3
1241870 3348.3
1241880 3344.2
1241890 3336.9
1241900 3336.9
1241910 3330.0
1241920 3325.8
1241930 3325.8
1241940 3321.2
1241950 3313.2
1241960 3313.2
1241970 3305.9
1241980 3301.1
1241990 3297.9
1242000 3297.9
1242010 3289.8
1242020 3281.7
1242030 3281.7
1242040 3273.8
1242050 3265.7
1242060 3265.7
1242070 3258.0
1242080 3251.6
1242090 3251.6
1242100 3243.0
1242110 3234.2
1242120 3234.2
1242130 3227.8
1242140 3219.2
1242150 3219.2
1242160 3207.1
1242170 3196.4
1242180 3196.4
1242190 3187.3
1242200 3178.8
1242210 3172.6
1242220 3172.6
1242230 3170.7
1242240 3157.7
1242250 3157.7
1242260 3143.7
1242270 3132.1
1242280 3132.1
1242290 3128.8
1242300 3125.7
1242310 3125.7
1242320 3114.7
1242330 3108.9
1242340 3108.9
1242350 3109.0
1242360 3104.0
1242370 3104.0
1242380 3096.0
1242390 3087.4
1242400 3087.4
1242410 3079.0
1242420 3071.7
1242430 3061.3
1242440 3061.3
1242450 3055.9
1242460 3052.7
1242470 3052.7
1242480 3049.4
1242490 3048.4
1242500 3048.4
1242510 3057.6
1242520 3057.2
1242530 3057.2
1242540 3055.7
1242550 3053.0
1242560 3053.0
1242570 3050.2
1242580 3049.0
1242590 3049.0
1242600 3045.6
1242610 3041.1
1242620 3041.1
1242630 3038.2
1242640 3035.9
1242650 3032.1
1242660 3032.1
1242670 3026.0
1242680 3020.1
1242690 3020.1
1242700 3016.8
1242710 3014.9
1242720 3014.9
1242730 3013.8
1242740 3009.5
1242750 3009.5
1242760 3001.9
1242770 2994.2
1242780 2994.2
1242790 2988.0
1242800 2981.4
1242810 2981.4
1242820 2972.2
1242830 2964.4
1242840 2964.4
1242850 2957.7
1242860 2957.4
1242870 2970.6
1242880 2970.6
1242890 2969.9
1242900 2965.9
1242910 2965.9
1242920 2960.6
1242930 2944.6
1242940 2944.6
1242950 2933.0
1242960 2924.5
1242970 2924.5
1242980 2916.8
1242990 2904.1
1243000 2904.1
1243010 2889.1
1243020 2881.6
1243030 2881.6
1243040 2862.6
1243050 2855.3
1243060 2855.3
1243070 2851.6
1243080 2847.9
1243090 2839.2
1243100 2839.2
1243110 2821.9
1243120 2807.7
1243130 2807.7
1243140 2793.8
1243150 2780.6
1243160 2780.6
1243170 2771.2
1243180 2764.5
1243190 2764.5
1243200 2758.2
1243210 2752.5
1243220 2752.5
1243230 2746.7
1243240 2740.0
1243250 2740.0
1243260 2734.2
1243270 2729.0
1243280 2729.0
1243290 2725.1
1243300 2721.9
1243310 2718.8
1243320 2718.8
1243330 2717.3
1243340 2717.6
1243350 2717.6
1243360 2717.3
1243370 2713.7
1243380 2713.7
1243390 2710.9
1243400 2707.3
1243410 2707.3
1243420 2700.5
1243430 2697.6
1243440 2697.6
1243450 2686.1
1243460 2673.5
1243470 2673.5
1243480 2667.1
1243490 2660.1
1243500 2654.6
1243510 2654.6
1243520 2649.9
1243530 2645.6
1243540 2645.6
1243550 2640.2
1243560 2632.4
1243570 2632.4
1243580 2624.8
1243590 2617.6
1243600 2617.6
1243610 2608.4
1243620 2599.9
1243630 2599.9
1243640 2588.1
1243650 2582.0
1243660 2582.0
1243670 2579.7
1243680 2576.7
1243690 2576.7
1243700 2572.3
1243710 2568.8
1243720 2567.5
1243730 2567.5
1243740 2566.7
1243750 2565.4
1243760 2565.4
1243770 2564.0
1243780 2561.6
1243790 2561.6
1243800 2559.1
1243810 2556.2
1243820 2556.2
1243830 2552.7
1243840 2548.5
1243850 2548.5
1243860 2544.4
1243870 2541.4
1243880 2541.4
1243890 2538.5
1243900 2536.1
1243910 2536.1
1243920 2532.9
1243930 2528.7
1243940 2524.6
1243950 2524.6
1243960 2520.4
1243970 2516.9
1243980 2516.9
1243990 2513.2
1244000 2510.3
1244010 2510.3
1244020 2506.8
1244030 2503.1
1244040 2503.1
1244050 2499.3
1244060 2495.8
1244070 2495.8
1244080 2492.6
1244090 2489.0
1244100 2489.0
1244110 2485.9
1244120 2483.2
1244130 2483.2
1244140 2480.9
1244150 2478.9
1244160 2474.7
1244170 2474.7
1244180 2466.7
1244190 2456.8
1244200 2456.8
1244210 2451.4
1244220 2448.8
1244230 2448.8
1244240 2446.3
1244250 2443.7
1244260 2443.7
1244270 2439.9
1244280 2435.5
1244290 2435.5
1244300 2431.9
1244310 2428.6
1244320 2428.6
1244330 2424.8
1244340 2421.4
1244350 2421.4
1244360 2417.8
1244370 2414.1
1244380 2410.9
1244390 2410.9
1244400 2408.0
1244410 2405.9
1244420 2405.9
1244430 2403.7
1244440 2401.8
1244450 2401.8
1244460 2399.6
1244470 2397.6
1244480 2397.6
1244490 2396.4
1244500 2396.5
1244510 2396.5
1244520 2395.8
1244530 2393.2
1244540 2393.2
1244550 2392.7
1244560 2391.3
1244570 2391.3
1244580 2389.3
1244590 2387.2
1244600 2386.1
1244610 2387.6
1244620 2387.3
1244630 2388.9
1244640 2388.9
1244650 2391.3
1244660 2392.8
1244670 2392.8
1244680 2393.7
1244690 2393.5
1244700 2393.5
1244710 2392.8
1244720 2392.3
1244730 2392.3
1244740 2390.0
1244750 2385.3
1244760 2385.3
1244770 2380.4
1244780 2377.0
1244790 2377.0
1244800 2374.9
1244810 2371.9
1244820 2369.4
1244830 2369.4
1244840 2367.5
1244850 2366.1
1244860 2366.1
1244870 2365.1
1244880 2364.6
1244890 2364.6
1244900 2363.8
1244910 2363.3
1244920 2363.3
1244930 2364.2
1244940 2364.3
1244950 2364.3
1244960 2362.9
1244970 2362.8
1244980 2362.8
1244990 2359.8
1245000 2354.7
1245010 2353.1
1245020 2353.1
1245030 2352.7
1245040 2352.0
1245050 2352.0
1245060 2351.0
1245070 2349.7
1245080 2349.7
1245090 2349.1
1245100 2348.9
1245110 2348.9
1245120 2348.7
1245130 2348.2
1245140 2352.0
1245150 2353.0
1245160 2353.4
1245170 2353.4
1245180 2352.9
1245190 2352.8
1245200 2352.8
1245210 2353.3
1245220 2352.5
1245230 2349.7
1245240 2349.7
1245250 2347.1
1245260 2340.9
1245270 2340.9
1245280 2336.6
1245290 2335.8
1245300 2335.8
1245310 2334.7
1245320 2333.7
1245330 2333.7
1245340 2332.5
1245350 2331.9
1245360 2331.9
1245370 2332.4
1245380 2332.8
1245390 2332.8
1245400 2334.1
1245410 2335.1
1245420 2335.1
1245430 2336.3
1245440 2337.9
1245450 2338.8
1245460 2338.8
1245470 2339.8
1245480 2340.7
1245490 2340.7
1245500 2341.3
1245510 2341.2
1245520 2341.2
1245530 2341.0
1245540 2340.6
1245550 2340.6
1245560 2340.2
1245570 2339.5
1245580 2339.5
1245590 2339.5
1245600 2339.4
1245610 2339.4
1245620 2340.3
1245630 2342.7
1245640 2342.7
1245650 2345.6
1245660 2349.0
1245670 2357.5
1245680 2357.5
1245690 2360.9
1245700 2363.1
1245710 2363.1
1245720 2365.5
1245730 2367.8
1245740 2367.8
1245750 2370.4
1245760 2373.0
1245770 2373.0
1245780 2375.5
1245790 2378.3
1245800 2378.3
1245810 2381.1
1245820 2384.0
1245830 2384.0
1245840 2386.6
1245850 2388.2
1245860 2388.2
1245870 2389.3
1245880 2389.9
1245890 2390.9
1245900 2390.9
1245910 2393.3
1245920 2396.4
1245930 2396.4
1245940 2400.1
1245950 2404.4
1245960 2404.4
1245970 2408.4
1245980 2412.7
1245990 2412.7
1246000 2416.5
1246010 2420.9
1246020 2420.9
1246030 2424.9
1246040 2427.9
1246050 2427.9
1246060 2431.0
1246070 2434.6
1246080 2434.6
1246090 2438.5
1246100 2442.0
1246110 2444.7
1246120 2444.7
1246130 2447.5
1246140 2450.2
1246150 2450.2
1246160 2452.5
1246170 2454.5
1246180 2454.5
1246190 2456.3
1246200 2463.9
1246210 2463.9
1246220 2465.8
1246230 2467.8
1246240 2467.8
1246250 2470.2
1246260 2473.1
1246270 2473.1
1246280 2475.5
1246290 2476.9
1246300 2476.9
1246310 2478.4
1246320 2479.1
1246330 2479.1
1246340 2479.1
1246350 2478.9
1246360 2477.0
1246370 2477.0
1246380 2474.6
1246390 2473.6
1246400 2473.6
1246410 2479.0
1246420 2484.2
1246430 2484.2
1246440 2488.9
1246450 2492.9
1246460 2492.9
1246470 2495.9
1246480 2499.1
1246490 2499.1
1246500 2501.4
1246510 2504.1
1246520 2506.4
1246530 2506.4
1246540 2507.8
1246550 2508.1
1246560 2508.1
1246570 2506.4
1246580 2505.9
1246590 2505.9
1246600 2507.2
1246610 2507.5
1246620 2507.5
1246630 2509.9
1246640 2531.8
1246650 2531.8
1246660 2548.6
1246670 2547.1
1246680 2547.1
1246690 2543.8
1246700 2542.6
1246710 2542.6
1246720 2539.5
1246730 2539.8
1246740 2550.3
1246750 2550.3
1246760 2545.1
1246770 2546.1
1246780 2546.1
1246790 2549.7
1246800 2558.5
1246810 2558.5
1246820 2567.9
1246830 2576.6
1246840 2576.6
1246850 2587.1
1246860 2582.5
1246870 2582.5
1246880 2566.7
1246890 2564.9
1246900 2564.9
1246910 2573.8
1246920 2583.5
1246930 2583.5
1246940 2585.6
1246950 2593.3
1246960 2603.1
1246970 2603.1
1246980 2606.5
1246990 2614.1
1247000 2614.1
1247010 2622.8
1247020 2627.5
1247030 2627.5
1247040 2624.1
1247050 2613.2
1247060 2613.2
1247070 2608.9
1247080 2614.0
1247090 2614.0
1247100 2606.9
1247110 2608.8
1247120 2608.8
1247130 2618.3
1247140 2628.3
1247150 2628.3
1247160 2635.2
1247170 2638.8
1247180 2644.3
1247190 2644.3
1247200 2653.3
1247210 2650.9
1247220 2650.9
1247230 2639.6
1247240 2628.3
1247250 2628.3
1247260 2619.8
1247270 2604.5
1247280 2604.5
1247290 2597.2
1247300 2590.7
1247310 2590.7
1247320 2586.7
1247330 2583.1
1247340 2583.1
1247350 2572.8
1247360 2564.8
1247370 2564.8
1247380 2557.0
1247390 2546.8
1247400 2540.7
1247410 2540.7
1247420 2532.3
1247430 2521.7
1247440 2521.7
1247450 2510.4
1247460 2497.8
1247470 2497.8
1247480 2485.6
1247490 2471.4
1247500 2471.4
1247510 2458.7
1247520 2447.3
1247530 2447.3
1247540 2438.4
1247550 2429.2
1247560 2429.2
1247570 2418.8
1247580 2409.7
1247590 2409.7
1247600 2400.4
1247610 2392.4
1247620 2385.3
1247630 2385.3
1247640 2374.3
1247650 2362.1
1247660 2362.1
1247670 2349.0
1247680 2335.7
1247690 2335.7
1247700 2320.9
1247710 2305.9
1247720 2305.9
1247730 2292.0
1247740 2279.3
1247750 2279.3
1247760 2262.5
1247770 2251.3
1247780 2251.3
1247790 2240.6
1247800 2230.3
1247810 2222.7
1247820 2222.7
1247830 2206.4
1247840 2192.1
1247850 2192.1
1247860 2181.4
1247870 2171.3
1247880 2171.3
1247890 2162.4
1247900 2153.7
1247910 2153.7
1247920 2145.8
1247930 2138.1
1247940 2138.1
1247950 2129.5
1247960 2121.4
1247970 2121.4
1247980 2109.1
1247990 2097.2
1248000 2097.2
1248010 2089.5
1248020 2080.5
1248030 2072.0
1248040 2072.0
1248050 2066.2
1248060 2061.4
1248070 2061.4
1248080 2055.8
1248090 2051.0
1248100 2051.0
1248110 2049.9
1248120 2052.3
1248130 2052.3
1248140 2049.4
1248150 2035.9
1248160 2035.9
1248170 2019.7
1248180 2008.6
1248190 2008.6
1248200 1999.8
1248210 1990.4
1248220 1990.4
1248230 1980.9
1248240 1972.9
1248250 1965.2
1248260 1965.2
1248270 1957.9
1248280 1950.2
1248290 1950.2
1248300 1942.2
1248310 1934.5
1248320 1934.5
1248330 1927.2
1248340 1922.6
1248350 1922.6
1248360 1913.8
1248370 1905.3
1248380 1905.3
1248390 1896.9
1248400 1888.8
1248410 1888.8
1248420 1881.3
1248430 1873.9
1248440 1873.9
1248450 1866.9
1248460 1859.9
1248470 1852.9
1248480 1852.9
1248490 1846.2
1248500 1839.4
1248510 1839.4
1248520 1833.0
1248530 1826.7
1248540 1826.7
1248550 1820.2
1248560 1814.0
1248570 1814.0
1248580 1806.8
1248590 1800.2
1248600 1800.2
1248610 1793.6
1248620 1786.8
1248630 1786.8
1248640 1779.8
1248650 1773.1
1248660 1773.1
1248670 1766.1
1248680 1759.2
1248690 1751.7
1248700 1751.7
1248710 1744.9
1248720 1737.7
1248730 1737.7
1248740 1730.5
1248750 1723.6
1248760 1723.6
1248770 1716.1
1248780 1708.4
1248790 1708.4
1248800 1700.9
1248810 1694.0
1248820 1694.0
1248830 1686.5
1248840 1679.2
1248850 1679.2
1248860 1672.1
1248870 1665.9
1248880 1666.0
1248890 1659.9
1248900 1653.7
1248910 1647.5
1248920 1647.5
1248930 1640.8
1248940 1634.3
1248950 1634.3
1248960 1627.4
1248970 1620.1
1248980 1620.1
1248990 1613.3
1249000 1606.0
1249010 1606.0
1249020 1599.2
1249030 1592.8
1249040 1592.8
1249050 1587.4
1249060 1581.8
1249070 1581.8
1249080 1576.0
1249090 1570.0
1249100 1570.0
1249110 1563.1
1249120 1556.6
1249130 1551.0
1249140 1551.0
1249150 1545.6
1249160 1539.9
1249170 1539.9
1249180 1535.3
1249190 1528.4
1249200 1528.4
1249210 1520.8
1249220 1514.4
1249230 1514.4
1249240 1509.2
1249250 1503.7
1249260 1503.7
1249270 1498.5
1249280 1493.8
1249290 1493.8
1249300 1489.9
1249310 1486.2
1249320 1485.5
1249330 1485.5
1249340 1494.8
1249350 1505.4
1249360 1505.4
1249370 1515.9
1249380 1523.7
1249390 1523.7
1249400 1526.9
1249410 1530.4
1249420 1519.9
1249430 1526.3
1249440 1536.1
1249450 1536.1
1249460 1543.0
1249470 1550.4
1249480 1550.4
1249490 1559.9
1249500 1569.0
1249510 1569.0
1249520 1572.8
1249530 1568.1
1249540 1561.7
1249550 1561.7
1249560 1554.9
1249570 1546.6
1249580 1546.6
1249590 1538.5
1249600 1531.0
1249610 1531.0
1249620 1522.5
1249630 1514.2
1249640 1514.2
1249650 1505.2
1249660 1497.6
1249670 1497.6
1249680 1491.2
1249690 1485.2
1249700 1485.2
1249710 1478.8
1249720 1472.5
1249730 1472.5
1249740 1466.4
1249750 1460.9
1249760 1455.5
1249770 1455.5
1249780 1449.3
1249790 1443.0
1249800 1443.0
1249810 1437.2
1249820 1432.6
1249830 1432.6
1249840 1427.6
1249850 1422.7
1249860 1422.7
1249870 1417.2
1249880 1410.1
1249890 1410.1
1249900 1401.3
1249910 1393.2
1249920 1393.2
1249930 1383.6
1249940 1368.5
1249950 1368.5
1249960 1350.3
1249970 1340.9
1249980 1331.9
1249990 1331.9
1250000 1324.2
1250010 1318.1
1250020 1318.1
1250030 1311.8
1250040 1305.4
1250050 1305.4
1250060 1299.5
1250070 1293.4
1250080 1293.4
1250090 1289.1
1250100 1286.7
1250110 1286.7
1250120 1285.3
1250130 1283.6
1250140 1283.6
1250150 1278.5
1250160 1271.9
1250170 1271.9
1250180 1266.4
1250190 1262.1
1250200 1256.1
1250210 1256.1
1250220 1251.4
1250230 1247.4
1250240 1247.4
1250250 1242.7
1250260 1237.6
1250270 1237.6
1250280 1231.9
1250290 1225.9
1250300 1225.9
1250310 1219.7
1250320 1214.0
1250330 1214.0
1250340 1211.8
1250350 1211.5
1250360 1211.5
1250370 1211.2
1250380 1209.7
1250390 1209.7
1250400 1207.7
1250410 1207.5
1250420 1208.5
1250430 1208.5
1250440 1209.2
1250450 1209.0
1250460 1209.0
1250470 1208.3
1250480 1207.5
1250490 1207.5
1250500 1206.5
1250510 1206.2
1250520 1206.2
1250530 1205.8
1250540 1205.6
1250550 1205.6
1250560 1205.3
1250570 1205.0
1250580 1205.0
1250590 1204.7
1250600 1204.4
1250610 1204.4
1250620 1204.2
1250630 1204.0
1250640 1203.8
1250650 1203.8
1250660 1203.6
1250670 1203.4
1250680 1203.4
1250690 1203.1
1250700 1203.0
1250710 1203.0
1250720 1202.8
1250730 1202.6
1250740 1202.6
1250750 1202.5
1250760 1202.3
1250770 1202.3
1250780 1201.9
1250790 1201.7
1250800 1201.7
1250810 1201.5
1250820 1201.4
1250830 1201.3
1250840 1201.3
1250850 1201.2
1250860 1201.1
1250870 1201.1
1250880 1201.4
1250890 1201.6
1250900 1201.6
1250910 1201.6
1250920 1201.6
1250930 1201.6
1250940 1201.7
1250950 1201.9
1250960 1201.9
1250970 1202.3
1250980 1203.0
1250990 1203.0
1251000 1203.7
1251010 1204.2
1251020 1204.2
1251030 1204.6
1251040 1205.5
1251050 1206.1
1251060 1206.1
1251070 1207.9
1251080 1210.8
1251090 1210.8
1251100 1214.1
1251110 1217.3
1251120 1217.3
1251130 1223.0
1251140 1229.6
1251150 1229.6
1251160 1235.8
1251170 1241.9
1251180 1241.9
1251190 1247.9
1251200 1261.4
1251210 1261.4
1251220 1275.7
1251230 1280.0
1251240 1280.0
1251250 1284.3
1251260 1287.9
1251270 1290.4
1251280 1290.4
1251290 1295.3
1251300 1301.6
1251310 1301.6
1251320 1308.4
1251330 1314.7
1251340 1314.7
1251350 1323.7
1251360 1333.3
1251370 1333.3
1251380 1344.2
1251390 1348.6
1251400 1348.6
1251410 1353.5
1251420 1359.2
1251430 1359.2
1251440 1371.6
1251450 1380.6
1251460 1380.6
1251470 1384.1
1251480 1382.2
1251490 1384.1
1251500 1384.1
1251510 1386.3
1251520 1383.7
1251530 1383.7
1251540 1384.5
1251550 1387.4
1251560 1387.4
1251570 1387.9
1251580 1396.0
1251590 1396.0
1251600 1393.9
1251610 1394.0
1251620 1394.0
1251630 1396.3
1251640 1406.2
1251650 1406.2
1251660 1424.9
1251670 1440.9
1251680 1440.9
1251690 1452.2
1251700 1461.5
1251710 1468.2
1251720 1468.2
1251730 1482.5
1251740 1500.4
1251750 1500.4
1251760 1513.5
1251770 1534.2
1251780 1534.2
1251790 1557.5
1251800 1573.9
1251810 1573.9
1251820 1595.1
1251830 1608.6
1251840 1608.6
1251850 1610.3
1251860 1611.6
1251870 1611.6
1251880 1613.2
1251890 1615.9
1251900 1615.9
1251910 1620.2
1251920 1624.6
1251930 1629.2
1251940 1629.2
1251950 1634.2
1251960 1640.5
1251970 1640.5
1251980 1647.5
1251990 1654.2
1252000 1654.2
1252010 1661.0
1252020 1669.0
1252030 1669.0
1252040 1677.7
1252050 1686.4
1252060 1686.4
1252070 1696.6
1252080 1708.0
1252090 1708.0
1252100 1714.3
1252110 1718.7
1252120 1725.2
1252130 1735.8
1252140 1742.7
1252150 1759.5
1252160 1759.5
1252170 1767.1
1252180 1771.3
1252190 1771.3
1252200 1774.4
1252210 1777.5
1252220 1777.5
1252230 1781.3
1252240 1786.1
1252250 1786.1
1252260 1791.6
1252270 1799.5
1252280 1799.5
1252290 1807.0
1252300 1813.4
1252310 1813.4
1252320 1819.9
1252330 1826.4
1252340 1832.9
1252350 1832.9
1252360 1839.4
1252370 1846.6
1252380 1846.6
1252390 1855.1
1252400 1864.5
1252410 1864.5
1252420 1870.7
1252430 1874.6
1252440 1874.6
1252450 1879.0
1252460 1882.7
1252470 1882.7
1252480 1885.4
1252490 1887.8
1252500 1887.8
1252510 1890.7
1252520 1893.7
1252530 1893.7
1252540 1896.2
1252550 1897.9
1252560 1900.5
1252570 1900.5
1252580 1905.0
1252590 1909.8
1252600 1909.8
1252610 1915.2
1252620 1920.5
1252630 1920.5
1252640 1924.3
1252650 1926.5
1252660 1926.5
1252670 1931.9
1252680 1934.5
1252690 1934.5
1252700 1939.3
1252710 1945.1
1252720 1945.1
1252730 1950.2
1252740 1954.6
1252750 1954.6
1252760 1958.3
1252770 1962.2
1252780 1965.0
1252790 1965.0
1252800 1969.2
1252810 1979.7
1252820 1979.7
1252830 1987.9
1252840 1991.4
1252850 1991.4
1252860 1993.6
1252870 1995.7
1252880 1995.7
1252890 1998.5
1252900 2001.0
1252910 2001.0
1252920 2003.4
1252930 2006.3
1252940 2006.3
1252950 2009.1
1252960 2012.1
1252970 2012.1
1252980 2015.6
1252990 2019.0
1253000 2021.2
1253010 2021.2
1253020 2023.8
1253030 2027.2
1253040 2027.2
1253050 2031.8
1253060 2038.0
1253070 2038.0
1253080 2046.5
1253090 2057.1
1253100 2057.1
1253110 2065.2
1253120 2074.1
1253130 2074.1
1253140 2079.5
1253150 2085.1
1253160 2085.1
1253170 2094.7
1253180 2106.3
1253190 2106.3
1253200 2115.7
1253210 2124.0
1253220 2130.0
1253230 2130.0
1253240 2136.8
1253250 2143.4
1253260 2143.4
1253270 2150.6
1253280 2156.8
1253290 2156.8
1253300 2163.3
1253310 2169.9
1253320 2169.9
1253330 2175.0
1253340 2179.8
1253350 2179.8
1253360 2184.8
1253370 2188.7
1253380 2188.7
1253390 2189.8
1253400 2189.3
1253410 2189.3
1253420 2190.3
1253430 2194.4
1253440 2200.3
1253450 2200.3
1253460 2205.8
1253470 2212.0
1253480 2212.0
1253490 2218.5
1253500 2225.1
1253510 2225.1
1253520 2230.6
1253530 2236.4
1253540 2236.4
1253550 2242.1
1253560 2248.0
1253570 2248.0
1253580 2255.0
1253590 2262.1
1253600 2262.1
1253610 2267.4
1253620 2271.2
1253630 2276.5
1253640 2276.5
1253650 2284.3
1253660 2290.6
1253670 2290.6
1253680 2297.2
1253690 2301.8
1253700 2301.8
1253710 2306.3
1253720 2311.9
1253730 2311.9
1253740 2317.9
1253750 2326.2
1253760 2326.2
1253770 2333.1
1253780 2340.3
1253790 2340.3
1253800 2347.8
1253810 2352.8
1253820 2352.8
1253830 2357.9
1253840 2362.0
1253850 2362.1
1253860 2362.1
1253870 2357.9
1253880 2352.7
1253890 2352.7
1253900 2348.2
1253910 2343.9
1253920 2343.9
1253930 2339.6
1253940 2336.7
1253950 2336.7
1253960 2334.8
1253970 2331.5
1253980 2331.5
1253990 2328.6
1254000 2326.8
1254010 2326.8
1254020 2324.9
1254030 2325.2
1254040 2325.2
1254050 2325.7
1254060 2323.3
1254070 2320.4
1254080 2320.4
1254090 2317.9
1254100 2315.9
1254110 2315.9
1254120 2314.8
1254130 2313.0
1254140 2313.0
1254150 2310.8
1254160 2309.2
1254170 2309.2
1254180 2306.9
1254190 2302.8
1254200 2302.8
1254210 2298.2
1254220 2296.5
1254230 2296.5
1254240 2296.0
1254250 2294.3
1254260 2294.3
1254270 2284.4
1254280 2270.4
1254290 2264.9
1254300 2264.9
1254310 2260.6
1254320 2263.7
1254330 2263.7
1254340 2258.4
1254350 2256.0
1254360 2256.0
1254370 2252.8
1254380 2248.7
1254390 2248.7
1254400 2244.7
1254410 2241.0
1254420 2241.0
1254430 2238.3
1254440 2236.6
1254450 2236.6
1254460 2237.0
1254470 2236.1
1254480 2236.1
1254490 2234.4
1254500 2232.9
1254510 2233.4
1254520 2233.4
1254530 2234.0
1254540 2234.9
1254550 2234.9
1254560 2236.2
1254570 2237.9
1254580 2237.9
1254590 2239.9
1254600 2242.5
1254610 2242.5
1254620 2245.1
1254630 2247.4
1254640 2247.4
1254650 2249.4
1254660 2252.0
1254670 2252.0
1254680 2255.2
1254690 2258.2
1254700 2258.2
1254710 2260.4
1254720 2262.9
1254730 2266.2
1254740 2266.2
1254750 2269.4
1254760 2272.8
1254770 2272.8
1254780 2276.4
1254790 2280.3
1254800 2280.3
1254810 2284.8
1254820 2289.3
1254830 2289.3
1254840 2294.0
1254850 2298.8
1254860 2298.8
1254870 2304.2
1254880 2309.3
1254890 2309.3
1254900 2314.5
1254910 2319.8
1254920 2325.1
1254930 2325.1
1254940 2330.7
1254950 2336.4
1254960 2336.4
1254970 2342.3
1254980 2348.1
1254990 2348.1
1255000 2354.1
1255010 2360.2
1255020 2360.2
1255030 2366.4
1255040 2372.7
1255050 2372.7
1255060 2379.1
1255070 2385.5
1255080 2385.5
1255090 2392.2
1255100 2398.8
1255110 2398.8
1255120 2405.5
1255130 2412.2
1255140 2419.1
1255150 2419.1
1255160 2425.9
1255170 2432.7
1255180 2432.7
1255190 2439.5
1255200 2446.2
1255210 2446.2
1255220 2452.8
1255230 2459.0
1255240 2459.0
1255250 2464.9
1255260 2472.8
1255270 2472.8
1255280 2485.3
1255290 2497.2
1255300 2497.2
1255310 2504.3
1255320 2509.7
1255330 2509.7
1255340 2514.8
1255350 2519.7
1255360 2524.9
1255370 2524.9
1255380 2530.3
1255390 2535.5
1255400 2535.5
1255410 2541.7
1255420 2553.1
1255430 2553.1
1255440 2561.5
1255450 2573.7
1255460 2573.7
1255470 2585.7
1255480 2595.2
1255490 2595.2
1255500 2605.1
1255510 2617.0
1255520 2617.0
1255530 2631.8
1255540 2646.0
1255550 2646.0
1255560 2663.2
1255570 2676.3
1255580 2689.4
1255590 2689.4
1255600 2699.3
1255610 2710.9
1255620 2710.9
1255630 2718.1
1255640 2722.7
1255650 2722.7
1255660 2733.9
1255670 2744.2
1255680 2744.2
1255690 2755.8
1255700 2767.2
1255710 2767.2
1255720 2775.1
1255730 2777.5
1255740 2777.5
1255750 2779.4
1255760 2780.0
1255770 2780.0
1255780 2781.4
1255790 2780.8
1255800 2781.7
1255810 2781.7
1255820 2784.1
1255830 2788.6
1255840 2788.6
1255850 2791.1
1255860 2796.9
1255870 2796.9
1255880 2804.6
1255890 2816.5
1255900 2816.5
1255910 2830.4
1255920 2842.8
1255930 2842.8
1255940 2854.9
1255950 2865.1
1255960 2865.1
1255970 2867.1
1255980 2877.6
1255990 2877.6
1256000 2886.5
1256010 2896.2
1256020 2908.3
1256030 2908.3
1256040 2910.5
1256050 2900.1
1256060 2900.1
1256070 2891.8
1256080 2880.1
1256090 2880.1
1256100 2869.9
1256110 2860.6
1256120 2860.6
1256130 2846.6
1256140 2838.1
1256150 2838.1
1256160 2832.2
1256170 2827.5
1256180 2827.5
1256190 2824.1
1256200 2820.2
1256210 2817.8
1256220 2817.8
1256230 2817.3
1256240 2817.2
1256250 2817.2
1256260 2816.5
1256270 2815.0
1256280 2815.0
1256290 2812.3
1256300 2809.1
1256310 2809.1
1256320 2805.7
1256330 2802.1
1256340 2802.1
1256350 2799.9
1256360 2797.7
1256370 2797.7
1256380 2793.8
1256390 2793.5
1256400 2793.5
1256410 2798.6
1256420 2799.6
1256430 2800.3
1256440 2800.3
1256450 2803.2
1256460 2808.5
1256470 2808.5
1256480 2813.5
1256490 2816.1
1256500 2816.1
1256510 2818.9
1256520 2821.7
1256530 2835.6
1256540 2839.2
1256550 2843.0
1256560 2843.0
1256570 2848.1
1256580 2851.9
1256590 2851.9
1256600 2857.3
1256610 2865.4
1256620 2865.4
1256630 2870.8
1256640 2876.2
1256650 2880.1
1256660 2880.1
1256670 2885.0
1256680 2891.0
1256690 2891.0
1256700 2897.0
1256710 2904.6
1256720 2904.6
1256730 2911.9
1256740 2918.1
1256750 2918.1
1256760 2922.2
1256770 2924.7
1256780 2924.7
1256790 2929.4
1256800 2936.0
1256810 2936.0
1256820 2943.3
1256830 2955.5
1256840 2955.5
1256850 2961.6
1256860 2954.4
1256870 2942.4
1256880 2942.4
1256890 2929.8
1256900 2918.1
1256910 2918.1
1256920 2906.0
1256930 2893.4
1256940 2893.4
1256950 2882.0
1256960 2864.1
1256970 2864.1
1256980 2833.8
1256990 2813.4
1257000 2813.4
1257010 2798.0
1257020 2792.9
1257030 2792.9
1257040 2789.5
1257050 2786.0
1257060 2786.0
1257070 2781.7
1257080 2781.9
1257090 2776.7
1257100 2776.7
1257110 2771.7
1257120 2767.1
1257130 2767.1
1257140 2762.8
1257150 2758.8
1257160 2758.8
1257170 2755.2
1257180 2751.9
1257190 2751.9
1257200 2749.3
1257210 2747.2
1257220 2747.2
1257230 2745.9
1257240 2744.8
1257250 2744.8
1257260 2743.7
1257270 2742.6
1257280 2742.6
1257290 2741.6
1257300 2740.5
1257310 2739.2
1257320 2739.2
1257330 2737.7
1257340 2736.2
1257350 2736.2
1257360 2736.1
1257370 2738.4
1257380 2738.4
1257390 2737.2
1257400 2730.6
1257410 2730.6
1257420 2723.9
1257430 2715.3
1257440 2715.3
1257450 2705.7
1257460 2698.0
1257470 2698.0
1257480 2690.2
1257490 2681.6
1257500 2681.6
1257510 2672.9
1257520 2662.8
1257530 2654.2
1257540 2654.2
1257550 2646.1
1257560 2639.8
1257570 2639.8
1257580 2633.4
1257590 2625.9
1257600 2625.9
1257610 2619.2
1257620 2613.9
1257630 2613.9
1257640 2613.0
1257650 2604.2
1257660 2604.2
1257670 2596.8
1257680 2591.1
1257690 2591.1
1257700 2587.1
1257710 2585.2
1257720 2584.4
1257730 2584.4
1257740 2581.8
1257750 2575.7
1257760 2575.7
1257770 2569.6
1257780 2562.0
1257790 2562.0
1257800 2553.7
1257810 2543.5
1257820 2543.5
1257830 2532.9
1257840 2522.6
1257850 2522.6
1257860 2512.3
1257870 2503.2
1257880 2503.2
1257890 2493.8
1257900 2484.2
1257910 2484.2
1257920 2474.4
1257930 2466.1
1257940 2460.4
1257950 2460.4
1257960 2456.1
1257970 2448.1
1257980 2448.1
1257990 2440.2
1258000 2431.0
1258010 2431.0
1258020 2423.9
1258030 2417.5
1258040 2417.5
1258050 2408.5
1258060 2401.2
1258070 2401.2
1258080 2394.4
1258090 2383.9
1258100 2383.9
1258110 2369.6
1258120 2354.9
1258130 2354.9
1258140 2337.4
1258150 2325.2
1258160 2312.3
1258170 2312.3
1258180 2298.7
1258190 2284.0
1258200 2272.6
1258210 2262.8
1258220 2254.4
1258230 2254.4
1258240 2245.6
1258250 2234.6
1258260 2234.6
1258270 2221.7
1258280 2210.3
1258290 2210.3
1258300 2204.4
1258310 2198.8
1258320 2198.8
1258330 2192.1
1258340 2186.8
1258350 2186.8
1258360 2181.3
1258370 2175.2
1258380 2171.1
1258390 2171.1
1258400 2168.1
1258410 2164.1
1258420 2164.1
1258430 2159.8
1258440 2155.6
1258450 2155.6
1258460 2151.1
1258470 2147.2
1258480 2147.2
1258490 2143.6
1258500 2140.0
1258510 2140.0
1258520 2136.6
1258530 2133.9
1258540 2133.9
1258550 2131.5
1258560 2129.0
1258570 2129.0
1258580 2126.8
1258590 2125.0
1258600 2123.0
1258610 2123.0
1258620 2120.9
1258630 2119.1
1258640 2119.1
1258650 2117.8
1258660 2116.5
1258670 2116.5
1258680 2115.0
1258690 2114.1
1258700 2114.1
1258710 2113.5
1258720 2111.4
1258730 2111.4
1258740 2110.4
1258750 2111.2
1258760 2118.6
1258770 2125.1
1258780 2152.8
1258790 2152.8
1258800 2162.8
1258810 2160.6
1258820 2165.9
1258830 2165.9
1258840 2175.0
1258850 2176.4
1258860 2176.4
1258870 2175.1
1258880 2178.4
1258890 2178.4
1258900 2182.5
1258910 2186.5
1258920 2186.5
1258930 2189.1
1258940 2206.4
1258950 2206.4
1258960 2220.5
1258970 2214.0
1258980 2214.0
1258990 2203.7
1259000 2193.7
1259010 2186.1
1259020 2186.1
1259030 2178.4
1259040 2171.7
1259050 2171.7
1259060 2166.4
1259070 2161.5
1259080 2161.5
1259090 2157.6
1259100 2157.6
1259110 2157.6
1259120 2158.3
1259130 2157.2
1259140 2157.2
1259150 2156.5
1259160 2156.2
1259170 2156.2
1259180 2155.0
1259190 2153.7
1259200 2153.7
1259210 2153.3
1259220 2153.6
1259230 2151.7
1259240 2151.7
1259250 2147.6
1259260 2142.4
1259270 2142.4
1259280 2140.4
1259290 2142.9
1259300 2142.9
1259310 2143.4
1259320 2145.6
1259330 2145.6
1259340 2144.4
1259350 2144.0
1259360 2144.0
1259370 2144.8
1259380 2148.6
1259390 2148.6
1259400 2153.2
1259410 2157.6
1259420 2157.6
1259430 2160.1
1259440 2161.4
1259450 2161.9
1259460 2161.9
1259470 2162.3
1259480 2161.5
1259490 2161.5
1259500 2160.3
1259510 2159.1
1259520 2159.1
1259530 2158.2
1259540 2158.7
1259550 2158.7
1259560 2162.2
1259570 2165.7
1259580 2165.7
1259590 2170.3
1259600 2175.1
1259610 2175.1
1259620 2179.9
1259630 2184.4
1259640 2184.4
1259650 2188.7
1259660 2192.8
1259670 2196.4
1259680 2196.4
1259690 2199.7
1259700 2203.2
1259710 2203.2
1259720 2206.6
1259730 2210.8
1259740 2210.8
1259750 2214.5
1259760 2217.1
1259770 2217.1
1259780 2220.0
1259790 2222.5
1259800 2222.5
1259810 2226.1
1259820 2231.7
1259830 2231.7
1259840 2250.6
1259850 2319.7
1259860 2319.7
1259870 2378.6
1259880 2407.2
1259890 2421.0
1259900 2421.0
1259910 2433.1
1259920 2443.5
1259930 2443.5
1259940 2446.4
1259950 2448.0
1259960 2448.0
1259970 2450.2
1259980 2454.4
1259990 2454.4
