1240000 2548.6
1240010 2548.9
1240020 2548.9
1240030 2549.4
1240040 2552.7
1240050 2552.7
1240060 2557.4
1240070 2559.6
1240080 2560.2
1240090 2560.2
1240100 2560.7
1240110 2560.1
1240120 2560.1
1240130 2563.4
1240140 2568.2
1240150 2568.2
1240160 2572.2
1240170 2574.6
1240180 2574.6
1240190 2577.8
1240200 2582.8
1240210 2582.8
1240220 2588.2
1240230 2593.2
1240240 2593.2
1240250 2598.7
1240260 2605.2
1240270 2605.2
1240280 2611.7
1240290 2618.8
1240300 2625.6
1240310 2625.6
1240320 2636.2
1240330 2647.7
1240340 2647.7
1240350 2654.7
1240360 2660.9
1240370 2660.9
1240380 2668.4
1240390 2678.0
1240400 2680.8
1240410 2687.0
1240420 2692.2
1240430 2692.2
1240440 2696.7
1240450 2700.0
1240460 2700.0
1240470 2703.4
1240480 2708.2
1240490 2708.2
1240500 2711.7
1240510 2712.9
1240520 2714.9
1240530 2714.9
1240540 2717.3
1240550 2721.2
1240560 2721.2
1240570 2725.1
1240580 2728.6
1240590 2728.6
1240600 2730.8
1240610 2732.6
1240620 2732.6
1240630 2735.7
1240640 2739.5
1240650 2739.5
1240660 2743.4
1240670 2747.5
1240680 2747.5
1240690 2751.5
1240700 2755.2
1240710 2755.2
1240720 2758.3
1240730 2759.3
1240740 2760.5
1240750 2760.5
1240760 2761.3
1240770 2760.7
1240780 2760.7
1240790 2759.2
1240800 2758.0
1240810 2758.0
1240820 2758.4
1240830 2760.3
1240840 2760.3
1240850 2764.7
1240860 2771.6
1240870 2771.6
1240880 2778.3
1240890 2784.4
1240900 2784.4
1240910 2790.5
1240920 2800.5
1240930 2800.5
1240940 2806.6
1240950 2815.4
1240960 2827.2
1240970 2827.2
1240980 2843.5
1240990 2860.1
1241000 2860.1
1241010 2871.0
1241020 2880.0
1241030 2880.0
1241040 2890.1
1241050 2904.3
1241060 2904.3
1241070 2927.4
1241080 2945.9
1241090 2945.9
1241100 2961.3
1241110 2973.2
1241120 2973.2
1241130 2982.3
1241140 2991.9
1241150 2991.9
1241160 3003.7
1241170 3015.4
1241180 3025.7
1241190 3025.7
1241200 3036.2
1241210 3045.9
1241220 3045.9
1241230 3051.2
1241240 3056.0
1241250 3056.0
1241260 3056.8
1241270 3060.0
1241280 3060.0
1241290 3065.4
1241300 3072.3
1241310 3072.3
1241320 3080.0
1241330 3087.3
1241340 3087.3
1241350 3095.3
1241360 3102.9
1241370 3102.9
1241380 3102.9
1241390 3095.5
1241400 3084.5
1241410 3084.5
1241420 3072.4
1241430 3058.3
1241440 3057.0
1241450 3043.4
1241460 3029.5
1241470 3029.5
1241480 3020.2
1241490 3013.1
1241500 3013.1
1241510 3005.7
1241520 2997.0
1241530 2997.0
1241540 2983.9
1241550 2970.1
1241560 2970.1
1241570 2965.1
1241580 2961.7
1241590 2958.7
1241600 2958.7
1241610 2956.4
1241620 2954.6
1241630 2954.6
1241640 2953.1
1241650 2951.8
1241660 2951.8
1241670 2950.8
1241680 2950.0
1241690 2950.0
1241700 2949.4
1241710 2949.0
1241720 2949.0
1241730 2948.7
1241740 2948.7
1241750 2948.7
1241760 2948.6
1241770 2948.7
1241780 2948.7
1241790 2949.1
1241800 2949.9
1241810 2950.8
1241820 2950.8
1241830 2951.9
1241840 2953.0
1241850 2953.0
1241860 2954.0
1241870 2955.0
1241880 2955.0
1241890 2955.9
1241900 2956.6
1241910 2956.6
1241920 2957.3
1241930 2957.7
1241940 2957.7
1241950 2957.8
1241960 2960.6
1241970 2960.6
1241980 2960.0
1241990 2959.3
1242000 2959.3
1242010 2958.5
1242020 2957.8
1242030 2957.4
1242040 2957.4
1242050 2957.0
1242060 2956.7
1242070 2956.7
1242080 2956.4
1242090 2956.1
1242100 2956.1
1242110 2955.6
1242120 2955.0
1242130 2955.0
1242140 2954.3
1242150 2953.6
1242160 2953.6
1242170 2953.1
1242180 2952.9
1242190 2952.9
1242200 2952.9
1242210 2952.9
1242220 2952.9
1242230 2952.1
1242240 2953.3
1242250 2954.1
1242260 2954.1
1242270 2954.4
1242280 2954.7
1242290 2954.7
1242300 2955.0
1242310 2955.3
1242320 2955.3
1242330 2955.8
1242340 2955.8
1242350 2955.8
1242360 2954.9
1242370 2953.3
1242380 2953.3
1242390 2951.5
1242400 2949.7
1242410 2949.7
1242420 2948.1
1242430 2947.1
1242440 2947.1
1242450 2946.8
1242460 2947.6
1242470 2949.5
1242480 2954.1
1242490 2959.7
1242500 2966.5
1242510 2966.5
1242520 2974.0
1242530 2982.7
1242540 2982.7
1242550 2993.6
1242560 3005.0
1242570 3005.0
1242580 3021.1
1242590 3032.7
1242600 3032.7
1242610 3048.3
1242620 3064.5
1242630 3064.5
1242640 3074.2
1242650 3080.0
1242660 3080.0
1242670 3087.6
1242680 3095.8
1242690 3099.8
1242700 3099.8
1242710 3099.7
1242720 3102.5
1242730 3102.5
1242740 3110.4
1242750 3125.9
1242760 3125.9
1242770 3142.6
1242780 3155.4
1242790 3155.4
1242800 3165.7
1242810 3168.4
1242820 3168.4
1242830 3168.3
1242840 3169.2
1242850 3169.2
1242860 3170.1
1242870 3170.2
1242880 3170.2
1242890 3171.5
1242900 3172.9
1242910 3174.3
1242920 3174.3
1242930 3176.4
1242940 3186.4
1242950 3186.4
1242960 3199.9
1242970 3187.7
1242980 3187.7
1242990 3167.8
1243000 3151.2
1243010 3145.2
1243020 3130.2
1243030 3122.8
1243040 3122.8
1243050 3118.9
1243060 3114.7
1243070 3114.7
1243080 3110.3
1243090 3107.4
1243100 3107.4
1243110 3102.9
1243120 3098.6
1243130 3093.5
1243140 3093.5
1243150 3088.3
1243160 3082.3
1243170 3082.3
1243180 3076.0
1243190 3069.8
1243200 3069.8
1243210 3063.9
1243220 3058.4
1243230 3058.4
1243240 3053.3
1243250 3048.6
1243260 3048.6
1243270 3043.8
1243280 3038.6
1243290 3038.6
1243300 3033.2
1243310 3027.6
1243320 3027.6
1243330 3021.9
1243340 3016.0
1243350 3010.6
1243360 3010.6
1243370 3007.1
1243380 3004.7
1243390 3004.7
1243400 3002.0
1243410 2998.1
1243420 2998.1
1243430 2992.9
1243440 2988.4
1243450 2988.4
1243460 2985.2
1243470 2980.7
1243480 2980.7
1243490 2977.3
1243500 2971.8
1243510 2971.8
1243520 2964.1
1243530 2949.9
1243540 2949.9
1243550 2940.3
1243560 2933.1
1243570 2925.1
1243580 2925.1
1243590 2919.9
1243600 2917.9
1243610 2917.9
1243620 2915.6
1243630 2913.4
1243640 2913.4
1243650 2911.3
1243660 2909.1
1243670 2909.1
1243680 2907.5
1243690 2906.4
1243700 2906.4
1243710 2904.8
1243720 2903.2
1243730 2903.2
1243740 2901.6
1243750 2900.5
1243760 2900.5
1243770 2898.7
1243780 2897.3
1243790 2896.0
1243800 2896.0
1243810 2894.0
1243820 2891.5
1243830 2891.5
1243840 2888.2
1243850 2883.6
1243860 2883.6
1243870 2878.4
1243880 2873.2
1243890 2873.2
1243900 2867.2
1243910 2861.3
1243920 2861.3
1243930 2855.6
1243940 2849.9
1243950 2849.9
1243960 2844.4
1243970 2838.8
1243980 2838.8
1243990 2833.3
1244000 2828.1
1244010 2823.0
1244020 2823.0
1244030 2818.2
1244040 2815.9
1244050 2815.9
1244060 2812.3
1244070 2810.7
1244080 2810.7
1244090 2809.1
1244100 2807.0
1244110 2807.0
1244120 2804.9
1244130 2803.6
1244140 2803.6
1244150 2803.2
1244160 2801.9
1244170 2801.9
1244180 2799.5
1244190 2799.0
1244200 2799.5
1244210 2799.5
1244220 2801.1
1244230 2804.0
1244240 2804.0
1244250 2807.3
1244260 2811.8
1244270 2811.8
1244280 2816.5
1244290 2821.0
1244300 2821.0
1244310 2826.4
1244320 2831.4
1244330 2831.4
1244340 2835.3
1244350 2839.2
1244360 2839.2
1244370 2847.5
1244380 2861.0
1244390 2861.0
1244400 2876.1
1244410 2893.3
1244420 2911.2
1244430 2911.2
1244440 2909.2
1244450 2901.3
1244460 2901.3
1244470 2896.2
1244480 2892.2
1244490 2892.2
1244500 2889.8
1244510 2888.0
1244520 2888.0
1244530 2886.0
1244540 2881.4
1244550 2881.4
1244560 2874.9
1244570 2870.0
1244580 2870.0
1244590 2871.5
1244600 2868.9
1244610 2868.9
1244620 2864.3
1244630 2859.0
1244640 2852.8
1244650 2852.8
1244660 2848.1
1244670 2844.5
1244680 2844.5
1244690 2841.6
1244700 2839.8
1244710 2839.8
1244720 2838.4
1244730 2836.0
1244740 2836.0
1244750 2833.3
1244760 2830.7
1244770 2830.7
1244780 2828.6
1244790 2826.8
1244800 2826.8
1244810 2825.6
1244820 2822.6
1244830 2822.6
1244840 2818.2
1244850 2813.6
1244860 2809.3
1244870 2809.3
1244880 2805.2
1244890 2803.1
1244900 2803.1
1244910 2798.8
1244920 2794.2
1244930 2794.2
1244940 2790.5
1244950 2788.5
1244960 2788.5
1244970 2787.4
1244980 2786.4
1244990 2786.4
1245000 2785.1
1245010 2783.6
1245020 2783.6
1245030 2781.9
1245040 2778.6
1245050 2778.6
1245060 2772.1
1245070 2765.0
1245080 2758.6
1245090 2758.6
1245100 2754.1
1245110 2751.3
1245120 2750.7
1245130 2748.7
1245140 2746.2
1245150 2746.2
1245160 2742.0
1245170 2737.0
1245180 2737.0
1245190 2732.1
1245200 2726.9
1245210 2726.9
1245220 2722.1
1245230 2717.4
1245240 2717.4
1245250 2711.9
1245260 2707.2
1245270 2707.2
1245280 2703.6
1245290 2701.2
1245300 2699.0
1245310 2699.0
1245320 2698.1
1245330 2697.0
1245340 2697.0
1245350 2695.0
1245360 2689.3
1245370 2689.3
1245380 2682.9
1245390 2678.2
1245400 2678.2
1245410 2672.0
1245420 2667.6
1245430 2667.6
1245440 2662.8
1245450 2657.5
1245460 2657.5
1245470 2653.9
1245480 2652.1
1245490 2652.1
1245500 2649.4
1245510 2644.0
1245520 2637.2
1245530 2637.2
1245540 2630.0
1245550 2621.3
1245560 2621.3
1245570 2609.9
1245580 2604.1
1245590 2604.1
1245600 2600.5
1245610 2595.3
1245620 2595.3
1245630 2588.1
1245640 2579.4
1245650 2583.7
1245660 2574.1
1245670 2567.8
1245680 2567.8
1245690 2562.0
1245700 2556.7
1245710 2556.7
1245720 2550.8
1245730 2543.8
1245740 2537.5
1245750 2537.5
1245760 2530.9
1245770 2523.9
1245780 2523.9
1245790 2517.7
1245800 2512.3
1245810 2512.3
1245820 2507.5
1245830 2503.8
1245840 2503.8
1245850 2501.0
1245860 2498.3
1245870 2498.3
1245880 2496.0
1245890 2492.8
1245900 2492.8
1245910 2489.3
1245920 2485.9
1245930 2485.9
1245940 2482.8
1245950 2480.9
1245960 2479.4
1245970 2479.4
1245980 2477.9
1245990 2476.1
1246000 2476.1
1246010 2474.0
1246020 2471.9
1246030 2471.9
1246040 2470.1
1246050 2469.3
1246060 2469.3
1246070 2469.3
1246080 2469.4
1246090 2469.4
1246100 2469.0
1246110 2467.9
1246120 2467.9
1246130 2467.0
1246140 2466.1
1246150 2466.1
1246160 2465.0
1246170 2464.1
1246180 2461.5
1246190 2461.5
1246200 2456.9
1246210 2453.4
1246220 2453.4
1246230 2451.6
1246240 2449.3
1246250 2449.3
1246260 2445.7
1246270 2443.6
1246280 2443.6
1246290 2442.3
1246300 2441.8
1246310 2441.8
1246320 2441.7
1246330 2442.2
1246340 2442.2
1246350 2441.4
1246360 2440.3
1246370 2440.3
1246380 2440.6
1246390 2440.6
1246400 2438.3
1246410 2438.3
1246420 2437.3
1246430 2433.1
1246440 2433.1
1246450 2427.6
1246460 2423.4
1246470 2423.4
1246480 2419.2
1246490 2412.6
1246500 2412.6
1246510 2402.2
1246520 2390.8
1246530 2390.8
1246540 2384.1
1246550 2381.2
1246560 2381.2
1246570 2379.9
1246580 2379.3
1246590 2379.3
1246600 2377.2
1246610 2373.7
1246620 2371.2
1246630 2371.2
1246640 2368.5
1246650 2364.3
1246660 2364.3
1246670 2359.8
1246680 2356.2
1246690 2356.2
1246700 2354.5
1246710 2344.2
1246720 2344.2
1246730 2340.7
1246740 2337.2
1246750 2337.2
1246760 2333.6
1246770 2329.7
1246780 2329.7
1246790 2325.2
1246800 2319.7
1246810 2311.0
1246820 2311.0
1246830 2304.1
1246840 2301.3
1246850 2301.3
1246860 2301.4
1246870 2301.1
1246880 2301.1
1246890 2298.9
1246900 2295.8
1246910 2295.8
1246920 2291.9
1246930 2287.0
1246940 2287.0
1246950 2282.8
1246960 2279.2
1246970 2279.2
1246980 2275.6
1246990 2271.9
1247000 2271.9
1247010 2268.0
1247020 2264.6
1247030 2261.9
1247040 2261.9
1247050 2258.9
1247060 2255.1
1247070 2255.1
1247080 2251.6
1247090 2248.5
1247100 2248.5
1247110 2245.7
1247120 2243.0
1247130 2243.0
1247140 2239.7
1247150 2234.7
1247160 2234.7
1247170 2228.0
1247180 2220.9
1247190 2220.9
1247200 2215.0
1247210 2210.3
1247220 2210.3
1247230 2205.0
1247240 2198.5
1247250 2191.9
1247260 2191.9
1247270 2185.2
1247280 2178.1
1247290 2178.1
1247300 2171.6
1247310 2164.5
1247320 2164.5
1247330 2160.2
1247340 2157.5
1247350 2157.5
1247360 2152.3
1247370 2147.3
1247380 2147.3
1247390 2144.6
1247400 2145.9
1247410 2145.9
1247420 2148.4
1247430 2145.8
1247440 2145.8
1247450 2144.8
1247460 2141.0
1247470 2136.0
1247480 2136.0
1247490 2129.6
1247500 2119.7
1247510 2119.7
1247520 2112.6
1247530 2114.8
1247540 2114.8
1247550 2110.9
1247560 2099.3
1247570 2099.3
1247580 2093.4
1247590 2090.5
1247600 2090.5
1247610 2081.4
1247620 2072.4
1247630 2072.4
1247640 2066.0
1247650 2068.8
1247660 2068.8
1247670 2074.1
1247680 2070.7
1247690 2066.5
1247700 2066.5
1247710 2061.8
1247720 2056.1
1247730 2056.1
1247740 2049.1
1247750 2043.1
1247760 2043.1
1247770 2037.5
1247780 2027.5
1247790 2027.5
1247800 2022.9
1247810 2013.8
1247820 2013.8
1247830 2002.1
1247840 1994.9
1247850 1994.9
1247860 1990.3
1247870 1993.7
1247880 1993.7
1247890 1999.3
1247900 2003.6
1247910 2003.3
1247920 2003.3
1247930 2001.1
1247940 1999.1
1247950 1999.1
1247960 1996.4
1247970 1993.8
1247980 1993.8
1247990 1989.9
1248000 1985.7
1248010 1985.7
1248020 1982.1
1248030 1979.7
1248040 1979.7
1248050 1979.0
1248060 1978.0
1248070 1978.0
1248080 1976.6
1248090 1975.2
1248100 1975.2
1248110 1973.5
1248120 1970.7
1248130 1967.5
1248140 1967.5
1248150 1965.0
1248160 1963.2
1248170 1963.2
1248180 1963.8
1248190 1964.5
1248200 1964.5
1248210 1964.0
1248220 1963.4
1248230 1963.4
1248240 1962.7
1248250 1961.6
1248260 1961.6
1248270 1960.0
1248280 1958.8
1248290 1958.8
1248300 1958.4
1248310 1950.7
1248320 1950.7
1248330 1949.7
1248340 1948.2
1248350 1946.3
1248360 1946.3
1248370 1949.1
1248380 1950.9
1248390 1950.9
1248400 1950.4
1248410 1952.0
1248420 1952.0
1248430 1955.3
1248440 1957.8
1248450 1957.8
1248460 1959.8
1248470 1962.4
1248480 1962.4
1248490 1965.6
1248500 1968.4
1248510 1968.4
1248520 1970.6
1248530 1973.9
1248540 1973.9
1248550 1978.9
1248560 1983.4
1248570 1986.5
1248580 1986.5
1248590 1991.0
1248600 1994.5
1248610 1994.5
1248620 1999.6
1248630 2004.8
1248640 2004.8
1248650 2008.3
1248660 2014.6
1248670 2014.6
1248680 2025.0
1248690 2040.1
1248700 2040.1
1248710 2052.9
1248720 2051.4
1248730 2051.4
1248740 2045.4
1248750 2043.9
1248760 2043.9
1248770 2045.4
1248780 2049.2
1248790 2053.8
1248800 2053.8
1248810 2059.7
1248820 2068.7
1248830 2068.7
1248840 2079.6
1248850 2084.3
1248860 2084.3
1248870 2095.6
1248880 2105.9
1248890 2105.9
1248900 2108.3
1248910 2108.6
1248920 2108.6
1248930 2112.5
1248940 2118.4
1248950 2118.4
1248960 2124.5
1248970 2135.8
1248980 2135.8
1248990 2147.6
1249000 2152.4
1249010 2151.3
1249020 2151.3
1249030 2149.1
1249040 2140.3
1249050 2140.3
1249060 2129.5
1249070 2121.8
1249080 2121.8
1249090 2117.3
1249100 2114.2
1249110 2114.2
1249120 2110.7
1249130 2107.3
1249140 2107.3
1249150 2102.5
1249160 2098.7
1249170 2098.7
1249180 2095.7
1249190 2092.5
1249200 2087.5
1249210 2087.5
1249220 2083.0
1249230 2077.8
1249240 2077.8
1249250 2073.0
1249260 2066.1
1249270 2066.1
1249280 2060.1
1249290 2054.7
1249300 2054.7
1249310 2049.3
1249320 2044.8
1249330 2044.8
1249340 2040.8
1249350 2035.7
1249360 2035.7
1249370 2030.5
1249380 2025.6
1249390 2026.2
1249400 2022.4
1249410 2019.0
1249420 2015.1
1249430 2015.1
1249440 2011.4
1249450 2008.3
1249460 2008.3
1249470 2005.5
1249480 2002.6
1249490 2002.6
1249500 1999.0
1249510 1995.3
1249520 1995.3
1249530 1991.8
1249540 1988.7
1249550 1988.7
1249560 1985.4
1249570 1981.6
1249580 1981.6
1249590 1977.5
1249600 1973.4
1249610 1973.4
1249620 1968.4
1249630 1962.7
1249640 1957.1
1249650 1957.1
1249660 1951.1
1249670 1944.8
1249680 1944.8
1249690 1939.1
1249700 1933.2
1249710 1933.2
1249720 1927.5
1249730 1921.5
1249740 1921.5
1249750 1915.8
1249760 1910.3
1249770 1910.3
1249780 1905.6
1249790 1900.8
1249800 1900.8
1249810 1895.6
1249820 1890.4
1249830 1890.4
1249840 1884.8
1249850 1879.5
1249860 1874.3
1249870 1874.3
1249880 1869.7
1249890 1865.6
1249900 1865.6
1249910 1861.2
1249920 1857.2
1249930 1857.4
1249940 1854.1
1249950 1850.4
1249960 1850.4
1249970 1846.2
1249980 1842.0
1249990 1842.0
1250000 1837.9
1250010 1834.5
1250020 1834.5
1250030 1830.8
1250040 1826.7
1250050 1826.7
1250060 1822.3
1250070 1817.8
1250080 1813.2
1250090 1813.2
1250100 1808.6
1250110 1803.7
1250120 1803.7
1250130 1796.2
1250140 1786.9
1250150 1786.9
1250160 1776.8
1250170 1767.7
1250180 1767.7
1250190 1759.4
1250200 1751.5
1250210 1751.5
1250220 1745.7
1250230 1743.3
1250240 1743.3
1250250 1743.4
1250260 1742.1
1250270 1742.1
1250280 1734.7
1250290 1726.9
1250300 1720.4
1250310 1720.4
1250320 1715.6
1250330 1712.8
1250340 1712.8
1250350 1710.1
1250360 1706.0
1250370 1706.0
1250380 1700.8
1250390 1696.3
1250400 1696.3
1250410 1689.6
1250420 1681.4
1250430 1681.4
1250440 1675.3
1250450 1669.8
1250460 1669.8
1250470 1661.9
1250480 1655.5
1250490 1655.5
1250500 1651.3
1250510 1646.3
1250520 1642.6
1250530 1642.6
1250540 1638.3
1250550 1633.4
1250560 1633.4
1250570 1629.4
1250580 1624.4
1250590 1624.4
1250600 1617.6
1250610 1611.2
1250620 1611.2
1250630 1605.9
1250640 1602.2
1250650 1602.2
1250660 1597.8
1250670 1592.2
1250680 1592.2
1250690 1585.7
1250700 1578.2
1250710 1578.2
1250720 1572.9
1250730 1571.3
1250740 1571.0
1250750 1571.0
1250760 1567.2
1250770 1562.8
1250780 1562.8
1250790 1558.3
1250800 1553.6
1250810 1553.6
1250820 1549.1
1250830 1543.1
1250840 1543.1
1250850 1536.7
1250860 1528.9
1250870 1528.9
1250880 1517.3
1250890 1506.9
1250900 1506.9
1250910 1495.1
1250920 1484.4
1250930 1484.4
1250940 1471.4
1250950 1462.1
1250960 1452.4
1250970 1452.4
1250980 1438.5
1250990 1425.2
1251000 1425.2
1251010 1397.7
1251020 1379.2
1251030 1379.2
1251040 1369.3
1251050 1368.3
1251060 1368.3
1251070 1365.4
1251080 1355.0
1251090 1355.0
1251100 1343.4
1251110 1331.0
1251120 1331.0
1251130 1322.0
1251140 1314.8
1251150 1314.8
1251160 1307.0
1251170 1295.2
1251180 1286.5
1251190 1286.5
1251200 1277.7
1251210 1267.1
1251220 1267.1
1251230 1253.0
1251240 1244.6
1251250 1244.6
1251260 1244.5
1251270 1248.0
1251280 1248.0
1251290 1245.9
1251300 1242.1
1251310 1242.1
1251320 1238.8
1251330 1236.7
1251340 1236.7
1251350 1233.0
1251360 1228.0
1251370 1228.0
1251380 1223.6
1251390 1219.6
1251400 1214.7
1251410 1214.7
1251420 1210.5
1251430 1205.9
1251440 1205.9
1251450 1201.0
1251460 1196.8
1251470 1196.8
1251480 1191.4
1251490 1186.6
1251500 1186.6
1251510 1185.4
1251520 1184.9
1251530 1184.9
1251540 1184.6
1251550 1184.1
1251560 1183.5
1251570 1180.8
1251580 1180.1
1251590 1178.9
1251600 1178.9
1251610 1174.2
1251620 1173.2
1251630 1173.2
1251640 1176.3
1251650 1178.1
1251660 1178.1
1251670 1178.8
1251680 1181.6
1251690 1181.6
1251700 1185.3
1251710 1190.1
1251720 1190.1
1251730 1196.5
1251740 1201.7
1251750 1201.7
1251760 1204.1
1251770 1206.5
1251780 1206.5
1251790 1208.4
1251800 1209.2
1251810 1210.0
1251820 1210.0
1251830 1212.5
1251840 1214.3
1251850 1214.3
1251860 1216.2
1251870 1217.9
1251880 1217.9
1251890 1219.4
1251900 1219.6
1251910 1219.6
1251920 1220.1
1251930 1222.2
1251940 1222.2
1251950 1224.0
1251960 1225.9
1251970 1225.9
1251980 1227.0
1251990 1228.7
1252000 1228.7
1252010 1232.1
1252020 1234.5
1252030 1235.2
1252040 1235.2
1252050 1235.1
1252060 1235.7
1252070 1235.7
1252080 1237.6
1252090 1239.7
1252100 1243.8
1252110 1244.5
1252120 1246.2
1252130 1246.2
1252140 1245.7
1252150 1246.9
1252160 1246.9
1252170 1246.7
1252180 1246.1
1252190 1246.1
1252200 1247.8
1252210 1247.3
1252220 1247.3
1252230 1248.0
1252240 1249.2
1252250 1261.6
1252260 1261.6
1252270 1270.7
1252280 1273.7
1252290 1273.7
1252300 1277.3
1252310 1281.2
1252320 1281.2
1252330 1285.4
1252340 1292.8
1252350 1292.8
1252360 1303.9
1252370 1314.0
1252380 1314.0
1252390 1322.5
1252400 1328.5
1252410 1328.5
1252420 1335.8
1252430 1343.6
1252440 1343.6
1252450 1352.0
1252460 1360.6
1252470 1370.9
1252480 1370.9
1252490 1384.1
1252500 1398.0
1252510 1398.0
1252520 1408.8
1252530 1415.7
1252540 1415.7
1252550 1421.5
1252560 1426.6
1252570 1426.6
1252580 1432.3
1252590 1436.9
1252600 1436.9
1252610 1441.4
1252620 1445.9
1252630 1445.9
1252640 1450.0
1252650 1458.2
1252660 1458.2
1252670 1463.8
1252680 1469.7
1252690 1476.7
1252700 1476.7
1252710 1484.5
1252720 1492.6
1252730 1492.6
1252740 1502.3
1252750 1516.8
1252760 1516.8
1252770 1532.8
1252780 1544.9
1252790 1544.9
1252800 1552.3
1252810 1556.5
1252820 1556.5
1252830 1561.0
1252840 1565.6
1252850 1565.6
1252860 1569.3
1252870 1572.1
1252880 1572.1
1252890 1574.2
1252900 1575.6
1252910 1576.9
1252920 1576.9
1252930 1582.3
1252940 1588.4
1252950 1588.4
1252960 1601.5
1252970 1613.2
1252980 1613.2
1252990 1619.3
1253000 1623.9
1253010 1623.9
1253020 1627.1
1253030 1631.6
1253040 1631.6
1253050 1636.8
1253060 1641.0
1253070 1641.0
1253080 1645.7
1253090 1655.0
1253100 1655.0
1253110 1667.0
1253120 1674.1
1253130 1680.1
1253140 1680.1
1253150 1687.1
1253160 1694.2
1253170 1694.2
1253180 1701.2
1253190 1711.5
1253200 1711.5
1253210 1717.9
1253220 1724.2
1253230 1724.2
1253240 1732.4
1253250 1740.3
1253260 1740.3
1253270 1742.8
1253280 1748.8
1253290 1748.8
1253300 1755.0
1253310 1765.0
1253320 1765.0
1253330 1777.5
1253340 1785.1
1253350 1797.5
1253360 1797.5
1253370 1811.9
1253380 1819.1
1253390 1819.1
1253400 1824.8
1253410 1832.9
1253420 1832.9
1253430 1844.9
1253440 1858.1
1253450 1858.1
1253460 1869.2
1253470 1885.5
1253480 1885.5
1253490 1897.5
1253500 1908.1
1253510 1908.1
1253520 1916.9
1253530 1924.2
1253540 1924.2
1253550 1931.6
1253560 1938.6
1253570 1946.3
1253580 1946.3
1253590 1954.8
1253600 1964.5
1253610 1964.5
1253620 1973.9
1253630 1983.0
1253640 1983.0
1253650 1990.8
1253660 1995.7
1253670 1995.7
1253680 2000.8
1253690 2005.1
1253700 2005.1
1253710 2009.9
1253720 2016.8
1253730 2016.8
1253740 2027.5
1253750 2034.8
1253760 2034.8
1253770 2040.4
1253780 2043.0
1253790 2033.1
1253800 2033.1
1253810 2026.2
1253820 2019.8
1253830 2019.8
1253840 2011.6
1253850 2001.9
1253860 2001.9
1253870 1995.3
1253880 1992.6
1253890 1992.6
1253900 1990.4
1253910 1987.4
1253920 1987.4
1253930 1982.8
1253940 1977.5
1253950 1977.5
1253960 1972.1
1253970 1967.7
1253980 1964.7
1253990 1964.7
1254000 1961.9
1254010 1959.2
1254020 1959.2
1254030 1956.7
1254040 1954.1
1254050 1954.1
1254060 1952.4
1254070 1951.3
1254080 1951.3
1254090 1950.1
1254100 1948.9
1254110 1948.9
1254120 1947.8
1254130 1947.4
1254140 1947.4
1254150 1947.3
1254160 1947.2
1254170 1947.2
1254180 1948.5
1254190 1949.7
1254200 1949.9
1254210 1949.9
1254220 1941.9
1254230 1924.8
1254240 1924.8
1254250 1915.5
1254260 1895.9
1254270 1895.9
1254280 1876.3
1254290 1869.7
1254300 1869.7
1254310 1864.1
1254320 1858.0
1254330 1858.0
1254340 1852.3
1254350 1846.8
1254360 1846.8
1254370 1840.5
1254380 1834.2
1254390 1834.2
1254400 1829.0
1254410 1824.3
1254420 1820.9
1254430 1820.9
1254440 1823.6
1254450 1828.5
1254460 1828.5
1254470 1833.1
1254480 1838.9
1254490 1838.9
1254500 1845.7
1254510 1854.1
1254520 1854.1
1254530 1861.7
1254540 1864.6
1254550 1864.6
1254560 1866.6
1254570 1867.7
1254580 1867.7
1254590 1868.8
1254600 1870.1
1254610 1870.1
1254620 1870.3
1254630 1871.5
1254640 1871.6
1254650 1871.6
1254660 1872.4
1254670 1872.7
1254680 1872.7
1254690 1873.8
1254700 1874.0
1254710 1874.0
1254720 1875.2
1254730 1877.3
1254740 1877.3
1254750 1879.2
1254760 1880.2
1254770 1880.2
1254780 1881.4
1254790 1883.1
1254800 1883.1
1254810 1886.0
1254820 1889.5
1254830 1889.5
1254840 1894.8
1254850 1897.6
1254860 1901.3
1254870 1901.3
1254880 1905.1
1254890 1909.4
1254900 1909.4
1254910 1913.7
1254920 1917.8
1254930 1917.8
1254940 1921.7
1254950 1925.3
1254960 1925.3
1254970 1929.0
1254980 1932.7
1254990 1932.7
1255000 1936.4
1255010 1938.5
1255020 1938.5
1255030 1940.4
1255040 1938.2
1255050 1938.2
1255060 1936.3
1255070 1939.8
1255080 1948.3
1255090 1948.3
1255100 1955.5
1255110 1959.5
1255120 1959.5
1255130 1962.7
1255140 1965.9
1255150 1965.9
1255160 1971.7
1255170 1984.9
1255180 1984.9
1255190 1996.4
1255200 2004.0
1255210 2004.0
1255220 2010.7
1255230 2017.7
1255240 2017.7
1255250 2025.2
1255260 2031.6
1255270 2031.6
1255280 2037.1
1255290 2042.9
1255300 2049.6
1255310 2049.6
1255320 2056.0
1255330 2062.8
1255340 2062.8
1255350 2069.7
1255360 2076.5
1255370 2076.5
1255380 2083.4
1255390 2087.9
1255400 2087.9
1255410 2093.7
1255420 2100.0
1255430 2100.0
1255440 2106.2
1255450 2112.4
1255460 2112.4
1255470 2119.5
1255480 2126.9
1255490 2126.9
1255500 2134.0
1255510 2141.2
1255520 2148.5
1255530 2148.5
1255540 2155.6
1255550 2162.8
1255560 2162.8
1255570 2170.1
1255580 2177.5
1255590 2177.5
1255600 2184.6
1255610 2191.3
1255620 2191.3
1255630 2196.6
1255640 2201.3
1255650 2201.3
1255660 2206.6
1255670 2211.7
1255680 2211.7
1255690 2215.8
1255700 2220.0
1255710 2220.0
1255720 2224.6
1255730 2229.8
1255740 2235.1
1255750 2235.1
1255760 2240.6
1255770 2246.4
1255780 2246.4
1255790 2252.6
1255800 2258.5
1255810 2258.5
1255820 2264.7
1255830 2271.0
1255840 2271.0
1255850 2277.5
1255860 2283.8
1255870 2283.8
1255880 2289.8
1255890 2295.6
1255900 2295.6
1255910 2301.9
1255920 2308.5
1255930 2308.5
1255940 2315.1
1255950 2315.9
1255960 2321.9
1255970 2321.9
1255980 2334.3
1255990 2352.0
1256000 2352.0
1256010 2367.0
1256020 2380.0
1256030 2380.0
1256040 2392.3
1256050 2402.1
1256060 2402.1
1256070 2409.6
1256080 2418.2
1256090 2418.2
1256100 2427.7
1256110 2436.5
1256120 2436.5
1256130 2445.4
1256140 2453.9
1256150 2453.9
1256160 2462.0
1256170 2470.0
1256180 2475.5
1256190 2475.5
1256200 2483.4
1256210 2492.0
1256220 2492.0
1256230 2502.1
1256240 2514.4
1256250 2514.4
1256260 2530.3
1256270 2547.3
1256280 2547.3
1256290 2562.0
1256300 2572.4
1256310 2572.4
1256320 2585.4
1256330 2599.5
1256340 2599.5
1256350 2611.1
1256360 2618.8
1256370 2626.6
1256380 2626.6
1256390 2636.9
1256400 2646.7
1256410 2646.7
1256420 2655.9
1256430 2664.5
1256440 2664.5
1256450 2671.6
1256460 2678.3
1256470 2678.3
1256480 2687.1
1256490 2695.6
1256500 2700.2
1256510 2709.5
1256520 2717.0
1256530 2717.0
1256540 2725.5
1256550 2728.7
1256560 2728.7
1256570 2726.5
1256580 2725.1
1256590 2725.9
1256600 2725.9
1256610 2723.9
1256620 2722.5
1256630 2722.5
1256640 2723.3
1256650 2723.9
1256660 2723.9
1256670 2721.5
1256680 2719.0
1256690 2719.0
1256700 2716.6
1256710 2714.3
1256720 2714.3
1256730 2712.9
1256740 2711.4
1256750 2711.4
1256760 2709.9
1256770 2710.6
1256780 2710.6
1256790 2711.3
1256800 2712.8
1256810 2714.4
1256820 2714.4
1256830 2715.8
1256840 2716.4
1256850 2716.4
1256860 2715.8
1256870 2714.4
1256880 2714.4
1256890 2714.3
1256900 2713.9
1256910 2713.9
1256920 2714.7
1256930 2716.6
1256940 2716.6
1256950 2721.6
1256960 2721.8
1256970 2721.8
1256980 2720.9
1256990 2718.4
1257000 2718.4
1257010 2712.9
1257020 2704.7
1257030 2697.9
1257040 2697.9
1257050 2694.1
1257060 2681.6
1257070 2681.6
1257080 2678.9
1257090 2682.8
1257100 2682.8
1257110 2681.4
1257120 2679.0
1257130 2679.0
1257140 2677.7
1257150 2681.0
1257160 2681.0
1257170 2682.2
1257180 2683.7
1257190 2683.7
1257200 2682.5
1257210 2675.6
1257220 2675.6
1257230 2667.3
1257240 2658.7
1257250 2650.9
1257260 2650.9
1257270 2645.5
1257280 2641.8
1257290 2641.8
1257300 2636.6
1257310 2630.4
1257320 2630.4
1257330 2623.6
1257340 2617.0
1257350 2617.0
1257360 2609.2
1257370 2601.6
1257380 2601.6
1257390 2593.8
1257400 2587.5
1257410 2587.5
1257420 2584.5
1257430 2576.9
1257440 2576.9
1257450 2566.8
1257460 2556.7
1257470 2545.7
1257480 2545.7
1257490 2536.2
1257500 2527.1
1257510 2527.1
1257520 2517.3
1257530 2505.4
1257540 2505.4
1257550 2497.8
1257560 2493.4
1257570 2493.4
1257580 2488.0
1257590 2482.6
1257600 2482.6
1257610 2477.2
1257620 2459.2
1257630 2459.2
1257640 2454.8
1257650 2451.1
1257660 2451.1
1257670 2446.1
1257680 2441.3
1257690 2436.7
1257700 2436.7
1257710 2430.5
1257720 2423.5
1257730 2423.5
1257740 2418.9
1257750 2415.3
1257760 2415.3
1257770 2412.1
1257780 2406.6
1257790 2406.6
1257800 2402.1
1257810 2398.0
1257820 2398.0
1257830 2397.0
1257840 2400.7
1257850 2400.7
1257860 2402.3
1257870 2401.6
1257880 2401.6
1257890 2401.3
1257900 2401.3
1257910 2401.2
1257920 2401.2
1257930 2399.0
1257940 2393.3
1257950 2393.3
1257960 2388.0
1257970 2384.7
1257980 2384.7
1257990 2384.9
1258000 2383.7
1258010 2383.7
1258020 2375.3
1258030 2365.0
1258040 2365.0
1258050 2354.3
1258060 2343.8
1258070 2343.8
1258080 2331.7
1258090 2321.9
1258100 2321.9
1258110 2319.6
1258120 2323.1
1258130 2321.5
1258140 2321.5
1258150 2315.7
1258160 2302.6
1258170 2302.6
1258180 2281.6
1258190 2278.1
1258200 2278.1
1258210 2273.5
1258220 2269.4
1258230 2269.4
1258240 2265.1
1258250 2260.6
1258260 2260.6
1258270 2255.3
1258280 2249.7
1258290 2249.7
1258300 2243.8
1258310 2238.0
1258320 2238.0
1258330 2232.8
1258340 2228.3
1258350 2225.2
1258360 2225.2
1258370 2221.9
1258380 2218.1
1258390 2218.1
1258400 2215.6
1258410 2212.2
1258420 2212.2
1258430 2207.8
1258440 2203.4
1258450 2203.4
1258460 2200.8
1258470 2198.8
1258480 2198.8
1258490 2195.6
1258500 2193.2
1258510 2193.2
1258520 2190.6
1258530 2187.7
1258540 2188.3
1258550 2188.3
1258560 2187.4
1258570 2181.8
1258580 2181.8
1258590 2176.9
1258600 2173.8
1258610 2173.8
1258620 2174.2
1258630 2175.5
1258640 2175.5
1258650 2174.3
1258660 2171.1
1258670 2171.1
1258680 2167.0
1258690 2161.7
1258700 2161.7
1258710 2158.8
1258720 2158.7
1258730 2158.7
1258740 2144.9
1258750 2141.2
1258760 2136.9
1258770 2136.9
1258780 2132.8
1258790 2128.6
1258800 2128.6
1258810 2121.7
1258820 2102.2
1258830 2102.2
1258840 2084.2
1258850 2065.4
1258860 2065.4
1258870 2047.0
1258880 2038.6
1258890 2038.6
1258900 2036.8
1258910 2044.7
1258920 2044.7
1258930 2057.3
1258940 2062.2
1258950 2062.2
1258960 2058.3
1258970 2046.3
1258980 2032.3
1258990 2032.3
1259000 2013.9
1259010 1992.5
1259020 1992.5
1259030 1974.3
1259040 1958.0
1259050 1958.0
1259060 1943.0
1259070 1932.9
1259080 1932.9
1259090 1922.8
1259100 1912.8
1259110 1912.8
1259120 1901.1
1259130 1888.3
1259140 1888.3
1259150 1878.1
1259160 1869.3
1259170 1869.3
1259180 1861.2
1259190 1852.7
1259200 1844.5
1259210 1844.5
1259220 1837.6
1259230 1830.4
1259240 1830.4
1259250 1822.9
1259260 1815.5
1259270 1815.5
1259280 1807.9
1259290 1800.7
1259300 1799.9
1259310 1793.0
1259320 1786.1
1259330 1786.1
1259340 1779.5
1259350 1774.1
1259360 1774.1
1259370 1770.0
1259380 1767.4
1259390 1767.4
1259400 1766.5
1259410 1766.4
1259420 1767.0
1259430 1767.0
1259440 1767.2
1259450 1767.2
1259460 1767.2
1259470 1767.2
1259480 1767.8
1259490 1767.8
1259500 1768.0
1259510 1768.0
1259520 1768.0
1259530 1768.3
1259540 1769.0
1259550 1769.0
1259560 1769.9
1259570 1769.6
1259580 1769.6
1259590 1769.0
1259600 1769.5
1259610 1769.5
1259620 1772.9
1259630 1777.0
1259640 1781.6
1259650 1781.6
1259660 1787.2
1259670 1793.3
1259680 1793.3
1259690 1800.0
1259700 1807.2
1259710 1807.2
1259720 1814.3
1259730 1821.2
1259740 1821.2
1259750 1828.2
1259760 1835.8
1259770 1835.8
1259780 1843.9
1259790 1852.1
1259800 1852.1
1259810 1859.8
1259820 1864.8
1259830 1864.8
1259840 1868.3
1259850 1873.1
1259860 1882.4
1259870 1882.4
1259880 1888.3
1259890 1893.2
1259900 1893.2
1259910 1897.1
1259920 1901.9
1259930 1901.9
1259940 1907.0
1259950 1910.8
1259960 1910.8
1259970 1913.5
1259980 1918.1
1259990 1918.1
