1240000 2585.0
1240010 2579.9
1240020 2579.9
1240030 2575.3
1240040 2569.5
1240050 2569.5
1240060 2563.5
1240070 2557.2
1240080 2557.2
1240090 2551.1
1240100 2546.3
1240110 2546.3
1240120 2542.9
1240130 2540.0
1240140 2540.0
1240150 2535.2
1240160 2529.5
1240170 2529.5
1240180 2524.6
1240190 2520.8
1240200 2517.0
1240210 2517.0
1240220 2513.5
1240230 2509.7
1240240 2509.7
1240250 2504.8
1240260 2501.7
1240270 2501.7
1240280 2500.2
1240290 2497.3
1240300 2497.3
1240310 2492.4
1240320 2484.8
1240330 2484.8
1240340 2478.7
1240350 2476.9
1240360 2476.9
1240370 2472.1
1240380 2465.1
1240390 2465.1
1240400 2462.2
1240410 2459.3
1240420 2456.0
1240430 2456.0
1240440 2454.5
1240450 2454.0
1240460 2454.0
1240470 2453.6
1240480 2452.8
1240490 2452.8
1240500 2452.6
1240510 2452.7
1240520 2452.7
1240530 2453.8
1240540 2456.2
1240550 2456.2
1240560 2457.2
1240570 2457.8
1240580 2457.8
1240590 2458.6
1240600 2458.3
1240610 2458.3
1240620 2458.6
1240630 2460.8
1240640 2463.4
1240650 2463.4
1240660 2465.4
1240670 2467.5
1240680 2467.5
1240690 2469.4
1240700 2476.4
1240710 2476.4
1240720 2480.2
1240730 2484.6
1240740 2484.6
1240750 2490.0
1240760 2496.1
1240770 2496.1
1240780 2502.6
1240790 2510.0
1240800 2510.0
1240810 2513.1
1240820 2507.4
1240830 2507.4
1240840 2505.5
1240850 2507.6
1240860 2509.3
1240870 2509.3
1240880 2511.3
1240890 2514.9
1240900 2514.9
1240910 2519.3
1240920 2525.3
1240930 2525.3
1240940 2531.8
1240950 2544.3
1240960 2544.3
1240970 2558.5
1240980 2566.1
1240990 2566.1
1241000 2573.6
1241010 2580.7
1241020 2580.7
1241030 2587.5
1241040 2593.9
1241050 2593.9
1241060 2599.8
1241070 2606.1
1241080 2612.8
1241090 2612.8
1241100 2619.6
1241110 2626.9
1241120 2626.9
1241130 2635.5
1241140 2650.3
1241150 2650.3
1241160 2661.7
1241170 2674.7
1241180 2674.7
1241190 2692.2
1241200 2712.1
1241210 2712.1
1241220 2736.3
1241230 2754.0
1241240 2754.0
1241250 2770.0
1241260 2779.4
1241270 2779.4
1241280 2786.3
1241290 2797.8
1241300 2805.3
1241310 2805.3
1241320 2812.4
1241330 2818.6
1241340 2818.6
1241350 2824.5
1241360 2832.6
1241370 2832.6
1241380 2841.4
1241390 2850.5
1241400 2850.5
1241410 2860.2
1241420 2873.9
1241430 2873.9
1241440 2886.4
1241450 2893.4
1241460 2893.4
1241470 2900.2
1241480 2894.8
1241490 2894.8
1241500 2888.5
1241510 2880.6
1241520 2869.7
1241530 2869.7
1241540 2858.2
1241550 2845.4
1241560 2845.4
1241570 2833.4
1241580 2823.7
1241590 2823.7
1241600 2815.9
1241610 2808.3
1241620 2808.3
1241630 2801.7
1241640 2795.6
1241650 2795.6
1241660 2789.2
1241670 2782.6
1241680 2782.6
1241690 2778.0
1241700 2776.6
1241710 2775.5
1241720 2775.5
1241730 2772.4
1241740 2770.1
1241750 2770.1
1241760 2767.4
1241770 2764.2
1241780 2764.2
1241790 2761.4
1241800 2758.8
1241810 2758.8
1241820 2755.5
1241830 2753.2
1241840 2753.2
1241850 2751.7
1241860 2751.4
1241870 2751.4
1241880 2751.5
1241890 2751.4
1241900 2751.4
1241910 2751.2
1241920 2751.0
1241930 2750.0
1241940 2750.0
1241950 2749.3
1241960 2748.3
1241970 2748.3
1241980 2747.2
1241990 2746.6
1242000 2746.6
1242010 2745.6
1242020 2744.6
1242030 2744.6
1242040 2744.0
1242050 2743.2
1242060 2743.2
1242070 2742.9
1242080 2742.4
1242090 2742.4
1242100 2740.9
1242110 2739.1
1242120 2739.1
1242130 2737.9
1242140 2738.8
1242150 2742.0
1242160 2742.0
1242170 2745.9
1242180 2748.6
1242190 2748.6
1242200 2748.1
1242210 2746.4
1242220 2746.4
1242230 2742.4
1242240 2737.3
1242250 2737.3
1242260 2738.1
1242270 2739.6
1242280 2739.6
1242290 2741.1
1242300 2742.4
1242310 2742.4
1242320 2743.3
1242330 2744.0
1242340 2744.0
1242350 2744.5
1242360 2744.7
1242370 2744.8
1242380 2744.8
1242390 2744.7
1242400 2744.6
1242410 2744.6
1242420 2744.4
1242430 2744.0
1242440 2744.0
1242450 2743.6
1242460 2743.2
1242470 2743.2
1242480 2743.1
1242490 2743.7
1242500 2743.7
1242510 2743.6
1242520 2742.9
1242530 2742.9
1242540 2742.9
1242550 2743.8
1242560 2743.8
1242570 2744.0
1242580 2744.8
1242590 2748.2
1242600 2748.2
1242610 2754.5
1242620 2758.3
1242630 2758.3
1242640 2756.5
1242650 2752.2
1242660 2752.2
1242670 2747.7
1242680 2745.7
1242690 2745.7
1242700 2745.0
1242710 2741.9
1242720 2741.9
1242730 2741.3
1242740 2742.0
1242750 2742.0
1242760 2743.0
1242770 2744.1
1242780 2744.1
1242790 2751.9
1242800 2757.1
1242810 2760.9
1242820 2760.9
1242830 2763.9
1242840 2768.2
1242850 2768.2
1242860 2773.1
1242870 2777.6
1242880 2777.6
1242890 2782.5
1242900 2787.4
1242910 2787.4
1242920 2792.8
1242930 2797.5
1242940 2797.5
1242950 2799.7
1242960 2801.1
1242970 2801.1
1242980 2802.0
1242990 2802.0
1243000 2802.0
1243010 2801.7
1243020 2799.2
1243030 2796.9
1243040 2796.9
1243050 2795.6
1243060 2794.7
1243070 2794.7
1243080 2794.3
1243090 2792.9
1243100 2792.9
1243110 2791.4
1243120 2790.7
1243130 2790.7
1243140 2790.9
1243150 2791.6
1243160 2791.6
1243170 2791.9
1243180 2792.7
1243190 2792.7
1243200 2792.9
1243210 2792.6
1243220 2792.6
1243230 2792.5
1243240 2792.1
1243250 2793.4
1243260 2793.4
1243270 2795.5
1243280 2795.1
1243290 2795.1
1243300 2793.0
1243310 2810.4
1243320 2810.4
1243330 2813.1
1243340 2814.2
1243350 2814.2
1243360 2817.6
1243370 2820.3
1243380 2820.3
1243390 2824.0
1243400 2824.3
1243410 2824.3
1243420 2822.8
1243430 2818.9
1243440 2818.9
1243450 2817.0
1243460 2816.4
1243470 2810.0
1243480 2810.0
1243490 2800.6
1243500 2792.6
1243510 2792.6
1243520 2789.9
1243530 2786.3
1243540 2786.3
1243550 2783.5
1243560 2781.3
1243570 2781.3
1243580 2779.3
1243590 2777.7
1243600 2777.7
1243610 2776.4
1243620 2776.3
1243630 2776.3
1243640 2776.4
1243650 2776.7
1243660 2776.7
1243670 2776.5
1243680 2776.9
1243690 2778.0
1243700 2778.0
1243710 2782.3
1243720 2786.5
1243730 2786.5
1243740 2790.6
1243750 2790.2
1243760 2790.2
1243770 2786.6
1243780 2785.1
1243790 2785.1
1243800 2784.2
1243810 2784.4
1243820 2784.4
1243830 2787.0
1243840 2794.7
1243850 2794.7
1243860 2796.7
1243870 2800.7
1243880 2800.7
1243890 2805.5
1243900 2808.3
1243910 2811.6
1243920 2811.6
1243930 2814.7
1243940 2817.3
1243950 2817.3
1243960 2820.9
1243970 2824.5
1243980 2824.5
1243990 2828.5
1244000 2831.7
1244010 2831.7
1244020 2836.2
1244030 2855.8
1244040 2855.8
1244050 2875.7
1244060 2874.3
1244070 2874.3
1244080 2870.6
1244090 2867.0
1244100 2867.0
1244110 2855.9
1244120 2851.8
1244130 2848.7
1244140 2848.7
1244150 2845.6
1244160 2842.6
1244170 2842.6
1244180 2839.9
1244190 2837.7
1244200 2837.7
1244210 2836.1
1244220 2835.0
1244230 2835.0
1244240 2834.5
1244250 2834.6
1244260 2834.6
1244270 2835.0
1244280 2835.5
1244290 2835.5
1244300 2836.3
1244310 2837.3
1244320 2837.3
1244330 2838.4
1244340 2839.5
1244350 2840.7
1244360 2840.7
1244370 2845.9
1244380 2847.4
1244390 2847.4
1244400 2848.8
1244410 2850.5
1244420 2850.5
1244430 2852.5
1244440 2854.7
1244450 2854.7
1244460 2857.2
1244470 2860.0
1244480 2860.0
1244490 2862.9
1244500 2866.0
1244510 2866.0
1244520 2869.2
1244530 2872.6
1244540 2872.6
1244550 2876.7
1244560 2881.5
1244570 2886.8
1244580 2886.8
1244590 2893.7
1244600 2901.3
1244610 2901.3
1244620 2913.5
1244630 2929.3
1244640 2929.3
1244650 2941.9
1244660 2951.1
1244670 2951.1
1244680 2959.3
1244690 2968.3
1244700 2968.3
1244710 2983.2
1244720 2997.6
1244730 2997.6
1244740 3011.0
1244750 3024.0
1244760 3024.0
1244770 3036.8
1244780 3040.9
1244790 3041.2
1244800 3041.2
1244810 3052.8
1244820 3073.7
1244830 3073.7
1244840 3083.0
1244850 3076.0
1244860 3076.0
1244870 3068.6
1244880 3064.5
1244890 3067.7
1244900 3046.5
1244910 3019.9
1244920 3019.9
1244930 2992.9
1244940 2960.6
1244950 2960.6
1244960 2946.7
1244970 2944.0
1244980 2944.0
1244990 2940.8
1245000 2936.6
1245010 2932.5
1245020 2932.5
1245030 2928.4
1245040 2924.6
1245050 2924.6
1245060 2920.9
1245070 2917.8
1245080 2917.8
1245090 2914.8
1245100 2912.0
1245110 2912.0
1245120 2909.4
1245130 2906.9
1245140 2906.9
1245150 2904.6
1245160 2902.6
1245170 2902.6
1245180 2900.7
1245190 2898.8
1245200 2898.8
1245210 2896.8
1245220 2894.8
1245230 2892.9
1245240 2892.9
1245250 2891.1
1245260 2889.3
1245270 2889.3
1245280 2887.5
1245290 2885.8
1245300 2885.8
1245310 2884.1
1245320 2882.1
1245330 2882.1
1245340 2880.0
1245350 2877.6
1245360 2877.6
1245370 2875.1
1245380 2872.6
1245390 2872.6
1245400 2870.1
1245410 2867.8
1245420 2872.0
1245430 2869.8
1245440 2867.6
1245450 2865.4
1245460 2865.4
1245470 2863.6
1245480 2862.6
1245490 2862.6
1245500 2861.8
1245510 2861.0
1245520 2861.0
1245530 2865.7
1245540 2872.1
1245550 2872.1
1245560 2875.0
1245570 2874.2
1245580 2874.2
1245590 2874.6
1245600 2874.2
1245610 2874.2
1245620 2875.9
1245630 2875.2
1245640 2875.2
1245650 2874.5
1245660 2874.8
1245670 2876.0
1245680 2876.0
1245690 2875.1
1245700 2871.3
1245710 2871.3
1245720 2866.4
1245730 2862.4
1245740 2862.4
1245750 2857.5
1245760 2850.6
1245770 2850.6
1245780 2844.6
1245790 2840.5
1245800 2840.5
1245810 2834.5
1245820 2820.2
1245830 2820.2
1245840 2806.8
1245850 2796.4
1245860 2796.4
1245870 2789.4
1245880 2782.5
1245890 2776.3
1245900 2776.3
1245910 2774.5
1245920 2775.9
1245930 2775.9
1245940 2777.9
1245950 2777.1
1245960 2771.7
1245970 2771.5
1245980 2769.6
1245990 2769.6
1246000 2766.6
1246010 2763.7
1246020 2763.7
1246030 2761.9
1246040 2761.4
1246050 2761.4
1246060 2761.7
1246070 2761.3
1246080 2761.3
1246090 2759.7
1246100 2758.0
1246110 2755.0
1246120 2755.0
1246130 2751.3
1246140 2747.4
1246150 2747.4
1246160 2744.1
1246170 2740.1
1246180 2740.1
1246190 2736.3
1246200 2731.8
1246210 2731.8
1246220 2726.5
1246230 2721.6
1246240 2721.6
1246250 2716.6
1246260 2711.4
1246270 2711.4
1246280 2705.9
1246290 2701.4
1246300 2696.1
1246310 2696.1
1246320 2691.1
1246330 2686.9
1246340 2686.9
1246350 2683.3
1246360 2680.4
1246370 2680.4
1246380 2678.4
1246390 2676.2
1246400 2676.2
1246410 2674.5
1246420 2672.6
1246430 2672.6
1246440 2670.9
1246450 2670.5
1246460 2670.5
1246470 2670.1
1246480 2669.1
1246490 2665.7
1246500 2663.2
1246510 2659.3
1246520 2654.7
1246530 2654.7
1246540 2650.1
1246550 2645.2
1246560 2645.2
1246570 2640.0
1246580 2635.3
1246590 2635.3
1246600 2631.8
1246610 2629.9
1246620 2629.9
1246630 2627.8
1246640 2622.8
1246650 2622.8
1246660 2616.2
1246670 2609.3
1246680 2609.3
1246690 2602.1
1246700 2595.6
1246710 2595.6
1246720 2591.0
1246730 2587.8
1246740 2585.3
1246750 2585.3
1246760 2582.0
1246770 2578.2
1246780 2578.2
1246790 2573.7
1246800 2567.3
1246810 2567.3
1246820 2559.5
1246830 2551.5
1246840 2551.5
1246850 2544.0
1246860 2536.8
1246870 2536.8
1246880 2529.8
1246890 2522.6
1246900 2522.6
1246910 2516.5
1246920 2512.7
1246930 2512.7
1246940 2510.5
1246950 2507.4
1246960 2504.7
1246970 2504.7
1246980 2504.0
1246990 2504.4
1247000 2504.4
1247010 2504.0
1247020 2497.2
1247030 2497.2
1247040 2495.3
1247050 2494.0
1247060 2494.0
1247070 2493.9
1247080 2494.3
1247090 2494.3
1247100 2493.5
1247110 2493.0
1247120 2493.0
1247130 2495.4
1247140 2500.1
1247150 2500.1
1247160 2505.8
1247170 2521.3
1247180 2525.0
1247190 2525.0
1247200 2523.7
1247210 2520.6
1247220 2520.6
1247230 2511.9
1247240 2504.0
1247250 2504.0
1247260 2495.6
1247270 2489.4
1247280 2489.4
1247290 2483.9
1247300 2479.3
1247310 2479.3
1247320 2474.9
1247330 2471.9
1247340 2471.9
1247350 2467.5
1247360 2463.6
1247370 2463.6
1247380 2460.8
1247390 2457.6
1247400 2451.5
1247410 2451.5
1247420 2446.5
1247430 2443.1
1247440 2443.1
1247450 2439.2
1247460 2433.7
1247470 2433.7
1247480 2427.0
1247490 2421.2
1247500 2421.2
1247510 2415.8
1247520 2410.8
1247530 2410.8
1247540 2406.4
1247550 2401.8
1247560 2398.9
1247570 2393.8
1247580 2386.7
1247590 2386.7
1247600 2379.2
1247610 2374.5
1247620 2370.4
1247630 2370.4
1247640 2368.8
1247650 2367.5
1247660 2367.5
1247670 2365.5
1247680 2364.2
1247690 2364.2
1247700 2359.0
1247710 2352.4
1247720 2352.4
1247730 2346.3
1247740 2341.0
1247750 2341.0
1247760 2336.8
1247770 2334.8
1247780 2334.8
1247790 2333.0
1247800 2332.6
1247810 2332.6
1247820 2334.3
1247830 2334.7
1247840 2333.2
1247850 2333.2
1247860 2331.0
1247870 2330.2
1247880 2330.2
1247890 2329.6
1247900 2329.5
1247910 2329.5
1247920 2330.7
1247930 2332.4
1247940 2332.4
1247950 2335.5
1247960 2338.4
1247970 2338.4
1247980 2341.9
1247990 2345.1
1248000 2345.1
1248010 2347.4
1248020 2348.7
1248030 2348.7
1248040 2349.4
1248050 2350.1
1248060 2353.0
1248070 2353.0
1248080 2357.1
1248090 2353.2
1248100 2353.2
1248110 2355.3
1248120 2362.7
1248130 2362.7
1248140 2371.5
1248150 2380.3
1248160 2380.3
1248170 2388.9
1248180 2392.3
1248190 2392.3
1248200 2387.3
1248210 2392.9
1248220 2392.9
1248230 2405.6
1248240 2411.4
1248250 2411.4
1248260 2411.8
1248270 2409.7
1248280 2407.4
1248290 2407.4
1248300 2407.5
1248310 2403.4
1248320 2403.4
1248330 2402.6
1248340 2407.2
1248350 2407.2
1248360 2413.4
1248370 2418.6
1248380 2418.6
1248390 2424.7
1248400 2429.2
1248410 2429.2
1248420 2429.9
1248430 2429.3
1248440 2429.3
1248450 2429.0
1248460 2427.5
1248470 2427.5
1248480 2425.1
1248490 2421.5
1248500 2417.0
1248510 2417.0
1248520 2412.4
1248530 2407.6
1248540 2407.6
1248550 2404.4
1248560 2401.6
1248570 2401.6
1248580 2399.4
1248590 2397.4
1248600 2397.4
1248610 2396.0
1248620 2395.1
1248630 2388.6
1248640 2388.1
1248650 2386.0
1248660 2386.0
1248670 2384.3
1248680 2382.1
1248690 2382.1
1248700 2378.5
1248710 2376.4
1248720 2373.4
1248730 2373.4
1248740 2368.6
1248750 2362.3
1248760 2362.3
1248770 2356.9
1248780 2353.4
1248790 2353.4
1248800 2351.1
1248810 2349.6
1248820 2349.6
1248830 2350.2
1248840 2350.7
1248850 2350.7
1248860 2347.9
1248870 2342.8
1248880 2342.8
1248890 2337.4
1248900 2331.7
1248910 2331.7
1248920 2325.1
1248930 2318.0
1248940 2311.4
1248950 2311.4
1248960 2305.6
1248970 2300.7
1248980 2300.7
1248990 2295.8
1249000 2293.3
1249010 2293.3
1249020 2291.5
1249030 2289.2
1249040 2289.2
1249050 2285.8
1249060 2284.1
1249070 2284.1
1249080 2285.3
1249090 2284.7
1249100 2284.7
1249110 2284.0
1249120 2282.7
1249130 2282.7
1249140 2279.0
1249150 2272.7
1249160 2265.4
1249170 2261.8
1249180 2255.0
1249190 2249.1
1249200 2249.1
1249210 2244.5
1249220 2239.5
1249230 2239.5
1249240 2235.5
1249250 2235.7
1249260 2235.7
1249270 2238.3
1249280 2239.4
1249290 2239.4
1249300 2238.4
1249310 2236.9
1249320 2236.9
1249330 2237.2
1249340 2236.9
1249350 2236.9
1249360 2233.2
1249370 2226.8
1249380 2220.8
1249390 2220.8
1249400 2214.5
1249410 2208.4
1249420 2208.4
1249430 2202.4
1249440 2196.9
1249450 2196.9
1249460 2190.9
1249470 2184.2
1249480 2184.2
1249490 2182.6
1249500 2185.8
1249510 2185.8
1249520 2188.8
1249530 2191.8
1249540 2191.8
1249550 2195.2
1249560 2197.3
1249570 2197.3
1249580 2197.2
1249590 2194.5
1249600 2188.0
1249610 2188.0
1249620 2183.8
1249630 2182.0
1249640 2182.0
1249650 2181.5
1249660 2178.4
1249670 2178.4
1249680 2173.0
1249690 2166.6
1249700 2161.8
1249710 2156.0
1249720 2154.2
1249730 2154.2
1249740 2153.0
1249750 2154.5
1249760 2154.5
1249770 2157.3
1249780 2160.2
1249790 2160.2
1249800 2163.9
1249810 2166.0
1249820 2162.3
1249830 2162.3
1249840 2161.0
1249850 2160.0
1249860 2160.0
1249870 2156.3
1249880 2150.2
1249890 2150.2
1249900 2148.3
1249910 2149.0
1249920 2149.0
1249930 2150.9
1249940 2157.6
1249950 2157.6
1249960 2165.7
1249970 2169.8
1249980 2169.8
1249990 2169.1
1250000 2167.9
1250010 2167.9
1250020 2165.8
1250030 2159.9
1250040 2154.3
1250050 2154.3
1250060 2149.8
1250070 2144.9
1250080 2144.9
1250090 2140.7
1250100 2137.3
1250110 2137.3
1250120 2133.8
1250130 2128.2
1250140 2128.2
1250150 2120.1
1250160 2110.6
1250170 2110.6
1250180 2101.6
1250190 2093.8
1250200 2093.8
1250210 2088.4
1250220 2085.2
1250230 2085.2
1250240 2081.1
1250250 2068.9
1250260 2064.0
1250270 2064.0
1250280 2058.2
1250290 2051.7
1250300 2051.7
1250310 2044.7
1250320 2038.6
1250330 2038.6
1250340 2029.9
1250350 2019.9
1250360 2019.9
1250370 2010.0
1250380 2001.9
1250390 2001.9
1250400 1994.0
1250410 1987.2
1250420 1987.2
1250430 1982.4
1250440 1977.8
1250450 1972.7
1250460 1972.7
1250470 1965.3
1250480 1958.5
1250490 1958.5
1250500 1953.8
1250510 1950.1
1250520 1950.1
1250530 1945.9
1250540 1941.6
1250550 1941.6
1250560 1936.8
1250570 1931.5
1250580 1931.5
1250590 1921.3
1250600 1910.9
1250610 1910.9
1250620 1905.2
1250630 1900.1
1250640 1900.1
1250650 1893.7
1250660 1884.4
1250670 1875.9
1250680 1875.9
1250690 1868.3
1250700 1861.4
1250710 1861.4
1250720 1855.7
1250730 1849.6
1250740 1849.6
1250750 1840.8
1250760 1830.8
1250770 1830.8
1250780 1822.1
1250790 1811.5
1250800 1811.5
1250810 1803.5
1250820 1793.2
1250830 1793.2
1250840 1785.4
1250850 1779.7
1250860 1779.7
1250870 1774.3
1250880 1768.5
1250890 1761.3
1250900 1761.3
1250910 1754.3
1250920 1748.0
1250930 1748.0
1250940 1740.4
1250950 1734.3
1250960 1734.3
1250970 1728.1
1250980 1721.3
1250990 1721.3
1251000 1713.1
1251010 1703.0
1251020 1703.0
1251030 1692.1
1251040 1684.6
1251050 1684.6
1251060 1677.7
1251070 1669.9
1251080 1669.9
1251090 1661.6
1251100 1654.4
1251110 1647.1
1251120 1647.1
1251130 1640.8
1251140 1635.4
1251150 1635.4
1251160 1629.6
1251170 1623.4
1251180 1623.4
1251190 1617.2
1251200 1611.2
1251210 1611.2
1251220 1605.2
1251230 1599.7
1251240 1599.7
1251250 1594.0
1251260 1588.8
1251270 1588.8
1251280 1583.5
1251290 1579.1
1251300 1579.1
1251310 1575.0
1251320 1570.4
1251330 1563.7
1251340 1563.7
1251350 1555.7
1251360 1542.1
1251370 1542.1
1251380 1525.8
1251390 1505.2
1251400 1505.2
1251410 1494.7
1251420 1484.9
1251430 1484.9
1251440 1475.7
1251450 1466.0
1251460 1466.0
1251470 1454.1
1251480 1439.2
1251490 1439.2
1251500 1429.2
1251510 1427.6
1251520 1427.6
1251530 1426.5
1251540 1418.9
1251550 1406.7
1251560 1406.7
1251570 1387.7
1251580 1375.2
1251590 1375.2
1251600 1367.2
1251610 1360.6
1251620 1360.6
1251630 1354.0
1251640 1347.8
1251650 1347.8
1251660 1340.6
1251670 1333.2
1251680 1333.2
1251690 1324.7
1251700 1315.4
1251710 1315.4
1251720 1302.6
1251730 1286.2
1251740 1286.2
1251750 1271.5
1251760 1260.3
1251770 1247.1
1251780 1247.1
1251790 1227.1
1251800 1214.2
1251810 1214.2
1251820 1206.8
1251830 1200.0
1251840 1200.0
1251850 1193.5
1251860 1186.8
1251870 1183.0
1251880 1177.6
1251890 1175.6
1251900 1175.6
1251910 1175.8
1251920 1175.1
1251930 1175.1
1251940 1173.8
1251950 1172.6
1251960 1172.6
1251970 1171.1
1251980 1169.5
1251990 1167.5
1252000 1167.5
1252010 1165.6
1252020 1163.1
1252030 1163.1
1252040 1161.2
1252050 1159.8
1252060 1159.8
1252070 1158.2
1252080 1156.9
1252090 1156.9
1252100 1155.3
1252110 1153.2
1252120 1153.2
1252130 1151.2
1252140 1148.4
1252150 1148.4
1252160 1145.3
1252170 1144.6
1252180 1144.6
1252190 1146.6
1252200 1146.1
1252210 1145.0
1252220 1145.0
1252230 1143.9
1252240 1143.4
1252250 1143.4
1252260 1143.3
1252270 1142.7
1252280 1142.7
1252290 1140.9
1252300 1139.0
1252310 1139.0
1252320 1137.9
1252330 1137.5
1252340 1137.5
1252350 1137.3
1252360 1137.2
1252370 1137.2
1252380 1136.6
1252390 1135.8
1252400 1135.8
1252410 1135.5
1252420 1136.3
1252430 1136.1
1252440 1136.1
1252450 1135.8
1252460 1135.7
1252470 1135.7
1252480 1135.6
1252490 1135.3
1252500 1135.3
1252510 1135.0
1252520 1134.9
1252530 1134.9
1252540 1137.1
1252550 1138.3
1252560 1138.3
1252570 1136.4
1252580 1135.7
1252590 1135.7
1252600 1135.5
1252610 1134.9
1252620 1134.9
1252630 1134.6
1252640 1134.3
1252650 1137.6
1252660 1137.6
1252670 1144.7
1252680 1150.0
1252690 1150.0
1252700 1155.1
1252710 1160.5
1252720 1160.5
1252730 1164.9
1252740 1169.4
1252750 1169.4
1252760 1174.0
1252770 1177.1
1252780 1177.1
1252790 1180.0
1252800 1182.6
1252810 1182.6
1252820 1189.8
1252830 1194.4
1252840 1194.4
1252850 1195.4
1252860 1200.1
1252870 1208.8
1252880 1208.8
1252890 1217.8
1252900 1228.1
1252910 1228.1
1252920 1241.8
1252930 1252.6
1252940 1252.6
1252950 1259.5
1252960 1264.9
1252970 1275.1
1252980 1277.7
1252990 1279.8
1253000 1279.8
1253010 1280.7
1253020 1281.3
1253030 1281.3
1253040 1281.8
1253050 1284.5
1253060 1284.5
1253070 1290.1
1253080 1296.7
1253090 1305.0
1253100 1305.0
1253110 1313.4
1253120 1321.8
1253130 1321.8
1253140 1330.9
1253150 1343.4
1253160 1343.4
1253170 1356.7
1253180 1367.4
1253190 1367.4
1253200 1376.8
1253210 1383.9
1253220 1383.9
1253230 1392.2
1253240 1396.6
1253250 1396.6
1253260 1400.5
1253270 1407.4
1253280 1407.4
1253290 1416.2
1253300 1423.5
1253310 1432.1
1253320 1432.1
1253330 1432.8
1253340 1433.4
1253350 1433.4
1253360 1437.0
1253370 1438.1
1253380 1438.1
1253390 1449.8
1253400 1458.5
1253410 1458.5
1253420 1459.8
1253430 1460.8
1253440 1460.8
1253450 1462.0
1253460 1462.0
1253470 1462.0
1253480 1463.4
1253490 1467.1
1253500 1467.1
1253510 1483.8
1253520 1491.5
1253530 1496.5
1253540 1496.5
1253550 1502.7
1253560 1505.4
1253570 1505.4
1253580 1507.8
1253590 1508.9
1253600 1508.9
1253610 1507.3
1253620 1505.3
1253630 1505.3
1253640 1507.3
1253650 1511.6
1253660 1511.6
1253670 1515.2
1253680 1516.7
1253690 1516.7
1253700 1518.7
1253710 1521.0
1253720 1521.0
1253730 1523.0
1253740 1524.8
1253750 1525.6
1253760 1525.6
1253770 1526.9
1253780 1528.7
1253790 1528.7
1253800 1529.5
1253810 1529.8
1253820 1529.8
1253830 1530.5
1253840 1531.5
1253850 1531.5
1253860 1531.7
1253870 1530.9
1253880 1530.9
1253890 1530.5
1253900 1531.7
1253910 1531.7
1253920 1534.7
1253930 1538.6
1253940 1538.6
1253950 1541.6
1253960 1546.0
1253970 1549.7
1253980 1549.7
1253990 1552.1
1254000 1554.1
1254010 1554.1
1254020 1556.7
1254030 1559.2
1254040 1559.2
1254050 1560.0
1254060 1566.3
1254070 1566.3
1254080 1566.4
1254090 1565.6
1254100 1565.6
1254110 1563.9
1254120 1566.7
1254130 1566.7
1254140 1570.0
1254150 1575.4
1254160 1575.4
1254170 1581.4
1254180 1586.5
1254190 1592.1
1254200 1592.1
1254210 1597.5
1254220 1603.4
1254230 1603.4
1254240 1608.9
1254250 1614.0
1254260 1614.0
1254270 1618.4
1254280 1621.7
1254290 1621.7
1254300 1624.8
1254310 1627.9
1254320 1627.9
1254330 1630.7
1254340 1634.1
1254350 1634.1
1254360 1638.3
1254370 1643.3
1254380 1648.3
1254390 1648.3
1254400 1653.8
1254410 1658.8
1254420 1658.8
1254430 1664.2
1254440 1669.3
1254450 1669.3
1254460 1674.8
1254470 1680.4
1254480 1680.4
1254490 1686.5
1254500 1693.6
1254510 1693.6
1254520 1701.3
1254530 1709.2
1254540 1709.2
1254550 1718.2
1254560 1727.4
1254570 1727.4
1254580 1743.8
1254590 1762.1
1254600 1775.0
1254610 1766.3
1254620 1778.5
1254630 1792.9
1254640 1792.9
1254650 1806.7
1254660 1817.9
1254670 1817.9
1254680 1825.9
1254690 1831.3
1254700 1831.3
1254710 1835.7
1254720 1840.3
1254730 1840.3
1254740 1845.1
1254750 1849.8
1254760 1849.8
1254770 1853.9
1254780 1857.0
1254790 1857.0
1254800 1859.4
1254810 1861.6
1254820 1864.1
1254830 1864.1
1254840 1866.6
1254850 1869.7
1254860 1869.7
1254870 1872.2
1254880 1875.7
1254890 1875.7
1254900 1879.2
1254910 1880.3
1254920 1880.3
1254930 1881.8
1254940 1883.3
1254950 1883.3
1254960 1884.8
1254970 1887.3
1254980 1887.3
1254990 1890.7
1255000 1894.3
1255010 1894.3
1255020 1896.7
1255030 1899.7
1255040 1903.0
1255050 1903.0
1255060 1908.6
1255070 1914.0
1255080 1914.0
1255090 1918.0
1255100 1920.3
1255110 1920.3
1255120 1921.1
1255130 1924.5
1255140 1924.5
1255150 1929.3
1255160 1935.1
1255170 1941.7
1255180 1949.9
1255190 1958.3
1255200 1958.3
1255210 1965.7
1255220 1970.3
1255230 1970.3
1255240 1971.1
1255250 1970.2
1255260 1969.0
1255270 1969.0
1255280 1971.5
1255290 1972.9
1255300 1972.9
1255310 1971.5
1255320 1970.3
1255330 1970.3
1255340 1970.9
1255350 1980.2
1255360 1980.2
1255370 1991.0
1255380 2000.7
1255390 2000.7
1255400 2009.2
1255410 2016.2
1255420 2016.2
1255430 2022.4
1255440 2033.0
1255450 2033.0
1255460 2040.6
1255470 2052.3
1255480 2060.7
1255490 2060.7
1255500 2067.0
1255510 2075.3
1255520 2075.3
1255530 2084.3
1255540 2089.5
1255550 2089.5
1255560 2094.1
1255570 2100.9
1255580 2100.9
1255590 2108.6
1255600 2115.9
1255610 2115.9
1255620 2124.8
1255630 2130.9
1255640 2130.9
1255650 2137.5
1255660 2143.1
1255670 2143.1
1255680 2150.4
1255690 2162.7
1255700 2171.3
1255710 2171.3
1255720 2185.5
1255730 2191.9
1255740 2191.9
1255750 2198.3
1255760 2208.9
1255770 2208.9
1255780 2219.4
1255790 2229.4
1255800 2229.4
1255810 2238.2
1255820 2247.8
1255830 2247.8
1255840 2257.0
1255850 2266.3
1255860 2266.3
1255870 2276.3
1255880 2288.5
1255890 2288.5
1255900 2308.0
1255910 2323.2
1255920 2320.2
1255930 2320.2
1255940 2315.9
1255950 2311.8
1255960 2311.8
1255970 2315.5
1255980 2315.3
1255990 2315.3
1256000 2312.0
1256010 2313.0
1256020 2313.0
1256030 2311.9
1256040 2308.7
1256050 2308.7
1256060 2302.7
1256070 2294.8
1256080 2294.8
1256090 2289.2
1256100 2286.8
1256110 2286.8
1256120 2283.5
1256130 2280.7
1256140 2280.1
1256150 2280.1
1256160 2280.5
1256170 2276.8
1256180 2276.8
1256190 2271.2
1256200 2268.2
1256210 2268.2
1256220 2267.3
1256230 2267.2
1256240 2267.2
1256250 2266.7
1256260 2267.4
1256270 2281.8
1256280 2291.1
1256290 2290.4
1256300 2290.4
1256310 2283.6
1256320 2283.2
1256330 2283.2
1256340 2281.9
1256350 2281.6
1256360 2282.8
1256370 2282.8
1256380 2284.3
1256390 2284.4
1256400 2284.4
1256410 2284.0
1256420 2283.6
1256430 2283.6
1256440 2283.7
1256450 2284.9
1256460 2284.9
1256470 2285.0
1256480 2284.3
1256490 2284.3
1256500 2284.1
1256510 2286.6
1256520 2286.6
1256530 2292.7
1256540 2296.2
1256550 2296.2
1256560 2297.2
1256570 2297.7
1256580 2296.8
1256590 2296.8
1256600 2295.7
1256610 2294.8
1256620 2294.8
1256630 2293.8
1256640 2291.9
1256650 2291.9
1256660 2289.7
1256670 2286.9
1256680 2286.9
1256690 2284.0
1256700 2280.8
1256710 2280.8
1256720 2279.0
1256730 2279.8
1256740 2279.8
1256750 2280.4
1256760 2281.1
1256770 2281.1
1256780 2282.0
1256790 2282.7
1256800 2283.8
1256810 2283.8
1256820 2285.1
1256830 2291.9
1256840 2291.9
1256850 2293.8
1256860 2296.5
1256870 2296.5
1256880 2298.7
1256890 2301.4
1256900 2301.4
1256910 2304.6
1256920 2308.7
1256930 2308.7
1256940 2316.7
1256950 2330.3
1256960 2330.3
1256970 2340.0
1256980 2349.6
1256990 2349.6
1257000 2357.5
1257010 2371.8
1257020 2385.3
1257030 2385.3
1257040 2394.3
1257050 2401.7
1257060 2401.7
1257070 2412.2
1257080 2428.0
1257090 2428.0
1257100 2440.7
1257110 2451.5
1257120 2451.5
1257130 2462.3
1257140 2471.4
1257150 2471.4
1257160 2480.2
1257170 2479.9
1257180 2479.9
1257190 2479.0
1257200 2483.1
1257210 2483.1
1257220 2493.5
1257230 2511.3
1257240 2531.0
1257250 2531.0
1257260 2549.8
1257270 2559.6
1257280 2559.6
1257290 2572.0
1257300 2584.6
1257310 2584.6
1257320 2591.1
1257330 2606.4
1257340 2606.4
1257350 2614.0
1257360 2623.1
1257370 2623.1
1257380 2634.7
1257390 2651.4
1257400 2651.4
1257410 2653.2
1257420 2653.0
1257430 2653.0
1257440 2651.8
1257450 2650.1
1257460 2647.9
1257470 2647.9
1257480 2638.4
1257490 2626.7
1257500 2626.7
1257510 2616.4
1257520 2613.0
1257530 2613.0
1257540 2607.5
1257550 2608.1
1257560 2608.1
1257570 2619.3
1257580 2629.4
1257590 2629.4
1257600 2628.6
1257610 2623.4
1257620 2623.4
1257630 2626.9
1257640 2637.9
1257650 2637.9
1257660 2639.7
1257670 2631.2
1257680 2614.5
1257690 2614.5
1257700 2606.3
1257710 2590.2
1257720 2590.2
1257730 2575.7
1257740 2569.8
1257750 2569.8
1257760 2573.1
1257770 2570.9
1257780 2570.9
1257790 2566.9
1257800 2561.8
1257810 2561.8
1257820 2556.0
1257830 2552.3
1257840 2552.3
1257850 2550.5
1257860 2548.3
1257870 2544.3
1257880 2544.3
1257890 2539.3
1257900 2533.7
1257910 2533.7
1257920 2526.8
1257930 2519.4
1257940 2518.8
1257950 2512.1
1257960 2504.4
1257970 2504.4
1257980 2497.4
1257990 2490.6
1258000 2490.6
1258010 2485.4
1258020 2482.3
1258030 2482.3
1258040 2475.7
1258050 2468.6
1258060 2468.6
1258070 2461.4
1258080 2454.6
1258090 2448.1
1258100 2448.1
1258110 2438.8
1258120 2434.0
1258130 2434.0
1258140 2434.1
1258150 2432.4
1258160 2432.4
1258170 2427.1
1258180 2424.0
1258190 2424.0
1258200 2426.0
1258210 2415.6
1258220 2415.6
1258230 2400.3
1258240 2393.2
1258250 2393.2
1258260 2398.1
1258270 2397.8
1258280 2397.8
1258290 2391.8
1258300 2385.5
1258310 2378.4
1258320 2378.4
1258330 2371.5
1258340 2361.9
1258350 2361.9
1258360 2350.8
1258370 2342.1
1258380 2342.1
1258390 2342.0
1258400 2338.0
1258410 2338.0
1258420 2333.3
1258430 2326.2
1258440 2326.2
1258450 2319.5
1258460 2317.6
1258470 2317.6
1258480 2318.0
1258490 2323.1
1258500 2310.3
1258510 2319.6
1258520 2324.6
1258530 2323.3
1258540 2323.3
1258550 2322.1
1258560 2323.7
1258570 2323.7
1258580 2328.8
1258590 2326.1
1258600 2326.1
1258610 2321.9
1258620 2313.4
1258630 2313.4
1258640 2315.6
1258650 2314.9
1258660 2314.9
1258670 2306.8
1258680 2298.5
1258690 2298.5
1258700 2291.0
1258710 2283.5
1258720 2283.5
1258730 2280.6
1258740 2280.4
1258750 2280.8
1258760 2280.8
1258770 2278.4
1258780 2274.4
1258790 2274.4
1258800 2269.2
1258810 2261.9
1258820 2261.9
1258830 2253.1
1258840 2244.9
1258850 2244.9
1258860 2237.8
1258870 2230.0
1258880 2230.0
1258890 2221.7
1258900 2213.4
1258910 2213.4
1258920 2205.0
1258930 2196.6
1258940 2196.6
1258950 2188.4
1258960 2180.1
1258970 2171.9
1258980 2171.9
1258990 2163.7
1259000 2155.7
1259010 2155.7
1259020 2148.1
1259030 2140.2
1259040 2140.2
1259050 2130.8
1259060 2113.8
1259070 2113.8
1259080 2104.2
1259090 2095.8
1259100 2095.8
1259110 2088.2
1259120 2081.3
1259130 2081.3
1259140 2075.2
1259150 2068.8
1259160 2068.8
1259170 2062.4
1259180 2056.4
1259190 2050.2
1259200 2050.2
1259210 2043.9
1259220 2038.4
1259230 2038.4
1259240 2033.3
1259250 2027.7
1259260 2027.7
1259270 2021.3
1259280 2013.6
1259290 2013.6
1259300 2006.1
1259310 2000.3
1259320 2000.3
1259330 1996.4
1259340 1993.0
1259350 1993.0
1259360 1989.9
1259370 1987.3
1259380 1987.3
1259390 1984.4
1259400 1981.1
1259410 1976.8
1259420 1976.8
1259430 1972.7
1259440 1967.9
1259450 1967.9
1259460 1962.9
1259470 1959.3
1259480 1959.3
1259490 1956.7
1259500 1953.6
1259510 1953.6
1259520 1949.7
1259530 1945.1
1259540 1945.1
1259550 1939.2
1259560 1932.5
1259570 1932.5
1259580 1925.0
1259590 1917.6
1259600 1917.6
1259610 1910.1
1259620 1902.1
1259630 1895.1
1259640 1895.1
1259650 1886.3
1259660 1877.0
1259670 1877.0
1259680 1867.9
1259690 1859.3
1259700 1859.3
1259710 1852.8
1259720 1848.9
1259730 1848.9
1259740 1845.9
1259750 1842.3
1259760 1842.3
1259770 1838.9
1259780 1834.7
1259790 1834.7
1259800 1828.9
1259810 1822.5
1259820 1822.5
1259830 1816.3
1259840 1810.5
1259850 1803.6
1259860 1803.6
1259870 1796.6
1259880 1789.9
1259890 1789.9
1259900 1783.4
1259910 1777.9
1259920 1777.9
1259930 1772.2
1259940 1766.0
1259950 1766.0
1259960 1760.2
1259970 1754.1
1259980 1754.1
1259990 1748.2
