1240000 2433.5
1240010 2431.8
1240020 2430.3
1240030 2430.3
1240040 2425.8
1240050 2423.0
1240060 2420.7
1240070 2420.7
1240080 2417.3
1240090 2411.8
1240100 2411.8
1240110 2407.9
1240120 2404.9
1240130 2404.9
1240140 2403.2
1240150 2401.3
1240160 2401.3
1240170 2399.3
1240180 2396.9
1240190 2396.9
1240200 2393.7
1240210 2390.6
1240220 2390.6
1240230 2387.3
1240240 2383.1
1240250 2383.1
1240260 2377.3
1240270 2371.1
1240280 2364.5
1240290 2364.5
1240300 2357.5
1240310 2349.6
1240320 2349.6
1240330 2341.3
1240340 2333.8
1240350 2333.8
1240360 2326.9
1240370 2322.4
1240380 2322.4
1240390 2317.5
1240400 2312.4
1240410 2312.4
1240420 2307.7
1240430 2302.7
1240440 2302.7
1240450 2298.9
1240460 2296.7
1240470 2296.7
1240480 2294.9
1240490 2292.4
1240500 2290.1
1240510 2290.1
1240520 2288.0
1240530 2286.6
1240540 2286.6
1240550 2284.4
1240560 2280.2
1240570 2280.2
1240580 2279.3
1240590 2278.4
1240600 2278.4
1240610 2276.7
1240620 2275.2
1240630 2275.2
1240640 2273.9
1240650 2272.6
1240660 2272.6
1240670 2271.4
1240680 2270.2
1240690 2270.2
1240700 2268.9
1240710 2267.6
1240720 2266.2
1240730 2266.2
1240740 2264.7
1240750 2263.2
1240760 2263.2
1240770 2261.9
1240780 2260.7
1240790 2260.7
1240800 2259.5
1240810 2258.0
1240820 2258.0
1240830 2256.2
1240840 2254.2
1240850 2254.2
1240860 2252.9
1240870 2253.4
1240880 2253.4
1240890 2254.9
1240900 2256.1
1240910 2256.1
1240920 2255.1
1240930 2253.3
1240940 2252.5
1240950 2252.5
1240960 2250.9
1240970 2249.9
1240980 2249.9
1240990 2249.7
1241000 2249.2
1241010 2249.2
1241020 2249.2
1241030 2249.1
1241040 2249.1
1241050 2248.4
1241060 2247.3
1241070 2247.3
1241080 2247.9
1241090 2246.5
1241100 2246.5
1241110 2245.3
1241120 2244.2
1241130 2244.2
1241140 2243.6
1241150 2243.2
1241160 2243.7
1241170 2243.7
1241180 2245.7
1241190 2248.6
1241200 2248.6
1241210 2253.0
1241220 2257.5
1241230 2257.5
1241240 2262.4
1241250 2266.6
1241260 2266.6
1241270 2270.3
1241280 2273.9
1241290 2273.9
1241300 2277.3
1241310 2280.6
1241320 2280.6
1241330 2283.9
1241340 2286.7
1241350 2286.7
1241360 2289.6
1241370 2291.8
1241380 2293.2
1241390 2293.2
1241400 2293.5
1241410 2293.7
1241420 2293.7
1241430 2293.9
1241440 2294.7
1241450 2294.7
1241460 2294.7
1241470 2294.7
1241480 2294.7
1241490 2295.0
1241500 2294.2
1241510 2294.2
1241520 2295.0
1241530 2296.6
1241540 2296.6
1241550 2298.5
1241560 2300.8
1241570 2300.8
1241580 2303.2
1241590 2305.4
1241600 2312.3
1241610 2312.3
1241620 2315.5
1241630 2319.0
1241640 2319.0
1241650 2322.4
1241660 2326.2
1241670 2326.2
1241680 2330.2
1241690 2334.2
1241700 2334.2
1241710 2338.2
1241720 2342.1
1241730 2342.1
1241740 2345.9
1241750 2349.3
1241760 2349.3
1241770 2353.0
1241780 2357.3
1241790 2357.3
1241800 2361.4
1241810 2365.7
1241820 2369.9
1241830 2369.9
1241840 2373.8
1241850 2377.3
1241860 2377.3
1241870 2380.9
1241880 2385.2
1241890 2385.2
1241900 2389.6
1241910 2394.9
1241920 2394.9
1241930 2401.3
1241940 2407.1
1241950 2407.1
1241960 2412.1
1241970 2417.4
1241980 2417.4
1241990 2422.6
1242000 2428.1
1242010 2428.1
1242020 2433.0
1242030 2437.1
1242040 2440.9
1242050 2440.9
1242060 2444.9
1242070 2448.9
1242080 2448.9
1242090 2454.4
1242100 2461.8
1242110 2461.8
1242120 2476.4
1242130 2490.7
1242140 2490.7
1242150 2506.7
1242160 2519.3
1242170 2519.3
1242180 2533.0
1242190 2549.1
1242200 2549.1
1242210 2560.2
1242220 2568.1
1242230 2568.1
1242240 2579.5
1242250 2589.6
1242260 2595.5
1242270 2595.5
1242280 2604.3
1242290 2616.0
1242300 2616.0
1242310 2628.1
1242320 2637.3
1242330 2637.3
1242340 2645.3
1242350 2653.2
1242360 2653.2
1242370 2660.7
1242380 2668.1
1242390 2668.1
1242400 2676.0
1242410 2684.4
1242420 2684.4
1242430 2693.2
1242440 2703.2
1242450 2703.2
1242460 2710.7
1242470 2717.1
1242480 2724.0
1242490 2724.0
1242500 2729.5
1242510 2732.6
1242520 2732.6
1242530 2733.8
1242540 2735.7
1242550 2735.7
1242560 2738.8
1242570 2741.8
1242580 2741.8
1242590 2741.9
1242600 2733.9
1242610 2733.9
1242620 2725.6
1242630 2709.4
1242640 2693.9
1242650 2680.2
1242660 2667.2
1242670 2667.2
1242680 2659.1
1242690 2654.7
1242700 2649.9
1242710 2649.9
1242720 2645.0
1242730 2640.0
1242740 2640.0
1242750 2634.8
1242760 2629.4
1242770 2629.4
1242780 2624.2
1242790 2622.1
1242800 2622.1
1242810 2621.6
1242820 2619.8
1242830 2619.8
1242840 2619.1
1242850 2619.4
1242860 2619.4
1242870 2618.9
1242880 2616.2
1242890 2616.2
1242900 2613.9
1242910 2612.4
1242920 2610.6
1242930 2610.6
1242940 2608.8
1242950 2605.3
1242960 2605.3
1242970 2601.8
1242980 2599.1
1242990 2599.1
1243000 2595.0
1243010 2590.9
1243020 2590.9
1243030 2590.0
1243040 2590.9
1243050 2590.9
1243060 2593.5
1243070 2594.7
1243080 2594.7
1243090 2596.7
1243100 2593.9
1243110 2593.9
1243120 2592.4
1243130 2593.5
1243140 2595.0
1243150 2595.0
1243160 2594.6
1243170 2595.9
1243180 2595.9
1243190 2594.7
1243200 2593.8
1243210 2593.8
1243220 2592.9
1243230 2590.6
1243240 2590.6
1243250 2586.6
1243260 2581.4
1243270 2581.4
1243280 2575.4
1243290 2570.0
1243300 2570.0
1243310 2565.0
1243320 2559.4
1243330 2559.4
1243340 2553.7
1243350 2547.9
1243360 2541.8
1243370 2541.8
1243380 2533.4
1243390 2524.6
1243400 2524.6
1243410 2513.7
1243420 2504.1
1243430 2504.1
1243440 2498.9
1243450 2494.8
1243460 2494.8
1243470 2492.0
1243480 2491.0
1243490 2491.0
1243500 2491.4
1243510 2491.9
1243520 2491.9
1243530 2491.4
1243540 2490.3
1243550 2490.3
1243560 2488.8
1243570 2487.8
1243580 2486.4
1243590 2486.4
1243600 2484.3
1243610 2481.8
1243620 2481.8
1243630 2479.0
1243640 2476.8
1243650 2476.8
1243660 2474.8
1243670 2473.0
1243680 2473.0
1243690 2469.8
1243700 2468.5
1243710 2468.5
1243720 2467.0
1243730 2465.4
1243740 2465.4
1243750 2463.4
1243760 2461.2
1243770 2461.2
1243780 2458.8
1243790 2456.5
1243800 2454.7
1243810 2454.7
1243820 2453.7
1243830 2452.6
1243840 2452.6
1243850 2450.8
1243860 2448.8
1243870 2448.8
1243880 2446.8
1243890 2444.6
1243900 2444.6
1243910 2442.9
1243920 2442.1
1243930 2442.1
1243940 2440.8
1243950 2438.8
1243960 2438.8
1243970 2437.3
1243980 2436.3
1243990 2436.3
1244000 2435.7
1244010 2435.2
1244020 2435.2
1244030 2435.2
1244040 2435.2
1244050 2435.7
1244060 2435.7
1244070 2435.9
1244080 2436.8
1244090 2436.8
1244100 2438.7
1244110 2440.5
1244120 2440.5
1244130 2442.2
1244140 2445.4
1244150 2445.4
1244160 2447.5
1244170 2449.8
1244180 2449.8
1244190 2452.4
1244200 2456.2
1244210 2456.2
1244220 2463.5
1244230 2467.5
1244240 2471.7
1244250 2471.7
1244260 2476.1
1244270 2479.4
1244280 2479.4
1244290 2483.0
1244300 2487.5
1244310 2487.5
1244320 2492.7
1244330 2498.5
1244340 2498.5
1244350 2505.0
1244360 2511.8
1244370 2511.8
1244380 2519.0
1244390 2526.6
1244400 2526.6
1244410 2533.7
1244420 2540.2
1244430 2540.2
1244440 2546.1
1244450 2552.1
1244460 2558.0
1244470 2558.0
1244480 2564.4
1244490 2571.8
1244500 2571.8
1244510 2580.0
1244520 2588.3
1244530 2588.3
1244540 2593.8
1244550 2598.0
1244560 2598.0
1244570 2606.5
1244580 2614.7
1244590 2614.7
1244600 2622.2
1244610 2627.2
1244620 2627.2
1244630 2627.6
1244640 2626.7
1244650 2626.7
1244660 2626.3
1244670 2626.0
1244680 2625.0
1244690 2625.0
1244700 2623.6
1244710 2622.2
1244720 2622.2
1244730 2621.2
1244740 2619.9
1244750 2620.7
1244760 2621.0
1244770 2623.9
1244780 2623.9
1244790 2625.4
1244800 2625.0
1244810 2625.0
1244820 2624.6
1244830 2626.8
1244840 2626.8
1244850 2627.3
1244860 2627.9
1244870 2627.9
1244880 2628.5
1244890 2628.3
1244900 2626.9
1244910 2626.9
1244920 2625.6
1244930 2623.0
1244940 2623.0
1244950 2618.4
1244960 2611.8
1244970 2611.8
1244980 2605.8
1244990 2600.1
1245000 2600.1
1245010 2594.7
1245020 2591.2
1245030 2591.2
1245040 2586.6
1245050 2587.1
1245060 2587.1
1245070 2591.4
1245080 2592.2
1245090 2592.2
1245100 2592.9
1245110 2591.6
1245120 2588.5
1245130 2588.5
1245140 2584.5
1245150 2580.5
1245160 2580.5
1245170 2580.6
1245180 2583.1
1245190 2583.1
1245200 2583.8
1245210 2584.6
1245220 2584.6
1245230 2585.3
1245240 2585.6
1245250 2585.6
1245260 2588.0
1245270 2591.6
1245280 2593.6
1245290 2594.2
1245300 2592.8
1245310 2592.8
1245320 2590.8
1245330 2592.0
1245340 2596.0
1245350 2596.0
1245360 2600.1
1245370 2605.1
1245380 2605.1
1245390 2610.0
1245400 2615.6
1245410 2615.6
1245420 2621.0
1245430 2625.0
1245440 2625.0
1245450 2630.4
1245460 2639.7
1245470 2639.7
1245480 2651.8
1245490 2661.1
1245500 2661.1
1245510 2662.5
1245520 2665.3
1245530 2665.3
1245540 2669.2
1245550 2674.6
1245560 2673.4
1245570 2673.4
1245580 2681.6
1245590 2693.0
1245600 2693.0
1245610 2700.0
1245620 2703.7
1245630 2703.7
1245640 2712.8
1245650 2717.9
1245660 2717.9
1245670 2710.5
1245680 2702.4
1245690 2702.4
1245700 2695.1
1245710 2688.0
1245720 2688.0
1245730 2681.0
1245740 2673.7
1245750 2673.7
1245760 2669.3
1245770 2666.9
1245780 2664.4
1245790 2664.4
1245800 2661.2
1245810 2661.2
1245820 2661.2
1245830 2656.9
1245840 2652.3
1245850 2652.3
1245860 2647.7
1245870 2643.1
1245880 2643.1
1245890 2638.9
1245900 2635.9
1245910 2635.9
1245920 2633.9
1245930 2631.1
1245940 2631.1
1245950 2627.9
1245960 2624.1
1245970 2624.1
1245980 2621.5
1245990 2619.8
1246000 2617.8
1246010 2617.8
1246020 2615.4
1246030 2614.8
1246040 2614.8
1246050 2617.5
1246060 2620.6
1246070 2620.6
1246080 2621.3
1246090 2621.8
1246100 2621.8
1246110 2621.9
1246120 2623.7
1246130 2623.7
1246140 2624.7
1246150 2624.5
1246160 2624.5
1246170 2624.6
1246180 2623.9
1246190 2623.9
1246200 2621.2
1246210 2616.6
1246220 2615.1
1246230 2615.1
1246240 2613.3
1246250 2611.7
1246260 2611.7
1246270 2612.3
1246280 2614.3
1246290 2614.3
1246300 2614.5
1246310 2612.0
1246320 2612.0
1246330 2608.3
1246340 2609.5
1246350 2609.5
1246360 2605.4
1246370 2599.5
1246380 2599.5
1246390 2593.6
1246400 2592.1
1246410 2592.1
1246420 2589.9
1246430 2587.7
1246440 2584.7
1246450 2584.7
1246460 2580.4
1246470 2579.3
1246480 2579.3
1246490 2579.1
1246500 2579.2
1246510 2579.2
1246520 2578.3
1246530 2575.6
1246540 2575.6
1246550 2575.1
1246560 2577.7
1246570 2577.7
1246580 2580.4
1246590 2586.0
1246600 2586.0
1246610 2593.4
1246620 2598.1
1246630 2598.1
1246640 2600.2
1246650 2601.0
1246660 2601.4
1246670 2601.4
1246680 2601.7
1246690 2602.2
1246700 2602.2
1246710 2601.9
1246720 2601.4
1246730 2601.4
1246740 2602.2
1246750 2602.9
1246760 2602.9
1246770 2602.3
1246780 2603.9
1246790 2603.9
1246800 2605.0
1246810 2605.5
1246820 2605.5
1246830 2607.8
1246840 2610.0
1246850 2610.0
1246860 2612.5
1246870 2616.7
1246880 2618.0
1246890 2618.0
1246900 2620.9
1246910 2625.7
1246920 2625.7
1246930 2629.9
1246940 2634.3
1246950 2634.3
1246960 2640.7
1246970 2646.4
1246980 2646.4
1246990 2651.7
1247000 2658.3
1247010 2658.3
1247020 2667.2
1247030 2677.6
1247040 2677.6
1247050 2688.5
1247060 2696.2
1247070 2696.2
1247080 2700.1
1247090 2697.3
1247100 2687.4
1247110 2687.4
1247120 2674.8
1247130 2664.6
1247140 2664.6
1247150 2656.2
1247160 2648.8
1247170 2648.8
1247180 2642.5
1247190 2637.7
1247200 2637.7
1247210 2633.0
1247220 2628.0
1247230 2628.0
1247240 2623.5
1247250 2620.8
1247260 2620.8
1247270 2619.5
1247280 2618.8
1247290 2618.8
1247300 2618.2
1247310 2618.9
1247320 2620.5
1247330 2620.5
1247340 2622.2
1247350 2622.8
1247360 2622.8
1247370 2624.7
1247380 2627.9
1247390 2627.9
1247400 2628.3
1247410 2635.3
1247420 2635.3
1247430 2638.9
1247440 2640.2
1247450 2640.2
1247460 2640.7
1247470 2641.4
1247480 2641.4
1247490 2642.3
1247500 2643.7
1247510 2643.7
1247520 2645.3
1247530 2647.5
1247540 2651.0
1247550 2651.0
1247560 2655.8
1247570 2660.8
1247580 2660.8
1247590 2666.3
1247600 2671.5
1247610 2671.5
1247620 2676.0
1247630 2680.8
1247640 2680.8
1247650 2686.2
1247660 2691.9
1247670 2691.9
1247680 2698.0
1247690 2704.9
1247700 2704.9
1247710 2710.8
1247720 2716.6
1247730 2716.6
1247740 2722.9
1247750 2730.2
1247760 2738.1
1247770 2738.1
1247780 2746.3
1247790 2753.5
1247800 2753.5
1247810 2759.0
1247820 2762.8
1247830 2762.8
1247840 2767.1
1247850 2772.9
1247860 2772.9
1247870 2779.8
1247880 2786.5
1247890 2786.5
1247900 2786.6
1247910 2774.5
1247920 2774.5
1247930 2763.6
1247940 2753.1
1247950 2753.1
1247960 2743.7
1247970 2732.9
1247980 2721.2
1247990 2721.2
1248000 2708.8
1248010 2698.5
1248020 2698.5
1248030 2690.7
1248040 2683.7
1248050 2683.7
1248060 2683.4
1248070 2680.6
1248080 2680.6
1248090 2670.0
1248100 2662.6
1248110 2662.6
1248120 2654.1
1248130 2639.5
1248140 2639.5
1248150 2626.7
1248160 2613.9
1248170 2613.9
1248180 2601.6
1248190 2590.0
1248200 2579.5
1248210 2579.5
1248220 2569.9
1248230 2559.3
1248240 2559.3
1248250 2548.4
1248260 2537.0
1248270 2537.0
1248280 2526.8
1248290 2517.2
1248300 2517.2
1248310 2511.8
1248320 2506.3
1248330 2506.3
1248340 2495.9
1248350 2484.9
1248360 2484.9
1248370 2479.2
1248380 2474.4
1248390 2474.4
1248400 2470.2
1248410 2466.0
1248420 2461.6
1248430 2461.6
1248440 2456.6
1248450 2451.3
1248460 2451.3
1248470 2445.4
1248480 2437.5
1248490 2437.5
1248500 2432.2
1248510 2427.6
1248520 2427.6
1248530 2422.8
1248540 2417.6
1248550 2417.6
1248560 2412.5
1248570 2407.1
1248580 2407.1
1248590 2401.9
1248600 2396.7
1248610 2396.7
1248620 2391.6
1248630 2386.5
1248640 2381.6
1248650 2381.6
1248660 2376.7
1248670 2371.9
1248680 2371.9
1248690 2367.2
1248700 2362.5
1248710 2362.5
1248720 2357.8
1248730 2353.0
1248740 2353.0
1248750 2348.6
1248760 2344.8
1248770 2344.8
1248780 2340.3
1248790 2335.6
1248800 2335.6
1248810 2330.8
1248820 2325.7
1248830 2325.7
1248840 2321.1
1248850 2317.3
1248860 2313.0
1248870 2313.0
1248880 2308.6
1248890 2304.5
1248900 2304.5
1248910 2300.9
1248920 2297.6
1248930 2297.6
1248940 2294.4
1248950 2291.4
1248960 2291.4
1248970 2288.9
1248980 2286.6
1248990 2286.6
1249000 2284.3
1249010 2282.2
1249020 2283.2
1249030 2280.9
1249040 2278.8
1249050 2278.8
1249060 2277.7
1249070 2277.3
1249080 2278.2
1249090 2278.2
1249100 2277.3
1249110 2274.6
1249120 2274.6
1249130 2270.0
1249140 2263.5
1249150 2263.5
1249160 2257.8
1249170 2252.8
1249180 2252.8
1249190 2247.2
1249200 2241.2
1249210 2241.2
1249220 2236.4
1249230 2233.4
1249240 2233.4
1249250 2229.4
1249260 2224.8
1249270 2224.8
1249280 2220.2
1249290 2215.8
1249300 2212.6
1249310 2212.6
1249320 2210.1
1249330 2207.7
1249340 2207.7
1249350 2206.0
1249360 2204.0
1249370 2204.0
1249380 2201.7
1249390 2199.4
1249400 2199.4
1249410 2197.3
1249420 2195.2
1249430 2195.2
1249440 2192.5
1249450 2189.0
1249460 2189.0
1249470 2184.3
1249480 2178.5
1249490 2178.5
1249500 2172.6
1249510 2167.2
1249520 2161.1
1249530 2161.1
1249540 2154.9
1249550 2149.7
1249560 2149.6
1249570 2142.8
1249580 2136.4
1249590 2136.4
1249600 2131.1
1249610 2127.5
1249620 2127.5
1249630 2125.0
1249640 2122.1
1249650 2122.1
1249660 2118.9
1249670 2116.0
1249680 2116.0
1249690 2112.4
1249700 2108.1
1249710 2108.1
1249720 2103.3
1249730 2098.8
1249740 2094.3
1249750 2094.3
1249760 2089.9
1249770 2085.2
1249780 2085.2
1249790 2080.4
1249800 2075.0
1249810 2075.0
1249820 2069.6
1249830 2065.2
1249840 2065.2
1249850 2061.6
1249860 2057.6
1249870 2057.6
1249880 2052.4
1249890 2047.1
1249900 2047.1
1249910 2043.7
1249920 2042.9
1249930 2042.9
1249940 2041.0
1249950 2038.2
1249960 2035.2
1249970 2035.2
1249980 2034.3
1249990 2032.2
1250000 2032.2
1250010 2028.2
1250020 2025.2
1250030 2025.2
1250040 2021.7
1250050 2017.3
1250060 2017.3
1250070 2012.9
1250080 2010.1
1250090 2010.1
1250100 2006.0
1250110 2003.8
1250120 2003.8
1250130 2001.3
1250140 1998.0
1250150 1998.0
1250160 1994.6
1250170 1991.7
1250180 1990.3
1250190 1990.3
1250200 1988.3
1250210 1984.7
1250220 1984.7
1250230 1981.8
1250240 1980.3
1250250 1980.3
1250260 1978.6
1250270 1975.8
1250280 1975.8
1250290 1971.6
1250300 1968.1
1250310 1968.1
1250320 1964.5
1250330 1960.5
1250340 1960.5
1250350 1956.0
1250360 1951.2
1250370 1951.2
1250380 1946.8
1250390 1942.3
1250400 1938.0
1250410 1938.0
1250420 1934.2
1250430 1930.5
1250440 1930.5
1250450 1926.4
1250460 1921.0
1250470 1921.0
1250480 1913.8
1250490 1907.1
1250500 1907.1
1250510 1902.0
1250520 1897.5
1250530 1897.5
1250540 1893.2
1250550 1889.6
1250560 1889.6
1250570 1884.6
1250580 1879.4
1250590 1879.4
1250600 1876.4
1250610 1874.3
1250620 1868.6
1250630 1868.6
1250640 1857.7
1250650 1850.8
1250660 1850.8
1250670 1850.8
1250680 1852.5
1250690 1852.5
1250700 1851.7
1250710 1849.6
1250720 1849.6
1250730 1846.8
1250740 1842.3
1250750 1842.3
1250760 1835.2
1250770 1830.6
1250780 1830.6
1250790 1836.3
1250800 1840.3
1250810 1840.3
1250820 1839.2
1250830 1836.9
1250840 1834.6
1250850 1834.6
1250860 1832.5
1250870 1831.1
1250880 1831.1
1250890 1830.6
1250900 1829.9
1250910 1829.9
1250920 1829.0
1250930 1826.6
1250940 1826.6
1250950 1824.7
1250960 1824.3
1250970 1824.3
1250980 1824.3
1250990 1824.0
1251000 1824.0
1251010 1824.4
1251020 1824.3
1251030 1824.3
1251040 1824.0
1251050 1824.1
1251060 1824.1
1251070 1824.1
1251080 1823.9
1251090 1823.5
1251100 1823.5
1251110 1823.5
1251120 1824.2
1251130 1824.2
1251140 1822.7
1251150 1823.3
1251160 1823.3
1251170 1825.6
1251180 1814.4
1251190 1814.4
1251200 1813.8
1251210 1824.6
1251220 1824.6
1251230 1835.7
1251240 1840.7
1251250 1840.7
1251260 1843.6
1251270 1846.7
1251280 1849.3
1251290 1849.3
1251300 1851.6
1251310 1854.6
1251320 1854.6
1251330 1857.4
1251340 1858.6
1251350 1858.6
1251360 1857.8
1251370 1855.3
1251380 1855.3
1251390 1850.5
1251400 1844.6
1251410 1844.6
1251420 1840.2
1251430 1834.9
1251440 1834.9
1251450 1830.0
1251460 1825.2
1251470 1825.2
1251480 1820.3
1251490 1815.8
1251500 1811.2
1251510 1811.2
1251520 1807.3
1251530 1803.3
1251540 1803.3
1251550 1799.2
1251560 1793.9
1251570 1793.9
1251580 1788.9
1251590 1783.7
1251600 1783.7
1251610 1778.5
1251620 1773.2
1251630 1773.2
1251640 1767.9
1251650 1763.7
1251660 1763.7
1251670 1759.7
1251680 1755.1
1251690 1755.1
1251700 1750.8
1251710 1746.7
1251720 1742.3
1251730 1737.8
1251740 1733.2
1251750 1728.2
1251760 1728.2
1251770 1723.7
1251780 1719.1
1251790 1719.1
1251800 1714.6
1251810 1710.2
1251820 1710.2
1251830 1706.4
1251840 1702.3
1251850 1702.3
1251860 1699.1
1251870 1694.9
1251880 1694.9
1251890 1687.9
1251900 1681.5
1251910 1681.5
1251920 1675.8
1251930 1671.2
1251940 1666.0
1251950 1666.0
1251960 1662.1
1251970 1658.9
1251980 1658.9
1251990 1655.2
1252000 1651.3
1252010 1651.3
1252020 1647.1
1252030 1642.5
1252040 1642.5
1252050 1637.1
1252060 1632.5
1252070 1632.5
1252080 1628.6
1252090 1625.5
1252100 1625.5
1252110 1622.1
1252120 1617.8
1252130 1617.8
1252140 1613.1
1252150 1608.3
1252160 1603.0
1252170 1603.0
1252180 1598.5
1252190 1594.5
1252200 1594.5
1252210 1590.5
1252220 1585.8
1252230 1585.8
1252240 1579.9
1252250 1573.7
1252260 1573.7
1252270 1562.7
1252280 1555.4
1252290 1555.4
1252300 1543.0
1252310 1522.2
1252320 1522.2
1252330 1507.0
1252340 1482.0
1252350 1482.0
1252360 1450.7
1252370 1434.9
1252380 1418.8
1252390 1418.8
1252400 1405.0
1252410 1398.7
1252420 1398.7
1252430 1393.7
1252440 1388.1
1252450 1388.1
1252460 1380.2
1252470 1370.8
1252480 1370.8
1252490 1362.8
1252500 1355.5
1252510 1355.5
1252520 1348.6
1252530 1342.2
1252540 1342.2
1252550 1336.2
1252560 1329.5
1252570 1329.5
1252580 1324.3
1252590 1320.4
1252600 1315.6
1252610 1315.6
1252620 1310.1
1252630 1304.3
1252640 1304.3
1252650 1298.6
1252660 1292.8
1252670 1292.8
1252680 1286.8
1252690 1281.0
1252700 1281.0
1252710 1276.1
1252720 1271.1
1252730 1271.1
1252740 1266.1
1252750 1261.3
1252760 1261.3
1252770 1256.5
1252780 1251.0
1252790 1251.0
1252800 1244.8
1252810 1238.1
1252820 1229.5
1252830 1229.5
1252840 1222.9
1252850 1216.4
1252860 1216.4
1252870 1210.2
1252880 1204.2
1252890 1204.2
1252900 1198.6
1252910 1192.6
1252920 1192.6
1252930 1190.5
1252940 1190.1
1252950 1190.1
1252960 1186.6
1252970 1182.7
1252980 1182.7
1252990 1178.8
1253000 1175.4
1253010 1175.4
1253020 1170.8
1253030 1166.7
1253040 1162.7
1253050 1162.7
1253060 1158.7
1253070 1154.5
1253080 1154.5
1253090 1150.2
1253100 1145.9
1253110 1145.9
1253120 1141.7
1253130 1137.6
1253140 1137.6
1253150 1133.2
1253160 1128.6
1253170 1128.6
1253180 1123.5
1253190 1116.1
1253200 1116.1
1253210 1111.0
1253220 1108.9
1253230 1108.9
1253240 1110.6
1253250 1111.9
1253260 1112.4
1253270 1112.4
1253280 1112.7
1253290 1112.9
1253300 1112.9
1253310 1113.2
1253320 1113.7
1253330 1113.7
1253340 1114.4
1253350 1115.6
1253360 1115.6
1253370 1116.7
1253380 1117.9
1253390 1117.9
1253400 1118.2
1253410 1118.6
1253420 1118.6
1253430 1119.4
1253440 1120.5
1253450 1120.5
1253460 1121.5
1253470 1122.5
1253480 1124.0
1253490 1124.0
1253500 1126.3
1253510 1128.3
1253520 1128.3
1253530 1130.0
1253540 1131.4
1253550 1131.4
1253560 1132.7
1253570 1133.1
1253580 1133.1
1253590 1134.2
1253600 1136.9
1253610 1136.9
1253620 1140.4
1253630 1142.5
1253640 1142.5
1253650 1144.1
1253660 1146.1
1253670 1146.1
1253680 1147.8
1253690 1149.5
1253700 1152.5
1253710 1152.5
1253720 1155.6
1253730 1157.5
1253740 1157.5
1253750 1158.6
1253760 1160.4
1253770 1160.4
1253780 1163.0
1253790 1166.7
1253800 1166.7
1253810 1169.6
1253820 1171.5
1253830 1171.5
1253840 1173.7
1253850 1176.6
1253860 1176.6
1253870 1178.4
1253880 1180.8
1253890 1180.8
1253900 1183.1
1253910 1185.1
1253920 1187.7
1253930 1187.7
1253940 1190.8
1253950 1193.4
1253960 1193.4
1253970 1196.6
1253980 1199.5
1253990 1199.5
1254000 1202.8
1254010 1206.2
1254020 1206.2
1254030 1209.2
1254040 1212.0
1254050 1212.0
1254060 1215.5
1254070 1219.5
1254080 1219.5
1254090 1223.5
1254100 1228.4
1254110 1228.4
1254120 1234.9
1254130 1242.3
1254140 1250.0
1254150 1250.0
1254160 1257.1
1254170 1263.6
1254180 1263.6
1254190 1272.0
1254200 1279.3
1254210 1279.3
1254220 1283.8
1254230 1288.7
1254240 1288.7
1254250 1292.6
1254260 1294.2
1254270 1294.2
1254280 1298.9
1254290 1304.2
1254300 1304.2
1254310 1299.6
1254320 1299.5
1254330 1299.5
1254340 1308.1
1254350 1314.6
1254360 1320.6
1254370 1320.6
1254380 1326.1
1254390 1331.3
1254400 1331.3
1254410 1336.4
1254420 1342.4
1254430 1342.4
1254440 1348.4
1254450 1355.0
1254460 1353.1
1254470 1362.1
1254480 1368.4
1254490 1368.4
1254500 1375.7
1254510 1381.5
1254520 1381.5
1254530 1387.9
1254540 1395.5
1254550 1395.5
1254560 1403.0
1254570 1410.2
1254580 1417.0
1254590 1417.0
1254600 1423.5
1254610 1428.8
1254620 1428.8
1254630 1432.7
1254640 1436.4
1254650 1436.4
1254660 1441.5
1254670 1447.4
1254680 1447.4
1254690 1453.4
1254700 1458.9
1254710 1458.9
1254720 1462.7
1254730 1464.3
1254740 1464.3
1254750 1464.1
1254760 1463.3
1254770 1463.3
1254780 1462.5
1254790 1462.4
1254800 1462.9
1254810 1462.9
1254820 1463.9
1254830 1468.9
1254840 1468.9
1254850 1475.6
1254860 1479.3
1254870 1479.3
1254880 1483.6
1254890 1484.9
1254900 1484.9
1254910 1485.8
1254920 1488.8
1254930 1488.8
1254940 1493.6
1254950 1498.9
1254960 1498.9
1254970 1505.4
1254980 1512.7
1254990 1512.7
1255000 1521.5
1255010 1531.2
1255020 1541.7
1255030 1541.7
1255040 1549.9
1255050 1556.3
1255060 1556.3
1255070 1561.2
1255080 1565.7
1255090 1565.7
1255100 1570.6
1255110 1576.5
1255120 1576.5
1255130 1582.4
1255140 1588.1
1255150 1588.1
1255160 1594.1
1255170 1601.6
1255180 1601.6
1255190 1609.2
1255200 1615.9
1255210 1615.9
1255220 1620.6
1255230 1624.1
1255240 1627.9
1255250 1627.9
1255260 1633.8
1255270 1641.1
1255280 1641.1
1255290 1649.0
1255300 1657.9
1255310 1657.9
1255320 1667.3
1255330 1675.7
1255340 1675.7
1255350 1684.3
1255360 1693.8
1255370 1693.8
1255380 1702.7
1255390 1712.9
1255400 1712.9
1255410 1724.3
1255420 1735.5
1255430 1735.5
1255440 1745.5
1255450 1751.5
1255460 1756.7
1255470 1756.7
1255480 1765.5
1255490 1774.2
1255500 1774.2
1255510 1781.5
1255520 1784.9
1255530 1784.9
1255540 1782.8
1255550 1779.8
1255560 1779.8
1255570 1785.3
1255580 1782.1
1255590 1782.1
1255600 1785.2
1255610 1792.4
1255620 1792.4
1255630 1800.1
1255640 1810.2
1255650 1810.2
1255660 1823.2
1255670 1835.3
1255680 1844.6
1255690 1844.6
1255700 1855.3
1255710 1867.8
1255720 1867.8
1255730 1876.0
1255740 1882.0
1255750 1882.0
1255760 1887.1
1255770 1889.5
1255780 1889.5
1255790 1889.2
1255800 1888.9
1255810 1888.9
1255820 1890.0
1255830 1885.2
1255840 1885.2
1255850 1883.4
1255860 1884.8
1255870 1884.8
1255880 1879.8
1255890 1881.2
1255900 1887.0
1255910 1887.0
1255920 1884.4
1255930 1869.8
1255940 1869.8
1255950 1863.7
1255960 1867.0
1255970 1867.0
1255980 1876.0
1255990 1873.3
1256000 1873.3
1256010 1873.0
1256020 1868.8
1256030 1868.8
1256040 1865.3
1256050 1865.2
1256060 1865.2
1256070 1865.1
1256080 1867.9
1256090 1867.9
1256100 1873.4
1256110 1877.9
1256120 1882.9
1256130 1882.9
1256140 1881.7
1256150 1882.4
1256160 1882.4
1256170 1883.5
1256180 1885.3
1256190 1885.3
1256200 1888.7
1256210 1893.7
1256220 1893.7
1256230 1900.1
1256240 1908.6
1256250 1908.6
1256260 1917.1
1256270 1925.3
1256280 1925.3
1256290 1933.0
1256300 1938.1
1256310 1938.1
1256320 1940.6
1256330 1942.8
1256340 1944.8
1256350 1944.8
1256360 1947.3
1256370 1953.0
1256380 1953.0
1256390 1957.5
1256400 1958.9
1256410 1958.9
1256420 1963.8
1256430 1967.0
1256440 1967.0
1256450 1966.8
1256460 1967.9
1256470 1967.9
1256480 1969.7
1256490 1969.4
1256500 1969.4
1256510 1968.6
1256520 1970.1
1256530 1970.1
1256540 1971.5
1256550 1973.5
1256560 1978.1
1256570 1978.1
1256580 1984.4
1256590 1990.9
1256600 1990.9
1256610 1999.7
1256620 2013.4
1256630 2013.4
1256640 2028.2
1256650 2035.6
1256660 2035.6
1256670 2046.5
1256680 2057.8
1256690 2057.8
1256700 2071.0
1256710 2083.4
1256720 2083.4
1256730 2097.1
1256740 2107.9
1256750 2107.9
1256760 2116.0
1256770 2122.9
1256780 2130.3
1256790 2130.3
1256800 2136.5
1256810 2140.6
1256820 2140.6
1256830 2143.6
1256840 2143.8
1256850 2143.8
1256860 2145.8
1256870 2147.4
1256880 2147.4
1256890 2148.5
1256900 2148.5
1256910 2148.5
1256920 2147.7
1256930 2147.4
1256940 2147.4
1256950 2147.8
1256960 2148.8
1256970 2148.8
1256980 2149.2
1256990 2149.9
1257000 2150.5
1257010 2150.5
1257020 2150.8
1257030 2148.8
1257040 2148.8
1257050 2148.3
1257060 2149.8
1257070 2149.8
1257080 2150.6
1257090 2151.2
1257100 2151.2
1257110 2151.3
1257120 2155.9
1257130 2155.9
1257140 2162.5
1257150 2169.0
1257160 2169.0
1257170 2174.5
1257180 2178.4
1257190 2178.4
1257200 2182.2
1257210 2185.6
1257220 2189.1
1257230 2191.0
1257240 2194.0
1257250 2197.1
1257260 2197.1
1257270 2198.9
1257280 2198.8
1257290 2198.8
1257300 2199.4
1257310 2203.2
1257320 2203.2
1257330 2210.4
1257340 2218.1
1257350 2218.1
1257360 2224.4
1257370 2227.7
1257380 2227.7
1257390 2231.4
1257400 2233.6
1257410 2233.6
1257420 2234.0
1257430 2233.6
1257440 2231.9
1257450 2231.9
1257460 2231.2
1257470 2234.6
1257480 2234.6
1257490 2235.6
1257500 2236.6
1257510 2236.6
1257520 2236.9
1257530 2237.4
1257540 2237.4
1257550 2238.8
1257560 2242.5
1257570 2242.5
1257580 2248.1
1257590 2254.8
1257600 2254.8
1257610 2262.2
1257620 2269.8
1257630 2269.8
1257640 2279.3
1257650 2293.8
1257660 2313.8
1257670 2313.8
1257680 2336.4
1257690 2356.2
1257700 2356.2
1257710 2375.2
1257720 2391.2
1257730 2391.2
1257740 2405.7
1257750 2416.9
1257760 2416.9
1257770 2429.8
1257780 2440.8
1257790 2442.0
1257800 2451.2
1257810 2461.9
1257820 2461.9
1257830 2472.9
1257840 2482.9
1257850 2482.9
1257860 2491.7
1257870 2499.5
1257880 2505.2
1257890 2505.2
1257900 2511.5
1257910 2521.6
1257920 2521.6
1257930 2531.6
1257940 2540.3
1257950 2540.3
1257960 2546.9
1257970 2542.5
1257980 2542.5
1257990 2536.9
1258000 2536.8
1258010 2536.8
1258020 2538.8
1258030 2534.0
1258040 2534.0
1258050 2525.9
1258060 2520.7
1258070 2520.7
1258080 2521.5
1258090 2516.6
1258100 2513.4
1258110 2513.4
1258120 2512.6
1258130 2511.5
1258140 2511.5
1258150 2510.5
1258160 2506.3
1258170 2506.3
1258180 2500.4
1258190 2493.6
1258200 2493.6
1258210 2487.3
1258220 2480.2
1258230 2480.2
1258240 2475.3
1258250 2472.6
1258260 2472.6
1258270 2469.7
1258280 2465.3
1258290 2465.3
1258300 2459.4
1258310 2452.0
1258320 2444.0
1258330 2444.0
1258340 2436.2
1258350 2432.4
1258360 2432.4
1258370 2425.5
1258380 2419.1
1258390 2419.1
1258400 2412.2
1258410 2406.0
1258420 2406.0
1258430 2398.7
1258440 2391.6
1258450 2391.6
1258460 2384.3
1258470 2377.2
1258480 2377.2
1258490 2370.4
1258500 2363.5
1258510 2363.5
1258520 2357.5
1258530 2351.7
1258540 2345.7
1258550 2345.7
1258560 2340.4
1258570 2336.3
1258580 2336.3
1258590 2332.7
1258600 2328.9
1258610 2328.9
1258620 2325.0
1258630 2319.8
1258640 2319.8
1258650 2313.3
1258660 2305.9
1258670 2305.9
1258680 2298.9
1258690 2292.8
1258700 2292.8
1258710 2286.8
1258720 2281.3
1258730 2281.3
1258740 2276.5
1258750 2271.7
1258760 2264.3
1258770 2264.3
1258780 2252.1
1258790 2244.2
1258800 2244.2
1258810 2237.5
1258820 2230.5
1258830 2230.5
1258840 2225.9
1258850 2222.6
1258860 2222.6
1258870 2218.9
1258880 2214.3
1258890 2214.3
1258900 2208.9
1258910 2208.3
1258920 2208.3
1258930 2203.5
1258940 2199.0
1258950 2199.0
1258960 2193.9
1258970 2188.6
1258980 2183.4
1258990 2183.4
1259000 2178.0
1259010 2173.8
1259020 2173.8
1259030 2169.5
1259040 2165.2
1259050 2165.2
1259060 2160.3
1259070 2156.0
1259080 2156.0
1259090 2151.1
1259100 2146.1
1259110 2146.1
1259120 2142.0
1259130 2140.3
1259140 2140.3
1259150 2139.0
1259160 2135.7
1259170 2135.7
1259180 2132.5
1259190 2129.4
1259200 2126.4
1259210 2126.4
1259220 2124.6
1259230 2125.4
1259240 2125.4
1259250 2124.4
1259260 2122.2
1259270 2122.2
1259280 2120.0
1259290 2117.8
1259300 2117.8
1259310 2115.8
1259320 2113.4
1259330 2113.4
1259340 2111.0
1259350 2108.8
1259360 2108.8
1259370 2107.2
1259380 2107.0
1259390 2107.0
1259400 2106.3
1259410 2104.5
1259420 2100.6
1259430 2100.6
1259440 2096.9
1259450 2092.6
1259460 2092.6
1259470 2087.4
1259480 2074.1
1259490 2074.1
1259500 2070.6
1259510 2068.5
1259520 2068.5
1259530 2067.3
1259540 2064.9
1259550 2064.9
1259560 2061.7
1259570 2057.1
1259580 2057.1
1259590 2052.8
1259600 2049.7
1259610 2049.7
1259620 2044.4
1259630 2039.4
1259640 2034.6
1259650 2034.6
1259660 2030.2
1259670 2025.6
1259680 2025.6
1259690 2020.7
1259700 2014.7
1259710 2014.7
1259720 2009.0
1259730 2003.3
1259740 2003.3
1259750 1998.5
1259760 1992.8
1259770 1992.8
1259780 1987.9
1259790 1983.7
1259800 1983.7
1259810 1979.6
1259820 1974.0
1259830 1974.0
1259840 1968.5
1259850 1962.1
1259860 1956.0
1259870 1956.0
1259880 1951.9
1259890 1946.4
1259900 1946.4
1259910 1939.1
1259920 1931.8
1259930 1931.8
1259940 1925.4
1259950 1919.1
1259960 1919.1
1259970 1913.3
1259980 1908.3
1259990 1908.3
