1240000 2552.6
1240010 2552.4
1240020 2553.5
1240030 2553.5
1240040 2553.3
1240050 2552.4
1240060 2552.4
1240070 2552.0
1240080 2551.7
1240090 2551.7
1240100 2550.9
1240110 2549.0
1240120 2549.0
1240130 2547.1
1240140 2545.8
1240150 2545.8
1240160 2544.4
1240170 2543.0
1240180 2543.0
1240190 2541.5
1240200 2540.2
1240210 2539.3
1240220 2539.3
1240230 2537.9
1240240 2535.6
1240250 2535.6
1240260 2532.7
1240270 2529.2
1240280 2529.2
1240290 2524.8
1240300 2518.0
1240310 2518.0
1240320 2512.7
1240330 2511.1
1240340 2511.1
1240350 2507.5
1240360 2498.9
1240370 2498.9
1240380 2496.1
1240390 2494.4
1240400 2494.4
1240410 2492.8
1240420 2488.5
1240430 2481.3
1240440 2481.3
1240450 2475.3
1240460 2472.0
1240470 2472.0
1240480 2468.9
1240490 2457.3
1240500 2457.3
1240510 2454.1
1240520 2453.0
1240530 2453.0
1240540 2453.7
1240550 2457.8
1240560 2457.8
1240570 2461.1
1240580 2457.1
1240590 2457.1
1240600 2456.0
1240610 2453.2
1240620 2453.2
1240630 2453.5
1240640 2452.7
1240650 2453.9
1240660 2453.9
1240670 2454.1
1240680 2453.3
1240690 2453.3
1240700 2451.1
1240710 2448.3
1240720 2448.3
1240730 2443.4
1240740 2434.0
1240750 2434.0
1240760 2426.9
1240770 2418.9
1240780 2418.9
1240790 2409.1
1240800 2395.3
1240810 2395.3
1240820 2378.1
1240830 2371.5
1240840 2371.5
1240850 2367.8
1240860 2363.6
1240870 2357.7
1240880 2357.7
1240890 2352.0
1240900 2346.2
1240910 2346.2
1240920 2342.0
1240930 2337.9
1240940 2337.9
1240950 2332.6
1240960 2327.6
1240970 2327.6
1240980 2322.9
1240990 2317.9
1241000 2317.9
1241010 2308.7
1241020 2305.1
1241030 2305.1
1241040 2299.2
1241050 2292.3
1241060 2292.3
1241070 2285.4
1241080 2277.6
1241090 2270.7
1241100 2270.7
1241110 2264.6
1241120 2258.8
1241130 2258.8
1241140 2252.9
1241150 2247.3
1241160 2247.3
1241170 2242.9
1241180 2239.3
1241190 2239.3
1241200 2237.4
1241210 2235.7
1241220 2235.7
1241230 2233.4
1241240 2230.8
1241250 2230.8
1241260 2228.6
1241270 2226.8
1241280 2226.8
1241290 2225.5
1241300 2224.4
1241310 2223.2
1241320 2223.2
1241330 2222.2
1241340 2221.7
1241350 2221.7
1241360 2220.8
1241370 2221.0
1241380 2221.0
1241390 2220.9
1241400 2220.9
1241410 2220.9
1241420 2220.8
1241430 2220.6
1241440 2220.6
1241450 2220.4
1241460 2219.4
1241470 2219.4
1241480 2218.5
1241490 2217.7
1241500 2217.7
1241510 2216.9
1241520 2216.2
1241530 2216.6
1241540 2216.6
1241550 2216.8
1241560 2217.4
1241570 2217.4
1241580 2217.5
1241590 2217.8
1241600 2217.8
1241610 2219.8
1241620 2219.1
1241630 2219.1
1241640 2219.0
1241650 2220.0
1241660 2220.0
1241670 2221.4
1241680 2222.5
1241690 2222.5
1241700 2222.7
1241710 2224.2
1241720 2224.2
1241730 2225.7
1241740 2227.5
1241750 2229.3
1241760 2229.3
1241770 2231.2
1241780 2233.2
1241790 2233.2
1241800 2234.9
1241810 2236.6
1241820 2236.6
1241830 2237.8
1241840 2238.8
1241850 2238.8
1241860 2240.2
1241870 2242.6
1241880 2242.6
1241890 2245.0
1241900 2247.4
1241910 2247.4
1241920 2249.5
1241930 2251.3
1241940 2251.3
1241950 2251.9
1241960 2255.0
1241970 2259.6
1241980 2259.6
1241990 2263.7
1242000 2267.3
1242010 2267.3
1242020 2272.2
1242030 2278.7
1242040 2278.7
1242050 2289.3
1242060 2295.3
1242070 2295.3
1242080 2301.0
1242090 2309.7
1242100 2309.7
1242110 2318.6
1242120 2326.2
1242130 2326.2
1242140 2335.6
1242150 2344.0
1242160 2344.0
1242170 2350.3
1242180 2359.1
1242190 2373.2
1242200 2373.2
1242210 2380.6
1242220 2386.0
1242230 2386.0
1242240 2390.5
1242250 2395.6
1242260 2395.6
1242270 2400.2
1242280 2404.8
1242290 2404.8
1242300 2408.9
1242310 2412.5
1242320 2412.5
1242330 2415.5
1242340 2418.4
1242350 2418.4
1242360 2421.7
1242370 2425.0
1242380 2425.0
1242390 2427.3
1242400 2431.3
1242410 2437.6
1242420 2437.6
1242430 2443.0
1242440 2447.7
1242450 2447.7
1242460 2451.0
1242470 2455.1
1242480 2455.1
1242490 2459.7
1242500 2464.1
1242510 2464.1
1242520 2467.3
1242530 2470.3
1242540 2470.3
1242550 2473.8
1242560 2476.7
1242570 2483.8
1242580 2486.9
1242590 2490.5
1242600 2490.5
1242610 2495.8
1242620 2501.2
1242630 2504.1
1242640 2504.1
1242650 2512.5
1242660 2517.2
1242670 2517.2
1242680 2522.4
1242690 2525.6
1242700 2525.6
1242710 2536.2
1242720 2545.8
1242730 2545.8
1242740 2551.5
1242750 2558.8
1242760 2558.8
1242770 2568.2
1242780 2581.8
1242790 2581.8
1242800 2591.6
1242810 2592.7
1242820 2592.7
1242830 2591.9
1242840 2586.2
1242850 2582.9
1242860 2582.9
1242870 2586.7
1242880 2592.3
1242890 2592.3
1242900 2595.1
1242910 2597.4
1242920 2597.4
1242930 2601.8
1242940 2606.8
1242950 2606.8
1242960 2606.8
1242970 2615.7
1242980 2615.7
1242990 2627.2
1243000 2634.3
1243010 2634.3
1243020 2636.8
1243030 2634.1
1243040 2634.1
1243050 2633.7
1243060 2624.3
1243070 2609.5
1243080 2609.5
1243090 2596.2
1243100 2586.9
1243110 2586.9
1243120 2574.5
1243130 2562.0
1243140 2562.0
1243150 2548.4
1243160 2536.0
1243170 2536.0
1243180 2524.5
1243190 2515.4
1243200 2515.4
1243210 2509.5
1243220 2503.1
1243230 2503.1
1243240 2496.5
1243250 2491.1
1243260 2491.1
1243270 2486.5
1243280 2483.9
1243290 2483.7
1243300 2483.7
1243310 2482.9
1243320 2482.5
1243330 2482.5
1243340 2482.0
1243350 2481.5
1243360 2481.5
1243370 2483.3
1243380 2484.6
1243390 2484.6
1243400 2483.4
1243410 2480.9
1243420 2480.9
1243430 2479.8
1243440 2479.0
1243450 2479.0
1243460 2478.1
1243470 2479.3
1243480 2479.3
1243490 2480.6
1243500 2481.6
1243510 2482.5
1243520 2482.5
1243530 2482.7
1243540 2482.4
1243550 2482.4
1243560 2481.3
1243570 2478.5
1243580 2478.5
1243590 2475.9
1243600 2473.5
1243610 2473.5
1243620 2475.3
1243630 2474.1
1243640 2474.1
1243650 2473.8
1243660 2474.8
1243670 2474.8
1243680 2472.6
1243690 2466.6
1243700 2466.6
1243710 2460.1
1243720 2454.4
1243730 2450.4
1243740 2450.4
1243750 2448.1
1243760 2447.7
1243770 2447.7
1243780 2450.5
1243790 2455.1
1243800 2455.1
1243810 2457.2
1243820 2450.8
1243830 2450.8
1243840 2440.3
1243850 2433.8
1243860 2433.8
1243870 2428.2
1243880 2422.3
1243890 2422.3
1243900 2417.7
1243910 2412.6
1243920 2412.6
1243930 2405.9
1243940 2401.0
1243950 2394.5
1243960 2394.5
1243970 2391.7
1243980 2390.7
1243990 2390.7
1244000 2390.2
1244010 2390.8
1244020 2390.8
1244030 2392.6
1244040 2394.7
1244050 2394.7
1244060 2397.7
1244070 2399.6
1244080 2399.6
1244090 2402.3
1244100 2404.9
1244110 2404.9
1244120 2408.3
1244130 2411.0
1244140 2411.0
1244150 2414.2
1244160 2413.9
1244170 2414.3
1244180 2414.3
1244190 2414.6
1244200 2414.6
1244210 2414.6
1244220 2415.5
1244230 2416.6
1244240 2416.6
1244250 2417.7
1244260 2417.6
1244270 2417.6
1244280 2416.1
1244290 2415.2
1244300 2415.2
1244310 2416.0
1244320 2415.6
1244330 2415.6
1244340 2415.5
1244350 2415.3
1244360 2415.3
1244370 2416.5
1244380 2419.8
1244390 2424.8
1244400 2424.8
1244410 2429.9
1244420 2434.8
1244430 2434.8
1244440 2440.7
1244450 2446.0
1244460 2446.0
1244470 2452.0
1244480 2458.2
1244490 2458.2
1244500 2464.2
1244510 2470.5
1244520 2470.5
1244530 2477.2
1244540 2484.8
1244550 2484.8
1244560 2495.5
1244570 2506.2
1244580 2506.2
1244590 2512.5
1244600 2514.3
1244610 2514.3
1244620 2514.3
1244630 2514.5
1244640 2517.8
1244650 2517.8
1244660 2518.0
1244670 2517.2
1244680 2522.4
1244690 2522.1
1244700 2522.8
1244710 2522.8
1244720 2523.6
1244730 2524.1
1244740 2524.1
1244750 2524.4
1244760 2524.4
1244770 2524.4
1244780 2525.1
1244790 2525.3
1244800 2525.3
1244810 2523.9
1244820 2522.9
1244830 2522.5
1244840 2522.5
1244850 2520.7
1244860 2518.8
1244870 2518.8
1244880 2516.3
1244890 2509.7
1244900 2509.7
1244910 2505.1
1244920 2505.3
1244930 2505.3
1244940 2505.0
1244950 2501.7
1244960 2501.7
1244970 2501.3
1244980 2505.4
1244990 2505.4
1245000 2512.3
1245010 2516.2
1245020 2516.2
1245030 2518.2
1245040 2520.2
1245050 2520.9
1245060 2520.9
1245070 2520.9
1245080 2520.9
1245090 2520.9
1245100 2522.4
1245110 2524.0
1245120 2524.0
1245130 2524.9
1245140 2524.1
1245150 2524.1
1245160 2521.0
1245170 2518.1
1245180 2518.1
1245190 2516.0
1245200 2514.3
1245210 2518.6
1245220 2518.6
1245230 2519.6
1245240 2519.6
1245250 2519.1
1245260 2517.3
1245270 2515.2
1245280 2515.2
1245290 2514.3
1245300 2513.8
1245310 2513.8
1245320 2515.0
1245330 2515.0
1245340 2515.0
1245350 2513.1
1245360 2512.2
1245370 2512.2
1245380 2511.4
1245390 2510.0
1245400 2510.0
1245410 2507.8
1245420 2505.7
1245430 2505.7
1245440 2504.9
1245450 2504.5
1245460 2504.5
1245470 2501.8
1245480 2497.6
1245490 2494.4
1245500 2494.4
1245510 2489.8
1245520 2482.7
1245530 2482.7
1245540 2480.2
1245550 2480.7
1245560 2480.7
1245570 2482.9
1245580 2485.5
1245590 2485.5
1245600 2488.6
1245610 2491.8
1245620 2491.8
1245630 2495.6
1245640 2500.1
1245650 2500.1
1245660 2503.6
1245670 2506.2
1245680 2506.2
1245690 2508.7
1245700 2510.5
1245710 2512.8
1245720 2512.8
1245730 2517.0
1245740 2524.4
1245750 2524.4
1245760 2531.3
1245770 2542.1
1245780 2542.1
1245790 2552.7
1245800 2560.0
1245810 2560.0
1245820 2571.4
1245830 2584.8
1245840 2584.8
1245850 2596.2
1245860 2610.4
1245870 2610.4
1245880 2627.7
1245890 2642.5
1245900 2642.5
1245910 2651.8
1245920 2642.3
1245930 2630.3
1245940 2630.3
1245950 2615.1
1245960 2600.1
1245970 2600.1
1245980 2580.7
1245990 2568.5
1246000 2568.5
1246010 2562.0
1246020 2556.5
1246030 2556.5
1246040 2551.9
1246050 2549.2
1246060 2549.2
1246070 2546.2
1246080 2542.8
1246090 2542.8
1246100 2543.6
1246110 2543.1
1246120 2543.1
1246130 2542.1
1246140 2540.6
1246150 2541.7
1246160 2541.7
1246170 2540.6
1246180 2540.8
1246190 2540.8
1246200 2541.5
1246210 2540.7
1246220 2540.7
1246230 2537.0
1246240 2530.9
1246250 2530.9
1246260 2525.8
1246270 2528.2
1246280 2528.2
1246290 2524.0
1246300 2519.7
1246310 2519.7
1246320 2515.7
1246330 2511.3
1246340 2511.3
1246350 2506.4
1246360 2501.8
1246370 2497.8
1246380 2497.8
1246390 2493.5
1246400 2488.3
1246410 2488.3
1246420 2483.3
1246430 2478.5
1246440 2478.5
1246450 2475.6
1246460 2472.3
1246470 2472.3
1246480 2468.2
1246490 2464.2
1246500 2464.2
1246510 2461.4
1246520 2458.9
1246530 2458.9
1246540 2457.9
1246550 2458.8
1246560 2458.8
1246570 2460.2
1246580 2463.1
1246590 2466.0
1246600 2466.0
1246610 2468.6
1246620 2470.8
1246630 2470.8
1246640 2474.4
1246650 2478.3
1246660 2478.3
1246670 2482.1
1246680 2485.4
1246690 2485.4
1246700 2488.5
1246710 2490.8
1246720 2490.8
1246730 2493.5
1246740 2496.1
1246750 2496.1
1246760 2499.6
1246770 2512.1
1246780 2512.1
1246790 2528.5
1246800 2545.3
1246810 2556.0
1246820 2556.0
1246830 2560.8
1246840 2563.1
1246850 2563.1
1246860 2567.4
1246870 2573.3
1246880 2573.3
1246890 2577.8
1246900 2579.4
1246910 2579.4
1246920 2579.4
1246930 2577.7
1246940 2577.7
1246950 2574.8
1246960 2573.4
1246970 2573.4
1246980 2570.9
1246990 2567.7
1247000 2567.7
1247010 2566.5
1247020 2564.9
1247030 2564.6
1247040 2564.6
1247050 2564.9
1247060 2563.7
1247070 2563.7
1247080 2559.7
1247090 2553.3
1247100 2553.3
1247110 2546.2
1247120 2531.3
1247130 2531.3
1247140 2510.8
1247150 2497.1
1247160 2497.1
1247170 2494.5
1247180 2494.0
1247190 2494.0
1247200 2493.5
1247210 2492.4
1247220 2492.4
1247230 2493.9
1247240 2496.9
1247250 2502.3
1247260 2502.3
1247270 2504.9
1247280 2507.3
1247290 2507.3
1247300 2506.7
1247310 2505.5
1247320 2505.5
1247330 2509.3
1247340 2511.2
1247350 2511.2
1247360 2511.6
1247370 2512.8
1247380 2512.8
1247390 2514.9
1247400 2518.9
1247410 2518.9
1247420 2522.7
1247430 2525.7
1247440 2525.7
1247450 2530.3
1247460 2535.7
1247470 2543.0
1247480 2543.0
1247490 2552.6
1247500 2560.3
1247510 2560.3
1247520 2564.8
1247530 2566.8
1247540 2566.8
1247550 2568.3
1247560 2570.6
1247570 2570.6
1247580 2575.0
1247590 2580.9
1247600 2580.9
1247610 2586.9
1247620 2592.7
1247630 2592.7
1247640 2596.7
1247650 2600.1
1247660 2600.1
1247670 2604.6
1247680 2609.7
1247690 2615.5
1247700 2615.5
1247710 2621.8
1247720 2628.7
1247730 2628.7
1247740 2636.0
1247750 2643.4
1247760 2643.4
1247770 2652.5
1247780 2665.4
1247790 2665.4
1247800 2680.5
1247810 2698.6
1247820 2698.6
1247830 2709.4
1247840 2718.0
1247850 2718.0
1247860 2728.9
1247870 2732.2
1247880 2732.2
1247890 2744.5
1247900 2752.9
1247910 2758.0
1247920 2758.0
1247930 2760.0
1247940 2760.3
1247950 2760.3
1247960 2761.2
1247970 2764.6
1247980 2764.6
1247990 2765.1
1248000 2754.8
1248010 2754.8
1248020 2743.3
1248030 2732.0
1248040 2732.0
1248050 2723.0
1248060 2714.2
1248070 2714.2
1248080 2701.8
1248090 2691.9
1248100 2691.9
1248110 2675.4
1248120 2664.9
1248130 2656.9
1248140 2656.9
1248150 2646.8
1248160 2638.2
1248170 2638.2
1248180 2628.4
1248190 2615.3
1248200 2615.3
1248210 2602.2
1248220 2591.8
1248230 2591.8
1248240 2582.4
1248250 2574.7
1248260 2574.7
1248270 2567.6
1248280 2560.6
1248290 2560.6
1248300 2553.8
1248310 2547.1
1248320 2547.1
1248330 2540.4
1248340 2534.0
1248350 2527.4
1248360 2527.4
1248370 2520.3
1248380 2513.4
1248390 2513.4
1248400 2506.9
1248410 2500.7
1248420 2500.7
1248430 2495.0
1248440 2489.5
1248450 2489.5
1248460 2484.2
1248470 2479.1
1248480 2479.1
1248490 2474.0
1248500 2469.8
1248510 2469.8
1248520 2467.2
1248530 2465.1
1248540 2465.1
1248550 2463.6
1248560 2462.4
1248570 2460.9
1248580 2460.9
1248590 2458.8
1248600 2455.5
1248610 2455.5
1248620 2452.0
1248630 2449.1
1248640 2449.1
1248650 2446.3
1248660 2443.5
1248670 2443.5
1248680 2440.2
1248690 2436.4
1248700 2436.4
1248710 2432.9
1248720 2431.3
1248730 2431.3
1248740 2429.4
1248750 2424.8
1248760 2424.8
1248770 2417.8
1248780 2412.4
1248790 2408.6
1248800 2408.6
1248810 2404.9
1248820 2401.3
1248830 2401.3
1248840 2398.0
1248850 2394.3
1248860 2394.3
1248870 2390.8
1248880 2387.8
1248890 2387.8
1248900 2384.8
1248910 2382.5
1248920 2382.5
1248930 2380.6
1248940 2378.7
1248950 2372.8
1248960 2370.4
1248970 2367.5
1248980 2367.5
1248990 2363.3
1249000 2358.8
1249010 2354.0
1249020 2354.0
1249030 2349.4
1249040 2345.7
1249050 2345.7
1249060 2342.1
1249070 2338.6
1249080 2338.6
1249090 2334.8
1249100 2330.4
1249110 2330.4
1249120 2326.5
1249130 2323.5
1249140 2323.5
1249150 2320.7
1249160 2317.6
1249170 2317.6
1249180 2314.1
1249190 2310.0
1249200 2310.0
1249210 2306.1
1249220 2301.4
1249230 2296.8
1249240 2296.8
1249250 2292.5
1249260 2288.2
1249270 2288.2
1249280 2283.7
1249290 2278.8
1249300 2278.8
1249310 2273.8
1249320 2268.4
1249330 2268.4
1249340 2263.2
1249350 2258.9
1249360 2258.9
1249370 2255.4
1249380 2251.5
1249390 2251.5
1249400 2247.2
1249410 2243.5
1249420 2243.5
1249430 2241.6
1249440 2239.6
1249450 2237.8
1249460 2237.8
1249470 2237.1
1249480 2235.3
1249490 2229.6
1249500 2227.7
1249510 2225.3
1249520 2225.3
1249530 2223.4
1249540 2221.6
1249550 2221.6
1249560 2218.0
1249570 2215.5
1249580 2215.5
1249590 2212.4
1249600 2209.7
1249610 2209.7
1249620 2205.8
1249630 2201.6
1249640 2201.6
1249650 2197.3
1249660 2193.1
1249670 2189.2
1249680 2189.2
1249690 2185.4
1249700 2182.0
1249710 2182.0
1249720 2178.7
1249730 2176.9
1249740 2176.9
1249750 2175.3
1249760 2173.3
1249770 2173.3
1249780 2171.3
1249790 2168.6
1249800 2168.6
1249810 2166.3
1249820 2164.0
1249830 2164.0
1249840 2161.8
1249850 2160.8
1249860 2160.8
1249870 2162.7
1249880 2163.1
1249890 2157.9
1249900 2157.9
1249910 2155.1
1249920 2157.5
1249930 2157.5
1249940 2157.5
1249950 2155.5
1249960 2155.5
1249970 2153.8
1249980 2151.1
1249990 2151.1
1250000 2146.8
1250010 2141.7
1250020 2141.7
1250030 2132.5
1250040 2129.0
1250050 2129.0
1250060 2125.2
1250070 2120.9
1250080 2120.9
1250090 2116.8
1250100 2113.0
1250110 2110.9
1250120 2110.9
1250130 2110.5
1250140 2111.3
1250150 2111.3
1250160 2111.7
1250170 2110.7
1250180 2110.7
1250190 2109.6
1250200 2103.9
1250210 2103.9
1250220 2100.4
1250230 2102.9
1250240 2102.9
1250250 2102.5
1250260 2102.5
1250270 2102.5
1250280 2101.6
1250290 2098.7
1250300 2098.7
1250310 2096.0
1250320 2094.3
1250330 2090.1
1250340 2090.1
1250350 2087.8
1250360 2087.6
1250370 2087.6
1250380 2089.0
1250390 2093.2
1250400 2093.2
1250410 2098.4
1250420 2101.2
1250430 2101.2
1250440 2101.7
1250450 2092.4
1250460 2092.4
1250470 2082.4
1250480 2084.3
1250490 2084.3
1250500 2090.3
1250510 2095.2
1250520 2095.2
1250530 2100.8
1250540 2105.4
1250550 2108.5
1250560 2108.5
1250570 2098.1
1250580 2103.8
1250590 2103.8
1250600 2104.3
1250610 2101.2
1250620 2101.2
1250630 2094.2
1250640 2085.2
1250650 2085.2
1250660 2076.5
1250670 2071.5
1250680 2071.5
1250690 2070.9
1250700 2071.5
1250710 2071.5
1250720 2069.9
1250730 2064.3
1250740 2064.3
1250750 2062.7
1250760 2062.3
1250770 2061.7
1250780 2061.7
1250790 2063.8
1250800 2073.5
1250810 2073.5
1250820 2074.6
1250830 2073.0
1250840 2073.0
1250850 2069.9
1250860 2066.1
1250870 2066.1
1250880 2064.9
1250890 2065.2
1250900 2065.2
1250910 2066.1
1250920 2066.6
1250930 2066.6
1250940 2066.3
1250950 2065.2
1250960 2065.2
1250970 2063.4
1250980 2061.8
1250990 2061.8
1251000 2061.8
1251010 2062.0
1251020 2062.5
1251030 2062.5
1251040 2062.9
1251050 2060.9
1251060 2060.9
1251070 2057.6
1251080 2053.0
1251090 2053.0
1251100 2049.6
1251110 2042.7
1251120 2042.7
1251130 2039.5
1251140 2035.9
1251150 2035.9
1251160 2035.3
1251170 2034.7
1251180 2034.7
1251190 2033.4
1251200 2032.1
1251210 2030.7
1251220 2030.7
1251230 2028.4
1251240 2025.1
1251250 2025.1
1251260 2021.0
1251270 2017.0
1251280 2017.0
1251290 2013.4
1251300 2009.4
1251310 2009.4
1251320 2005.4
1251330 2000.8
1251340 2000.8
1251350 1995.7
1251360 1990.8
1251370 1990.8
1251380 1986.6
1251390 1982.5
1251400 1982.5
1251410 1979.6
1251420 1975.3
1251430 1969.9
1251440 1969.9
1251450 1964.1
1251460 1958.4
1251470 1958.4
1251480 1952.7
1251490 1946.9
1251500 1946.9
1251510 1939.8
1251520 1931.9
1251530 1931.9
1251540 1925.0
1251550 1919.2
1251560 1919.2
1251570 1913.6
1251580 1907.4
1251590 1907.4
1251600 1899.6
1251610 1888.3
1251620 1888.3
1251630 1879.7
1251640 1873.3
1251650 1866.0
1251660 1866.0
1251670 1860.4
1251680 1854.3
1251690 1854.3
1251700 1848.1
1251710 1842.5
1251720 1842.5
1251730 1838.2
1251740 1834.0
1251750 1834.0
1251760 1830.3
1251770 1826.7
1251780 1826.7
1251790 1824.6
1251800 1823.1
1251810 1823.1
1251820 1821.6
1251830 1819.9
1251840 1819.9
1251850 1817.5
1251860 1813.3
1251870 1809.6
1251880 1809.6
1251890 1806.2
1251900 1802.3
1251910 1802.3
1251920 1798.7
1251930 1794.8
1251940 1794.8
1251950 1791.7
1251960 1788.9
1251970 1788.9
1251980 1783.7
1251990 1778.4
1252000 1778.4
1252010 1773.4
1252020 1768.1
1252030 1768.1
1252040 1763.7
1252050 1758.9
1252060 1758.9
1252070 1753.6
1252080 1745.8
1252090 1735.9
1252100 1735.9
1252110 1725.5
1252120 1716.1
1252130 1716.1
1252140 1700.1
1252150 1680.1
1252160 1680.1
1252170 1670.3
1252180 1660.0
1252190 1660.0
1252200 1637.9
1252210 1620.3
1252220 1620.3
1252230 1610.0
1252240 1602.2
1252250 1602.2
1252260 1594.4
1252270 1586.2
1252280 1586.2
1252290 1578.2
1252300 1570.5
1252310 1563.3
1252320 1563.3
1252330 1555.3
1252340 1546.4
1252350 1546.4
1252360 1536.9
1252370 1528.2
1252380 1528.2
1252390 1519.2
1252400 1510.3
1252410 1510.3
1252420 1501.2
1252430 1491.7
1252440 1491.7
1252450 1482.5
1252460 1477.2
1252470 1477.2
1252480 1477.1
1252490 1476.9
1252500 1476.9
1252510 1476.7
1252520 1473.9
1252530 1473.9
1252540 1471.6
1252550 1468.7
1252560 1469.0
1252570 1469.0
1252580 1470.2
1252590 1468.6
1252600 1468.6
1252610 1465.4
1252620 1457.3
1252630 1457.3
1252640 1446.5
1252650 1436.2
1252660 1436.2
1252670 1427.3
1252680 1419.4
1252690 1419.4
1252700 1412.5
1252710 1405.8
1252720 1405.8
1252730 1395.7
1252740 1380.5
1252750 1380.5
1252760 1374.0
1252770 1366.4
1252780 1357.3
1252790 1357.3
1252800 1349.4
1252810 1342.6
1252820 1342.6
1252830 1335.8
1252840 1329.3
1252850 1329.3
1252860 1323.5
1252870 1317.9
1252880 1317.9
1252890 1312.0
1252900 1306.5
1252910 1306.5
1252920 1301.3
1252930 1296.0
1252940 1296.0
1252950 1290.3
1252960 1284.2
1252970 1284.2
1252980 1278.2
1252990 1271.8
1253000 1265.7
1253010 1265.7
1253020 1259.9
1253030 1254.7
1253040 1254.7
1253050 1247.8
1253060 1239.2
1253070 1239.2
1253080 1231.9
1253090 1225.5
1253100 1225.5
1253110 1219.1
1253120 1212.9
1253130 1212.9
1253140 1206.2
1253150 1199.3
1253160 1199.3
1253170 1192.4
1253180 1185.7
1253190 1185.7
1253200 1178.7
1253210 1171.8
1253220 1165.1
1253230 1165.1
1253240 1158.1
1253250 1150.7
1253260 1150.7
1253270 1143.5
1253280 1136.5
1253290 1132.9
1253300 1127.1
1253310 1124.1
1253320 1124.1
1253330 1123.7
1253340 1123.4
1253350 1123.4
1253360 1123.2
1253370 1122.5
1253380 1122.5
1253390 1121.2
1253400 1119.8
1253410 1119.8
1253420 1118.8
1253430 1118.1
1253440 1117.3
1253450 1117.3
1253460 1116.1
1253470 1115.0
1253480 1115.0
1253490 1113.8
1253500 1112.8
1253510 1112.8
1253520 1111.0
1253530 1109.0
1253540 1109.0
1253550 1106.8
1253560 1104.0
1253570 1104.0
1253580 1102.4
1253590 1103.4
1253600 1103.4
1253610 1106.9
1253620 1108.1
1253630 1108.1
1253640 1108.9
1253650 1109.6
1253660 1111.1
1253670 1111.1
1253680 1112.8
1253690 1114.5
1253700 1114.5
1253710 1116.2
1253720 1118.8
1253730 1118.8
1253740 1121.6
1253750 1122.7
1253760 1122.7
1253770 1124.4
1253780 1126.3
1253790 1126.3
1253800 1128.6
1253810 1132.0
1253820 1132.0
1253830 1132.6
1253840 1134.9
1253850 1134.9
1253860 1136.0
1253870 1140.3
1253880 1144.1
1253890 1144.1
1253900 1143.6
1253910 1144.2
1253920 1144.2
1253930 1145.9
1253940 1149.8
1253950 1149.8
1253960 1151.0
1253970 1153.7
1253980 1153.7
1253990 1156.6
1254000 1158.0
1254010 1158.0
1254020 1158.4
1254030 1159.2
1254040 1159.2
1254050 1160.1
1254060 1161.4
1254070 1161.4
1254080 1162.9
1254090 1164.4
1254100 1164.7
1254110 1164.7
1254120 1164.7
1254130 1164.5
1254140 1164.5
1254150 1164.7
1254160 1164.2
1254170 1164.2
1254180 1163.5
1254190 1163.0
1254200 1163.0
1254210 1163.2
1254220 1163.8
1254230 1163.8
1254240 1164.9
1254250 1166.8
1254260 1166.8
1254270 1167.8
1254280 1170.8
1254290 1170.8
1254300 1175.5
1254310 1180.0
1254320 1185.1
1254330 1185.1
1254340 1190.3
1254350 1195.3
1254360 1195.3
1254370 1199.9
1254380 1204.9
1254390 1208.1
1254400 1213.3
1254410 1218.8
1254420 1218.8
1254430 1224.2
1254440 1230.0
1254450 1230.0
1254460 1235.8
1254470 1241.1
1254480 1241.1
1254490 1245.5
1254500 1249.5
1254510 1249.5
1254520 1253.4
1254530 1259.6
1254540 1267.8
1254550 1267.8
1254560 1276.8
1254570 1284.8
1254580 1284.8
1254590 1292.5
1254600 1300.1
1254610 1300.1
1254620 1307.6
1254630 1315.0
1254640 1315.0
1254650 1322.5
1254660 1327.4
1254670 1327.4
1254680 1328.2
1254690 1329.5
1254700 1329.5
1254710 1333.0
1254720 1335.3
1254730 1335.3
1254740 1337.2
1254750 1341.8
1254760 1345.7
1254770 1345.7
1254780 1349.3
1254790 1353.3
1254800 1353.3
1254810 1357.4
1254820 1361.3
1254830 1361.3
1254840 1365.0
1254850 1368.9
1254860 1368.9
1254870 1372.9
1254880 1376.8
1254890 1376.8
1254900 1380.2
1254910 1383.6
1254920 1383.6
1254930 1388.4
1254940 1395.9
1254950 1395.9
1254960 1399.7
1254970 1404.7
1254980 1411.2
1254990 1411.2
1255000 1418.3
1255010 1425.2
1255020 1425.2
1255030 1430.3
1255040 1434.7
1255050 1434.7
1255060 1439.3
1255070 1443.5
1255080 1443.5
1255090 1448.1
1255100 1452.2
1255110 1452.2
1255120 1456.8
1255130 1461.4
1255140 1461.4
1255150 1465.4
1255160 1469.4
1255170 1469.4
1255180 1473.6
1255190 1477.5
1255200 1481.5
1255210 1481.5
1255220 1485.9
1255230 1491.3
1255240 1491.3
1255250 1497.1
1255260 1503.0
1255270 1503.0
1255280 1508.7
1255290 1514.0
1255300 1514.0
1255310 1518.5
1255320 1522.6
1255330 1522.6
1255340 1526.3
1255350 1529.6
1255360 1529.6
1255370 1532.3
1255380 1532.4
1255390 1532.4
1255400 1534.0
1255410 1536.3
1255420 1540.1
1255430 1540.1
1255440 1546.0
1255450 1549.2
1255460 1549.2
1255470 1552.4
1255480 1556.7
1255490 1564.3
1255500 1568.5
1255510 1573.1
1255520 1573.1
1255530 1585.4
1255540 1590.9
1255550 1590.9
1255560 1592.6
1255570 1592.5
1255580 1592.5
1255590 1592.7
1255600 1595.1
1255610 1595.1
1255620 1598.4
1255630 1601.4
1255640 1605.4
1255650 1605.4
1255660 1611.4
1255670 1616.6
1255680 1616.6
1255690 1621.7
1255700 1626.9
1255710 1626.9
1255720 1629.5
1255730 1630.9
1255740 1630.9
1255750 1634.2
1255760 1638.0
1255770 1638.0
1255780 1640.6
1255790 1637.9
1255800 1637.9
1255810 1640.5
1255820 1648.1
1255830 1648.1
1255840 1652.0
1255850 1654.1
1255860 1657.0
1255870 1657.0
1255880 1662.1
1255890 1668.5
1255900 1668.5
1255910 1676.0
1255920 1684.4
1255930 1684.4
1255940 1690.9
1255950 1697.5
1255960 1697.5
1255970 1705.3
1255980 1714.0
1255990 1714.0
1256000 1723.0
1256010 1728.9
1256020 1728.9
1256030 1733.6
1256040 1739.8
1256050 1743.2
1256060 1749.2
1256070 1756.0
1256080 1761.7
1256090 1761.7
1256100 1767.7
1256110 1773.9
1256120 1773.9
1256130 1780.1
1256140 1786.6
1256150 1786.6
1256160 1791.9
1256170 1796.1
1256180 1796.1
1256190 1798.9
1256200 1801.0
1256210 1801.0
1256220 1803.2
1256230 1805.6
1256240 1805.6
1256250 1809.1
1256260 1814.5
1256270 1814.5
1256280 1820.7
1256290 1827.3
1256300 1833.6
1256310 1833.6
1256320 1840.3
1256330 1851.7
1256340 1851.7
1256350 1864.7
1256360 1873.7
1256370 1873.7
1256380 1884.0
1256390 1894.3
1256400 1894.3
1256410 1905.6
1256420 1917.6
1256430 1917.6
1256440 1928.3
1256450 1938.1
1256460 1938.1
1256470 1948.1
1256480 1958.8
1256490 1958.8
1256500 1967.8
1256510 1976.7
1256520 1986.6
1256530 1986.6
1256540 1993.3
1256550 1999.9
1256560 1999.9
1256570 2006.2
1256580 2011.7
1256590 2011.7
1256600 2021.0
1256610 2023.5
1256620 2023.5
1256630 2026.5
1256640 2030.4
1256650 2030.4
1256660 2034.5
1256670 2038.5
1256680 2038.5
1256690 2042.0
1256700 2045.2
1256710 2045.2
1256720 2049.3
1256730 2054.8
1256740 2059.9
1256750 2059.9
1256760 2060.5
1256770 2058.6
1256780 2058.6
1256790 2057.6
1256800 2056.3
1256810 2056.3
1256820 2054.7
1256830 2056.1
1256840 2056.1
1256850 2062.0
1256860 2066.5
1256870 2066.5
1256880 2068.8
1256890 2070.4
1256900 2070.4
1256910 2069.9
1256920 2066.9
1256930 2066.9
1256940 2065.2
1256950 2065.0
1256960 2065.2
1256970 2065.2
1256980 2066.8
1256990 2067.6
1257000 2067.6
1257010 2066.9
1257020 2065.7
1257030 2065.7
1257040 2064.9
1257050 2065.5
1257060 2065.5
1257070 2066.4
1257080 2066.8
1257090 2066.8
1257100 2068.3
1257110 2070.7
1257120 2070.7
1257130 2074.0
1257140 2077.1
1257150 2077.1
1257160 2081.2
1257170 2084.0
1257180 2087.8
1257190 2087.8
1257200 2091.6
1257210 2095.8
1257220 2095.8
1257230 2100.3
1257240 2103.1
1257250 2103.1
1257260 2103.3
1257270 2104.0
1257280 2104.0
1257290 2106.8
1257300 2112.5
1257310 2112.5
1257320 2119.6
1257330 2130.7
1257340 2130.7
1257350 2143.8
1257360 2158.5
1257370 2158.5
1257380 2175.9
1257390 2192.2
1257400 2205.4
1257410 2205.4
1257420 2217.6
1257430 2225.7
1257440 2225.7
1257450 2231.3
1257460 2238.4
1257470 2238.4
1257480 2249.6
1257490 2263.5
1257500 2263.5
1257510 2279.4
1257520 2292.0
1257530 2292.0
1257540 2304.0
1257550 2318.3
1257560 2318.3
1257570 2331.1
1257580 2344.0
1257590 2344.0
1257600 2359.0
1257610 2370.1
1257620 2379.0
1257630 2379.0
1257640 2391.0
1257650 2404.6
1257660 2404.6
1257670 2414.0
1257680 2420.6
1257690 2420.6
1257700 2422.8
1257710 2426.9
1257720 2418.3
1257730 2427.5
1257740 2436.1
1257750 2436.1
1257760 2445.2
1257770 2454.9
1257780 2454.9
1257790 2466.7
1257800 2480.4
1257810 2480.4
1257820 2489.8
1257830 2483.2
1257840 2472.7
1257850 2472.7
1257860 2464.1
1257870 2455.3
1257880 2455.3
1257890 2444.7
1257900 2434.8
1257910 2434.8
1257920 2426.7
1257930 2417.4
1257940 2417.4
1257950 2408.4
1257960 2399.0
1257970 2399.0
1257980 2391.2
1257990 2383.6
1258000 2383.6
1258010 2376.1
1258020 2368.8
1258030 2368.8
1258040 2362.2
1258050 2355.8
1258060 2349.4
1258070 2349.4
1258080 2344.5
1258090 2341.7
1258100 2341.7
1258110 2341.6
1258120 2342.5
1258130 2342.5
1258140 2342.3
1258150 2342.3
1258160 2342.3
1258170 2342.6
1258180 2340.9
1258190 2340.9
1258200 2338.6
1258210 2333.9
1258220 2333.9
1258230 2329.4
1258240 2323.5
1258250 2323.5
1258260 2316.3
1258270 2304.6
1258280 2298.6
1258290 2298.6
1258300 2292.4
1258310 2286.5
1258320 2286.5
1258330 2279.5
1258340 2273.6
1258350 2273.6
1258360 2268.9
1258370 2263.9
1258380 2263.9
1258390 2258.5
1258400 2253.8
1258410 2253.8
1258420 2251.7
1258430 2251.7
1258440 2251.7
1258450 2251.1
1258460 2248.2
1258470 2248.2
1258480 2244.8
1258490 2241.4
1258500 2237.0
1258510 2237.0
1258520 2232.6
1258530 2228.4
1258540 2228.4
1258550 2224.5
1258560 2220.4
1258570 2220.4
1258580 2216.6
1258590 2213.6
1258600 2213.6
1258610 2211.2
1258620 2208.3
1258630 2208.3
1258640 2205.0
1258650 2201.7
1258660 2201.7
1258670 2198.7
1258680 2195.1
1258690 2195.1
1258700 2191.6
1258710 2189.1
1258720 2186.9
1258730 2186.9
1258740 2185.4
1258750 2182.9
1258760 2182.9
1258770 2181.0
1258780 2178.5
1258790 2178.5
1258800 2176.8
1258810 2175.5
1258820 2175.5
1258830 2175.4
1258840 2173.9
1258850 2173.9
1258860 2173.9
1258870 2172.1
1258880 2172.1
1258890 2168.8
1258900 2167.9
1258910 2167.9
1258920 2165.3
1258930 2163.2
1258940 2162.6
1258950 2162.6
1258960 2160.1
1258970 2157.7
1258980 2157.7
1258990 2154.8
1259000 2151.1
1259010 2151.1
1259020 2147.3
1259030 2143.2
1259040 2143.2
1259050 2139.1
1259060 2135.0
1259070 2135.0
1259080 2129.5
1259090 2123.0
1259100 2123.0
1259110 2117.4
1259120 2115.3
1259130 2115.3
1259140 2114.9
1259150 2114.2
1259160 2112.2
1259170 2112.2
1259180 2109.5
1259190 2106.0
1259200 2106.0
1259210 2101.8
1259220 2097.1
1259230 2097.1
1259240 2091.5
1259250 2086.4
1259260 2086.4
1259270 2082.2
1259280 2078.3
1259290 2078.3
1259300 2075.0
1259310 2072.3
1259320 2072.3
1259330 2070.1
1259340 2068.2
1259350 2068.2
1259360 2066.3
1259370 2064.1
1259380 2061.7
1259390 2061.7
1259400 2059.6
1259410 2057.6
1259420 2057.6
1259430 2055.2
1259440 2052.8
1259450 2052.8
1259460 2050.3
1259470 2047.7
1259480 2047.7
1259490 2045.2
1259500 2042.6
1259510 2042.6
1259520 2039.7
1259530 2036.8
1259540 2036.8
1259550 2033.9
1259560 2031.3
1259570 2031.3
1259580 2028.2
1259590 2025.2
1259600 2022.8
1259610 2022.8
1259620 2020.2
1259630 2017.6
1259640 2017.6
1259650 2014.6
1259660 2009.9
1259670 2009.9
1259680 2004.6
1259690 1998.9
1259700 1998.9
1259710 1993.1
1259720 1987.5
1259730 1987.5
1259740 1982.4
1259750 1978.7
1259760 1978.7
1259770 1975.8
1259780 1972.8
1259790 1972.8
1259800 1969.6
1259810 1966.2
1259820 1963.2
1259830 1963.2
1259840 1960.2
1259850 1957.2
1259860 1957.2
1259870 1954.1
1259880 1950.7
1259890 1950.7
1259900 1947.5
1259910 1944.2
1259920 1944.2
1259930 1940.6
1259940 1937.4
1259950 1937.4
1259960 1933.9
1259970 1929.9
1259980 1929.9
1259990 1927.3
