1240000 2730.3
1240010 2727.5
1240020 2727.5
1240030 2724.3
1240040 2720.0
1240050 2715.7
1240060 2715.7
1240070 2713.3
1240080 2712.4
1240090 2712.4
1240100 2712.3
1240110 2710.3
1240120 2710.3
1240130 2708.0
1240140 2705.1
1240150 2705.1
1240160 2702.2
1240170 2698.1
1240180 2698.1
1240190 2694.3
1240200 2690.9
1240210 2690.9
1240220 2689.0
1240230 2688.0
1240240 2688.0
1240250 2686.6
1240260 2686.0
1240270 2684.9
1240280 2684.9
1240290 2683.1
1240300 2680.5
1240310 2680.5
1240320 2678.3
1240330 2680.3
1240340 2680.3
1240350 2681.7
1240360 2681.6
1240370 2681.6
1240380 2678.0
1240390 2674.8
1240400 2674.8
1240410 2675.4
1240420 2675.7
1240430 2675.7
1240440 2676.4
1240450 2677.5
1240460 2677.5
1240470 2678.6
1240480 2681.1
1240490 2682.1
1240500 2682.1
1240510 2682.2
1240520 2680.9
1240530 2680.9
1240540 2681.5
1240550 2681.8
1240560 2681.8
1240570 2680.3
1240580 2679.0
1240590 2679.0
1240600 2678.3
1240610 2676.4
1240620 2676.4
1240630 2674.0
1240640 2670.1
1240650 2670.1
1240660 2665.3
1240670 2657.0
1240680 2657.0
1240690 2648.4
1240700 2644.5
1240710 2644.3
1240720 2644.3
1240730 2644.3
1240740 2644.3
1240750 2644.3
1240760 2644.3
1240770 2644.3
1240780 2644.3
1240790 2644.3
1240800 2644.3
1240810 2644.3
1240820 2644.7
1240830 2646.0
1240840 2646.0
1240850 2648.1
1240860 2650.0
1240870 2650.0
1240880 2651.7
1240890 2654.1
1240900 2654.1
1240910 2656.0
1240920 2656.8
1240930 2655.7
1240940 2655.7
1240950 2652.5
1240960 2649.6
1240970 2649.6
1240980 2647.3
1240990 2645.8
1241000 2645.8
1241010 2643.1
1241020 2638.5
1241030 2638.5
1241040 2633.6
1241050 2628.1
1241060 2628.1
1241070 2622.0
1241080 2617.3
1241090 2617.3
1241100 2614.2
1241110 2610.3
1241120 2610.3
1241130 2604.5
1241140 2598.1
1241150 2587.2
1241160 2587.2
1241170 2582.2
1241180 2576.8
1241190 2576.8
1241200 2568.7
1241210 2561.9
1241220 2561.9
1241230 2557.0
1241240 2553.7
1241250 2553.7
1241260 2551.5
1241270 2548.8
1241280 2548.8
1241290 2547.1
1241300 2544.6
1241310 2544.6
1241320 2541.5
1241330 2539.1
1241340 2539.1
1241350 2537.6
1241360 2535.4
1241370 2533.7
1241380 2533.7
1241390 2533.4
1241400 2532.0
1241410 2532.0
1241420 2530.2
1241430 2528.1
1241440 2528.1
1241450 2525.6
1241460 2523.2
1241470 2523.2
1241480 2521.2
1241490 2518.5
1241500 2518.5
1241510 2515.3
1241520 2510.8
1241530 2510.8
1241540 2505.5
1241550 2500.2
1241560 2500.2
1241570 2495.7
1241580 2492.0
1241590 2489.6
1241600 2489.6
1241610 2485.7
1241620 2479.8
1241630 2479.8
1241640 2473.6
1241650 2466.9
1241660 2466.9
1241670 2458.2
1241680 2451.6
1241690 2451.6
1241700 2444.0
1241710 2435.6
1241720 2435.6
1241730 2426.9
1241740 2416.8
1241750 2416.8
1241760 2402.4
1241770 2386.3
1241780 2386.3
1241790 2375.9
1241800 2367.3
1241810 2360.1
1241820 2360.1
1241830 2353.3
1241840 2345.4
1241850 2345.4
1241860 2341.1
1241870 2334.5
1241880 2334.5
1241890 2324.7
1241900 2318.7
1241910 2318.7
1241920 2306.4
1241930 2295.5
1241940 2295.5
1241950 2285.2
1241960 2278.7
1241970 2278.7
1241980 2272.0
1241990 2267.6
1242000 2267.6
1242010 2261.6
1242020 2254.0
1242030 2247.6
1242040 2247.6
1242050 2243.0
1242060 2238.6
1242070 2238.6
1242080 2232.9
1242090 2226.4
1242100 2226.4
1242110 2220.9
1242120 2215.7
1242130 2215.7
1242140 2210.4
1242150 2205.4
1242160 2205.4
1242170 2203.3
1242180 2201.3
1242190 2201.3
1242200 2194.1
1242210 2191.3
1242220 2191.3
1242230 2188.8
1242240 2186.8
1242250 2184.8
1242260 2184.8
1242270 2182.3
1242280 2179.5
1242290 2179.5
1242300 2176.4
1242310 2172.8
1242320 2172.8
1242330 2170.4
1242340 2168.0
1242350 2168.0
1242360 2166.3
1242370 2163.8
1242380 2163.8
1242390 2161.8
1242400 2160.4
1242410 2160.4
1242420 2159.3
1242430 2158.6
1242440 2158.6
1242450 2158.3
1242460 2158.0
1242470 2157.8
1242480 2157.8
1242490 2157.6
1242500 2157.4
1242510 2157.4
1242520 2157.2
1242530 2156.7
1242540 2156.7
1242550 2156.4
1242560 2156.0
1242570 2156.0
1242580 2155.9
1242590 2155.8
1242600 2155.8
1242610 2155.5
1242620 2155.3
1242630 2155.3
1242640 2154.9
1242650 2154.8
1242660 2154.8
1242670 2156.3
1242680 2158.8
1242690 2158.8
1242700 2162.5
1242710 2168.5
1242720 2178.9
1242730 2178.9
1242740 2182.4
1242750 2191.5
1242760 2191.5
1242770 2199.5
1242780 2202.0
1242790 2202.0
1242800 2206.6
1242810 2211.4
1242820 2211.4
1242830 2216.2
1242840 2220.2
1242850 2220.2
1242860 2225.1
1242870 2229.4
1242880 2229.4
1242890 2238.0
1242900 2248.4
1242910 2248.4
1242920 2254.3
1242930 2258.7
1242940 2263.2
1242950 2263.2
1242960 2264.7
1242970 2263.3
1242980 2263.3
1242990 2264.2
1243000 2265.3
1243010 2265.3
1243020 2266.4
1243030 2268.7
1243040 2268.7
1243050 2269.2
1243060 2268.3
1243070 2268.3
1243080 2269.3
1243090 2271.9
1243100 2271.9
1243110 2276.3
1243120 2276.7
1243130 2276.7
1243140 2272.2
1243150 2264.9
1243160 2261.2
1243170 2261.2
1243180 2259.3
1243190 2254.6
1243200 2254.6
1243210 2249.3
1243220 2244.5
1243230 2244.5
1243240 2239.7
1243250 2237.6
1243260 2237.6
1243270 2234.4
1243280 2231.5
1243290 2231.5
1243300 2231.0
1243310 2226.1
1243320 2226.1
1243330 2218.9
1243340 2211.9
1243350 2211.9
1243360 2205.1
1243370 2198.8
1243380 2193.5
1243390 2193.5
1243400 2188.8
1243410 2185.3
1243420 2185.3
1243430 2183.1
1243440 2180.9
1243450 2180.9
1243460 2180.3
1243470 2179.7
1243480 2179.7
1243490 2179.7
1243500 2181.7
1243510 2181.7
1243520 2185.9
1243530 2189.4
1243540 2189.4
1243550 2193.3
1243560 2198.5
1243570 2198.5
1243580 2201.3
1243590 2201.4
1243600 2201.4
1243610 2201.4
1243620 2203.7
1243630 2207.5
1243640 2207.5
1243650 2210.4
1243660 2212.8
1243670 2212.8
1243680 2216.1
1243690 2219.4
1243700 2219.4
1243710 2223.2
1243720 2226.5
1243730 2226.5
1243740 2228.6
1243750 2231.8
1243760 2231.8
1243770 2234.7
1243780 2237.0
1243790 2237.0
1243800 2239.3
1243810 2242.2
1243820 2245.3
1243830 2245.3
1243840 2248.6
1243850 2251.8
1243860 2251.8
1243870 2256.6
1243880 2261.5
1243890 2261.5
1243900 2265.7
1243910 2271.3
1243920 2271.3
1243930 2276.8
1243940 2282.2
1243950 2282.2
1243960 2287.8
1243970 2293.1
1243980 2293.1
1243990 2298.0
1244000 2302.1
1244010 2302.1
1244020 2305.7
1244030 2310.0
1244040 2314.6
1244050 2314.6
1244060 2318.3
1244070 2321.5
1244080 2321.5
1244090 2323.9
1244100 2327.1
1244110 2327.1
1244120 2332.0
1244130 2338.1
1244140 2338.1
1244150 2345.3
1244160 2349.3
1244170 2349.3
1244180 2350.7
1244190 2352.2
1244200 2352.2
1244210 2353.0
1244220 2353.8
1244230 2353.8
1244240 2354.6
1244250 2355.1
1244260 2356.1
1244270 2356.1
1244280 2357.5
1244290 2359.6
1244300 2361.9
1244310 2366.6
1244320 2372.6
1244330 2372.6
1244340 2378.6
1244350 2384.8
1244360 2384.8
1244370 2391.4
1244380 2398.8
1244390 2398.8
1244400 2410.3
1244410 2423.2
1244420 2423.2
1244430 2436.3
1244440 2447.2
1244450 2447.2
1244460 2462.8
1244470 2476.4
1244480 2475.2
1244490 2475.2
1244500 2456.5
1244510 2439.4
1244520 2439.4
1244530 2428.5
1244540 2412.6
1244550 2412.6
1244560 2401.2
1244570 2389.9
1244580 2389.9
1244590 2376.6
1244600 2360.3
1244610 2360.3
1244620 2342.7
1244630 2330.4
1244640 2330.4
1244650 2320.4
1244660 2311.1
1244670 2311.1
1244680 2301.0
1244690 2291.3
1244700 2282.7
1244710 2282.7
1244720 2274.0
1244730 2265.6
1244740 2265.6
1244750 2257.4
1244760 2249.6
1244770 2249.6
1244780 2242.2
1244790 2235.1
1244800 2235.1
1244810 2228.4
1244820 2222.1
1244830 2222.9
1244840 2216.8
1244850 2211.2
1244860 2211.2
1244870 2206.4
1244880 2202.3
1244890 2202.3
1244900 2199.5
1244910 2195.5
1244920 2191.8
1244930 2191.8
1244940 2189.4
1244950 2187.3
1244960 2187.3
1244970 2185.0
1244980 2183.7
1244990 2183.7
1245000 2183.6
1245010 2184.4
1245020 2184.4
1245030 2185.7
1245040 2186.2
1245050 2186.2
1245060 2186.2
1245070 2186.3
1245080 2186.3
1245090 2185.6
1245100 2185.3
1245110 2185.3
1245120 2185.3
1245130 2185.4
1245140 2185.9
1245150 2185.9
1245160 2186.4
1245170 2186.6
1245180 2186.6
1245190 2187.3
1245200 2187.8
1245210 2187.8
1245220 2188.5
1245230 2189.8
1245240 2189.8
1245250 2191.6
1245260 2193.3
1245270 2193.3
1245280 2195.7
1245290 2198.3
1245300 2198.3
1245310 2201.1
1245320 2202.0
1245330 2202.0
1245340 2199.1
1245350 2195.2
1245360 2194.6
1245370 2194.6
1245380 2191.2
1245390 2190.2
1245400 2190.2
1245410 2190.2
1245420 2189.9
1245430 2189.9
1245440 2188.7
1245450 2188.5
1245460 2188.5
1245470 2189.7
1245480 2191.4
1245490 2191.4
1245500 2192.0
1245510 2191.7
1245520 2191.7
1245530 2191.8
1245540 2192.3
1245550 2192.3
1245560 2192.4
1245570 2190.6
1245580 2188.4
1245590 2188.4
1245600 2183.7
1245610 2179.2
1245620 2179.2
1245630 2175.6
1245640 2173.1
1245650 2173.1
1245660 2171.5
1245670 2171.3
1245680 2171.3
1245690 2171.8
1245700 2173.6
1245710 2173.6
1245720 2174.6
1245730 2174.5
1245740 2174.5
1245750 2175.2
1245760 2174.2
1245770 2174.2
1245780 2171.2
1245790 2168.6
1245800 2167.1
1245810 2167.1
1245820 2165.3
1245830 2166.3
1245840 2166.3
1245850 2168.8
1245860 2171.1
1245870 2171.1
1245880 2173.2
1245890 2184.4
1245900 2184.4
1245910 2189.4
1245920 2192.6
1245930 2192.6
1245940 2190.8
1245950 2193.9
1245960 2193.9
1245970 2195.7
1245980 2194.3
1245990 2194.3
1246000 2198.2
1246010 2209.9
1246020 2216.9
1246030 2216.9
1246040 2217.4
1246050 2216.2
1246060 2216.2
1246070 2212.2
1246080 2209.2
1246090 2209.2
1246100 2205.4
1246110 2203.4
1246120 2203.4
1246130 2201.7
1246140 2199.4
1246150 2199.4
1246160 2195.8
1246170 2192.0
1246180 2192.0
1246190 2189.2
1246200 2187.1
1246210 2187.1
1246220 2185.6
1246230 2183.9
1246240 2181.7
1246250 2181.7
1246260 2179.5
1246270 2176.5
1246280 2176.5
1246290 2173.5
1246300 2171.3
1246310 2171.3
1246320 2170.0
1246330 2169.8
1246340 2169.8
1246350 2170.6
1246360 2171.9
1246370 2171.9
1246380 2172.2
1246390 2173.3
1246400 2173.3
1246410 2174.6
1246420 2179.1
1246430 2179.1
1246440 2178.9
1246450 2179.3
1246460 2180.7
1246470 2180.7
1246480 2182.6
1246490 2186.4
1246500 2186.4
1246510 2191.4
1246520 2196.2
1246530 2196.2
1246540 2200.1
1246550 2203.8
1246560 2203.8
1246570 2206.1
1246580 2207.3
1246590 2207.3
1246600 2208.1
1246610 2210.3
1246620 2210.3
1246630 2213.6
1246640 2215.3
1246650 2215.3
1246660 2217.3
1246670 2219.4
1246680 2222.2
1246690 2222.2
1246700 2225.4
1246710 2228.6
1246720 2228.6
1246730 2231.8
1246740 2235.5
1246750 2235.5
1246760 2239.8
1246770 2243.2
1246780 2243.2
1246790 2246.2
1246800 2249.9
1246810 2249.9
1246820 2254.5
1246830 2257.6
1246840 2257.6
1246850 2259.4
1246860 2261.8
1246870 2261.8
1246880 2263.8
1246890 2265.2
1246900 2265.2
1246910 2265.7
1246920 2265.9
1246930 2266.3
1246940 2266.3
1246950 2268.1
1246960 2269.5
1246970 2269.5
1246980 2274.5
1246990 2275.4
1247000 2275.4
1247010 2273.6
1247020 2273.6
1247030 2273.6
1247040 2274.8
1247050 2277.5
1247060 2277.5
1247070 2279.8
1247080 2281.8
1247090 2281.8
1247100 2284.1
1247110 2286.8
1247120 2286.8
1247130 2289.4
1247140 2292.5
1247150 2295.2
1247160 2295.2
1247170 2297.2
1247180 2299.6
1247190 2299.6
1247200 2302.4
1247210 2306.0
1247220 2306.0
1247230 2310.5
1247240 2315.7
1247250 2315.7
1247260 2321.2
1247270 2326.8
1247280 2326.8
1247290 2332.4
1247300 2338.5
1247310 2338.5
1247320 2345.0
1247330 2352.4
1247340 2352.4
1247350 2360.6
1247360 2373.7
1247370 2391.4
1247380 2391.4
1247390 2411.0
1247400 2429.7
1247410 2429.7
1247420 2447.2
1247430 2465.8
1247440 2465.8
1247450 2477.1
1247460 2482.5
1247470 2482.5
1247480 2493.2
1247490 2516.6
1247500 2516.6
1247510 2524.5
1247520 2533.4
1247530 2533.4
1247540 2547.7
1247550 2564.3
1247560 2564.3
1247570 2575.7
1247580 2594.5
1247590 2614.0
1247600 2614.0
1247610 2628.6
1247620 2635.5
1247630 2635.5
1247640 2646.8
1247650 2647.3
1247660 2647.3
1247670 2642.2
1247680 2639.2
1247690 2639.2
1247700 2636.8
1247710 2633.9
1247720 2633.9
1247730 2630.8
1247740 2629.4
1247750 2629.4
1247760 2629.4
1247770 2630.8
1247780 2630.8
1247790 2632.3
1247800 2634.0
1247810 2636.5
1247820 2636.5
1247830 2639.4
1247840 2642.6
1247850 2642.6
1247860 2645.6
1247870 2649.1
1247880 2649.1
1247890 2651.9
1247900 2652.6
1247910 2652.6
1247920 2653.9
1247930 2655.3
1247940 2655.3
1247950 2657.7
1247960 2661.0
1247970 2661.0
1247980 2667.0
1247990 2674.5
1248000 2674.5
1248010 2683.0
1248020 2707.1
1248030 2717.8
1248040 2717.8
1248050 2726.4
1248060 2735.3
1248070 2735.3
1248080 2734.9
1248090 2733.1
1248100 2733.1
1248110 2734.8
1248120 2741.2
1248130 2741.2
1248140 2749.5
1248150 2755.7
1248160 2755.7
1248170 2761.9
1248180 2768.7
1248190 2768.7
1248200 2773.4
1248210 2776.9
1248220 2776.9
1248230 2777.4
1248240 2778.2
1248250 2783.1
1248260 2783.1
1248270 2791.4
1248280 2798.4
1248290 2798.4
1248300 2805.9
1248310 2814.2
1248320 2814.2
1248330 2824.7
1248340 2831.9
1248350 2831.9
1248360 2834.6
1248370 2834.7
1248380 2834.7
1248390 2836.5
1248400 2843.4
1248410 2843.4
1248420 2852.4
1248430 2865.7
1248440 2865.7
1248450 2876.4
1248460 2886.3
1248470 2892.0
1248480 2892.0
1248490 2896.3
1248500 2901.5
1248510 2901.5
1248520 2905.7
1248530 2906.7
1248540 2906.7
1248550 2903.6
1248560 2883.8
1248570 2883.8
1248580 2872.1
1248590 2857.2
1248600 2857.2
1248610 2851.0
1248620 2843.9
1248630 2843.9
1248640 2837.7
1248650 2832.3
1248660 2832.3
1248670 2823.1
1248680 2821.7
1248690 2820.6
1248700 2820.6
1248710 2815.2
1248720 2801.5
1248730 2801.5
1248740 2788.9
1248750 2779.5
1248760 2779.5
1248770 2772.4
1248780 2768.4
1248790 2768.4
1248800 2764.9
1248810 2761.7
1248820 2761.7
1248830 2757.4
1248840 2751.1
1248850 2751.1
1248860 2745.0
1248870 2737.2
1248880 2737.2
1248890 2730.6
1248900 2724.7
1248910 2718.0
1248920 2718.0
1248930 2704.4
1248940 2696.6
1248950 2696.6
1248960 2693.5
1248970 2690.2
1248980 2690.2
1248990 2686.2
1249000 2681.6
1249010 2681.6
1249020 2677.2
1249030 2672.8
1249040 2672.8
1249050 2668.4
1249060 2664.5
1249070 2664.5
1249080 2660.6
1249090 2657.1
1249100 2651.3
1249110 2647.7
1249120 2643.7
1249130 2638.8
1249140 2638.8
1249150 2634.0
1249160 2630.2
1249170 2630.2
1249180 2626.8
1249190 2625.0
1249200 2625.0
1249210 2624.5
1249220 2625.2
1249230 2625.2
1249240 2625.7
1249250 2625.0
1249260 2625.0
1249270 2623.9
1249280 2622.4
1249290 2622.4
1249300 2620.0
1249310 2617.5
1249320 2617.5
1249330 2615.1
1249340 2612.9
1249350 2610.3
1249360 2610.3
1249370 2607.4
1249380 2604.4
1249390 2604.4
1249400 2601.8
1249410 2599.9
1249420 2599.9
1249430 2599.5
1249440 2598.8
1249450 2598.8
1249460 2597.4
1249470 2596.5
1249480 2596.5
1249490 2597.7
1249500 2600.3
1249510 2600.3
1249520 2602.4
1249530 2603.9
1249540 2603.9
1249550 2604.9
1249560 2605.0
1249570 2604.5
1249580 2604.5
1249590 2603.6
1249600 2604.5
1249610 2604.5
1249620 2606.8
1249630 2609.6
1249640 2603.9
1249650 2607.8
1249660 2611.5
1249670 2611.5
1249680 2614.2
1249690 2615.0
1249700 2615.0
1249710 2614.6
1249720 2615.8
1249730 2615.8
1249740 2619.3
1249750 2624.9
1249760 2624.9
1249770 2629.0
1249780 2631.4
1249790 2634.2
1249800 2634.2
1249810 2638.1
1249820 2640.5
1249830 2640.5
1249840 2641.9
1249850 2642.0
1249860 2642.0
1249870 2642.7
1249880 2644.3
1249890 2644.3
1249900 2646.0
1249910 2645.9
1249920 2645.9
1249930 2644.0
1249940 2639.9
1249950 2639.9
1249960 2634.6
1249970 2629.7
1249980 2629.7
1249990 2625.0
1250000 2620.2
1250010 2615.2
1250020 2615.2
1250030 2610.8
1250040 2606.1
1250050 2606.1
1250060 2600.5
1250070 2596.2
1250080 2596.2
1250090 2592.8
1250100 2588.9
1250110 2588.9
1250120 2583.9
1250130 2580.0
1250140 2580.0
1250150 2576.4
1250160 2573.0
1250170 2573.0
1250180 2564.7
1250190 2561.5
1250200 2561.5
1250210 2558.7
1250220 2555.9
1250230 2553.4
1250240 2553.4
1250250 2550.2
1250260 2546.9
1250270 2546.9
1250280 2543.7
1250290 2540.5
1250300 2540.5
1250310 2536.7
1250320 2531.9
1250330 2531.9
1250340 2526.1
1250350 2519.5
1250360 2519.5
1250370 2513.1
1250380 2508.3
1250390 2508.3
1250400 2503.0
1250410 2497.7
1250420 2497.7
1250430 2491.9
1250440 2486.1
1250450 2479.1
1250460 2479.1
1250470 2473.6
1250480 2468.3
1250490 2468.3
1250500 2462.4
1250510 2455.4
1250520 2455.4
1250530 2447.0
1250540 2438.2
1250550 2438.2
1250560 2430.0
1250570 2422.4
1250580 2422.4
1250590 2415.3
1250600 2408.1
1250610 2408.1
1250620 2401.6
1250630 2396.4
1250640 2396.4
1250650 2392.0
1250660 2388.3
1250670 2385.7
1250680 2385.7
1250690 2383.1
1250700 2378.7
1250710 2378.7
1250720 2381.2
1250730 2378.4
1250740 2378.4
1250750 2375.8
1250760 2375.0
1250770 2375.0
1250780 2375.1
1250790 2374.4
1250800 2374.4
1250810 2369.9
1250820 2363.7
1250830 2363.7
1250840 2356.8
1250850 2349.7
1250860 2349.7
1250870 2342.5
1250880 2332.1
1250890 2321.6
1250900 2321.6
1250910 2313.2
1250920 2306.5
1250930 2306.5
1250940 2300.4
1250950 2294.4
1250960 2294.4
1250970 2288.6
1250980 2283.7
1250990 2283.7
1251000 2280.0
1251010 2276.7
1251020 2276.7
1251030 2272.8
1251040 2268.0
1251050 2268.0
1251060 2263.4
1251070 2258.3
1251080 2258.3
1251090 2254.4
1251100 2250.7
1251110 2246.3
1251120 2246.3
1251130 2241.0
1251140 2236.1
1251150 2236.1
1251160 2231.5
1251170 2226.3
1251180 2226.3
1251190 2220.5
1251200 2214.3
1251210 2214.3
1251220 2208.2
1251230 2201.2
1251240 2201.2
1251250 2193.6
1251260 2188.3
1251270 2188.3
1251280 2181.1
1251290 2173.9
1251300 2173.9
1251310 2166.7
1251320 2160.0
1251330 2160.0
1251340 2154.2
1251350 2150.9
1251360 2148.8
1251370 2148.8
1251380 2146.9
1251390 2144.5
1251400 2144.5
1251410 2141.0
1251420 2136.5
1251430 2136.5
1251440 2131.1
1251450 2124.7
1251460 2124.7
1251470 2117.7
1251480 2110.8
1251490 2110.8
1251500 2104.8
1251510 2100.0
1251520 2100.0
1251530 2096.5
1251540 2094.3
1251550 2094.3
1251560 2092.0
1251570 2089.5
1251580 2087.3
1251590 2087.3
1251600 2085.5
1251610 2084.2
1251620 2084.2
1251630 2082.6
1251640 2081.0
1251650 2081.0
1251660 2079.8
1251670 2079.7
1251680 2079.7
1251690 2080.9
1251700 2082.5
1251710 2082.5
1251720 2083.6
1251730 2083.4
1251740 2083.4
1251750 2082.2
1251760 2080.1
1251770 2080.1
1251780 2075.8
1251790 2072.2
1251800 2069.9
1251810 2066.5
1251820 2062.3
1251830 2057.3
1251840 2057.3
1251850 2053.4
1251860 2050.0
1251870 2050.0
1251880 2046.0
1251890 2041.0
1251900 2041.0
1251910 2035.4
1251920 2029.6
1251930 2029.6
1251940 2025.2
1251950 2020.4
1251960 2020.4
1251970 2015.0
1251980 2009.8
1251990 2009.8
1252000 2002.2
1252010 1989.6
1252020 1974.3
1252030 1974.3
1252040 1961.1
1252050 1949.6
1252060 1949.6
1252070 1938.7
1252080 1930.9
1252090 1930.9
1252100 1923.2
1252110 1915.3
1252120 1915.3
1252130 1908.3
1252140 1901.6
1252150 1901.6
1252160 1893.8
1252170 1883.1
1252180 1883.1
1252190 1872.3
1252200 1861.6
1252210 1861.6
1252220 1852.2
1252230 1843.1
1252240 1834.6
1252250 1834.6
1252260 1825.7
1252270 1816.4
1252280 1816.4
1252290 1806.8
1252300 1798.2
1252310 1798.2
1252320 1791.4
1252330 1785.4
1252340 1785.4
1252350 1775.9
1252360 1770.3
1252370 1770.3
1252380 1765.2
1252390 1760.8
1252400 1760.8
1252410 1756.1
1252420 1750.6
1252430 1750.6
1252440 1744.4
1252450 1739.7
1252460 1734.4
1252470 1734.4
1252480 1728.4
1252490 1720.4
1252500 1720.4
1252510 1712.8
1252520 1707.6
1252530 1707.6
1252540 1704.6
1252550 1703.3
1252560 1703.3
1252570 1697.7
1252580 1689.5
1252590 1689.5
1252600 1680.6
1252610 1671.0
1252620 1671.0
1252630 1660.1
1252640 1648.0
1252650 1648.0
1252660 1639.1
1252670 1633.6
1252680 1627.6
1252690 1627.6
1252700 1620.1
1252710 1611.0
1252720 1611.0
1252730 1601.2
1252740 1593.4
1252750 1593.4
1252760 1588.8
1252770 1586.2
1252780 1586.2
1252790 1584.5
1252800 1580.5
1252810 1580.5
1252820 1577.3
1252830 1577.1
1252840 1577.1
1252850 1577.2
1252860 1573.1
1252870 1573.1
1252880 1570.2
1252890 1568.9
1252900 1558.1
1252910 1558.1
1252920 1556.4
1252930 1553.2
1252940 1553.2
1252950 1549.6
1252960 1544.6
1252970 1544.6
1252980 1537.2
1252990 1529.6
1253000 1529.6
1253010 1523.1
1253020 1516.7
1253030 1516.7
1253040 1509.9
1253050 1503.2
1253060 1503.2
1253070 1496.5
1253080 1490.1
1253090 1490.1
1253100 1484.8
1253110 1480.6
1253120 1476.4
1253130 1476.4
1253140 1471.9
1253150 1467.3
1253160 1467.3
1253170 1463.6
1253180 1460.1
1253190 1460.1
1253200 1456.1
1253210 1450.9
1253220 1450.9
1253230 1445.6
1253240 1439.9
1253250 1439.9
1253260 1433.9
1253270 1426.2
1253280 1426.2
1253290 1417.5
1253300 1408.9
1253310 1408.9
1253320 1400.4
1253330 1392.9
1253340 1386.2
1253350 1386.2
1253360 1380.0
1253370 1376.1
1253380 1376.1
1253390 1373.7
1253400 1371.1
1253410 1371.1
1253420 1367.8
1253430 1364.0
1253440 1364.0
1253450 1355.4
1253460 1350.6
1253470 1350.6
1253480 1346.2
1253490 1342.3
1253500 1342.3
1253510 1338.7
1253520 1335.4
1253530 1335.4
1253540 1331.7
1253550 1327.5
1253560 1323.3
1253570 1323.3
1253580 1318.8
1253590 1314.3
1253600 1314.3
1253610 1309.6
1253620 1303.4
1253630 1303.4
1253640 1296.0
1253650 1289.3
1253660 1289.3
1253670 1283.6
1253680 1279.0
1253690 1279.0
1253700 1274.2
1253710 1269.1
1253720 1269.1
1253730 1263.7
1253740 1258.6
1253750 1258.6
1253760 1252.7
1253770 1246.3
1253780 1241.3
1253790 1241.3
1253800 1237.9
1253810 1234.5
1253820 1234.5
1253830 1230.1
1253840 1226.1
1253850 1226.1
1253860 1223.1
1253870 1220.2
1253880 1220.2
1253890 1216.8
1253900 1212.9
1253910 1212.9
1253920 1207.8
1253930 1202.1
1253940 1202.1
1253950 1196.7
1253960 1192.1
1253970 1192.1
1253980 1187.3
1253990 1182.8
1254000 1173.8
1254010 1173.8
1254020 1168.9
1254030 1164.3
1254040 1164.3
1254050 1159.7
1254060 1154.8
1254070 1154.8
1254080 1150.4
1254090 1146.1
1254100 1146.1
1254110 1142.5
1254120 1138.5
1254130 1138.5
1254140 1134.0
1254150 1130.2
1254160 1130.2
1254170 1127.6
1254180 1124.6
1254190 1124.6
1254200 1121.5
1254210 1119.3
1254220 1118.7
1254230 1118.7
1254240 1118.0
1254250 1117.1
1254260 1117.1
1254270 1115.7
1254280 1114.1
1254290 1114.1
1254300 1111.1
1254310 1108.0
1254320 1108.0
1254330 1104.7
1254340 1100.7
1254350 1100.7
1254360 1097.8
1254370 1094.9
1254380 1094.9
1254390 1092.4
1254400 1090.7
1254410 1090.7
1254420 1089.3
1254430 1088.3
1254440 1087.6
1254450 1087.6
1254460 1086.9
1254470 1085.3
1254480 1085.3
1254490 1083.9
1254500 1083.7
1254510 1083.7
1254520 1084.7
1254530 1086.2
1254540 1086.2
1254550 1086.9
1254560 1087.2
1254570 1087.2
1254580 1087.6
1254590 1088.8
1254600 1088.8
1254610 1091.0
1254620 1090.3
1254630 1090.3
1254640 1090.5
1254650 1091.8
1254660 1092.9
1254670 1092.9
1254680 1093.9
1254690 1094.9
1254700 1094.9
1254710 1096.3
1254720 1098.0
1254730 1098.0
1254740 1099.6
1254750 1100.7
1254760 1100.7
1254770 1101.8
1254780 1103.8
1254790 1103.8
1254800 1106.9
1254810 1108.3
1254820 1108.3
1254830 1109.9
1254840 1112.2
1254850 1112.2
1254860 1114.6
1254870 1118.2
1254880 1123.7
1254890 1123.7
1254900 1128.9
1254910 1133.7
1254920 1133.7
1254930 1138.7
1254940 1144.1
1254950 1144.1
1254960 1149.9
1254970 1155.8
1254980 1155.8
1254990 1161.6
1255000 1166.6
1255010 1166.6
1255020 1171.2
1255030 1176.2
1255040 1176.2
1255050 1180.9
1255060 1185.9
1255070 1185.9
1255080 1190.4
1255090 1193.8
1255100 1202.1
1255110 1202.1
1255120 1203.2
1255130 1206.1
1255140 1206.1
1255150 1209.4
1255160 1213.8
1255170 1213.8
1255180 1219.7
1255190 1226.0
1255200 1226.0
1255210 1232.6
1255220 1239.0
1255230 1239.0
1255240 1244.7
1255250 1250.7
1255260 1250.7
1255270 1257.1
1255280 1263.7
1255290 1263.7
1255300 1271.6
1255310 1280.1
1255320 1290.2
1255330 1290.2
1255340 1309.8
1255350 1322.3
1255360 1322.3
1255370 1330.2
1255380 1339.8
1255390 1339.8
1255400 1348.2
1255410 1358.4
1255420 1358.4
1255430 1368.8
1255440 1376.9
1255450 1376.9
1255460 1385.4
1255470 1392.9
1255480 1392.9
1255490 1399.2
1255500 1405.8
1255510 1405.8
1255520 1414.6
1255530 1423.1
1255540 1429.7
1255550 1429.7
1255560 1438.6
1255570 1447.5
1255580 1447.5
1255590 1453.1
1255600 1457.6
1255610 1457.6
1255620 1461.9
1255630 1465.9
1255640 1465.9
1255650 1473.9
1255660 1476.2
1255670 1476.2
1255680 1479.8
1255690 1484.4
1255700 1484.4
1255710 1488.9
1255720 1493.2
1255730 1493.2
1255740 1499.7
1255750 1509.4
1255760 1520.2
1255770 1520.2
1255780 1528.2
1255790 1534.0
1255800 1534.0
1255810 1539.5
1255820 1545.4
1255830 1545.4
1255840 1551.0
1255850 1555.2
1255860 1555.2
1255870 1557.9
1255880 1558.7
1255890 1558.7
1255900 1558.7
1255910 1559.0
1255920 1559.0
1255930 1559.2
1255940 1558.0
1255950 1558.0
1255960 1555.5
1255970 1551.9
1255980 1546.5
1255990 1546.5
1256000 1540.5
1256010 1538.7
1256020 1538.7
1256030 1537.6
1256040 1536.3
1256050 1536.3
1256060 1533.4
1256070 1537.1
1256080 1537.1
1256090 1551.6
1256100 1565.0
1256110 1565.0
1256120 1575.4
1256130 1583.5
1256140 1583.5
1256150 1591.2
1256160 1599.3
1256170 1599.3
1256180 1607.9
1256190 1616.1
1256200 1624.2
1256210 1624.6
1256220 1632.4
1256230 1639.5
1256240 1639.5
1256250 1646.5
1256260 1654.2
1256270 1654.2
1256280 1664.8
1256290 1675.4
1256300 1675.4
1256310 1686.1
1256320 1695.7
1256330 1695.7
1256340 1706.2
1256350 1717.2
1256360 1717.2
1256370 1724.8
1256380 1730.2
1256390 1730.2
1256400 1735.8
1256410 1741.3
1256420 1741.3
1256430 1747.3
1256440 1754.4
1256450 1761.9
1256460 1761.9
1256470 1769.7
1256480 1777.9
1256490 1777.9
1256500 1786.0
1256510 1793.1
1256520 1793.1
1256530 1799.4
1256540 1805.2
1256550 1805.2
1256560 1811.7
1256570 1820.7
1256580 1820.7
1256590 1831.9
1256600 1840.3
1256610 1840.3
1256620 1847.7
1256630 1854.1
1256640 1854.1
1256650 1859.1
1256660 1864.7
1256670 1871.8
1256680 1871.8
1256690 1880.1
1256700 1887.6
1256710 1887.6
1256720 1895.2
1256730 1903.3
1256740 1903.3
1256750 1910.0
1256760 1918.7
1256770 1918.7
1256780 1927.9
1256790 1935.9
1256800 1935.9
1256810 1943.1
1256820 1949.6
1256830 1949.6
1256840 1954.9
1256850 1960.7
1256860 1960.7
1256870 1965.7
1256880 1970.3
1256890 1975.0
1256900 1975.0
1256910 1980.8
1256920 1987.3
1256930 1987.3
1256940 1992.8
1256950 1997.5
1256960 1997.5
1256970 2000.3
1256980 2001.4
1256990 2001.4
1257000 2003.1
1257010 2005.1
1257020 2005.1
1257030 2007.1
1257040 2007.6
1257050 2007.6
1257060 2008.3
1257070 2009.7
1257080 2009.7
1257090 2009.8
1257100 2008.3
1257110 2006.6
1257120 2006.6
1257130 2005.7
1257140 2005.2
1257150 2005.2
1257160 2004.7
1257170 2004.4
1257180 2004.4
1257190 2004.3
1257200 2005.3
1257210 2005.3
1257220 2006.0
1257230 2006.7
1257240 2006.7
1257250 2007.9
1257260 2010.4
1257270 2010.4
1257280 2012.6
1257290 2015.3
1257300 2015.3
1257310 2017.1
1257320 2028.1
1257330 2031.5
1257340 2031.5
1257350 2034.2
1257360 2038.2
1257370 2038.2
1257380 2043.3
1257390 2048.1
1257400 2048.1
1257410 2055.1
1257420 2064.2
1257430 2064.2
1257440 2070.6
1257450 2076.6
1257460 2076.6
1257470 2083.7
1257480 2084.9
1257490 2084.9
1257500 2085.9
1257510 2088.2
1257520 2088.2
1257530 2092.3
1257540 2097.4
1257550 2102.0
1257560 2102.0
1257570 2106.0
1257580 2110.3
1257590 2110.3
1257600 2114.9
1257610 2120.0
1257620 2120.0
1257630 2125.3
1257640 2130.1
1257650 2130.1
1257660 2134.4
1257670 2138.6
1257680 2138.6
1257690 2142.3
1257700 2145.3
1257710 2145.3
1257720 2148.1
1257730 2151.4
1257740 2151.4
1257750 2156.7
1257760 2167.7
1257770 2181.5
1257780 2181.5
1257790 2194.5
1257800 2206.3
1257810 2206.3
1257820 2217.3
1257830 2230.9
1257840 2230.9
1257850 2241.2
1257860 2242.1
1257870 2242.1
1257880 2251.6
1257890 2256.2
1257900 2256.2
1257910 2264.9
1257920 2274.7
1257930 2274.7
1257940 2285.2
1257950 2289.5
1257960 2289.5
1257970 2283.3
1257980 2275.9
1257990 2268.6
1258000 2268.6
1258010 2260.0
1258020 2251.0
1258030 2251.0
1258040 2241.4
1258050 2231.9
1258060 2231.9
1258070 2223.1
1258080 2215.0
1258090 2215.0
1258100 2208.2
1258110 2202.1
1258120 2202.1
1258130 2197.2
1258140 2192.6
1258150 2192.6
1258160 2189.6
1258170 2188.3
1258180 2188.3
1258190 2185.8
1258200 2183.1
1258210 2181.2
1258220 2181.2
1258230 2178.5
1258240 2175.4
1258250 2175.4
1258260 2171.9
1258270 2167.5
1258280 2167.5
1258290 2164.1
1258300 2159.3
1258310 2159.3
1258320 2154.4
1258330 2150.3
1258340 2150.3
1258350 2146.7
1258360 2143.0
1258370 2143.0
1258380 2138.5
1258390 2133.4
1258400 2133.4
1258410 2129.3
1258420 2127.5
1258430 2126.0
1258440 2132.4
1258450 2131.2
1258460 2129.5
1258470 2129.5
1258480 2126.7
1258490 2123.4
1258500 2123.4
1258510 2120.9
1258520 2121.0
1258530 2121.0
1258540 2121.9
1258550 2122.7
1258560 2122.7
1258570 2123.6
1258580 2124.5
1258590 2124.5
1258600 2125.9
1258610 2128.7
1258620 2128.7
1258630 2132.4
1258640 2136.8
1258650 2141.7
1258660 2141.7
1258670 2146.9
1258680 2152.5
1258690 2152.5
1258700 2157.5
1258710 2162.5
1258720 2162.5
1258730 2167.4
1258740 2172.1
1258750 2172.1
1258760 2177.5
1258770 2183.2
1258780 2183.2
1258790 2188.5
1258800 2193.8
1258810 2193.8
1258820 2199.0
1258830 2204.2
1258840 2204.2
1258850 2208.7
1258860 2213.5
1258870 2217.6
1258880 2217.6
1258890 2221.0
1258900 2224.9
1258910 2224.9
1258920 2235.9
1258930 2247.9
1258940 2247.9
1258950 2255.8
1258960 2261.4
1258970 2261.4
1258980 2266.6
1258990 2270.6
1259000 2278.8
1259010 2289.0
1259020 2299.6
1259030 2299.6
1259040 2306.2
1259050 2312.9
1259060 2312.9
1259070 2319.3
1259080 2325.9
1259090 2333.4
1259100 2333.4
1259110 2342.9
1259120 2352.0
1259130 2352.0
1259140 2361.9
1259150 2379.7
1259160 2379.7
1259170 2396.5
1259180 2410.7
1259190 2410.7
1259200 2422.3
1259210 2431.7
1259220 2431.7
1259230 2447.7
1259240 2459.3
1259250 2459.3
1259260 2463.6
1259270 2463.0
1259280 2463.0
1259290 2455.1
1259300 2445.1
1259310 2440.9
1259320 2440.9
1259330 2438.0
1259340 2430.6
1259350 2430.6
1259360 2427.0
1259370 2416.9
1259380 2416.9
1259390 2406.8
1259400 2401.1
1259410 2401.1
1259420 2395.8
1259430 2391.9
1259440 2391.9
1259450 2390.3
1259460 2388.5
1259470 2388.5
1259480 2385.9
1259490 2382.5
1259500 2382.5
1259510 2382.8
1259520 2385.1
1259530 2382.1
1259540 2382.1
1259550 2375.7
1259560 2361.8
1259570 2361.8
1259580 2355.0
1259590 2350.3
1259600 2350.3
1259610 2345.5
1259620 2337.9
1259630 2337.9
1259640 2330.7
1259650 2323.9
1259660 2323.9
1259670 2317.6
1259680 2312.4
1259690 2312.4
1259700 2305.5
1259710 2297.3
1259720 2297.3
1259730 2289.5
1259740 2283.4
1259750 2275.6
1259760 2275.6
1259770 2267.7
1259780 2259.9
1259790 2259.9
1259800 2253.3
1259810 2247.1
1259820 2247.1
1259830 2239.4
1259840 2230.9
1259850 2230.9
1259860 2222.5
1259870 2214.2
1259880 2214.2
1259890 2205.9
1259900 2198.7
1259910 2198.7
1259920 2191.5
1259930 2184.4
1259940 2184.4
1259950 2177.4
1259960 2170.7
1259970 2163.7
1259980 2163.7
1259990 2157.2
