1240000 2775.5
1240010 2771.5
1240020 2771.5
1240030 2767.5
1240040 2764.3
1240050 2764.3
1240060 2762.5
1240070 2759.9
1240080 2759.9
1240090 2757.6
1240100 2756.7
1240110 2756.7
1240120 2757.4
1240130 2757.7
1240140 2757.7
1240150 2757.4
1240160 2757.2
1240170 2757.3
1240180 2757.3
1240190 2756.8
1240200 2755.5
1240210 2755.5
1240220 2753.6
1240230 2751.0
1240240 2751.0
1240250 2748.4
1240260 2745.7
1240270 2745.7
1240280 2743.5
1240290 2742.6
1240300 2742.6
1240310 2743.6
1240320 2743.1
1240330 2743.1
1240340 2741.1
1240350 2738.3
1240360 2738.3
1240370 2734.8
1240380 2730.4
1240390 2720.4
1240400 2720.4
1240410 2714.9
1240420 2709.4
1240430 2709.4
1240440 2704.4
1240450 2700.3
1240460 2700.3
1240470 2696.2
1240480 2692.8
1240490 2692.8
1240500 2691.2
1240510 2689.2
1240520 2689.2
1240530 2687.0
1240540 2684.7
1240550 2684.7
1240560 2682.6
1240570 2680.4
1240580 2680.4
1240590 2679.5
1240600 2679.1
1240610 2678.0
1240620 2678.0
1240630 2676.4
1240640 2674.7
1240650 2674.7
1240660 2672.6
1240670 2668.9
1240680 2668.9
1240690 2665.7
1240700 2664.4
1240710 2664.4
1240720 2663.7
1240730 2662.9
1240740 2662.9
1240750 2661.8
1240760 2662.1
1240770 2662.1
1240780 2661.5
1240790 2660.8
1240800 2660.8
1240810 2660.2
1240820 2659.0
1240830 2657.3
1240840 2657.3
1240850 2654.9
1240860 2651.7
1240870 2651.7
1240880 2647.6
1240890 2642.7
1240900 2642.7
1240910 2637.6
1240920 2634.2
1240930 2634.2
1240940 2631.2
1240950 2627.1
1240960 2627.1
1240970 2621.0
1240980 2615.8
1240990 2615.8
1241000 2612.4
1241010 2608.8
1241020 2608.8
1241030 2604.9
1241040 2601.5
1241050 2597.9
1241060 2597.9
1241070 2594.3
1241080 2590.1
1241090 2590.1
1241100 2586.2
1241110 2581.8
1241120 2581.8
1241130 2577.2
1241140 2573.9
1241150 2573.9
1241160 2570.4
1241170 2567.1
1241180 2567.1
1241190 2564.0
1241200 2561.0
1241210 2561.0
1241220 2558.6
1241230 2557.0
1241240 2557.0
1241250 2555.1
1241260 2552.5
1241270 2550.4
1241280 2550.4
1241290 2550.2
1241300 2549.9
1241310 2549.9
1241320 2550.2
1241330 2550.2
1241340 2550.2
1241350 2548.5
1241360 2546.3
1241370 2546.3
1241380 2544.3
1241390 2542.0
1241400 2542.0
1241410 2539.4
1241420 2536.6
1241430 2536.6
1241440 2533.2
1241450 2533.8
1241460 2533.8
1241470 2534.3
1241480 2535.2
1241490 2535.2
1241500 2534.7
1241510 2534.8
1241520 2535.9
1241530 2535.9
1241540 2536.4
1241550 2536.3
1241560 2536.3
1241570 2534.7
1241580 2531.6
1241590 2531.6
1241600 2528.5
1241610 2526.1
1241620 2526.1
1241630 2524.3
1241640 2523.0
1241650 2523.0
1241660 2520.7
1241670 2519.2
1241680 2519.2
1241690 2517.4
1241700 2514.3
1241710 2514.3
1241720 2508.7
1241730 2504.5
1241740 2502.9
1241750 2502.9
1241760 2502.1
1241770 2500.4
1241780 2500.4
1241790 2499.2
1241800 2498.9
1241810 2498.9
1241820 2498.7
1241830 2495.6
1241840 2495.6
1241850 2491.4
1241860 2486.2
1241870 2486.2
1241880 2480.8
1241890 2476.6
1241900 2476.6
1241910 2471.5
1241920 2465.7
1241930 2465.7
1241940 2461.9
1241950 2458.6
1241960 2451.5
1241970 2451.5
1241980 2448.0
1241990 2444.1
1242000 2444.1
1242010 2440.0
1242020 2435.6
1242030 2435.6
1242040 2431.9
1242050 2428.3
1242060 2428.3
1242070 2424.7
1242080 2420.4
1242090 2420.4
1242100 2415.2
1242110 2407.7
1242120 2407.7
1242130 2404.4
1242140 2407.8
1242150 2407.8
1242160 2410.7
1242170 2412.7
1242180 2410.7
1242190 2410.7
1242200 2404.4
1242210 2398.2
1242220 2398.2
1242230 2392.6
1242240 2386.9
1242250 2386.9
1242260 2380.9
1242270 2374.5
1242280 2374.5
1242290 2367.4
1242300 2359.2
1242310 2359.2
1242320 2353.7
1242330 2345.2
1242340 2345.2
1242350 2330.4
1242360 2320.3
1242370 2320.3
1242380 2312.3
1242390 2304.4
1242400 2295.1
1242410 2295.1
1242420 2281.4
1242430 2272.8
1242440 2272.8
1242450 2266.5
1242460 2260.2
1242470 2260.2
1242480 2245.7
1242490 2237.5
1242500 2237.5
1242510 2230.1
1242520 2223.4
1242530 2223.4
1242540 2217.5
1242550 2213.0
1242560 2213.0
1242570 2208.9
1242580 2204.4
1242590 2204.4
1242600 2200.8
1242610 2197.2
1242620 2194.1
1242630 2194.1
1242640 2191.4
1242650 2188.1
1242660 2188.1
1242670 2185.8
1242680 2183.5
1242690 2183.5
1242700 2180.9
1242710 2178.1
1242720 2178.1
1242730 2175.2
1242740 2172.0
1242750 2172.0
1242760 2168.8
1242770 2165.8
1242780 2165.8
1242790 2162.7
1242800 2159.6
1242810 2159.6
1242820 2157.0
1242830 2155.1
1242840 2154.2
1242850 2154.2
1242860 2152.8
1242870 2151.5
1242880 2151.5
1242890 2150.5
1242900 2149.8
1242910 2149.8
1242920 2149.5
1242930 2149.5
1242940 2149.5
1242950 2149.5
1242960 2149.2
1242970 2149.2
1242980 2148.9
1242990 2147.2
1243000 2147.2
1243010 2146.7
1243020 2147.2
1243030 2147.2
1243040 2149.4
1243050 2150.3
1243060 2150.2
1243070 2150.2
1243080 2152.0
1243090 2154.4
1243100 2154.4
1243110 2156.4
1243120 2158.8
1243130 2158.8
1243140 2160.9
1243150 2161.1
1243160 2161.1
1243170 2159.4
1243180 2158.1
1243190 2158.1
1243200 2157.4
1243210 2155.1
1243220 2155.1
1243230 2154.0
1243240 2152.0
1243250 2152.0
1243260 2151.9
1243270 2154.3
1243280 2157.4
1243290 2157.4
1243300 2156.7
1243310 2154.5
1243320 2154.5
1243330 2153.5
1243340 2153.3
1243350 2153.3
1243360 2153.7
1243370 2152.5
1243380 2152.5
1243390 2151.7
1243400 2151.6
1243410 2151.6
1243420 2151.7
1243430 2149.9
1243440 2149.9
1243450 2144.1
1243460 2139.2
1243470 2139.2
1243480 2137.8
1243490 2138.1
1243500 2143.9
1243510 2143.9
1243520 2148.7
1243530 2156.0
1243540 2156.0
1243550 2158.8
1243560 2161.6
1243570 2161.6
1243580 2162.5
1243590 2165.7
1243600 2165.7
1243610 2170.7
1243620 2175.6
1243630 2175.6
1243640 2180.3
1243650 2186.8
1243660 2186.8
1243670 2191.9
1243680 2196.8
1243690 2196.8
1243700 2200.6
1243710 2204.6
1243720 2210.7
1243730 2210.7
1243740 2217.5
1243750 2223.2
1243760 2223.2
1243770 2228.1
1243780 2233.2
1243790 2233.2
1243800 2237.7
1243810 2242.0
1243820 2242.0
1243830 2246.9
1243840 2251.8
1243850 2251.8
1243860 2255.8
1243870 2259.5
1243880 2259.5
1243890 2262.3
1243900 2264.6
1243910 2264.6
1243920 2267.2
1243930 2269.4
1243940 2270.7
1243950 2270.7
1243960 2271.5
1243970 2271.5
1243980 2271.5
1243990 2271.2
1244000 2272.1
1244010 2272.1
1244020 2273.6
1244030 2274.2
1244040 2274.2
1244050 2274.6
1244060 2278.1
1244070 2278.1
1244080 2280.2
1244090 2281.5
1244100 2281.5
1244110 2280.3
1244120 2279.7
1244130 2279.7
1244140 2278.5
1244150 2279.3
1244160 2282.2
1244170 2282.2
1244180 2286.6
1244190 2286.3
1244200 2286.3
1244210 2283.8
1244220 2282.0
1244230 2282.0
1244240 2282.5
1244250 2283.7
1244260 2283.7
1244270 2286.3
1244280 2289.6
1244290 2289.6
1244300 2292.5
1244310 2294.2
1244320 2294.2
1244330 2292.6
1244340 2291.6
1244350 2291.6
1244360 2291.4
1244370 2291.2
1244380 2292.6
1244390 2292.6
1244400 2296.9
1244410 2302.7
1244420 2302.7
1244430 2311.6
1244440 2320.4
1244450 2320.4
1244460 2330.1
1244470 2341.3
1244480 2341.3
1244490 2342.5
1244500 2331.3
1244510 2331.3
1244520 2317.4
1244530 2307.3
1244540 2307.3
1244550 2295.6
1244560 2285.2
1244570 2285.2
1244580 2274.3
1244590 2266.2
1244600 2266.2
1244610 2257.3
1244620 2248.0
1244630 2238.8
1244640 2238.8
1244650 2229.8
1244660 2218.2
1244670 2218.2
1244680 2204.6
1244690 2194.2
1244700 2194.2
1244710 2187.3
1244720 2180.3
1244730 2180.3
1244740 2173.5
1244750 2166.9
1244760 2166.9
1244770 2160.2
1244780 2153.3
1244790 2153.3
1244800 2146.7
1244810 2140.7
1244820 2140.7
1244830 2135.7
1244840 2131.1
1244850 2127.6
1244860 2127.6
1244870 2124.3
1244880 2121.4
1244890 2121.4
1244900 2117.8
1244910 2113.1
1244920 2113.1
1244930 2106.5
1244940 2099.7
1244950 2099.7
1244960 2093.0
1244970 2087.6
1244980 2087.6
1244990 2082.4
1245000 2077.6
1245010 2077.6
1245020 2072.2
1245030 2067.9
1245040 2067.9
1245050 2063.5
1245060 2059.4
1245070 2055.0
1245080 2055.0
1245090 2051.1
1245100 2047.9
1245110 2051.5
1245120 2048.3
1245130 2045.7
1245140 2045.7
1245150 2044.2
1245160 2042.7
1245170 2042.7
1245180 2040.7
1245190 2038.4
1245200 2038.4
1245210 2035.7
1245220 2033.2
1245230 2033.2
1245240 2031.7
1245250 2032.0
1245260 2032.0
1245270 2031.5
1245280 2030.0
1245290 2030.0
1245300 2030.0
1245310 2030.1
1245320 2029.3
1245330 2029.3
1245340 2028.9
1245350 2029.3
1245360 2029.3
1245370 2029.5
1245380 2027.2
1245390 2027.2
1245400 2028.4
1245410 2028.4
1245420 2028.4
1245430 2029.0
1245440 2030.3
1245450 2030.3
1245460 2031.4
1245470 2033.5
1245480 2033.5
1245490 2034.7
1245500 2035.5
1245510 2035.8
1245520 2035.8
1245530 2036.7
1245540 2038.4
1245550 2038.4
1245560 2040.2
1245570 2041.9
1245580 2041.9
1245590 2043.0
1245600 2044.3
1245610 2044.3
1245620 2046.8
1245630 2048.1
1245640 2054.6
1245650 2053.6
1245660 2051.3
1245670 2051.3
1245680 2048.5
1245690 2046.1
1245700 2046.1
1245710 2043.3
1245720 2041.2
1245730 2040.1
1245740 2040.1
1245750 2040.4
1245760 2043.4
1245770 2043.4
1245780 2044.7
1245790 2045.3
1245800 2045.3
1245810 2044.5
1245820 2044.1
1245830 2044.1
1245840 2044.7
1245850 2046.8
1245860 2046.8
1245870 2049.7
1245880 2051.1
1245890 2051.1
1245900 2050.7
1245910 2050.1
1245920 2050.1
1245930 2050.2
1245940 2049.2
1245950 2049.2
1245960 2049.2
1245970 2050.3
1245980 2052.1
1245990 2052.1
1246000 2053.6
1246010 2055.2
1246020 2055.2
1246030 2056.8
1246040 2058.0
1246050 2058.0
1246060 2059.9
1246070 2062.9
1246080 2062.9
1246090 2064.5
1246100 2065.4
1246110 2065.4
1246120 2066.1
1246130 2066.7
1246140 2066.7
1246150 2066.2
1246160 2067.2
1246170 2069.0
1246180 2071.5
1246190 2073.1
1246200 2076.3
1246210 2076.3
1246220 2079.1
1246230 2083.9
1246240 2083.9
1246250 2087.9
1246260 2091.8
1246270 2091.8
1246280 2096.4
1246290 2101.4
1246300 2101.4
1246310 2107.3
1246320 2113.2
1246330 2113.2
1246340 2119.4
1246350 2125.5
1246360 2125.5
1246370 2127.9
1246380 2128.6
1246390 2130.8
1246400 2130.8
1246410 2134.6
1246420 2138.5
1246430 2138.5
1246440 2139.0
1246450 2140.8
1246460 2140.8
1246470 2142.7
1246480 2141.5
1246490 2141.5
1246500 2143.3
1246510 2143.6
1246520 2143.6
1246530 2142.1
1246540 2142.5
1246550 2142.5
1246560 2145.1
1246570 2147.2
1246580 2147.2
1246590 2149.2
1246600 2150.4
1246610 2151.7
1246620 2151.7
1246630 2153.3
1246640 2156.2
1246650 2156.2
1246660 2158.6
1246670 2160.5
1246680 2160.5
1246690 2163.3
1246700 2165.8
1246710 2164.5
1246720 2166.5
1246730 2168.5
1246740 2168.5
1246750 2170.2
1246760 2171.7
1246770 2171.7
1246780 2173.6
1246790 2176.7
1246800 2176.7
1246810 2180.2
1246820 2184.7
1246830 2190.1
1246840 2190.1
1246850 2195.9
1246860 2202.4
1246870 2202.4
1246880 2209.1
1246890 2215.8
1246900 2215.8
1246910 2221.9
1246920 2226.0
1246930 2226.0
1246940 2228.9
1246950 2232.3
1246960 2232.3
1246970 2235.3
1246980 2236.9
1246990 2236.9
1247000 2238.4
1247010 2241.1
1247020 2241.1
1247030 2244.6
1247040 2247.8
1247050 2252.3
1247060 2252.3
1247070 2257.9
1247080 2264.2
1247090 2264.2
1247100 2270.7
1247110 2277.4
1247120 2277.4
1247130 2284.1
1247140 2290.8
1247150 2290.8
1247160 2297.5
1247170 2306.6
1247180 2306.6
1247190 2319.5
1247200 2337.8
1247210 2337.8
1247220 2354.3
1247230 2369.1
1247240 2359.6
1247250 2371.4
1247260 2384.2
1247270 2401.4
1247280 2401.4
1247290 2417.2
1247300 2430.1
1247310 2430.1
1247320 2441.2
1247330 2451.7
1247340 2451.7
1247350 2446.1
1247360 2437.0
1247370 2437.0
1247380 2433.3
1247390 2430.5
1247400 2430.5
1247410 2427.9
1247420 2425.0
1247430 2425.0
1247440 2422.7
1247450 2420.7
1247460 2420.7
1247470 2419.4
1247480 2416.4
1247490 2413.5
1247500 2413.5
1247510 2410.9
1247520 2409.0
1247530 2409.0
1247540 2408.2
1247550 2409.5
1247560 2409.5
1247570 2411.7
1247580 2414.0
1247590 2414.0
1247600 2416.9
1247610 2420.4
1247620 2420.4
1247630 2423.7
1247640 2427.5
1247650 2427.5
1247660 2431.2
1247670 2435.1
1247680 2435.1
1247690 2439.0
1247700 2442.7
1247710 2442.7
1247720 2446.4
1247730 2449.9
1247740 2454.0
1247750 2454.0
1247760 2457.9
1247770 2461.5
1247780 2467.5
1247790 2470.9
1247800 2473.6
1247810 2473.6
1247820 2477.3
1247830 2485.0
1247840 2485.0
1247850 2500.4
1247860 2518.4
1247870 2518.4
1247880 2522.6
1247890 2526.6
1247900 2526.6
1247910 2529.2
1247920 2530.4
1247930 2530.4
1247940 2532.6
1247950 2535.5
1247960 2538.2
1247970 2538.2
1247980 2541.4
1247990 2545.2
1248000 2545.2
1248010 2550.1
1248020 2556.1
1248030 2556.1
1248040 2562.4
1248050 2568.6
1248060 2568.6
1248070 2574.5
1248080 2580.7
1248090 2580.7
1248100 2587.2
1248110 2593.8
1248120 2593.8
1248130 2600.6
1248140 2608.5
1248150 2608.5
1248160 2621.3
1248170 2646.3
1248180 2666.4
1248190 2666.4
1248200 2676.7
1248210 2675.6
1248220 2675.6
1248230 2668.0
1248240 2664.7
1248250 2664.7
1248260 2663.5
1248270 2671.9
1248280 2671.9
1248290 2671.9
1248300 2672.4
1248310 2676.2
1248320 2667.2
1248330 2663.1
1248340 2663.1
1248350 2660.6
1248360 2654.9
1248370 2654.9
1248380 2651.0
1248390 2648.8
1248400 2649.2
1248410 2649.2
1248420 2652.3
1248430 2657.4
1248440 2657.4
1248450 2663.1
1248460 2674.2
1248470 2674.2
1248480 2697.0
1248490 2709.7
1248500 2709.7
1248510 2719.4
1248520 2737.2
1248530 2737.2
1248540 2755.1
1248550 2768.5
1248560 2768.5
1248570 2771.4
1248580 2771.1
1248590 2771.1
1248600 2768.2
1248610 2769.1
1248620 2770.6
1248630 2770.6
1248640 2770.8
1248650 2770.3
1248660 2770.3
1248670 2765.9
1248680 2757.4
1248690 2757.4
1248700 2749.1
1248710 2744.4
1248720 2744.4
1248730 2737.9
1248740 2731.6
1248750 2731.6
1248760 2727.9
1248770 2726.5
1248780 2726.5
1248790 2725.5
1248800 2725.1
1248810 2725.1
1248820 2723.9
1248830 2723.3
1248840 2725.7
1248850 2732.3
1248860 2735.9
1248870 2739.9
1248880 2739.9
1248890 2743.3
1248900 2746.2
1248910 2746.2
1248920 2749.4
1248930 2750.5
1248940 2750.5
1248950 2751.0
1248960 2749.9
1248970 2749.9
1248980 2750.5
1248990 2754.0
1249000 2754.0
1249010 2761.9
1249020 2767.8
1249030 2767.8
1249040 2772.8
1249050 2779.6
1249060 2780.4
1249070 2780.4
1249080 2776.2
1249090 2775.0
1249100 2775.0
1249110 2773.2
1249120 2767.6
1249130 2767.6
1249140 2766.7
1249150 2770.1
1249160 2770.1
1249170 2768.7
1249180 2768.0
1249190 2768.0
1249200 2765.2
1249210 2763.6
1249220 2763.6
1249230 2764.1
1249240 2763.9
1249250 2763.9
1249260 2760.6
1249270 2761.2
1249280 2759.5
1249290 2759.5
1249300 2749.8
1249310 2746.8
1249320 2746.8
1249330 2745.6
1249340 2741.8
1249350 2741.8
1249360 2738.0
1249370 2736.6
1249380 2736.6
1249390 2745.1
1249400 2746.8
1249410 2746.8
1249420 2749.1
1249430 2752.6
1249440 2752.6
1249450 2756.0
1249460 2763.0
1249470 2763.0
1249480 2765.7
1249490 2765.1
1249500 2772.2
1249510 2772.2
1249520 2780.3
1249530 2791.9
1249540 2791.9
1249550 2799.7
1249560 2807.1
1249570 2807.1
1249580 2812.9
1249590 2818.1
1249600 2818.1
1249610 2822.5
1249620 2827.0
1249630 2827.0
1249640 2832.0
1249650 2836.2
1249660 2836.2
1249670 2840.3
1249680 2846.9
1249690 2846.9
1249700 2852.7
1249710 2859.8
1249720 2868.0
1249730 2868.0
1249740 2873.4
1249750 2872.2
1249760 2872.2
1249770 2866.0
1249780 2864.5
1249790 2864.5
1249800 2865.6
1249810 2865.4
1249820 2865.4
1249830 2863.5
1249840 2859.0
1249850 2859.0
1249860 2853.5
1249870 2850.0
1249880 2850.0
1249890 2852.0
1249900 2852.4
1249910 2852.4
1249920 2852.9
1249930 2845.9
1249940 2840.3
1249950 2840.3
1249960 2831.5
1249970 2823.1
1249980 2823.1
1249990 2814.6
1250000 2806.0
1250010 2806.0
1250020 2797.8
1250030 2790.2
1250040 2790.2
1250050 2782.9
1250060 2775.8
1250070 2775.8
1250080 2769.2
1250090 2763.5
1250100 2763.5
1250110 2757.7
1250120 2751.5
1250130 2751.5
1250140 2748.4
1250150 2747.7
1250160 2747.1
1250170 2747.1
1250180 2743.8
1250190 2735.4
1250200 2735.4
1250210 2727.0
1250220 2718.9
1250230 2718.9
1250240 2711.3
1250250 2704.9
1250260 2704.9
1250270 2699.4
1250280 2692.0
1250290 2692.0
1250300 2683.0
1250310 2673.1
1250320 2673.1
1250330 2662.5
1250340 2651.1
1250350 2651.1
1250360 2642.0
1250370 2632.5
1250380 2621.1
1250390 2621.1
1250400 2614.4
1250410 2612.8
1250420 2612.8
1250430 2612.8
1250440 2613.1
1250450 2613.1
1250460 2609.2
1250470 2595.7
1250480 2595.7
1250490 2590.6
1250500 2585.4
1250510 2585.4
1250520 2575.3
1250530 2564.2
1250540 2564.2
1250550 2556.2
1250560 2550.4
1250570 2550.4
1250580 2544.9
1250590 2538.1
1250600 2531.8
1250610 2531.8
1250620 2522.7
1250630 2509.2
1250640 2509.2
1250650 2494.2
1250660 2486.1
1250670 2486.1
1250680 2477.9
1250690 2468.1
1250700 2468.1
1250710 2456.9
1250720 2443.8
1250730 2443.8
1250740 2433.3
1250750 2424.2
1250760 2424.2
1250770 2416.3
1250780 2408.2
1250790 2408.2
1250800 2401.1
1250810 2394.9
1250820 2388.4
1250830 2388.4
1250840 2381.3
1250850 2374.5
1250860 2374.5
1250870 2367.4
1250880 2360.5
1250890 2360.5
1250900 2353.9
1250910 2347.4
1250920 2347.4
1250930 2341.1
1250940 2334.9
1250950 2334.9
1250960 2329.2
1250970 2323.5
1250980 2323.5
1250990 2318.4
1251000 2313.5
1251010 2310.7
1251020 2305.6
1251030 2300.6
1251040 2300.6
1251050 2295.7
1251060 2290.8
1251070 2286.0
1251080 2286.0
1251090 2281.8
1251100 2278.0
1251110 2278.0
1251120 2273.8
1251130 2269.7
1251140 2269.7
1251150 2266.4
1251160 2263.6
1251170 2263.6
1251180 2262.1
1251190 2262.3
1251200 2262.3
1251210 2263.0
1251220 2264.8
1251230 2264.8
1251240 2267.0
1251250 2269.5
1251260 2269.5
1251270 2271.1
1251280 2267.9
1251290 2263.8
1251300 2263.8
1251310 2259.9
1251320 2254.4
1251330 2254.4
1251340 2248.8
1251350 2242.9
1251360 2242.9
1251370 2235.9
1251380 2228.2
1251390 2228.2
1251400 2220.9
1251410 2215.0
1251420 2215.0
1251430 2210.5
1251440 2205.7
1251450 2205.7
1251460 2201.8
1251470 2198.6
1251480 2198.6
1251490 2195.4
1251500 2190.7
1251510 2185.5
1251520 2185.5
1251530 2180.3
1251540 2175.7
1251550 2175.7
1251560 2173.4
1251570 2167.4
1251580 2167.4
1251590 2160.6
1251600 2151.8
1251610 2151.8
1251620 2143.8
1251630 2137.5
1251640 2137.5
1251650 2132.0
1251660 2126.1
1251670 2126.1
1251680 2121.6
1251690 2117.2
1251700 2117.2
1251710 2111.9
1251720 2109.8
1251730 2109.2
1251740 2109.2
1251750 2107.9
1251760 2105.5
1251770 2105.5
1251780 2102.3
1251790 2098.6
1251800 2098.6
1251810 2092.7
1251820 2083.8
1251830 2083.8
1251840 2079.2
1251850 2076.1
1251860 2076.1
1251870 2071.9
1251880 2066.2
1251890 2066.2
1251900 2058.0
1251910 2051.4
1251920 2051.4
1251930 2044.6
1251940 2037.4
1251950 2030.3
1251960 2030.3
1251970 2023.8
1251980 2016.6
1251990 2016.6
1252000 2009.3
1252010 2003.2
1252020 2003.2
1252030 1996.8
1252040 1991.3
1252050 1991.3
1252060 1985.8
1252070 1980.9
1252080 1980.9
1252090 1975.2
1252100 1973.1
1252110 1973.1
1252120 1968.3
1252130 1960.8
1252140 1960.8
1252150 1952.5
1252160 1944.8
1252170 1938.4
1252180 1938.4
1252190 1932.4
1252200 1926.4
1252210 1926.4
1252220 1919.3
1252230 1911.5
1252240 1911.5
1252250 1903.0
1252260 1894.9
1252270 1894.9
1252280 1890.1
1252290 1887.8
1252300 1887.8
1252310 1883.9
1252320 1881.6
1252330 1881.6
1252340 1878.3
1252350 1875.8
1252360 1875.8
1252370 1873.8
1252380 1869.4
1252390 1865.1
1252400 1865.1
1252410 1860.2
1252420 1854.9
1252430 1854.9
1252440 1849.3
1252450 1843.8
1252460 1843.8
1252470 1840.5
1252480 1838.4
1252490 1838.4
1252500 1835.3
1252510 1831.0
1252520 1831.0
1252530 1825.4
1252540 1817.5
1252550 1817.5
1252560 1809.4
1252570 1802.2
1252580 1802.2
1252590 1796.3
1252600 1791.6
1252610 1788.4
1252620 1788.4
1252630 1785.3
1252640 1780.1
1252650 1778.5
1252660 1773.5
1252670 1768.8
1252680 1768.8
1252690 1764.9
1252700 1759.6
1252710 1759.6
1252720 1753.6
1252730 1748.8
1252740 1748.8
1252750 1745.4
1252760 1740.1
1252770 1740.1
1252780 1735.1
1252790 1730.1
1252800 1730.1
1252810 1724.0
1252820 1718.4
1252830 1713.1
1252840 1713.1
1252850 1708.2
1252860 1703.0
1252870 1703.0
1252880 1697.9
1252890 1693.7
1252900 1693.7
1252910 1689.7
1252920 1685.1
1252930 1685.1
1252940 1680.6
1252950 1676.6
1252960 1676.6
1252970 1673.4
1252980 1669.9
1252990 1669.9
1253000 1665.0
1253010 1659.8
1253020 1659.8
1253030 1655.1
1253040 1649.7
1253050 1644.8
1253060 1644.8
1253070 1638.9
1253080 1633.7
1253090 1633.7
1253100 1628.5
1253110 1622.6
1253120 1622.6
1253130 1616.2
1253140 1609.2
1253150 1609.2
1253160 1603.6
1253170 1597.2
1253180 1597.2
1253190 1590.3
1253200 1582.8
1253210 1582.8
1253220 1577.4
1253230 1573.2
1253240 1573.2
1253250 1570.1
1253260 1567.5
1253270 1564.0
1253280 1564.0
1253290 1558.9
1253300 1553.1
1253310 1553.1
1253320 1547.2
1253330 1541.4
1253340 1541.4
1253350 1537.0
1253360 1533.5
1253370 1533.5
1253380 1529.9
1253390 1527.4
1253400 1527.4
1253410 1524.2
1253420 1522.6
1253430 1522.6
1253440 1521.2
1253450 1517.6
1253460 1517.6
1253470 1513.0
1253480 1508.3
1253490 1504.3
1253500 1504.3
1253510 1501.4
1253520 1499.2
1253530 1499.2
1253540 1494.6
1253550 1488.6
1253560 1488.6
1253570 1482.4
1253580 1479.0
1253590 1479.0
1253600 1478.4
1253610 1478.7
1253620 1478.7
1253630 1474.7
1253640 1466.8
1253650 1466.8
1253660 1457.0
1253670 1447.7
1253680 1447.7
1253690 1439.2
1253700 1431.7
1253710 1425.6
1253720 1425.6
1253730 1420.7
1253740 1416.3
1253750 1412.1
1253760 1407.2
1253770 1401.7
1253780 1401.7
1253790 1395.4
1253800 1389.2
1253810 1389.2
1253820 1383.4
1253830 1378.3
1253840 1378.3
1253850 1374.5
1253860 1372.0
1253870 1372.0
1253880 1369.7
1253890 1366.7
1253900 1366.7
1253910 1362.6
1253920 1357.9
1253930 1353.1
1253940 1353.1
1253950 1348.1
1253960 1342.9
1253970 1342.9
1253980 1337.7
1253990 1332.6
1254000 1332.6
1254010 1327.2
1254020 1322.2
1254030 1322.2
1254040 1317.6
1254050 1312.9
1254060 1312.9
1254070 1308.6
1254080 1305.4
1254090 1305.4
1254100 1302.4
1254110 1299.4
1254120 1299.4
1254130 1296.4
1254140 1294.0
1254150 1292.8
1254160 1292.8
1254170 1291.3
1254180 1287.0
1254190 1287.0
1254200 1282.7
1254210 1277.5
1254220 1277.5
1254230 1272.4
1254240 1267.9
1254250 1267.9
1254260 1264.5
1254270 1262.7
1254280 1262.7
1254290 1260.9
1254300 1256.2
1254310 1256.2
1254320 1255.0
1254330 1252.9
1254340 1252.9
1254350 1251.4
1254360 1246.4
1254370 1237.6
1254380 1237.6
1254390 1231.6
1254400 1226.4
1254410 1226.4
1254420 1221.4
1254430 1216.4
1254440 1216.4
1254450 1212.2
1254460 1208.6
1254470 1208.6
1254480 1206.3
1254490 1204.2
1254500 1204.2
1254510 1201.1
1254520 1197.8
1254530 1197.8
1254540 1194.0
1254550 1190.7
1254560 1190.7
1254570 1187.4
1254580 1185.6
1254590 1184.6
1254600 1184.6
1254610 1181.9
1254620 1178.3
1254630 1178.3
1254640 1176.2
1254650 1175.5
1254660 1175.5
1254670 1173.8
1254680 1171.3
1254690 1171.3
1254700 1167.6
1254710 1163.0
1254720 1163.0
1254730 1157.7
1254740 1154.5
1254750 1154.5
1254760 1152.5
1254770 1151.0
1254780 1151.0
1254790 1149.1
1254800 1146.3
1254810 1146.3
1254820 1141.8
1254830 1136.2
1254840 1130.4
1254850 1122.5
1254860 1115.7
1254870 1108.9
1254880 1108.9
1254890 1102.2
1254900 1095.5
1254910 1095.5
1254920 1089.5
1254930 1083.8
1254940 1083.8
1254950 1078.7
1254960 1075.6
1254970 1075.6
1254980 1074.1
1254990 1071.8
1255000 1071.8
1255010 1071.0
1255020 1070.4
1255030 1070.4
1255040 1069.3
1255050 1067.2
1255060 1065.6
1255070 1065.6
1255080 1065.4
1255090 1067.0
1255100 1067.0
1255110 1068.0
1255120 1067.9
1255130 1067.9
1255140 1070.1
1255150 1072.0
1255160 1072.0
1255170 1075.7
1255180 1080.9
1255190 1080.9
1255200 1085.6
1255210 1089.9
1255220 1089.9
1255230 1095.5
1255240 1100.6
1255250 1100.6
1255260 1105.9
1255270 1112.2
1255280 1118.1
1255290 1118.1
1255300 1124.4
1255310 1130.0
1255320 1130.0
1255330 1135.6
1255340 1141.8
1255350 1141.8
1255360 1147.8
1255370 1154.8
1255380 1154.8
1255390 1162.4
1255400 1173.9
1255410 1173.9
1255420 1181.9
1255430 1189.9
1255440 1189.9
1255450 1199.1
1255460 1207.0
1255470 1207.0
1255480 1213.3
1255490 1220.4
1255500 1225.9
1255510 1225.9
1255520 1232.8
1255530 1251.0
1255540 1251.0
1255550 1270.4
1255560 1279.6
1255570 1279.6
1255580 1284.8
1255590 1297.9
1255600 1297.9
1255610 1308.9
1255620 1313.9
1255630 1313.9
1255640 1319.0
1255650 1323.6
1255660 1323.6
1255670 1327.5
1255680 1332.6
1255690 1332.6
1255700 1343.4
1255710 1350.7
1255720 1351.8
1255730 1351.8
1255740 1351.8
1255750 1343.5
1255760 1343.5
1255770 1336.5
1255780 1328.0
1255790 1328.0
1255800 1323.0
1255810 1313.7
1255820 1313.7
1255830 1311.0
1255840 1331.7
1255850 1331.7
1255860 1356.0
1255870 1375.5
1255880 1375.5
1255890 1389.4
1255900 1400.5
1255910 1400.5
1255920 1417.1
1255930 1436.4
1255940 1441.2
1255950 1449.0
1255960 1446.0
1255970 1443.5
1255980 1443.5
1255990 1443.0
1256000 1444.9
1256010 1444.9
1256020 1448.5
1256030 1452.6
1256040 1452.6
1256050 1456.5
1256060 1461.4
1256070 1461.4
1256080 1464.5
1256090 1466.2
1256100 1466.2
1256110 1467.9
1256120 1473.0
1256130 1473.0
1256140 1476.9
1256150 1481.1
1256160 1486.4
1256170 1486.4
1256180 1492.3
1256190 1502.2
1256200 1502.2
1256210 1512.4
1256220 1516.9
1256230 1516.9
1256240 1520.7
1256250 1525.2
1256260 1525.2
1256270 1531.2
1256280 1539.0
1256290 1539.0
1256300 1545.3
1256310 1551.0
1256320 1551.0
1256330 1557.9
1256340 1567.8
1256350 1567.8
1256360 1577.2
1256370 1584.9
1256380 1595.3
1256390 1595.3
1256400 1604.1
1256410 1609.8
1256420 1609.8
1256430 1618.6
1256440 1629.7
1256450 1629.7
1256460 1639.3
1256470 1650.6
1256480 1650.6
1256490 1657.7
1256500 1660.7
1256510 1663.7
1256520 1668.6
1256530 1672.6
1256540 1672.6
1256550 1679.9
1256560 1690.8
1256570 1690.8
1256580 1696.5
1256590 1693.2
1256600 1690.2
1256610 1690.2
1256620 1691.6
1256630 1697.0
1256640 1697.0
1256650 1701.5
1256660 1714.5
1256670 1714.5
1256680 1736.2
1256690 1752.4
1256700 1752.4
1256710 1768.1
1256720 1782.2
1256730 1782.2
1256740 1795.1
1256750 1803.3
1256760 1803.3
1256770 1812.1
1256780 1819.9
1256790 1819.9
1256800 1823.5
1256810 1825.6
1256820 1828.3
1256830 1828.3
1256840 1831.9
1256850 1836.1
1256860 1836.1
1256870 1840.9
1256880 1845.8
1256890 1845.8
1256900 1851.2
1256910 1856.4
1256920 1856.4
1256930 1862.2
1256940 1867.0
1256950 1867.0
1256960 1869.1
1256970 1869.9
1256980 1869.9
1256990 1872.1
1257000 1875.1
1257010 1875.1
1257020 1876.5
1257030 1875.4
1257040 1875.7
1257050 1875.7
1257060 1877.8
1257070 1882.3
1257080 1882.3
1257090 1884.8
1257100 1887.2
1257110 1887.2
1257120 1889.4
1257130 1891.2
1257140 1891.2
1257150 1894.2
1257160 1898.2
1257170 1898.2
1257180 1903.4
1257190 1910.6
1257200 1910.6
1257210 1919.9
1257220 1928.9
1257230 1928.9
1257240 1937.0
1257250 1945.0
1257260 1955.0
1257270 1955.0
1257280 1965.2
1257290 1973.5
1257300 1973.5
1257310 1981.3
1257320 1989.6
1257330 1989.6
1257340 1997.9
1257350 2005.8
1257360 2005.8
1257370 2013.9
1257380 2022.1
1257390 2022.1
1257400 2030.6
1257410 2039.3
1257420 2039.3
1257430 2047.4
1257440 2055.2
1257450 2055.2
1257460 2062.8
1257470 2070.0
1257480 2077.2
1257490 2077.2
1257500 2082.6
1257510 2086.6
1257520 2086.6
1257530 2089.1
1257540 2091.8
1257550 2091.8
1257560 2094.2
1257570 2095.2
1257580 2095.2
1257590 2095.1
1257600 2094.2
1257610 2094.2
1257620 2098.1
1257630 2097.7
1257640 2097.7
1257650 2099.3
1257660 2100.1
1257670 2100.1
1257680 2099.2
1257690 2097.7
1257700 2096.2
1257710 2096.2
1257720 2093.7
1257730 2088.8
1257740 2088.8
1257750 2084.1
1257760 2080.1
1257770 2080.1
1257780 2078.0
1257790 2073.2
1257800 2073.2
1257810 2069.4
1257820 2065.9
1257830 2065.9
1257840 2065.5
1257850 2060.7
1257860 2060.7
1257870 2058.1
1257880 2056.4
1257890 2056.4
1257900 2054.9
1257910 2054.2
1257920 2052.9
1257930 2052.9
1257940 2051.2
1257950 2048.2
1257960 2048.2
1257970 2045.0
1257980 2042.7
1257990 2042.7
1258000 2041.3
1258010 2041.6
1258020 2041.6
1258030 2043.9
1258040 2046.0
1258050 2046.0
1258060 2045.5
1258070 2044.8
1258080 2044.8
1258090 2048.0
1258100 2049.7
1258110 2049.7
1258120 2049.3
1258130 2050.8
1258140 2049.6
1258150 2049.6
1258160 2047.2
1258170 2046.4
1258180 2055.4
1258190 2063.8
1258200 2062.9
1258210 2062.9
1258220 2056.1
1258230 2053.4
1258240 2053.4
1258250 2055.5
1258260 2059.7
1258270 2059.7
1258280 2054.3
1258290 2046.5
1258300 2046.5
1258310 2040.2
1258320 2033.6
1258330 2033.6
1258340 2025.4
1258350 2017.9
1258360 2013.4
1258370 2013.4
1258380 2010.4
1258390 2006.6
1258400 2006.6
1258410 2004.6
1258420 2005.1
1258430 2005.1
1258440 2007.6
1258450 2009.5
1258460 2009.5
1258470 2011.1
1258480 2011.8
1258490 2011.8
1258500 2012.2
1258510 2013.8
1258520 2013.8
1258530 2016.5
1258540 2018.2
1258550 2018.2
1258560 2019.9
1258570 2022.9
1258580 2022.9
1258590 2024.1
1258600 2025.5
1258610 2027.1
1258620 2027.1
1258630 2029.7
1258640 2033.0
1258650 2033.0
1258660 2036.3
1258670 2039.9
1258680 2039.9
1258690 2044.1
1258700 2048.7
1258710 2048.7
1258720 2053.6
1258730 2058.8
1258740 2060.1
1258750 2065.9
1258760 2071.7
1258770 2071.7
1258780 2077.4
1258790 2083.2
1258800 2083.2
1258810 2088.7
1258820 2094.3
1258830 2100.0
1258840 2100.0
1258850 2105.6
1258860 2111.2
1258870 2111.2
1258880 2117.6
1258890 2124.1
1258900 2124.1
1258910 2130.4
1258920 2136.9
1258930 2136.9
1258940 2143.5
1258950 2150.1
1258960 2150.1
1258970 2156.6
1258980 2163.0
1258990 2163.0
1259000 2169.2
1259010 2175.3
1259020 2175.3
1259030 2181.5
1259040 2187.9
1259050 2195.3
1259060 2195.3
1259070 2205.4
1259080 2218.9
1259090 2218.9
1259100 2230.9
1259110 2237.5
1259120 2237.5
1259130 2242.8
1259140 2251.2
1259150 2251.2
1259160 2262.7
1259170 2274.1
1259180 2274.1
1259190 2283.1
1259200 2288.9
1259210 2288.9
1259220 2293.6
1259230 2298.8
1259240 2298.8
1259250 2305.0
1259260 2311.9
1259270 2322.7
1259280 2322.7
1259290 2350.5
1259300 2359.7
1259310 2337.0
1259320 2351.1
1259330 2358.9
1259340 2358.9
1259350 2365.5
1259360 2417.0
1259370 2417.0
1259380 2465.6
1259390 2449.8
1259400 2449.8
1259410 2416.3
1259420 2418.2
1259430 2418.2
1259440 2421.1
1259450 2425.9
1259460 2425.9
1259470 2432.8
1259480 2441.7
1259490 2447.2
1259500 2447.2
1259510 2441.4
1259520 2434.5
1259530 2434.5
1259540 2430.3
1259550 2421.8
1259560 2421.8
1259570 2416.1
1259580 2404.4
1259590 2404.4
1259600 2390.4
1259610 2391.4
1259620 2391.4
1259630 2398.3
1259640 2391.2
1259650 2391.2
1259660 2383.5
1259670 2369.3
1259680 2369.3
1259690 2345.5
1259700 2334.0
1259710 2323.9
1259720 2323.9
1259730 2318.9
1259740 2314.1
1259750 2314.1
1259760 2298.3
1259770 2287.9
1259780 2287.9
1259790 2280.0
1259800 2272.7
1259810 2272.7
1259820 2265.1
1259830 2256.8
1259840 2256.8
1259850 2250.0
1259860 2245.0
1259870 2236.7
1259880 2228.2
1259890 2220.5
1259900 2220.5
1259910 2213.6
1259920 2206.5
1259930 2198.0
1259940 2198.0
1259950 2190.5
1259960 2182.9
1259970 2182.9
1259980 2174.5
1259990 2166.7
