1240000 2800.2
1240010 2801.0
1240020 2801.0
1240030 2805.7
1240040 2807.9
1240050 2807.9
1240060 2810.3
1240070 2812.5
1240080 2812.5
1240090 2814.6
1240100 2816.8
1240110 2816.8
1240120 2819.5
1240130 2822.5
1240140 2822.5
1240150 2826.0
1240160 2829.4
1240170 2829.4
1240180 2837.7
1240190 2851.4
1240200 2865.9
1240210 2865.9
1240220 2874.7
1240230 2882.2
1240240 2882.2
1240250 2889.7
1240260 2899.0
1240270 2899.0
1240280 2904.3
1240290 2908.8
1240300 2908.8
1240310 2913.2
1240320 2919.5
1240330 2919.5
1240340 2923.6
1240350 2918.8
1240360 2918.8
1240370 2911.2
1240380 2904.6
1240390 2904.6
1240400 2894.5
1240410 2882.3
1240420 2872.9
1240430 2872.9
1240440 2864.4
1240450 2856.0
1240460 2856.0
1240470 2846.1
1240480 2837.5
1240490 2837.5
1240500 2829.9
1240510 2821.9
1240520 2821.9
1240530 2814.0
1240540 2806.4
1240550 2804.9
1240560 2797.6
1240570 2790.1
1240580 2790.1
1240590 2782.9
1240600 2775.4
1240610 2775.4
1240620 2767.6
1240630 2759.7
1240640 2759.7
1240650 2752.5
1240660 2745.8
1240670 2740.4
1240680 2740.4
1240690 2736.2
1240700 2731.5
1240710 2731.5
1240720 2726.6
1240730 2722.2
1240740 2722.2
1240750 2718.5
1240760 2716.3
1240770 2716.3
1240780 2714.5
1240790 2711.8
1240800 2711.8
1240810 2708.4
1240820 2704.9
1240830 2704.9
1240840 2701.7
1240850 2699.5
1240860 2699.5
1240870 2698.1
1240880 2697.4
1240890 2698.2
1240900 2698.2
1240910 2698.8
1240920 2698.0
1240930 2698.0
1240940 2696.0
1240950 2691.2
1240960 2691.2
1240970 2686.5
1240980 2682.2
1240990 2682.2
1241000 2678.7
1241010 2676.7
1241020 2676.7
1241030 2674.4
1241040 2673.1
1241050 2673.1
1241060 2672.7
1241070 2666.4
1241080 2666.4
1241090 2660.1
1241100 2653.7
1241110 2648.7
1241120 2648.7
1241130 2644.9
1241140 2642.2
1241150 2642.2
1241160 2640.0
1241170 2637.0
1241180 2637.0
1241190 2634.6
1241200 2632.6
1241210 2632.6
1241220 2630.1
1241230 2624.8
1241240 2624.8
1241250 2618.4
1241260 2614.2
1241270 2614.2
1241280 2609.9
1241290 2606.1
1241300 2606.1
1241310 2602.6
1241320 2598.9
1241330 2595.3
1241340 2595.3
1241350 2592.7
1241360 2590.4
1241370 2590.4
1241380 2588.5
1241390 2587.3
1241400 2587.3
1241410 2585.7
1241420 2583.2
1241430 2583.2
1241440 2580.9
1241450 2578.8
1241460 2578.8
1241470 2576.9
1241480 2575.6
1241490 2575.6
1241500 2576.0
1241510 2576.7
1241520 2576.7
1241530 2577.8
1241540 2579.7
1241550 2579.5
1241560 2579.5
1241570 2579.7
1241580 2580.1
1241590 2573.7
1241600 2574.3
1241610 2575.0
1241620 2575.0
1241630 2577.4
1241640 2581.3
1241650 2581.3
1241660 2584.8
1241670 2588.3
1241680 2588.3
1241690 2591.4
1241700 2593.2
1241710 2593.2
1241720 2593.5
1241730 2592.1
1241740 2592.1
1241750 2591.2
1241760 2590.9
1241770 2592.9
1241780 2592.9
1241790 2595.5
1241800 2599.7
1241810 2599.7
1241820 2609.7
1241830 2615.4
1241840 2615.4
1241850 2616.0
1241860 2611.3
1241870 2611.3
1241880 2610.4
1241890 2609.1
1241900 2609.1
1241910 2602.2
1241920 2592.4
1241930 2592.4
1241940 2586.3
1241950 2584.0
1241960 2584.0
1241970 2583.2
1241980 2578.4
1241990 2577.9
1242000 2577.9
1242010 2580.2
1242020 2584.8
1242030 2584.8
1242040 2586.9
1242050 2583.0
1242060 2583.0
1242070 2577.3
1242080 2575.8
1242090 2575.8
1242100 2573.1
1242110 2558.7
1242120 2558.7
1242130 2554.2
1242140 2549.0
1242150 2549.0
1242160 2548.5
1242170 2546.7
1242180 2546.7
1242190 2541.1
1242200 2533.4
1242210 2524.9
1242220 2524.9
1242230 2517.8
1242240 2513.8
1242250 2513.8
1242260 2511.8
1242270 2509.9
1242280 2509.9
1242290 2506.1
1242300 2500.0
1242310 2500.0
1242320 2495.5
1242330 2490.0
1242340 2490.0
1242350 2484.6
1242360 2480.9
1242370 2480.9
1242380 2477.9
1242390 2475.4
1242400 2475.4
1242410 2472.6
1242420 2470.1
1242430 2466.7
1242440 2466.7
1242450 2463.2
1242460 2460.1
1242470 2460.1
1242480 2456.9
1242490 2453.7
1242500 2453.7
1242510 2450.9
1242520 2448.9
1242530 2448.9
1242540 2445.9
1242550 2441.4
1242560 2441.4
1242570 2435.7
1242580 2429.9
1242590 2429.9
1242600 2423.9
1242610 2418.3
1242620 2418.3
1242630 2411.6
1242640 2401.5
1242650 2395.7
1242660 2395.7
1242670 2390.6
1242680 2385.3
1242690 2385.3
1242700 2379.7
1242710 2374.0
1242720 2374.0
1242730 2368.6
1242740 2363.9
1242750 2363.9
1242760 2359.6
1242770 2357.1
1242780 2357.1
1242790 2354.8
1242800 2351.5
1242810 2351.5
1242820 2348.2
1242830 2345.3
1242840 2345.3
1242850 2341.8
1242860 2338.4
1242870 2338.4
1242880 2334.9
1242890 2330.9
1242900 2326.5
1242910 2326.5
1242920 2321.4
1242930 2315.5
1242940 2315.5
1242950 2309.2
1242960 2302.8
1242970 2302.8
1242980 2296.3
1242990 2289.0
1243000 2289.0
1243010 2281.7
1243020 2274.9
1243030 2274.9
1243040 2268.2
1243050 2262.5
1243060 2262.5
1243070 2257.8
1243080 2253.3
1243090 2253.3
1243100 2249.2
1243110 2246.1
1243120 2243.6
1243130 2243.6
1243140 2240.8
1243150 2236.7
1243160 2230.2
1243170 2219.7
1243180 2209.2
1243190 2209.2
1243200 2198.3
1243210 2186.7
1243220 2186.7
1243230 2179.5
1243240 2176.2
1243250 2176.2
1243260 2172.8
1243270 2169.8
1243280 2169.8
1243290 2167.0
1243300 2164.1
1243310 2164.1
1243320 2160.8
1243330 2158.3
1243340 2156.3
1243350 2156.3
1243360 2155.1
1243370 2154.3
1243380 2154.3
1243390 2153.0
1243400 2149.1
1243410 2149.1
1243420 2143.0
1243430 2138.8
1243440 2138.8
1243450 2134.7
1243460 2130.8
1243470 2130.8
1243480 2127.2
1243490 2122.0
1243500 2122.0
1243510 2116.0
1243520 2110.0
1243530 2110.0
1243540 2103.1
1243550 2099.9
1243560 2097.5
1243570 2097.5
1243580 2096.4
1243590 2095.3
1243600 2095.3
1243610 2092.5
1243620 2090.2
1243630 2090.2
1243640 2093.2
1243650 2094.7
1243660 2094.7
1243670 2097.8
1243680 2096.1
1243690 2097.9
1243700 2092.1
1243710 2086.0
1243720 2086.0
1243730 2088.8
1243740 2088.8
1243750 2088.8
1243760 2084.1
1243770 2081.5
1243780 2080.0
1243790 2080.0
1243800 2081.7
1243810 2084.6
1243820 2084.6
1243830 2087.3
1243840 2087.6
1243850 2087.6
1243860 2086.7
1243870 2087.1
1243880 2087.1
1243890 2087.6
1243900 2088.8
1243910 2088.8
1243920 2095.0
1243930 2096.5
1243940 2096.5
1243950 2090.7
1243960 2086.5
1243970 2086.5
1243980 2089.1
1243990 2087.1
1244000 2082.0
1244010 2082.0
1244020 2082.0
1244030 2082.1
1244040 2082.1
1244050 2082.9
1244060 2086.6
1244070 2086.6
1244080 2087.4
1244090 2089.4
1244100 2089.4
1244110 2094.0
1244120 2099.8
1244130 2099.8
1244140 2102.6
1244150 2105.5
1244160 2105.5
1244170 2109.6
1244180 2111.8
1244190 2111.8
1244200 2113.6
1244210 2122.6
1244220 2124.8
1244230 2124.8
1244240 2125.1
1244250 2126.9
1244260 2126.9
1244270 2128.3
1244280 2128.7
1244290 2128.7
1244300 2130.8
1244310 2134.0
1244320 2134.0
1244330 2139.2
1244340 2143.1
1244350 2143.1
1244360 2147.1
1244370 2150.7
1244380 2150.7
1244390 2154.8
1244400 2157.9
1244410 2157.9
1244420 2159.5
1244430 2159.8
1244440 2159.8
1244450 2159.8
1244460 2159.4
1244470 2158.5
1244480 2158.5
1244490 2157.0
1244500 2155.3
1244510 2155.3
1244520 2153.2
1244530 2149.9
1244540 2149.9
1244550 2146.2
1244560 2142.9
1244570 2142.9
1244580 2139.7
1244590 2136.2
1244600 2136.2
1244610 2133.4
1244620 2129.9
1244630 2129.9
1244640 2126.8
1244650 2124.8
1244660 2120.5
1244670 2120.5
1244680 2116.5
1244690 2112.1
1244700 2112.1
1244710 2107.1
1244720 2101.5
1244730 2101.5
1244740 2100.1
1244750 2095.1
1244760 2095.1
1244770 2089.0
1244780 2083.4
1244790 2083.4
1244800 2077.1
1244810 2070.2
1244820 2070.2
1244830 2064.4
1244840 2054.7
1244850 2054.7
1244860 2041.5
1244870 2026.9
1244880 2020.0
1244890 2020.0
1244900 2018.2
1244910 2014.1
1244920 2014.1
1244930 2009.2
1244940 2003.6
1244950 2003.6
1244960 1998.0
1244970 1992.9
1244980 1992.9
1244990 1988.5
1245000 1984.5
1245010 1984.5
1245020 1981.0
1245030 1977.0
1245040 1977.0
1245050 1973.5
1245060 1970.5
1245070 1970.5
1245080 1967.9
1245090 1965.3
1245100 1962.3
1245110 1962.3
1245120 1960.0
1245130 1957.7
1245140 1957.7
1245150 1955.6
1245160 1953.4
1245170 1953.4
1245180 1951.8
1245190 1950.0
1245200 1950.0
1245210 1947.8
1245220 1945.7
1245230 1945.7
1245240 1939.8
1245250 1930.6
1245260 1930.6
1245270 1922.8
1245280 1915.4
1245290 1915.4
1245300 1912.6
1245310 1915.4
1245320 1918.3
1245330 1918.3
1245340 1920.6
1245350 1922.9
1245360 1922.9
1245370 1925.9
1245380 1930.3
1245390 1930.3
1245400 1933.1
1245410 1931.0
1245420 1931.0
1245430 1929.9
1245440 1929.2
1245450 1929.2
1245460 1930.2
1245470 1931.4
1245480 1931.4
1245490 1934.1
1245500 1938.1
1245510 1938.1
1245520 1939.5
1245530 1941.1
1245540 1941.1
1245550 1940.7
1245560 1941.1
1245570 1940.0
1245580 1940.0
1245590 1937.9
1245600 1935.5
1245610 1935.5
1245620 1936.9
1245630 1937.2
1245640 1937.2
1245650 1934.7
1245660 1929.8
1245670 1929.8
1245680 1924.7
1245690 1921.5
1245700 1921.5
1245710 1921.0
1245720 1926.4
1245730 1926.4
1245740 1934.6
1245750 1943.3
1245760 1943.3
1245770 1952.9
1245780 1962.1
1245790 1968.7
1245800 1970.3
1245810 1974.3
1245820 1976.6
1245830 1976.6
1245840 1978.7
1245850 1980.6
1245860 1980.6
1245870 1982.4
1245880 1983.7
1245890 1983.7
1245900 1982.8
1245910 1981.8
1245920 1981.8
1245930 1982.7
1245940 1984.8
1245950 1984.8
1245960 1986.7
1245970 1988.2
1245980 1988.2
1245990 1989.9
1246000 1991.4
1246010 1992.7
1246020 1992.7
1246030 1994.8
1246040 1998.0
1246050 1998.0
1246060 2003.4
1246070 2009.9
1246080 2009.9
1246090 2016.1
1246100 2020.5
1246110 2020.5
1246120 2025.3
1246130 2031.7
1246140 2031.7
1246150 2039.7
1246160 2047.2
1246170 2047.2
1246180 2052.7
1246190 2057.9
1246200 2057.9
1246210 2063.9
1246220 2069.6
1246230 2074.8
1246240 2074.8
1246250 2081.0
1246260 2088.1
1246270 2088.1
1246280 2094.7
1246290 2099.7
1246300 2099.7
1246310 2102.9
1246320 2104.4
1246330 2105.6
1246340 2107.4
1246350 2109.6
1246360 2109.6
1246370 2111.8
1246380 2114.8
1246390 2114.8
1246400 2119.2
1246410 2123.3
1246420 2123.3
1246430 2126.9
1246440 2130.8
1246450 2135.3
1246460 2135.3
1246470 2140.9
1246480 2149.0
1246490 2149.0
1246500 2163.2
1246510 2174.4
1246520 2174.4
1246530 2181.5
1246540 2188.2
1246550 2188.2
1246560 2194.9
1246570 2201.7
1246580 2201.7
1246590 2209.7
1246600 2217.3
1246610 2217.3
1246620 2224.1
1246630 2231.8
1246640 2231.8
1246650 2240.1
1246660 2250.0
1246670 2259.6
1246680 2259.6
1246690 2268.7
1246700 2280.0
1246710 2280.0
1246720 2290.3
1246730 2298.8
1246740 2298.8
1246750 2307.6
1246760 2314.4
1246770 2314.4
1246780 2320.4
1246790 2327.6
1246800 2327.6
1246810 2335.2
1246820 2342.3
1246830 2342.3
1246840 2347.4
1246850 2350.2
1246860 2350.2
1246870 2362.8
1246880 2366.0
1246890 2370.5
1246900 2370.5
1246910 2374.1
1246920 2374.1
1246930 2374.1
1246940 2370.0
1246950 2362.0
1246960 2362.0
1246970 2354.8
1246980 2348.5
1246990 2348.5
1247000 2336.3
1247010 2322.0
1247020 2322.0
1247030 2309.4
1247040 2294.6
1247050 2294.6
1247060 2282.8
1247070 2275.5
1247080 2275.5
1247090 2266.5
1247100 2254.6
1247110 2243.9
1247120 2243.9
1247130 2234.7
1247140 2227.7
1247150 2227.7
1247160 2221.2
1247170 2217.1
1247180 2217.1
1247190 2218.1
1247200 2220.5
1247210 2220.5
1247220 2222.8
1247230 2225.3
1247240 2225.3
1247250 2227.4
1247260 2229.4
1247270 2229.4
1247280 2231.5
1247290 2233.2
1247300 2233.2
1247310 2234.9
1247320 2236.8
1247330 2239.0
1247340 2239.0
1247350 2241.2
1247360 2243.3
1247370 2243.3
1247380 2245.0
1247390 2246.4
1247400 2250.6
1247410 2252.2
1247420 2253.4
1247430 2253.4
1247440 2253.9
1247450 2254.2
1247460 2254.2
1247470 2254.7
1247480 2255.1
1247490 2255.1
1247500 2255.8
1247510 2255.7
1247520 2255.7
1247530 2255.7
1247540 2255.8
1247550 2256.7
1247560 2256.7
1247570 2257.4
1247580 2258.5
1247590 2258.5
1247600 2260.2
1247610 2264.7
1247620 2264.7
1247630 2270.5
1247640 2276.4
1247650 2276.4
1247660 2282.9
1247670 2289.5
1247680 2289.5
1247690 2296.2
1247700 2302.8
1247710 2302.8
1247720 2309.6
1247730 2316.2
1247740 2316.2
1247750 2322.1
1247760 2328.7
1247770 2339.2
1247780 2339.2
1247790 2350.5
1247800 2362.5
1247810 2362.5
1247820 2373.5
1247830 2384.3
1247840 2384.3
1247850 2396.8
1247860 2403.4
1247870 2403.4
1247880 2404.3
1247890 2404.2
1247900 2404.2
1247910 2405.0
1247920 2413.0
1247930 2413.0
1247940 2422.1
1247950 2420.1
1247960 2420.1
1247970 2416.9
1247980 2413.5
1247990 2413.5
1248000 2407.6
1248010 2402.0
1248020 2402.1
1248030 2402.1
1248040 2401.4
1248050 2401.4
1248060 2401.4
1248070 2402.1
1248080 2401.0
1248090 2401.0
1248100 2397.1
1248110 2392.0
1248120 2392.0
1248130 2391.6
1248140 2393.3
1248150 2393.3
1248160 2397.7
1248170 2402.6
1248180 2402.6
1248190 2406.9
1248200 2405.6
1248210 2405.6
1248220 2403.7
1248230 2403.9
1248240 2410.3
1248250 2410.3
1248260 2412.7
1248270 2411.6
1248280 2411.6
1248290 2412.8
1248300 2413.3
1248310 2413.3
1248320 2412.7
1248330 2405.4
1248340 2405.4
1248350 2403.2
1248360 2403.3
1248370 2403.3
1248380 2405.2
1248390 2414.0
1248400 2414.0
1248410 2422.6
1248420 2428.1
1248430 2428.1
1248440 2433.7
1248450 2440.1
1248460 2446.8
1248470 2453.8
1248480 2459.4
1248490 2464.9
1248500 2464.9
1248510 2469.5
1248520 2474.0
1248530 2474.0
1248540 2477.7
1248550 2477.7
1248560 2477.7
1248570 2476.4
1248580 2479.8
1248590 2479.8
1248600 2480.6
1248610 2485.2
1248620 2485.2
1248630 2490.0
1248640 2494.4
1248650 2494.4
1248660 2496.6
1248670 2503.0
1248680 2505.1
1248690 2505.1
1248700 2509.0
1248710 2506.3
1248720 2506.3
1248730 2500.7
1248740 2497.2
1248750 2497.2
1248760 2497.3
1248770 2497.8
1248780 2497.8
1248790 2498.4
1248800 2498.5
1248810 2498.5
1248820 2498.8
1248830 2498.6
1248840 2498.6
1248850 2498.1
1248860 2496.8
1248870 2496.8
1248880 2495.2
1248890 2494.2
1248900 2493.2
1248910 2493.2
1248920 2491.8
1248930 2494.4
1248940 2494.4
1248950 2502.4
1248960 2509.9
1248970 2509.9
1248980 2516.0
1248990 2520.4
1249000 2520.4
1249010 2531.6
1249020 2534.3
1249030 2534.3
1249040 2535.8
1249050 2537.3
1249060 2537.3
1249070 2538.6
1249080 2535.0
1249090 2535.0
1249100 2530.8
1249110 2529.7
1249120 2528.4
1249130 2528.4
1249140 2525.8
1249150 2524.8
1249160 2524.8
1249170 2520.3
1249180 2514.1
1249190 2514.1
1249200 2508.4
1249210 2504.5
1249220 2504.5
1249230 2502.2
1249240 2498.2
1249250 2498.2
1249260 2495.0
1249270 2490.1
1249280 2490.1
1249290 2486.8
1249300 2486.4
1249310 2486.4
1249320 2486.4
1249330 2487.6
1249340 2488.2
1249350 2488.2
1249360 2490.2
1249370 2491.8
1249380 2491.8
1249390 2493.7
1249400 2495.4
1249410 2495.4
1249420 2498.6
1249430 2503.1
1249440 2503.1
1249450 2507.2
1249460 2511.1
1249470 2511.1
1249480 2515.2
1249490 2518.8
1249500 2518.8
1249510 2522.8
1249520 2531.7
1249530 2531.7
1249540 2540.5
1249550 2548.2
1249560 2556.3
1249570 2556.3
1249580 2559.9
1249590 2557.3
1249600 2557.3
1249610 2556.6
1249620 2561.0
1249630 2561.0
1249640 2566.9
1249650 2571.7
1249660 2571.7
1249670 2576.0
1249680 2582.1
1249690 2582.1
1249700 2592.9
1249710 2609.5
1249720 2609.5
1249730 2621.1
1249740 2634.1
1249750 2634.1
1249760 2650.6
1249770 2666.2
1249780 2677.6
1249790 2677.6
1249800 2679.9
1249810 2683.7
1249820 2683.7
1249830 2686.4
1249840 2680.3
1249850 2680.3
1249860 2671.9
1249870 2667.1
1249880 2667.1
1249890 2663.3
1249900 2659.4
1249910 2659.4
1249920 2655.9
1249930 2654.6
1249940 2654.6
1249950 2655.8
1249960 2659.6
1249970 2659.6
1249980 2663.3
1249990 2666.1
1250000 2669.0
1250010 2669.0
1250020 2672.5
1250030 2677.1
1250040 2677.1
1250050 2684.1
1250060 2692.6
1250070 2692.6
1250080 2703.8
1250090 2712.0
1250100 2712.0
1250110 2698.4
1250120 2686.6
1250130 2686.6
1250140 2676.9
1250150 2668.4
1250160 2668.4
1250170 2659.9
1250180 2651.3
1250190 2651.3
1250200 2643.1
1250210 2635.3
1250220 2627.5
1250230 2627.5
1250240 2620.2
1250250 2613.0
1250260 2613.0
1250270 2605.0
1250280 2597.4
1250290 2597.4
1250300 2590.2
1250310 2583.0
1250320 2583.0
1250330 2576.1
1250340 2569.4
1250350 2569.4
1250360 2562.1
1250370 2555.3
1250380 2555.3
1250390 2548.6
1250400 2541.7
1250410 2541.7
1250420 2535.1
1250430 2529.4
1250440 2529.4
1250450 2522.2
1250460 2515.2
1250470 2508.0
1250480 2508.0
1250490 2500.3
1250500 2492.6
1250510 2492.6
1250520 2484.5
1250530 2476.4
1250540 2476.4
1250550 2468.8
1250560 2461.8
1250570 2461.8
1250580 2454.7
1250590 2446.0
1250600 2446.0
1250610 2438.2
1250620 2432.1
1250630 2434.4
1250640 2429.4
1250650 2424.2
1250660 2424.2
1250670 2418.9
1250680 2413.5
1250690 2407.9
1250700 2407.9
1250710 2402.4
1250720 2396.9
1250730 2396.9
1250740 2391.2
1250750 2385.8
1250760 2385.8
1250770 2380.4
1250780 2375.3
1250790 2375.3
1250800 2370.1
1250810 2364.7
1250820 2364.7
1250830 2359.5
1250840 2354.3
1250850 2354.3
1250860 2349.6
1250870 2344.7
1250880 2344.7
1250890 2340.0
1250900 2335.4
1250910 2331.0
1250920 2331.0
1250930 2326.6
1250940 2322.1
1250950 2322.1
1250960 2317.6
1250970 2313.5
1250980 2313.5
1250990 2309.0
1251000 2303.0
1251010 2303.0
1251020 2296.8
1251030 2292.4
1251040 2292.4
1251050 2289.5
1251060 2287.8
1251070 2287.8
1251080 2283.2
1251090 2275.9
1251100 2275.9
1251110 2269.0
1251120 2264.0
1251130 2260.3
1251140 2260.3
1251150 2255.9
1251160 2251.5
1251170 2251.5
1251180 2248.2
1251190 2245.5
1251200 2245.5
1251210 2243.4
1251220 2241.6
1251230 2241.6
1251240 2238.3
1251250 2235.9
1251260 2235.9
1251270 2233.1
1251280 2228.9
1251290 2228.9
1251300 2224.0
1251310 2219.3
1251320 2219.3
1251330 2214.9
1251340 2211.2
1251350 2208.1
1251360 2208.1
1251370 2203.8
1251380 2198.1
1251390 2198.1
1251400 2191.8
1251410 2185.4
1251420 2185.4
1251430 2180.0
1251440 2176.5
1251450 2176.5
1251460 2172.8
1251470 2169.8
1251480 2169.8
1251490 2167.1
1251500 2164.8
1251510 2164.8
1251520 2161.6
1251530 2154.1
1251540 2154.1
1251550 2145.3
1251560 2136.8
1251570 2128.9
1251580 2128.9
1251590 2120.8
1251600 2113.2
1251610 2113.2
1251620 2106.4
1251630 2099.3
1251640 2099.3
1251650 2092.7
1251660 2086.0
1251670 2086.0
1251680 2079.1
1251690 2071.0
1251700 2071.0
1251710 2063.7
1251720 2052.6
1251730 2052.6
1251740 2046.6
1251750 2043.0
1251760 2043.0
1251770 2039.6
1251780 2035.6
1251790 2032.7
1251800 2032.7
1251810 2031.8
1251820 2032.2
1251830 2032.2
1251840 2031.5
1251850 2030.2
1251860 2030.2
1251870 2027.7
1251880 2024.7
1251890 2024.7
1251900 2021.5
1251910 2019.0
1251920 2019.0
1251930 2016.8
1251940 2013.1
1251950 2013.1
1251960 2008.6
1251970 2004.4
1251980 2004.4
1251990 2000.4
1252000 1996.0
1252010 1991.6
1252020 1991.6
1252030 1987.1
1252040 1982.9
1252050 1982.9
1252060 1977.8
1252070 1971.4
1252080 1971.4
1252090 1965.1
1252100 1959.0
1252110 1959.0
1252120 1953.4
1252130 1948.5
1252140 1948.5
1252150 1943.5
1252160 1938.7
1252170 1938.7
1252180 1934.2
1252190 1929.7
1252200 1929.7
1252210 1924.6
1252220 1918.9
1252230 1913.0
1252240 1913.0
1252250 1908.7
1252260 1904.6
1252270 1904.6
1252280 1899.7
1252290 1895.3
1252300 1895.3
1252310 1891.8
1252320 1887.7
1252330 1887.7
1252340 1883.0
1252350 1878.9
1252360 1878.9
1252370 1874.3
1252380 1869.2
1252390 1869.2
1252400 1865.0
1252410 1860.8
1252420 1860.8
1252430 1855.1
1252440 1848.9
1252450 1843.3
1252460 1843.3
1252470 1839.3
1252480 1835.6
1252490 1835.6
1252500 1831.1
1252510 1826.6
1252520 1826.6
1252530 1820.1
1252540 1812.3
1252550 1812.3
1252560 1805.2
1252570 1799.0
1252580 1799.0
1252590 1792.7
1252600 1785.8
1252610 1785.8
1252620 1780.0
1252630 1775.6
1252640 1775.6
1252650 1773.5
1252660 1771.4
1252670 1769.0
1252680 1769.0
1252690 1768.2
1252700 1768.3
1252710 1768.3
1252720 1766.4
1252730 1764.2
1252740 1764.2
1252750 1762.4
1252760 1760.3
1252770 1760.3
1252780 1757.5
1252790 1754.5
1252800 1754.5
1252810 1756.9
1252820 1754.6
1252830 1754.6
1252840 1752.6
1252850 1750.0
1252860 1750.0
1252870 1747.7
1252880 1746.1
1252890 1743.9
1252900 1743.9
1252910 1740.6
1252920 1737.5
1252930 1737.5
1252940 1735.9
1252950 1733.9
1252960 1733.9
1252970 1731.1
1252980 1727.2
1252990 1727.2
1253000 1722.6
1253010 1718.4
1253020 1718.4
1253030 1717.3
1253040 1715.7
1253050 1715.7
1253060 1713.2
1253070 1710.4
1253080 1710.4
1253090 1706.2
1253100 1699.6
1253110 1693.6
1253120 1693.6
1253130 1687.5
1253140 1680.2
1253150 1680.2
1253160 1673.2
1253170 1666.8
1253180 1666.8
1253190 1662.4
1253200 1660.0
1253210 1660.0
1253220 1657.2
1253230 1653.4
1253240 1653.4
1253250 1648.6
1253260 1643.3
1253270 1643.3
1253280 1637.7
1253290 1631.3
1253300 1631.3
1253310 1625.1
1253320 1619.8
1253330 1619.8
1253340 1614.2
1253350 1609.0
1253360 1607.3
1253370 1607.3
1253380 1601.8
1253390 1594.7
1253400 1594.7
1253410 1586.6
1253420 1581.1
1253430 1581.1
1253440 1576.7
1253450 1570.3
1253460 1570.3
1253470 1566.0
1253480 1562.4
1253490 1562.4
1253500 1558.7
1253510 1554.8
1253520 1554.8
1253530 1548.8
1253540 1541.4
1253550 1541.4
1253560 1535.0
1253570 1529.6
1253580 1524.8
1253590 1524.8
1253600 1519.1
1253610 1513.2
1253620 1513.2
1253630 1507.1
1253640 1501.0
1253650 1501.0
1253660 1494.8
1253670 1489.2
1253680 1489.2
1253690 1484.1
1253700 1480.0
1253710 1480.0
1253720 1475.9
1253730 1471.6
1253740 1471.6
1253750 1467.2
1253760 1462.3
1253770 1462.3
1253780 1457.7
1253790 1453.9
1253800 1450.7
1253810 1450.7
1253820 1448.0
1253830 1443.1
1253840 1443.1
1253850 1436.6
1253860 1432.1
1253870 1432.1
1253880 1428.2
1253890 1425.8
1253900 1425.8
1253910 1421.3
1253920 1419.8
1253930 1419.8
1253940 1418.5
1253950 1417.8
1253960 1417.8
1253970 1417.5
1253980 1417.5
1253990 1417.5
1254000 1416.8
1254010 1416.9
1254020 1420.0
1254030 1420.0
1254040 1418.0
1254050 1413.9
1254060 1413.9
1254070 1409.4
1254080 1406.2
1254090 1406.2
1254100 1403.7
1254110 1401.0
1254120 1401.0
1254130 1398.4
1254140 1395.8
1254150 1395.8
1254160 1394.4
1254170 1393.6
1254180 1393.6
1254190 1391.6
1254200 1390.2
1254210 1390.2
1254220 1388.5
1254230 1384.7
1254240 1381.5
1254250 1381.5
1254260 1378.4
1254270 1373.3
1254280 1373.3
1254290 1367.8
1254300 1364.1
1254310 1364.1
1254320 1362.0
1254330 1359.0
1254340 1359.0
1254350 1354.5
1254360 1351.1
1254370 1351.1
1254380 1348.5
1254390 1346.4
1254400 1346.4
1254410 1345.2
1254420 1340.0
1254430 1340.0
1254440 1334.0
1254450 1328.1
1254460 1318.1
1254470 1318.1
1254480 1312.5
1254490 1307.3
1254500 1307.3
1254510 1303.1
1254520 1298.8
1254530 1298.8
1254540 1292.7
1254550 1284.3
1254560 1284.3
1254570 1274.8
1254580 1265.9
1254590 1265.9
1254600 1258.3
1254610 1251.6
1254620 1251.6
1254630 1246.3
1254640 1241.0
1254650 1241.0
1254660 1235.5
1254670 1230.2
1254680 1226.1
1254690 1226.1
1254700 1221.5
1254710 1216.7
1254720 1216.7
1254730 1211.0
1254740 1205.5
1254750 1205.5
1254760 1200.3
1254770 1195.9
1254780 1195.9
1254790 1192.8
1254800 1189.8
1254810 1189.8
1254820 1186.3
1254830 1182.2
1254840 1182.2
1254850 1178.3
1254860 1175.0
1254870 1175.0
1254880 1171.9
1254890 1168.5
1254900 1166.2
1254910 1166.2
1254920 1164.5
1254930 1163.9
1254940 1163.9
1254950 1160.9
1254960 1157.0
1254970 1157.0
1254980 1152.7
1254990 1145.6
1255000 1145.6
1255010 1131.5
1255020 1122.0
1255030 1122.0
1255040 1113.8
1255050 1107.3
1255060 1107.3
1255070 1101.2
1255080 1094.2
1255090 1094.2
1255100 1087.4
1255110 1081.3
1255120 1074.8
1255130 1074.8
1255140 1067.8
1255150 1061.0
1255160 1061.0
1255170 1057.0
1255180 1055.7
1255190 1055.7
1255200 1054.6
1255210 1053.2
1255220 1053.2
1255230 1050.0
1255240 1048.5
1255250 1048.5
1255260 1050.3
1255270 1052.4
1255280 1052.4
1255290 1054.3
1255300 1056.0
1255310 1056.0
1255320 1056.0
1255330 1055.2
1255340 1054.0
1255350 1054.0
1255360 1053.5
1255370 1055.0
1255380 1055.0
1255390 1060.0
1255400 1065.4
1255410 1065.4
1255420 1070.3
1255430 1077.9
1255440 1077.9
1255450 1085.8
1255460 1092.4
1255470 1092.4
1255480 1097.2
1255490 1102.5
1255500 1102.5
1255510 1108.6
1255520 1115.0
1255530 1115.0
1255540 1122.0
1255550 1129.2
1255560 1138.5
1255570 1138.5
1255580 1143.3
1255590 1147.9
1255600 1147.9
1255610 1152.7
1255620 1157.7
1255630 1157.7
1255640 1163.5
1255650 1169.0
1255660 1169.0
1255670 1174.6
1255680 1180.0
1255690 1180.0
1255700 1184.2
1255710 1188.0
1255720 1188.0
1255730 1192.7
1255740 1198.0
1255750 1198.0
1255760 1203.7
1255770 1209.8
1255780 1215.5
1255790 1215.5
1255800 1221.0
1255810 1226.4
1255820 1226.4
1255830 1231.8
1255840 1237.0
1255850 1237.0
1255860 1241.6
1255870 1246.1
1255880 1246.1
1255890 1250.7
1255900 1255.5
1255910 1255.5
1255920 1260.5
1255930 1265.6
1255940 1265.6
1255950 1270.2
1255960 1274.2
1255970 1274.2
1255980 1278.8
1255990 1283.6
1256000 1288.2
1256010 1288.2
1256020 1292.8
1256030 1297.2
1256040 1297.2
1256050 1301.7
1256060 1305.7
1256070 1305.7
1256080 1309.2
1256090 1311.8
1256100 1311.8
1256110 1314.4
1256120 1323.6
1256130 1323.6
1256140 1327.7
1256150 1331.6
1256160 1331.6
1256170 1335.6
1256180 1340.2
1256190 1340.2
1256200 1345.5
1256210 1351.7
1256220 1351.7
1256230 1358.9
1256240 1366.0
1256250 1374.2
1256260 1374.2
1256270 1386.2
1256280 1396.7
1256290 1396.7
1256300 1406.6
1256310 1415.5
1256320 1415.5
1256330 1425.8
1256340 1438.1
1256350 1438.1
1256360 1448.3
1256370 1461.1
1256380 1461.1
1256390 1477.2
1256400 1495.0
1256410 1495.0
1256420 1512.3
1256430 1523.7
1256440 1523.7
1256450 1533.0
1256460 1545.3
1256470 1557.2
1256480 1557.2
1256490 1568.8
1256500 1580.4
1256510 1580.4
1256520 1589.4
1256530 1594.6
1256540 1594.6
1256550 1599.3
1256560 1604.1
1256570 1604.1
1256580 1609.4
1256590 1613.9
1256600 1613.9
1256610 1618.1
1256620 1622.9
1256630 1622.9
1256640 1628.1
1256650 1633.7
1256660 1633.7
1256670 1643.1
1256680 1647.9
1256690 1652.2
1256700 1652.2
1256710 1656.8
1256720 1663.5
1256730 1663.5
1256740 1670.4
1256750 1674.4
1256760 1674.4
1256770 1678.0
1256780 1681.7
1256790 1681.7
1256800 1687.4
1256810 1694.1
1256820 1694.1
1256830 1700.8
1256840 1706.4
1256850 1706.4
1256860 1711.1
1256870 1716.2
1256880 1716.2
1256890 1721.5
1256900 1727.5
1256910 1733.8
1256920 1733.8
1256930 1741.6
1256940 1749.7
1256950 1749.7
1256960 1754.9
1256970 1758.9
1256980 1758.9
1256990 1762.7
1257000 1766.0
1257010 1766.0
1257020 1769.7
1257030 1774.6
1257040 1774.6
1257050 1781.5
1257060 1788.7
1257070 1788.7
1257080 1799.6
1257090 1806.4
1257100 1806.4
1257110 1811.0
1257120 1816.5
1257130 1822.3
1257140 1822.3
1257150 1829.2
1257160 1835.3
1257170 1835.3
1257180 1840.3
1257190 1846.0
1257200 1846.0
1257210 1852.6
1257220 1857.9
1257230 1863.0
1257240 1867.4
1257250 1871.6
1257260 1871.6
1257270 1875.6
1257280 1880.5
1257290 1880.5
1257300 1885.1
1257310 1890.0
1257320 1890.0
1257330 1895.7
1257340 1899.8
1257350 1904.3
1257360 1904.3
1257370 1908.7
1257380 1913.7
1257390 1913.7
1257400 1918.1
1257410 1923.0
1257420 1923.0
1257430 1928.8
1257440 1933.2
1257450 1933.2
1257460 1936.8
1257470 1941.2
1257480 1941.2
1257490 1946.0
1257500 1950.1
1257510 1950.1
1257520 1954.3
1257530 1955.8
1257540 1955.8
1257550 1955.7
1257560 1955.4
1257570 1955.3
1257580 1955.3
1257590 1955.7
1257600 1956.4
1257610 1956.4
1257620 1953.3
1257630 1948.6
1257640 1948.6
1257650 1946.5
1257660 1943.9
1257670 1943.9
1257680 1940.2
1257690 1935.4
1257700 1935.4
1257710 1930.7
1257720 1927.4
1257730 1927.4
1257740 1923.3
1257750 1918.5
1257760 1918.5
1257770 1914.0
1257780 1910.3
1257790 1910.1
1257800 1910.1
1257810 1904.5
1257820 1898.2
1257830 1898.2
1257840 1892.1
1257850 1885.9
1257860 1885.9
1257870 1878.7
1257880 1872.7
1257890 1872.7
1257900 1872.0
1257910 1874.1
1257920 1874.1
1257930 1874.0
1257940 1870.1
1257950 1870.1
1257960 1866.8
1257970 1864.6
1257980 1864.6
1257990 1865.7
1258000 1866.5
1258010 1866.8
1258020 1866.8
1258030 1863.6
1258040 1862.1
1258050 1862.1
1258060 1864.4
1258070 1868.2
1258080 1868.2
1258090 1871.8
1258100 1876.3
1258110 1876.3
1258120 1882.7
1258130 1890.0
1258140 1890.0
1258150 1896.2
1258160 1899.0
1258170 1899.0
1258180 1900.1
1258190 1900.6
1258200 1900.6
1258210 1902.4
1258220 1905.6
1258230 1907.6
1258240 1907.6
1258250 1911.5
1258260 1915.2
1258270 1915.2
1258280 1919.1
1258290 1922.1
1258300 1922.1
1258310 1924.6
1258320 1927.2
1258330 1927.2
1258340 1928.8
1258350 1931.4
1258360 1931.4
1258370 1931.9
1258380 1931.1
1258390 1931.1
1258400 1930.6
1258410 1934.3
1258420 1934.3
1258430 1936.8
1258440 1937.7
1258450 1938.4
1258460 1938.4
1258470 1938.6
1258480 1938.8
1258490 1938.8
1258500 1940.0
1258510 1940.4
1258520 1940.4
1258530 1945.6
1258540 1952.5
1258550 1952.5
1258560 1959.5
1258570 1966.8
1258580 1966.8
1258590 1973.8
1258600 1979.7
1258610 1979.7
1258620 1984.8
1258630 1987.1
1258640 1987.1
1258650 1987.8
1258660 1987.6
1258670 1986.0
1258680 1986.0
1258690 1984.6
1258700 1985.9
1258710 1985.9
1258720 1987.7
1258730 1990.5
1258740 1990.5
1258750 1993.8
1258760 1997.8
1258770 1997.8
1258780 2002.1
1258790 2006.7
1258800 2006.7
1258810 2011.8
1258820 2017.3
1258830 2017.3
1258840 2023.1
1258850 2029.5
1258860 2029.5
1258870 2038.4
1258880 2048.2
1258890 2057.1
1258900 2057.1
1258910 2063.2
1258920 2071.6
1258930 2071.6
1258940 2079.9
1258950 2088.4
1258960 2088.4
1258970 2095.1
1258980 2093.0
1258990 2093.0
1259000 2089.6
1259010 2089.9
1259020 2089.9
1259030 2094.2
1259040 2101.4
1259050 2101.4
1259060 2110.7
1259070 2122.7
1259080 2122.7
1259090 2130.2
1259100 2138.2
1259110 2138.2
1259120 2137.5
1259130 2131.7
1259140 2132.0
1259150 2132.0
1259160 2138.9
1259170 2154.4
1259180 2154.4
1259190 2164.1
1259200 2161.1
1259210 2161.1
1259220 2159.7
1259230 2161.2
1259240 2161.2
1259250 2165.2
1259260 2170.8
1259270 2170.8
1259280 2177.6
1259290 2180.4
1259300 2180.4
1259310 2183.4
1259320 2187.0
1259330 2187.0
1259340 2195.1
1259350 2207.1
1259360 2209.3
1259370 2209.3
1259380 2207.8
1259390 2208.2
1259400 2208.2
1259410 2214.5
1259420 2216.8
1259430 2216.8
1259440 2219.9
1259450 2225.3
1259460 2225.3
1259470 2238.6
1259480 2242.4
1259490 2242.4
1259500 2249.0
1259510 2257.1
1259520 2257.1
1259530 2266.1
1259540 2277.4
1259550 2277.4
1259560 2289.1
1259570 2284.5
1259580 2285.9
1259590 2285.9
1259600 2288.3
1259610 2289.7
1259620 2289.7
1259630 2292.8
1259640 2297.4
1259650 2297.4
1259660 2301.2
1259670 2307.2
1259680 2307.2
1259690 2315.6
1259700 2319.4
1259710 2319.4
1259720 2320.2
1259730 2312.4
1259740 2312.4
1259750 2304.0
1259760 2299.2
1259770 2299.2
1259780 2293.2
1259790 2287.3
1259800 2281.6
1259810 2281.6
1259820 2271.0
1259830 2264.2
1259840 2264.2
1259850 2259.4
1259860 2253.6
1259870 2253.6
1259880 2248.1
1259890 2241.3
1259900 2241.3
1259910 2233.5
1259920 2225.7
1259930 2225.7
1259940 2218.5
1259950 2212.6
1259960 2212.6
1259970 2206.1
1259980 2200.2
1259990 2200.2
