1240000 2460.1
1240010 2467.7
1240020 2472.7
1240030 2472.7
1240040 2479.6
1240050 2487.1
1240060 2487.1
1240070 2494.2
1240080 2500.2
1240090 2500.2
1240100 2505.4
1240110 2510.1
1240120 2510.1
1240130 2515.3
1240140 2521.3
1240150 2521.3
1240160 2527.0
1240170 2529.8
1240180 2529.8
1240190 2534.3
1240200 2539.0
1240210 2539.0
1240220 2539.5
1240230 2537.7
1240240 2538.3
1240250 2538.3
1240260 2540.0
1240270 2540.8
1240280 2540.8
1240290 2538.7
1240300 2538.0
1240310 2538.0
1240320 2535.4
1240330 2532.2
1240340 2532.2
1240350 2529.2
1240360 2526.4
1240370 2526.4
1240380 2523.9
1240390 2519.5
1240400 2519.5
1240410 2515.0
1240420 2513.9
1240430 2513.9
1240440 2511.3
1240450 2508.0
1240460 2505.2
1240470 2505.2
1240480 2508.2
1240490 2506.6
1240500 2506.6
1240510 2508.8
1240520 2510.2
1240530 2510.2
1240540 2507.8
1240550 2509.7
1240560 2509.7
1240570 2512.6
1240580 2517.2
1240590 2517.2
1240600 2522.4
1240610 2532.5
1240620 2532.5
1240630 2545.4
1240640 2572.7
1240650 2572.7
1240660 2599.3
1240670 2618.1
1240680 2634.3
1240690 2634.3
1240700 2634.7
1240710 2631.6
1240720 2631.6
1240730 2630.0
1240740 2629.0
1240750 2629.0
1240760 2627.1
1240770 2624.4
1240780 2624.4
1240790 2623.5
1240800 2623.8
1240810 2623.8
1240820 2623.8
1240830 2624.6
1240840 2624.6
1240850 2628.5
1240860 2634.5
1240870 2634.5
1240880 2642.8
1240890 2647.9
1240900 2652.7
1240910 2652.7
1240920 2660.0
1240930 2673.9
1240940 2673.9
1240950 2676.6
1240960 2676.7
1240970 2676.7
1240980 2679.6
1240990 2687.1
1241000 2696.6
1241010 2697.6
1241020 2698.2
1241030 2698.2
1241040 2698.2
1241050 2703.8
1241060 2703.8
1241070 2726.8
1241080 2748.7
1241090 2748.7
1241100 2760.2
1241110 2762.6
1241120 2763.1
1241130 2763.1
1241140 2772.4
1241150 2788.3
1241160 2788.3
1241170 2797.5
1241180 2804.9
1241190 2804.9
1241200 2810.1
1241210 2812.2
1241220 2812.2
1241230 2810.7
1241240 2811.2
1241250 2811.2
1241260 2814.4
1241270 2823.1
1241280 2823.1
1241290 2827.8
1241300 2827.4
1241310 2827.4
1241320 2827.9
1241330 2836.3
1241340 2836.3
1241350 2837.5
1241360 2841.3
1241370 2848.8
1241380 2848.8
1241390 2852.1
1241400 2851.6
1241410 2851.6
1241420 2851.9
1241430 2857.8
1241440 2857.8
1241450 2860.1
1241460 2863.3
1241470 2863.3
1241480 2865.0
1241490 2863.6
1241500 2863.6
1241510 2866.5
1241520 2880.9
1241530 2880.9
1241540 2876.1
1241550 2869.2
1241560 2869.2
1241570 2861.9
1241580 2855.2
1241590 2849.8
1241600 2849.8
1241610 2844.7
1241620 2840.8
1241630 2840.8
1241640 2839.1
1241650 2840.4
1241660 2840.4
1241670 2839.5
1241680 2835.9
1241690 2835.9
1241700 2830.3
1241710 2822.8
1241720 2822.8
1241730 2812.9
1241740 2803.2
1241750 2803.2
1241760 2793.0
1241770 2776.7
1241780 2776.7
1241790 2756.3
1241800 2749.1
1241810 2742.1
1241820 2742.1
1241830 2730.7
1241840 2725.0
1241850 2725.0
1241860 2719.4
1241870 2714.6
1241880 2714.6
1241890 2710.7
1241900 2706.8
1241910 2706.8
1241920 2702.5
1241930 2698.2
1241940 2698.2
1241950 2694.3
1241960 2690.9
1241970 2690.9
1241980 2687.5
1241990 2684.1
1242000 2684.1
1242010 2680.7
1242020 2677.6
1242030 2675.8
1242040 2669.8
1242050 2668.7
1242060 2669.4
1242070 2669.4
1242080 2670.1
1242090 2670.1
1242100 2670.1
1242110 2670.3
1242120 2670.0
1242130 2670.0
1242140 2668.9
1242150 2667.7
1242160 2667.7
1242170 2667.2
1242180 2666.4
1242190 2666.4
1242200 2665.9
1242210 2664.3
1242220 2664.3
1242230 2662.7
1242240 2659.4
1242250 2656.0
1242260 2656.0
1242270 2653.1
1242280 2650.6
1242290 2650.6
1242300 2649.5
1242310 2648.4
1242320 2648.4
1242330 2646.8
1242340 2645.8
1242350 2645.8
1242360 2646.2
1242370 2648.0
1242380 2648.0
1242390 2649.8
1242400 2650.8
1242410 2650.8
1242420 2651.0
1242430 2650.9
1242440 2650.9
1242450 2650.6
1242460 2650.8
1242470 2651.6
1242480 2651.6
1242490 2651.5
1242500 2650.1
1242510 2650.1
1242520 2647.6
1242530 2644.2
1242540 2644.2
1242550 2640.8
1242560 2634.9
1242570 2634.9
1242580 2632.4
1242590 2630.2
1242600 2630.2
1242610 2627.9
1242620 2626.0
1242630 2626.0
1242640 2624.3
1242650 2622.5
1242660 2622.5
1242670 2622.1
1242680 2622.2
1242690 2622.2
1242700 2622.5
1242710 2623.9
1242720 2626.0
1242730 2626.0
1242740 2626.9
1242750 2625.4
1242760 2625.4
1242770 2623.0
1242780 2621.4
1242790 2621.4
1242800 2620.0
1242810 2617.9
1242820 2617.9
1242830 2615.3
1242840 2612.0
1242850 2612.0
1242860 2608.7
1242870 2605.3
1242880 2605.3
1242890 2601.9
1242900 2598.7
1242910 2598.7
1242920 2596.2
1242930 2594.4
1242940 2592.4
1242950 2592.4
1242960 2589.5
1242970 2586.6
1242980 2586.6
1242990 2583.6
1243000 2581.1
1243010 2581.1
1243020 2578.7
1243030 2577.4
1243040 2577.4
1243050 2575.5
1243060 2573.8
1243070 2573.8
1243080 2572.7
1243090 2570.0
1243100 2570.0
1243110 2569.0
1243120 2568.2
1243130 2568.2
1243140 2566.5
1243150 2564.1
1243160 2562.0
1243170 2562.0
1243180 2559.9
1243190 2557.5
1243200 2557.5
1243210 2555.5
1243220 2553.4
1243230 2553.4
1243240 2550.3
1243250 2545.7
1243260 2545.7
1243270 2541.1
1243280 2536.2
1243290 2536.2
1243300 2530.2
1243310 2524.8
1243320 2524.8
1243330 2520.4
1243340 2517.0
1243350 2517.0
1243360 2514.0
1243370 2511.0
1243380 2508.6
1243390 2508.6
1243400 2506.7
1243410 2505.3
1243420 2505.3
1243430 2504.4
1243440 2503.6
1243450 2503.6
1243460 2503.1
1243470 2502.7
1243480 2502.7
1243490 2502.6
1243500 2502.4
1243510 2502.4
1243520 2501.6
1243530 2500.1
1243540 2500.1
1243550 2497.9
1243560 2495.4
1243570 2495.4
1243580 2493.3
1243590 2491.4
1243600 2489.8
1243610 2490.5
1243620 2488.7
1243630 2485.8
1243640 2485.8
1243650 2481.6
1243660 2476.7
1243670 2476.7
1243680 2471.8
1243690 2467.0
1243700 2467.0
1243710 2462.3
1243720 2457.9
1243730 2457.9
1243740 2453.8
1243750 2450.1
1243760 2450.1
1243770 2447.1
1243780 2444.8
1243790 2444.8
1243800 2441.8
1243810 2437.5
1243820 2431.0
1243830 2431.0
1243840 2425.1
1243850 2420.2
1243860 2420.2
1243870 2416.4
1243880 2412.4
1243890 2412.4
1243900 2408.4
1243910 2405.5
1243920 2405.5
1243930 2402.3
1243940 2399.3
1243950 2399.3
1243960 2396.5
1243970 2394.4
1243980 2394.4
1243990 2391.9
1244000 2389.9
1244010 2389.9
1244020 2387.6
1244030 2384.1
1244040 2380.3
1244050 2380.3
1244060 2377.2
1244070 2375.3
1244080 2375.3
1244090 2373.7
1244100 2370.8
1244110 2370.8
1244120 2367.9
1244130 2364.5
1244140 2358.9
1244150 2355.8
1244160 2354.0
1244170 2354.0
1244180 2350.9
1244190 2346.3
1244200 2346.3
1244210 2342.5
1244220 2339.8
1244230 2339.8
1244240 2337.4
1244250 2333.1
1244260 2333.1
1244270 2328.0
1244280 2327.1
1244290 2324.9
1244300 2324.9
1244310 2322.9
1244320 2321.4
1244330 2321.4
1244340 2321.6
1244350 2323.8
1244360 2323.8
1244370 2325.5
1244380 2327.8
1244390 2327.8
1244400 2329.6
1244410 2332.5
1244420 2332.5
1244430 2330.2
1244440 2326.2
1244450 2326.2
1244460 2321.9
1244470 2317.2
1244480 2317.2
1244490 2314.6
1244500 2313.8
1244510 2314.0
1244520 2314.0
1244530 2310.1
1244540 2305.5
1244550 2305.5
1244560 2300.8
1244570 2296.7
1244580 2296.7
1244590 2292.5
1244600 2287.7
1244610 2287.7
1244620 2284.8
1244630 2284.3
1244640 2284.3
1244650 2280.3
1244660 2275.1
1244670 2269.1
1244680 2266.2
1244690 2260.9
1244700 2260.9
1244710 2255.6
1244720 2251.0
1244730 2246.8
1244740 2246.8
1244750 2243.1
1244760 2239.2
1244770 2239.2
1244780 2234.1
1244790 2228.7
1244800 2228.7
1244810 2223.0
1244820 2217.3
1244830 2217.3
1244840 2210.1
1244850 2203.3
1244860 2203.3
1244870 2199.1
1244880 2194.6
1244890 2194.6
1244900 2184.2
1244910 2172.9
1244920 2172.9
1244930 2162.9
1244940 2153.6
1244950 2143.9
1244960 2143.9
1244970 2134.1
1244980 2123.9
1244990 2123.9
1245000 2114.9
1245010 2106.2
1245020 2106.2
1245030 2096.7
1245040 2086.8
1245050 2086.8
1245060 2078.3
1245070 2070.1
1245080 2070.1
1245090 2062.3
1245100 2054.4
1245110 2054.4
1245120 2046.4
1245130 2038.2
1245140 2038.2
1245150 2030.0
1245160 2021.8
1245170 2014.6
1245180 2014.6
1245190 2009.0
1245200 1998.0
1245210 1998.0
1245220 1991.7
1245230 1985.3
1245240 1985.3
1245250 1978.8
1245260 1973.0
1245270 1973.0
1245280 1967.2
1245290 1960.9
1245300 1960.9
1245310 1954.8
1245320 1948.3
1245330 1948.3
1245340 1941.5
1245350 1934.9
1245360 1934.9
1245370 1927.7
1245380 1920.5
1245390 1914.1
1245400 1914.1
1245410 1907.9
1245420 1902.2
1245430 1902.2
1245440 1896.5
1245450 1891.2
1245460 1891.2
1245470 1885.1
1245480 1879.3
1245490 1879.3
1245500 1873.2
1245510 1866.8
1245520 1866.8
1245530 1860.0
1245540 1853.7
1245550 1853.7
1245560 1847.4
1245570 1841.2
1245580 1841.2
1245590 1835.3
1245600 1828.8
1245610 1828.8
1245620 1824.8
1245630 1826.0
1245640 1826.4
1245650 1826.4
1245660 1825.8
1245670 1825.2
1245680 1825.2
1245690 1824.8
1245700 1824.7
1245710 1824.7
1245720 1826.1
1245730 1824.2
1245740 1824.2
1245750 1824.2
1245760 1823.1
1245770 1823.1
1245780 1821.9
1245790 1820.3
1245800 1820.3
1245810 1818.9
1245820 1819.3
1245830 1819.3
1245840 1816.7
1245850 1814.6
1245860 1813.3
1245870 1813.3
1245880 1811.7
1245890 1809.8
1245900 1809.8
1245910 1808.6
1245920 1807.6
1245930 1807.6
1245940 1806.5
1245950 1803.9
1245960 1803.9
1245970 1801.3
1245980 1799.4
1245990 1799.4
1246000 1796.8
1246010 1793.9
1246020 1793.9
1246030 1792.9
1246040 1791.4
1246050 1791.4
1246060 1789.8
1246070 1788.0
1246080 1785.6
1246090 1785.6
1246100 1783.1
1246110 1781.3
1246120 1781.3
1246130 1779.0
1246140 1777.0
1246150 1777.0
1246160 1775.2
1246170 1773.4
1246180 1773.4
1246190 1770.9
1246200 1768.1
1246210 1768.1
1246220 1765.5
1246230 1762.5
1246240 1762.5
1246250 1759.3
1246260 1757.2
1246270 1757.2
1246280 1754.5
1246290 1752.0
1246300 1750.2
1246310 1750.2
1246320 1749.3
1246330 1748.0
1246340 1748.0
1246350 1745.8
1246360 1743.3
1246370 1743.3
1246380 1740.7
1246390 1738.2
1246400 1738.2
1246410 1736.2
1246420 1735.0
1246430 1735.0
1246440 1733.9
1246450 1732.2
1246460 1732.2
1246470 1729.7
1246480 1727.7
1246490 1727.7
1246500 1726.0
1246510 1724.3
1246520 1722.8
1246530 1722.8
1246540 1721.4
1246550 1719.7
1246560 1719.7
1246570 1717.7
1246580 1715.6
1246590 1715.6
1246600 1713.5
1246610 1711.2
1246620 1711.2
1246630 1709.2
1246640 1706.8
1246650 1706.8
1246660 1704.5
1246670 1702.2
1246680 1702.2
1246690 1700.0
1246700 1698.0
1246710 1698.0
1246720 1696.1
1246730 1694.2
1246740 1692.3
1246750 1692.3
1246760 1690.5
1246770 1689.0
1246780 1689.0
1246790 1686.8
1246800 1685.1
1246810 1685.1
1246820 1683.4
1246830 1682.0
1246840 1682.0
1246850 1680.5
1246860 1677.7
1246870 1677.7
1246880 1671.6
1246890 1665.7
1246900 1665.7
1246910 1662.1
1246920 1658.5
1246930 1658.5
1246940 1656.2
1246950 1653.8
1246960 1653.8
1246970 1652.2
1246980 1650.7
1246990 1651.6
1247000 1651.6
1247010 1653.9
1247020 1656.8
1247030 1656.8
1247040 1659.1
1247050 1661.4
1247060 1661.4
1247070 1661.9
1247080 1661.6
1247090 1661.6
1247100 1662.1
1247110 1666.0
1247120 1666.0
1247130 1669.7
1247140 1672.4
1247150 1672.4
1247160 1675.1
1247170 1678.7
1247180 1678.7
1247190 1680.4
1247200 1682.3
1247210 1683.9
1247220 1683.9
1247230 1685.0
1247240 1686.2
1247250 1686.2
1247260 1687.3
1247270 1688.3
1247280 1688.3
1247290 1688.3
1247300 1688.1
1247310 1688.1
1247320 1687.8
1247330 1693.6
1247340 1693.6
1247350 1693.3
1247360 1692.6
1247370 1692.6
1247380 1691.6
1247390 1690.7
1247400 1690.7
1247410 1689.8
1247420 1689.0
1247430 1688.3
1247440 1688.3
1247450 1687.5
1247460 1686.6
1247470 1686.6
1247480 1686.5
1247490 1687.8
1247500 1687.8
1247510 1687.6
1247520 1688.8
1247530 1688.8
1247540 1691.3
1247550 1693.9
1247560 1693.9
1247570 1696.2
1247580 1698.1
1247590 1698.1
1247600 1699.3
1247610 1700.4
1247620 1700.4
1247630 1700.7
1247640 1700.8
1247650 1700.7
1247660 1700.7
1247670 1700.6
1247680 1700.4
1247690 1700.4
1247700 1702.7
1247710 1705.7
1247720 1705.7
1247730 1707.4
1247740 1708.2
1247750 1708.2
1247760 1709.0
1247770 1709.6
1247780 1709.6
1247790 1710.8
1247800 1712.1
1247810 1712.1
1247820 1712.7
1247830 1713.1
1247840 1713.1
1247850 1712.6
1247860 1719.2
1247870 1718.4
1247880 1718.4
1247890 1717.8
1247900 1717.0
1247910 1717.0
1247920 1715.6
1247930 1716.2
1247940 1716.2
1247950 1721.6
1247960 1724.0
1247970 1724.0
1247980 1721.9
1247990 1724.9
1248000 1724.9
1248010 1732.3
1248020 1734.3
1248030 1734.3
1248040 1731.0
1248050 1727.5
1248060 1727.5
1248070 1727.4
1248080 1727.0
1248090 1728.0
1248100 1728.0
1248110 1729.8
1248120 1730.8
1248130 1730.8
1248140 1731.6
1248150 1732.4
1248160 1732.4
1248170 1736.2
1248180 1740.8
1248190 1740.8
1248200 1742.3
1248210 1742.9
1248220 1742.9
1248230 1743.4
1248240 1744.2
1248250 1744.2
1248260 1746.5
1248270 1745.6
1248280 1745.6
1248290 1746.3
1248300 1751.8
1248310 1757.3
1248320 1757.3
1248330 1761.1
1248340 1763.9
1248350 1763.9
1248360 1766.9
1248370 1767.7
1248380 1767.7
1248390 1770.0
1248400 1780.3
1248410 1780.3
1248420 1785.6
1248430 1791.1
1248440 1791.1
1248450 1795.5
1248460 1798.5
1248470 1798.5
1248480 1800.1
1248490 1802.5
1248500 1802.5
1248510 1805.7
1248520 1809.5
1248530 1809.5
1248540 1812.4
1248550 1814.3
1248560 1815.3
1248570 1815.3
1248580 1821.2
1248590 1826.3
1248600 1826.3
1248610 1830.1
1248620 1833.6
1248630 1833.6
1248640 1838.6
1248650 1844.2
1248660 1844.2
1248670 1845.2
1248680 1842.3
1248690 1842.3
1248700 1840.4
1248710 1838.0
1248720 1838.0
1248730 1843.2
1248740 1854.0
1248750 1854.0
1248760 1861.8
1248770 1860.7
1248780 1860.8
1248790 1860.8
1248800 1857.6
1248810 1856.6
1248820 1856.6
1248830 1864.7
1248840 1879.3
1248850 1879.3
1248860 1891.1
1248870 1911.9
1248880 1911.9
1248890 1932.8
1248900 1942.5
1248910 1942.5
1248920 1943.8
1248930 1942.7
1248940 1949.2
1248950 1947.1
1248960 1943.5
1248970 1943.5
1248980 1939.7
1248990 1939.6
1249000 1942.0
1249010 1942.0
1249020 1944.1
1249030 1945.9
1249040 1945.9
1249050 1947.1
1249060 1950.4
1249070 1950.4
1249080 1958.4
1249090 1971.3
1249100 1971.3
1249110 1985.6
1249120 1991.0
1249130 1991.0
1249140 1995.1
1249150 2000.6
1249160 2000.6
1249170 2007.1
1249180 2014.2
1249190 2014.2
1249200 2020.9
1249210 2028.3
1249220 2039.7
1249230 2039.7
1249240 2053.1
1249250 2063.7
1249260 2063.7
1249270 2072.0
1249280 2080.0
1249290 2080.0
1249300 2081.0
1249310 2081.3
1249320 2081.3
1249330 2085.3
1249340 2092.6
1249350 2092.6
1249360 2101.0
1249370 2109.6
1249380 2109.6
1249390 2118.1
1249400 2126.9
1249410 2126.9
1249420 2135.7
1249430 2144.2
1249440 2155.4
1249450 2155.4
1249460 2172.0
1249470 2185.8
1249480 2173.6
1249490 2191.8
1249500 2200.1
1249510 2200.1
1249520 2209.2
1249530 2222.6
1249540 2222.6
1249550 2244.9
1249560 2269.5
1249570 2269.5
1249580 2280.9
1249590 2286.8
1249600 2286.8
1249610 2294.4
1249620 2306.7
1249630 2306.7
1249640 2316.4
1249650 2328.0
1249660 2339.2
1249670 2339.2
1249680 2347.4
1249690 2354.2
1249700 2354.2
1249710 2361.4
1249720 2368.1
1249730 2368.1
1249740 2375.6
1249750 2381.0
1249760 2381.0
1249770 2380.1
1249780 2376.2
1249790 2376.2
1249800 2371.1
1249810 2364.3
1249820 2364.3
1249830 2358.4
1249840 2355.7
1249850 2355.7
1249860 2354.7
1249870 2351.4
1249880 2351.4
1249890 2346.8
1249900 2346.4
1249910 2349.0
1249920 2349.0
1249930 2346.7
1249940 2337.9
1249950 2337.9
1249960 2337.7
1249970 2344.7
1249980 2344.7
1249990 2346.6
1250000 2344.9
1250010 2344.9
1250020 2342.9
1250030 2339.4
1250040 2339.4
1250050 2338.2
1250060 2336.8
1250070 2336.8
1250080 2338.7
1250090 2339.9
1250100 2339.9
1250110 2341.4
1250120 2343.7
1250130 2343.5
1250140 2343.5
1250150 2342.9
1250160 2343.2
1250170 2343.2
1250180 2342.8
1250190 2344.7
1250200 2344.7
1250210 2353.9
1250220 2360.6
1250230 2360.6
1250240 2362.8
1250250 2365.2
1250260 2365.2
1250270 2373.2
1250280 2378.4
1250290 2378.4
1250300 2378.6
1250310 2379.6
1250320 2379.6
1250330 2382.5
1250340 2385.0
1250350 2387.8
1250360 2387.8
1250370 2392.3
1250380 2400.1
1250390 2400.1
1250400 2407.8
1250410 2406.5
1250420 2406.5
1250430 2406.5
1250440 2406.6
1250450 2406.6
1250460 2405.2
1250470 2404.1
1250480 2404.1
1250490 2404.4
1250500 2404.9
1250510 2404.9
1250520 2407.3
1250530 2411.2
1250540 2411.2
1250550 2412.5
1250560 2422.1
1250570 2420.7
1250580 2420.7
1250590 2426.2
1250600 2444.1
1250610 2444.1
1250620 2453.5
1250630 2452.6
1250640 2452.6
1250650 2451.0
1250660 2451.0
1250670 2451.0
1250680 2450.6
1250690 2450.5
1250700 2450.5
1250710 2451.8
1250720 2454.0
1250730 2454.0
1250740 2456.9
1250750 2460.2
1250760 2460.2
1250770 2465.8
1250780 2475.1
1250790 2483.7
1250800 2483.7
1250810 2489.2
1250820 2493.1
1250830 2493.1
1250840 2493.0
1250850 2490.8
1250860 2490.8
1250870 2489.7
1250880 2490.0
1250890 2490.0
1250900 2492.1
1250910 2497.7
1250920 2497.7
1250930 2503.2
1250940 2503.2
1250950 2503.2
1250960 2503.7
1250970 2506.8
1250980 2506.8
1250990 2510.7
1251000 2511.6
1251010 2505.9
1251020 2505.9
1251030 2498.8
1251040 2490.8
1251050 2490.8
1251060 2482.8
1251070 2476.3
1251080 2476.3
1251090 2472.0
1251100 2470.0
1251110 2470.0
1251120 2463.6
1251130 2457.3
1251140 2457.3
1251150 2451.7
1251160 2445.5
1251170 2445.5
1251180 2438.9
1251190 2432.7
1251200 2432.7
1251210 2426.5
1251220 2420.2
1251230 2413.2
1251240 2413.2
1251250 2406.6
1251260 2399.9
1251270 2399.9
1251280 2393.2
1251290 2387.4
1251300 2387.4
1251310 2381.9
1251320 2376.9
1251330 2376.9
1251340 2371.9
1251350 2367.2
1251360 2367.2
1251370 2362.5
1251380 2357.5
1251390 2357.5
1251400 2352.8
1251410 2348.2
1251420 2348.2
1251430 2342.9
1251440 2339.3
1251450 2339.3
1251460 2336.8
1251470 2333.1
1251480 2330.6
1251490 2330.6
1251500 2327.8
1251510 2324.4
1251520 2324.4
1251530 2320.9
1251540 2316.9
1251550 2316.9
1251560 2313.8
1251570 2310.2
1251580 2310.2
1251590 2306.2
1251600 2301.4
1251610 2301.4
1251620 2295.7
1251630 2289.1
1251640 2289.1
1251650 2279.2
1251660 2273.7
1251670 2273.7
1251680 2268.4
1251690 2261.9
1251700 2254.8
1251710 2254.8
1251720 2247.5
1251730 2239.2
1251740 2239.2
1251750 2232.4
1251760 2226.6
1251770 2226.6
1251780 2220.8
1251790 2214.6
1251800 2214.6
1251810 2208.1
1251820 2201.9
1251830 2201.9
1251840 2196.4
1251850 2192.3
1251860 2192.3
1251870 2189.2
1251880 2186.1
1251890 2186.1
1251900 2183.8
1251910 2181.8
1251920 2177.6
1251930 2177.6
1251940 2172.8
1251950 2168.0
1251960 2168.0
1251970 2163.1
1251980 2156.7
1251990 2156.7
1252000 2150.8
1252010 2145.3
1252020 2145.3
1252030 2141.2
1252040 2136.7
1252050 2136.7
1252060 2130.9
1252070 2125.3
1252080 2125.3
1252090 2119.8
1252100 2115.0
1252110 2115.0
1252120 2111.2
1252130 2107.1
1252140 2102.2
1252150 2102.2
1252160 2097.3
1252170 2092.0
1252180 2092.0
1252190 2083.3
1252200 2079.4
1252210 2079.4
1252220 2074.9
1252230 2070.1
1252240 2070.1
1252250 2065.6
1252260 2060.9
1252270 2060.9
1252280 2056.7
1252290 2052.7
1252300 2052.7
1252310 2048.8
1252320 2044.9
1252330 2044.9
1252340 2040.6
1252350 2036.3
1252360 2032.3
1252370 2032.3
1252380 2027.4
1252390 2022.6
1252400 2022.6
1252410 2019.3
1252420 2018.8
1252430 2018.8
1252440 2015.6
1252450 2012.5
1252460 2012.5
1252470 2011.7
1252480 2011.9
1252490 2011.9
1252500 2012.1
1252510 2011.4
1252520 2011.4
1252530 2009.6
1252540 2007.1
1252550 2007.1
1252560 2003.7
1252570 1998.3
1252580 1992.3
1252590 1992.3
1252600 1989.2
1252610 1989.4
1252620 1989.4
1252630 1989.8
1252640 1990.0
1252650 1990.0
1252660 1990.8
1252670 1992.6
1252680 1992.6
1252690 1993.6
1252700 1989.9
1252710 1989.9
1252720 1981.4
1252730 1972.7
1252740 1970.2
1252750 1961.9
1252760 1954.1
1252770 1954.1
1252780 1947.0
1252790 1939.5
1252800 1931.9
1252810 1931.9
1252820 1925.0
1252830 1919.1
1252840 1919.1
1252850 1914.2
1252860 1910.0
1252870 1910.0
1252880 1906.0
1252890 1901.6
1252900 1901.6
1252910 1897.0
1252920 1893.1
1252930 1893.1
1252940 1889.8
1252950 1886.1
1252960 1886.1
1252970 1882.3
1252980 1878.5
1252990 1878.5
1253000 1874.7
1253010 1870.1
1253020 1870.1
1253030 1865.0
1253040 1858.4
1253050 1851.2
1253060 1851.2
1253070 1846.9
1253080 1844.8
1253090 1844.8
1253100 1842.4
1253110 1840.8
1253120 1840.8
1253130 1839.2
1253140 1837.9
1253150 1837.9
1253160 1840.0
1253170 1838.3
1253180 1838.3
1253190 1834.4
1253200 1831.0
1253210 1831.0
1253220 1827.4
1253230 1823.5
1253240 1823.5
1253250 1819.7
1253260 1816.0
1253270 1811.9
1253280 1811.9
1253290 1807.9
1253300 1804.6
1253310 1804.6
1253320 1801.5
1253330 1798.6
1253340 1798.6
1253350 1795.4
1253360 1792.6
1253370 1792.6
1253380 1789.9
1253390 1786.7
1253400 1786.7
1253410 1784.2
1253420 1782.4
1253430 1782.4
1253440 1780.3
1253450 1777.8
1253460 1777.8
1253470 1774.8
1253480 1770.2
1253490 1765.4
1253500 1765.4
1253510 1760.5
1253520 1755.5
1253530 1755.5
1253540 1751.0
1253550 1745.9
1253560 1745.9
1253570 1741.2
1253580 1737.5
1253590 1737.5
1253600 1733.9
1253610 1730.3
1253620 1730.3
1253630 1727.2
1253640 1724.4
1253650 1724.4
1253660 1720.8
1253670 1716.7
1253680 1716.7
1253690 1712.6
1253700 1708.8
1253710 1704.8
1253720 1704.8
1253730 1700.5
1253740 1696.4
1253750 1696.4
1253760 1692.3
1253770 1686.7
1253780 1686.7
1253790 1681.5
1253800 1677.4
1253810 1677.4
1253820 1674.1
1253830 1669.7
1253840 1670.5
1253850 1665.6
1253860 1660.7
1253870 1660.7
1253880 1656.6
1253890 1653.0
1253900 1653.0
1253910 1649.4
1253920 1646.4
1253930 1644.0
1253940 1644.0
1253950 1641.0
1253960 1638.1
1253970 1638.1
1253980 1634.7
1253990 1631.5
1254000 1631.5
1254010 1627.2
1254020 1623.3
1254030 1623.3
1254040 1619.2
1254050 1617.1
1254060 1617.1
1254070 1613.7
1254080 1608.7
1254090 1608.7
1254100 1604.1
1254110 1600.0
1254120 1600.0
1254130 1596.2
1254140 1592.2
1254150 1586.9
1254160 1586.9
1254170 1581.2
1254180 1574.8
1254190 1574.8
1254200 1568.1
1254210 1561.7
1254220 1561.7
1254230 1555.6
1254240 1548.2
1254250 1548.2
1254260 1540.2
1254270 1532.7
1254280 1532.7
1254290 1527.6
1254300 1522.7
1254310 1522.7
1254320 1516.9
1254330 1510.7
1254340 1510.7
1254350 1504.7
1254360 1498.4
1254370 1492.2
1254380 1492.2
1254390 1486.3
1254400 1480.5
1254410 1480.5
1254420 1474.8
1254430 1469.5
1254440 1469.5
1254450 1465.0
1254460 1461.0
1254470 1461.0
1254480 1456.7
1254490 1453.0
1254500 1453.0
1254510 1449.8
1254520 1446.5
1254530 1446.5
1254540 1442.9
1254550 1439.5
1254560 1439.5
1254570 1435.0
1254580 1431.1
1254590 1431.1
1254600 1427.1
1254610 1422.8
1254620 1418.8
1254630 1418.8
1254640 1414.1
1254650 1409.1
1254660 1409.1
1254670 1404.0
1254680 1399.2
1254690 1399.2
1254700 1394.4
1254710 1389.8
1254720 1389.8
1254730 1385.1
1254740 1380.4
1254750 1380.4
1254760 1375.5
1254770 1370.7
1254780 1370.7
1254790 1364.6
1254800 1358.6
1254810 1358.6
1254820 1353.7
1254830 1350.4
1254840 1347.9
1254850 1347.9
1254860 1345.2
1254870 1343.0
1254880 1343.0
1254890 1340.2
1254900 1337.1
1254910 1337.1
1254920 1334.4
1254930 1331.4
1254940 1329.1
1254950 1324.8
1254960 1320.0
1254970 1320.0
1254980 1315.7
1254990 1310.8
1255000 1310.8
1255010 1305.6
1255020 1299.3
1255030 1299.3
1255040 1292.9
1255050 1286.3
1255060 1279.2
1255070 1279.2
1255080 1270.4
1255090 1260.2
1255100 1260.2
1255110 1249.5
1255120 1239.9
1255130 1239.9
1255140 1230.0
1255150 1219.1
1255160 1219.1
1255170 1209.1
1255180 1200.0
1255190 1200.0
1255200 1191.5
1255210 1183.6
1255220 1183.6
1255230 1175.9
1255240 1168.1
1255250 1168.1
1255260 1160.2
1255270 1152.5
1255280 1145.4
1255290 1145.4
1255300 1138.7
1255310 1132.5
1255320 1132.5
1255330 1127.3
1255340 1122.8
1255350 1122.8
1255360 1119.9
1255370 1116.1
1255380 1116.1
1255390 1109.7
1255400 1104.9
1255410 1104.9
1255420 1101.5
1255430 1097.2
1255440 1097.2
1255450 1093.6
1255460 1090.0
1255470 1090.0
1255480 1086.8
1255490 1084.1
1255500 1080.9
1255510 1080.9
1255520 1078.0
1255530 1075.2
1255540 1075.2
1255550 1072.7
1255560 1070.3
1255570 1070.3
1255580 1067.2
1255590 1065.3
1255600 1065.3
1255610 1064.4
1255620 1061.6
1255630 1061.6
1255640 1057.0
1255650 1051.9
1255660 1051.9
1255670 1047.0
1255680 1041.6
1255690 1041.6
1255700 1035.8
1255710 1029.9
1255720 1027.2
1255730 1027.2
1255740 1025.4
1255750 1023.3
1255760 1023.3
1255770 1020.4
1255780 1018.0
1255790 1018.0
1255800 1017.4
1255810 1017.1
1255820 1017.1
1255830 1017.0
1255840 1016.8
1255850 1016.8
1255860 1016.6
1255870 1016.5
1255880 1016.5
1255890 1016.6
1255900 1016.6
1255910 1016.6
1255920 1016.8
1255930 1016.5
1255940 1016.4
1255950 1016.4
1255960 1016.1
1255970 1016.0
1255980 1016.0
1255990 1015.8
1256000 1015.3
1256010 1015.3
1256020 1014.4
1256030 1013.8
1256040 1013.8
1256050 1012.0
1256060 1012.0
1256070 1012.0
1256080 1012.1
1256090 1012.8
1256100 1012.8
1256110 1012.6
1256120 1012.0
1256130 1012.0
1256140 1011.7
1256150 1011.6
1256160 1011.6
1256170 1011.5
1256180 1011.4
1256190 1011.3
1256200 1011.3
1256210 1011.3
1256220 1011.4
1256230 1011.4
1256240 1011.8
1256250 1012.5
1256260 1012.5
1256270 1012.3
1256280 1010.7
1256290 1010.7
1256300 1011.5
1256310 1012.2
1256320 1012.2
1256330 1011.3
1256340 1010.2
1256350 1010.2
1256360 1009.6
1256370 1009.4
1256380 1009.4
1256390 1009.2
1256400 1009.1
1256410 1009.0
1256420 1009.0
1256430 1009.0
1256440 1008.8
1256450 1008.8
1256460 1008.7
1256470 1008.6
1256480 1008.6
1256490 1008.5
1256500 1008.4
1256510 1008.4
1256520 1008.3
1256530 1008.6
1256540 1008.6
1256550 1009.1
1256560 1009.3
1256570 1009.3
1256580 1009.5
1256590 1009.7
1256600 1009.9
1256610 1009.9
1256620 1010.1
1256630 1010.2
1256640 1010.2
1256650 1010.3
1256660 1010.5
1256670 1010.5
1256680 1010.9
1256690 1015.8
1256700 1015.8
1256710 1022.1
1256720 1026.5
1256730 1026.5
1256740 1030.3
1256750 1034.5
1256760 1034.5
1256770 1038.9
1256780 1042.3
1256790 1042.3
1256800 1045.6
1256810 1049.4
1256820 1049.4
1256830 1054.0
1256840 1058.8
1256850 1063.3
1256860 1063.3
1256870 1067.5
1256880 1071.8
1256890 1071.8
1256900 1076.2
1256910 1080.9
1256920 1080.9
1256930 1085.9
1256940 1090.6
1256950 1090.6
1256960 1094.9
1256970 1098.9
1256980 1098.9
1256990 1103.0
1257000 1107.0
1257010 1107.0
1257020 1112.0
1257030 1113.9
1257040 1113.9
1257050 1115.4
1257060 1117.8
1257070 1119.4
1257080 1119.4
1257090 1121.3
1257100 1122.8
1257110 1122.8
1257120 1124.4
1257130 1126.7
1257140 1126.7
1257150 1128.3
1257160 1133.6
1257170 1133.6
1257180 1134.5
1257190 1136.6
1257200 1136.6
1257210 1141.8
1257220 1152.3
1257230 1152.3
1257240 1159.0
1257250 1164.5
1257260 1164.5
1257270 1169.2
1257280 1173.5
1257290 1176.6
1257300 1176.6
1257310 1179.1
1257320 1181.0
1257330 1181.0
1257340 1183.7
1257350 1186.8
1257360 1186.8
1257370 1189.3
1257380 1191.7
1257390 1191.7
1257400 1193.4
1257410 1196.3
1257420 1196.3
1257430 1199.3
1257440 1202.2
1257450 1202.2
1257460 1205.4
1257470 1210.4
1257480 1210.4
1257490 1216.9
1257500 1223.4
1257510 1227.8
1257520 1227.8
1257530 1232.3
1257540 1235.2
1257550 1235.2
1257560 1237.7
1257570 1240.3
1257580 1240.3
1257590 1242.4
1257600 1245.0
1257610 1245.0
1257620 1249.1
1257630 1260.3
1257640 1260.3
1257650 1271.1
1257660 1276.0
1257670 1276.0
1257680 1276.4
1257690 1272.9
1257700 1272.9
1257710 1270.5
1257720 1279.3
1257730 1279.3
1257740 1281.6
1257750 1283.8
1257760 1287.6
1257770 1287.6
1257780 1290.5
1257790 1296.0
1257800 1296.0
1257810 1309.1
1257820 1313.5
1257830 1313.5
1257840 1314.4
1257850 1321.2
1257860 1321.2
1257870 1328.0
1257880 1334.6
1257890 1334.6
1257900 1335.1
1257910 1334.3
1257920 1334.3
1257930 1335.0
1257940 1337.0
1257950 1337.0
1257960 1340.2
1257970 1346.8
1257980 1358.0
1257990 1358.0
1258000 1369.6
1258010 1373.1
1258020 1373.1
1258030 1380.8
1258040 1390.8
1258050 1390.8
1258060 1397.7
1258070 1395.7
1258080 1395.7
1258090 1395.5
1258100 1397.0
1258110 1397.0
1258120 1399.0
1258130 1403.6
1258140 1403.6
1258150 1414.1
1258160 1424.2
1258170 1424.2
1258180 1419.5
1258190 1414.3
1258200 1412.8
1258210 1412.8
1258220 1412.8
1258230 1415.3
1258240 1415.3
1258250 1418.5
1258260 1423.6
1258270 1423.6
1258280 1436.7
1258290 1447.5
1258300 1447.5
1258310 1453.7
1258320 1453.8
1258330 1453.8
1258340 1456.7
1258350 1458.0
1258360 1458.0
1258370 1458.2
1258380 1461.6
1258390 1461.6
1258400 1465.5
1258410 1470.5
1258420 1478.0
1258430 1478.0
1258440 1486.4
1258450 1495.7
1258460 1495.7
1258470 1504.9
1258480 1514.4
1258490 1514.4
1258500 1526.0
1258510 1538.8
1258520 1538.8
1258530 1546.2
1258540 1547.4
1258550 1547.4
1258560 1550.1
1258570 1554.6
1258580 1554.6
1258590 1558.7
1258600 1559.6
1258610 1559.6
1258620 1559.0
1258630 1559.3
1258640 1559.8
1258650 1559.8
1258660 1561.5
1258670 1561.6
1258680 1561.6
1258690 1559.4
1258700 1555.9
1258710 1555.9
1258720 1552.4
1258730 1548.7
1258740 1548.7
1258750 1547.4
1258760 1547.8
1258770 1547.8
1258780 1548.6
1258790 1552.1
1258800 1552.1
1258810 1555.2
1258820 1554.5
1258830 1554.5
1258840 1561.9
1258850 1561.9
1258860 1560.9
1258870 1560.9
1258880 1557.3
1258890 1552.1
1258900 1552.1
1258910 1548.9
1258920 1545.9
1258930 1545.9
1258940 1541.0
1258950 1535.8
1258960 1535.8
1258970 1532.4
1258980 1528.8
1258990 1528.8
1259000 1524.3
1259010 1521.2
1259020 1521.2
1259030 1520.7
1259040 1520.0
1259050 1520.0
1259060 1517.1
1259070 1512.1
1259080 1506.7
1259090 1506.7
1259100 1502.1
1259110 1499.8
1259120 1499.8
1259130 1496.8
1259140 1493.8
1259150 1493.8
1259160 1489.2
1259170 1487.3
1259180 1487.3
1259190 1485.3
1259200 1492.8
1259210 1492.8
1259220 1501.3
1259230 1507.8
1259240 1507.8
1259250 1518.2
1259260 1532.4
1259270 1532.4
1259280 1540.3
1259290 1546.0
1259300 1546.0
1259310 1549.1
1259320 1549.4
1259330 1550.5
1259340 1550.5
1259350 1556.7
1259360 1563.7
1259370 1563.7
1259380 1569.7
1259390 1573.9
1259400 1580.1
1259410 1585.9
1259420 1590.8
1259430 1590.8
1259440 1596.2
1259450 1602.0
1259460 1602.0
1259470 1607.2
1259480 1611.7
1259490 1611.7
1259500 1616.8
1259510 1623.0
1259520 1623.0
1259530 1629.4
1259540 1635.3
1259550 1639.7
1259560 1639.7
1259570 1643.4
1259580 1647.7
1259590 1647.7
1259600 1651.6
1259610 1655.2
1259620 1655.2
1259630 1659.4
1259640 1664.5
1259650 1664.5
1259660 1670.2
1259670 1677.3
1259680 1677.3
1259690 1683.4
1259700 1690.1
1259710 1690.1
1259720 1698.0
1259730 1703.5
1259740 1703.5
1259750 1707.0
1259760 1710.3
1259770 1713.5
1259780 1713.5
1259790 1716.2
1259800 1720.0
1259810 1720.0
1259820 1724.3
1259830 1728.7
1259840 1728.7
1259850 1733.1
1259860 1737.2
1259870 1737.2
1259880 1741.0
1259890 1744.6
1259900 1744.6
1259910 1747.2
1259920 1750.0
1259930 1750.0
1259940 1752.9
1259950 1756.4
1259960 1762.6
1259970 1766.5
1259980 1769.2
1259990 1770.8
