1240000 2721.2
1240010 2721.2
1240020 2718.1
1240030 2713.6
1240040 2713.6
1240050 2709.7
1240060 2705.8
1240070 2705.8
1240080 2701.6
1240090 2698.8
1240100 2698.8
1240110 2696.6
1240120 2693.9
1240130 2693.9
1240140 2691.1
1240150 2685.5
1240160 2685.5
1240170 2680.9
1240180 2677.0
1240190 2673.8
1240200 2673.8
1240210 2670.2
1240220 2667.1
1240230 2667.1
1240240 2663.6
1240250 2661.2
1240260 2661.2
1240270 2662.9
1240280 2662.2
1240290 2662.2
1240300 2661.5
1240310 2660.8
1240320 2660.8
1240330 2660.1
1240340 2659.2
1240350 2659.2
1240360 2659.2
1240370 2659.9
1240380 2659.9
1240390 2661.3
1240400 2663.7
1240410 2665.4
1240420 2665.4
1240430 2667.8
1240440 2670.7
1240450 2670.7
1240460 2674.3
1240470 2678.4
1240480 2678.4
1240490 2681.8
1240500 2685.4
1240510 2685.4
1240520 2689.1
1240530 2692.6
1240540 2692.6
1240550 2695.1
1240560 2697.4
1240570 2697.4
1240580 2700.0
1240590 2703.2
1240600 2703.2
1240610 2708.9
1240620 2725.1
1240630 2740.7
1240640 2740.7
1240650 2749.2
1240660 2762.5
1240670 2762.5
1240680 2793.5
1240690 2820.4
1240700 2820.4
1240710 2829.1
1240720 2835.3
1240730 2835.3
1240740 2842.7
1240750 2849.2
1240760 2849.2
1240770 2855.2
1240780 2860.8
1240790 2867.7
1240800 2872.7
1240810 2877.4
1240820 2877.4
1240830 2886.1
1240840 2897.3
1240850 2905.7
1240860 2905.7
1240870 2915.8
1240880 2927.9
1240890 2927.9
1240900 2936.6
1240910 2946.8
1240920 2946.8
1240930 2960.0
1240940 2963.7
1240950 2963.7
1240960 2968.9
1240970 2968.9
1240980 2968.9
1240990 2966.3
1241000 2964.1
1241010 2964.1
1241020 2962.5
1241030 2960.4
1241040 2960.4
1241050 2957.2
1241060 2953.5
1241070 2948.8
1241080 2948.8
1241090 2945.7
1241100 2944.0
1241110 2944.0
1241120 2942.4
1241130 2941.3
1241140 2941.3
1241150 2942.0
1241160 2944.6
1241170 2944.6
1241180 2949.4
1241190 2955.0
1241200 2955.0
1241210 2960.5
1241220 2959.9
1241230 2959.9
1241240 2946.8
1241250 2932.6
1241260 2932.6
1241270 2922.0
1241280 2906.8
1241290 2895.4
1241300 2895.4
1241310 2886.3
1241320 2876.7
1241330 2876.7
1241340 2865.3
1241350 2854.7
1241360 2854.7
1241370 2843.3
1241380 2830.4
1241390 2830.4
1241400 2820.7
1241410 2814.1
1241420 2814.1
1241430 2807.5
1241440 2800.7
1241450 2800.7
1241460 2793.8
1241470 2787.0
1241480 2787.0
1241490 2780.0
1241500 2773.2
1241510 2773.2
1241520 2766.8
1241530 2760.5
1241540 2754.3
1241550 2754.3
1241560 2748.3
1241570 2742.3
1241580 2742.3
1241590 2736.5
1241600 2731.0
1241610 2731.0
1241620 2725.6
1241630 2720.6
1241640 2720.6
1241650 2715.9
1241660 2712.0
1241670 2712.0
1241680 2708.7
1241690 2705.1
1241700 2705.1
1241710 2701.5
1241720 2698.8
1241730 2698.8
1241740 2696.4
1241750 2694.5
1241760 2693.2
1241770 2693.2
1241780 2692.0
1241790 2691.3
1241800 2691.3
1241810 2692.0
1241820 2694.0
1241830 2694.0
1241840 2690.5
1241850 2690.7
1241860 2690.7
1241870 2689.5
1241880 2686.9
1241890 2686.9
1241900 2685.9
1241910 2685.2
1241920 2685.2
1241930 2685.6
1241940 2685.1
1241950 2685.1
1241960 2684.8
1241970 2684.0
1241980 2682.1
1241990 2682.1
1242000 2680.0
1242010 2678.1
1242020 2678.1
1242030 2677.3
1242040 2675.5
1242050 2675.5
1242060 2672.6
1242070 2671.2
1242080 2671.2
1242090 2670.1
1242100 2668.6
1242110 2668.6
1242120 2667.7
1242130 2668.4
1242140 2668.4
1242150 2668.5
1242160 2669.1
1242170 2669.1
1242180 2669.2
1242190 2669.0
1242200 2669.9
1242210 2669.9
1242220 2671.4
1242230 2673.5
1242240 2673.5
1242250 2680.8
1242260 2687.7
1242270 2687.7
1242280 2694.6
1242290 2700.3
1242300 2700.3
1242310 2704.2
1242320 2712.5
1242330 2712.5
1242340 2722.8
1242350 2728.9
1242360 2716.7
1242370 2720.1
1242380 2730.0
1242390 2730.0
1242400 2739.6
1242410 2742.5
1242420 2737.1
1242430 2737.1
1242440 2736.2
1242450 2730.0
1242460 2730.0
1242470 2719.9
1242480 2722.5
1242490 2722.5
1242500 2715.8
1242510 2703.4
1242520 2703.4
1242530 2688.6
1242540 2674.7
1242550 2674.7
1242560 2678.3
1242570 2704.3
1242580 2704.3
1242590 2711.4
1242600 2709.3
1242610 2709.3
1242620 2704.3
1242630 2697.4
1242640 2687.0
1242650 2687.0
1242660 2682.3
1242670 2700.7
1242680 2700.7
1242690 2706.9
1242700 2696.0
1242710 2696.0
1242720 2679.2
1242730 2664.6
1242740 2664.6
1242750 2654.8
1242760 2641.4
1242770 2641.4
1242780 2626.8
1242790 2613.6
1242800 2613.6
1242810 2602.8
1242820 2592.3
1242830 2592.3
1242840 2580.4
1242850 2574.5
1242860 2569.7
1242870 2569.7
1242880 2570.4
1242890 2565.8
1242900 2565.8
1242910 2560.8
1242920 2554.4
1242930 2554.4
1242940 2546.7
1242950 2542.4
1242960 2542.4
1242970 2539.4
1242980 2540.2
1242990 2540.2
1243000 2535.3
1243010 2537.6
1243020 2537.6
1243030 2544.0
1243040 2548.3
1243050 2548.3
1243060 2554.6
1243070 2553.8
1243080 2549.0
1243090 2549.0
1243100 2541.1
1243110 2534.8
1243120 2534.8
1243130 2529.9
1243140 2526.8
1243150 2526.8
1243160 2527.2
1243170 2529.6
1243180 2529.6
1243190 2530.6
1243200 2525.0
1243210 2525.0
1243220 2516.5
1243230 2507.8
1243240 2507.8
1243250 2498.7
1243260 2489.2
1243270 2489.2
1243280 2480.2
1243290 2471.3
1243300 2471.3
1243310 2463.8
1243320 2455.8
1243330 2448.0
1243340 2448.0
1243350 2441.7
1243360 2435.4
1243370 2435.4
1243380 2429.4
1243390 2424.3
1243400 2424.3
1243410 2420.2
1243420 2413.3
1243430 2413.3
1243440 2408.2
1243450 2402.7
1243460 2402.7
1243470 2395.9
1243480 2388.7
1243490 2388.7
1243500 2379.6
1243510 2369.8
1243520 2369.8
1243530 2361.8
1243540 2353.2
1243550 2344.6
1243560 2344.6
1243570 2336.0
1243580 2327.7
1243590 2327.7
1243600 2319.8
1243610 2314.4
1243620 2314.4
1243630 2311.4
1243640 2309.1
1243650 2309.1
1243660 2307.3
1243670 2305.9
1243680 2305.9
1243690 2303.4
1243700 2298.7
1243710 2298.7
1243720 2295.5
1243730 2292.3
1243740 2292.3
1243750 2289.8
1243760 2287.8
1243770 2284.3
1243780 2284.3
1243790 2277.9
1243800 2272.5
1243810 2272.5
1243820 2268.8
1243830 2264.7
1243840 2264.7
1243850 2260.6
1243860 2257.5
1243870 2257.5
1243880 2253.9
1243890 2248.7
1243900 2248.7
1243910 2242.4
1243920 2238.4
1243930 2238.4
1243940 2227.6
1243950 2224.1
1243960 2224.1
1243970 2220.7
1243980 2213.1
1243990 2207.4
1244000 2207.4
1244010 2204.4
1244020 2202.2
1244030 2202.2
1244040 2199.6
1244050 2195.6
1244060 2195.6
1244070 2187.9
1244080 2182.4
1244090 2182.4
1244100 2176.1
1244110 2170.5
1244120 2170.5
1244130 2167.5
1244140 2165.7
1244150 2165.7
1244160 2162.3
1244170 2159.0
1244180 2159.0
1244190 2154.8
1244200 2150.8
1244210 2148.0
1244220 2148.0
1244230 2145.2
1244240 2143.2
1244250 2143.2
1244260 2140.9
1244270 2137.5
1244280 2137.5
1244290 2133.7
1244300 2129.3
1244310 2129.3
1244320 2126.9
1244330 2126.9
1244340 2126.9
1244350 2126.2
1244360 2124.0
1244370 2124.0
1244380 2121.5
1244390 2118.3
1244400 2118.3
1244410 2118.4
1244420 2118.9
1244430 2117.8
1244440 2117.8
1244450 2115.9
1244460 2109.4
1244470 2109.4
1244480 2109.1
1244490 2107.6
1244500 2107.6
1244510 2105.8
1244520 2104.1
1244530 2104.1
1244540 2102.9
1244550 2102.5
1244560 2102.5
1244570 2101.8
1244580 2100.7
1244590 2100.7
1244600 2099.0
1244610 2096.3
1244620 2096.3
1244630 2092.8
1244640 2089.4
1244650 2085.5
1244660 2085.5
1244670 2081.4
1244680 2077.5
1244690 2077.5
1244700 2074.1
1244710 2071.7
1244720 2071.7
1244730 2070.0
1244740 2067.3
1244750 2067.3
1244760 2062.3
1244770 2057.1
1244780 2057.1
1244790 2052.2
1244800 2047.9
1244810 2047.9
1244820 2042.8
1244830 2037.1
1244840 2037.1
1244850 2030.5
1244860 2023.2
1244870 2016.5
1244880 2016.5
1244890 2010.6
1244900 2003.5
1244910 2003.5
1244920 1996.1
1244930 1988.8
1244940 1988.8
1244950 1980.1
1244960 1969.3
1244970 1969.3
1244980 1960.2
1244990 1950.1
1245000 1950.1
1245010 1940.7
1245020 1927.6
1245030 1927.6
1245040 1914.3
1245050 1900.7
1245060 1900.7
1245070 1888.0
1245080 1877.5
1245090 1877.5
1245100 1867.4
1245110 1857.4
1245120 1847.7
1245130 1847.7
1245140 1837.2
1245150 1827.9
1245160 1827.9
1245170 1820.1
1245180 1812.5
1245190 1812.5
1245200 1805.6
1245210 1798.9
1245220 1798.9
1245230 1791.7
1245240 1784.3
1245250 1784.3
1245260 1777.6
1245270 1769.8
1245280 1769.8
1245290 1763.0
1245300 1755.7
1245310 1755.7
1245320 1751.3
1245330 1745.6
1245340 1738.5
1245350 1738.5
1245360 1734.8
1245370 1733.9
1245380 1733.9
1245390 1732.7
1245400 1731.8
1245410 1731.8
1245420 1731.7
1245430 1731.5
1245440 1731.5
1245450 1730.5
1245460 1729.5
1245470 1729.5
1245480 1729.1
1245490 1728.7
1245500 1728.7
1245510 1728.4
1245520 1728.2
1245530 1728.2
1245540 1727.8
1245550 1727.9
1245560 1728.0
1245570 1728.0
1245580 1728.0
1245590 1728.0
1245600 1728.0
1245610 1727.5
1245620 1727.8
1245630 1727.8
1245640 1727.7
1245650 1727.6
1245660 1727.6
1245670 1727.5
1245680 1727.4
1245690 1727.4
1245700 1727.3
1245710 1727.1
1245720 1727.1
1245730 1726.7
1245740 1726.0
1245750 1726.0
1245760 1725.9
1245770 1726.0
1245780 1725.5
1245790 1725.5
1245800 1724.3
1245810 1723.0
1245820 1723.0
1245830 1722.5
1245840 1722.3
1245850 1722.3
1245860 1722.1
1245870 1722.0
1245880 1722.0
1245890 1721.7
1245900 1721.4
1245910 1721.4
1245920 1721.2
1245930 1721.2
1245940 1721.2
1245950 1721.0
1245960 1720.7
1245970 1720.7
1245980 1720.5
1245990 1720.4
1246000 1720.4
1246010 1720.4
1246020 1720.6
1246030 1720.8
1246040 1720.8
1246050 1720.7
1246060 1720.7
1246070 1720.7
1246080 1720.7
1246090 1721.0
1246100 1721.0
1246110 1721.1
1246120 1722.8
1246130 1722.8
1246140 1725.9
1246150 1726.6
1246160 1726.6
1246170 1726.0
1246180 1726.8
1246190 1726.8
1246200 1729.9
1246210 1733.8
1246220 1737.8
1246230 1737.8
1246240 1741.5
1246250 1743.4
1246260 1743.4
1246270 1746.6
1246280 1751.2
1246290 1751.2
1246300 1755.1
1246310 1758.3
1246320 1758.3
1246330 1762.2
1246340 1766.8
1246350 1766.8
1246360 1771.1
1246370 1774.8
1246380 1774.8
1246390 1779.3
1246400 1784.4
1246410 1784.4
1246420 1789.7
1246430 1794.9
1246440 1801.0
1246450 1801.0
1246460 1810.1
1246470 1819.6
1246480 1819.6
1246490 1827.4
1246500 1832.5
1246510 1832.5
1246520 1839.2
1246530 1846.8
1246540 1846.8
1246550 1852.8
1246560 1857.7
1246570 1857.7
1246580 1864.2
1246590 1876.2
1246600 1876.2
1246610 1883.3
1246620 1889.6
1246630 1889.6
1246640 1896.5
1246650 1902.9
1246660 1908.4
1246670 1908.4
1246680 1914.8
1246690 1921.6
1246700 1921.6
1246710 1928.6
1246720 1935.7
1246730 1935.7
1246740 1942.9
1246750 1950.8
1246760 1950.8
1246770 1959.3
1246780 1967.3
1246790 1967.3
1246800 1972.7
1246810 1978.8
1246820 1978.8
1246830 1984.6
1246840 1990.3
1246850 1990.3
1246860 1995.6
1246870 1999.1
1246880 1999.1
1246890 2000.5
1246900 2000.5
1246910 2000.5
1246920 2000.5
1246930 2002.7
1246940 2007.5
1246950 2007.5
1246960 2011.3
1246970 2012.5
1246980 2012.5
1246990 2012.9
1247000 2012.9
1247010 2012.9
1247020 2012.9
1247030 2014.1
1247040 2014.1
1247050 2013.8
1247060 2014.3
1247070 2014.3
1247080 2014.9
1247090 2014.8
1247100 2014.8
1247110 2014.7
1247120 2015.3
1247130 2012.6
1247140 2012.6
1247150 2012.4
1247160 2012.9
1247170 2012.9
1247180 2015.0
1247190 2018.5
1247200 2018.5
1247210 2023.2
1247220 2028.8
1247230 2028.8
1247240 2034.6
1247250 2041.8
1247260 2041.8
1247270 2049.5
1247280 2057.6
1247290 2057.6
1247300 2065.9
1247310 2073.9
1247320 2073.9
1247330 2081.2
1247340 2088.6
1247350 2096.6
1247360 2096.6
1247370 2106.0
1247380 2115.0
1247390 2115.0
1247400 2125.2
1247410 2137.7
1247420 2137.7
1247430 2162.9
1247440 2187.1
1247450 2187.1
1247460 2201.9
1247470 2211.4
1247480 2211.4
1247490 2218.4
1247500 2224.9
1247510 2224.9
1247520 2231.8
1247530 2237.8
1247540 2237.8
1247550 2242.6
1247560 2246.7
1247570 2251.0
1247580 2251.0
1247590 2255.3
1247600 2260.2
1247610 2260.2
1247620 2264.9
1247630 2268.1
1247640 2268.1
1247650 2279.8
1247660 2282.6
1247670 2282.6
1247680 2284.1
1247690 2284.6
1247700 2284.6
1247710 2282.6
1247720 2279.4
1247730 2279.4
1247740 2275.8
1247750 2272.2
1247760 2272.2
1247770 2267.5
1247780 2262.2
1247790 2251.9
1247800 2251.9
1247810 2243.2
1247820 2230.7
1247830 2230.7
1247840 2212.2
1247850 2194.4
1247860 2194.4
1247870 2182.8
1247880 2173.5
1247890 2173.5
1247900 2161.8
1247910 2154.8
1247920 2154.8
1247930 2148.3
1247940 2142.9
1247950 2142.9
1247960 2137.2
1247970 2132.8
1247980 2132.8
1247990 2131.3
1248000 2131.2
1248010 2128.4
1248020 2128.4
1248030 2123.2
1248040 2117.1
1248050 2117.1
1248060 2110.4
1248070 2104.1
1248080 2104.1
1248090 2098.1
1248100 2092.8
1248110 2092.8
1248120 2085.9
1248130 2077.7
1248140 2077.7
1248150 2073.8
1248160 2075.0
1248170 2075.0
1248180 2072.0
1248190 2077.1
1248200 2077.1
1248210 2080.7
1248220 2083.7
1248230 2080.7
1248240 2080.7
1248250 2077.1
1248260 2075.9
1248270 2075.9
1248280 2081.2
1248290 2087.7
1248300 2087.7
1248310 2098.0
1248320 2106.8
1248330 2106.8
1248340 2114.8
1248350 2126.7
1248360 2126.7
1248370 2135.0
1248380 2144.5
1248390 2144.5
1248400 2153.3
1248410 2159.0
1248420 2159.0
1248430 2164.3
1248440 2170.7
1248450 2170.6
1248460 2170.6
1248470 2168.0
1248480 2167.2
1248490 2167.2
1248500 2178.5
1248510 2194.7
1248520 2194.7
1248530 2199.7
1248540 2199.2
1248550 2199.2
1248560 2198.3
1248570 2197.5
1248580 2197.5
1248590 2196.0
1248600 2192.0
1248610 2192.0
1248620 2183.9
1248630 2174.6
1248640 2174.6
1248650 2163.3
1248660 2151.9
1248670 2151.9
1248680 2144.2
1248690 2139.1
1248700 2138.0
1248710 2138.0
1248720 2140.8
1248730 2147.3
1248740 2147.3
1248750 2150.2
1248760 2152.2
1248770 2152.2
1248780 2153.2
1248790 2153.7
1248800 2153.7
1248810 2153.2
1248820 2153.6
1248830 2153.6
1248840 2154.9
1248850 2155.5
1248860 2155.5
1248870 2157.0
1248880 2159.3
1248890 2159.3
1248900 2160.6
1248910 2162.4
1248920 2165.0
1248930 2165.0
1248940 2167.6
1248950 2168.9
1248960 2168.9
1248970 2169.3
1248980 2168.9
1248990 2168.9
1249000 2168.0
1249010 2168.3
1249020 2168.3
1249030 2170.2
1249040 2171.2
1249050 2171.2
1249060 2172.3
1249070 2174.4
1249080 2174.4
1249090 2176.4
1249100 2178.0
1249110 2178.0
1249120 2179.9
1249130 2180.8
1249140 2181.4
1249150 2181.4
1249160 2181.3
1249170 2182.3
1249180 2182.3
1249190 2183.7
1249200 2185.1
1249210 2185.1
1249220 2187.4
1249230 2191.7
1249240 2191.7
1249250 2198.1
1249260 2205.0
1249270 2204.8
1249280 2211.5
1249290 2218.7
1249300 2218.7
1249310 2226.1
1249320 2232.9
1249330 2232.9
1249340 2239.5
1249350 2246.7
1249360 2253.9
1249370 2253.9
1249380 2261.0
1249390 2267.3
1249400 2267.3
1249410 2272.6
1249420 2277.5
1249430 2277.5
1249440 2283.3
1249450 2289.3
1249460 2289.3
1249470 2295.0
1249480 2299.8
1249490 2299.8
1249500 2303.6
1249510 2307.0
1249520 2307.0
1249530 2310.6
1249540 2314.2
1249550 2314.2
1249560 2318.1
1249570 2322.3
1249580 2326.7
1249590 2326.7
1249600 2331.0
1249610 2335.5
1249620 2335.5
1249630 2340.1
1249640 2344.9
1249650 2344.9
1249660 2349.9
1249670 2355.2
1249680 2355.2
1249690 2360.6
1249700 2366.2
1249710 2366.2
1249720 2372.0
1249730 2377.9
1249740 2377.9
1249750 2383.9
1249760 2390.0
1249770 2390.0
1249780 2396.2
1249790 2402.6
1249800 2409.2
1249810 2407.6
1249820 2414.0
1249830 2420.5
1249840 2420.5
1249850 2427.0
1249860 2433.0
1249870 2433.0
1249880 2437.9
1249890 2441.3
1249900 2441.3
1249910 2450.2
1249920 2463.7
1249930 2463.7
1249940 2478.7
1249950 2494.9
1249960 2494.9
1249970 2508.6
1249980 2518.2
1249990 2518.2
1250000 2525.7
1250010 2534.8
1250020 2547.4
1250030 2547.4
1250040 2556.4
1250050 2564.9
1250060 2564.9
1250070 2571.8
1250080 2576.9
1250090 2576.9
1250100 2585.9
1250110 2597.6
1250120 2597.6
1250130 2606.9
1250140 2620.1
1250150 2620.1
1250160 2639.1
1250170 2652.8
1250180 2652.8
1250190 2663.9
1250200 2677.3
1250210 2677.3
1250220 2688.5
1250230 2689.8
1250240 2685.4
1250250 2685.4
1250260 2682.0
1250270 2679.3
1250280 2679.3
1250290 2676.8
1250300 2675.1
1250310 2675.1
1250320 2673.0
1250330 2671.0
1250340 2671.0
1250350 2664.0
1250360 2662.8
1250370 2662.8
1250380 2660.1
1250390 2656.7
1250400 2656.7
1250410 2653.8
1250420 2650.2
1250430 2650.2
1250440 2646.5
1250450 2643.2
1250460 2638.9
1250470 2638.9
1250480 2633.1
1250490 2628.2
1250500 2628.2
1250510 2623.7
1250520 2618.5
1250530 2618.5
1250540 2617.3
1250550 2617.4
1250560 2617.4
1250570 2611.1
1250580 2603.1
1250590 2603.1
1250600 2596.3
1250610 2589.5
1250620 2589.5
1250630 2583.9
1250640 2580.8
1250650 2580.8
1250660 2572.3
1250670 2558.9
1250680 2558.9
1250690 2547.1
1250700 2537.3
1250710 2529.8
1250720 2529.8
1250730 2523.5
1250740 2516.8
1250750 2516.8
1250760 2509.5
1250770 2501.8
1250780 2501.8
1250790 2494.9
1250800 2488.9
1250810 2488.9
1250820 2483.4
1250830 2478.3
1250840 2478.3
1250850 2472.8
1250860 2467.0
1250870 2467.0
1250880 2461.6
1250890 2452.6
1250900 2452.6
1250910 2447.9
1250920 2444.0
1250930 2440.6
1250940 2440.6
1250950 2437.7
1250960 2435.6
1250970 2435.6
1250980 2433.7
1250990 2430.9
1251000 2430.9
1251010 2428.0
1251020 2425.9
1251030 2425.9
1251040 2421.7
1251050 2414.2
1251060 2414.2
1251070 2406.2
1251080 2398.0
1251090 2398.0
1251100 2389.0
1251110 2380.2
1251120 2380.2
1251130 2373.6
1251140 2366.2
1251150 2359.3
1251160 2359.3
1251170 2353.9
1251180 2348.3
1251190 2348.3
1251200 2342.3
1251210 2336.1
1251220 2336.1
1251230 2330.1
1251240 2325.1
1251250 2325.1
1251260 2319.5
1251270 2314.2
1251280 2314.2
1251290 2309.1
1251300 2304.5
1251310 2304.5
1251320 2302.4
1251330 2299.9
1251340 2299.9
1251350 2295.7
1251360 2290.4
1251370 2284.6
1251380 2284.6
1251390 2280.6
1251400 2276.8
1251410 2276.8
1251420 2273.4
1251430 2271.6
1251440 2271.6
1251450 2266.9
1251460 2262.0
1251470 2262.0
1251480 2256.4
1251490 2251.7
1251500 2251.7
1251510 2248.6
1251520 2245.9
1251530 2245.9
1251540 2243.7
1251550 2242.3
1251560 2242.3
1251570 2240.2
1251580 2236.8
1251590 2233.6
1251600 2233.6
1251610 2230.3
1251620 2227.3
1251630 2227.3
1251640 2223.9
1251650 2219.6
1251660 2219.6
1251670 2215.4
1251680 2210.8
1251690 2210.8
1251700 2206.2
1251710 2201.6
1251720 2201.6
1251730 2197.7
1251740 2194.4
1251750 2194.4
1251760 2190.7
1251770 2186.8
1251780 2186.8
1251790 2184.1
1251800 2181.5
1251810 2178.9
1251820 2178.9
1251830 2175.9
1251840 2172.4
1251850 2172.4
1251860 2169.6
1251870 2166.8
1251880 2166.8
1251890 2162.9
1251900 2158.3
1251910 2158.3
1251920 2153.3
1251930 2147.3
1251940 2147.3
1251950 2141.4
1251960 2134.6
1251970 2134.6
1251980 2125.1
1251990 2119.6
1252000 2119.6
1252010 2113.4
1252020 2106.1
1252030 2102.0
1252040 2102.0
1252050 2098.3
1252060 2092.8
1252070 2092.8
1252080 2086.6
1252090 2080.1
1252100 2080.1
1252110 2075.1
1252120 2072.3
1252130 2072.3
1252140 2069.8
1252150 2067.1
1252160 2067.1
1252170 2062.8
1252180 2057.3
1252190 2057.3
1252200 2051.1
1252210 2047.7
1252220 2047.7
1252230 2044.7
1252240 2040.2
1252250 2036.2
1252260 2036.2
1252270 2032.3
1252280 2028.8
1252290 2028.8
1252300 2027.2
1252310 2024.5
1252320 2024.5
1252330 2021.1
1252340 2019.6
1252350 2019.6
1252360 2017.3
1252370 2015.6
1252380 2015.6
1252390 2013.3
1252400 2009.3
1252410 2009.3
1252420 2002.9
1252430 1994.9
1252440 1994.9
1252450 1987.6
1252460 1981.8
1252470 1981.8
1252480 1976.4
1252490 1971.2
1252500 1966.5
1252510 1966.5
1252520 1959.2
1252530 1956.8
1252540 1956.8
1252550 1954.2
1252560 1951.6
1252570 1951.6
1252580 1949.5
1252590 1947.1
1252600 1947.1
1252610 1943.4
1252620 1939.2
1252630 1939.2
1252640 1936.0
1252650 1932.5
1252660 1932.5
1252670 1928.8
1252680 1924.8
1252690 1924.8
1252700 1920.2
1252710 1914.5
1252720 1909.4
1252730 1909.4
1252740 1904.8
1252750 1899.6
1252760 1899.6
1252770 1894.0
1252780 1888.0
1252790 1888.0
1252800 1881.6
1252810 1874.4
1252820 1874.4
1252830 1867.9
1252840 1863.4
1252850 1863.4
1252860 1859.4
1252870 1856.3
1252880 1856.3
1252890 1854.4
1252900 1853.1
1252910 1853.1
1252920 1852.0
1252930 1849.7
1252940 1847.1
1252950 1847.1
1252960 1844.3
1252970 1841.4
1252980 1841.4
1252990 1838.5
1253000 1834.3
1253010 1834.3
1253020 1830.0
1253030 1825.8
1253040 1825.8
1253050 1822.0
1253060 1817.4
1253070 1814.9
1253080 1811.1
1253090 1807.9
1253100 1807.9
1253110 1804.9
1253120 1801.2
1253130 1801.2
1253140 1797.3
1253150 1794.0
1253160 1792.3
1253170 1792.3
1253180 1790.0
1253190 1787.1
1253200 1787.1
1253210 1783.4
1253220 1778.7
1253230 1778.7
1253240 1774.2
1253250 1771.1
1253260 1771.1
1253270 1767.7
1253280 1763.3
1253290 1763.3
1253300 1759.1
1253310 1755.1
1253320 1755.1
1253330 1750.6
1253340 1745.6
1253350 1745.6
1253360 1739.2
1253370 1733.1
1253380 1727.5
1253390 1727.5
1253400 1722.1
1253410 1717.6
1253420 1717.6
1253430 1712.6
1253440 1706.4
1253450 1706.4
1253460 1699.5
1253470 1692.4
1253480 1692.4
1253490 1684.9
1253500 1677.4
1253510 1677.4
1253520 1670.2
1253530 1663.6
1253540 1663.6
1253550 1657.5
1253560 1650.5
1253570 1650.5
1253580 1642.9
1253590 1634.8
1253600 1626.7
1253610 1626.7
1253620 1618.3
1253630 1610.1
1253640 1610.1
1253650 1602.4
1253660 1596.5
1253670 1596.5
1253680 1590.8
1253690 1585.9
1253700 1585.9
1253710 1581.4
1253720 1576.0
1253730 1576.0
1253740 1569.8
1253750 1563.0
1253760 1563.0
1253770 1556.0
1253780 1549.6
1253790 1549.6
1253800 1544.6
1253810 1539.5
1253820 1534.7
1253830 1534.7
1253840 1530.4
1253850 1525.9
1253860 1525.9
1253870 1521.6
1253880 1517.4
1253890 1517.4
1253900 1513.0
1253910 1508.7
1253920 1508.7
1253930 1504.7
1253940 1500.9
1253950 1500.9
1253960 1497.5
1253970 1494.6
1253980 1494.6
1253990 1491.2
1254000 1488.2
1254010 1488.2
1254020 1485.3
1254030 1482.6
1254040 1479.9
1254050 1479.9
1254060 1477.0
1254070 1474.1
1254080 1474.1
1254090 1470.9
1254100 1467.6
1254110 1467.6
1254120 1464.3
1254130 1460.1
1254140 1460.1
1254150 1455.6
1254160 1452.5
1254170 1449.3
1254180 1445.8
1254190 1442.7
1254200 1442.7
1254210 1440.0
1254220 1437.9
1254230 1437.9
1254240 1435.9
1254250 1433.8
1254260 1431.7
1254270 1431.7
1254280 1430.3
1254290 1428.8
1254300 1428.8
1254310 1426.9
1254320 1425.4
1254330 1425.4
1254340 1424.1
1254350 1422.9
1254360 1422.9
1254370 1421.8
1254380 1420.4
1254390 1420.4
1254400 1418.1
1254410 1415.5
1254420 1415.5
1254430 1411.8
1254440 1406.3
1254450 1406.3
1254460 1400.4
1254470 1394.2
1254480 1394.2
1254490 1388.1
1254500 1382.1
1254510 1377.5
1254520 1377.5
1254530 1374.5
1254540 1370.0
1254550 1370.0
1254560 1366.1
1254570 1365.1
1254580 1365.1
1254590 1365.4
1254600 1363.4
1254610 1363.4
1254620 1357.6
1254630 1352.8
1254640 1352.8
1254650 1347.6
1254660 1345.6
1254670 1345.6
1254680 1342.3
1254690 1336.6
1254700 1336.6
1254710 1330.2
1254720 1323.4
1254730 1322.3
1254740 1322.3
1254750 1314.6
1254760 1306.6
1254770 1306.6
1254780 1301.1
1254790 1298.9
1254800 1298.9
1254810 1294.3
1254820 1287.6
1254830 1287.6
1254840 1279.3
1254850 1271.7
1254860 1271.7
1254870 1266.2
1254880 1261.6
1254890 1261.6
1254900 1255.6
1254910 1250.3
1254920 1250.3
1254930 1244.6
1254940 1238.5
1254950 1235.3
1254960 1235.3
1254970 1229.3
1254980 1222.7
1254990 1222.7
1255000 1218.0
1255010 1213.3
1255020 1213.3
1255030 1207.7
1255040 1202.1
1255050 1202.1
1255060 1197.3
1255070 1194.4
1255080 1194.4
1255090 1192.1
1255100 1189.2
1255110 1189.2
1255120 1186.3
1255130 1184.4
1255140 1184.4
1255150 1181.7
1255160 1176.5
1255170 1171.5
1255180 1171.5
1255190 1168.2
1255200 1168.3
1255210 1168.3
1255220 1169.7
1255230 1169.8
1255240 1169.8
1255250 1167.4
1255260 1163.9
1255270 1160.0
1255280 1155.2
1255290 1149.1
1255300 1149.1
1255310 1143.0
1255320 1137.1
1255330 1137.1
1255340 1131.6
1255350 1126.7
1255360 1126.7
1255370 1122.1
1255380 1118.1
1255390 1114.7
1255400 1114.7
1255410 1112.1
1255420 1109.0
1255430 1109.0
1255440 1105.1
1255450 1101.3
1255460 1101.3
1255470 1097.3
1255480 1093.6
1255490 1093.6
1255500 1089.3
1255510 1084.0
1255520 1084.0
1255530 1077.8
1255540 1070.7
1255550 1070.7
1255560 1063.9
1255570 1058.7
1255580 1058.7
1255590 1052.8
1255600 1046.7
1255610 1039.7
1255620 1039.7
1255630 1031.4
1255640 1029.1
1255650 1029.1
1255660 1028.2
1255670 1027.5
1255680 1027.5
1255690 1027.6
1255700 1027.0
1255710 1027.0
1255720 1026.8
1255730 1026.6
1255740 1026.6
1255750 1024.4
1255760 1024.2
1255770 1024.2
1255780 1026.1
1255790 1025.5
1255800 1025.5
1255810 1024.9
1255820 1024.7
1255830 1024.8
1255840 1024.8
1255850 1024.9
1255860 1025.3
1255870 1025.3
1255880 1026.0
1255890 1025.6
1255900 1025.6
1255910 1025.0
1255920 1024.9
1255930 1024.9
1255940 1024.8
1255950 1024.7
1255960 1024.7
1255970 1024.4
1255980 1024.4
1255990 1024.4
1256000 1027.1
1256010 1033.0
1256020 1033.0
1256030 1040.1
1256040 1046.5
1256050 1053.0
1256060 1053.0
1256070 1059.2
1256080 1065.0
1256090 1065.0
1256100 1069.3
1256110 1079.4
1256120 1079.4
1256130 1091.7
1256140 1098.8
1256150 1098.8
1256160 1101.2
1256170 1106.0
1256180 1106.0
1256190 1113.0
1256200 1119.6
1256210 1119.6
1256220 1133.1
1256230 1151.1
1256240 1151.1
1256250 1162.5
1256260 1171.8
1256270 1181.6
1256280 1181.6
1256290 1188.7
1256300 1193.0
1256310 1193.0
1256320 1196.4
1256330 1201.2
1256340 1201.2
1256350 1206.9
1256360 1212.5
1256370 1212.5
1256380 1225.6
1256390 1231.7
1256400 1231.7
1256410 1236.8
1256420 1242.6
1256430 1242.6
1256440 1250.2
1256450 1254.8
1256460 1254.8
1256470 1259.2
1256480 1262.0
1256490 1262.0
1256500 1262.6
1256510 1264.1
1256520 1268.2
1256530 1268.2
1256540 1274.5
1256550 1278.1
1256560 1278.1
1256570 1284.3
1256580 1292.0
1256590 1292.0
1256600 1299.5
1256610 1310.8
1256620 1310.8
1256630 1317.6
1256640 1317.2
1256650 1317.2
1256660 1317.3
1256670 1319.7
1256680 1319.7
1256690 1325.9
1256700 1334.3
1256710 1334.3
1256720 1347.7
1256730 1363.2
1256740 1376.2
1256750 1376.2
1256760 1386.7
1256770 1391.2
1256780 1391.2
1256790 1395.3
1256800 1402.3
1256810 1402.3
1256820 1411.1
1256830 1419.3
1256840 1419.3
1256850 1422.8
1256860 1427.0
1256870 1427.0
1256880 1435.7
1256890 1440.9
1256900 1440.9
1256910 1443.5
1256920 1446.6
1256930 1446.6
1256940 1459.3
1256950 1463.7
1256960 1468.3
1256970 1468.3
1256980 1472.0
1256990 1474.9
1257000 1474.9
1257010 1477.1
1257020 1478.7
1257030 1478.7
1257040 1480.7
1257050 1482.2
1257060 1482.2
1257070 1485.1
1257080 1488.7
1257090 1488.7
1257100 1491.4
1257110 1493.9
1257120 1493.9
1257130 1496.5
1257140 1497.8
1257150 1497.8
1257160 1498.4
1257170 1498.6
1257180 1498.7
1257190 1498.7
1257200 1498.6
1257210 1498.2
1257220 1498.2
1257230 1499.5
1257240 1501.6
1257250 1501.6
1257260 1503.1
1257270 1504.1
1257280 1504.1
1257290 1503.6
1257300 1503.5
1257310 1503.5
1257320 1503.5
1257330 1501.6
1257340 1501.6
1257350 1503.1
1257360 1507.4
1257370 1507.4
1257380 1517.7
1257390 1524.4
1257400 1525.9
1257410 1525.9
1257420 1527.1
1257430 1530.8
1257440 1530.8
1257450 1544.7
1257460 1561.5
1257470 1561.5
1257480 1571.0
1257490 1570.7
1257500 1579.7
1257510 1578.6
1257520 1577.3
1257530 1577.3
1257540 1575.0
1257550 1573.7
1257560 1573.7
1257570 1575.3
1257580 1579.4
1257590 1579.4
1257600 1584.5
1257610 1588.4
1257620 1590.1
1257630 1590.1
1257640 1590.9
1257650 1590.8
1257660 1590.8
1257670 1590.2
1257680 1588.0
1257690 1588.0
1257700 1584.9
1257710 1586.0
1257720 1586.0
1257730 1589.0
1257740 1592.1
1257750 1592.1
1257760 1593.8
1257770 1591.7
1257780 1591.7
1257790 1591.8
1257800 1591.9
1257810 1591.9
1257820 1593.9
1257830 1598.3
1257840 1605.9
1257850 1605.9
1257860 1615.0
1257870 1625.1
1257880 1625.1
1257890 1633.9
1257900 1642.2
1257910 1642.2
1257920 1649.6
1257930 1655.3
1257940 1655.3
1257950 1659.2
1257960 1663.0
1257970 1663.0
1257980 1667.7
1257990 1672.8
1258000 1672.8
1258010 1678.8
1258020 1685.9
1258030 1685.9
1258040 1690.1
1258050 1689.9
1258060 1693.7
1258070 1693.7
1258080 1694.4
1258090 1696.6
1258100 1696.6
1258110 1700.3
1258120 1704.5
1258130 1704.5
1258140 1707.3
1258150 1709.5
1258160 1709.5
1258170 1711.9
1258180 1713.1
1258190 1713.1
1258200 1713.6
1258210 1714.1
1258220 1714.1
1258230 1714.5
1258240 1716.6
1258250 1716.6
1258260 1718.4
1258270 1720.4
1258280 1722.2
1258290 1722.2
1258300 1725.2
1258310 1729.8
1258320 1729.8
1258330 1735.1
1258340 1740.5
1258350 1740.5
1258360 1746.0
1258370 1750.6
1258380 1750.6
1258390 1753.9
1258400 1756.7
1258410 1756.7
1258420 1759.6
1258430 1764.1
1258440 1764.1
1258450 1769.2
1258460 1774.2
1258470 1774.2
1258480 1779.0
1258490 1784.2
1258500 1784.2
1258510 1788.3
1258520 1791.4
1258530 1792.7
1258540 1792.7
1258550 1794.6
1258560 1798.5
1258570 1798.5
1258580 1802.1
1258590 1805.2
1258600 1805.2
1258610 1808.1
1258620 1815.6
1258630 1815.6
1258640 1818.1
1258650 1819.9
1258660 1819.9
1258670 1821.7
1258680 1822.5
1258690 1822.5
1258700 1820.8
1258710 1816.9
1258720 1816.9
1258730 1814.4
1258740 1812.7
1258750 1810.6
1258760 1810.6
1258770 1809.7
1258780 1810.6
1258790 1810.6
1258800 1811.0
1258810 1812.0
1258820 1812.0
1258830 1814.3
1258840 1817.1
1258850 1817.1
1258860 1820.0
1258870 1821.9
1258880 1821.9
1258890 1820.3
1258900 1818.1
1258910 1818.1
1258920 1819.9
1258930 1820.0
1258940 1820.0
1258950 1819.5
1258960 1820.0
1258970 1820.0
1258980 1820.0
1258990 1819.4
1259000 1818.8
1259010 1818.8
1259020 1818.5
1259030 1817.6
1259040 1817.6
1259050 1815.5
1259060 1813.2
1259070 1813.2
1259080 1811.7
1259090 1810.5
1259100 1810.5
1259110 1809.9
1259120 1809.2
1259130 1809.2
1259140 1808.8
1259150 1810.2
1259160 1810.2
1259170 1808.8
1259180 1810.5
1259190 1810.0
1259200 1810.0
1259210 1814.5
1259220 1820.7
1259230 1820.7
1259240 1826.4
1259250 1830.5
1259260 1830.5
1259270 1834.6
1259280 1834.9
1259290 1834.9
1259300 1832.3
1259310 1830.1
1259320 1830.1
1259330 1831.9
1259340 1839.5
1259350 1839.5
1259360 1847.1
1259370 1849.1
1259380 1849.1
1259390 1854.2
1259400 1863.2
1259410 1874.1
1259420 1874.1
1259430 1881.1
1259440 1884.4
1259450 1884.4
1259460 1889.6
1259470 1895.0
1259480 1895.0
1259490 1899.5
1259500 1904.6
1259510 1904.6
1259520 1908.1
1259530 1909.3
1259540 1909.3
1259550 1914.3
1259560 1925.6
1259570 1925.6
1259580 1936.3
1259590 1944.7
1259600 1944.7
1259610 1951.4
1259620 1957.7
1259630 1963.7
1259640 1963.7
1259650 1970.0
1259660 1974.9
1259670 1974.9
1259680 1978.0
1259690 1980.1
1259700 1980.1
1259710 1982.6
1259720 1987.3
1259730 1987.3
1259740 2000.3
1259750 2004.7
1259760 2004.7
1259770 2009.7
1259780 2016.0
1259790 2016.0
1259800 2021.1
1259810 2027.7
1259820 2027.7
1259830 2035.4
1259840 2042.5
1259850 2048.7
1259860 2048.7
1259870 2054.3
1259880 2059.4
1259890 2059.4
1259900 2065.5
1259910 2074.2
1259920 2074.2
1259930 2081.1
1259940 2088.1
1259950 2088.1
1259960 2091.9
1259970 2092.2
1259980 2092.2
1259990 2094.8
