1240000 2501.5
1240010 2507.9
1240020 2507.9
1240030 2516.3
1240040 2524.9
1240050 2524.9
1240060 2531.6
1240070 2538.2
1240080 2538.2
1240090 2544.0
1240100 2548.7
1240110 2548.7
1240120 2554.3
1240130 2559.0
1240140 2559.0
1240150 2563.0
1240160 2565.4
1240170 2565.4
1240180 2564.8
1240190 2563.9
1240200 2561.9
1240210 2565.6
1240220 2564.2
1240230 2566.0
1240240 2566.0
1240250 2565.4
1240260 2565.2
1240270 2565.2
1240280 2566.7
1240290 2572.8
1240300 2572.8
1240310 2577.5
1240320 2582.0
1240330 2582.0
1240340 2587.3
1240350 2593.3
1240360 2593.3
1240370 2593.6
1240380 2583.4
1240390 2583.4
1240400 2573.2
1240410 2565.3
1240420 2562.7
1240430 2562.7
1240440 2559.9
1240450 2555.9
1240460 2555.9
1240470 2552.3
1240480 2549.1
1240490 2549.1
1240500 2542.4
1240510 2540.1
1240520 2540.1
1240530 2541.2
1240540 2542.5
1240550 2542.5
1240560 2544.2
1240570 2545.2
1240580 2545.2
1240590 2545.9
1240600 2545.0
1240610 2545.0
1240620 2545.9
1240630 2550.3
1240640 2557.0
1240650 2557.0
1240660 2564.4
1240670 2572.3
1240680 2572.3
1240690 2583.7
1240700 2596.9
1240710 2596.9
1240720 2613.3
1240730 2633.6
1240740 2633.6
1240750 2682.5
1240760 2712.6
1240770 2712.6
1240780 2730.2
1240790 2742.5
1240800 2742.5
1240810 2750.5
1240820 2756.3
1240830 2756.3
1240840 2760.4
1240850 2760.4
1240860 2757.9
1240870 2757.9
1240880 2756.6
1240890 2757.6
1240900 2757.6
1240910 2762.3
1240920 2766.6
1240930 2766.6
1240940 2764.6
1240950 2764.8
1240960 2764.8
1240970 2766.0
1240980 2770.9
1240990 2770.9
1241000 2782.4
1241010 2792.6
1241020 2792.6
1241030 2797.1
1241040 2799.0
1241050 2799.0
1241060 2812.4
1241070 2821.4
1241080 2827.0
1241090 2827.0
1241100 2830.1
1241110 2836.8
1241120 2836.8
1241130 2854.4
1241140 2866.0
1241150 2866.0
1241160 2869.4
1241170 2868.4
1241180 2868.4
1241190 2867.9
1241200 2872.7
1241210 2872.7
1241220 2884.5
1241230 2895.1
1241240 2895.1
1241250 2914.7
1241260 2921.3
1241270 2921.3
1241280 2919.2
1241290 2919.5
1241300 2924.9
1241310 2924.9
1241320 2935.4
1241330 2947.3
1241340 2947.3
1241350 2954.7
1241360 2956.8
1241370 2956.8
1241380 2957.3
1241390 2953.4
1241400 2953.4
1241410 2947.4
1241420 2940.3
1241430 2940.3
1241440 2932.9
1241450 2925.0
1241460 2925.0
1241470 2917.5
1241480 2911.1
1241490 2911.1
1241500 2904.3
1241510 2896.1
1241520 2896.1
1241530 2887.4
1241540 2878.1
1241550 2868.9
1241560 2868.9
1241570 2860.2
1241580 2851.0
1241590 2851.0
1241600 2840.4
1241610 2829.9
1241620 2829.9
1241630 2819.0
1241640 2805.6
1241650 2805.6
1241660 2796.5
1241670 2787.7
1241680 2787.7
1241690 2780.0
1241700 2772.4
1241710 2772.4
1241720 2764.9
1241730 2757.5
1241740 2757.5
1241750 2750.4
1241760 2743.3
1241770 2738.1
1241780 2738.1
1241790 2732.1
1241800 2726.6
1241810 2726.6
1241820 2721.2
1241830 2715.8
1241840 2715.8
1241850 2710.3
1241860 2704.7
1241870 2704.7
1241880 2699.2
1241890 2693.8
1241900 2693.8
1241910 2688.5
1241920 2683.3
1241930 2683.3
1241940 2678.0
1241950 2673.2
1241960 2673.2
1241970 2668.6
1241980 2664.3
1241990 2660.3
1242000 2660.3
1242010 2656.8
1242020 2653.3
1242030 2653.3
1242040 2650.2
1242050 2647.0
1242060 2647.0
1242070 2643.7
1242080 2640.7
1242090 2640.7
1242100 2637.8
1242110 2632.8
1242120 2632.8
1242130 2631.0
1242140 2630.2
1242150 2630.2
1242160 2628.8
1242170 2628.0
1242180 2628.0
1242190 2627.8
1242200 2628.5
1242210 2629.8
1242220 2629.8
1242230 2631.3
1242240 2633.3
1242250 2633.3
1242260 2635.0
1242270 2636.1
1242280 2636.1
1242290 2636.8
1242300 2636.3
1242310 2636.3
1242320 2635.8
1242330 2633.8
1242340 2633.8
1242350 2630.2
1242360 2625.2
1242370 2625.2
1242380 2620.4
1242390 2615.9
1242400 2615.9
1242410 2612.2
1242420 2609.2
1242430 2606.9
1242440 2606.9
1242450 2605.1
1242460 2603.1
1242470 2603.1
1242480 2601.3
1242490 2599.4
1242500 2599.4
1242510 2597.6
1242520 2596.4
1242530 2596.4
1242540 2595.3
1242550 2593.7
1242560 2593.7
1242570 2591.6
1242580 2589.2
1242590 2589.2
1242600 2587.0
1242610 2585.0
1242620 2585.0
1242630 2582.6
1242640 2580.7
1242650 2579.4
1242660 2579.4
1242670 2578.5
1242680 2577.4
1242690 2577.4
1242700 2576.7
1242710 2576.2
1242720 2576.2
1242730 2575.5
1242740 2575.1
1242750 2575.1
1242760 2576.5
1242770 2579.7
1242780 2579.7
1242790 2581.5
1242800 2582.9
1242810 2582.9
1242820 2579.0
1242830 2581.3
1242840 2581.3
1242850 2584.7
1242860 2587.7
1242870 2590.2
1242880 2590.2
1242890 2592.9
1242900 2596.1
1242910 2596.1
1242920 2598.9
1242930 2600.0
1242940 2600.0
1242950 2599.4
1242960 2598.8
1242970 2598.8
1242980 2598.6
1242990 2598.0
1243000 2598.0
1243010 2596.2
1243020 2592.4
1243030 2592.4
1243040 2588.0
1243050 2585.2
1243060 2585.2
1243070 2583.0
1243080 2580.7
1243090 2580.7
1243100 2578.6
1243110 2576.1
1243120 2573.3
1243130 2573.3
1243140 2570.6
1243150 2567.2
1243160 2567.2
1243170 2563.9
1243180 2561.4
1243190 2561.4
1243200 2559.1
1243210 2556.0
1243220 2556.0
1243230 2552.4
1243240 2549.1
1243250 2549.1
1243260 2546.4
1243270 2543.9
1243280 2543.9
1243290 2541.0
1243300 2538.4
1243310 2538.4
1243320 2536.0
1243330 2533.6
1243340 2533.0
1243350 2539.5
1243360 2540.3
1243370 2544.1
1243380 2544.1
1243390 2547.5
1243400 2547.2
1243410 2547.2
1243420 2545.5
1243430 2540.4
1243440 2540.4
1243450 2527.5
1243460 2516.6
1243470 2516.6
1243480 2510.0
1243490 2504.8
1243500 2504.8
1243510 2500.9
1243520 2497.8
1243530 2497.8
1243540 2494.7
1243550 2490.8
1243560 2486.4
1243570 2486.4
1243580 2482.4
1243590 2479.5
1243600 2479.5
1243610 2476.5
1243620 2472.8
1243630 2472.8
1243640 2469.3
1243650 2465.6
1243660 2465.6
1243670 2461.7
1243680 2457.4
1243690 2457.4
1243700 2452.3
1243710 2446.3
1243720 2446.3
1243730 2440.5
1243740 2437.1
1243750 2437.1
1243760 2438.3
1243770 2440.1
1243780 2438.0
1243790 2438.0
1243800 2435.2
1243810 2430.0
1243820 2430.0
1243830 2425.2
1243840 2421.4
1243850 2421.4
1243860 2416.5
1243870 2408.4
1243880 2408.4
1243890 2405.7
1243900 2402.6
1243910 2402.6
1243920 2398.5
1243930 2393.9
1243940 2393.9
1243950 2388.5
1243960 2382.8
1243970 2382.8
1243980 2377.7
1243990 2372.2
1244000 2366.5
1244010 2366.5
1244020 2361.8
1244030 2358.4
1244040 2358.4
1244050 2354.7
1244060 2351.5
1244070 2351.5
1244080 2346.1
1244090 2339.6
1244100 2339.6
1244110 2334.0
1244120 2328.2
1244130 2328.2
1244140 2322.1
1244150 2316.5
1244160 2316.5
1244170 2311.0
1244180 2305.3
1244190 2305.3
1244200 2301.3
1244210 2298.2
1244220 2294.2
1244230 2294.2
1244240 2289.7
1244250 2288.2
1244260 2288.2
1244270 2286.4
1244280 2283.0
1244290 2283.0
1244300 2278.9
1244310 2275.1
1244320 2275.1
1244330 2271.6
1244340 2269.2
1244350 2269.2
1244360 2264.9
1244370 2257.7
1244380 2257.7
1244390 2247.6
1244400 2236.6
1244410 2236.6
1244420 2233.1
1244430 2231.9
1244440 2231.9
1244450 2229.1
1244460 2226.7
1244470 2224.5
1244480 2224.5
1244490 2223.3
1244500 2222.3
1244510 2222.3
1244520 2222.0
1244530 2222.9
1244540 2222.9
1244550 2223.4
1244560 2221.8
1244570 2221.8
1244580 2218.1
1244590 2213.7
1244600 2213.7
1244610 2209.3
1244620 2206.4
1244630 2206.4
1244640 2203.2
1244650 2198.8
1244660 2198.8
1244670 2194.5
1244680 2192.9
1244690 2190.2
1244700 2190.2
1244710 2187.2
1244720 2184.3
1244730 2184.3
1244740 2180.4
1244750 2176.0
1244760 2176.0
1244770 2171.3
1244780 2166.7
1244790 2166.7
1244800 2162.4
1244810 2158.0
1244820 2158.0
1244830 2153.6
1244840 2148.7
1244850 2148.7
1244860 2143.2
1244870 2138.0
1244880 2138.0
1244890 2131.7
1244900 2124.5
1244910 2117.0
1244920 2117.0
1244930 2103.7
1244940 2097.6
1244950 2097.6
1244960 2091.0
1244970 2085.4
1244980 2085.4
1244990 2077.0
1245000 2066.3
1245010 2066.3
1245020 2060.0
1245030 2056.1
1245040 2056.1
1245050 2049.2
1245060 2036.3
1245070 2036.3
1245080 2024.1
1245090 2013.9
1245100 2013.9
1245110 2004.1
1245120 1995.2
1245130 1987.9
1245140 1987.9
1245150 1980.2
1245160 1971.4
1245170 1971.4
1245180 1964.1
1245190 1957.7
1245200 1957.7
1245210 1950.6
1245220 1942.8
1245230 1942.8
1245240 1935.8
1245250 1930.1
1245260 1930.1
1245270 1924.6
1245280 1920.4
1245290 1920.4
1245300 1916.0
1245310 1911.3
1245320 1911.3
1245330 1905.5
1245340 1899.8
1245350 1895.1
1245360 1895.1
1245370 1890.0
1245380 1885.4
1245390 1885.4
1245400 1880.1
1245410 1874.6
1245420 1874.6
1245430 1870.3
1245440 1865.1
1245450 1865.1
1245460 1855.1
1245470 1849.4
1245480 1849.4
1245490 1843.8
1245500 1838.1
1245510 1838.1
1245520 1832.3
1245530 1826.5
1245540 1826.5
1245550 1821.1
1245560 1816.6
1245570 1812.8
1245580 1812.8
1245590 1809.1
1245600 1805.6
1245610 1805.6
1245620 1803.5
1245630 1802.8
1245640 1802.8
1245650 1802.6
1245660 1802.6
1245670 1802.6
1245680 1802.4
1245690 1802.1
1245700 1802.1
1245710 1801.4
1245720 1801.0
1245730 1801.0
1245740 1801.3
1245750 1801.8
1245760 1801.8
1245770 1801.8
1245780 1801.7
1245790 1800.6
1245800 1800.6
1245810 1799.3
1245820 1798.2
1245830 1798.2
1245840 1797.0
1245850 1796.0
1245860 1796.0
1245870 1794.4
1245880 1791.7
1245890 1791.7
1245900 1789.6
1245910 1787.9
1245920 1787.9
1245930 1787.4
1245940 1786.4
1245950 1786.4
1245960 1785.0
1245970 1783.3
1245980 1783.3
1245990 1780.5
1246000 1778.9
1246010 1778.9
1246020 1777.2
1246030 1775.3
1246040 1774.1
1246050 1774.1
1246060 1772.7
1246070 1771.5
1246080 1771.5
1246090 1769.9
1246100 1768.4
1246110 1768.4
1246120 1767.8
1246130 1766.2
1246140 1766.2
1246150 1764.3
1246160 1762.6
1246170 1762.6
1246180 1761.0
1246190 1759.3
1246200 1759.3
1246210 1757.9
1246220 1756.1
1246230 1756.1
1246240 1754.2
1246250 1752.0
1246260 1750.2
1246270 1750.2
1246280 1748.5
1246290 1746.4
1246300 1746.4
1246310 1744.6
1246320 1742.9
1246330 1742.9
1246340 1740.3
1246350 1738.6
1246360 1738.6
1246370 1737.4
1246380 1735.5
1246390 1735.5
1246400 1732.2
1246410 1729.9
1246420 1729.9
1246430 1728.1
1246440 1726.4
1246450 1726.4
1246460 1724.9
1246470 1723.5
1246480 1721.9
1246490 1721.9
1246500 1720.1
1246510 1718.1
1246520 1717.3
1246530 1715.4
1246540 1713.4
1246550 1713.4
1246560 1711.8
1246570 1710.2
1246580 1710.2
1246590 1708.6
1246600 1706.8
1246610 1706.8
1246620 1704.9
1246630 1703.5
1246640 1703.5
1246650 1702.1
1246660 1700.4
1246670 1700.4
1246680 1699.2
1246690 1697.0
1246700 1695.4
1246710 1695.4
1246720 1694.5
1246730 1693.2
1246740 1693.2
1246750 1691.4
1246760 1689.1
1246770 1689.1
1246780 1687.2
1246790 1685.6
1246800 1685.6
1246810 1683.0
1246820 1681.2
1246830 1681.2
1246840 1676.9
1246850 1671.1
1246860 1671.1
1246870 1667.4
1246880 1666.5
1246890 1666.5
1246900 1668.4
1246910 1671.5
1246920 1674.9
1246930 1674.9
1246940 1677.7
1246950 1678.8
1246960 1678.8
1246970 1679.9
1246980 1684.5
1246990 1684.5
1247000 1689.6
1247010 1694.1
1247020 1694.1
1247030 1698.5
1247040 1702.7
1247050 1708.8
1247060 1711.4
1247070 1706.9
1247080 1706.9
1247090 1707.6
1247100 1710.5
1247110 1710.5
1247120 1715.9
1247130 1722.9
1247140 1729.5
1247150 1729.5
1247160 1736.5
1247170 1740.4
1247180 1740.4
1247190 1738.1
1247200 1736.7
1247210 1736.7
1247220 1735.9
1247230 1737.3
1247240 1737.3
1247250 1741.6
1247260 1745.4
1247270 1745.4
1247280 1748.4
1247290 1750.1
1247300 1750.1
1247310 1749.3
1247320 1747.9
1247330 1747.9
1247340 1747.1
1247350 1746.2
1247360 1746.2
1247370 1748.4
1247380 1750.9
1247390 1753.5
1247400 1753.5
1247410 1754.9
1247420 1754.6
1247430 1754.6
1247440 1752.6
1247450 1751.5
1247460 1751.5
1247470 1753.9
1247480 1756.2
1247490 1756.2
1247500 1755.7
1247510 1756.1
1247520 1756.1
1247530 1757.0
1247540 1759.3
1247550 1759.3
1247560 1763.7
1247570 1764.2
1247580 1764.2
1247590 1773.5
1247600 1777.1
1247610 1778.8
1247620 1778.8
1247630 1780.4
1247640 1779.8
1247650 1779.8
1247660 1776.1
1247670 1775.4
1247680 1775.4
1247690 1785.3
1247700 1793.7
1247710 1793.7
1247720 1795.8
1247730 1790.8
1247740 1790.8
1247750 1787.0
1247760 1785.2
1247770 1785.2
1247780 1783.8
1247790 1784.1
1247800 1784.1
1247810 1784.8
1247820 1785.8
1247830 1786.5
1247840 1786.5
1247850 1786.7
1247860 1788.7
1247870 1788.7
1247880 1791.0
1247890 1793.8
1247900 1793.8
1247910 1793.5
1247920 1795.4
1247930 1795.4
1247940 1796.1
1247950 1795.0
1247960 1795.0
1247970 1795.0
1247980 1794.9
1247990 1794.9
1248000 1792.0
1248010 1787.9
1248020 1787.9
1248030 1784.1
1248040 1780.6
1248050 1776.8
1248060 1776.8
1248070 1773.8
1248080 1771.7
1248090 1771.7
1248100 1770.9
1248110 1769.7
1248120 1769.7
1248130 1776.9
1248140 1778.0
1248150 1778.0
1248160 1783.2
1248170 1791.5
1248180 1791.5
1248190 1798.4
1248200 1801.9
1248210 1801.9
1248220 1803.6
1248230 1805.3
1248240 1805.3
1248250 1807.8
1248260 1810.3
1248270 1812.6
1248280 1812.6
1248290 1813.4
1248300 1815.0
1248310 1815.0
1248320 1816.7
1248330 1819.2
1248340 1819.2
1248350 1822.4
1248360 1825.7
1248370 1825.7
1248380 1831.0
1248390 1834.3
1248400 1834.3
1248410 1838.2
1248420 1841.6
1248430 1841.6
1248440 1845.5
1248450 1850.3
1248460 1850.3
1248470 1857.9
1248480 1864.9
1248490 1869.3
1248500 1869.3
1248510 1872.2
1248520 1874.4
1248530 1874.4
1248540 1876.0
1248550 1879.0
1248560 1879.0
1248570 1881.4
1248580 1883.7
1248590 1883.7
1248600 1886.1
1248610 1885.4
1248620 1885.4
1248630 1885.3
1248640 1886.2
1248650 1886.2
1248660 1896.7
1248670 1901.5
1248680 1901.5
1248690 1911.1
1248700 1922.1
1248710 1924.3
1248720 1924.3
1248730 1923.9
1248740 1921.6
1248750 1921.6
1248760 1921.8
1248770 1921.4
1248780 1921.4
1248790 1922.7
1248800 1926.3
1248810 1926.3
1248820 1930.5
1248830 1935.5
1248840 1935.5
1248850 1936.0
1248860 1936.6
1248870 1936.6
1248880 1935.9
1248890 1934.0
1248900 1934.0
1248910 1933.2
1248920 1943.1
1248930 1943.1
1248940 1958.8
1248950 1965.2
1248960 1970.2
1248970 1970.2
1248980 1975.7
1248990 1981.1
1249000 1981.1
1249010 1988.1
1249020 1996.2
1249030 1996.2
1249040 2001.3
1249050 2002.7
1249060 2002.7
1249070 2005.2
1249080 2008.2
1249090 2008.2
1249100 2011.7
1249110 2013.0
1249120 2013.0
1249130 2013.7
1249140 2016.2
1249150 2016.2
1249160 2019.6
1249170 2019.8
1249180 2028.9
1249190 2028.9
1249200 2038.8
1249210 2050.5
1249220 2050.5
1249230 2056.9
1249240 2064.9
1249250 2064.9
1249260 2079.9
1249270 2087.0
1249280 2087.0
1249290 2091.3
1249300 2099.4
1249310 2099.4
1249320 2111.9
1249330 2124.2
1249340 2124.2
1249350 2137.1
1249360 2150.2
1249370 2150.2
1249380 2164.1
1249390 2175.3
1249400 2181.7
1249410 2181.7
1249420 2183.2
1249430 2188.6
1249440 2188.6
1249450 2200.0
1249460 2206.8
1249470 2206.8
1249480 2211.9
1249490 2217.2
1249500 2217.2
1249510 2217.9
1249520 2222.7
1249530 2222.7
1249540 2227.3
1249550 2229.1
1249560 2229.1
1249570 2232.7
1249580 2237.7
1249590 2237.7
1249600 2242.6
1249610 2252.5
1249620 2265.6
1249630 2265.6
1249640 2276.4
1249650 2288.5
1249660 2288.5
1249670 2299.5
1249680 2313.5
1249690 2313.5
1249700 2326.3
1249710 2341.4
1249720 2341.4
1249730 2356.5
1249740 2360.8
1249750 2360.8
1249760 2375.5
1249770 2393.9
1249780 2393.9
1249790 2411.6
1249800 2428.9
1249810 2428.9
1249820 2438.7
1249830 2435.8
1249840 2431.7
1249850 2431.7
1249860 2430.3
1249870 2429.5
1249880 2429.5
1249890 2428.5
1249900 2427.7
1249910 2427.7
1249920 2426.8
1249930 2426.5
1249940 2426.5
1249950 2426.9
1249960 2427.2
1249970 2427.2
1249980 2426.8
1249990 2425.4
1250000 2425.4
1250010 2424.1
1250020 2423.6
1250030 2423.6
1250040 2422.1
1250050 2423.3
1250060 2422.5
1250070 2422.5
1250080 2421.7
1250090 2423.6
1250100 2423.6
1250110 2426.8
1250120 2429.7
1250130 2429.7
1250140 2432.7
1250150 2431.9
1250160 2431.9
1250170 2429.0
1250180 2426.0
1250190 2426.0
1250200 2423.2
1250210 2418.6
1250220 2418.6
1250230 2422.2
1250240 2430.4
1250250 2430.4
1250260 2435.5
1250270 2437.2
1250280 2454.7
1250290 2454.7
1250300 2466.8
1250310 2469.8
1250320 2469.8
1250330 2468.5
1250340 2469.7
1250350 2469.7
1250360 2472.1
1250370 2476.0
1250380 2476.0
1250390 2480.8
1250400 2484.0
1250410 2484.0
1250420 2485.2
1250430 2489.4
1250440 2489.4
1250450 2495.2
1250460 2496.2
1250470 2496.2
1250480 2497.9
1250490 2500.4
1250500 2500.4
1250510 2502.1
1250520 2504.0
1250530 2505.9
1250540 2505.9
1250550 2508.1
1250560 2506.5
1250570 2506.5
1250580 2503.5
1250590 2503.2
1250600 2503.2
1250610 2503.8
1250620 2502.2
1250630 2502.2
1250640 2504.0
1250650 2510.6
1250660 2510.6
1250670 2517.8
1250680 2522.0
1250690 2522.0
1250700 2524.9
1250710 2528.7
1250720 2528.7
1250730 2529.1
1250740 2528.6
1250750 2528.1
1250760 2528.1
1250770 2527.3
1250780 2525.1
1250790 2525.1
1250800 2522.2
1250810 2518.1
1250820 2518.1
1250830 2516.7
1250840 2514.8
1250850 2514.8
1250860 2514.5
1250870 2514.0
1250880 2514.0
1250890 2515.4
1250900 2519.3
1250910 2519.3
1250920 2520.3
1250930 2516.1
1250940 2516.1
1250950 2511.2
1250960 2507.4
1250970 2502.0
1250980 2502.0
1250990 2495.3
1251000 2488.5
1251010 2488.5
1251020 2482.2
1251030 2477.1
1251040 2477.1
1251050 2474.7
1251060 2469.6
1251070 2469.6
1251080 2464.5
1251090 2459.3
1251100 2459.3
1251110 2452.6
1251120 2445.7
1251130 2445.7
1251140 2439.3
1251150 2432.6
1251160 2432.6
1251170 2425.7
1251180 2418.3
1251190 2412.8
1251200 2412.8
1251210 2409.0
1251220 2404.8
1251230 2404.8
1251240 2398.8
1251250 2392.5
1251260 2392.5
1251270 2386.1
1251280 2381.4
1251290 2381.4
1251300 2377.3
1251310 2372.9
1251320 2372.9
1251330 2369.1
1251340 2365.1
1251350 2365.1
1251360 2360.5
1251370 2355.8
1251380 2355.8
1251390 2351.3
1251400 2345.9
1251410 2340.9
1251420 2340.9
1251430 2337.3
1251440 2333.0
1251450 2333.0
1251460 2327.7
1251470 2322.7
1251480 2322.7
1251490 2317.9
1251500 2313.2
1251510 2313.2
1251520 2308.2
1251530 2302.9
1251540 2302.9
1251550 2297.8
1251560 2291.8
1251570 2291.8
1251580 2286.3
1251590 2281.9
1251600 2281.9
1251610 2277.7
1251620 2273.0
1251630 2268.2
1251640 2268.2
1251650 2263.8
1251660 2257.8
1251670 2257.8
1251680 2252.2
1251690 2247.5
1251700 2247.5
1251710 2243.9
1251720 2240.8
1251730 2240.8
1251740 2235.5
1251750 2229.4
1251760 2229.4
1251770 2222.8
1251780 2216.7
1251790 2216.7
1251800 2212.0
1251810 2209.0
1251820 2209.0
1251830 2205.5
1251840 2199.8
1251850 2192.6
1251860 2192.6
1251870 2187.3
1251880 2187.0
1251890 2187.0
1251900 2187.3
1251910 2190.4
1251920 2190.4
1251930 2184.3
1251940 2178.6
1251950 2178.6
1251960 2174.8
1251970 2174.5
1251980 2174.5
1251990 2170.7
1252000 2163.4
1252010 2163.4
1252020 2157.7
1252030 2152.0
1252040 2152.0
1252050 2148.2
1252060 2144.2
1252070 2144.2
1252080 2140.0
1252090 2140.0
1252100 2141.2
1252110 2141.2
1252120 2137.2
1252130 2129.1
1252140 2129.1
1252150 2121.7
1252160 2115.6
1252170 2115.6
1252180 2111.5
1252190 2109.0
1252200 2109.0
1252210 2106.4
1252220 2103.4
1252230 2103.4
1252240 2100.0
1252250 2096.5
1252260 2096.5
1252270 2092.1
1252280 2088.8
1252290 2088.8
1252300 2086.7
1252310 2085.0
1252320 2082.3
1252330 2082.3
1252340 2076.4
1252350 2070.5
1252360 2070.5
1252370 2067.3
1252380 2064.8
1252390 2064.8
1252400 2061.9
1252410 2057.6
1252420 2057.6
1252430 2052.7
1252440 2049.2
1252450 2049.2
1252460 2049.2
1252470 2045.5
1252480 2045.5
1252490 2042.7
1252500 2039.7
1252510 2039.7
1252520 2036.9
1252530 2033.8
1252540 2030.7
1252550 2030.7
1252560 2027.6
1252570 2023.7
1252580 2023.7
1252590 2019.6
1252600 2016.8
1252610 2016.8
1252620 2012.8
1252630 2005.7
1252640 2005.7
1252650 1997.4
1252660 1989.4
1252670 1989.4
1252680 1981.5
1252690 1974.3
1252700 1974.3
1252710 1967.5
1252720 1961.2
1252730 1961.2
1252740 1955.6
1252750 1950.2
1252760 1945.5
1252770 1945.5
1252780 1940.2
1252790 1933.6
1252800 1933.6
1252810 1927.5
1252820 1921.8
1252830 1921.8
1252840 1915.3
1252850 1910.2
1252860 1910.2
1252870 1905.9
1252880 1902.5
1252890 1902.5
1252900 1901.2
1252910 1902.0
1252920 1902.0
1252930 1899.2
1252940 1891.6
1252950 1891.6
1252960 1887.5
1252970 1886.0
1252980 1882.9
1252990 1882.9
1253000 1878.3
1253010 1869.3
1253020 1869.3
1253030 1864.5
1253040 1860.0
1253050 1860.0
1253060 1854.9
1253070 1851.6
1253080 1851.6
1253090 1848.2
1253100 1844.8
1253110 1844.8
1253120 1842.0
1253130 1838.4
1253140 1838.4
1253150 1834.3
1253160 1831.1
1253170 1831.1
1253180 1827.4
1253190 1824.0
1253200 1820.4
1253210 1820.4
1253220 1817.1
1253230 1814.4
1253240 1814.4
1253250 1811.1
1253260 1807.5
1253270 1807.5
1253280 1803.6
1253290 1799.4
1253300 1799.4
1253310 1796.6
1253320 1796.0
1253330 1796.0
1253340 1795.3
1253350 1793.2
1253360 1793.2
1253370 1790.3
1253380 1787.5
1253390 1787.5
1253400 1784.6
1253410 1781.7
1253420 1778.2
1253430 1778.2
1253440 1774.8
1253450 1771.0
1253460 1771.0
1253470 1766.9
1253480 1763.8
1253490 1763.8
1253500 1760.5
1253510 1755.8
1253520 1755.8
1253530 1750.8
1253540 1745.3
1253550 1745.3
1253560 1739.5
1253570 1736.6
1253580 1736.6
1253590 1736.9
1253600 1733.1
1253610 1733.1
1253620 1728.3
1253630 1724.0
1253640 1724.0
1253650 1720.4
1253660 1718.3
1253670 1715.4
1253680 1715.4
1253690 1711.9
1253700 1708.4
1253710 1708.4
1253720 1703.7
1253730 1698.7
1253740 1698.7
1253750 1694.1
1253760 1689.9
1253770 1689.9
1253780 1686.2
1253790 1682.3
1253800 1682.3
1253810 1677.7
1253820 1672.7
1253830 1672.7
1253840 1668.0
1253850 1663.9
1253860 1663.9
1253870 1659.6
1253880 1655.7
1253890 1651.4
1253900 1651.4
1253910 1648.4
1253920 1645.1
1253930 1645.1
1253940 1641.5
1253950 1637.3
1253960 1637.3
1253970 1633.7
1253980 1629.6
1253990 1629.6
1254000 1624.9
1254010 1619.9
1254020 1619.9
1254030 1614.6
1254040 1609.2
1254050 1609.2
1254060 1603.9
1254070 1598.7
1254080 1598.7
1254090 1593.4
1254100 1583.6
1254110 1578.2
1254120 1578.2
1254130 1572.5
1254140 1566.8
1254150 1566.8
1254160 1560.8
1254170 1554.1
1254180 1554.1
1254190 1546.6
1254200 1538.7
1254210 1538.7
1254220 1531.3
1254230 1524.6
1254240 1524.6
1254250 1518.7
1254260 1515.0
1254270 1515.0
1254280 1511.5
1254290 1507.3
1254300 1507.3
1254310 1502.8
1254320 1498.4
1254330 1494.5
1254340 1494.5
1254350 1490.3
1254360 1486.9
1254370 1486.9
1254380 1483.4
1254390 1479.8
1254400 1479.8
1254410 1476.2
1254420 1472.9
1254430 1472.9
1254440 1470.1
1254450 1466.6
1254460 1466.6
1254470 1461.9
1254480 1456.5
1254490 1456.5
1254500 1451.2
1254510 1447.1
1254520 1447.1
1254530 1443.7
1254540 1440.8
1254550 1437.7
1254560 1437.7
1254570 1434.2
1254580 1431.2
1254590 1431.2
1254600 1429.4
1254610 1424.3
1254620 1424.3
1254630 1418.5
1254640 1412.3
1254650 1412.3
1254660 1406.3
1254670 1399.8
1254680 1399.8
1254690 1394.0
1254700 1388.4
1254710 1388.4
1254720 1383.5
1254730 1378.0
1254740 1378.0
1254750 1372.5
1254760 1367.4
1254770 1362.3
1254780 1362.3
1254790 1358.1
1254800 1357.4
1254810 1357.4
1254820 1358.0
1254830 1355.6
1254840 1355.6
1254850 1348.9
1254860 1342.0
1254870 1342.0
1254880 1337.4
1254890 1333.4
1254900 1333.4
1254910 1327.7
1254920 1321.2
1254930 1321.2
1254940 1315.4
1254950 1311.2
1254960 1311.2
1254970 1308.3
1254980 1304.6
1254990 1299.9
1255000 1299.9
1255010 1296.0
1255020 1290.5
1255030 1290.5
1255040 1283.0
1255050 1279.4
1255060 1279.4
1255070 1275.5
1255080 1268.1
1255090 1268.1
1255100 1260.5
1255110 1251.2
1255120 1251.2
1255130 1241.7
1255140 1232.5
1255150 1232.5
1255160 1223.5
1255170 1214.3
1255180 1214.3
1255190 1205.0
1255200 1194.4
1255210 1196.0
1255220 1185.9
1255230 1177.4
1255240 1170.1
1255250 1170.1
1255260 1161.3
1255270 1152.8
1255280 1152.8
1255290 1146.1
1255300 1140.4
1255310 1140.4
1255320 1134.6
1255330 1129.8
1255340 1129.8
1255350 1125.6
1255360 1123.2
1255370 1123.2
1255380 1121.1
1255390 1119.1
1255400 1119.1
1255410 1116.5
1255420 1113.0
1255430 1113.0
1255440 1108.3
1255450 1103.1
1255460 1097.2
1255470 1097.2
1255480 1091.4
1255490 1085.1
1255500 1085.1
1255510 1079.4
1255520 1074.9
1255530 1074.9
1255540 1070.7
1255550 1068.5
1255560 1068.5
1255570 1067.1
1255580 1065.0
1255590 1065.0
1255600 1062.6
1255610 1059.6
1255620 1059.6
1255630 1057.1
1255640 1054.3
1255650 1054.3
1255660 1048.9
1255670 1042.1
1255680 1034.0
1255690 1034.0
1255700 1027.4
1255710 1023.7
1255720 1023.7
1255730 1021.7
1255740 1019.3
1255750 1019.3
1255760 1016.2
1255770 1015.3
1255780 1015.3
1255790 1014.8
1255800 1014.6
1255810 1014.6
1255820 1014.6
1255830 1014.5
1255840 1014.5
1255850 1014.3
1255860 1014.3
1255870 1014.3
1255880 1014.3
1255890 1014.2
1255900 1014.3
1255910 1014.3
1255920 1014.2
1255930 1013.9
1255940 1013.9
1255950 1013.8
1255960 1013.8
1255970 1013.8
1255980 1013.7
1255990 1013.6
1256000 1013.6
1256010 1013.5
1256020 1013.4
1256030 1013.4
1256040 1013.3
1256050 1013.2
1256060 1013.2
1256070 1013.1
1256080 1013.0
1256090 1013.0
1256100 1012.9
1256110 1012.8
1256120 1012.8
1256130 1012.8
1256140 1012.8
1256150 1012.9
1256160 1012.9
1256170 1013.0
1256180 1013.4
1256190 1013.4
1256200 1014.4
1256210 1013.2
1256220 1013.2
1256230 1013.8
1256240 1014.3
1256250 1014.3
1256260 1013.8
1256270 1013.3
1256280 1013.3
1256290 1012.9
1256300 1012.7
1256310 1012.7
1256320 1012.9
1256330 1012.5
1256340 1012.5
1256350 1012.5
1256360 1013.1
1256370 1013.3
1256380 1013.3
1256390 1013.6
1256400 1013.8
1256410 1013.8
1256420 1013.8
1256430 1013.7
1256440 1013.7
1256450 1013.5
1256460 1013.3
1256470 1013.3
1256480 1013.0
1256490 1012.8
1256500 1012.8
1256510 1012.6
1256520 1012.3
1256530 1012.3
1256540 1012.1
1256550 1011.9
1256560 1011.8
1256570 1011.8
1256580 1011.7
1256590 1011.9
1256600 1011.9
1256610 1013.4
1256620 1017.6
1256630 1017.6
1256640 1021.6
1256650 1024.6
1256660 1024.6
1256670 1028.4
1256680 1032.3
1256690 1032.3
1256700 1036.3
1256710 1040.3
1256720 1040.3
1256730 1043.8
1256740 1048.5
1256750 1048.5
1256760 1054.0
1256770 1059.8
1256780 1059.8
1256790 1065.7
1256800 1071.9
1256810 1077.8
1256820 1077.8
1256830 1083.4
1256840 1088.4
1256850 1088.4
1256860 1092.9
1256870 1102.2
1256880 1102.2
1256890 1106.1
1256900 1109.6
1256910 1109.6
1256920 1113.3
1256930 1118.1
1256940 1118.1
1256950 1122.8
1256960 1127.3
1256970 1127.3
1256980 1132.6
1256990 1137.8
1257000 1137.8
1257010 1142.3
1257020 1146.0
1257030 1149.3
1257040 1149.3
1257050 1153.5
1257060 1158.5
1257070 1158.5
1257080 1162.9
1257090 1166.5
1257100 1166.5
1257110 1168.5
1257120 1171.3
1257130 1171.3
1257140 1173.9
1257150 1174.4
1257160 1174.4
1257170 1174.7
1257180 1176.3
1257190 1176.3
1257200 1179.0
1257210 1181.4
1257220 1181.4
1257230 1184.8
1257240 1192.1
1257250 1202.6
1257260 1202.6
1257270 1215.0
1257280 1231.9
1257290 1231.9
1257300 1249.5
1257310 1257.7
1257320 1257.7
1257330 1261.3
1257340 1263.3
1257350 1263.3
1257360 1263.2
1257370 1262.4
1257380 1262.4
1257390 1263.0
1257400 1264.7
1257410 1264.7
1257420 1266.7
1257430 1277.0
1257440 1277.0
1257450 1280.9
1257460 1288.4
1257470 1297.6
1257480 1297.6
1257490 1301.6
1257500 1312.0
1257510 1312.0
1257520 1320.3
1257530 1327.5
1257540 1327.5
1257550 1330.4
1257560 1329.7
1257570 1329.7
1257580 1328.2
1257590 1325.4
1257600 1325.4
1257610 1324.9
1257620 1324.2
1257630 1324.2
1257640 1325.6
1257650 1328.7
1257660 1328.7
1257670 1333.2
1257680 1342.6
1257690 1356.3
1257700 1356.3
1257710 1367.4
1257720 1377.4
1257730 1377.4
1257740 1382.6
1257750 1378.2
1257760 1378.2
1257770 1378.1
1257780 1379.8
1257790 1379.8
1257800 1389.3
1257810 1398.5
1257820 1398.5
1257830 1403.0
1257840 1404.7
1257850 1404.7
1257860 1407.1
1257870 1412.7
1257880 1412.7
1257890 1423.2
1257900 1428.1
1257910 1431.6
1257920 1431.6
1257930 1435.3
1257940 1441.9
1257950 1441.9
1257960 1446.7
1257970 1447.5
1257980 1447.5
1257990 1464.3
1258000 1469.1
1258010 1469.1
1258020 1466.7
1258030 1459.6
1258040 1459.6
1258050 1455.5
1258060 1450.9
1258070 1450.9
1258080 1450.3
1258090 1454.0
1258100 1454.0
1258110 1463.1
1258120 1479.0
1258130 1492.4
1258140 1492.4
1258150 1498.5
1258160 1496.5
1258170 1496.5
1258180 1495.1
1258190 1494.9
1258200 1494.9
1258210 1495.2
1258220 1494.6
1258230 1494.6
1258240 1493.0
1258250 1493.7
1258260 1493.7
1258270 1499.9
1258280 1512.4
1258290 1512.4
1258300 1517.6
1258310 1517.3
1258320 1517.3
1258330 1516.5
1258340 1520.9
1258350 1520.9
1258360 1529.1
1258370 1540.6
1258380 1551.4
1258390 1551.4
1258400 1554.7
1258410 1551.9
1258420 1551.9
1258430 1548.9
1258440 1550.5
1258450 1550.5
1258460 1554.2
1258470 1555.3
1258480 1555.3
1258490 1557.7
1258500 1561.0
1258510 1561.0
1258520 1565.0
1258530 1571.7
1258540 1571.7
1258550 1583.2
1258560 1591.2
1258570 1591.2
1258580 1599.7
1258590 1603.9
1258600 1603.2
1258610 1603.2
1258620 1602.2
1258630 1603.3
1258640 1603.3
1258650 1607.2
1258660 1608.8
1258670 1608.8
1258680 1608.5
1258690 1607.2
1258700 1607.2
1258710 1605.8
1258720 1605.4
1258730 1605.4
1258740 1605.3
1258750 1604.6
1258760 1604.6
1258770 1603.5
1258780 1602.2
1258790 1602.2
1258800 1600.2
1258810 1598.7
1258820 1600.0
1258830 1600.0
1258840 1604.8
1258850 1609.2
1258860 1609.2
1258870 1609.5
1258880 1607.3
1258890 1607.3
1258900 1603.9
1258910 1599.7
1258920 1599.7
1258930 1594.2
1258940 1588.8
1258950 1588.8
1258960 1585.4
1258970 1584.1
1258980 1584.1
1258990 1581.6
1259000 1577.2
1259010 1577.2
1259020 1570.8
1259030 1564.6
1259040 1561.3
1259050 1561.3
1259060 1560.6
1259070 1560.2
1259080 1560.2
1259090 1558.4
1259100 1554.8
1259110 1560.7
1259120 1559.1
1259130 1554.5
1259140 1554.5
1259150 1548.0
1259160 1545.7
1259170 1545.7
1259180 1547.8
1259190 1551.6
1259200 1551.6
1259210 1555.9
1259220 1561.9
1259230 1561.9
1259240 1570.7
1259250 1579.7
1259260 1588.2
1259270 1588.2
1259280 1594.7
1259290 1598.5
1259300 1598.5
1259310 1600.4
1259320 1601.7
1259330 1601.7
1259340 1601.1
1259350 1599.5
1259360 1599.5
1259370 1600.5
1259380 1604.4
1259390 1604.4
1259400 1607.8
1259410 1613.8
1259420 1613.8
1259430 1622.7
1259440 1630.1
1259450 1630.1
1259460 1635.4
1259470 1635.7
1259480 1637.9
1259490 1637.9
1259500 1647.5
1259510 1657.1
1259520 1657.1
1259530 1664.6
1259540 1669.9
1259550 1669.9
1259560 1674.9
1259570 1680.8
1259580 1680.8
1259590 1686.2
1259600 1691.5
1259610 1691.5
1259620 1696.6
1259630 1702.3
1259640 1702.3
1259650 1708.9
1259660 1716.4
1259670 1716.4
1259680 1729.1
1259690 1739.0
1259700 1748.2
1259710 1748.2
1259720 1758.2
1259730 1768.6
1259740 1768.6
1259750 1774.6
1259760 1780.5
1259770 1780.5
1259780 1785.3
1259790 1790.6
1259800 1790.6
1259810 1793.5
1259820 1803.9
1259830 1803.9
1259840 1809.3
1259850 1811.7
1259860 1811.7
1259870 1814.0
1259880 1816.7
1259890 1816.7
1259900 1818.9
1259910 1822.4
1259920 1826.4
1259930 1826.4
1259940 1829.8
1259950 1833.0
1259960 1833.0
1259970 1834.7
1259980 1838.4
1259990 1838.4
