1240000 2352.8
1240010 2359.2
1240020 2359.2
1240030 2359.2
1240040 2359.3
1240050 2361.5
1240060 2361.5
1240070 2367.1
1240080 2374.0
1240090 2374.0
1240100 2380.7
1240110 2388.7
1240120 2388.7
1240130 2399.1
1240140 2404.2
1240150 2405.1
1240160 2405.1
1240170 2405.6
1240180 2403.2
1240190 2403.2
1240200 2399.4
1240210 2394.3
1240220 2394.3
1240230 2390.2
1240240 2387.9
1240250 2387.9
1240260 2386.8
1240270 2387.1
1240280 2387.1
1240290 2387.1
1240300 2386.0
1240310 2386.0
1240320 2384.6
1240330 2383.3
1240340 2383.3
1240350 2384.6
1240360 2385.6
1240370 2388.9
1240380 2388.9
1240390 2391.3
1240400 2390.8
1240410 2390.8
1240420 2391.4
1240430 2396.7
1240440 2396.7
1240450 2402.0
1240460 2404.1
1240470 2404.1
1240480 2401.4
1240490 2399.4
1240500 2399.4
1240510 2398.3
1240520 2401.6
1240530 2401.6
1240540 2399.8
1240550 2401.1
1240560 2401.1
1240570 2399.7
1240580 2400.2
1240590 2400.2
1240600 2400.2
1240610 2400.4
1240620 2401.0
1240630 2401.0
1240640 2401.5
1240650 2403.4
1240660 2403.4
1240670 2405.2
1240680 2405.4
1240690 2405.4
1240700 2405.7
1240710 2405.5
1240720 2405.5
1240730 2407.0
1240740 2409.2
1240750 2409.2
1240760 2411.2
1240770 2415.3
1240780 2415.3
1240790 2420.7
1240800 2424.0
1240810 2427.6
1240820 2427.6
1240830 2432.4
1240840 2436.8
1240850 2436.8
1240860 2440.1
1240870 2443.0
1240880 2443.0
1240890 2445.0
1240900 2445.5
1240910 2445.5
1240920 2447.2
1240930 2450.1
1240940 2450.1
1240950 2453.1
1240960 2456.2
1240970 2456.2
1240980 2459.2
1240990 2462.4
1241000 2462.4
1241010 2465.8
1241020 2469.6
1241030 2473.2
1241040 2474.6
1241050 2478.3
1241060 2481.5
1241070 2481.5
1241080 2484.7
1241090 2487.8
1241100 2487.8
1241110 2490.8
1241120 2494.0
1241130 2494.0
1241140 2497.1
1241150 2500.1
1241160 2500.1
1241170 2503.5
1241180 2507.0
1241190 2507.0
1241200 2510.9
1241210 2514.9
1241220 2514.9
1241230 2519.2
1241240 2523.6
1241250 2523.6
1241260 2527.8
1241270 2532.4
1241280 2536.5
1241290 2536.5
1241300 2540.5
1241310 2544.8
1241320 2544.8
1241330 2549.4
1241340 2554.2
1241350 2554.2
1241360 2559.3
1241370 2564.5
1241380 2564.5
1241390 2571.2
1241400 2579.0
1241410 2579.0
1241420 2589.5
1241430 2598.7
1241440 2598.7
1241450 2606.2
1241460 2613.1
1241470 2613.1
1241480 2619.0
1241490 2625.2
1241500 2631.7
1241510 2631.7
1241520 2638.4
1241530 2645.3
1241540 2645.3
1241550 2652.6
1241560 2660.0
1241570 2660.0
1241580 2667.4
1241590 2675.0
1241600 2675.0
1241610 2684.5
1241620 2703.0
1241630 2703.0
1241640 2727.5
1241650 2740.9
1241660 2740.9
1241670 2741.6
1241680 2751.8
1241690 2751.8
1241700 2765.9
1241710 2776.4
1241720 2784.2
1241730 2784.2
1241740 2792.3
1241750 2799.9
1241760 2799.9
1241770 2803.0
1241780 2796.0
1241790 2796.0
1241800 2788.3
1241810 2781.8
1241820 2781.8
1241830 2775.3
1241840 2769.5
1241850 2769.5
1241860 2765.1
1241870 2761.1
1241880 2761.1
1241890 2754.3
1241900 2748.1
1241910 2748.1
1241920 2742.3
1241930 2738.5
1241940 2738.8
1241950 2738.8
1241960 2739.3
1241970 2737.6
1241980 2737.6
1241990 2734.4
1242000 2733.5
1242010 2733.5
1242020 2734.5
1242030 2734.4
1242040 2734.4
1242050 2735.5
1242060 2736.9
1242070 2736.9
1242080 2743.8
1242090 2749.9
1242100 2749.9
1242110 2755.1
1242120 2759.7
1242130 2759.7
1242140 2766.1
1242150 2775.6
1242160 2786.3
1242170 2786.3
1242180 2797.8
1242190 2805.1
1242200 2805.1
1242210 2813.3
1242220 2820.7
1242230 2820.7
1242240 2829.9
1242250 2843.6
1242260 2843.6
1242270 2855.6
1242280 2869.2
1242290 2869.2
1242300 2880.8
1242310 2890.2
1242320 2890.2
1242330 2902.4
1242340 2908.5
1242350 2908.5
1242360 2910.5
1242370 2907.4
1242380 2907.4
1242390 2898.5
1242400 2894.1
1242410 2893.1
1242420 2893.1
1242430 2886.3
1242440 2878.7
1242450 2878.7
1242460 2874.5
1242470 2873.9
1242480 2873.9
1242490 2870.5
1242500 2873.5
1242510 2873.5
1242520 2872.4
1242530 2865.3
1242540 2865.3
1242550 2863.6
1242560 2860.4
1242570 2860.4
1242580 2859.8
1242590 2858.9
1242600 2858.9
1242610 2847.7
1242620 2847.8
1242630 2847.0
1242640 2847.0
1242650 2843.5
1242660 2836.3
1242670 2836.3
1242680 2826.5
1242690 2817.4
1242700 2817.4
1242710 2810.3
1242720 2806.3
1242730 2806.3
1242740 2803.7
1242750 2800.8
1242760 2800.8
1242770 2797.5
1242780 2794.5
1242790 2794.5
1242800 2791.7
1242810 2790.5
1242820 2790.5
1242830 2788.2
1242840 2785.3
1242850 2781.8
1242860 2781.8
1242870 2778.3
1242880 2773.7
1242890 2773.7
1242900 2768.4
1242910 2763.7
1242920 2763.7
1242930 2758.4
1242940 2753.1
1242950 2753.1
1242960 2748.3
1242970 2742.1
1242980 2742.1
1242990 2735.0
1243000 2727.1
1243010 2727.1
1243020 2719.5
1243030 2713.6
1243040 2713.6
1243050 2709.5
1243060 2706.8
1243070 2703.4
1243080 2703.4
1243090 2699.8
1243100 2697.4
1243110 2697.4
1243120 2694.0
1243130 2694.1
1243140 2694.1
1243150 2690.4
1243160 2686.4
1243170 2686.4
1243180 2683.7
1243190 2680.7
1243200 2680.7
1243210 2676.7
1243220 2671.6
1243230 2671.6
1243240 2667.4
1243250 2664.3
1243260 2664.3
1243270 2660.9
1243280 2656.5
1243290 2653.1
1243300 2653.1
1243310 2652.5
1243320 2652.0
1243330 2652.0
1243340 2650.6
1243350 2648.5
1243360 2648.5
1243370 2645.2
1243380 2643.1
1243390 2643.1
1243400 2642.1
1243410 2639.8
1243420 2639.8
1243430 2636.2
1243440 2632.6
1243450 2632.6
1243460 2629.2
1243470 2626.1
1243480 2626.1
1243490 2623.4
1243500 2620.9
1243510 2620.9
1243520 2618.8
1243530 2615.7
1243540 2611.5
1243550 2611.5
1243560 2606.8
1243570 2602.5
1243580 2602.5
1243590 2599.2
1243600 2597.3
1243610 2597.3
1243620 2596.4
1243630 2596.7
1243640 2596.7
1243650 2598.4
1243660 2592.2
1243670 2592.2
1243680 2594.7
1243690 2596.2
1243700 2596.2
1243710 2595.2
1243720 2595.3
1243730 2595.3
1243740 2597.6
1243750 2599.0
1243760 2599.0
1243770 2599.0
1243780 2590.6
1243790 2581.2
1243800 2581.2
1243810 2575.6
1243820 2571.6
1243830 2571.6
1243840 2567.7
1243850 2562.9
1243860 2562.9
1243870 2554.9
1243880 2546.3
1243890 2546.3
1243900 2536.5
1243910 2526.4
1243920 2526.4
1243930 2519.2
1243940 2510.1
1243950 2510.1
1243960 2501.1
1243970 2493.2
1243980 2487.3
1243990 2487.3
1244000 2481.8
1244010 2475.2
1244020 2475.2
1244030 2468.9
1244040 2463.9
1244050 2463.9
1244060 2458.8
1244070 2453.5
1244080 2453.5
1244090 2448.7
1244100 2444.6
1244110 2444.6
1244120 2440.8
1244130 2437.1
1244140 2437.1
1244150 2433.8
1244160 2430.1
1244170 2430.1
1244180 2431.3
1244190 2427.7
1244200 2424.1
1244210 2424.1
1244220 2420.7
1244230 2416.8
1244240 2416.8
1244250 2412.9
1244260 2409.9
1244270 2409.9
1244280 2406.8
1244290 2403.5
1244300 2403.5
1244310 2400.6
1244320 2398.4
1244330 2398.4
1244340 2396.3
1244350 2394.4
1244360 2394.4
1244370 2392.8
1244380 2390.7
1244390 2390.7
1244400 2387.5
1244410 2383.8
1244420 2379.1
1244430 2379.1
1244440 2373.9
1244450 2369.7
1244460 2369.7
1244470 2366.4
1244480 2362.9
1244490 2362.9
1244500 2360.5
1244510 2359.2
1244520 2359.2
1244530 2357.7
1244540 2355.9
1244550 2355.9
1244560 2353.6
1244570 2350.6
1244580 2350.6
1244590 2348.8
1244600 2347.5
1244610 2347.5
1244620 2346.6
1244630 2343.8
1244640 2340.5
1244650 2340.5
1244660 2335.7
1244670 2330.5
1244680 2330.5
1244690 2325.0
1244700 2319.5
1244710 2320.4
1244720 2315.3
1244730 2311.3
1244740 2311.3
1244750 2308.1
1244760 2305.6
1244770 2305.6
1244780 2304.7
1244790 2303.6
1244800 2303.6
1244810 2301.5
1244820 2298.4
1244830 2298.4
1244840 2294.7
1244850 2290.8
1244860 2290.8
1244870 2288.1
1244880 2285.4
1244890 2282.0
1244900 2282.0
1244910 2278.7
1244920 2273.6
1244930 2273.6
1244940 2267.6
1244950 2261.6
1244960 2261.6
1244970 2257.1
1244980 2252.3
1244990 2252.3
1245000 2248.2
1245010 2243.2
1245020 2243.2
1245030 2235.4
1245040 2229.8
1245050 2229.8
1245060 2225.9
1245070 2221.2
1245080 2221.2
1245090 2216.9
1245100 2211.5
1245110 2205.5
1245120 2205.5
1245130 2199.3
1245140 2190.8
1245150 2190.8
1245160 2184.2
1245170 2177.6
1245180 2177.6
1245190 2171.1
1245200 2164.1
1245210 2164.1
1245220 2157.2
1245230 2150.3
1245240 2147.7
1245250 2139.6
1245260 2131.5
1245270 2131.5
1245280 2123.7
1245290 2116.1
1245300 2116.1
1245310 2108.8
1245320 2100.7
1245330 2096.9
1245340 2096.9
1245350 2094.9
1245360 2091.0
1245370 2091.0
1245380 2082.2
1245390 2069.3
1245400 2069.3
1245410 2058.5
1245420 2050.9
1245430 2050.9
1245440 2044.4
1245450 2036.8
1245460 2036.8
1245470 2028.0
1245480 2019.8
1245490 2019.8
1245500 2011.9
1245510 2004.0
1245520 2004.0
1245530 1996.3
1245540 1987.9
1245550 1978.6
1245560 1978.6
1245570 1970.4
1245580 1965.1
1245590 1965.1
1245600 1962.6
1245610 1960.4
1245620 1960.4
1245630 1959.2
1245640 1959.2
1245650 1959.2
1245660 1958.4
1245670 1955.1
1245680 1955.1
1245690 1951.2
1245700 1955.4
1245710 1955.4
1245720 1960.4
1245730 1974.9
1245740 1974.9
1245750 1986.5
1245760 1990.3
1245770 1984.3
1245780 1984.3
1245790 1996.7
1245800 2010.0
1245810 2010.0
1245820 2019.5
1245830 2019.9
1245840 2019.9
1245850 2013.7
1245860 2008.5
1245870 2008.5
1245880 2005.4
1245890 2000.4
1245900 2000.4
1245910 1995.2
1245920 1991.9
1245930 1991.9
1245940 1989.0
1245950 1986.4
1245960 1986.4
1245970 1984.6
1245980 1982.1
1245990 1979.2
1246000 1979.2
1246010 1978.3
1246020 1981.9
1246030 1981.9
1246040 1984.3
1246050 1985.6
1246060 1985.6
1246070 1984.3
1246080 1979.2
1246090 1979.2
1246100 1970.2
1246110 1961.9
1246120 1961.9
1246130 1955.9
1246140 1950.7
1246150 1950.7
1246160 1948.6
1246170 1944.0
1246180 1944.0
1246190 1945.7
1246200 1951.8
1246210 1951.8
1246220 1949.0
1246230 1942.0
1246240 1936.0
1246250 1936.0
1246260 1933.0
1246270 1931.4
1246280 1931.4
1246290 1929.5
1246300 1916.6
1246310 1916.6
1246320 1913.1
1246330 1909.0
1246340 1909.0
1246350 1905.9
1246360 1901.4
1246370 1901.4
1246380 1897.6
1246390 1893.8
1246400 1893.8
1246410 1889.2
1246420 1884.8
1246430 1884.8
1246440 1881.6
1246450 1876.4
1246460 1871.9
1246470 1871.9
1246480 1867.6
1246490 1863.1
1246500 1863.1
1246510 1858.5
1246520 1856.8
1246530 1856.8
1246540 1853.6
1246550 1849.3
1246560 1849.3
1246570 1843.6
1246580 1841.7
1246590 1841.7
1246600 1840.7
1246610 1837.1
1246620 1837.1
1246630 1832.9
1246640 1830.0
1246650 1830.0
1246660 1826.2
1246670 1822.1
1246680 1817.8
1246690 1817.8
1246700 1813.4
1246710 1806.7
1246720 1806.7
1246730 1801.0
1246740 1797.5
1246750 1797.5
1246760 1794.6
1246770 1791.3
1246780 1791.3
1246790 1788.2
1246800 1787.1
1246810 1787.1
1246820 1785.1
1246830 1784.7
1246840 1776.9
1246850 1775.7
1246860 1772.0
1246870 1772.0
1246880 1768.4
1246890 1764.3
1246900 1760.3
1246910 1760.3
1246920 1755.9
1246930 1751.7
1246940 1751.7
1246950 1747.5
1246960 1742.7
1246970 1742.7
1246980 1737.9
1246990 1732.8
1247000 1732.8
1247010 1728.2
1247020 1724.1
1247030 1724.1
1247040 1719.9
1247050 1716.7
1247060 1716.7
1247070 1714.7
1247080 1712.7
1247090 1712.7
1247100 1708.7
1247110 1703.1
1247120 1698.3
1247130 1698.3
1247140 1696.1
1247150 1694.9
1247160 1694.9
1247170 1692.4
1247180 1689.8
1247190 1689.8
1247200 1686.6
1247210 1681.9
1247220 1681.9
1247230 1678.5
1247240 1675.7
1247250 1675.7
1247260 1670.3
1247270 1664.3
1247280 1664.3
1247290 1660.6
1247300 1657.6
1247310 1657.6
1247320 1655.3
1247330 1651.2
1247340 1651.2
1247350 1647.8
1247360 1644.0
1247370 1635.5
1247380 1635.5
1247390 1630.8
1247400 1626.0
1247410 1626.0
1247420 1622.4
1247430 1619.8
1247440 1619.8
1247450 1618.2
1247460 1617.5
1247470 1617.5
1247480 1616.9
1247490 1615.7
1247500 1615.7
1247510 1613.3
1247520 1610.6
1247530 1610.6
1247540 1607.5
1247550 1604.4
1247560 1604.4
1247570 1602.0
1247580 1600.7
1247590 1599.9
1247600 1599.9
1247610 1599.3
1247620 1598.2
1247630 1598.2
1247640 1595.9
1247650 1593.4
1247660 1593.4
1247670 1591.1
1247680 1589.6
1247690 1589.6
1247700 1588.3
1247710 1587.4
1247720 1587.4
1247730 1587.0
1247740 1586.8
1247750 1586.8
1247760 1586.4
1247770 1585.8
1247780 1585.8
1247790 1584.8
1247800 1583.5
1247810 1582.4
1247820 1582.4
1247830 1581.4
1247840 1580.4
1247850 1580.4
1247860 1580.3
1247870 1581.6
1247880 1581.6
1247890 1583.7
1247900 1584.7
1247910 1586.0
1247920 1586.6
1247930 1586.9
1247940 1586.9
1247950 1587.2
1247960 1587.2
1247970 1587.2
1247980 1586.5
1247990 1586.7
1248000 1586.7
1248010 1586.8
1248020 1587.5
1248030 1588.1
1248040 1588.1
1248050 1589.0
1248060 1589.8
1248070 1589.8
1248080 1591.7
1248090 1592.7
1248100 1592.7
1248110 1592.3
1248120 1592.4
1248130 1592.4
1248140 1593.1
1248150 1594.3
1248160 1594.3
1248170 1595.3
1248180 1596.4
1248190 1596.4
1248200 1597.8
1248210 1599.5
1248220 1599.5
1248230 1601.2
1248240 1602.7
1248250 1604.6
1248260 1604.6
1248270 1607.1
1248280 1609.0
1248290 1609.0
1248300 1612.2
1248310 1615.2
1248320 1615.2
1248330 1615.5
1248340 1617.1
1248350 1617.1
1248360 1619.1
1248370 1620.2
1248380 1620.2
1248390 1622.3
1248400 1624.1
1248410 1624.1
1248420 1625.2
1248430 1627.4
1248440 1631.1
1248450 1632.6
1248460 1632.5
1248470 1634.5
1248480 1634.5
1248490 1636.8
1248500 1637.8
1248510 1637.8
1248520 1639.9
1248530 1641.9
1248540 1641.9
1248550 1643.7
1248560 1645.1
1248570 1645.1
1248580 1647.0
1248590 1650.2
1248600 1650.2
1248610 1652.7
1248620 1654.5
1248630 1654.5
1248640 1658.2
1248650 1661.1
1248660 1661.1
1248670 1663.5
1248680 1666.1
1248690 1666.1
1248700 1668.4
1248710 1670.3
1248720 1672.2
1248730 1672.2
1248740 1675.0
1248750 1677.9
1248760 1677.9
1248770 1681.9
1248780 1686.6
1248790 1686.6
1248800 1691.4
1248810 1696.4
1248820 1696.4
1248830 1701.8
1248840 1706.8
1248850 1706.8
1248860 1711.1
1248870 1715.4
1248880 1715.4
1248890 1720.3
1248900 1725.0
1248910 1725.0
1248920 1729.8
1248930 1737.0
1248940 1749.4
1248950 1749.4
1248960 1770.1
1248970 1780.8
1248980 1782.8
1248990 1791.7
1249000 1802.0
1249010 1802.0
1249020 1815.6
1249030 1818.7
1249040 1818.7
1249050 1824.2
1249060 1832.4
1249070 1832.4
1249080 1842.5
1249090 1856.1
1249100 1856.1
1249110 1863.9
1249120 1868.5
1249130 1868.5
1249140 1874.0
1249150 1878.7
1249160 1884.1
1249170 1884.1
1249180 1891.7
1249190 1898.8
1249200 1898.8
1249210 1906.6
1249220 1919.2
1249230 1919.2
1249240 1928.9
1249250 1929.7
1249260 1929.7
1249270 1929.3
1249280 1929.7
1249290 1929.7
1249300 1934.3
1249310 1936.6
1249320 1936.6
1249330 1932.5
1249340 1925.9
1249350 1925.9
1249360 1930.8
1249370 1938.1
1249380 1941.5
1249390 1941.5
1249400 1944.5
1249410 1945.5
1249420 1945.5
1249430 1942.6
1249440 1945.7
1249450 1945.7
1249460 1951.3
1249470 1956.8
1249480 1956.8
1249490 1962.3
1249500 1967.8
1249510 1967.8
1249520 1979.6
1249530 1985.1
1249540 1985.1
1249550 1990.4
1249560 1995.6
1249570 1995.6
1249580 2002.2
1249590 2010.5
1249600 2020.5
1249610 2020.5
1249620 2030.6
1249630 2039.5
1249640 2039.5
1249650 2054.5
1249660 2069.6
1249670 2069.6
1249680 2077.8
1249690 2082.0
1249700 2082.0
1249710 2088.3
1249720 2096.9
1249730 2096.9
1249740 2102.0
1249750 2108.1
1249760 2108.1
1249770 2116.4
1249780 2125.3
1249790 2125.3
1249800 2130.8
1249810 2128.9
1249820 2128.9
1249830 2125.4
1249840 2121.0
1249850 2114.7
1249860 2114.7
1249870 2108.1
1249880 2102.0
1249890 2102.0
1249900 2096.7
1249910 2092.3
1249920 2092.3
1249930 2089.7
1249940 2088.5
1249950 2088.5
1249960 2086.1
1249970 2084.4
1249980 2084.4
1249990 2082.7
1250000 2078.5
1250010 2078.5
1250020 2073.2
1250030 2067.2
1250040 2067.2
1250050 2060.7
1250060 2061.5
1250070 2059.7
1250080 2059.7
1250090 2058.5
1250100 2055.6
1250110 2055.6
1250120 2053.6
1250130 2053.3
1250140 2053.3
1250150 2059.2
1250160 2065.7
1250170 2065.7
1250180 2067.6
1250190 2066.1
1250200 2066.1
1250210 2067.4
1250220 2071.0
1250230 2071.0
1250240 2074.1
1250250 2075.6
1250260 2075.6
1250270 2075.5
1250280 2075.5
1250290 2076.8
1250300 2076.8
1250310 2078.0
1250320 2080.7
1250330 2080.7
1250340 2087.7
1250350 2100.3
1250360 2100.3
1250370 2112.3
1250380 2118.9
1250390 2118.9
1250400 2124.2
1250410 2129.9
1250420 2129.9
1250430 2136.7
1250440 2144.9
1250450 2144.9
1250460 2155.4
1250470 2173.2
1250480 2173.2
1250490 2191.3
1250500 2202.3
1250510 2213.6
1250520 2213.6
1250530 2226.3
1250540 2238.6
1250550 2238.6
1250560 2253.8
1250570 2262.1
1250580 2262.1
1250590 2265.3
1250600 2267.6
1250610 2275.2
1250620 2279.8
1250630 2285.4
1250640 2285.4
1250650 2289.1
1250660 2290.9
1250670 2290.9
1250680 2292.4
1250690 2295.6
1250700 2295.6
1250710 2300.2
1250720 2306.0
1250730 2313.4
1250740 2313.4
1250750 2321.1
1250760 2327.9
1250770 2327.9
1250780 2334.6
1250790 2338.2
1250800 2338.2
1250810 2339.8
1250820 2339.8
1250830 2339.8
1250840 2343.0
1250850 2346.9
1250860 2346.9
1250870 2349.3
1250880 2351.5
1250890 2351.5
1250900 2355.8
1250910 2361.5
1250920 2361.5
1250930 2368.9
1250940 2381.6
1250950 2394.8
1250960 2394.8
1250970 2397.6
1250980 2398.0
1250990 2398.0
1251000 2401.0
1251010 2402.2
1251020 2402.2
1251030 2399.5
1251040 2395.1
1251050 2395.1
1251060 2390.2
1251070 2384.4
1251080 2384.4
1251090 2378.8
1251100 2375.3
1251110 2375.3
1251120 2372.7
1251130 2370.1
1251140 2370.1
1251150 2371.7
1251160 2370.9
1251170 2370.9
1251180 2369.5
1251190 2367.8
1251200 2365.9
1251210 2365.9
1251220 2363.2
1251230 2359.8
1251240 2359.8
1251250 2356.5
1251260 2353.9
1251270 2353.9
1251280 2351.1
1251290 2350.0
1251300 2350.0
1251310 2350.6
1251320 2353.6
1251330 2353.6
1251340 2356.7
1251350 2357.9
1251360 2357.9
1251370 2358.0
1251380 2355.0
1251390 2355.0
1251400 2351.4
1251410 2347.2
1251420 2343.2
1251430 2343.2
1251440 2341.9
1251450 2340.7
1251460 2340.7
1251470 2338.5
1251480 2337.6
1251490 2337.6
1251500 2338.7
1251510 2340.8
1251520 2340.8
1251530 2341.5
1251540 2338.9
1251550 2338.9
1251560 2334.9
1251570 2332.5
1251580 2332.5
1251590 2330.7
1251600 2328.7
1251610 2328.7
1251620 2328.1
1251630 2328.3
1251640 2329.8
1251650 2329.8
1251660 2330.6
1251670 2330.3
1251680 2330.3
1251690 2337.0
1251700 2337.2
1251710 2337.2
1251720 2338.4
1251730 2341.0
1251740 2341.0
1251750 2343.4
1251760 2346.5
1251770 2346.5
1251780 2346.8
1251790 2343.2
1251800 2343.2
1251810 2335.3
1251820 2327.3
1251830 2327.3
1251840 2319.3
1251850 2310.5
1251860 2300.0
1251870 2300.0
1251880 2290.4
1251890 2276.1
1251900 2276.1
1251910 2261.3
1251920 2248.0
1251930 2248.0
1251940 2239.0
1251950 2232.1
1251960 2232.1
1251970 2225.8
1251980 2219.5
1251990 2219.5
1252000 2213.4
1252010 2208.0
1252020 2208.0
1252030 2202.2
1252040 2197.0
1252050 2197.0
1252060 2192.6
1252070 2188.2
1252080 2184.3
1252090 2184.3
1252100 2180.0
1252110 2175.3
1252120 2175.3
1252130 2170.3
1252140 2165.2
1252150 2165.2
1252160 2159.7
1252170 2154.2
1252180 2154.2
1252190 2148.7
1252200 2142.9
1252210 2142.9
1252220 2137.5
1252230 2132.6
1252240 2130.0
1252250 2124.8
1252260 2119.4
1252270 2119.4
1252280 2114.8
1252290 2110.3
1252300 2109.5
1252310 2109.5
1252320 2111.1
1252330 2108.7
1252340 2108.7
1252350 2103.6
1252360 2103.6
1252370 2103.6
1252380 2105.9
1252390 2107.2
1252400 2107.2
1252410 2108.0
1252420 2108.2
1252430 2108.2
1252440 2107.3
1252450 2105.6
1252460 2105.6
1252470 2103.8
1252480 2103.7
1252490 2103.7
1252500 2102.6
1252510 2099.6
1252520 2099.6
1252530 2096.6
1252540 2093.9
1252550 2091.0
1252560 2091.0
1252570 2087.6
1252580 2083.8
1252590 2083.8
1252600 2080.0
1252610 2075.6
1252620 2075.6
1252630 2070.6
1252640 2065.5
1252650 2065.5
1252660 2061.6
1252670 2060.6
1252680 2060.6
1252690 2060.4
1252700 2059.7
1252710 2059.7
1252720 2057.5
1252730 2054.2
1252740 2054.2
1252750 2050.7
1252760 2047.3
1252770 2043.6
1252780 2043.6
1252790 2040.8
1252800 2038.8
1252810 2038.8
1252820 2037.3
1252830 2035.0
1252840 2035.0
1252850 2031.7
1252860 2026.5
1252870 2026.5
1252880 2020.2
1252890 2016.3
1252900 2016.3
1252910 2012.3
1252920 2005.2
1252930 2005.2
1252940 1997.7
1252950 1991.1
1252960 1991.1
1252970 1987.6
1252980 1985.4
1252990 1983.8
1253000 1983.8
1253010 1982.3
1253020 1981.0
1253030 1981.0
1253040 1979.3
1253050 1977.7
1253060 1977.7
1253070 1976.1
1253080 1975.0
1253090 1975.0
1253100 1973.8
1253110 1971.5
1253120 1971.5
1253130 1970.1
1253140 1969.0
1253150 1969.0
1253160 1967.1
1253170 1963.8
1253180 1963.8
1253190 1960.0
1253200 1955.8
1253210 1951.7
1253220 1951.7
1253230 1946.3
1253240 1941.4
1253250 1941.4
1253260 1936.8
1253270 1931.5
1253280 1931.5
1253290 1925.8
1253300 1920.5
1253310 1920.5
1253320 1915.3
1253330 1909.5
1253340 1909.5
1253350 1905.0
1253360 1900.1
1253370 1900.1
1253380 1895.6
1253390 1892.7
1253400 1892.7
1253410 1889.5
1253420 1885.9
1253430 1881.3
1253440 1881.3
1253450 1877.6
1253460 1872.2
1253470 1872.2
1253480 1865.8
1253490 1859.1
1253500 1859.1
1253510 1853.6
1253520 1850.3
1253530 1850.3
1253540 1845.8
1253550 1840.1
1253560 1840.1
1253570 1835.6
1253580 1832.6
1253590 1832.6
1253600 1830.3
1253610 1826.9
1253620 1826.9
1253630 1823.8
1253640 1820.2
1253650 1816.3
1253660 1816.3
1253670 1811.8
1253680 1807.0
1253690 1807.0
1253700 1801.9
1253710 1798.1
1253720 1798.1
1253730 1794.4
1253740 1790.9
1253750 1790.9
1253760 1787.6
1253770 1784.1
1253780 1784.1
1253790 1781.8
1253800 1779.5
1253810 1779.5
1253820 1776.2
1253830 1772.5
1253840 1772.5
1253850 1768.7
1253860 1764.5
1253870 1764.5
1253880 1752.9
1253890 1751.9
1253900 1747.8
1253910 1747.8
1253920 1742.6
1253930 1738.1
1253940 1738.1
1253950 1734.8
1253960 1729.9
1253970 1729.9
1253980 1726.6
1253990 1725.7
1254000 1725.7
1254010 1724.7
1254020 1722.4
1254030 1722.4
1254040 1718.3
1254050 1712.5
1254060 1712.5
1254070 1706.2
1254080 1700.7
1254090 1700.7
1254100 1697.2
1254110 1697.3
1254120 1692.0
1254130 1692.0
1254140 1682.7
1254150 1676.4
1254160 1676.4
1254170 1668.6
1254180 1660.5
1254190 1660.5
1254200 1651.8
1254210 1644.3
1254220 1644.3
1254230 1636.8
1254240 1630.7
1254250 1630.7
1254260 1624.4
1254270 1618.1
1254280 1618.1
1254290 1611.7
1254300 1605.1
1254310 1605.1
1254320 1598.1
1254330 1589.8
1254340 1581.6
1254350 1581.6
1254360 1574.2
1254370 1567.2
1254380 1567.2
1254390 1560.8
1254400 1555.6
1254410 1555.6
1254420 1549.9
1254430 1546.2
1254440 1546.2
1254450 1540.8
1254460 1536.2
1254470 1536.2
1254480 1531.8
1254490 1526.8
1254500 1526.8
1254510 1520.7
1254520 1514.2
1254530 1514.2
1254540 1508.8
1254550 1504.2
1254560 1500.5
1254570 1500.5
1254580 1497.5
1254590 1493.9
1254600 1493.9
1254610 1490.2
1254620 1486.8
1254630 1486.8
1254640 1482.7
1254650 1477.7
1254660 1477.7
1254670 1470.8
1254680 1465.3
1254690 1465.3
1254700 1458.4
1254710 1451.2
1254720 1451.2
1254730 1444.4
1254740 1437.8
1254750 1437.8
1254760 1432.3
1254770 1425.5
1254780 1416.7
1254790 1416.7
1254800 1407.2
1254810 1400.2
1254820 1400.2
1254830 1392.4
1254840 1384.2
1254850 1384.2
1254860 1376.7
1254870 1370.4
1254880 1370.4
1254890 1364.7
1254900 1356.6
1254910 1356.6
1254920 1350.1
1254930 1344.1
1254940 1344.1
1254950 1339.4
1254960 1335.8
1254970 1335.8
1254980 1332.3
1254990 1327.3
1255000 1322.2
1255010 1322.2
1255020 1317.0
1255030 1312.2
1255040 1312.2
1255050 1305.5
1255060 1298.7
1255070 1298.7
1255080 1292.1
1255090 1285.8
1255100 1285.8
1255110 1279.6
1255120 1273.8
1255130 1273.8
1255140 1267.6
1255150 1260.3
1255160 1260.3
1255170 1253.4
1255180 1247.5
1255190 1247.5
1255200 1242.3
1255210 1237.6
1255220 1237.6
1255230 1232.6
1255240 1228.3
1255250 1224.7
1255260 1224.7
1255270 1221.5
1255280 1217.6
1255290 1217.6
1255300 1213.0
1255310 1207.2
1255320 1207.2
1255330 1201.2
1255340 1195.1
1255350 1195.1
1255360 1188.5
1255370 1182.4
1255380 1182.4
1255390 1176.2
1255400 1170.0
1255410 1170.0
1255420 1163.6
1255430 1157.0
1255440 1157.0
1255450 1150.3
1255460 1144.4
1255470 1138.3
1255480 1138.3
1255490 1132.9
1255500 1127.4
1255510 1127.4
1255520 1122.5
1255530 1116.8
1255540 1117.0
1255550 1112.3
1255560 1107.1
1255570 1107.1
1255580 1101.6
1255590 1095.9
1255600 1095.9
1255610 1090.9
1255620 1084.0
1255630 1084.0
1255640 1076.0
1255650 1067.6
1255660 1067.6
1255670 1059.2
1255680 1051.4
1255690 1047.0
1255700 1047.0
1255710 1045.7
1255720 1044.9
1255730 1044.9
1255740 1044.6
1255750 1044.2
1255760 1044.2
1255770 1043.8
1255780 1043.5
1255790 1043.5
1255800 1043.3
1255810 1043.4
1255820 1043.4
1255830 1043.7
1255840 1042.8
1255850 1042.8
1255860 1041.9
1255870 1042.1
1255880 1042.1
1255890 1041.6
1255900 1040.8
1255910 1040.1
1255920 1040.1
1255930 1039.6
1255940 1039.2
1255950 1039.2
1255960 1038.9
1255970 1038.5
1255980 1038.5
1255990 1038.0
1256000 1037.3
1256010 1037.3
1256020 1036.6
1256030 1035.9
1256040 1035.9
1256050 1035.0
1256060 1034.3
1256070 1034.3
1256080 1033.7
1256090 1033.0
1256100 1033.0
1256110 1032.5
1256120 1032.0
1256130 1031.4
1256140 1031.4
1256150 1030.8
1256160 1030.1
1256170 1030.1
1256180 1029.2
1256190 1028.6
1256200 1028.6
1256210 1028.2
1256220 1027.2
1256230 1027.2
1256240 1026.8
1256250 1027.2
1256260 1027.2
1256270 1026.7
1256280 1026.0
1256290 1026.0
1256300 1025.0
1256310 1024.4
1256320 1024.4
1256330 1023.8
1256340 1023.1
1256350 1022.9
1256360 1022.9
1256370 1022.5
1256380 1021.5
1256390 1021.5
1256400 1020.8
1256410 1020.2
1256420 1020.2
1256430 1019.8
1256440 1019.6
1256450 1019.6
1256460 1019.3
1256470 1018.9
1256480 1018.9
1256490 1018.7
1256500 1018.5
1256510 1018.5
1256520 1017.9
1256530 1017.1
1256540 1017.1
1256550 1016.2
1256560 1015.3
1256570 1015.3
1256580 1014.7
1256590 1014.3
1256600 1013.8
1256610 1013.8
1256620 1013.4
1256630 1013.2
1256640 1013.2
1256650 1012.9
1256660 1012.3
1256670 1012.3
1256680 1011.9
1256690 1011.4
1256700 1011.4
1256710 1010.7
1256720 1009.9
1256730 1009.9
1256740 1009.3
1256750 1009.0
1256760 1009.0
1256770 1008.4
1256780 1007.8
1256790 1007.8
1256800 1007.0
1256810 1006.4
1256820 1006.0
1256830 1006.0
1256840 1005.6
1256850 1005.3
1256860 1005.3
1256870 1005.0
1256880 1004.8
1256890 1004.8
1256900 1004.7
1256910 1004.5
1256920 1004.5
1256930 1004.2
1256940 1003.2
1256950 1003.2
1256960 1001.2
1256970 1001.3
1256980 1001.3
1256990 1003.6
1257000 1003.6
1257010 1003.6
1257020 1002.7
1257030 1002.1
1257040 1001.5
1257050 1001.5
1257060 1000.9
1257070 1000.3
1257080 1000.3
1257090 1000.0
1257100 999.9
1257110 999.9
1257120 999.8
1257130 999.7
1257140 999.7
1257150 999.5
1257160 999.4
1257170 999.4
1257180 999.3
1257190 999.1
1257200 999.3
1257210 999.3
1257220 999.1
1257230 999.1
1257240 998.9
1257250 998.9
1257260 998.6
1257270 998.6
1257280 998.4
1257290 998.2
1257300 998.2
1257310 998.0
1257320 997.8
1257330 997.8
1257340 997.8
1257350 997.9
1257360 997.9
1257370 997.9
1257380 997.7
1257390 997.7
1257400 997.6
1257410 997.5
1257420 997.5
1257430 997.3
1257440 997.2
1257450 997.2
1257460 997.3
1257470 997.5
1257480 997.9
1257490 997.9
1257500 998.3
1257510 999.0
1257520 999.0
1257530 1001.6
1257540 1004.6
1257550 1004.6
1257560 1006.6
1257570 1009.0
1257580 1009.0
1257590 1012.2
1257600 1015.7
1257610 1015.7
1257620 1019.1
1257630 1022.0
1257640 1022.0
1257650 1025.4
1257660 1028.6
1257670 1028.6
1257680 1031.5
1257690 1034.1
1257700 1036.7
1257710 1036.7
1257720 1039.4
1257730 1042.4
1257740 1042.4
1257750 1046.4
1257760 1053.9
1257770 1053.9
1257780 1058.0
1257790 1062.2
1257800 1062.2
1257810 1065.8
1257820 1069.5
1257830 1069.5
1257840 1074.4
1257850 1078.6
1257860 1078.6
1257870 1083.9
1257880 1088.2
1257890 1088.2
1257900 1091.9
1257910 1095.6
1257920 1095.6
1257930 1099.7
1257940 1103.9
1257950 1107.2
1257960 1107.2
1257970 1110.3
1257980 1113.6
1257990 1113.6
1258000 1116.6
1258010 1119.3
1258020 1119.3
1258030 1121.8
1258040 1123.9
1258050 1123.9
1258060 1126.0
1258070 1128.5
1258080 1128.5
1258090 1130.8
1258100 1132.3
1258110 1132.3
1258120 1133.3
1258130 1134.9
1258140 1134.9
1258150 1138.0
1258160 1141.6
1258170 1146.4
1258180 1146.4
1258190 1152.4
1258200 1157.9
1258210 1157.9
1258220 1162.6
1258230 1173.3
1258240 1173.3
1258250 1189.4
1258260 1192.8
1258270 1192.8
1258280 1193.4
1258290 1194.2
1258300 1194.2
1258310 1194.8
1258320 1210.2
1258330 1210.2
1258340 1211.6
1258350 1216.9
1258360 1216.9
1258370 1231.0
1258380 1244.0
1258390 1250.1
1258400 1250.1
1258410 1253.8
1258420 1258.1
1258430 1258.1
1258440 1263.7
1258450 1268.2
1258460 1268.2
1258470 1271.8
1258480 1273.0
1258490 1273.0
1258500 1276.5
1258510 1282.8
1258520 1282.8
1258530 1292.0
1258540 1301.9
1258550 1301.9
1258560 1309.1
1258570 1313.1
1258580 1313.1
1258590 1318.5
1258600 1323.6
1258610 1324.0
1258620 1324.0
1258630 1324.5
1258640 1327.0
1258650 1327.0
1258660 1328.3
1258670 1326.7
1258680 1326.7
1258690 1324.3
1258700 1323.3
1258710 1323.3
1258720 1324.0
1258730 1325.3
1258740 1325.3
1258750 1324.0
1258760 1320.1
1258770 1320.1
1258780 1316.8
1258790 1312.6
1258800 1312.6
1258810 1308.1
1258820 1308.7
1258830 1312.6
1258840 1312.6
1258850 1311.4
1258860 1305.9
1258870 1305.9
1258880 1308.4
1258890 1301.2
1258900 1301.2
1258910 1294.8
1258920 1287.8
1258930 1287.8
1258940 1284.8
1258950 1288.7
1258960 1288.7
1258970 1298.2
1258980 1311.7
1258990 1311.7
1259000 1321.9
1259010 1331.6
1259020 1331.6
1259030 1341.1
1259040 1349.1
1259050 1356.0
1259060 1356.0
1259070 1362.4
1259080 1368.8
1259090 1368.8
1259100 1376.2
1259110 1382.6
1259120 1382.6
1259130 1387.3
1259140 1391.1
1259150 1391.1
1259160 1394.5
1259170 1398.1
1259180 1398.1
1259190 1402.3
1259200 1407.0
1259210 1407.0
1259220 1413.1
1259230 1419.0
1259240 1419.0
1259250 1420.2
1259260 1416.3
1259270 1416.3
1259280 1411.6
1259290 1404.2
1259300 1398.4
1259310 1398.4
1259320 1392.6
1259330 1386.0
1259340 1386.0
1259350 1380.0
1259360 1373.5
1259370 1373.5
1259380 1370.8
1259390 1380.5
1259400 1380.5
1259410 1393.2
1259420 1399.4
1259430 1399.4
1259440 1408.0
1259450 1416.7
1259460 1416.7
1259470 1423.7
1259480 1431.4
1259490 1431.4
1259500 1437.5
1259510 1441.1
1259520 1444.2
1259530 1444.2
1259540 1446.8
1259550 1448.7
1259560 1448.7
1259570 1449.6
1259580 1449.4
1259590 1449.4
1259600 1448.1
1259610 1448.0
1259620 1448.0
1259630 1447.0
1259640 1449.2
1259650 1449.2
1259660 1456.2
1259670 1463.3
1259680 1463.3
1259690 1471.4
1259700 1478.9
1259710 1478.9
1259720 1484.6
1259730 1490.2
1259740 1495.7
1259750 1495.7
1259760 1501.2
1259770 1507.3
1259780 1507.3
1259790 1512.7
1259800 1517.4
1259810 1517.4
1259820 1520.9
1259830 1524.1
1259840 1524.1
1259850 1526.1
1259860 1527.8
1259870 1527.8
1259880 1531.7
1259890 1536.3
1259900 1536.3
1259910 1540.5
1259920 1543.5
1259930 1543.5
1259940 1545.6
1259950 1548.1
1259960 1551.4
1259970 1551.4
1259980 1554.2
1259990 1556.0
