1240000 2352.8
1240010 2361.2
1240020 2361.2
1240030 2366.0
1240040 2370.2
1240050 2374.1
1240060 2374.1
1240070 2378.4
1240080 2383.1
1240090 2383.1
1240100 2387.9
1240110 2395.1
1240120 2395.1
1240130 2402.7
1240140 2412.1
1240150 2412.1
1240160 2420.1
1240170 2425.8
1240180 2425.8
1240190 2429.2
1240200 2424.3
1240210 2424.3
1240220 2417.7
1240230 2414.5
1240240 2414.5
1240250 2412.7
1240260 2410.1
1240270 2409.9
1240280 2409.9
1240290 2408.3
1240300 2407.5
1240310 2407.5
1240320 2408.3
1240330 2405.7
1240340 2405.7
1240350 2403.4
1240360 2402.2
1240370 2402.2
1240380 2403.7
1240390 2405.1
1240400 2405.1
1240410 2406.2
1240420 2407.2
1240430 2407.2
1240440 2409.5
1240450 2414.8
1240460 2414.8
1240470 2422.2
1240480 2429.4
1240490 2435.6
1240500 2435.6
1240510 2436.5
1240520 2434.7
1240530 2434.7
1240540 2435.5
1240550 2435.1
1240560 2435.1
1240570 2433.9
1240580 2432.0
1240590 2432.0
1240600 2430.8
1240610 2429.7
1240620 2429.7
1240630 2435.0
1240640 2434.5
1240650 2434.5
1240660 2434.4
1240670 2433.9
1240680 2433.9
1240690 2433.2
1240700 2432.0
1240710 2431.7
1240720 2431.7
1240730 2432.7
1240740 2432.4
1240750 2432.4
1240760 2432.9
1240770 2434.5
1240780 2434.5
1240790 2436.0
1240800 2438.0
1240810 2438.0
1240820 2439.6
1240830 2440.8
1240840 2440.8
1240850 2441.6
1240860 2442.8
1240870 2442.8
1240880 2444.4
1240890 2445.7
1240900 2445.7
1240910 2447.2
1240920 2449.8
1240930 2449.8
1240940 2453.1
1240950 2456.7
1240960 2460.7
1240970 2460.7
1240980 2464.8
1240990 2469.3
1241000 2469.3
1241010 2474.0
1241020 2478.8
1241030 2478.8
1241040 2483.5
1241050 2488.1
1241060 2488.1
1241070 2492.5
1241080 2496.9
1241090 2496.9
1241100 2501.1
1241110 2505.4
1241120 2505.4
1241130 2509.7
1241140 2513.9
1241150 2516.5
1241160 2520.6
1241170 2524.6
1241180 2528.3
1241190 2528.3
1241200 2532.5
1241210 2536.9
1241220 2536.9
1241230 2541.6
1241240 2547.6
1241250 2547.6
1241260 2555.7
1241270 2563.8
1241280 2563.8
1241290 2570.3
1241300 2575.0
1241310 2575.0
1241320 2577.7
1241330 2580.8
1241340 2580.8
1241350 2584.7
1241360 2588.1
1241370 2588.1
1241380 2589.4
1241390 2592.2
1241400 2598.3
1241410 2598.3
1241420 2602.2
1241430 2605.4
1241440 2605.4
1241450 2608.9
1241460 2615.7
1241470 2615.7
1241480 2629.1
1241490 2634.6
1241500 2634.6
1241510 2638.0
1241520 2643.4
1241530 2643.4
1241540 2649.2
1241550 2655.3
1241560 2655.3
1241570 2661.8
1241580 2668.6
1241590 2668.6
1241600 2675.4
1241610 2682.4
1241620 2689.6
1241630 2689.6
1241640 2697.1
1241650 2706.7
1241660 2706.7
1241670 2716.1
1241680 2731.7
1241690 2731.7
1241700 2747.5
1241710 2758.1
1241720 2758.1
1241730 2763.1
1241740 2770.0
1241750 2770.0
1241760 2782.2
1241770 2791.1
1241780 2791.1
1241790 2797.5
1241800 2802.3
1241810 2802.3
1241820 2798.3
1241830 2794.1
1241840 2790.5
1241850 2790.5
1241860 2788.3
1241870 2786.9
1241880 2786.9
1241890 2784.8
1241900 2781.1
1241910 2781.1
1241920 2776.8
1241930 2773.8
1241940 2773.8
1241950 2771.9
1241960 2769.9
1241970 2769.9
1241980 2768.4
1241990 2767.8
1242000 2767.8
1242010 2768.2
1242020 2769.2
1242030 2769.2
1242040 2770.3
1242050 2772.6
1242060 2772.6
1242070 2776.0
1242080 2779.8
1242090 2784.1
1242100 2784.1
1242110 2789.8
1242120 2796.8
1242130 2796.8
1242140 2803.6
1242150 2810.5
1242160 2810.5
1242170 2816.5
1242180 2821.8
1242190 2828.7
1242200 2834.7
1242210 2842.8
1242220 2842.8
1242230 2851.2
1242240 2854.6
1242250 2854.6
1242260 2854.3
1242270 2853.5
1242280 2853.5
1242290 2852.2
1242300 2851.1
1242310 2850.3
1242320 2850.3
1242330 2850.5
1242340 2849.3
1242350 2849.3
1242360 2846.9
1242370 2840.2
1242380 2840.2
1242390 2832.8
1242400 2825.6
1242410 2825.6
1242420 2817.3
1242430 2814.1
1242440 2814.1
1242450 2810.6
1242460 2803.4
1242470 2803.4
1242480 2794.6
1242490 2785.9
1242500 2785.9
1242510 2779.6
1242520 2778.7
1242530 2776.6
1242540 2776.6
1242550 2775.7
1242560 2774.6
1242570 2774.6
1242580 2771.7
1242590 2769.7
1242600 2769.7
1242610 2769.5
1242620 2770.8
1242630 2770.8
1242640 2770.4
1242650 2773.2
1242660 2773.2
1242670 2774.8
1242680 2775.5
1242690 2775.5
1242700 2773.0
1242710 2768.9
1242720 2755.4
1242730 2752.3
1242740 2751.4
1242750 2749.6
1242760 2749.6
1242770 2752.5
1242780 2755.3
1242790 2755.3
1242800 2754.4
1242810 2755.8
1242820 2755.8
1242830 2765.5
1242840 2779.4
1242850 2779.4
1242860 2788.0
1242870 2795.5
1242880 2795.5
1242890 2798.2
1242900 2792.5
1242910 2792.5
1242920 2789.5
1242930 2788.6
1242940 2788.6
1242950 2785.1
1242960 2785.0
1242970 2780.4
1242980 2780.4
1242990 2769.8
1243000 2763.0
1243010 2763.0
1243020 2757.4
1243030 2751.1
1243040 2751.1
1243050 2743.6
1243060 2736.2
1243070 2736.2
1243080 2728.1
1243090 2720.6
1243100 2720.6
1243110 2714.3
1243120 2708.9
1243130 2708.9
1243140 2702.8
1243150 2697.3
1243160 2697.3
1243170 2693.0
1243180 2689.8
1243190 2687.9
1243200 2687.9
1243210 2686.0
1243220 2683.8
1243230 2683.8
1243240 2688.1
1243250 2685.9
1243260 2685.9
1243270 2683.0
1243280 2677.6
1243290 2677.6
1243300 2670.4
1243310 2663.8
1243320 2663.8
1243330 2660.0
1243340 2659.3
1243350 2659.3
1243360 2654.8
1243370 2652.4
1243380 2652.4
1243390 2648.9
1243400 2644.6
1243410 2644.6
1243420 2640.4
1243430 2637.2
1243440 2635.9
1243450 2635.9
1243460 2634.4
1243470 2631.4
1243480 2631.4
1243490 2631.3
1243500 2630.7
1243510 2630.7
1243520 2629.0
1243530 2627.7
1243540 2627.7
1243550 2625.2
1243560 2622.8
1243570 2622.8
1243580 2618.9
1243590 2615.7
1243600 2615.7
1243610 2612.8
1243620 2610.1
1243630 2610.1
1243640 2607.3
1243650 2604.8
1243660 2603.2
1243670 2603.2
1243680 2600.4
1243690 2597.2
1243700 2597.2
1243710 2594.4
1243720 2590.2
1243730 2590.2
1243740 2586.5
1243750 2582.7
1243760 2582.7
1243770 2582.3
1243780 2577.5
1243790 2577.5
1243800 2573.1
1243810 2569.1
1243820 2569.1
1243830 2566.1
1243840 2563.5
1243850 2563.5
1243860 2561.7
1243870 2560.3
1243880 2560.4
1243890 2560.4
1243900 2558.4
1243910 2554.4
1243920 2554.4
1243930 2548.3
1243940 2543.0
1243950 2543.0
1243960 2537.8
1243970 2534.6
1243980 2534.6
1243990 2532.8
1244000 2528.9
1244010 2528.9
1244020 2522.9
1244030 2515.8
1244040 2515.8
1244050 2510.4
1244060 2509.9
1244070 2509.9
1244080 2505.4
1244090 2498.6
1244100 2492.4
1244110 2492.4
1244120 2486.8
1244130 2481.8
1244140 2481.8
1244150 2476.9
1244160 2471.1
1244170 2471.1
1244180 2467.0
1244190 2463.8
1244200 2463.8
1244210 2461.0
1244220 2460.2
1244230 2460.2
1244240 2456.0
1244250 2452.1
1244260 2452.1
1244270 2448.4
1244280 2444.2
1244290 2451.6
1244300 2448.1
1244310 2446.1
1244320 2438.2
1244330 2438.2
1244340 2431.9
1244350 2427.4
1244360 2427.4
1244370 2424.8
1244380 2417.8
1244390 2417.8
1244400 2410.4
1244410 2407.0
1244420 2407.0
1244430 2402.6
1244440 2398.1
1244450 2398.1
1244460 2394.6
1244470 2390.8
1244480 2390.8
1244490 2387.0
1244500 2384.0
1244510 2384.0
1244520 2381.1
1244530 2376.6
1244540 2371.8
1244550 2371.8
1244560 2367.1
1244570 2361.6
1244580 2361.6
1244590 2356.2
1244600 2351.0
1244610 2351.0
1244620 2345.3
1244630 2341.5
1244640 2341.5
1244650 2340.2
1244660 2339.2
1244670 2339.2
1244680 2337.2
1244690 2334.2
1244700 2334.2
1244710 2330.1
1244720 2326.4
1244730 2326.4
1244740 2324.7
1244750 2323.5
1244760 2323.5
1244770 2321.1
1244780 2316.0
1244790 2310.5
1244800 2310.5
1244810 2305.7
1244820 2305.0
1244830 2305.0
1244840 2303.8
1244850 2301.8
1244860 2301.8
1244870 2299.0
1244880 2296.4
1244890 2296.4
1244900 2293.0
1244910 2289.4
1244920 2289.4
1244930 2285.9
1244940 2283.0
1244950 2283.0
1244960 2278.5
1244970 2269.6
1244980 2269.6
1244990 2261.1
1245000 2253.4
1245010 2246.2
1245020 2246.2
1245030 2239.4
1245040 2232.5
1245050 2232.5
1245060 2225.6
1245070 2218.5
1245080 2218.5
1245090 2211.1
1245100 2204.1
1245110 2204.1
1245120 2196.8
1245130 2189.3
1245140 2189.3
1245150 2181.7
1245160 2173.3
1245170 2173.3
1245180 2166.2
1245190 2158.8
1245200 2158.8
1245210 2150.7
1245220 2143.8
1245230 2136.1
1245240 2136.1
1245250 2126.2
1245260 2119.4
1245270 2119.4
1245280 2113.1
1245290 2105.5
1245300 2105.5
1245310 2098.1
1245320 2090.7
1245330 2090.7
1245340 2082.8
1245350 2078.1
1245360 2078.1
1245370 2072.2
1245380 2066.7
1245390 2066.7
1245400 2060.4
1245410 2053.9
1245420 2053.9
1245430 2047.6
1245440 2039.8
1245450 2030.7
1245460 2030.7
1245470 2021.2
1245480 2012.6
1245490 2012.6
1245500 2004.4
1245510 1995.3
1245520 1995.3
1245530 1984.6
1245540 1975.0
1245550 1975.0
1245560 1966.3
1245570 1959.0
1245580 1959.0
1245590 1950.4
1245600 1943.9
1245610 1943.9
1245620 1938.3
1245630 1932.8
1245640 1932.8
1245650 1929.2
1245660 1928.7
1245670 1929.3
1245680 1929.3
1245690 1926.0
1245700 1924.8
1245710 1924.8
1245720 1928.5
1245730 1928.4
1245740 1928.4
1245750 1932.4
1245760 1942.2
1245770 1942.2
1245780 1953.8
1245790 1965.6
1245800 1965.6
1245810 1975.5
1245820 1976.4
1245830 1976.4
1245840 1970.0
1245850 1964.1
1245860 1964.1
1245870 1960.4
1245880 1948.5
1245890 1948.5
1245900 1944.0
1245910 1941.3
1245920 1939.4
1245930 1939.4
1245940 1937.9
1245950 1935.4
1245960 1935.4
1245970 1932.6
1245980 1930.1
1245990 1930.1
1246000 1927.2
1246010 1923.2
1246020 1923.2
1246030 1919.4
1246040 1915.8
1246050 1915.8
1246060 1910.9
1246070 1907.9
1246080 1907.9
1246090 1908.6
1246100 1909.9
1246110 1909.9
1246120 1912.2
1246130 1911.5
1246140 1906.7
1246150 1906.7
1246160 1900.9
1246170 1893.8
1246180 1893.8
1246190 1889.3
1246200 1887.4
1246210 1887.4
1246220 1889.1
1246230 1888.4
1246240 1888.4
1246250 1886.0
1246260 1883.3
1246270 1883.3
1246280 1879.6
1246290 1875.1
1246300 1875.1
1246310 1872.9
1246320 1870.7
1246330 1870.7
1246340 1869.0
1246350 1864.4
1246360 1858.5
1246370 1858.5
1246380 1852.9
1246390 1847.6
1246400 1847.6
1246410 1837.0
1246420 1833.5
1246430 1833.5
1246440 1824.4
1246450 1815.1
1246460 1815.1
1246470 1811.0
1246480 1806.2
1246490 1806.2
1246500 1797.9
1246510 1790.2
1246520 1790.2
1246530 1787.7
1246540 1785.0
1246550 1785.0
1246560 1780.8
1246570 1777.7
1246580 1775.4
1246590 1775.4
1246600 1773.8
1246610 1772.9
1246620 1772.9
1246630 1773.4
1246640 1774.9
1246650 1774.9
1246660 1775.5
1246670 1774.8
1246680 1774.8
1246690 1772.9
1246700 1770.0
1246710 1770.0
1246720 1766.6
1246730 1763.0
1246740 1763.0
1246750 1759.1
1246760 1754.3
1246770 1754.3
1246780 1749.7
1246790 1744.7
1246800 1741.0
1246810 1741.0
1246820 1736.9
1246830 1733.2
1246840 1733.2
1246850 1730.2
1246860 1726.3
1246870 1726.3
1246880 1722.6
1246890 1720.2
1246900 1720.2
1246910 1718.0
1246920 1715.7
1246930 1715.7
1246940 1712.8
1246950 1703.2
1246960 1703.2
1246970 1699.5
1246980 1696.4
1246990 1696.4
1247000 1694.5
1247010 1691.4
1247020 1687.9
1247030 1687.9
1247040 1683.9
1247050 1679.4
1247060 1679.4
1247070 1674.8
1247080 1670.3
1247090 1670.3
1247100 1666.3
1247110 1662.6
1247120 1662.6
1247130 1659.2
1247140 1656.2
1247150 1656.2
1247160 1654.1
1247170 1652.2
1247180 1652.2
1247190 1649.0
1247200 1645.5
1247210 1645.5
1247220 1641.9
1247230 1638.6
1247240 1638.6
1247250 1635.1
1247260 1631.8
1247270 1629.3
1247280 1629.3
1247290 1627.1
1247300 1625.7
1247310 1625.7
1247320 1624.9
1247330 1623.6
1247340 1623.6
1247350 1622.1
1247360 1620.5
1247370 1620.5
1247380 1618.7
1247390 1617.1
1247400 1617.1
1247410 1615.4
1247420 1613.6
1247430 1613.6
1247440 1611.9
1247450 1610.2
1247460 1610.2
1247470 1608.8
1247480 1606.9
1247490 1605.4
1247500 1605.4
1247510 1604.2
1247520 1602.6
1247530 1602.6
1247540 1600.7
1247550 1598.9
1247560 1598.9
1247570 1597.1
1247580 1595.6
1247590 1595.6
1247600 1594.9
1247610 1594.1
1247620 1594.1
1247630 1592.9
1247640 1591.5
1247650 1591.5
1247660 1590.6
1247670 1589.5
1247680 1589.5
1247690 1588.6
1247700 1589.1
1247710 1588.9
1247720 1588.9
1247730 1588.2
1247740 1588.4
1247750 1588.4
1247760 1588.9
1247770 1589.5
1247780 1589.5
1247790 1590.5
1247800 1591.5
1247810 1591.5
1247820 1591.9
1247830 1593.0
1247840 1593.0
1247850 1593.8
1247860 1594.1
1247870 1594.1
1247880 1594.3
1247890 1594.3
1247900 1594.3
1247910 1594.9
1247920 1596.5
1247930 1597.4
1247940 1597.4
1247950 1597.7
1247960 1598.4
1247970 1598.4
1247980 1599.4
1247990 1599.1
1248000 1599.1
1248010 1599.1
1248020 1601.9
1248030 1601.9
1248040 1602.4
1248050 1603.2
1248060 1603.2
1248070 1604.2
1248080 1605.2
1248090 1605.2
1248100 1606.9
1248110 1608.3
1248120 1608.3
1248130 1609.8
1248140 1610.2
1248150 1610.1
1248160 1610.1
1248170 1611.4
1248180 1613.5
1248190 1613.5
1248200 1615.1
1248210 1615.8
1248220 1615.8
1248230 1616.7
1248240 1619.3
1248250 1619.3
1248260 1622.7
1248270 1626.2
1248280 1626.2
1248290 1630.0
1248300 1633.0
1248310 1633.0
1248320 1633.2
1248330 1633.4
1248340 1633.4
1248350 1636.1
1248360 1640.2
1248370 1642.4
1248380 1642.4
1248390 1643.5
1248400 1645.7
1248410 1645.7
1248420 1649.0
1248430 1651.4
1248440 1651.4
1248450 1654.7
1248460 1655.7
1248470 1655.7
1248480 1655.6
1248490 1657.5
1248500 1657.5
1248510 1660.0
1248520 1663.1
1248530 1663.1
1248540 1666.3
1248550 1669.2
1248560 1673.0
1248570 1676.0
1248580 1679.0
1248590 1679.0
1248600 1681.5
1248610 1684.3
1248620 1686.7
1248630 1686.7
1248640 1690.0
1248650 1693.1
1248660 1693.1
1248670 1696.1
1248680 1699.6
1248690 1699.6
1248700 1703.5
1248710 1706.9
1248720 1706.9
1248730 1709.4
1248740 1711.5
1248750 1711.5
1248760 1714.6
1248770 1717.4
1248780 1717.4
1248790 1718.7
1248800 1719.8
1248810 1719.8
1248820 1721.9
1248830 1724.5
1248840 1728.9
1248850 1728.9
1248860 1734.8
1248870 1741.3
1248880 1741.3
1248890 1747.9
1248900 1755.2
1248910 1755.2
1248920 1765.1
1248930 1773.4
1248940 1773.4
1248950 1780.2
1248960 1787.0
1248970 1787.0
1248980 1796.9
1248990 1805.9
1249000 1805.9
1249010 1814.4
1249020 1830.9
1249030 1830.9
1249040 1843.4
1249050 1861.1
1249060 1881.0
1249070 1881.0
1249080 1890.4
1249090 1903.9
1249100 1903.9
1249110 1909.8
1249120 1918.8
1249130 1918.8
1249140 1927.7
1249150 1935.1
1249160 1935.1
1249170 1944.7
1249180 1953.4
1249190 1953.4
1249200 1961.0
1249210 1966.9
1249220 1966.9
1249230 1976.1
1249240 1989.8
1249250 1989.8
1249260 1998.6
1249270 2001.7
1249280 2002.5
1249290 2002.5
1249300 2002.9
1249310 2002.5
1249320 2002.5
1249330 2001.8
1249340 2000.2
1249350 2000.2
1249360 1999.5
1249370 2002.3
1249380 2002.3
1249390 2005.8
1249400 2011.4
1249410 2011.4
1249420 2006.4
1249430 2001.2
1249440 2001.2
1249450 1999.2
1249460 2000.5
1249470 2000.5
1249480 2006.6
1249490 2014.4
1249500 2020.8
1249510 2020.8
1249520 2026.7
1249530 2030.3
1249540 2030.3
1249550 2035.9
1249560 2041.9
1249570 2041.9
1249580 2043.9
1249590 2053.5
1249600 2053.5
1249610 2066.7
1249620 2073.9
1249630 2083.1
1249640 2087.7
1249650 2088.1
1249660 2088.1
1249670 2088.3
1249680 2090.7
1249690 2090.7
1249700 2095.6
1249710 2102.7
1249720 2102.7
1249730 2110.8
1249740 2119.2
1249750 2128.7
1249760 2128.7
1249770 2141.1
1249780 2152.7
1249790 2152.7
1249800 2161.8
1249810 2163.3
1249820 2163.3
1249830 2158.0
1249840 2151.7
1249850 2151.7
1249860 2145.5
1249870 2140.3
1249880 2140.3
1249890 2137.1
1249900 2134.8
1249910 2134.8
1249920 2134.9
1249930 2134.7
1249940 2134.7
1249950 2133.4
1249960 2130.8
1249970 2127.1
1249980 2127.1
1249990 2121.5
1250000 2114.1
1250010 2114.1
1250020 2108.7
1250030 2105.4
1250040 2105.4
1250050 2105.0
1250060 2106.8
1250070 2106.8
1250080 2108.0
1250090 2107.0
1250100 2107.0
1250110 2106.0
1250120 2102.5
1250130 2102.5
1250140 2097.4
1250150 2096.3
1250160 2096.3
1250170 2100.5
1250180 2111.4
1250190 2111.2
1250200 2111.2
1250210 2112.2
1250220 2114.7
1250230 2114.7
1250240 2117.0
1250250 2119.9
1250260 2119.9
1250270 2122.8
1250280 2126.2
1250290 2126.2
1250300 2134.5
1250310 2143.8
1250320 2143.8
1250330 2143.5
1250340 2140.3
1250350 2140.3
1250360 2137.4
1250370 2134.9
1250380 2134.9
1250390 2139.4
1250400 2151.6
1250410 2161.7
1250420 2161.7
1250430 2171.0
1250440 2180.5
1250450 2180.5
1250460 2190.7
1250470 2201.5
1250480 2201.5
1250490 2210.5
1250500 2216.6
1250510 2216.6
1250520 2230.0
1250530 2244.0
1250540 2244.0
1250550 2253.1
1250560 2262.2
1250570 2262.2
1250580 2274.2
1250590 2284.2
1250600 2284.2
1250610 2292.5
1250620 2305.0
1250630 2317.9
1250640 2317.9
1250650 2331.2
1250660 2343.2
1250670 2343.2
1250680 2349.7
1250690 2353.9
1250700 2353.9
1250710 2357.3
1250720 2365.4
1250730 2365.4
1250740 2365.8
1250750 2367.2
1250760 2367.2
1250770 2369.7
1250780 2373.0
1250790 2373.0
1250800 2375.5
1250810 2374.3
1250820 2374.3
1250830 2371.0
1250840 2369.1
1250850 2369.2
1250860 2369.2
1250870 2369.5
1250880 2371.6
1250890 2371.6
1250900 2380.6
1250910 2386.0
1250920 2386.0
1250930 2393.9
1250940 2405.1
1250950 2405.1
1250960 2416.0
1250970 2423.8
1250980 2423.8
1250990 2430.7
1251000 2437.6
1251010 2437.6
1251020 2438.3
1251030 2437.0
1251040 2437.0
1251050 2435.0
1251060 2433.5
1251070 2433.5
1251080 2433.1
1251090 2433.7
1251100 2432.1
1251110 2432.1
1251120 2428.6
1251130 2425.4
1251140 2425.4
1251150 2421.9
1251160 2417.2
1251170 2417.2
1251180 2414.4
1251190 2411.0
1251200 2411.0
1251210 2406.7
1251220 2403.6
1251230 2403.6
1251240 2402.1
1251250 2401.5
1251260 2409.5
1251270 2412.4
1251280 2415.0
1251290 2415.0
1251300 2413.6
1251310 2412.3
1251320 2411.9
1251330 2411.9
1251340 2412.9
1251350 2410.8
1251360 2410.8
1251370 2406.5
1251380 2403.2
1251390 2403.2
1251400 2401.4
1251410 2400.2
1251420 2400.2
1251430 2399.6
1251440 2398.7
1251450 2398.7
1251460 2396.9
1251470 2394.0
1251480 2394.0
1251490 2391.0
1251500 2389.2
1251510 2389.2
1251520 2387.6
1251530 2385.3
1251540 2381.8
1251550 2381.8
1251560 2377.5
1251570 2373.6
1251580 2373.6
1251590 2370.6
1251600 2368.5
1251610 2368.5
1251620 2367.3
1251630 2364.4
1251640 2364.4
1251650 2361.1
1251660 2359.6
1251670 2359.6
1251680 2357.8
1251690 2353.4
1251700 2353.4
1251710 2349.8
1251720 2345.2
1251730 2345.2
1251740 2338.8
1251750 2331.5
1251760 2321.8
1251770 2321.8
1251780 2311.1
1251790 2300.4
1251800 2296.9
1251810 2288.1
1251820 2279.1
1251830 2279.1
1251840 2269.6
1251850 2259.8
1251860 2259.8
1251870 2251.8
1251880 2243.8
1251890 2243.8
1251900 2236.0
1251910 2228.3
1251920 2228.3
1251930 2220.8
1251940 2212.9
1251950 2212.9
1251960 2205.2
1251970 2197.6
1251980 2189.5
1251990 2189.5
1252000 2182.7
1252010 2176.8
1252020 2176.8
1252030 2171.3
1252040 2166.1
1252050 2166.1
1252060 2161.7
1252070 2157.7
1252080 2157.7
1252090 2154.2
1252100 2151.6
1252110 2151.6
1252120 2149.7
1252130 2147.7
1252140 2147.7
1252150 2143.6
1252160 2140.4
1252170 2140.4
1252180 2139.3
1252190 2138.2
1252200 2136.1
1252210 2136.1
1252220 2133.4
1252230 2130.5
1252240 2130.5
1252250 2130.0
1252260 2130.8
1252270 2130.8
1252280 2129.8
1252290 2125.4
1252300 2125.4
1252310 2118.6
1252320 2114.5
1252330 2114.5
1252340 2112.0
1252350 2109.6
1252360 2109.6
1252370 2106.7
1252380 2105.0
1252390 2105.0
1252400 2105.0
1252410 2103.8
1252420 2103.8
1252430 2101.2
1252440 2099.2
1252450 2100.1
1252460 2100.1
1252470 2100.1
1252480 2097.9
1252490 2097.9
1252500 2094.0
1252510 2089.7
1252520 2089.7
1252530 2085.5
1252540 2081.3
1252550 2081.3
1252560 2078.4
1252570 2077.1
1252580 2077.1
1252590 2077.0
1252600 2075.7
1252610 2075.7
1252620 2073.6
1252630 2070.8
1252640 2070.8
1252650 2067.7
1252660 2064.9
1252670 2062.9
1252680 2062.9
1252690 2060.2
1252700 2057.5
1252710 2057.5
1252720 2055.3
1252730 2053.0
1252740 2053.0
1252750 2050.7
1252760 2048.2
1252770 2048.2
1252780 2045.1
1252790 2041.1
1252800 2041.1
1252810 2038.7
1252820 2036.5
1252830 2036.5
1252840 2033.4
1252850 2031.7
1252860 2031.7
1252870 2029.9
1252880 2027.5
1252890 2026.0
1252900 2032.6
1252910 2031.4
1252920 2030.3
1252930 2030.3
1252940 2029.2
1252950 2028.6
1252960 2028.6
1252970 2027.6
1252980 2025.9
1252990 2025.9
1253000 2022.7
1253010 2019.9
1253020 2019.9
1253030 2016.8
1253040 2012.8
1253050 2012.8
1253060 2008.0
1253070 2001.3
1253080 2001.3
1253090 1992.9
1253100 1984.5
1253110 1977.0
1253120 1977.0
1253130 1969.5
1253140 1961.0
1253150 1961.0
1253160 1952.8
1253170 1945.4
1253180 1945.4
1253190 1936.3
1253200 1927.9
1253210 1927.9
1253220 1920.8
1253230 1913.1
1253240 1913.1
1253250 1907.0
1253260 1903.5
1253270 1903.5
1253280 1899.5
1253290 1895.9
1253300 1895.9
1253310 1892.7
1253320 1889.1
1253330 1884.4
1253340 1884.4
1253350 1878.5
1253360 1873.4
1253370 1873.4
1253380 1868.2
1253390 1862.1
1253400 1862.1
1253410 1857.5
1253420 1852.4
1253430 1852.4
1253440 1846.4
1253450 1837.4
1253460 1837.4
1253470 1832.5
1253480 1827.6
1253490 1827.6
1253500 1822.4
1253510 1816.7
1253520 1816.7
1253530 1811.2
1253540 1805.7
1253550 1799.6
1253560 1799.6
1253570 1795.0
1253580 1790.3
1253590 1790.3
1253600 1786.0
1253610 1781.2
1253620 1781.2
1253630 1776.0
1253640 1771.2
1253650 1771.2
1253660 1766.0
1253670 1762.1
1253680 1762.1
1253690 1759.0
1253700 1756.4
1253710 1756.4
1253720 1754.2
1253730 1752.2
1253740 1752.2
1253750 1749.6
1253760 1746.9
1253770 1746.9
1253780 1743.6
1253790 1740.8
1253800 1736.7
1253810 1736.7
1253820 1731.1
1253830 1725.0
1253840 1725.0
1253850 1719.7
1253860 1714.6
1253870 1714.6
1253880 1710.2
1253890 1705.6
1253900 1705.6
1253910 1700.4
1253920 1696.2
1253930 1696.2
1253940 1692.7
1253950 1689.3
1253960 1689.3
1253970 1685.1
1253980 1682.0
1253990 1682.0
1254000 1677.4
1254010 1674.4
1254020 1671.9
1254030 1671.9
1254040 1669.0
1254050 1665.6
1254060 1665.6
1254070 1662.6
1254080 1657.5
1254090 1657.5
1254100 1652.6
1254110 1647.5
1254120 1647.5
1254130 1643.7
1254140 1641.5
1254150 1641.5
1254160 1638.8
1254170 1636.6
1254180 1636.6
1254190 1633.7
1254200 1631.4
1254210 1631.4
1254220 1629.0
1254230 1625.3
1254240 1621.4
1254250 1621.4
1254260 1614.3
1254270 1604.6
1254280 1604.6
1254290 1596.3
1254300 1589.5
1254310 1589.5
1254320 1583.8
1254330 1578.7
1254340 1578.7
1254350 1573.8
1254360 1569.2
1254370 1569.2
1254380 1565.7
1254390 1562.9
1254400 1562.9
1254410 1559.9
1254420 1555.6
1254430 1555.6
1254440 1550.1
1254450 1544.3
1254460 1539.5
1254470 1539.5
1254480 1534.3
1254490 1528.0
1254500 1528.0
1254510 1521.6
1254520 1515.3
1254530 1515.3
1254540 1509.5
1254550 1506.8
1254560 1506.8
1254570 1501.6
1254580 1496.5
1254590 1496.5
1254600 1490.9
1254610 1485.1
1254620 1485.1
1254630 1480.1
1254640 1474.8
1254650 1474.8
1254660 1469.8
1254670 1465.9
1254680 1461.4
1254690 1461.4
1254700 1457.0
1254710 1452.1
1254720 1452.1
1254730 1446.9
1254740 1441.5
1254750 1441.5
1254760 1435.6
1254770 1427.9
1254780 1427.9
1254790 1419.8
1254800 1412.0
1254810 1412.0
1254820 1404.1
1254830 1396.8
1254840 1396.8
1254850 1390.3
1254860 1383.8
1254870 1383.8
1254880 1376.8
1254890 1368.9
1254900 1360.4
1254910 1360.4
1254920 1353.7
1254930 1346.4
1254940 1346.4
1254950 1341.7
1254960 1336.8
1254970 1336.8
1254980 1332.3
1254990 1326.9
1255000 1326.9
1255010 1322.5
1255020 1318.0
1255030 1318.0
1255040 1312.5
1255050 1307.5
1255060 1307.5
1255070 1301.0
1255080 1294.6
1255090 1294.6
1255100 1289.8
1255110 1283.6
1255120 1283.6
1255130 1276.8
1255140 1269.6
1255150 1261.1
1255160 1261.1
1255170 1254.0
1255180 1247.9
1255190 1247.9
1255200 1241.3
1255210 1234.5
1255220 1234.5
1255230 1228.4
1255240 1223.2
1255250 1223.2
1255260 1218.3
1255270 1212.7
1255280 1212.7
1255290 1207.3
1255300 1202.7
1255310 1202.7
1255320 1197.5
1255330 1191.4
1255340 1191.4
1255350 1186.2
1255360 1181.1
1255370 1176.3
1255380 1176.3
1255390 1170.6
1255400 1164.6
1255410 1164.6
1255420 1158.7
1255430 1151.8
1255440 1151.8
1255450 1144.7
1255460 1137.1
1255470 1137.1
1255480 1129.4
1255490 1122.9
1255500 1122.9
1255510 1118.2
1255520 1115.5
1255530 1115.5
1255540 1112.3
1255550 1108.7
1255560 1108.7
1255570 1106.2
1255580 1101.8
1255590 1097.0
1255600 1097.0
1255610 1092.6
1255620 1087.7
1255630 1087.7
1255640 1081.4
1255650 1072.7
1255660 1072.7
1255670 1065.9
1255680 1058.9
1255690 1058.9
1255700 1051.7
1255710 1045.6
1255720 1045.6
1255730 1041.4
1255740 1039.9
1255750 1039.9
1255760 1039.0
1255770 1038.4
1255780 1038.4
1255790 1038.4
1255800 1038.3
1255810 1038.2
1255820 1038.2
1255830 1037.9
1255840 1037.8
1255850 1037.8
1255860 1037.3
1255870 1037.3
1255880 1037.3
1255890 1037.1
1255900 1036.3
1255910 1036.3
1255920 1035.6
1255930 1035.1
1255940 1035.1
1255950 1034.8
1255960 1034.5
1255970 1034.5
1255980 1034.2
1255990 1034.1
1256000 1034.1
1256010 1034.0
1256020 1033.8
1256030 1033.1
1256040 1033.1
1256050 1032.3
1256060 1031.5
1256070 1031.5
1256080 1030.9
1256090 1030.6
1256100 1030.6
1256110 1030.4
1256120 1029.5
1256130 1029.5
1256140 1028.9
1256150 1028.5
1256160 1028.5
1256170 1027.9
1256180 1026.9
1256190 1026.9
1256200 1026.5
1256210 1026.3
1256220 1026.3
1256230 1026.1
1256240 1025.7
1256250 1025.1
1256260 1025.1
1256270 1024.4
1256280 1023.7
1256290 1023.7
1256300 1022.9
1256310 1022.3
1256320 1022.3
1256330 1022.3
1256340 1021.7
1256350 1021.7
1256360 1020.8
1256370 1020.2
1256380 1020.2
1256390 1019.8
1256400 1019.4
1256410 1019.4
1256420 1018.9
1256430 1018.4
1256440 1018.4
1256450 1017.7
1256460 1017.0
1256470 1017.0
1256480 1016.3
1256490 1015.6
1256500 1015.3
1256510 1015.3
1256520 1014.8
1256530 1014.3
1256540 1014.3
1256550 1013.7
1256560 1013.2
1256570 1013.2
1256580 1012.8
1256590 1012.3
1256600 1012.3
1256610 1011.8
1256620 1011.3
1256630 1011.3
1256640 1011.0
1256650 1010.6
1256660 1010.6
1256670 1010.1
1256680 1009.5
1256690 1009.5
1256700 1008.9
1256710 1008.3
1256720 1007.8
1256730 1007.8
1256740 1007.5
1256750 1007.2
1256760 1006.9
1256770 1006.5
1256780 1006.0
1256790 1006.0
1256800 1005.5
1256810 1005.1
1256820 1005.1
1256830 1004.9
1256840 1004.1
1256850 1004.1
1256860 1002.7
1256870 1002.3
1256880 1002.3
1256890 1003.3
1256900 1004.8
1256910 1004.8
1256920 1005.2
1256930 1004.9
1256940 1004.6
1256950 1004.6
1256960 1004.1
1256970 1003.6
1256980 1003.6
1256990 1003.0
1257000 1002.3
1257010 1002.3
1257020 1001.6
1257030 1001.1
1257040 1001.1
1257050 1000.9
1257060 1000.8
1257070 1000.8
1257080 1000.8
1257090 1000.7
1257100 1000.7
1257110 1000.6
1257120 1000.6
1257130 1000.6
1257140 1001.1
1257150 1000.7
1257160 1000.6
1257170 1000.6
1257180 1000.6
1257190 1000.3
1257200 1000.3
1257210 1000.3
1257220 1000.6
1257230 1000.6
1257240 1000.8
1257250 1000.8
1257260 1000.8
1257270 1001.5
1257280 1002.2
1257290 1002.2
1257300 1001.6
1257310 1001.5
1257320 1002.8
1257330 1003.3
1257340 1004.0
1257350 1004.0
1257360 1004.8
1257370 1006.1
1257380 1008.2
1257390 1008.2
1257400 1009.4
1257410 1009.6
1257420 1009.6
1257430 1011.2
1257440 1013.4
1257450 1013.4
1257460 1015.6
1257470 1017.6
1257480 1017.6
1257490 1020.2
1257500 1023.0
1257510 1023.0
1257520 1024.9
1257530 1026.7
1257540 1026.7
1257550 1029.7
1257560 1032.7
1257570 1032.7
1257580 1036.0
1257590 1040.2
1257600 1044.6
1257610 1044.6
1257620 1048.0
1257630 1051.1
1257640 1051.1
1257650 1054.9
1257660 1059.4
1257670 1059.4
1257680 1064.1
1257690 1067.8
1257700 1067.8
1257710 1070.9
1257720 1073.8
1257730 1073.8
1257740 1076.4
1257750 1079.2
1257760 1079.2
1257770 1083.0
1257780 1086.4
1257790 1086.4
1257800 1089.6
1257810 1093.5
1257820 1097.2
1257830 1097.2
1257840 1100.8
1257850 1104.0
1257860 1104.0
1257870 1107.2
1257880 1115.7
1257890 1115.7
1257900 1118.7
1257910 1123.2
1257920 1123.2
1257930 1128.0
1257940 1133.1
1257950 1133.1
1257960 1138.4
1257970 1143.9
1257980 1143.9
1257990 1149.1
1258000 1153.6
1258010 1153.6
1258020 1157.0
1258030 1160.4
1258040 1160.4
1258050 1164.0
1258060 1167.5
1258070 1170.1
1258080 1170.1
1258090 1171.9
1258100 1175.3
1258110 1175.3
1258120 1179.9
1258130 1184.0
1258140 1184.0
1258150 1188.7
1258160 1194.9
1258170 1194.9
1258180 1203.8
1258190 1213.7
1258200 1213.7
1258210 1219.8
1258220 1224.0
1258230 1224.0
1258240 1229.2
1258250 1236.9
1258260 1236.9
1258270 1245.5
1258280 1253.1
1258290 1262.4
1258300 1262.4
1258310 1269.5
1258320 1270.6
1258330 1270.6
1258340 1268.2
1258350 1265.5
1258360 1265.5
1258370 1265.1
1258380 1266.3
1258390 1266.3
1258400 1267.9
1258410 1272.2
1258420 1272.2
1258430 1279.1
1258440 1289.9
1258450 1289.9
1258460 1298.1
1258470 1306.7
1258480 1306.7
1258490 1315.8
1258500 1325.2
1258510 1335.0
1258520 1335.0
1258530 1344.6
1258540 1350.2
1258550 1350.2
1258560 1353.0
1258570 1357.1
1258580 1357.1
1258590 1359.8
1258600 1363.5
1258610 1363.5
1258620 1369.4
1258630 1375.0
1258640 1375.0
1258650 1380.0
1258660 1383.1
1258670 1383.1
1258680 1382.2
1258690 1379.7
1258700 1379.7
1258710 1376.6
1258720 1373.2
1258730 1369.2
1258740 1369.2
1258750 1365.0
1258760 1360.7
1258770 1360.7
1258780 1357.0
1258790 1354.9
1258800 1354.9
1258810 1355.7
1258820 1357.5
1258830 1357.5
1258840 1358.0
1258850 1354.7
1258860 1354.7
1258870 1349.5
1258880 1344.0
1258890 1344.0
1258900 1338.2
1258910 1332.8
1258920 1332.8
1258930 1329.5
1258940 1326.9
1258950 1324.0
1258960 1324.0
1258970 1318.2
1258980 1312.1
1258990 1312.1
1259000 1317.6
1259010 1327.3
1259020 1327.3
1259030 1339.7
1259040 1350.3
1259050 1350.3
1259060 1360.6
1259070 1368.5
1259080 1368.5
1259090 1375.2
1259100 1381.8
1259110 1381.8
1259120 1388.4
1259130 1395.8
1259140 1395.8
1259150 1403.7
1259160 1411.8
1259170 1419.8
1259180 1419.8
1259190 1427.5
1259200 1434.5
1259210 1434.5
1259220 1442.0
1259230 1449.7
1259240 1449.7
1259250 1455.6
1259260 1454.7
1259270 1454.7
1259280 1450.1
1259290 1443.6
1259300 1443.6
1259310 1437.1
1259320 1432.1
1259330 1432.1
1259340 1426.2
1259350 1422.0
1259360 1422.0
1259370 1420.8
1259380 1422.8
1259390 1422.8
1259400 1420.5
1259410 1423.1
1259420 1429.6
1259430 1429.6
1259440 1433.7
1259450 1438.8
1259460 1438.8
1259470 1446.5
1259480 1452.7
1259490 1452.7
1259500 1458.1
1259510 1462.7
1259520 1462.7
1259530 1468.1
1259540 1474.2
1259550 1474.2
1259560 1483.1
1259570 1487.0
1259580 1487.0
1259590 1492.0
1259600 1495.9
1259610 1495.9
1259620 1497.6
1259630 1497.4
1259640 1495.8
1259650 1495.8
1259660 1492.9
1259670 1490.6
1259680 1490.6
1259690 1492.6
1259700 1497.9
1259710 1497.9
1259720 1506.0
1259730 1513.7
1259740 1513.7
1259750 1521.0
1259760 1528.4
1259770 1528.4
1259780 1536.6
1259790 1546.5
1259800 1546.5
1259810 1555.7
1259820 1562.3
1259830 1562.3
1259840 1567.7
1259850 1571.6
1259860 1575.4
1259870 1575.4
1259880 1579.2
1259890 1581.7
1259900 1581.7
1259910 1582.0
1259920 1584.0
1259930 1584.0
1259940 1587.9
1259950 1591.8
1259960 1591.8
1259970 1594.8
1259980 1596.8
1259990 1596.8
