1240000 2442.6
1240010 2448.7
1240020 2454.8
1240030 2454.8
1240040 2459.5
1240050 2465.1
1240060 2465.1
1240070 2473.1
1240080 2481.4
1240090 2481.4
1240100 2488.4
1240110 2495.5
1240120 2495.5
1240130 2502.2
1240140 2506.8
1240150 2506.8
1240160 2515.6
1240170 2520.1
1240180 2524.6
1240190 2524.6
1240200 2529.4
1240210 2530.3
1240220 2530.3
1240230 2529.8
1240240 2527.4
1240250 2527.4
1240260 2524.9
1240270 2522.4
1240280 2522.4
1240290 2519.3
1240300 2518.0
1240310 2518.0
1240320 2516.0
1240330 2514.7
1240340 2514.7
1240350 2512.8
1240360 2510.0
1240370 2510.0
1240380 2507.5
1240390 2504.8
1240400 2502.6
1240410 2502.6
1240420 2499.5
1240430 2494.3
1240440 2494.3
1240450 2491.4
1240460 2490.3
1240470 2490.3
1240480 2489.7
1240490 2489.7
1240500 2489.7
1240510 2492.5
1240520 2496.5
1240530 2496.5
1240540 2499.8
1240550 2502.1
1240560 2502.1
1240570 2508.5
1240580 2517.3
1240590 2517.3
1240600 2527.9
1240610 2538.5
1240620 2569.6
1240630 2569.6
1240640 2601.2
1240650 2615.2
1240660 2615.2
1240670 2613.5
1240680 2615.3
1240690 2615.3
1240700 2611.0
1240710 2606.8
1240720 2606.8
1240730 2605.5
1240740 2604.9
1240750 2604.9
1240760 2603.8
1240770 2603.5
1240780 2603.5
1240790 2602.9
1240800 2602.1
1240810 2602.1
1240820 2601.0
1240830 2600.4
1240840 2600.6
1240850 2600.6
1240860 2600.5
1240870 2602.2
1240880 2602.2
1240890 2605.2
1240900 2610.5
1240910 2610.5
1240920 2610.9
1240930 2617.4
1240940 2617.4
1240950 2638.7
1240960 2654.4
1240970 2654.4
1240980 2655.1
1240990 2653.6
1241000 2653.6
1241010 2655.0
1241020 2664.8
1241030 2664.8
1241040 2667.9
1241050 2668.6
1241060 2669.8
1241070 2669.8
1241080 2695.1
1241090 2716.6
1241100 2716.6
1241110 2720.1
1241120 2725.8
1241130 2725.8
1241140 2743.2
1241150 2754.4
1241160 2754.4
1241170 2760.0
1241180 2761.7
1241190 2761.7
1241200 2777.0
1241210 2776.7
1241220 2776.7
1241230 2779.4
1241240 2785.7
1241250 2785.7
1241260 2794.2
1241270 2795.7
1241280 2797.4
1241290 2797.4
1241300 2796.5
1241310 2797.6
1241320 2797.6
1241330 2799.0
1241340 2799.9
1241350 2799.9
1241360 2801.5
1241370 2804.7
1241380 2804.7
1241390 2803.7
1241400 2803.2
1241410 2803.2
1241420 2801.1
1241430 2802.2
1241440 2802.2
1241450 2799.1
1241460 2795.5
1241470 2795.5
1241480 2797.4
1241490 2803.8
1241500 2803.8
1241510 2807.1
1241520 2808.7
1241530 2809.6
1241540 2809.6
1241550 2809.1
1241560 2805.5
1241570 2805.5
1241580 2799.0
1241590 2795.4
1241600 2795.4
1241610 2793.6
1241620 2791.1
1241630 2791.1
1241640 2791.8
1241650 2792.9
1241660 2792.9
1241670 2795.2
1241680 2795.9
1241690 2795.9
1241700 2797.2
1241710 2798.0
1241720 2798.0
1241730 2805.8
1241740 2796.6
1241750 2787.5
1241760 2787.5
1241770 2775.3
1241780 2766.2
1241790 2766.2
1241800 2760.4
1241810 2754.7
1241820 2754.7
1241830 2748.4
1241840 2741.9
1241850 2741.9
1241860 2736.0
1241870 2731.5
1241880 2731.5
1241890 2726.7
1241900 2722.0
1241910 2722.0
1241920 2718.1
1241930 2714.4
1241940 2714.4
1241950 2711.2
1241960 2707.6
1241970 2704.2
1241980 2704.2
1241990 2701.2
1242000 2698.4
1242010 2698.4
1242020 2697.3
1242030 2697.1
1242040 2697.1
1242050 2696.7
1242060 2697.3
1242070 2697.3
1242080 2698.2
1242090 2697.8
1242100 2697.8
1242110 2698.4
1242120 2698.6
1242130 2698.6
1242140 2698.1
1242150 2697.0
1242160 2697.0
1242170 2694.9
1242180 2691.6
1242190 2688.0
1242200 2688.0
1242210 2687.7
1242220 2686.2
1242230 2686.2
1242240 2683.9
1242250 2674.8
1242260 2674.8
1242270 2672.4
1242280 2670.2
1242290 2670.2
1242300 2668.9
1242310 2667.1
1242320 2667.1
1242330 2665.3
1242340 2663.7
1242350 2663.7
1242360 2662.1
1242370 2660.8
1242380 2660.8
1242390 2659.5
1242400 2658.3
1242410 2658.4
1242420 2658.4
1242430 2658.9
1242440 2659.2
1242450 2659.2
1242460 2660.8
1242470 2662.6
1242480 2662.6
1242490 2663.3
1242500 2663.0
1242510 2663.0
1242520 2661.4
1242530 2659.2
1242540 2659.2
1242550 2657.1
1242560 2654.8
1242570 2654.8
1242580 2652.0
1242590 2649.3
1242600 2649.3
1242610 2646.8
1242620 2644.4
1242630 2641.8
1242640 2641.8
1242650 2639.2
1242660 2636.6
1242670 2636.6
1242680 2634.8
1242690 2633.7
1242700 2633.7
1242710 2633.3
1242720 2632.7
1242730 2632.7
1242740 2631.6
1242750 2630.3
1242760 2630.3
1242770 2627.9
1242780 2626.3
1242790 2626.3
1242800 2624.7
1242810 2623.1
1242820 2623.1
1242830 2621.3
1242840 2618.2
1242850 2618.2
1242860 2615.0
1242870 2611.2
1242880 2606.5
1242890 2606.5
1242900 2601.3
1242910 2597.9
1242920 2597.9
1242930 2595.5
1242940 2592.8
1242950 2592.8
1242960 2590.4
1242970 2587.7
1242980 2587.7
1242990 2584.7
1243000 2582.6
1243010 2582.6
1243020 2581.3
1243030 2580.2
1243040 2580.2
1243050 2579.1
1243060 2578.0
1243070 2578.0
1243080 2577.0
1243090 2575.7
1243100 2574.3
1243110 2574.3
1243120 2572.4
1243130 2569.5
1243140 2569.5
1243150 2566.4
1243160 2563.8
1243170 2563.8
1243180 2561.5
1243190 2559.7
1243200 2559.7
1243210 2558.0
1243220 2556.2
1243230 2556.2
1243240 2553.6
1243250 2549.9
1243260 2549.9
1243270 2544.8
1243280 2539.0
1243290 2539.0
1243300 2531.9
1243310 2526.6
1243320 2523.0
1243330 2523.0
1243340 2519.2
1243350 2516.2
1243360 2516.2
1243370 2513.9
1243380 2511.8
1243390 2511.8
1243400 2510.3
1243410 2508.6
1243420 2508.6
1243430 2507.2
1243440 2506.1
1243450 2506.1
1243460 2504.9
1243470 2503.8
1243480 2503.8
1243490 2502.4
1243500 2500.9
1243510 2500.9
1243520 2499.7
1243530 2498.6
1243540 2497.4
1243550 2497.4
1243560 2495.7
1243570 2493.4
1243580 2493.4
1243590 2490.5
1243600 2487.3
1243610 2487.3
1243620 2483.5
1243630 2479.2
1243640 2479.2
1243650 2475.7
1243660 2472.8
1243670 2472.8
1243680 2470.4
1243690 2468.3
1243700 2468.3
1243710 2466.0
1243720 2463.3
1243730 2463.3
1243740 2460.1
1243750 2456.9
1243760 2453.8
1243770 2453.8
1243780 2450.7
1243790 2447.5
1243800 2447.5
1243810 2444.6
1243820 2439.0
1243830 2439.0
1243840 2434.4
1243850 2430.1
1243860 2430.1
1243870 2426.0
1243880 2423.2
1243890 2423.2
1243900 2420.3
1243910 2416.7
1243920 2416.7
1243930 2414.0
1243940 2411.0
1243950 2411.0
1243960 2408.3
1243970 2406.8
1243980 2404.5
1243990 2404.5
1244000 2402.3
1244010 2399.7
1244020 2399.7
1244030 2397.5
1244040 2395.9
1244050 2395.9
1244060 2394.8
1244070 2393.6
1244080 2393.6
1244090 2391.6
1244100 2388.8
1244110 2388.8
1244120 2385.2
1244130 2382.3
1244140 2382.3
1244150 2378.7
1244160 2374.5
1244170 2374.5
1244180 2370.0
1244190 2367.2
1244200 2367.2
1244210 2364.0
1244220 2361.7
1244230 2360.2
1244240 2360.2
1244250 2357.2
1244260 2355.5
1244270 2355.5
1244280 2358.7
1244290 2364.8
1244300 2364.8
1244310 2369.8
1244320 2376.2
1244330 2376.2
1244340 2385.9
1244350 2374.7
1244360 2374.7
1244370 2368.5
1244380 2368.9
1244390 2368.9
1244400 2368.7
1244410 2363.4
1244420 2363.4
1244430 2356.8
1244440 2350.2
1244450 2346.0
1244460 2346.0
1244470 2348.0
1244480 2349.9
1244490 2349.9
1244500 2343.3
1244510 2336.2
1244520 2336.2
1244530 2330.8
1244540 2325.0
1244550 2325.0
1244560 2318.5
1244570 2314.1
1244580 2314.1
1244590 2311.4
1244600 2310.7
1244610 2310.7
1244620 2308.6
1244630 2304.5
1244640 2304.5
1244650 2299.1
1244660 2295.0
1244670 2290.3
1244680 2290.3
1244690 2283.4
1244700 2277.8
1244710 2277.8
1244720 2271.9
1244730 2265.3
1244740 2265.3
1244750 2259.5
1244760 2255.1
1244770 2255.1
1244780 2251.3
1244790 2247.3
1244800 2247.3
1244810 2243.7
1244820 2239.9
1244830 2239.9
1244840 2235.7
1244850 2228.1
1244860 2228.1
1244870 2217.3
1244880 2205.3
1244890 2194.1
1244900 2194.1
1244910 2178.8
1244920 2162.6
1244930 2162.6
1244940 2154.1
1244950 2145.3
1244960 2145.3
1244970 2136.2
1244980 2127.3
1244990 2127.3
1245000 2118.3
1245010 2109.8
1245020 2109.8
1245030 2101.7
1245040 2093.2
1245050 2093.2
1245060 2084.3
1245070 2076.1
1245080 2076.1
1245090 2068.4
1245100 2061.1
1245110 2055.1
1245120 2055.1
1245130 2049.2
1245140 2043.4
1245150 2043.4
1245160 2037.3
1245170 2030.7
1245180 2030.7
1245190 2024.6
1245200 2018.5
1245210 2018.5
1245220 2012.2
1245230 2005.3
1245240 2005.3
1245250 1998.9
1245260 1992.8
1245270 1992.8
1245280 1987.0
1245290 1980.5
1245300 1980.5
1245310 1974.7
1245320 1967.7
1245330 1960.0
1245340 1960.0
1245350 1952.2
1245360 1946.3
1245370 1946.3
1245380 1940.6
1245390 1935.1
1245400 1935.1
1245410 1923.2
1245420 1917.7
1245430 1917.7
1245440 1911.9
1245450 1906.4
1245460 1906.4
1245470 1901.2
1245480 1896.9
1245490 1896.9
1245500 1891.6
1245510 1884.1
1245520 1884.1
1245530 1876.7
1245540 1870.6
1245550 1864.6
1245560 1864.6
1245570 1857.6
1245580 1850.7
1245590 1850.7
1245600 1844.0
1245610 1838.4
1245620 1838.4
1245630 1835.2
1245640 1834.0
1245650 1834.0
1245660 1834.2
1245670 1834.3
1245680 1834.3
1245690 1834.1
1245700 1833.6
1245710 1833.6
1245720 1833.8
1245730 1834.0
1245740 1834.0
1245750 1833.3
1245760 1832.0
1245770 1832.0
1245780 1831.3
1245790 1830.3
1245800 1829.9
1245810 1829.9
1245820 1829.0
1245830 1826.6
1245840 1826.6
1245850 1824.5
1245860 1822.4
1245870 1822.4
1245880 1820.6
1245890 1819.0
1245900 1819.0
1245910 1816.4
1245920 1814.2
1245930 1814.2
1245940 1810.7
1245950 1808.5
1245960 1808.5
1245970 1806.4
1245980 1804.3
1245990 1804.3
1246000 1802.4
1246010 1800.3
1246020 1798.4
1246030 1798.4
1246040 1796.2
1246050 1793.3
1246060 1793.3
1246070 1790.6
1246080 1788.3
1246090 1788.3
1246100 1786.2
1246110 1783.9
1246120 1783.9
1246130 1780.8
1246140 1778.5
1246150 1778.5
1246160 1776.2
1246170 1773.5
1246180 1773.5
1246190 1771.7
1246200 1769.6
1246210 1769.6
1246220 1767.2
1246230 1765.4
1246240 1762.7
1246250 1762.7
1246260 1760.0
1246270 1757.7
1246280 1757.7
1246290 1755.6
1246300 1753.3
1246310 1753.3
1246320 1751.1
1246330 1749.2
1246340 1749.2
1246350 1747.5
1246360 1745.7
1246370 1745.7
1246380 1743.5
1246390 1741.5
1246400 1741.5
1246410 1739.3
1246420 1736.8
1246430 1736.8
1246440 1734.5
1246450 1732.4
1246460 1730.4
1246470 1730.5
1246480 1728.6
1246490 1727.0
1246500 1727.0
1246510 1725.4
1246520 1723.5
1246530 1723.5
1246540 1721.6
1246550 1719.7
1246560 1719.7
1246570 1718.1
1246580 1716.2
1246590 1716.2
1246600 1713.9
1246610 1711.1
1246620 1711.1
1246630 1708.4
1246640 1706.8
1246650 1706.8
1246660 1704.8
1246670 1702.7
1246680 1700.7
1246690 1700.7
1246700 1698.7
1246710 1696.9
1246720 1696.9
1246730 1695.1
1246740 1693.4
1246750 1693.4
1246760 1691.7
1246770 1689.9
1246780 1689.9
1246790 1688.0
1246800 1686.0
1246810 1686.0
1246820 1683.8
1246830 1681.8
1246840 1681.8
1246850 1679.9
1246860 1678.3
1246870 1678.3
1246880 1676.8
1246890 1675.2
1246900 1673.5
1246910 1673.5
1246920 1672.2
1246930 1670.3
1246940 1670.3
1246950 1667.2
1246960 1663.7
1246970 1663.7
1246980 1661.0
1246990 1658.4
1247000 1658.4
1247010 1648.9
1247020 1646.3
1247030 1646.3
1247040 1645.4
1247050 1646.5
1247060 1646.5
1247070 1649.2
1247080 1650.8
1247090 1650.8
1247100 1650.7
1247110 1649.6
1247120 1649.6
1247130 1649.5
1247140 1650.5
1247150 1652.1
1247160 1652.1
1247170 1654.5
1247180 1657.6
1247190 1657.6
1247200 1660.9
1247210 1661.7
1247220 1661.7
1247230 1666.0
1247240 1669.5
1247250 1669.5
1247260 1669.4
1247270 1668.8
1247280 1668.8
1247290 1669.0
1247300 1669.2
1247310 1669.2
1247320 1669.3
1247330 1669.9
1247340 1669.9
1247350 1670.2
1247360 1668.5
1247370 1667.2
1247380 1667.2
1247390 1666.6
1247400 1665.7
1247410 1665.7
1247420 1664.0
1247430 1662.6
1247440 1662.6
1247450 1661.3
1247460 1660.4
1247470 1660.4
1247480 1659.4
1247490 1660.2
1247500 1660.2
1247510 1661.8
1247520 1663.0
1247530 1663.0
1247540 1671.1
1247550 1673.3
1247560 1673.3
1247570 1675.1
1247580 1676.5
1247590 1677.7
1247600 1677.7
1247610 1677.9
1247620 1678.2
1247630 1678.2
1247640 1678.7
1247650 1679.2
1247660 1679.2
1247670 1679.9
1247680 1680.7
1247690 1680.7
1247700 1681.9
1247710 1683.8
1247720 1683.8
1247730 1685.7
1247740 1687.5
1247750 1687.5
1247760 1688.7
1247770 1689.3
1247780 1689.3
1247790 1690.1
1247800 1690.7
1247810 1690.5
1247820 1690.5
1247830 1690.6
1247840 1690.3
1247850 1690.3
1247860 1690.4
1247870 1690.0
1247880 1690.0
1247890 1690.3
1247900 1691.0
1247910 1691.0
1247920 1691.6
1247930 1690.2
1247940 1690.2
1247950 1689.7
1247960 1691.4
1247970 1691.4
1247980 1692.9
1247990 1695.5
1248000 1695.5
1248010 1700.2
1248020 1705.0
1248030 1707.4
1248040 1707.4
1248050 1707.7
1248060 1710.0
1248070 1710.0
1248080 1715.3
1248090 1715.9
1248100 1715.9
1248110 1716.5
1248120 1715.7
1248130 1715.7
1248140 1715.8
1248150 1716.8
1248160 1716.8
1248170 1720.7
1248180 1722.2
1248190 1722.2
1248200 1721.3
1248210 1721.8
1248220 1721.8
1248230 1723.8
1248240 1727.3
1248250 1728.0
1248260 1728.0
1248270 1726.4
1248280 1732.1
1248290 1732.1
1248300 1738.4
1248310 1742.6
1248320 1742.6
1248330 1745.6
1248340 1747.2
1248350 1747.2
1248360 1748.7
1248370 1749.5
1248380 1749.5
1248390 1751.2
1248400 1753.3
1248410 1753.3
1248420 1758.1
1248430 1763.6
1248440 1763.6
1248450 1768.0
1248460 1772.6
1248470 1772.6
1248480 1776.5
1248490 1779.2
1248500 1781.8
1248510 1781.8
1248520 1782.3
1248530 1786.2
1248540 1786.2
1248550 1792.1
1248560 1795.7
1248570 1795.7
1248580 1798.7
1248590 1803.2
1248600 1803.2
1248610 1813.5
1248620 1819.1
1248630 1819.1
1248640 1823.3
1248650 1823.9
1248660 1823.9
1248670 1821.2
1248680 1817.0
1248690 1817.0
1248700 1813.0
1248710 1812.1
1248720 1815.0
1248730 1815.0
1248740 1819.0
1248750 1825.6
1248760 1825.6
1248770 1832.2
1248780 1843.6
1248790 1843.6
1248800 1857.6
1248810 1879.2
1248820 1879.2
1248830 1895.7
1248840 1904.3
1248850 1904.3
1248860 1912.6
1248870 1919.4
1248880 1919.4
1248890 1925.2
1248900 1927.7
1248910 1927.7
1248920 1925.9
1248930 1923.4
1248940 1918.8
1248950 1918.8
1248960 1915.7
1248970 1913.8
1248980 1913.8
1248990 1914.0
1249000 1919.5
1249010 1919.5
1249020 1928.3
1249030 1936.2
1249040 1936.2
1249050 1943.0
1249060 1949.3
1249070 1949.3
1249080 1955.8
1249090 1962.6
1249100 1962.6
1249110 1970.0
1249120 1977.2
1249130 1977.2
1249140 1984.1
1249150 1992.8
1249160 1999.4
1249170 1999.4
1249180 2006.0
1249190 2012.6
1249200 2012.6
1249210 2022.4
1249220 2031.1
1249230 2031.1
1249240 2034.7
1249250 2040.5
1249260 2040.5
1249270 2047.3
1249280 2054.4
1249290 2054.4
1249300 2062.7
1249310 2071.5
1249320 2071.5
1249330 2080.0
1249340 2088.4
1249350 2088.4
1249360 2097.3
1249370 2107.9
1249380 2120.0
1249390 2120.0
1249400 2131.9
1249410 2147.5
1249420 2147.5
1249430 2160.2
1249440 2172.6
1249450 2172.6
1249460 2190.1
1249470 2203.6
1249480 2203.6
1249490 2214.9
1249500 2226.9
1249510 2226.9
1249520 2242.3
1249530 2264.1
1249540 2264.1
1249550 2277.4
1249560 2288.1
1249570 2288.1
1249580 2293.4
1249590 2290.9
1249600 2290.1
1249610 2290.1
1249620 2296.7
1249630 2307.3
1249640 2307.3
1249650 2316.6
1249660 2324.9
1249670 2324.9
1249680 2327.6
1249690 2339.4
1249700 2339.4
1249710 2344.9
1249720 2351.9
1249730 2351.9
1249740 2357.5
1249750 2360.6
1249760 2360.6
1249770 2358.2
1249780 2351.8
1249790 2351.8
1249800 2345.6
1249810 2340.3
1249820 2335.9
1249830 2335.9
1249840 2332.8
1249850 2330.5
1249860 2330.5
1249870 2327.9
1249880 2321.9
1249890 2321.9
1249900 2315.7
1249910 2316.0
1249920 2316.0
1249930 2316.2
1249940 2311.7
1249950 2311.7
1249960 2311.3
1249970 2311.2
1249980 2311.2
1249990 2309.3
1250000 2307.8
1250010 2307.8
1250020 2307.6
1250030 2307.0
1250040 2307.0
1250050 2305.8
1250060 2305.5
1250070 2309.6
1250080 2309.6
1250090 2313.7
1250100 2316.7
1250110 2316.7
1250120 2319.5
1250130 2318.9
1250140 2318.9
1250150 2315.1
1250160 2312.5
1250170 2312.5
1250180 2313.3
1250190 2317.3
1250200 2317.3
1250210 2321.4
1250220 2325.8
1250230 2332.8
1250240 2336.8
1250250 2340.6
1250260 2340.6
1250270 2341.6
1250280 2344.4
1250290 2349.7
1250300 2349.7
1250310 2358.5
1250320 2363.6
1250330 2363.6
1250340 2368.5
1250350 2376.0
1250360 2376.0
1250370 2382.3
1250380 2384.5
1250390 2384.5
1250400 2385.3
1250410 2384.4
1250420 2384.4
1250430 2381.6
1250440 2379.8
1250450 2379.8
1250460 2379.1
1250470 2378.3
1250480 2378.3
1250490 2378.6
1250500 2378.5
1250510 2377.8
1250520 2377.8
1250530 2381.0
1250540 2383.4
1250550 2383.4
1250560 2394.8
1250570 2414.4
1250580 2414.4
1250590 2433.3
1250600 2436.7
1250610 2436.7
1250620 2436.3
1250630 2435.5
1250640 2435.5
1250650 2433.6
1250660 2431.9
1250670 2431.9
1250680 2429.7
1250690 2428.7
1250700 2428.7
1250710 2429.1
1250720 2428.7
1250730 2428.9
1250740 2428.9
1250750 2429.8
1250760 2431.1
1250770 2431.1
1250780 2443.1
1250790 2449.9
1250800 2449.9
1250810 2461.1
1250820 2471.4
1250830 2471.4
1250840 2478.1
1250850 2480.9
1250860 2480.9
1250870 2479.8
1250880 2479.8
1250890 2479.8
1250900 2479.9
1250910 2483.1
1250920 2483.1
1250930 2488.9
1250940 2490.7
1250950 2492.6
1250960 2492.6
1250970 2496.4
1250980 2499.3
1250990 2499.3
1251000 2503.0
1251010 2498.6
1251020 2498.6
1251030 2491.3
1251040 2485.0
1251050 2485.0
1251060 2478.8
1251070 2470.9
1251080 2470.9
1251090 2462.5
1251100 2454.5
1251110 2454.5
1251120 2447.4
1251130 2441.2
1251140 2441.2
1251150 2435.6
1251160 2427.9
1251170 2420.7
1251180 2420.7
1251190 2414.4
1251200 2408.6
1251210 2408.6
1251220 2402.4
1251230 2396.2
1251240 2396.2
1251250 2389.8
1251260 2384.1
1251270 2384.1
1251280 2379.3
1251290 2375.0
1251300 2375.0
1251310 2370.7
1251320 2372.6
1251330 2372.6
1251340 2370.8
1251350 2367.3
1251360 2367.3
1251370 2362.8
1251380 2356.9
1251390 2356.9
1251400 2350.1
1251410 2343.4
1251420 2337.1
1251430 2337.1
1251440 2332.7
1251450 2330.1
1251460 2330.1
1251470 2328.2
1251480 2326.2
1251490 2326.2
1251500 2324.8
1251510 2323.3
1251520 2323.3
1251530 2321.1
1251540 2317.6
1251550 2317.6
1251560 2313.2
1251570 2307.9
1251580 2307.9
1251590 2301.5
1251600 2294.6
1251610 2294.6
1251620 2287.4
1251630 2280.4
1251640 2274.7
1251650 2274.7
1251660 2269.7
1251670 2264.5
1251680 2264.5
1251690 2259.2
1251700 2254.4
1251710 2254.4
1251720 2250.2
1251730 2245.9
1251740 2245.9
1251750 2242.2
1251760 2238.0
1251770 2238.0
1251780 2233.5
1251790 2229.0
1251800 2229.0
1251810 2224.4
1251820 2219.5
1251830 2219.5
1251840 2214.3
1251850 2209.0
1251860 2199.6
1251870 2199.6
1251880 2196.1
1251890 2191.7
1251900 2191.7
1251910 2187.5
1251920 2183.4
1251930 2183.4
1251940 2179.1
1251950 2174.4
1251960 2174.4
1251970 2168.7
1251980 2162.8
1251990 2162.8
1252000 2156.6
1252010 2150.7
1252020 2150.7
1252030 2146.1
1252040 2141.6
1252050 2141.6
1252060 2136.3
1252070 2132.1
1252080 2127.9
1252090 2127.9
1252100 2123.3
1252110 2117.5
1252120 2117.5
1252130 2110.0
1252140 2103.7
1252150 2103.7
1252160 2098.2
1252170 2093.6
1252180 2093.6
1252190 2088.9
1252200 2083.9
1252210 2083.9
1252220 2077.8
1252230 2072.7
1252240 2072.7
1252250 2068.2
1252260 2064.0
1252270 2064.0
1252280 2059.7
1252290 2055.9
1252300 2052.0
1252310 2052.0
1252320 2047.7
1252330 2042.9
1252340 2042.9
1252350 2037.4
1252360 2032.7
1252370 2032.7
1252380 2029.2
1252390 2027.0
1252400 2027.0
1252410 2025.8
1252420 2023.6
1252430 2023.6
1252440 2021.3
1252450 2017.9
1252460 2017.9
1252470 2014.6
1252480 2011.4
1252490 2011.4
1252500 2007.8
1252510 2004.1
1252520 1999.4
1252530 1999.4
1252540 1994.9
1252550 1991.9
1252560 1991.9
1252570 1988.7
1252580 1985.8
1252590 1985.8
1252600 1984.0
1252610 1983.9
1252620 1983.9
1252630 1983.2
1252640 1982.1
1252650 1982.1
1252660 1981.2
1252670 1984.7
1252680 1984.7
1252690 1988.8
1252700 1991.3
1252710 1991.3
1252720 1991.1
1252730 1986.6
1252740 1979.3
1252750 1979.3
1252760 1970.4
1252770 1963.9
1252780 1963.9
1252790 1958.1
1252800 1953.6
1252810 1953.6
1252820 1948.1
1252830 1942.7
1252840 1942.7
1252850 1937.7
1252860 1932.0
1252870 1932.0
1252880 1925.0
1252890 1917.4
1252900 1917.4
1252910 1911.7
1252920 1906.7
1252930 1906.7
1252940 1901.3
1252950 1896.1
1252960 1892.7
1252970 1887.6
1252980 1881.8
1252990 1876.4
1253000 1876.4
1253010 1871.4
1253020 1866.2
1253030 1866.2
1253040 1861.6
1253050 1858.0
1253060 1858.0
1253070 1854.1
1253080 1850.2
1253090 1850.2
1253100 1846.4
1253110 1841.8
1253120 1841.8
1253130 1837.1
1253140 1834.0
1253150 1834.0
1253160 1830.1
1253170 1826.8
1253180 1826.8
1253190 1824.1
1253200 1822.7
1253210 1821.8
1253220 1821.8
1253230 1821.8
1253240 1820.7
1253250 1820.7
1253260 1818.2
1253270 1814.9
1253280 1814.9
1253290 1812.1
1253300 1808.2
1253310 1808.2
1253320 1804.7
1253330 1800.5
1253340 1800.5
1253350 1796.1
1253360 1792.1
1253370 1792.1
1253380 1789.2
1253390 1785.5
1253400 1785.5
1253410 1781.1
1253420 1777.1
1253430 1773.8
1253440 1773.8
1253450 1770.7
1253460 1767.1
1253470 1767.1
1253480 1764.6
1253490 1762.3
1253500 1764.0
1253510 1759.8
1253520 1755.2
1253530 1755.2
1253540 1750.7
1253550 1746.2
1253560 1746.2
1253570 1742.4
1253580 1739.1
1253590 1739.1
1253600 1735.1
1253610 1730.9
1253620 1730.9
1253630 1726.0
1253640 1722.1
1253650 1718.2
1253660 1718.2
1253670 1714.8
1253680 1712.1
1253690 1712.1
1253700 1708.0
1253710 1703.2
1253720 1703.2
1253730 1698.2
1253740 1693.0
1253750 1693.0
1253760 1688.0
1253770 1682.8
1253780 1682.8
1253790 1677.8
1253800 1674.6
1253810 1674.6
1253820 1671.1
1253830 1667.9
1253840 1667.9
1253850 1665.2
1253860 1662.5
1253870 1660.5
1253880 1660.5
1253890 1658.2
1253900 1655.4
1253910 1655.4
1253920 1650.6
1253930 1645.8
1253940 1645.8
1253950 1642.2
1253960 1638.4
1253970 1638.4
1253980 1634.5
1253990 1630.2
1254000 1630.2
1254010 1625.9
1254020 1621.5
1254030 1621.5
1254040 1617.6
1254050 1614.4
1254060 1614.4
1254070 1611.5
1254080 1607.9
1254090 1603.2
1254100 1603.2
1254110 1599.0
1254120 1594.8
1254130 1594.8
1254140 1590.4
1254150 1586.0
1254160 1586.0
1254170 1580.7
1254180 1575.1
1254190 1575.1
1254200 1568.9
1254210 1562.8
1254220 1562.8
1254230 1556.4
1254240 1548.9
1254250 1548.9
1254260 1542.2
1254270 1535.7
1254280 1535.7
1254290 1529.6
1254300 1523.8
1254310 1518.3
1254320 1518.3
1254330 1512.2
1254340 1505.7
1254350 1505.7
1254360 1499.6
1254370 1494.0
1254380 1494.0
1254390 1488.3
1254400 1482.7
1254410 1482.7
1254420 1477.2
1254430 1471.5
1254440 1471.5
1254450 1465.7
1254460 1460.2
1254470 1460.2
1254480 1456.0
1254490 1453.5
1254500 1453.5
1254510 1452.0
1254520 1450.6
1254530 1450.6
1254540 1448.0
1254550 1445.2
1254560 1442.6
1254570 1442.6
1254580 1440.2
1254590 1436.8
1254600 1436.8
1254610 1428.3
1254620 1423.1
1254630 1423.1
1254640 1417.9
1254650 1412.5
1254660 1412.5
1254670 1407.1
1254680 1401.9
1254690 1401.9
1254700 1397.0
1254710 1393.0
1254720 1393.0
1254730 1389.2
1254740 1385.4
1254750 1385.4
1254760 1381.0
1254770 1375.3
1254780 1369.9
1254790 1369.9
1254800 1366.4
1254810 1363.7
1254820 1363.7
1254830 1360.8
1254840 1357.9
1254850 1357.9
1254860 1355.5
1254870 1352.5
1254880 1352.5
1254890 1349.0
1254900 1345.5
1254910 1345.5
1254920 1342.3
1254930 1338.5
1254940 1338.5
1254950 1335.2
1254960 1331.9
1254970 1331.9
1254980 1327.4
1254990 1322.3
1255000 1314.9
1255010 1314.9
1255020 1308.2
1255030 1299.2
1255040 1299.2
1255050 1290.3
1255060 1280.7
1255070 1280.7
1255080 1271.5
1255090 1263.0
1255100 1263.0
1255110 1254.2
1255120 1244.7
1255130 1244.7
1255140 1234.4
1255150 1225.0
1255160 1223.2
1255170 1214.4
1255180 1205.4
1255190 1205.4
1255200 1196.7
1255210 1188.4
1255220 1180.5
1255230 1180.5
1255240 1172.9
1255250 1165.8
1255260 1165.8
1255270 1159.2
1255280 1152.4
1255290 1152.4
1255300 1147.2
1255310 1142.2
1255320 1142.2
1255330 1137.0
1255340 1131.7
1255350 1131.7
1255360 1128.0
1255370 1126.2
1255380 1126.2
1255390 1122.6
1255400 1117.2
1255410 1117.2
1255420 1112.2
1255430 1106.6
1255440 1101.1
1255450 1101.1
1255460 1097.3
1255470 1093.2
1255480 1093.2
1255490 1088.1
1255500 1081.5
1255510 1081.5
1255520 1075.4
1255530 1071.0
1255540 1071.0
1255550 1067.6
1255560 1064.5
1255570 1064.5
1255580 1061.5
1255590 1058.6
1255600 1058.6
1255610 1056.1
1255620 1053.5
1255630 1053.5
1255640 1050.1
1255650 1045.8
1255660 1041.2
1255670 1041.2
1255680 1036.4
1255690 1032.4
1255700 1032.4
1255710 1030.0
1255720 1027.5
1255730 1027.5
1255740 1025.1
1255750 1022.8
1255760 1022.8
1255770 1020.2
1255780 1018.7
1255790 1018.7
1255800 1018.1
1255810 1018.0
1255820 1018.0
1255830 1018.3
1255840 1018.1
1255850 1018.1
1255860 1018.0
1255870 1018.2
1255880 1018.4
1255890 1018.4
1255900 1018.4
1255910 1018.3
1255920 1018.3
1255930 1018.1
1255940 1018.4
1255950 1018.4
1255960 1018.5
1255970 1018.8
1255980 1018.8
1255990 1018.3
1256000 1018.1
1256010 1018.1
1256020 1018.2
1256030 1017.8
1256040 1017.8
1256050 1017.4
1256060 1017.2
1256070 1017.2
1256080 1017.3
1256090 1017.4
1256100 1017.4
1256110 1017.7
1256120 1017.9
1256130 1016.6
1256140 1016.6
1256150 1016.3
1256160 1015.5
1256170 1015.5
1256180 1014.6
1256190 1013.9
1256200 1013.9
1256210 1013.3
1256220 1012.6
1256230 1012.6
1256240 1012.0
1256250 1011.5
1256260 1011.5
1256270 1011.0
1256280 1011.0
1256290 1011.0
1256300 1011.4
1256310 1011.7
1256320 1011.7
1256330 1011.0
1256340 1010.2
1256350 1010.6
1256360 1010.6
1256370 1011.1
1256380 1010.3
1256390 1010.3
1256400 1009.4
1256410 1009.0
1256420 1009.0
1256430 1008.8
1256440 1008.8
1256450 1008.8
1256460 1008.7
1256470 1008.5
1256480 1008.5
1256490 1008.4
1256500 1008.3
1256510 1008.3
1256520 1008.2
1256530 1008.1
1256540 1008.1
1256550 1008.1
1256560 1008.0
1256570 1007.9
1256580 1007.9
1256590 1008.0
1256600 1008.6
1256610 1008.6
1256620 1009.0
1256630 1009.2
1256640 1009.2
1256650 1009.4
1256660 1009.6
1256670 1009.6
1256680 1009.8
1256690 1010.4
1256700 1010.4
1256710 1015.5
1256720 1021.5
1256730 1021.5
1256740 1025.7
1256750 1029.8
1256760 1029.8
1256770 1032.9
1256780 1036.1
1256790 1039.2
1256800 1039.2
1256810 1042.5
1256820 1049.1
1256830 1049.1
1256840 1052.3
1256850 1056.2
1256860 1056.2
1256870 1060.7
1256880 1065.4
1256890 1065.4
1256900 1069.8
1256910 1073.7
1256920 1073.7
1256930 1077.6
1256940 1081.4
1256950 1081.4
1256960 1085.6
1256970 1090.3
1256980 1090.3
1256990 1094.0
1257000 1096.8
1257010 1098.4
1257020 1098.4
1257030 1100.5
1257040 1103.3
1257050 1103.3
1257060 1105.6
1257070 1107.2
1257080 1107.2
1257090 1108.9
1257100 1110.5
1257110 1110.5
1257120 1112.2
1257130 1114.5
1257140 1114.5
1257150 1115.5
1257160 1115.5
1257170 1115.5
1257180 1115.2
1257190 1114.7
1257200 1114.7
1257210 1114.0
1257220 1114.2
1257230 1119.0
1257240 1119.0
1257250 1123.8
1257260 1126.8
1257270 1126.8
1257280 1133.0
1257290 1140.5
1257300 1140.5
1257310 1150.5
1257320 1154.4
1257330 1154.4
1257340 1155.9
1257350 1157.8
1257360 1157.8
1257370 1160.0
1257380 1169.1
1257390 1169.1
1257400 1171.8
1257410 1175.1
1257420 1175.1
1257430 1177.5
1257440 1179.4
1257450 1182.3
1257460 1182.3
1257470 1187.4
1257480 1191.7
1257490 1191.7
1257500 1196.4
1257510 1201.0
1257520 1201.0
1257530 1204.8
1257540 1209.3
1257550 1209.3
1257560 1213.5
1257570 1217.7
1257580 1217.7
1257590 1220.8
1257600 1223.4
1257610 1223.4
1257620 1228.3
1257630 1234.3
1257640 1234.3
1257650 1240.3
1257660 1245.2
1257670 1245.2
1257680 1248.9
1257690 1247.9
1257700 1247.0
1257710 1247.0
1257720 1247.8
1257730 1250.4
1257740 1250.4
1257750 1253.4
1257760 1258.6
1257770 1258.6
1257780 1267.7
1257790 1281.8
1257800 1281.8
1257810 1293.9
1257820 1300.0
1257830 1300.0
1257840 1299.5
1257850 1298.8
1257860 1298.8
1257870 1298.1
1257880 1296.9
1257890 1296.9
1257900 1297.7
1257910 1300.0
1257920 1304.6
1257930 1304.6
1257940 1316.2
1257950 1322.5
1257960 1322.5
1257970 1330.7
1257980 1339.4
1257990 1339.4
1258000 1351.2
1258010 1363.9
1258020 1363.9
1258030 1373.3
1258040 1371.9
1258050 1371.9
1258060 1366.8
1258070 1365.7
1258080 1365.7
1258090 1369.1
1258100 1371.3
1258110 1371.3
1258120 1376.6
1258130 1393.5
1258140 1404.9
1258150 1404.9
1258160 1405.4
1258170 1399.7
1258180 1399.7
1258190 1393.4
1258200 1389.7
1258210 1389.7
1258220 1390.7
1258230 1393.4
1258240 1393.4
1258250 1398.0
1258260 1404.1
1258270 1404.1
1258280 1406.0
1258290 1408.3
1258300 1408.3
1258310 1411.8
1258320 1416.3
1258330 1416.3
1258340 1422.1
1258350 1430.7
1258360 1439.3
1258370 1439.3
1258380 1448.4
1258390 1458.3
1258400 1458.3
1258410 1468.2
1258420 1478.0
1258430 1478.0
1258440 1488.8
1258450 1498.0
1258460 1498.0
1258470 1502.6
1258480 1507.9
1258490 1507.9
1258500 1518.9
1258510 1523.5
1258520 1523.5
1258530 1529.7
1258540 1535.8
1258550 1535.8
1258560 1538.0
1258570 1540.9
1258580 1541.8
1258590 1541.8
1258600 1541.2
1258610 1538.5
1258620 1538.5
1258630 1537.5
1258640 1540.0
1258650 1540.0
1258660 1543.3
1258670 1545.9
1258680 1545.9
1258690 1546.1
1258700 1544.1
1258710 1544.1
1258720 1540.2
1258730 1536.4
1258740 1536.4
1258750 1534.1
1258760 1533.7
1258770 1533.7
1258780 1535.5
1258790 1537.8
1258800 1537.5
1258810 1537.5
1258820 1535.4
1258830 1533.0
1258840 1533.0
1258850 1532.5
1258860 1532.4
1258870 1532.4
1258880 1531.3
1258890 1530.4
1258900 1530.4
1258910 1527.0
1258920 1521.5
1258930 1521.5
1258940 1516.8
1258950 1515.0
1258960 1515.0
1258970 1513.3
1258980 1509.7
1258990 1509.7
1259000 1504.1
1259010 1498.2
1259020 1493.9
1259030 1493.9
1259040 1491.8
1259050 1491.5
1259060 1498.6
1259070 1497.3
1259080 1492.8
1259090 1492.8
1259100 1486.9
1259110 1481.7
1259120 1481.7
1259130 1479.4
1259140 1476.3
1259150 1476.3
1259160 1471.6
1259170 1467.0
1259180 1467.0
1259190 1466.3
1259200 1478.2
1259210 1478.2
1259220 1494.8
1259230 1507.1
1259240 1507.1
1259250 1511.7
1259260 1520.9
1259270 1531.1
1259280 1531.1
1259290 1531.4
1259300 1533.5
1259310 1533.5
1259320 1539.3
1259330 1543.3
1259340 1543.3
1259350 1545.0
1259360 1549.1
1259370 1549.1
1259380 1555.0
1259390 1559.1
1259400 1559.1
1259410 1562.8
1259420 1568.2
1259430 1568.2
1259440 1575.2
1259450 1582.1
1259460 1582.1
1259470 1588.8
1259480 1594.7
1259490 1600.5
1259500 1600.5
1259510 1607.1
1259520 1613.0
1259530 1613.0
1259540 1617.5
1259550 1622.2
1259560 1622.2
1259570 1627.2
1259580 1631.9
1259590 1631.9
1259600 1636.2
1259610 1640.5
1259620 1644.7
1259630 1649.1
1259640 1653.2
1259650 1653.2
1259660 1658.4
1259670 1663.5
1259680 1663.5
1259690 1669.4
1259700 1675.7
1259710 1681.6
1259720 1681.6
1259730 1686.6
1259740 1690.4
1259750 1690.4
1259760 1693.2
1259770 1696.7
1259780 1696.7
1259790 1701.2
1259800 1705.3
1259810 1705.3
1259820 1708.4
1259830 1712.6
1259840 1712.6
1259850 1717.1
1259860 1721.4
1259870 1721.4
1259880 1725.1
1259890 1728.0
1259900 1728.0
1259910 1730.4
1259920 1733.6
1259930 1737.4
1259940 1737.4
1259950 1739.7
1259960 1740.9
1259970 1740.9
1259980 1742.7
1259990 1744.2
