1240000 2079.2
1240010 2095.5
1240020 2095.5
1240030 2106.3
1240040 2122.0
1240050 2122.0
1240060 2141.1
1240070 2146.9
1240080 2149.8
1240090 2149.8
1240100 2151.8
1240110 2153.6
1240120 2153.6
1240130 2156.2
1240140 2160.3
1240150 2160.3
1240160 2166.0
1240170 2172.7
1240180 2172.7
1240190 2179.7
1240200 2188.9
1240210 2188.9
1240220 2209.3
1240230 2226.6
1240240 2226.6
1240250 2241.2
1240260 2254.8
1240270 2254.8
1240280 2264.8
1240290 2275.8
1240300 2294.1
1240310 2294.1
1240320 2310.6
1240330 2322.2
1240340 2322.2
1240350 2338.8
1240360 2353.0
1240370 2353.0
1240380 2363.6
1240390 2372.1
1240400 2372.1
1240410 2381.1
1240420 2401.1
1240430 2401.1
1240440 2409.4
1240450 2407.9
1240460 2407.9
1240470 2410.2
1240480 2417.3
1240490 2417.3
1240500 2424.9
1240510 2431.0
1240520 2431.0
1240530 2434.5
1240540 2437.1
1240550 2439.9
1240560 2439.9
1240570 2444.4
1240580 2452.8
1240590 2452.8
1240600 2462.7
1240610 2470.9
1240620 2470.9
1240630 2475.3
1240640 2471.6
1240650 2471.6
1240660 2469.5
1240670 2465.5
1240680 2465.5
1240690 2459.4
1240700 2450.8
1240710 2450.8
1240720 2442.8
1240730 2434.8
1240740 2434.8
1240750 2426.4
1240760 2421.2
1240770 2417.8
1240780 2417.8
1240790 2414.3
1240800 2413.5
1240810 2413.5
1240820 2415.0
1240830 2414.3
1240840 2414.3
1240850 2410.6
1240860 2407.7
1240870 2407.7
1240880 2408.4
1240890 2413.7
1240900 2413.7
1240910 2418.8
1240920 2421.2
1240930 2421.2
1240940 2423.4
1240950 2421.7
1240960 2421.7
1240970 2421.0
1240980 2422.0
1240990 2422.1
1241000 2422.1
1241010 2426.5
1241020 2431.5
1241030 2431.5
1241040 2434.6
1241050 2436.8
1241060 2436.8
1241070 2438.9
1241080 2440.2
1241090 2440.2
1241100 2440.0
1241110 2437.3
1241120 2437.3
1241130 2434.7
1241140 2436.1
1241150 2436.1
1241160 2441.0
1241170 2447.7
1241180 2447.7
1241190 2453.3
1241200 2458.3
1241210 2461.3
1241220 2461.3
1241230 2462.4
1241240 2463.5
1241250 2463.5
1241260 2467.1
1241270 2468.9
1241280 2468.9
1241290 2469.6
1241300 2471.2
1241310 2471.2
1241320 2473.2
1241330 2473.7
1241340 2473.7
1241350 2473.4
1241360 2474.9
1241370 2474.9
1241380 2474.6
1241390 2474.7
1241400 2474.7
1241410 2474.3
1241420 2474.5
1241430 2474.5
1241440 2475.2
1241450 2475.2
1241460 2481.5
1241470 2481.5
1241480 2480.3
1241490 2480.1
1241500 2480.1
1241510 2479.3
1241520 2479.7
1241530 2479.7
1241540 2479.6
1241550 2479.3
1241560 2479.3
1241570 2478.7
1241580 2478.7
1241590 2478.7
1241600 2479.5
1241610 2480.3
1241620 2480.3
1241630 2481.1
1241640 2481.6
1241650 2481.6
1241660 2482.6
1241670 2483.6
1241680 2484.4
1241690 2484.4
1241700 2485.8
1241710 2486.7
1241720 2486.7
1241730 2487.8
1241740 2488.8
1241750 2488.8
1241760 2490.2
1241770 2492.0
1241780 2492.0
1241790 2493.9
1241800 2497.3
1241810 2497.3
1241820 2501.8
1241830 2505.2
1241840 2505.2
1241850 2508.8
1241860 2512.3
1241870 2512.3
1241880 2515.4
1241890 2518.6
1241900 2522.3
1241910 2522.3
1241920 2525.9
1241930 2529.9
1241940 2529.9
1241950 2534.1
1241960 2538.2
1241970 2538.2
1241980 2542.6
1241990 2545.1
1242000 2545.1
1242010 2549.6
1242020 2554.2
1242030 2554.2
1242040 2559.1
1242050 2564.3
1242060 2564.3
1242070 2569.7
1242080 2575.0
1242090 2575.0
1242100 2580.4
1242110 2585.8
1242120 2590.9
1242130 2590.9
1242140 2596.0
1242150 2600.9
1242160 2600.9
1242170 2605.4
1242180 2609.6
1242190 2609.6
1242200 2613.6
1242210 2617.6
1242220 2617.6
1242230 2621.5
1242240 2624.9
1242250 2624.9
1242260 2629.4
1242270 2634.9
1242280 2634.9
1242290 2640.6
1242300 2646.7
1242310 2646.7
1242320 2653.1
1242330 2659.7
1242340 2666.3
1242350 2666.3
1242360 2673.2
1242370 2680.1
1242380 2680.1
1242390 2687.4
1242400 2694.7
1242410 2694.7
1242420 2701.8
1242430 2708.7
1242440 2708.7
1242450 2715.6
1242460 2722.3
1242470 2722.3
1242480 2729.3
1242490 2737.1
1242500 2737.1
1242510 2744.5
1242520 2754.5
1242530 2754.5
1242540 2772.0
1242550 2794.2
1242560 2794.2
1242570 2813.2
1242580 2830.8
1242590 2847.2
1242600 2847.2
1242610 2855.5
1242620 2857.1
1242630 2857.1
1242640 2864.7
1242650 2876.6
1242660 2876.6
1242670 2883.2
1242680 2893.3
1242690 2893.3
1242700 2906.0
1242710 2926.1
1242720 2926.1
1242730 2952.7
1242740 2966.6
1242750 2966.6
1242760 2976.3
1242770 2985.5
1242780 2985.5
1242790 2987.3
1242800 2999.7
1242810 3013.5
1242820 3013.5
1242830 3028.9
1242840 3043.9
1242850 3043.9
1242860 3061.7
1242870 3072.2
1242880 3072.2
1242890 3077.6
1242900 3081.4
1242910 3081.4
1242920 3080.9
1242930 3082.4
1242940 3082.4
1242950 3080.8
1242960 3075.6
1242970 3075.6
1242980 3065.8
1242990 3055.9
1243000 3055.9
1243010 3048.4
1243020 3039.0
1243030 3028.8
1243040 3022.7
1243050 3009.5
1243060 2999.7
1243070 2999.7
1243080 2987.9
1243090 2977.4
1243100 2977.4
1243110 2970.7
1243120 2962.4
1243130 2962.4
1243140 2953.6
1243150 2950.3
1243160 2950.3
1243170 2955.8
1243180 2963.7
1243190 2963.7
1243200 2977.9
1243210 2981.8
1243220 2981.8
1243230 2975.3
1243240 2968.3
1243250 2959.9
1243260 2959.9
1243270 2946.7
1243280 2922.9
1243290 2922.9
1243300 2909.1
1243310 2898.2
1243320 2898.2
1243330 2893.4
1243340 2891.9
1243350 2891.9
1243360 2884.1
1243370 2877.9
1243380 2877.9
1243390 2877.1
1243400 2873.3
1243410 2873.3
1243420 2887.8
1243430 2911.8
1243440 2911.8
1243450 2907.7
1243460 2906.3
1243470 2906.3
1243480 2908.8
1243490 2915.9
1243500 2910.4
1243510 2910.4
1243520 2905.2
1243530 2904.0
1243540 2904.0
1243550 2903.0
1243560 2882.7
1243570 2882.7
1243580 2873.5
1243590 2863.1
1243600 2863.1
1243610 2856.8
1243620 2854.5
1243630 2854.5
1243640 2848.9
1243650 2838.7
1243660 2838.7
1243670 2832.8
1243680 2834.6
1243690 2834.6
1243700 2841.2
1243710 2844.6
1243720 2842.6
1243730 2842.6
1243740 2831.3
1243750 2818.1
1243760 2818.1
1243770 2804.3
1243780 2792.4
1243790 2792.4
1243800 2778.7
1243810 2759.2
1243820 2759.2
1243830 2739.5
1243840 2728.0
1243850 2728.0
1243860 2734.4
1243870 2748.7
1243880 2748.7
1243890 2760.0
1243900 2756.1
1243910 2756.1
1243920 2746.0
1243930 2737.1
1243940 2728.7
1243950 2728.7
1243960 2714.7
1243970 2702.8
1243980 2702.8
1243990 2693.5
1244000 2687.3
1244010 2687.3
1244020 2679.3
1244030 2673.3
1244040 2673.3
1244050 2673.5
1244060 2677.4
1244070 2677.4
1244080 2682.9
1244090 2668.3
1244100 2668.3
1244110 2666.2
1244120 2664.0
1244130 2664.0
1244140 2657.9
1244150 2651.5
1244160 2643.6
1244170 2643.6
1244180 2639.6
1244190 2639.9
1244200 2639.9
1244210 2638.2
1244220 2633.9
1244230 2633.9
1244240 2631.1
1244250 2627.9
1244260 2627.9
1244270 2625.0
1244280 2624.0
1244290 2624.0
1244300 2624.8
1244310 2628.5
1244320 2628.5
1244330 2632.8
1244340 2637.3
1244350 2637.3
1244360 2637.1
1244370 2631.7
1244380 2629.9
1244390 2629.9
1244400 2630.2
1244410 2624.6
1244420 2624.6
1244430 2615.5
1244440 2608.2
1244450 2608.2
1244460 2604.6
1244470 2605.1
1244480 2605.1
1244490 2607.1
1244500 2605.6
1244510 2605.6
1244520 2599.0
1244530 2591.8
1244540 2591.8
1244550 2585.1
1244560 2581.0
1244570 2581.0
1244580 2581.4
1244590 2579.8
1244600 2579.8
1244610 2576.5
1244620 2566.6
1244630 2563.8
1244640 2563.8
1244650 2561.8
1244660 2558.9
1244670 2558.9
1244680 2556.3
1244690 2554.1
1244700 2554.1
1244710 2554.1
1244720 2555.5
1244730 2555.5
1244740 2556.5
1244750 2557.5
1244760 2557.5
1244770 2558.0
1244780 2562.9
1244790 2562.9
1244800 2565.2
1244810 2560.6
1244820 2560.6
1244830 2549.8
1244840 2536.9
1244850 2523.8
1244860 2523.8
1244870 2512.0
1244880 2501.7
1244890 2501.7
1244900 2489.8
1244910 2480.0
1244920 2480.0
1244930 2471.6
1244940 2466.3
1244950 2466.3
1244960 2462.2
1244970 2457.6
1244980 2457.6
1244990 2453.3
1245000 2449.0
1245010 2449.0
1245020 2444.0
1245030 2438.7
1245040 2438.7
1245050 2433.1
1245060 2428.2
1245070 2423.8
1245080 2423.8
1245090 2419.9
1245100 2415.5
1245110 2415.5
1245120 2410.8
1245130 2405.7
1245140 2405.7
1245150 2397.0
1245160 2392.9
1245170 2392.9
1245180 2388.5
1245190 2384.9
1245200 2384.9
1245210 2381.2
1245220 2377.3
1245230 2377.3
1245240 2373.2
1245250 2369.1
1245260 2369.1
1245270 2365.8
1245280 2362.1
1245290 2357.8
1245300 2357.8
1245310 2354.6
1245320 2351.3
1245330 2351.3
1245340 2349.0
1245350 2346.4
1245360 2346.4
1245370 2343.3
1245380 2340.1
1245390 2340.1
1245400 2342.4
1245410 2346.8
1245420 2346.8
1245430 2344.5
1245440 2338.9
1245450 2338.9
1245460 2327.2
1245470 2329.0
1245480 2329.0
1245490 2335.3
1245500 2331.8
1245510 2331.8
1245520 2329.8
1245530 2335.6
1245540 2351.9
1245550 2351.9
1245560 2353.7
1245570 2357.2
1245580 2357.2
1245590 2366.1
1245600 2378.1
1245610 2378.1
1245620 2390.0
1245630 2398.7
1245640 2398.7
1245650 2410.1
1245660 2424.5
1245670 2424.5
1245680 2432.1
1245690 2442.9
1245700 2442.9
1245710 2456.1
1245720 2464.6
1245730 2464.6
1245740 2469.6
1245750 2477.5
1245760 2486.8
1245770 2486.8
1245780 2495.5
1245790 2505.1
1245800 2505.1
1245810 2517.0
1245820 2529.5
1245830 2529.5
1245840 2536.8
1245850 2534.5
1245860 2534.5
1245870 2530.3
1245880 2528.6
1245890 2528.6
1245900 2524.3
1245910 2521.3
1245920 2521.3
1245930 2516.7
1245940 2510.7
1245950 2510.7
1245960 2503.6
1245970 2496.7
1245980 2490.9
1245990 2490.9
1246000 2487.1
1246010 2486.2
1246020 2486.2
1246030 2489.1
1246040 2495.4
1246050 2495.4
1246060 2505.6
1246070 2512.3
1246080 2512.3
1246090 2512.7
1246100 2507.7
1246110 2507.7
1246120 2502.6
1246130 2498.3
1246140 2498.3
1246150 2493.3
1246160 2488.3
1246170 2488.3
1246180 2481.4
1246190 2474.4
1246200 2467.7
1246210 2464.2
1246220 2458.1
1246230 2450.9
1246240 2450.9
1246250 2445.9
1246260 2442.5
1246270 2442.5
1246280 2437.8
1246290 2432.0
1246300 2432.0
1246310 2426.0
1246320 2419.5
1246330 2419.5
1246340 2413.4
1246350 2407.5
1246360 2407.5
1246370 2400.9
1246380 2389.3
1246390 2389.3
1246400 2378.8
1246410 2371.0
1246420 2363.8
1246430 2363.8
1246440 2356.3
1246450 2348.8
1246460 2348.8
1246470 2339.1
1246480 2329.2
1246490 2329.2
1246500 2320.9
1246510 2321.3
1246520 2321.3
1246530 2318.1
1246540 2311.6
1246550 2311.6
1246560 2306.8
1246570 2303.3
1246580 2303.3
1246590 2300.0
1246600 2294.2
1246610 2294.2
1246620 2287.8
1246630 2280.5
1246640 2280.5
1246650 2273.4
1246660 2267.4
1246670 2261.9
1246680 2261.9
1246690 2255.4
1246700 2247.9
1246710 2247.9
1246720 2240.0
1246730 2234.7
1246740 2227.1
1246750 2224.8
1246760 2230.1
1246770 2230.1
1246780 2228.7
1246790 2221.6
1246800 2221.6
1246810 2212.6
1246820 2202.3
1246830 2202.3
1246840 2192.7
1246850 2185.9
1246860 2185.9
1246870 2180.5
1246880 2174.2
1246890 2167.8
1246900 2167.8
1246910 2161.5
1246920 2156.6
1246930 2156.6
1246940 2156.5
1246950 2159.6
1246960 2159.6
1246970 2154.8
1246980 2146.8
1246990 2146.8
1247000 2140.3
1247010 2134.5
1247020 2134.5
1247030 2131.2
1247040 2128.3
1247050 2128.3
1247060 2121.9
1247070 2113.3
1247080 2113.3
1247090 2104.9
1247100 2096.4
1247110 2087.6
1247120 2087.6
1247130 2078.2
1247140 2066.0
1247150 2066.0
1247160 2055.1
1247170 2051.4
1247180 2051.4
1247190 2053.8
1247200 2055.9
1247210 2055.9
1247220 2057.1
1247230 2053.4
1247240 2053.4
1247250 2049.5
1247260 2049.3
1247270 2039.9
1247280 2038.7
1247290 2033.9
1247300 2033.9
1247310 2027.5
1247320 2020.2
1247330 2014.5
1247340 2014.5
1247350 2008.7
1247360 2003.4
1247370 2003.4
1247380 1999.9
1247390 1996.5
1247400 1996.5
1247410 1994.4
1247420 1992.0
1247430 1992.0
1247440 1989.4
1247450 1987.7
1247460 1987.7
1247470 1986.7
1247480 1986.0
1247490 1986.0
1247500 1985.3
1247510 1984.1
1247520 1984.1
1247530 1982.6
1247540 1980.7
1247550 1978.3
1247560 1978.3
1247570 1976.1
1247580 1971.3
1247590 1971.3
1247600 1963.7
1247610 1957.4
1247620 1957.4
1247630 1953.4
1247640 1948.9
1247650 1948.9
1247660 1945.5
1247670 1942.5
1247680 1942.5
1247690 1938.5
1247700 1936.9
1247710 1936.9
1247720 1936.4
1247730 1931.4
1247740 1931.4
1247750 1924.5
1247760 1917.7
1247770 1917.7
1247780 1912.5
1247790 1907.2
1247800 1902.6
1247810 1894.8
1247820 1891.3
1247830 1887.5
1247840 1887.5
1247850 1881.5
1247860 1874.2
1247870 1874.2
1247880 1868.8
1247890 1863.5
1247900 1863.5
1247910 1857.5
1247920 1850.9
1247930 1850.9
1247940 1845.3
1247950 1839.5
1247960 1839.5
1247970 1833.6
1247980 1831.0
1247990 1831.0
1248000 1828.6
1248010 1822.5
1248020 1817.4
1248030 1817.4
1248040 1814.6
1248050 1808.5
1248060 1808.5
1248070 1802.3
1248080 1796.3
1248090 1796.3
1248100 1793.2
1248110 1790.0
1248120 1790.0
1248130 1787.0
1248140 1783.8
1248150 1783.8
1248160 1780.0
1248170 1773.9
1248180 1773.9
1248190 1766.9
1248200 1762.3
1248210 1762.3
1248220 1760.6
1248230 1760.3
1248240 1759.2
1248250 1759.2
1248260 1756.4
1248270 1753.4
1248280 1753.4
1248290 1750.2
1248300 1746.6
1248310 1746.6
1248320 1741.5
1248330 1735.2
1248340 1735.2
1248350 1724.8
1248360 1717.0
1248370 1717.0
1248380 1710.1
1248390 1704.2
1248400 1704.2
1248410 1698.7
1248420 1694.5
1248430 1694.5
1248440 1689.8
1248450 1685.2
1248460 1680.8
1248470 1680.8
1248480 1675.8
1248490 1669.3
1248500 1669.3
1248510 1661.7
1248520 1653.4
1248530 1653.4
1248540 1644.7
1248550 1631.2
1248560 1631.2
1248570 1615.8
1248580 1605.7
1248590 1605.7
1248600 1598.3
1248610 1591.1
1248620 1591.1
1248630 1584.2
1248640 1578.7
1248650 1578.7
1248660 1572.2
1248670 1564.9
1248680 1564.9
1248690 1557.9
1248700 1553.0
1248710 1550.6
1248720 1550.6
1248730 1548.0
1248740 1544.4
1248750 1544.4
1248760 1540.4
1248770 1537.5
1248780 1537.5
1248790 1535.3
1248800 1532.6
1248810 1532.6
1248820 1529.5
1248830 1526.2
1248840 1526.2
1248850 1524.1
1248860 1523.4
1248870 1523.4
1248880 1523.8
1248890 1522.7
1248900 1522.7
1248910 1522.0
1248920 1520.9
1248930 1520.3
1248940 1520.3
1248950 1519.9
1248960 1519.5
1248970 1519.5
1248980 1518.9
1248990 1518.5
1249000 1518.5
1249010 1518.0
1249020 1517.4
1249030 1517.4
1249040 1516.8
1249050 1516.0
1249060 1516.0
1249070 1515.2
1249080 1514.2
1249090 1514.2
1249100 1513.8
1249110 1513.9
1249120 1513.9
1249130 1514.6
1249140 1515.4
1249150 1516.1
1249160 1516.1
1249170 1516.3
1249180 1518.6
1249190 1518.6
1249200 1519.9
1249210 1520.9
1249220 1520.9
1249230 1522.3
1249240 1523.6
1249250 1523.6
1249260 1525.4
1249270 1527.0
1249280 1527.0
1249290 1528.5
1249300 1529.9
1249310 1529.9
1249320 1531.8
1249330 1533.9
1249340 1533.9
1249350 1535.7
1249360 1538.2
1249370 1540.3
1249380 1540.3
1249390 1542.1
1249400 1544.6
1249410 1544.6
1249420 1548.1
1249430 1552.4
1249440 1552.4
1249450 1556.4
1249460 1559.6
1249470 1559.6
1249480 1562.5
1249490 1565.5
1249500 1565.5
1249510 1568.3
1249520 1571.1
1249530 1571.1
1249540 1573.8
1249550 1575.6
1249560 1575.6
1249570 1577.2
1249580 1579.4
1249590 1582.7
1249600 1582.7
1249610 1586.7
1249620 1590.6
1249630 1590.6
1249640 1594.5
1249650 1598.1
1249660 1598.1
1249670 1601.7
1249680 1605.8
1249690 1605.8
1249700 1609.0
1249710 1612.1
1249720 1612.1
1249730 1615.4
1249740 1618.5
1249750 1618.5
1249760 1621.7
1249770 1624.8
1249780 1624.8
1249790 1627.7
1249800 1630.0
1249810 1630.0
1249820 1630.2
1249830 1629.6
1249840 1635.7
1249850 1635.7
1249860 1641.3
1249870 1644.8
1249880 1644.8
1249890 1649.5
1249900 1656.3
1249910 1656.3
1249920 1663.2
1249930 1669.6
1249940 1669.6
1249950 1676.1
1249960 1683.8
1249970 1683.8
1249980 1690.0
1249990 1696.6
1250000 1696.6
1250010 1703.1
1250020 1709.8
1250030 1709.8
1250040 1716.0
1250050 1722.3
1250060 1728.4
1250070 1728.4
1250080 1734.4
1250090 1740.4
1250100 1740.4
1250110 1746.3
1250120 1751.9
1250130 1751.9
1250140 1755.8
1250150 1758.5
1250160 1758.5
1250170 1762.6
1250180 1769.8
1250190 1769.8
1250200 1777.5
1250210 1783.4
1250220 1783.4
1250230 1789.0
1250240 1795.4
1250250 1795.4
1250260 1801.7
1250270 1807.9
1250280 1813.9
1250290 1813.9
1250300 1819.5
1250310 1827.7
1250320 1827.7
1250330 1836.1
1250340 1845.7
1250350 1845.7
1250360 1859.3
1250370 1874.1
1250380 1874.1
1250390 1880.7
1250400 1887.6
1250410 1887.6
1250420 1895.7
1250430 1901.8
1250440 1901.8
1250450 1907.0
1250460 1914.3
1250470 1914.3
1250480 1922.9
1250490 1933.2
1250500 1946.4
1250510 1957.4
1250520 1966.8
1250530 1976.6
1250540 1976.6
1250550 1988.9
1250560 1999.6
1250570 1999.6
1250580 2002.8
1250590 2004.1
1250600 2004.1
1250610 2005.4
1250620 2007.9
1250630 2007.9
1250640 2010.9
1250650 2013.8
1250660 2013.8
1250670 2015.5
1250680 2015.6
1250690 2015.6
1250700 2016.9
1250710 2020.0
1250720 2022.8
1250730 2022.8
1250740 2023.0
1250750 2022.7
1250760 2022.7
1250770 2023.5
1250780 2024.4
1250790 2024.4
1250800 2025.8
1250810 2027.1
1250820 2027.1
1250830 2029.0
1250840 2031.1
1250850 2031.1
1250860 2033.2
1250870 2036.0
1250880 2036.0
1250890 2040.0
1250900 2043.9
1250910 2043.9
1250920 2045.6
1250930 2049.4
1250940 2049.4
1250950 2053.9
1250960 2057.1
1250970 2060.7
1250980 2060.7
1250990 2066.7
1251000 2074.1
1251010 2074.1
1251020 2078.3
1251030 2083.5
1251040 2083.5
1251050 2088.9
1251060 2090.7
1251070 2090.7
1251080 2092.2
1251090 2091.7
1251100 2091.7
1251110 2088.6
1251120 2085.5
1251130 2085.5
1251140 2083.5
1251150 2081.4
1251160 2081.4
1251170 2079.0
1251180 2076.2
1251190 2074.5
1251200 2074.5
1251210 2072.6
1251220 2070.1
1251230 2070.1
1251240 2068.1
1251250 2066.5
1251260 2066.5
1251270 2064.2
1251280 2061.2
1251290 2061.2
1251300 2058.0
1251310 2054.2
1251320 2054.2
1251330 2050.0
1251340 2045.8
1251350 2045.8
1251360 2041.6
1251370 2039.3
1251380 2039.3
1251390 2036.7
1251400 2032.1
1251410 2026.7
1251420 2026.7
1251430 2020.8
1251440 2016.8
1251450 2016.8
1251460 2016.1
1251470 2018.1
1251480 2018.1
1251490 2019.5
1251500 2019.4
1251510 2019.4
1251520 2019.5
1251530 2020.5
1251540 2020.5
1251550 2022.0
1251560 2021.6
1251570 2021.6
1251580 2020.2
1251590 2024.2
1251600 2024.2
1251610 2024.4
1251620 2026.6
1251630 2030.8
1251640 2030.8
1251650 2031.8
1251660 2029.2
1251670 2029.2
1251680 2026.8
1251690 2026.6
1251700 2026.6
1251710 2026.0
1251720 2024.0
1251730 2024.0
1251740 2021.4
1251750 2018.1
1251760 2018.1
1251770 2014.4
1251780 2012.2
1251790 2012.2
1251800 2013.7
1251810 2018.7
1251820 2018.7
1251830 2024.6
1251840 2029.5
1251850 2029.5
1251860 2033.9
1251870 2037.2
1251880 2039.7
1251890 2039.7
1251900 2043.3
1251910 2046.1
1251920 2046.1
1251930 2047.4
1251940 2047.7
1251950 2047.7
1251960 2047.9
1251970 2049.8
1251980 2049.8
1251990 2051.8
1252000 2053.7
1252010 2053.7
1252020 2055.5
1252030 2056.8
1252040 2056.8
1252050 2058.1
1252060 2058.6
1252070 2058.6
1252080 2062.2
1252090 2065.5
1252100 2068.1
1252110 2068.1
1252120 2070.0
1252130 2069.8
1252140 2078.0
1252150 2076.8
1252160 2075.3
1252170 2075.3
1252180 2074.7
1252190 2073.8
1252200 2073.8
1252210 2070.5
1252220 2066.8
1252230 2066.8
1252240 2063.8
1252250 2062.4
1252260 2062.4
1252270 2061.5
1252280 2060.1
1252290 2060.1
1252300 2057.7
1252310 2053.9
1252320 2048.7
1252330 2048.7
1252340 2044.8
1252350 2043.0
1252360 2043.0
1252370 2039.3
1252380 2035.3
1252390 2035.3
1252400 2032.6
1252410 2027.9
1252420 2027.9
1252430 2022.2
1252440 2017.2
1252450 2017.2
1252460 2013.3
1252470 2009.8
1252480 2009.8
1252490 2006.5
1252500 2004.0
1252510 2004.0
1252520 2001.5
1252530 1999.2
1252540 1997.8
1252550 1997.8
1252560 1996.7
1252570 1996.4
1252580 1996.4
1252590 1993.7
1252600 1988.8
1252610 1988.8
1252620 1984.7
1252630 1980.8
1252640 1980.8
1252650 1976.0
1252660 1970.8
1252670 1970.8
1252680 1970.0
1252690 1966.5
1252700 1966.5
1252710 1964.2
1252720 1963.6
1252730 1963.6
1252740 1962.1
1252750 1956.6
1252760 1948.2
1252770 1948.2
1252780 1941.9
1252790 1936.4
1252800 1936.4
1252810 1930.4
1252820 1924.9
1252830 1924.9
1252840 1918.7
1252850 1913.1
1252860 1913.1
1252870 1907.5
1252880 1900.6
1252890 1900.6
1252900 1893.2
1252910 1885.7
1252920 1885.7
1252930 1878.8
1252940 1874.1
1252950 1874.1
1252960 1869.6
1252970 1864.3
1252980 1864.3
1252990 1859.2
1253000 1855.4
1253010 1851.9
1253020 1851.9
1253030 1848.2
1253040 1844.1
1253050 1844.1
1253060 1839.4
1253070 1834.1
1253080 1834.1
1253090 1830.4
1253100 1827.5
1253110 1827.5
1253120 1823.5
1253130 1818.5
1253140 1818.5
1253150 1814.4
1253160 1811.1
1253170 1811.1
1253180 1807.5
1253190 1803.1
1253200 1803.1
1253210 1799.0
1253220 1795.0
1253230 1792.4
1253240 1792.4
1253250 1788.7
1253260 1784.9
1253270 1784.9
1253280 1781.3
1253290 1776.8
1253300 1776.8
1253310 1772.3
1253320 1768.5
1253330 1768.5
1253340 1765.4
1253350 1762.4
1253360 1762.4
1253370 1759.6
1253380 1756.3
1253390 1756.3
1253400 1753.6
1253410 1751.0
1253420 1751.0
1253430 1748.3
1253440 1745.2
1253450 1742.5
1253460 1742.5
1253470 1739.7
1253480 1734.9
1253490 1734.9
1253500 1727.9
1253510 1721.5
1253520 1721.5
1253530 1716.7
1253540 1710.5
1253550 1710.5
1253560 1705.2
1253570 1700.2
1253580 1700.2
1253590 1696.7
1253600 1694.5
1253610 1694.5
1253620 1692.4
1253630 1689.3
1253640 1689.3
1253650 1683.8
1253660 1678.0
1253670 1674.4
1253680 1674.4
1253690 1672.7
1253700 1671.0
1253710 1671.0
1253720 1669.8
1253730 1669.8
1253740 1669.8
1253750 1670.6
1253760 1672.3
1253770 1672.3
1253780 1679.1
1253790 1677.8
1253800 1677.8
1253810 1676.5
1253820 1676.5
1253830 1676.5
1253840 1676.5
1253850 1676.6
1253860 1676.6
1253870 1676.3
1253880 1673.3
1253890 1669.4
1253900 1669.4
1253910 1665.6
1253920 1661.8
1253930 1661.8
1253940 1658.6
1253950 1656.2
1253960 1656.2
1253970 1653.8
1253980 1652.0
1253990 1652.0
1254000 1650.5
1254010 1648.3
1254020 1648.3
1254030 1645.6
1254040 1642.8
1254050 1642.8
1254060 1640.2
1254070 1638.2
1254080 1638.2
1254090 1635.2
1254100 1631.7
1254110 1631.7
1254120 1627.5
1254130 1623.5
1254140 1619.9
1254150 1619.9
1254160 1616.2
1254170 1612.8
1254180 1612.8
1254190 1610.3
1254200 1607.3
1254210 1607.3
1254220 1602.4
1254230 1596.2
1254240 1596.2
1254250 1588.7
1254260 1582.0
1254270 1582.0
1254280 1574.9
1254290 1569.0
1254300 1569.0
1254310 1563.7
1254320 1557.5
1254330 1560.2
1254340 1553.2
1254350 1547.3
1254360 1543.3
1254370 1543.3
1254380 1539.8
1254390 1536.5
1254400 1536.5
1254410 1532.9
1254420 1529.6
1254430 1529.6
1254440 1523.7
1254450 1517.4
1254460 1517.4
1254470 1510.8
1254480 1503.6
1254490 1503.6
1254500 1495.5
1254510 1487.9
1254520 1487.9
1254530 1480.5
1254540 1472.9
1254550 1472.9
1254560 1466.0
1254570 1459.1
1254580 1453.4
1254590 1453.4
1254600 1448.0
1254610 1440.4
1254620 1440.4
1254630 1430.7
1254640 1422.1
1254650 1422.1
1254660 1413.7
1254670 1405.9
1254680 1405.9
1254690 1398.3
1254700 1392.4
1254710 1392.4
1254720 1387.2
1254730 1379.6
1254740 1379.6
1254750 1370.5
1254760 1361.5
1254770 1361.5
1254780 1353.7
1254790 1346.2
1254800 1339.5
1254810 1339.5
1254820 1334.3
1254830 1329.0
1254840 1329.0
1254850 1321.9
1254860 1314.6
1254870 1314.6
1254880 1307.5
1254890 1299.4
1254900 1299.4
1254910 1289.9
1254920 1280.3
1254930 1280.3
1254940 1271.4
1254950 1262.4
1254960 1262.4
1254970 1254.8
1254980 1248.0
1254990 1248.0
1255000 1241.1
1255010 1233.9
1255020 1227.0
1255030 1227.0
1255040 1220.8
1255050 1214.3
1255060 1214.3
1255070 1208.3
1255080 1203.4
1255090 1203.4
1255100 1198.5
1255110 1192.6
1255120 1192.6
1255130 1186.3
1255140 1180.4
1255150 1180.4
1255160 1174.3
1255170 1168.2
1255180 1168.2
1255190 1162.5
1255200 1157.0
1255210 1157.0
1255220 1151.6
1255230 1146.5
1255240 1146.5
1255250 1141.7
1255260 1137.3
1255270 1132.4
1255280 1132.4
1255290 1127.1
1255300 1122.6
1255310 1122.6
1255320 1121.5
1255330 1116.0
1255340 1116.0
1255350 1111.6
1255360 1108.0
1255370 1108.0
1255380 1110.6
1255390 1116.6
1255400 1116.6
1255410 1123.0
1255420 1128.5
1255430 1128.5
1255440 1127.8
1255450 1134.0
1255460 1134.0
1255470 1140.9
1255480 1147.6
1255490 1156.6
1255500 1156.6
1255510 1170.1
1255520 1181.7
1255530 1181.7
1255540 1192.0
1255550 1201.8
1255560 1201.8
1255570 1211.1
1255580 1219.1
1255590 1219.1
1255600 1225.9
1255610 1232.1
1255620 1232.1
1255630 1238.9
1255640 1248.2
1255650 1248.2
1255660 1258.7
1255670 1261.6
1255680 1261.6
1255690 1264.5
1255700 1270.0
1255710 1278.1
1255720 1278.1
1255730 1283.7
1255740 1291.0
1255750 1291.0
1255760 1300.6
1255770 1309.3
1255780 1309.3
1255790 1326.0
1255800 1343.2
1255810 1343.2
1255820 1345.8
1255830 1348.7
1255840 1348.7
1255850 1350.4
1255860 1348.0
1255870 1348.0
1255880 1346.5
1255890 1345.0
1255900 1345.0
1255910 1344.1
1255920 1344.1
1255930 1344.8
1255940 1344.8
1255950 1345.4
1255960 1346.1
1255970 1346.1
1255980 1346.6
1255990 1341.5
1256000 1341.5
1256010 1342.0
1256020 1343.1
1256030 1343.1
1256040 1344.1
1256050 1345.3
1256060 1345.3
1256070 1346.6
1256080 1347.5
1256090 1347.5
1256100 1347.8
1256110 1347.3
1256120 1347.3
1256130 1346.4
1256140 1345.6
1256150 1344.1
1256160 1344.1
1256170 1342.9
1256180 1340.7
1256190 1340.7
1256200 1338.2
1256210 1335.7
1256220 1335.7
1256230 1333.1
1256240 1330.6
1256250 1330.6
1256260 1328.1
1256270 1325.6
1256280 1325.6
1256290 1323.2
1256300 1320.4
1256310 1320.4
1256320 1317.2
1256330 1314.1
1256340 1314.1
1256350 1311.1
1256360 1307.8
1256370 1307.8
1256380 1304.5
1256390 1301.3
1256400 1298.4
1256410 1298.4
1256420 1295.5
1256430 1291.9
1256440 1291.9
1256450 1287.8
1256460 1283.0
1256470 1283.0
1256480 1278.7
1256490 1275.6
1256500 1275.6
1256510 1270.5
1256520 1263.2
1256530 1263.2
1256540 1254.9
1256550 1244.0
1256560 1244.0
1256570 1235.9
1256580 1227.6
1256590 1227.6
1256600 1219.9
1256610 1212.7
1256620 1207.3
1256630 1207.3
1256640 1202.4
1256650 1194.8
1256660 1194.8
1256670 1187.7
1256680 1182.1
1256690 1182.1
1256700 1175.9
1256710 1172.5
1256720 1172.5
1256730 1168.7
1256740 1163.5
1256750 1163.5
1256760 1157.8
1256770 1151.5
1256780 1151.5
1256790 1145.5
1256800 1139.1
1256810 1139.1
1256820 1132.6
1256830 1128.0
1256840 1124.6
1256850 1124.6
1256860 1120.3
1256870 1114.9
1256880 1114.9
1256890 1109.3
1256900 1103.1
1256910 1103.1
1256920 1096.5
1256930 1090.2
1256940 1090.2
1256950 1085.1
1256960 1079.9
1256970 1079.9
1256980 1075.0
1256990 1072.5
1257000 1072.5
1257010 1066.8
1257020 1060.9
1257030 1060.9
1257040 1054.1
1257050 1045.9
1257060 1038.0
1257070 1038.0
1257080 1033.5
1257090 1030.8
1257100 1022.7
1257110 1019.9
1257120 1015.5
1257130 1015.5
1257140 1010.3
1257150 1005.3
1257160 1005.3
1257170 1001.6
1257180 999.3
1257190 999.3
1257200 997.4
1257210 996.5
1257220 996.5
1257230 996.0
1257240 995.7
1257250 995.7
1257260 995.1
1257270 994.8
1257280 994.7
1257290 994.7
1257300 994.6
1257310 994.6
1257320 994.6
1257330 994.6
1257340 994.6
1257350 994.6
1257360 994.6
1257370 994.8
1257380 994.8
1257390 995.0
1257400 994.2
1257410 994.2
1257420 992.9
1257430 992.4
1257440 992.4
1257450 992.5
1257460 992.9
1257470 992.9
1257480 993.2
1257490 993.3
1257500 993.3
1257510 993.4
1257520 993.4
1257530 993.3
1257540 993.3
1257550 993.3
1257560 993.2
1257570 993.2
1257580 993.1
1257590 993.1
1257600 993.1
1257610 993.0
1257620 992.9
1257630 992.9
1257640 992.9
1257650 992.8
1257660 992.6
1257670 992.5
1257680 992.4
1257690 992.4
1257700 992.3
1257710 992.0
1257720 992.0
1257730 991.8
1257740 991.6
1257750 991.4
1257760 991.4
1257770 991.2
1257780 991.0
1257790 991.0
1257800 991.0
1257810 990.8
1257820 990.8
1257830 990.7
1257840 990.6
1257850 990.6
1257860 990.6
1257870 990.4
1257880 990.4
1257890 990.3
1257900 990.5
1257910 990.5
1257920 990.5
1257930 990.3
1257940 990.3
1257950 989.9
1257960 989.6
1257970 989.3
1257980 989.3
1257990 989.1
1258000 988.9
1258010 988.9
1258020 988.8
1258030 988.8
1258040 988.8
1258050 988.7
1258060 988.7
1258070 988.7
1258080 988.8
1258090 989.0
1258100 989.0
1258110 989.1
1258120 989.1
1258130 989.1
1258140 989.1
1258150 989.1
1258160 989.1
1258170 988.9
1258180 988.4
1258190 987.9
1258200 987.9
1258210 987.9
1258220 988.1
1258230 988.1
1258240 988.1
1258250 988.2
1258260 988.2
1258270 988.5
1258280 989.7
1258290 989.7
1258300 990.2
1258310 989.9
1258320 989.9
1258330 989.6
1258340 989.3
1258350 989.3
1258360 989.4
1258370 989.9
1258380 989.9
1258390 990.0
1258400 989.7
1258410 989.6
1258420 989.6
1258430 989.7
1258440 990.0
1258450 990.0
1258460 990.8
1258470 991.6
1258480 991.6
1258490 992.8
1258500 994.2
1258510 994.2
1258520 995.2
1258530 996.8
1258540 996.8
1258550 997.5
1258560 998.0
1258570 998.0
1258580 999.3
1258590 1001.0
1258600 1001.0
1258610 1002.6
1258620 1004.7
1258630 1004.7
1258640 1006.5
1258650 1008.1
1258660 1010.3
1258670 1010.3
1258680 1011.9
1258690 1014.0
1258700 1014.0
1258710 1017.2
1258720 1019.5
1258730 1019.5
1258740 1022.7
1258750 1027.0
1258760 1027.0
1258770 1031.7
1258780 1039.5
1258790 1039.5
1258800 1041.7
1258810 1039.5
1258820 1039.5
1258830 1037.4
1258840 1037.9
1258850 1037.9
1258860 1039.3
1258870 1038.6
1258880 1037.4
1258890 1037.4
1258900 1038.4
1258910 1044.1
1258920 1044.1
1258930 1053.6
1258940 1061.2
1258950 1061.2
1258960 1063.6
1258970 1063.1
1258980 1063.1
1258990 1063.2
1259000 1065.6
1259010 1065.6
1259020 1070.8
1259030 1078.0
1259040 1078.0
1259050 1085.7
1259060 1093.9
1259070 1093.9
1259080 1102.3
1259090 1109.3
1259100 1112.3
1259110 1112.3
1259120 1113.4
1259130 1113.6
1259140 1113.6
1259150 1114.1
1259160 1114.4
1259170 1114.4
1259180 1114.3
1259190 1114.3
1259200 1114.3
1259210 1114.8
1259220 1115.5
1259230 1115.5
1259240 1116.1
1259250 1117.0
1259260 1117.0
1259270 1117.3
1259280 1117.4
1259290 1117.4
1259300 1117.5
1259310 1117.7
1259320 1118.3
1259330 1118.3
1259340 1118.9
1259350 1123.3
1259360 1123.3
1259370 1125.5
1259380 1130.3
1259390 1130.3
1259400 1136.5
1259410 1144.1
1259420 1144.1
1259430 1151.1
1259440 1156.1
1259450 1156.1
1259460 1159.9
1259470 1162.5
1259480 1162.5
1259490 1163.3
1259500 1164.3
1259510 1164.3
1259520 1165.5
1259530 1167.6
1259540 1170.8
1259550 1170.8
1259560 1175.8
1259570 1181.9
1259580 1181.9
1259590 1188.1
1259600 1193.3
1259610 1193.3
1259620 1199.6
1259630 1205.2
1259640 1205.2
1259650 1208.0
1259660 1209.6
1259670 1209.6
1259680 1212.0
1259690 1215.5
1259700 1215.5
1259710 1218.0
1259720 1220.3
1259730 1220.3
1259740 1222.5
1259750 1223.3
1259760 1223.3
1259770 1224.7
1259780 1230.1
1259790 1235.9
1259800 1235.9
1259810 1239.2
1259820 1242.7
1259830 1242.7
1259840 1246.6
1259850 1251.3
1259860 1251.3
1259870 1256.5
1259880 1260.5
1259890 1260.5
1259900 1263.0
1259910 1271.4
1259920 1271.4
1259930 1273.2
1259940 1273.1
1259950 1273.1
1259960 1271.6
1259970 1270.0
1259980 1270.0
1259990 1269.9
