1240000 1799.6
1240010 1803.3
1240020 1807.6
1240030 1807.6
1240040 1811.9
1240050 1815.6
1240060 1815.6
1240070 1822.8
1240080 1835.1
1240090 1855.5
1240100 1855.5
1240110 1869.5
1240120 1867.7
1240130 1867.7
1240140 1867.6
1240150 1869.0
1240160 1869.0
1240170 1874.4
1240180 1881.1
1240190 1881.1
1240200 1903.6
1240210 1969.0
1240220 1969.0
1240230 1987.6
1240240 2007.9
1240250 2007.9
1240260 2035.4
1240270 2047.8
1240280 2047.8
1240290 2052.9
1240300 2056.8
1240310 2060.1
1240320 2060.1
1240330 2064.5
1240340 2068.3
1240350 2068.3
1240360 2072.0
1240370 2073.9
1240380 2073.9
1240390 2074.2
1240400 2073.9
1240410 2073.9
1240420 2074.1
1240430 2073.4
1240440 2073.4
1240450 2070.9
1240460 2067.5
1240470 2067.5
1240480 2067.4
1240490 2069.9
1240500 2069.9
1240510 2075.1
1240520 2086.2
1240530 2086.2
1240540 2094.5
1240550 2104.8
1240560 2116.4
1240570 2116.4
1240580 2123.2
1240590 2128.9
1240600 2128.9
1240610 2134.5
1240620 2141.2
1240630 2141.2
1240640 2147.0
1240650 2150.8
1240660 2150.8
1240670 2152.1
1240680 2152.8
1240690 2152.8
1240700 2155.5
1240710 2158.9
1240720 2158.9
1240730 2162.0
1240740 2165.2
1240750 2165.2
1240760 2169.5
1240770 2177.0
1240780 2185.6
1240790 2185.6
1240800 2195.4
1240810 2204.7
1240820 2204.7
1240830 2213.3
1240840 2222.3
1240850 2222.3
1240860 2230.9
1240870 2241.2
1240880 2241.2
1240890 2251.0
1240900 2262.6
1240910 2262.6
1240920 2272.8
1240930 2283.1
1240940 2283.1
1240950 2291.5
1240960 2298.9
1240970 2298.9
1240980 2306.8
1240990 2316.0
1241000 2323.8
1241010 2323.8
1241020 2332.8
1241030 2342.4
1241040 2335.2
1241050 2345.4
1241060 2353.3
1241070 2353.3
1241080 2359.7
1241090 2365.7
1241100 2365.7
1241110 2372.9
1241120 2382.2
1241130 2382.2
1241140 2392.4
1241150 2403.2
1241160 2403.2
1241170 2413.8
1241180 2421.9
1241190 2421.9
1241200 2428.7
1241210 2436.0
1241220 2442.7
1241230 2442.7
1241240 2448.7
1241250 2455.3
1241260 2455.3
1241270 2462.7
1241280 2470.9
1241290 2470.9
1241300 2478.4
1241310 2486.6
1241320 2486.6
1241330 2499.9
1241340 2513.7
1241350 2513.7
1241360 2523.9
1241370 2540.5
1241380 2540.5
1241390 2552.4
1241400 2554.3
1241410 2554.3
1241420 2559.0
1241430 2566.2
1241440 2566.2
1241450 2576.7
1241460 2592.0
1241470 2603.1
1241480 2603.1
1241490 2608.9
1241500 2609.6
1241510 2609.6
1241520 2610.9
1241530 2612.2
1241540 2612.2
1241550 2615.3
1241560 2625.3
1241570 2625.3
1241580 2631.6
1241590 2639.6
1241600 2639.6
1241610 2647.3
1241620 2654.7
1241630 2654.7
1241640 2661.8
1241650 2669.4
1241660 2669.4
1241670 2676.4
1241680 2680.6
1241690 2688.8
1241700 2688.8
1241710 2698.1
1241720 2708.8
1241730 2708.8
1241740 2719.2
1241750 2729.9
1241760 2729.9
1241770 2741.5
1241780 2749.3
1241790 2749.3
1241800 2757.1
1241810 2762.0
1241820 2762.0
1241830 2767.7
1241840 2774.7
1241850 2774.7
1241860 2785.7
1241870 2799.9
1241880 2799.9
1241890 2815.5
1241900 2832.8
1241910 2842.4
1241920 2842.4
1241930 2851.5
1241940 2857.5
1241950 2857.5
1241960 2858.8
1241970 2856.3
1241980 2856.3
1241990 2853.1
1242000 2851.5
1242010 2851.5
1242020 2849.8
1242030 2850.2
1242040 2850.2
1242050 2852.3
1242060 2855.7
1242070 2855.7
1242080 2864.2
1242090 2866.6
1242100 2866.6
1242110 2870.4
1242120 2875.3
1242130 2875.3
1242140 2880.1
1242150 2885.1
1242160 2890.8
1242170 2890.8
1242180 2898.6
1242190 2910.2
1242200 2910.2
1242210 2926.7
1242220 2931.5
1242230 2931.5
1242240 2921.4
1242250 2911.5
1242260 2911.5
1242270 2907.3
1242280 2902.1
1242290 2902.1
1242300 2890.5
1242310 2876.5
1242320 2876.5
1242330 2868.4
1242340 2856.9
1242350 2856.9
1242360 2845.0
1242370 2834.7
1242380 2826.6
1242390 2826.6
1242400 2817.4
1242410 2809.4
1242420 2809.4
1242430 2805.2
1242440 2801.1
1242450 2801.1
1242460 2795.5
1242470 2789.6
1242480 2789.6
1242490 2782.9
1242500 2776.2
1242510 2776.2
1242520 2769.6
1242530 2762.8
1242540 2762.8
1242550 2755.7
1242560 2748.7
1242570 2748.7
1242580 2741.6
1242590 2734.6
1242600 2728.4
1242610 2726.5
1242620 2720.4
1242630 2714.5
1242640 2714.5
1242650 2708.8
1242660 2703.2
1242670 2703.2
1242680 2697.3
1242690 2691.6
1242700 2691.6
1242710 2686.2
1242720 2680.7
1242730 2680.7
1242740 2675.8
1242750 2671.1
1242760 2671.1
1242770 2666.6
1242780 2662.1
1242790 2662.1
1242800 2657.5
1242810 2653.1
1242820 2649.5
1242830 2649.5
1242840 2646.1
1242850 2643.5
1242860 2643.5
1242870 2641.9
1242880 2641.5
1242890 2641.5
1242900 2640.2
1242910 2637.7
1242920 2637.7
1242930 2634.9
1242940 2632.3
1242950 2632.3
1242960 2630.0
1242970 2627.8
1242980 2627.8
1242990 2624.7
1243000 2620.7
1243010 2620.7
1243020 2615.9
1243030 2611.5
1243040 2611.5
1243050 2608.0
1243060 2604.3
1243070 2600.4
1243080 2600.4
1243090 2597.6
1243100 2595.4
1243110 2595.4
1243120 2593.4
1243130 2597.4
1243140 2597.4
1243150 2594.7
1243160 2591.3
1243170 2591.3
1243180 2588.5
1243190 2586.8
1243200 2586.8
1243210 2587.0
1243220 2587.9
1243230 2587.9
1243240 2589.5
1243250 2591.1
1243260 2591.1
1243270 2590.9
1243280 2589.2
1243290 2587.8
1243300 2587.8
1243310 2587.2
1243320 2586.4
1243330 2586.4
1243340 2584.6
1243350 2581.8
1243360 2581.8
1243370 2578.3
1243380 2576.2
1243390 2576.2
1243400 2576.4
1243410 2575.2
1243420 2575.2
1243430 2573.3
1243440 2571.5
1243450 2571.5
1243460 2569.1
1243470 2565.3
1243480 2565.3
1243490 2560.6
1243500 2555.7
1243510 2551.8
1243520 2551.8
1243530 2548.1
1243540 2543.8
1243550 2543.8
1243560 2540.0
1243570 2537.3
1243580 2537.3
1243590 2533.6
1243600 2528.0
1243610 2528.0
1243620 2521.8
1243630 2516.4
1243640 2516.4
1243650 2512.2
1243660 2508.2
1243670 2508.2
1243680 2502.4
1243690 2496.9
1243700 2496.9
1243710 2491.0
1243720 2486.4
1243730 2482.0
1243740 2482.0
1243750 2477.6
1243760 2472.0
1243770 2472.0
1243780 2464.8
1243790 2458.6
1243800 2458.6
1243810 2452.8
1243820 2447.2
1243830 2447.2
1243840 2439.9
1243850 2434.1
1243860 2434.1
1243870 2429.2
1243880 2424.7
1243890 2424.7
1243900 2420.9
1243910 2415.3
1243920 2415.3
1243930 2407.8
1243940 2401.6
1243950 2401.6
1243960 2397.1
1243970 2393.2
1243980 2389.5
1243990 2389.5
1244000 2386.7
1244010 2383.8
1244020 2383.8
1244030 2381.1
1244040 2378.3
1244050 2378.3
1244060 2375.1
1244070 2372.1
1244080 2372.1
1244090 2368.9
1244100 2365.4
1244110 2365.4
1244120 2362.1
1244130 2359.5
1244140 2359.5
1244150 2356.9
1244160 2354.4
1244170 2354.4
1244180 2351.2
1244190 2347.8
1244200 2345.1
1244210 2345.1
1244220 2342.3
1244230 2339.2
1244240 2339.2
1244250 2335.9
1244260 2332.6
1244270 2332.6
1244280 2329.1
1244290 2326.5
1244300 2326.5
1244310 2318.0
1244320 2309.6
1244330 2309.6
1244340 2306.3
1244350 2302.1
1244360 2302.1
1244370 2300.2
1244380 2300.8
1244390 2300.8
1244400 2302.5
1244410 2304.4
1244420 2305.2
1244430 2305.2
1244440 2305.9
1244450 2306.9
1244460 2306.9
1244470 2307.9
1244480 2309.1
1244490 2309.1
1244500 2310.0
1244510 2310.4
1244520 2310.4
1244530 2311.2
1244540 2312.7
1244550 2312.7
1244560 2314.3
1244570 2315.7
1244580 2315.7
1244590 2317.0
1244600 2317.8
1244610 2317.8
1244620 2317.5
1244630 2318.1
1244640 2318.1
1244650 2319.7
1244660 2322.2
1244670 2323.9
1244680 2323.9
1244690 2325.9
1244700 2328.2
1244710 2332.8
1244720 2335.1
1244730 2337.5
1244740 2337.5
1244750 2340.9
1244760 2343.6
1244770 2343.6
1244780 2345.9
1244790 2347.7
1244800 2347.7
1244810 2349.2
1244820 2350.8
1244830 2350.8
1244840 2352.9
1244850 2357.1
1244860 2357.1
1244870 2363.2
1244880 2369.3
1244890 2375.1
1244900 2375.1
1244910 2380.7
1244920 2387.3
1244930 2387.3
1244940 2394.9
1244950 2403.4
1244960 2403.4
1244970 2412.3
1244980 2422.7
1244990 2422.7
1245000 2434.7
1245010 2446.9
1245020 2446.9
1245030 2455.9
1245040 2459.1
1245050 2459.1
1245060 2465.1
1245070 2472.4
1245080 2472.4
1245090 2479.6
1245100 2488.3
1245110 2498.1
1245120 2498.1
1245130 2505.0
1245140 2515.7
1245150 2515.7
1245160 2518.9
1245170 2511.7
1245180 2511.7
1245190 2502.8
1245200 2494.7
1245210 2494.7
1245220 2487.4
1245230 2481.0
1245240 2484.2
1245250 2478.5
1245260 2472.8
1245270 2472.8
1245280 2467.5
1245290 2463.3
1245300 2463.3
1245310 2461.2
1245320 2460.7
1245330 2460.8
1245340 2460.8
1245350 2461.1
1245360 2463.7
1245370 2463.7
1245380 2465.8
1245390 2464.5
1245400 2464.5
1245410 2463.5
1245420 2464.9
1245430 2464.9
1245440 2466.9
1245450 2468.6
1245460 2468.6
1245470 2470.6
1245480 2474.4
1245490 2474.4
1245500 2479.4
1245510 2482.4
1245520 2482.4
1245530 2482.9
1245540 2483.0
1245550 2483.0
1245560 2483.5
1245570 2484.8
1245580 2485.9
1245590 2485.9
1245600 2486.9
1245610 2487.9
1245620 2487.9
1245630 2492.4
1245640 2496.7
1245650 2496.7
1245660 2501.4
1245670 2506.3
1245680 2506.3
1245690 2510.3
1245700 2512.8
1245710 2512.8
1245720 2514.4
1245730 2516.5
1245740 2516.5
1245750 2519.8
1245760 2522.8
1245770 2528.5
1245780 2531.3
1245790 2537.3
1245800 2549.9
1245810 2549.9
1245820 2559.4
1245830 2568.0
1245840 2568.0
1245850 2580.5
1245860 2594.6
1245870 2594.6
1245880 2607.9
1245890 2618.2
1245900 2618.2
1245910 2620.9
1245920 2622.1
1245930 2622.1
1245940 2625.1
1245950 2627.6
1245960 2627.6
1245970 2633.9
1245980 2648.4
1245990 2648.4
1246000 2672.6
1246010 2688.1
1246020 2701.0
1246030 2701.0
1246040 2701.4
1246050 2693.6
1246060 2693.6
1246070 2684.9
1246080 2675.6
1246090 2675.6
1246100 2665.2
1246110 2656.2
1246120 2656.2
1246130 2649.7
1246140 2643.7
1246150 2643.7
1246160 2637.4
1246170 2630.2
1246180 2630.2
1246190 2623.6
1246200 2616.6
1246210 2616.6
1246220 2610.1
1246230 2604.0
1246240 2598.4
1246250 2598.4
1246260 2591.7
1246270 2584.3
1246280 2584.3
1246290 2580.9
1246300 2578.2
1246310 2572.3
1246320 2569.4
1246330 2566.7
1246340 2566.7
1246350 2564.0
1246360 2560.0
1246370 2560.0
1246380 2557.4
1246390 2556.4
1246400 2556.4
1246410 2555.5
1246420 2554.0
1246430 2554.0
1246440 2551.0
1246450 2549.4
1246460 2549.4
1246470 2548.4
1246480 2547.0
1246490 2543.7
1246500 2543.7
1246510 2540.8
1246520 2538.7
1246530 2538.7
1246540 2535.6
1246550 2532.9
1246560 2532.9
1246570 2532.8
1246580 2533.1
1246590 2533.1
1246600 2529.1
1246610 2526.1
1246620 2526.1
1246630 2526.8
1246640 2527.9
1246650 2527.9
1246660 2527.8
1246670 2527.4
1246680 2527.4
1246690 2524.4
1246700 2521.0
1246710 2515.6
1246720 2515.6
1246730 2511.0
1246740 2505.7
1246750 2505.7
1246760 2499.0
1246770 2490.9
1246780 2490.9
1246790 2483.3
1246800 2477.1
1246810 2477.1
1246820 2470.3
1246830 2463.9
1246840 2468.5
1246850 2464.0
1246860 2459.6
1246870 2459.6
1246880 2457.2
1246890 2455.4
1246900 2455.4
1246910 2452.1
1246920 2448.6
1246930 2445.6
1246940 2445.6
1246950 2443.7
1246960 2444.0
1246970 2444.0
1246980 2444.1
1246990 2441.8
1247000 2441.8
1247010 2438.5
1247020 2435.6
1247030 2435.6
1247040 2431.9
1247050 2426.5
1247060 2426.5
1247070 2420.2
1247080 2413.7
1247090 2413.7
1247100 2406.2
1247110 2398.6
1247120 2398.6
1247130 2392.1
1247140 2385.0
1247150 2379.2
1247160 2379.2
1247170 2373.3
1247180 2366.0
1247190 2366.0
1247200 2358.5
1247210 2351.6
1247220 2351.6
1247230 2345.3
1247240 2339.9
1247250 2339.9
1247260 2334.1
1247270 2328.4
1247280 2328.4
1247290 2323.0
1247300 2318.9
1247310 2318.9
1247320 2315.4
1247330 2312.5
1247340 2312.5
1247350 2310.6
1247360 2309.8
1247370 2309.9
1247380 2308.6
1247390 2308.1
1247400 2307.2
1247410 2307.2
1247420 2306.3
1247430 2304.9
1247440 2304.9
1247450 2303.3
1247460 2301.6
1247470 2301.6
1247480 2299.7
1247490 2297.1
1247500 2297.1
1247510 2294.0
1247520 2291.3
1247530 2291.3
1247540 2288.3
1247550 2285.3
1247560 2285.3
1247570 2282.2
1247580 2278.1
1247590 2278.1
1247600 2273.9
1247610 2269.3
1247620 2266.1
1247630 2266.1
1247640 2262.9
1247650 2258.9
1247660 2258.9
1247670 2254.6
1247680 2250.1
1247690 2250.1
1247700 2245.9
1247710 2241.7
1247720 2241.7
1247730 2237.9
1247740 2234.6
1247750 2234.6
1247760 2232.0
1247770 2228.6
1247780 2228.6
1247790 2226.4
1247800 2223.8
1247810 2223.8
1247820 2221.1
1247830 2219.8
1247840 2219.0
1247850 2219.0
1247860 2218.1
1247870 2216.4
1247880 2216.4
1247890 2211.6
1247900 2204.0
1247910 2201.4
1247920 2193.1
1247930 2185.3
1247940 2185.3
1247950 2178.4
1247960 2172.3
1247970 2172.3
1247980 2165.2
1247990 2158.0
1248000 2158.0
1248010 2152.2
1248020 2146.9
1248030 2146.9
1248040 2141.1
1248050 2135.6
1248060 2135.6
1248070 2131.6
1248080 2127.5
1248090 2122.2
1248100 2122.2
1248110 2116.6
1248120 2112.6
1248130 2112.6
1248140 2109.6
1248150 2105.9
1248160 2105.9
1248170 2099.8
1248180 2091.5
1248190 2091.5
1248200 2083.4
1248210 2077.6
1248220 2077.6
1248230 2073.2
1248240 2070.1
1248250 2070.1
1248260 2066.6
1248270 2063.8
1248280 2063.8
1248290 2060.9
1248300 2058.8
1248310 2057.7
1248320 2057.7
1248330 2057.0
1248340 2055.2
1248350 2055.2
1248360 2052.8
1248370 2050.7
1248380 2050.7
1248390 2048.7
1248400 2047.2
1248410 2047.2
1248420 2046.0
1248430 2044.6
1248440 2044.6
1248450 2034.3
1248460 2033.8
1248470 2033.8
1248480 2032.7
1248490 2032.0
1248500 2032.0
1248510 2029.8
1248520 2026.7
1248530 2022.3
1248540 2022.3
1248550 2018.1
1248560 2014.5
1248570 2014.5
1248580 2009.7
1248590 2005.3
1248600 2005.3
1248610 2001.7
1248620 1996.9
1248630 1996.9
1248640 1990.9
1248650 1986.1
1248660 1986.1
1248670 1984.1
1248680 1980.2
1248690 1980.2
1248700 1972.9
1248710 1965.5
1248720 1965.5
1248730 1957.8
1248740 1950.6
1248750 1944.3
1248760 1944.3
1248770 1938.3
1248780 1932.9
1248790 1932.9
1248800 1928.3
1248810 1923.3
1248820 1923.3
1248830 1918.3
1248840 1914.2
1248850 1914.2
1248860 1910.1
1248870 1902.5
1248880 1902.5
1248890 1897.3
1248900 1893.0
1248910 1893.0
1248920 1888.6
1248930 1883.0
1248940 1883.0
1248950 1875.9
1248960 1870.7
1248970 1870.7
1248980 1863.5
1248990 1861.1
1249000 1858.4
1249010 1858.4
1249020 1854.9
1249030 1852.6
1249040 1852.6
1249050 1851.1
1249060 1848.2
1249070 1848.2
1249080 1843.9
1249090 1839.1
1249100 1839.1
1249110 1832.4
1249120 1824.6
1249130 1824.6
1249140 1816.9
1249150 1810.7
1249160 1810.7
1249170 1802.2
1249180 1794.6
1249190 1794.6
1249200 1788.1
1249210 1781.2
1249220 1774.9
1249230 1774.9
1249240 1769.2
1249250 1764.3
1249260 1764.3
1249270 1760.0
1249280 1754.8
1249290 1754.8
1249300 1749.2
1249310 1743.2
1249320 1743.2
1249330 1738.3
1249340 1734.5
1249350 1734.5
1249360 1730.6
1249370 1725.8
1249380 1725.8
1249390 1720.9
1249400 1716.6
1249410 1716.6
1249420 1712.9
1249430 1708.5
1249440 1703.7
1249450 1703.7
1249460 1699.6
1249470 1695.1
1249480 1695.1
1249490 1690.1
1249500 1684.9
1249510 1684.9
1249520 1678.6
1249530 1672.4
1249540 1672.4
1249550 1666.3
1249560 1660.7
1249570 1660.7
1249580 1654.3
1249590 1648.2
1249600 1648.2
1249610 1643.9
1249620 1639.8
1249630 1639.8
1249640 1635.5
1249650 1630.1
1249660 1624.1
1249670 1624.1
1249680 1618.6
1249690 1614.4
1249700 1614.4
1249710 1611.4
1249720 1608.5
1249730 1608.5
1249740 1604.5
1249750 1599.8
1249760 1599.8
1249770 1594.8
1249780 1588.1
1249790 1588.1
1249800 1579.6
1249810 1571.0
1249820 1571.0
1249830 1565.1
1249840 1562.1
1249850 1562.1
1249860 1558.3
1249870 1553.6
1249880 1553.6
1249890 1548.4
1249900 1542.1
1249910 1536.2
1249920 1536.2
1249930 1532.3
1249940 1527.5
1249950 1527.5
1249960 1522.2
1249970 1516.9
1249980 1516.9
1249990 1510.0
1250000 1505.4
1250010 1505.4
1250020 1504.0
1250030 1502.9
1250040 1502.9
1250050 1501.7
1250060 1498.0
1250070 1498.0
1250080 1497.0
1250090 1495.7
1250100 1495.7
1250110 1494.7
1250120 1493.6
1250130 1492.0
1250140 1492.0
1250150 1490.1
1250160 1488.6
1250170 1488.6
1250180 1487.5
1250190 1486.7
1250200 1486.7
1250210 1484.8
1250220 1483.3
1250230 1483.3
1250240 1481.6
1250250 1480.2
1250260 1480.2
1250270 1478.4
1250280 1476.2
1250290 1476.2
1250300 1473.9
1250310 1471.7
1250320 1471.7
1250330 1469.1
1250340 1465.8
1250350 1462.6
1250360 1462.6
1250370 1459.0
1250380 1454.6
1250390 1454.6
1250400 1452.6
1250410 1451.8
1250420 1451.8
1250430 1450.5
1250440 1449.0
1250450 1449.0
1250460 1447.9
1250470 1447.1
1250480 1447.1
1250490 1446.4
1250500 1445.8
1250510 1445.8
1250520 1445.9
1250530 1446.5
1250540 1446.5
1250550 1446.7
1250560 1446.7
1250570 1446.5
1250580 1446.5
1250590 1446.1
1250600 1445.5
1250610 1447.2
1250620 1446.5
1250630 1445.7
1250640 1445.7
1250650 1444.6
1250660 1443.8
1250670 1443.8
1250680 1443.4
1250690 1443.1
1250700 1443.1
1250710 1442.7
1250720 1442.3
1250730 1442.3
1250740 1441.9
1250750 1441.3
1250760 1441.3
1250770 1440.4
1250780 1439.4
1250790 1439.4
1250800 1438.7
1250810 1439.0
1250820 1439.5
1250830 1439.5
1250840 1439.8
1250850 1440.5
1250860 1440.5
1250870 1442.9
1250880 1448.5
1250890 1448.5
1250900 1454.9
1250910 1459.4
1250920 1459.4
1250930 1463.1
1250940 1466.9
1250950 1466.9
1250960 1469.8
1250970 1471.6
1250980 1471.6
1250990 1471.8
1251000 1471.7
1251010 1471.7
1251020 1470.9
1251030 1468.7
1251040 1468.6
1251050 1468.6
1251060 1468.6
1251070 1468.6
1251080 1468.6
1251090 1469.5
1251100 1470.3
1251110 1470.3
1251120 1476.4
1251130 1482.7
1251140 1482.7
1251150 1504.1
1251160 1509.6
1251170 1509.6
1251180 1511.9
1251190 1514.5
1251200 1514.5
1251210 1516.2
1251220 1517.7
1251230 1517.7
1251240 1521.3
1251250 1523.1
1251260 1518.6
1251270 1518.6
1251280 1513.4
1251290 1512.4
1251300 1512.4
1251310 1517.2
1251320 1525.2
1251330 1525.2
1251340 1530.8
1251350 1534.3
1251360 1534.3
1251370 1536.3
1251380 1538.8
1251390 1538.8
1251400 1540.1
1251410 1539.1
1251420 1539.1
1251430 1536.1
1251440 1533.3
1251450 1533.3
1251460 1531.0
1251470 1530.1
1251480 1529.4
1251490 1529.4
1251500 1525.2
1251510 1518.4
1251520 1518.4
1251530 1520.3
1251540 1525.5
1251550 1525.5
1251560 1525.8
1251570 1526.0
1251580 1526.0
1251590 1528.7
1251600 1532.0
1251610 1532.0
1251620 1532.7
1251630 1534.9
1251640 1534.9
1251650 1538.6
1251660 1540.8
1251670 1540.8
1251680 1541.5
1251690 1548.6
1251700 1548.6
1251710 1551.2
1251720 1554.4
1251730 1558.2
1251740 1558.2
1251750 1562.3
1251760 1566.2
1251770 1566.2
1251780 1577.2
1251790 1596.1
1251800 1596.1
1251810 1605.5
1251820 1605.7
1251830 1605.7
1251840 1602.6
1251850 1601.8
1251860 1601.8
1251870 1599.8
1251880 1599.8
1251890 1599.8
1251900 1600.3
1251910 1597.1
1251920 1597.1
1251930 1591.5
1251940 1586.4
1251950 1580.7
1251960 1580.7
1251970 1574.6
1251980 1565.9
1251990 1565.9
1252000 1557.1
1252010 1552.4
1252020 1552.4
1252030 1553.9
1252040 1552.7
1252050 1552.7
1252060 1547.6
1252070 1542.8
1252080 1542.8
1252090 1538.7
1252100 1536.7
1252110 1536.7
1252120 1534.0
1252130 1529.8
1252140 1529.8
1252150 1526.6
1252160 1524.1
1252170 1523.0
1252180 1523.0
1252190 1520.4
1252200 1517.1
1252210 1517.1
1252220 1514.4
1252230 1513.9
1252240 1517.9
1252250 1516.8
1252260 1516.3
1252270 1516.3
1252280 1517.1
1252290 1517.9
1252300 1517.9
1252310 1518.5
1252320 1518.1
1252330 1518.1
1252340 1514.3
1252350 1511.1
1252360 1511.1
1252370 1512.6
1252380 1515.1
1252390 1517.5
1252400 1517.5
1252410 1522.4
1252420 1523.6
1252430 1523.6
1252440 1522.8
1252450 1523.5
1252460 1523.5
1252470 1524.8
1252480 1525.4
1252490 1525.4
1252500 1525.6
1252510 1525.5
1252520 1525.5
1252530 1524.6
1252540 1524.1
1252550 1524.1
1252560 1523.8
1252570 1523.2
1252580 1523.2
1252590 1521.5
1252600 1520.2
1252610 1520.2
1252620 1520.4
1252630 1520.2
1252640 1518.1
1252650 1518.1
1252660 1514.7
1252670 1513.4
1252680 1513.4
1252690 1514.3
1252700 1516.5
1252710 1516.5
1252720 1517.1
1252730 1516.2
1252740 1516.2
1252750 1515.1
1252760 1514.6
1252770 1514.6
1252780 1514.1
1252790 1520.2
1252800 1520.2
1252810 1518.8
1252820 1518.2
1252830 1518.2
1252840 1517.4
1252850 1514.9
1252860 1512.1
1252870 1512.1
1252880 1508.8
1252890 1505.1
1252900 1505.1
1252910 1500.8
1252920 1496.9
1252930 1496.9
1252940 1494.3
1252950 1490.7
1252960 1490.7
1252970 1487.8
1252980 1485.7
1252990 1485.7
1253000 1483.0
1253010 1478.9
1253020 1478.9
1253030 1474.7
1253040 1469.5
1253050 1469.5
1253060 1464.5
1253070 1460.8
1253080 1457.3
1253090 1457.3
1253100 1453.7
1253110 1450.1
1253120 1450.1
1253130 1448.3
1253140 1446.2
1253150 1446.2
1253160 1444.4
1253170 1442.9
1253180 1442.9
1253190 1440.9
1253200 1439.3
1253210 1439.3
1253220 1438.1
1253230 1435.3
1253240 1435.3
1253250 1432.4
1253260 1430.6
1253270 1430.6
1253280 1428.6
1253290 1426.2
1253300 1421.4
1253310 1421.4
1253320 1416.9
1253330 1415.0
1253340 1419.3
1253350 1416.8
1253360 1413.8
1253370 1413.8
1253380 1409.4
1253390 1409.7
1253400 1409.7
1253410 1415.0
1253420 1418.8
1253430 1418.8
1253440 1419.3
1253450 1417.9
1253460 1417.9
1253470 1414.9
1253480 1409.4
1253490 1409.4
1253500 1402.4
1253510 1395.3
1253520 1395.3
1253530 1391.5
1253540 1390.3
1253550 1389.1
1253560 1389.1
1253570 1387.4
1253580 1385.8
1253590 1385.8
1253600 1384.5
1253610 1382.7
1253620 1382.7
1253630 1380.0
1253640 1376.2
1253650 1376.2
1253660 1371.7
1253670 1367.4
1253680 1367.4
1253690 1362.6
1253700 1358.0
1253710 1358.0
1253720 1353.7
1253730 1350.8
1253740 1350.8
1253750 1349.3
1253760 1348.5
1253770 1347.7
1253780 1347.7
1253790 1346.3
1253800 1344.5
1253810 1344.5
1253820 1341.6
1253830 1338.2
1253840 1338.2
1253850 1335.6
1253860 1334.5
1253870 1334.5
1253880 1338.8
1253890 1332.6
1253900 1332.6
1253910 1323.4
1253920 1314.2
1253930 1314.2
1253940 1309.1
1253950 1307.2
1253960 1307.2
1253970 1306.9
1253980 1306.6
1253990 1306.8
1254000 1306.8
1254010 1307.5
1254020 1308.4
1254030 1308.4
1254040 1306.5
1254050 1306.9
1254060 1306.9
1254070 1307.5
1254080 1303.4
1254090 1303.4
1254100 1298.0
1254110 1292.1
1254120 1292.1
1254130 1290.3
1254140 1288.9
1254150 1288.9
1254160 1287.0
1254170 1284.4
1254180 1284.4
1254190 1281.7
1254200 1278.1
1254210 1278.1
1254220 1273.2
1254230 1271.3
1254240 1271.5
1254250 1271.5
1254260 1268.8
1254270 1263.4
1254280 1263.4
1254290 1258.3
1254300 1253.9
1254310 1253.9
1254320 1249.6
1254330 1245.6
1254340 1245.6
1254350 1241.2
1254360 1237.3
1254370 1237.3
1254380 1233.2
1254390 1228.9
1254400 1228.9
1254410 1225.5
1254420 1224.8
1254430 1224.8
1254440 1224.1
1254450 1224.6
1254460 1225.6
1254470 1225.6
1254480 1226.6
1254490 1226.3
1254500 1226.3
1254510 1226.0
1254520 1225.6
1254530 1225.6
1254540 1225.4
1254550 1225.7
1254560 1225.7
1254570 1228.6
1254580 1235.0
1254590 1235.0
1254600 1239.7
1254610 1241.9
1254620 1241.9
1254630 1244.4
1254640 1244.4
1254650 1244.4
1254660 1246.7
1254670 1247.2
1254680 1246.0
1254690 1246.0
1254700 1244.3
1254710 1242.3
1254720 1242.3
1254730 1241.5
1254740 1243.3
1254750 1243.3
1254760 1246.9
1254770 1251.4
1254780 1251.4
1254790 1256.7
1254800 1262.0
1254810 1262.0
1254820 1266.3
1254830 1269.6
1254840 1269.6
1254850 1273.1
1254860 1276.4
1254870 1276.4
1254880 1278.4
1254890 1280.7
1254900 1284.1
1254910 1284.1
1254920 1287.6
1254930 1292.0
1254940 1292.0
1254950 1297.7
1254960 1303.1
1254970 1303.1
1254980 1308.0
1254990 1306.8
1255000 1306.8
1255010 1312.8
1255020 1319.0
1255030 1319.0
1255040 1325.3
1255050 1333.4
1255060 1333.4
1255070 1341.5
1255080 1345.4
1255090 1345.4
1255100 1346.0
1255110 1354.1
1255120 1354.1
1255130 1372.0
1255140 1378.7
1255150 1384.4
1255160 1384.4
1255170 1398.1
1255180 1408.6
1255190 1408.6
1255200 1415.7
1255210 1422.0
1255220 1422.0
1255230 1426.5
1255240 1428.1
1255250 1428.1
1255260 1435.2
1255270 1451.9
1255280 1451.9
1255290 1459.8
1255300 1466.2
1255310 1466.2
1255320 1471.8
1255330 1477.5
1255340 1477.5
1255350 1482.0
1255360 1485.7
1255370 1492.6
1255380 1492.6
1255390 1500.9
1255400 1512.3
1255410 1512.3
1255420 1522.2
1255430 1530.6
1255440 1530.6
1255450 1537.0
1255460 1545.0
1255470 1545.0
1255480 1553.7
1255490 1560.8
1255500 1560.8
1255510 1566.1
1255520 1571.2
1255530 1571.2
1255540 1573.3
1255550 1579.8
1255560 1579.8
1255570 1586.3
1255580 1593.0
1255590 1599.4
1255600 1599.4
1255610 1607.0
1255620 1616.6
1255630 1616.6
1255640 1625.8
1255650 1633.3
1255660 1633.3
1255670 1641.0
1255680 1648.9
1255690 1648.9
1255700 1656.6
1255710 1664.3
1255720 1664.3
1255730 1671.8
1255740 1679.3
1255750 1679.3
1255760 1686.5
1255770 1693.0
1255780 1693.0
1255790 1698.4
1255800 1704.0
1255810 1710.6
1255820 1710.6
1255830 1719.5
1255840 1728.7
1255850 1728.7
1255860 1736.8
1255870 1743.0
1255880 1743.0
1255890 1747.9
1255900 1752.3
1255910 1752.3
1255920 1755.8
1255930 1759.3
1255940 1759.3
1255950 1762.9
1255960 1764.2
1255970 1764.2
1255980 1764.9
1255990 1764.9
1256000 1764.9
1256010 1764.4
1256020 1764.6
1256030 1764.6
1256040 1764.9
1256050 1763.0
1256060 1761.0
1256070 1761.0
1256080 1760.5
1256090 1758.3
1256100 1752.8
1256110 1750.5
1256120 1746.4
1256130 1746.4
1256140 1741.3
1256150 1733.5
1256160 1733.5
1256170 1724.3
1256180 1719.1
1256190 1719.1
1256200 1716.3
1256210 1713.1
1256220 1713.1
1256230 1707.8
1256240 1702.7
1256250 1702.7
1256260 1699.2
1256270 1695.4
1256280 1690.8
1256290 1690.8
1256300 1688.1
1256310 1686.1
1256320 1686.1
1256330 1684.2
1256340 1681.0
1256350 1681.0
1256360 1677.3
1256370 1672.7
1256380 1672.7
1256390 1667.5
1256400 1661.8
1256410 1661.8
1256420 1657.3
1256430 1654.7
1256440 1654.7
1256450 1651.7
1256460 1648.9
1256470 1648.9
1256480 1645.8
1256490 1642.3
1256500 1639.3
1256510 1639.3
1256520 1636.3
1256530 1633.3
1256540 1633.3
1256550 1629.8
1256560 1626.6
1256570 1626.6
1256580 1623.9
1256590 1621.3
1256600 1621.3
1256610 1618.7
1256620 1615.6
1256630 1615.6
1256640 1612.2
1256650 1605.4
1256660 1605.4
1256670 1601.6
1256680 1596.7
1256690 1596.7
1256700 1590.2
1256710 1583.3
1256720 1578.2
1256730 1578.2
1256740 1574.4
1256750 1571.3
1256760 1571.3
1256770 1567.9
1256780 1563.9
1256790 1563.9
1256800 1559.3
1256810 1555.5
1256820 1555.5
1256830 1552.8
1256840 1550.9
1256850 1550.9
1256860 1549.1
1256870 1546.9
1256880 1546.9
1256890 1544.2
1256900 1540.8
1256910 1540.8
1256920 1536.6
1256930 1532.1
1256940 1532.1
1256950 1527.0
1256960 1521.7
1256970 1516.5
1256980 1516.5
1256990 1511.3
1257000 1506.2
1257010 1506.2
1257020 1502.1
1257030 1498.7
1257040 1498.7
1257050 1494.9
1257060 1490.0
1257070 1490.0
1257080 1484.0
1257090 1478.7
1257100 1478.7
1257110 1471.0
1257120 1463.8
1257130 1463.8
1257140 1462.5
1257150 1459.8
1257160 1459.8
1257170 1456.4
1257180 1451.8
1257190 1446.1
1257200 1446.1
1257210 1436.1
1257220 1431.4
1257230 1431.4
1257240 1426.9
1257250 1422.5
1257260 1422.5
1257270 1416.5
1257280 1411.0
1257290 1411.0
1257300 1406.3
1257310 1402.8
1257320 1402.8
1257330 1399.1
1257340 1394.8
1257350 1394.8
1257360 1390.2
1257370 1386.4
1257380 1386.4
1257390 1382.9
1257400 1379.4
1257410 1375.2
1257420 1375.2
1257430 1370.2
1257440 1366.4
1257450 1366.4
1257460 1363.3
1257470 1358.9
1257480 1358.9
1257490 1354.0
1257500 1348.7
1257510 1348.7
1257520 1342.6
1257530 1337.5
1257540 1337.5
1257550 1331.1
1257560 1323.2
1257570 1323.2
1257580 1315.4
1257590 1308.3
1257600 1308.3
1257610 1300.7
1257620 1292.9
1257630 1284.7
1257640 1284.7
1257650 1276.7
1257660 1271.7
1257670 1271.7
1257680 1268.2
1257690 1263.6
1257700 1263.6
1257710 1257.0
1257720 1251.6
1257730 1251.6
1257740 1248.4
1257750 1243.3
1257760 1243.3
1257770 1236.1
1257780 1227.7
1257790 1227.7
1257800 1219.5
1257810 1210.1
1257820 1210.1
1257830 1200.9
1257840 1191.5
1257850 1191.5
1257860 1182.6
1257870 1174.8
1257880 1166.2
1257890 1166.2
1257900 1157.5
1257910 1149.3
1257920 1149.3
1257930 1141.2
1257940 1133.3
1257950 1133.3
1257960 1122.3
1257970 1118.5
1257980 1118.5
1257990 1121.8
1258000 1125.1
1258010 1125.1
1258020 1126.0
1258030 1127.2
1258040 1127.2
1258050 1132.5
1258060 1139.9
1258070 1139.9
1258080 1149.4
1258090 1158.3
1258100 1159.4
1258110 1159.4
1258120 1155.6
1258130 1150.9
1258140 1150.9
1258150 1146.0
1258160 1141.3
1258170 1141.3
1258180 1137.0
1258190 1133.4
1258200 1133.4
1258210 1131.0
1258220 1129.1
1258230 1129.1
1258240 1126.7
1258250 1124.3
1258260 1124.3
1258270 1122.2
1258280 1120.9
1258290 1120.9
1258300 1120.0
1258310 1118.5
1258320 1117.1
1258330 1113.9
1258340 1112.4
1258350 1110.4
1258360 1110.4
1258370 1108.3
1258380 1106.2
1258390 1106.2
1258400 1103.8
1258410 1100.8
1258420 1100.8
1258430 1097.6
1258440 1094.5
1258450 1094.5
1258460 1092.4
1258470 1090.1
1258480 1090.1
1258490 1088.1
1258500 1085.7
1258510 1085.7
1258520 1084.0
1258530 1082.6
1258540 1080.7
1258550 1080.7
1258560 1079.2
1258570 1078.0
1258580 1078.0
1258590 1075.9
1258600 1073.8
1258610 1073.8
1258620 1072.2
1258630 1070.8
1258640 1070.8
1258650 1068.4
1258660 1064.7
1258670 1064.7
1258680 1060.6
1258690 1056.4
1258700 1056.4
1258710 1052.4
1258720 1048.7
1258730 1048.7
1258740 1045.6
1258750 1042.7
1258760 1042.7
1258770 1040.5
1258780 1040.0
1258790 1038.9
1258800 1038.9
1258810 1037.2
1258820 1032.5
1258830 1032.5
1258840 1026.1
1258850 1019.9
1258860 1019.9
1258870 1013.9
1258880 1011.0
1258890 1008.9
1258900 1007.1
1258910 1005.5
1258920 1005.5
1258930 1003.2
1258940 1001.2
1258950 1001.2
1258960 999.2
1258970 996.7
1258980 996.7
1258990 993.2
1259000 990.0
1259010 987.6
1259020 987.6
1259030 986.4
1259040 985.5
1259050 985.5
1259060 984.0
1259070 983.0
1259080 983.0
1259090 983.1
1259100 982.6
1259110 982.6
1259120 981.4
1259130 980.8
1259140 980.8
1259150 980.0
1259160 979.7
1259170 979.7
1259180 979.2
1259190 978.4
1259200 978.4
1259210 977.6
1259220 977.1
1259230 976.9
1259240 976.9
1259250 976.8
1259260 976.4
1259270 976.4
1259280 975.8
1259290 975.2
1259300 975.2
1259310 974.9
1259320 974.7
1259330 974.7
1259340 974.6
1259350 974.8
1259360 974.8
1259370 974.7
1259380 974.3
1259390 974.3
1259400 974.5
1259410 974.6
1259420 974.6
1259430 974.4
1259440 974.2
1259450 974.3
1259460 974.3
1259470 974.1
1259480 973.9
1259490 973.9
1259500 974.0
1259510 973.9
1259520 973.9
1259530 973.9
1259540 973.8
1259550 973.8
1259560 973.7
1259570 973.6
1259580 973.6
1259590 973.9
1259600 973.9
1259610 973.9
1259620 973.8
1259630 973.7
1259640 973.7
1259650 973.7
1259660 973.9
1259670 973.9
1259680 973.9
1259690 973.8
1259700 973.7
1259710 973.7
1259720 973.7
1259730 973.7
1259740 973.7
1259750 973.8
1259760 973.7
1259770 973.7
1259780 973.6
1259790 973.5
1259800 973.5
1259810 973.6
1259820 973.6
1259830 973.6
1259840 973.5
1259850 973.4
1259860 973.4
1259870 973.4
1259880 973.2
1259890 973.2
1259900 973.1
1259910 973.1
1259920 973.0
1259930 973.0
1259940 973.1
1259950 973.3
1259960 973.3
1259970 973.9
1259980 974.3
1259990 974.3
