1240000 1997.0
1240010 1997.0
1240020 2010.1
1240030 2018.8
1240040 2018.8
1240050 2025.4
1240060 2032.1
1240070 2032.1
1240080 2040.9
1240090 2050.1
1240100 2050.1
1240110 2057.7
1240120 2064.7
1240130 2064.7
1240140 2069.2
1240150 2069.4
1240160 2069.4
1240170 2070.2
1240180 2065.2
1240190 2065.2
1240200 2060.1
1240210 2053.5
1240220 2056.7
1240230 2060.6
1240240 2088.7
1240250 2132.7
1240260 2132.7
1240270 2166.1
1240280 2184.5
1240290 2184.5
1240300 2193.3
1240310 2200.0
1240320 2200.0
1240330 2204.5
1240340 2208.9
1240350 2208.9
1240360 2219.0
1240370 2223.0
1240380 2223.0
1240390 2219.7
1240400 2217.2
1240410 2217.2
1240420 2223.7
1240430 2223.7
1240440 2223.7
1240450 2221.3
1240460 2223.6
1240470 2226.3
1240480 2226.3
1240490 2229.0
1240500 2232.0
1240510 2232.0
1240520 2233.4
1240530 2234.1
1240540 2234.1
1240550 2234.3
1240560 2235.6
1240570 2235.6
1240580 2236.3
1240590 2238.2
1240600 2238.2
1240610 2240.2
1240620 2244.9
1240630 2244.9
1240640 2249.2
1240650 2252.1
1240660 2252.1
1240670 2254.5
1240680 2256.0
1240690 2256.8
1240700 2256.8
1240710 2256.6
1240720 2255.8
1240730 2255.8
1240740 2257.4
1240750 2263.1
1240760 2263.1
1240770 2264.5
1240780 2265.5
1240790 2265.5
1240800 2262.9
1240810 2258.7
1240820 2258.7
1240830 2260.6
1240840 2265.5
1240850 2265.5
1240860 2271.1
1240870 2276.4
1240880 2276.4
1240890 2281.8
1240900 2287.0
1240910 2292.8
1240920 2292.8
1240930 2299.0
1240940 2305.5
1240950 2305.5
1240960 2312.4
1240970 2319.6
1240980 2319.6
1240990 2325.9
1241000 2330.2
1241010 2330.2
1241020 2333.8
1241030 2336.8
1241040 2336.8
1241050 2340.0
1241060 2343.4
1241070 2343.4
1241080 2347.1
1241090 2350.5
1241100 2350.5
1241110 2353.6
1241120 2356.7
1241130 2359.5
1241140 2359.5
1241150 2361.7
1241160 2364.5
1241170 2364.5
1241180 2368.6
1241190 2372.1
1241200 2372.1
1241210 2375.5
1241220 2379.1
1241230 2379.1
1241240 2383.0
1241250 2387.1
1241260 2387.1
1241270 2391.8
1241280 2396.1
1241290 2396.1
1241300 2400.7
1241310 2405.6
1241320 2405.6
1241330 2410.8
1241340 2416.6
1241350 2416.6
1241360 2422.6
1241370 2428.8
1241380 2435.1
1241390 2435.1
1241400 2441.6
1241410 2448.3
1241420 2448.3
1241430 2454.9
1241440 2461.6
1241450 2461.6
1241460 2468.2
1241470 2474.9
1241480 2474.9
1241490 2481.3
1241500 2487.8
1241510 2487.8
1241520 2494.3
1241530 2501.0
1241540 2501.0
1241550 2507.2
1241560 2513.7
1241570 2513.7
1241580 2520.5
1241590 2527.1
1241600 2533.7
1241610 2533.7
1241620 2541.4
1241630 2551.0
1241640 2551.0
1241650 2563.3
1241660 2573.1
1241670 2573.1
1241680 2584.4
1241690 2596.3
1241700 2596.3
1241710 2607.9
1241720 2617.9
1241730 2617.9
1241740 2627.1
1241750 2636.1
1241760 2636.1
1241770 2643.4
1241780 2648.7
1241790 2639.1
1241800 2645.0
1241810 2653.2
1241820 2662.9
1241830 2662.9
1241840 2675.7
1241850 2683.5
1241860 2683.5
1241870 2687.4
1241880 2692.5
1241890 2692.5
1241900 2696.3
1241910 2696.7
1241920 2696.7
1241930 2697.1
1241940 2703.4
1241950 2703.4
1241960 2712.0
1241970 2719.5
1241980 2719.5
1241990 2725.9
1242000 2732.7
1242010 2732.7
1242020 2745.9
1242030 2759.4
1242040 2774.8
1242050 2774.8
1242060 2791.2
1242070 2806.9
1242080 2806.9
1242090 2815.8
1242100 2829.7
1242110 2829.7
1242120 2847.1
1242130 2866.8
1242140 2866.8
1242150 2888.0
1242160 2905.7
1242170 2905.7
1242180 2910.6
1242190 2910.6
1242200 2910.6
1242210 2927.1
1242220 2949.7
1242230 2949.7
1242240 2965.2
1242250 2975.3
1242260 2975.3
1242270 2979.2
1242280 2975.3
1242290 2970.3
1242300 2970.3
1242310 2957.3
1242320 2944.8
1242330 2944.8
1242340 2929.6
1242350 2913.7
1242360 2913.7
1242370 2902.0
1242380 2890.0
1242390 2890.0
1242400 2881.1
1242410 2872.1
1242420 2872.1
1242430 2860.7
1242440 2850.4
1242450 2850.4
1242460 2842.1
1242470 2834.9
1242480 2834.9
1242490 2827.8
1242500 2822.4
1242510 2818.5
1242520 2818.5
1242530 2814.1
1242540 2809.7
1242550 2809.7
1242560 2806.3
1242570 2802.1
1242580 2802.1
1242590 2798.0
1242600 2794.0
1242610 2794.0
1242620 2791.6
1242630 2789.7
1242640 2789.7
1242650 2787.8
1242660 2786.3
1242670 2786.3
1242680 2781.5
1242690 2756.5
1242700 2756.5
1242710 2731.2
1242720 2713.8
1242730 2707.2
1242740 2707.2
1242750 2700.2
1242760 2693.9
1242770 2693.9
1242780 2689.6
1242790 2686.3
1242800 2686.3
1242810 2683.1
1242820 2680.2
1242830 2680.2
1242840 2680.4
1242850 2676.3
1242860 2676.3
1242870 2672.2
1242880 2668.8
1242890 2668.8
1242900 2665.5
1242910 2663.0
1242920 2663.0
1242930 2662.0
1242940 2661.4
1242950 2660.4
1242960 2660.4
1242970 2660.8
1242980 2661.1
1242990 2661.1
1243000 2661.1
1243010 2660.6
1243020 2660.6
1243030 2659.4
1243040 2657.8
1243050 2657.8
1243060 2656.3
1243070 2656.0
1243080 2656.0
1243090 2656.7
1243100 2656.8
1243110 2656.8
1243120 2655.7
1243130 2654.1
1243140 2654.1
1243150 2651.6
1243160 2649.0
1243170 2649.0
1243180 2644.8
1243190 2641.0
1243200 2638.4
1243210 2638.4
1243220 2636.2
1243230 2635.4
1243240 2635.4
1243250 2634.9
1243260 2633.2
1243270 2633.2
1243280 2631.3
1243290 2631.5
1243300 2631.5
1243310 2633.4
1243320 2635.0
1243330 2635.0
1243340 2636.9
1243350 2637.9
1243360 2642.4
1243370 2640.9
1243380 2640.2
1243390 2640.2
1243400 2639.4
1243410 2636.0
1243420 2630.0
1243430 2630.0
1243440 2624.6
1243450 2619.1
1243460 2619.1
1243470 2613.3
1243480 2608.0
1243490 2608.0
1243500 2604.9
1243510 2603.1
1243520 2603.1
1243530 2600.1
1243540 2592.4
1243550 2592.4
1243560 2579.9
1243570 2567.4
1243580 2567.4
1243590 2563.8
1243600 2559.5
1243610 2559.5
1243620 2554.5
1243630 2549.7
1243640 2545.3
1243650 2545.3
1243660 2541.0
1243670 2536.1
1243680 2536.1
1243690 2531.4
1243700 2527.0
1243710 2527.0
1243720 2523.0
1243730 2518.8
1243740 2518.8
1243750 2514.9
1243760 2511.2
1243770 2511.2
1243780 2507.1
1243790 2502.2
1243800 2502.2
1243810 2497.3
1243820 2492.2
1243830 2492.2
1243840 2487.1
1243850 2482.2
1243860 2477.9
1243870 2477.9
1243880 2474.4
1243890 2479.7
1243900 2479.7
1243910 2480.0
1243920 2480.9
1243930 2480.9
1243940 2478.1
1243950 2474.4
1243960 2474.4
1243970 2470.0
1243980 2465.8
1243990 2465.8
1244000 2463.8
1244010 2461.6
1244020 2461.6
1244030 2458.4
1244040 2455.5
1244050 2455.5
1244060 2453.7
1244070 2452.5
1244080 2452.5
1244090 2450.6
1244100 2447.9
1244110 2444.2
1244120 2444.2
1244130 2440.8
1244140 2440.1
1244150 2440.1
1244160 2438.6
1244170 2436.6
1244180 2436.6
1244190 2434.5
1244200 2432.8
1244210 2432.8
1244220 2431.7
1244230 2430.7
1244240 2430.7
1244250 2429.9
1244260 2430.3
1244270 2430.3
1244280 2432.0
1244290 2432.9
1244300 2432.9
1244310 2434.8
1244320 2437.8
1244330 2440.2
1244340 2440.2
1244350 2441.1
1244360 2441.8
1244370 2441.8
1244380 2442.7
1244390 2444.2
1244400 2444.2
1244410 2445.7
1244420 2453.6
1244430 2453.6
1244440 2455.0
1244450 2455.9
1244460 2455.9
1244470 2456.8
1244480 2458.3
1244490 2458.3
1244500 2460.6
1244510 2463.3
1244520 2463.3
1244530 2469.3
1244540 2476.9
1244550 2481.3
1244560 2481.3
1244570 2486.1
1244580 2491.1
1244590 2491.1
1244600 2495.0
1244610 2498.2
1244620 2498.2
1244630 2500.7
1244640 2503.4
1244650 2503.4
1244660 2505.2
1244670 2506.9
1244680 2506.9
1244690 2511.1
1244700 2516.3
1244710 2516.3
1244720 2517.8
1244730 2517.8
1244740 2517.8
1244750 2521.7
1244760 2527.6
1244770 2537.0
1244780 2537.0
1244790 2546.4
1244800 2554.3
1244810 2554.3
1244820 2558.9
1244830 2568.2
1244840 2568.2
1244850 2578.6
1244860 2583.5
1244870 2583.5
1244880 2587.7
1244890 2589.8
1244900 2589.8
1244910 2590.0
1244920 2587.5
1244930 2587.5
1244940 2576.1
1244950 2593.8
1244960 2593.8
1244970 2603.7
1244980 2610.2
1244990 2610.2
1245000 2617.7
1245010 2626.9
1245020 2633.5
1245030 2633.5
1245040 2636.6
1245050 2638.9
1245060 2638.9
1245070 2640.2
1245080 2637.4
1245090 2637.4
1245100 2632.1
1245110 2630.1
1245120 2630.1
1245130 2627.2
1245140 2620.4
1245150 2620.4
1245160 2615.5
1245170 2611.4
1245180 2611.4
1245190 2607.9
1245200 2604.7
1245210 2604.7
1245220 2603.4
1245230 2603.3
1245240 2602.4
1245250 2602.4
1245260 2602.2
1245270 2603.5
1245280 2603.5
1245290 2607.3
1245300 2609.5
1245310 2609.5
1245320 2612.1
1245330 2614.4
1245340 2614.4
1245350 2615.3
1245360 2615.6
1245370 2615.6
1245380 2617.1
1245390 2618.5
1245400 2618.5
1245410 2619.4
1245420 2617.4
1245430 2617.4
1245440 2615.0
1245450 2613.7
1245460 2614.4
1245470 2614.4
1245480 2623.7
1245490 2627.8
1245500 2627.8
1245510 2634.9
1245520 2650.9
1245530 2650.9
1245540 2663.4
1245550 2673.0
1245560 2673.0
1245570 2678.5
1245580 2685.4
1245590 2685.4
1245600 2695.1
1245610 2696.0
1245620 2696.0
1245630 2695.7
1245640 2698.6
1245650 2698.6
1245660 2696.2
1245670 2694.7
1245680 2701.8
1245690 2701.8
1245700 2701.8
1245710 2701.3
1245720 2701.3
1245730 2705.2
1245740 2706.0
1245750 2706.0
1245760 2704.0
1245770 2700.7
1245780 2700.7
1245790 2695.2
1245800 2698.6
1245810 2698.6
1245820 2702.7
1245830 2696.7
1245840 2696.7
1245850 2689.4
1245860 2682.6
1245870 2682.6
1245880 2675.4
1245890 2667.8
1245900 2667.8
1245910 2659.8
1245920 2653.3
1245930 2651.1
1245940 2651.1
1245950 2645.6
1245960 2640.7
1245970 2640.7
1245980 2642.0
1245990 2648.2
1246000 2648.2
1246010 2642.9
1246020 2640.1
1246030 2640.1
1246040 2636.8
1246050 2630.9
1246060 2630.9
1246070 2624.0
1246080 2618.8
1246090 2618.8
1246100 2619.1
1246110 2615.6
1246120 2615.6
1246130 2614.2
1246140 2612.1
1246150 2604.3
1246160 2604.3
1246170 2597.5
1246180 2592.9
1246190 2592.9
1246200 2588.5
1246210 2583.5
1246220 2583.5
1246230 2579.1
1246240 2577.0
1246250 2577.0
1246260 2575.7
1246270 2573.1
1246280 2573.1
1246290 2569.5
1246300 2564.1
1246310 2564.1
1246320 2557.8
1246330 2551.2
1246340 2551.2
1246350 2545.7
1246360 2539.1
1246370 2532.3
1246380 2532.3
1246390 2524.9
1246400 2515.5
1246410 2515.5
1246420 2507.7
1246430 2498.6
1246440 2498.6
1246450 2486.7
1246460 2476.3
1246470 2476.3
1246480 2471.0
1246490 2467.7
1246500 2467.7
1246510 2465.0
1246520 2460.1
1246530 2460.1
1246540 2448.5
1246550 2442.7
1246560 2442.7
1246570 2438.9
1246580 2435.9
1246590 2432.8
1246600 2432.8
1246610 2429.0
1246620 2424.8
1246630 2424.8
1246640 2421.4
1246650 2420.0
1246660 2420.0
1246670 2417.6
1246680 2414.6
1246690 2414.6
1246700 2411.8
1246710 2408.8
1246720 2408.8
1246730 2406.3
1246740 2404.5
1246750 2404.5
1246760 2403.9
1246770 2404.7
1246780 2404.7
1246790 2404.2
1246800 2404.8
1246810 2404.8
1246820 2406.3
1246830 2407.0
1246840 2405.9
1246850 2405.9
1246860 2405.2
1246870 2406.4
1246880 2406.4
1246890 2408.7
1246900 2409.2
1246910 2409.2
1246920 2408.2
1246930 2406.1
1246940 2406.1
1246950 2403.1
1246960 2399.7
1246970 2399.7
1246980 2396.9
1246990 2394.3
1247000 2394.3
1247010 2391.4
1247020 2390.0
1247030 2390.0
1247040 2389.2
1247050 2387.3
1247060 2386.4
1247070 2377.5
1247080 2378.0
1247090 2378.9
1247100 2378.9
1247110 2380.7
1247120 2382.6
1247130 2382.6
1247140 2385.0
1247150 2388.0
1247160 2388.0
1247170 2389.0
1247180 2389.8
1247190 2389.8
1247200 2390.9
1247210 2391.3
1247220 2391.3
1247230 2390.6
1247240 2389.5
1247250 2389.5
1247260 2388.4
1247270 2387.0
1247280 2384.8
1247290 2384.8
1247300 2381.6
1247310 2377.1
1247320 2377.1
1247330 2372.3
1247340 2367.7
1247350 2367.7
1247360 2362.8
1247370 2357.0
1247380 2357.0
1247390 2351.3
1247400 2345.3
1247410 2345.3
1247420 2337.4
1247430 2328.8
1247440 2328.8
1247450 2321.7
1247460 2316.3
1247470 2316.3
1247480 2309.3
1247490 2302.6
1247500 2296.6
1247510 2296.6
1247520 2290.9
1247530 2286.7
1247540 2286.7
1247550 2283.0
1247560 2278.5
1247570 2278.5
1247580 2270.9
1247590 2262.0
1247600 2262.0
1247610 2246.9
1247620 2239.9
1247630 2239.9
1247640 2234.6
1247650 2231.7
1247660 2231.7
1247670 2229.3
1247680 2226.1
1247690 2226.1
1247700 2222.3
1247710 2218.7
1247720 2218.7
1247730 2214.7
1247740 2209.4
1247750 2204.4
1247760 2204.4
1247770 2199.0
1247780 2193.6
1247790 2193.6
1247800 2187.3
1247810 2180.6
1247820 2180.6
1247830 2174.0
1247840 2168.2
1247850 2168.2
1247860 2162.1
1247870 2155.1
1247880 2155.1
1247890 2147.9
1247900 2141.3
1247910 2141.3
1247920 2135.1
1247930 2128.7
1247940 2128.7
1247950 2122.9
1247960 2116.9
1247970 2110.6
1247980 2110.6
1247990 2104.8
1248000 2099.5
1248010 2099.5
1248020 2095.1
1248030 2091.0
1248040 2091.0
1248050 2086.5
1248060 2081.2
1248070 2081.2
1248080 2076.2
1248090 2072.7
1248100 2072.7
1248110 2070.1
1248120 2066.9
1248130 2066.9
1248140 2059.4
1248150 2055.1
1248160 2055.1
1248170 2050.3
1248180 2045.8
1248190 2040.6
1248200 2040.6
1248210 2035.5
1248220 2030.7
1248230 2030.7
1248240 2025.8
1248250 2020.8
1248260 2020.8
1248270 2015.0
1248280 2009.6
1248290 2009.6
1248300 2004.7
1248310 2000.2
1248320 2000.2
1248330 1995.6
1248340 1990.1
1248350 1990.1
1248360 1984.5
1248370 1979.2
1248380 1979.2
1248390 1972.6
1248400 1965.6
1248410 1958.8
1248420 1958.8
1248430 1952.5
1248440 1946.3
1248450 1946.3
1248460 1939.2
1248470 1932.1
1248480 1932.1
1248490 1925.0
1248500 1918.0
1248510 1918.0
1248520 1911.4
1248530 1904.5
1248540 1904.5
1248550 1896.3
1248560 1888.0
1248570 1888.0
1248580 1880.1
1248590 1872.6
1248600 1872.6
1248610 1865.6
1248620 1857.7
1248630 1857.7
1248640 1850.3
1248650 1843.2
1248660 1836.0
1248670 1836.0
1248680 1826.9
1248690 1819.6
1248700 1819.6
1248710 1812.1
1248720 1805.8
1248730 1805.8
1248740 1799.5
1248750 1794.7
1248760 1794.7
1248770 1787.4
1248780 1777.2
1248790 1777.2
1248800 1769.1
1248810 1765.7
1248820 1765.7
1248830 1771.1
1248840 1775.7
1248850 1775.7
1248860 1776.2
1248870 1777.2
1248880 1773.8
1248890 1773.8
1248900 1769.6
1248910 1763.9
1248920 1763.9
1248930 1758.2
1248940 1753.9
1248950 1753.9
1248960 1750.2
1248970 1745.8
1248980 1745.8
1248990 1741.4
1249000 1738.2
1249010 1738.2
1249020 1737.2
1249030 1736.4
1249040 1736.4
1249050 1730.0
1249060 1721.3
1249070 1721.3
1249080 1710.6
1249090 1701.7
1249100 1693.1
1249110 1693.1
1249120 1684.6
1249130 1677.5
1249140 1677.5
1249150 1673.5
1249160 1667.3
1249170 1667.3
1249180 1661.5
1249190 1656.9
1249200 1656.9
1249210 1652.8
1249220 1643.1
1249230 1643.1
1249240 1639.1
1249250 1636.1
1249260 1636.1
1249270 1632.8
1249280 1629.6
1249290 1629.6
1249300 1626.6
1249310 1623.6
1249320 1620.8
1249330 1620.8
1249340 1617.7
1249350 1612.2
1249360 1612.2
1249370 1605.2
1249380 1599.4
1249390 1599.4
1249400 1593.8
1249410 1587.0
1249420 1587.0
1249430 1580.5
1249440 1574.4
1249450 1574.4
1249460 1568.0
1249470 1561.1
1249480 1561.1
1249490 1554.0
1249500 1548.1
1249510 1548.1
1249520 1543.1
1249530 1538.6
1249540 1534.8
1249550 1534.8
1249560 1531.5
1249570 1528.6
1249580 1528.6
1249590 1525.7
1249600 1523.5
1249610 1523.5
1249620 1520.8
1249630 1518.2
1249640 1518.2
1249650 1515.3
1249660 1514.9
1249670 1514.9
1249680 1513.0
1249690 1510.2
1249700 1510.2
1249710 1508.2
1249720 1505.6
1249730 1505.6
1249740 1502.4
1249750 1499.7
1249760 1495.2
1249770 1492.6
1249780 1489.6
1249790 1487.2
1249800 1487.2
1249810 1483.9
1249820 1480.6
1249830 1480.6
1249840 1477.7
1249850 1475.2
1249860 1475.2
1249870 1473.6
1249880 1472.5
1249890 1472.5
1249900 1471.5
1249910 1470.7
1249920 1470.7
1249930 1470.1
1249940 1469.7
1249950 1469.7
1249960 1469.2
1249970 1468.6
1249980 1468.6
1249990 1468.0
1250000 1467.5
1250010 1467.2
1250020 1467.2
1250030 1466.5
1250040 1465.8
1250050 1465.8
1250060 1465.6
1250070 1466.0
1250080 1466.0
1250090 1466.3
1250100 1466.2
1250110 1466.2
1250120 1466.7
1250130 1469.2
1250140 1469.2
1250150 1471.2
1250160 1472.0
1250170 1472.0
1250180 1470.9
1250190 1470.6
1250200 1470.6
1250210 1470.8
1250220 1472.3
1250230 1474.2
1250240 1474.2
1250250 1475.8
1250260 1477.5
1250270 1477.5
1250280 1478.6
1250290 1479.1
1250300 1484.8
1250310 1485.5
1250320 1488.0
1250330 1488.0
1250340 1491.1
1250350 1497.5
1250360 1497.5
1250370 1505.2
1250380 1511.9
1250390 1511.9
1250400 1521.5
1250410 1524.5
1250420 1524.5
1250430 1528.6
1250440 1533.8
1250450 1539.4
1250460 1539.4
1250470 1544.9
1250480 1548.7
1250490 1548.7
1250500 1551.7
1250510 1556.3
1250520 1556.3
1250530 1562.1
1250540 1568.5
1250550 1568.5
1250560 1584.0
1250570 1597.9
1250580 1597.9
1250590 1599.7
1250600 1598.7
1250610 1598.7
1250620 1600.0
1250630 1602.1
1250640 1602.1
1250650 1604.2
1250660 1608.4
1250670 1608.4
1250680 1611.0
1250690 1612.2
1250700 1618.3
1250710 1618.3
1250720 1634.0
1250730 1649.3
1250740 1649.3
1250750 1658.5
1250760 1667.2
1250770 1667.2
1250780 1678.2
1250790 1678.3
1250800 1678.3
1250810 1679.0
1250820 1693.8
1250830 1693.8
1250840 1716.4
1250850 1720.9
1250860 1720.9
1250870 1723.5
1250880 1724.6
1250890 1724.6
1250900 1725.9
1250910 1725.5
1250920 1724.6
1250930 1724.6
1250940 1726.7
1250950 1728.0
1250960 1728.0
1250970 1729.3
1250980 1733.3
1250990 1733.3
1251000 1736.6
1251010 1737.2
1251020 1737.2
1251030 1737.0
1251040 1737.4
1251050 1737.4
1251060 1739.3
1251070 1739.1
1251080 1739.1
1251090 1737.4
1251100 1736.3
1251110 1736.3
1251120 1735.8
1251130 1734.3
1251140 1731.4
1251150 1731.4
1251160 1727.9
1251170 1723.6
1251180 1723.6
1251190 1719.5
1251200 1715.7
1251210 1715.7
1251220 1711.1
1251230 1707.3
1251240 1707.3
1251250 1706.7
1251260 1706.4
1251270 1706.4
1251280 1704.7
1251290 1701.7
1251300 1701.7
1251310 1700.4
1251320 1699.5
1251330 1699.5
1251340 1697.9
1251350 1698.4
1251360 1700.3
1251370 1700.3
1251380 1704.4
1251390 1714.3
1251400 1714.3
1251410 1719.7
1251420 1726.0
1251430 1726.0
1251440 1732.3
1251450 1732.6
1251460 1732.6
1251470 1728.1
1251480 1723.8
1251490 1723.8
1251500 1719.0
1251510 1714.7
1251520 1714.7
1251530 1715.6
1251540 1722.0
1251550 1722.0
1251560 1730.2
1251570 1738.9
1251580 1738.9
1251590 1746.7
1251600 1747.4
1251610 1746.5
1251620 1746.5
1251630 1744.6
1251640 1741.2
1251650 1741.2
1251660 1740.2
1251670 1743.6
1251680 1743.6
1251690 1750.4
1251700 1754.9
1251710 1754.9
1251720 1757.7
1251730 1759.6
1251740 1759.6
1251750 1758.5
1251760 1759.4
1251770 1759.4
1251780 1764.3
1251790 1769.1
1251800 1769.1
1251810 1774.6
1251820 1780.3
1251830 1784.8
1251840 1784.8
1251850 1788.0
1251860 1789.9
1251870 1789.9
1251880 1789.6
1251890 1787.6
1251900 1787.6
1251910 1785.8
1251920 1783.4
1251930 1787.9
1251940 1784.2
1251950 1778.2
1251960 1778.2
1251970 1773.6
1251980 1769.5
1251990 1769.5
1252000 1764.1
1252010 1758.9
1252020 1758.9
1252030 1755.2
1252040 1751.8
1252050 1747.5
1252060 1747.5
1252070 1746.3
1252080 1745.0
1252090 1745.0
1252100 1743.7
1252110 1742.6
1252120 1742.6
1252130 1740.6
1252140 1738.8
1252150 1738.8
1252160 1737.0
1252170 1734.0
1252180 1734.0
1252190 1730.8
1252200 1726.8
1252210 1726.8
1252220 1723.7
1252230 1723.1
1252240 1723.1
1252250 1721.9
1252260 1718.9
1252270 1715.6
1252280 1715.6
1252290 1712.6
1252300 1708.6
1252310 1708.6
1252320 1706.3
1252330 1704.4
1252340 1704.4
1252350 1702.3
1252360 1701.6
1252370 1701.6
1252380 1700.2
1252390 1698.2
1252400 1698.2
1252410 1697.1
1252420 1695.7
1252430 1695.7
1252440 1694.3
1252450 1692.3
1252460 1692.3
1252470 1690.2
1252480 1695.4
1252490 1695.4
1252500 1694.8
1252510 1695.8
1252520 1695.6
1252530 1695.6
1252540 1694.7
1252550 1693.9
1252560 1693.9
1252570 1692.7
1252580 1692.9
1252590 1692.9
1252600 1693.6
1252610 1695.0
1252620 1695.0
1252630 1696.1
1252640 1698.0
1252650 1698.0
1252660 1698.0
1252670 1695.4
1252680 1695.4
1252690 1694.3
1252700 1693.4
1252710 1693.4
1252720 1688.8
1252730 1683.2
1252740 1678.6
1252750 1678.6
1252760 1673.4
1252770 1667.9
1252780 1667.9
1252790 1663.1
1252800 1658.4
1252810 1658.4
1252820 1655.1
1252830 1651.9
1252840 1651.9
1252850 1648.2
1252860 1644.9
1252870 1644.9
1252880 1642.2
1252890 1640.3
1252900 1640.3
1252910 1640.2
1252920 1640.0
1252930 1640.0
1252940 1638.4
1252950 1636.1
1252960 1633.5
1252970 1633.5
1252980 1629.2
1252990 1624.5
1253000 1624.5
1253010 1621.1
1253020 1618.3
1253030 1623.0
1253040 1620.6
1253050 1619.4
1253060 1619.4
1253070 1617.5
1253080 1614.7
1253090 1614.7
1253100 1610.7
1253110 1606.8
1253120 1606.8
1253130 1604.1
1253140 1602.0
1253150 1602.0
1253160 1599.9
1253170 1597.4
1253180 1595.6
1253190 1595.6
1253200 1594.1
1253210 1593.0
1253220 1593.0
1253230 1592.3
1253240 1591.6
1253250 1591.6
1253260 1590.2
1253270 1588.3
1253280 1588.3
1253290 1586.4
1253300 1586.1
1253310 1586.1
1253320 1586.6
1253330 1584.9
1253340 1584.9
1253350 1581.9
1253360 1580.4
1253370 1580.4
1253380 1580.1
1253390 1579.7
1253400 1579.7
1253410 1578.5
1253420 1577.1
1253430 1575.0
1253440 1575.0
1253450 1572.4
1253460 1569.0
1253470 1569.0
1253480 1565.3
1253490 1562.2
1253500 1562.2
1253510 1559.3
1253520 1556.9
1253530 1556.9
1253540 1556.4
1253550 1555.9
1253560 1555.9
1253570 1559.8
1253580 1558.0
1253590 1558.0
1253600 1556.7
1253610 1556.4
1253620 1556.4
1253630 1556.0
1253640 1553.9
1253650 1550.9
1253660 1550.9
1253670 1548.0
1253680 1544.5
1253690 1544.5
1253700 1541.5
1253710 1538.1
1253720 1538.1
1253730 1534.4
1253740 1530.8
1253750 1530.8
1253760 1527.2
1253770 1523.7
1253780 1523.7
1253790 1521.2
1253800 1519.2
1253810 1519.2
1253820 1516.3
1253830 1513.6
1253840 1513.6
1253850 1510.1
1253860 1506.2
1253870 1500.0
1253880 1500.0
1253890 1493.4
1253900 1488.1
1253910 1488.1
1253920 1482.9
1253930 1478.8
1253940 1478.8
1253950 1474.8
1253960 1471.3
1253970 1471.3
1253980 1468.5
1253990 1466.0
1254000 1466.0
1254010 1461.6
1254020 1455.7
1254030 1455.7
1254040 1450.8
1254050 1446.5
1254060 1446.5
1254070 1441.9
1254080 1436.3
1254090 1430.8
1254100 1430.8
1254110 1426.1
1254120 1426.2
1254130 1426.2
1254140 1422.6
1254150 1418.2
1254160 1418.2
1254170 1416.0
1254180 1415.2
1254190 1415.2
1254200 1415.7
1254210 1416.5
1254220 1416.5
1254230 1414.0
1254240 1409.7
1254250 1409.7
1254260 1405.7
1254270 1401.2
1254280 1401.2
1254290 1395.8
1254300 1390.3
1254310 1390.3
1254320 1387.2
1254330 1380.8
1254340 1374.8
1254350 1374.8
1254360 1368.0
1254370 1360.2
1254380 1360.2
1254390 1353.0
1254400 1345.8
1254410 1345.8
1254420 1338.4
1254430 1330.7
1254440 1330.7
1254450 1323.2
1254460 1317.1
1254470 1317.1
1254480 1312.4
1254490 1309.3
1254500 1309.3
1254510 1307.6
1254520 1306.5
1254530 1306.5
1254540 1305.8
1254550 1304.5
1254560 1302.6
1254570 1302.6
1254580 1300.7
1254590 1297.0
1254600 1297.0
1254610 1291.1
1254620 1283.9
1254630 1283.9
1254640 1277.5
1254650 1271.1
1254660 1271.1
1254670 1265.3
1254680 1265.8
1254690 1265.8
1254700 1260.4
1254710 1254.8
1254720 1254.8
1254730 1249.3
1254740 1243.6
1254750 1243.6
1254760 1236.7
1254770 1229.1
1254780 1221.2
1254790 1221.2
1254800 1214.3
1254810 1208.1
1254820 1208.1
1254830 1202.9
1254840 1198.0
1254850 1198.0
1254860 1193.6
1254870 1190.2
1254880 1190.2
1254890 1186.6
1254900 1181.1
1254910 1181.1
1254920 1176.0
1254930 1170.5
1254940 1170.5
1254950 1166.8
1254960 1164.7
1254970 1164.7
1254980 1164.1
1254990 1164.5
1255000 1165.5
1255010 1165.5
1255020 1168.3
1255030 1170.7
1255040 1170.7
1255050 1171.8
1255060 1174.6
1255070 1174.6
1255080 1179.5
1255090 1185.0
1255100 1185.0
1255110 1191.4
1255120 1197.5
1255130 1197.5
1255140 1203.2
1255150 1209.9
1255160 1209.9
1255170 1217.2
1255180 1222.4
1255190 1222.4
1255200 1226.5
1255210 1232.4
1255220 1232.4
1255230 1236.1
1255240 1243.0
1255250 1249.5
1255260 1249.5
1255270 1255.6
1255280 1261.9
1255290 1261.9
1255300 1269.1
1255310 1277.1
1255320 1277.1
1255330 1285.5
1255340 1294.3
1255350 1294.3
1255360 1302.4
1255370 1310.9
1255380 1310.9
1255390 1318.8
1255400 1326.9
1255410 1326.9
1255420 1335.2
1255430 1343.9
1255440 1343.9
1255450 1352.7
1255460 1361.4
1255470 1370.4
1255480 1370.4
1255490 1379.6
1255500 1391.0
1255510 1391.0
1255520 1401.5
1255530 1411.2
1255540 1411.2
1255550 1419.1
1255560 1425.9
1255570 1425.9
1255580 1434.4
1255590 1443.2
1255600 1443.2
1255610 1451.8
1255620 1459.2
1255630 1459.2
1255640 1473.9
1255650 1493.2
1255660 1493.2
1255670 1502.3
1255680 1508.9
1255690 1515.2
1255700 1515.2
1255710 1521.1
1255720 1527.6
1255730 1527.6
1255740 1533.9
1255750 1539.1
1255760 1539.1
1255770 1544.5
1255780 1545.9
1255790 1545.9
1255800 1550.7
1255810 1554.6
1255820 1554.6
1255830 1558.8
1255840 1563.1
1255850 1563.1
1255860 1565.9
1255870 1568.6
1255880 1568.6
1255890 1572.3
1255900 1575.3
1255910 1578.7
1255920 1578.7
1255930 1582.6
1255940 1586.2
1255950 1586.2
1255960 1588.9
1255970 1590.3
1255980 1590.3
1255990 1589.7
1256000 1588.9
1256010 1588.9
1256020 1588.7
1256030 1588.1
1256040 1588.1
1256050 1585.7
1256060 1583.5
1256070 1583.5
1256080 1582.1
1256090 1581.3
1256100 1581.3
1256110 1580.6
1256120 1579.8
1256130 1579.3
1256140 1579.3
1256150 1579.0
1256160 1579.4
1256170 1579.4
1256180 1580.2
1256190 1581.5
1256200 1581.5
1256210 1582.9
1256220 1583.3
1256230 1583.3
1256240 1582.7
1256250 1580.9
1256260 1580.9
1256270 1577.9
1256280 1574.2
1256290 1574.2
1256300 1570.1
1256310 1565.7
1256320 1565.7
1256330 1560.9
1256340 1551.8
1256350 1551.8
1256360 1549.1
1256370 1546.6
1256380 1543.8
1256390 1543.8
1256400 1540.5
1256410 1537.2
1256420 1537.2
1256430 1534.3
1256440 1531.0
1256450 1531.0
1256460 1527.9
1256470 1524.6
1256480 1524.6
1256490 1521.2
1256500 1516.8
1256510 1516.8
1256520 1512.9
1256530 1510.8
1256540 1510.8
1256550 1508.6
1256560 1505.9
1256570 1505.9
1256580 1502.9
1256590 1499.9
1256600 1496.9
1256610 1496.9
1256620 1493.4
1256630 1489.5
1256640 1489.5
1256650 1485.2
1256660 1478.9
1256670 1478.9
1256680 1472.3
1256690 1465.5
1256700 1465.5
1256710 1458.8
1256720 1452.3
1256730 1452.3
1256740 1445.3
1256750 1437.6
1256760 1437.6
1256770 1430.7
1256780 1423.9
1256790 1423.9
1256800 1415.8
1256810 1408.3
1256820 1400.8
1256830 1400.8
1256840 1394.4
1256850 1388.3
1256860 1388.3
1256870 1381.2
1256880 1375.3
1256890 1373.2
1256900 1366.5
1256910 1367.2
1256920 1367.2
1256930 1367.6
1256940 1366.8
1256950 1366.8
1256960 1365.6
1256970 1363.6
1256980 1363.6
1256990 1360.7
1257000 1356.8
1257010 1356.8
1257020 1351.9
1257030 1346.2
1257040 1339.8
1257050 1339.8
1257060 1334.7
1257070 1329.4
1257080 1329.4
1257090 1323.4
1257100 1317.2
1257110 1317.2
1257120 1309.6
1257130 1301.7
1257140 1301.7
1257150 1299.1
1257160 1300.0
1257170 1300.0
1257180 1298.5
1257190 1296.5
1257200 1296.5
1257210 1293.9
1257220 1290.7
1257230 1290.7
1257240 1286.9
1257250 1283.3
1257260 1283.3
1257270 1279.8
1257280 1276.2
1257290 1271.8
1257300 1271.8
1257310 1266.4
1257320 1260.4
1257330 1260.4
1257340 1254.7
1257350 1249.6
1257360 1249.6
1257370 1244.3
1257380 1238.5
1257390 1238.5
1257400 1232.5
1257410 1226.4
1257420 1226.4
1257430 1220.5
1257440 1214.7
1257450 1212.4
1257460 1206.7
1257470 1201.1
1257480 1201.1
1257490 1194.0
1257500 1187.1
1257510 1181.5
1257520 1181.5
1257530 1175.6
1257540 1169.2
1257550 1169.2
1257560 1162.2
1257570 1158.0
1257580 1158.0
1257590 1157.3
1257600 1153.6
1257610 1153.6
1257620 1149.7
1257630 1146.1
1257640 1146.1
1257650 1142.6
1257660 1137.9
1257670 1137.9
1257680 1129.5
1257690 1118.5
1257700 1118.5
1257710 1109.9
1257720 1104.9
1257730 1100.3
1257740 1100.3
1257750 1095.8
1257760 1091.3
1257770 1091.3
1257780 1087.3
1257790 1083.6
1257800 1083.6
1257810 1078.8
1257820 1073.8
1257830 1073.8
1257840 1069.5
1257850 1065.8
1257860 1065.8
1257870 1061.3
1257880 1056.1
1257890 1056.1
1257900 1051.9
1257910 1047.9
1257920 1047.9
1257930 1043.9
1257940 1040.7
1257950 1039.8
1257960 1039.8
1257970 1040.2
1257980 1041.2
1257990 1041.2
1258000 1042.5
1258010 1043.1
1258020 1043.1
1258030 1043.8
1258040 1044.3
1258050 1044.3
1258060 1044.6
1258070 1044.9
1258080 1044.9
1258090 1045.4
1258100 1045.6
1258110 1045.6
1258120 1045.5
1258130 1045.4
1258140 1045.4
1258150 1045.3
1258160 1044.8
1258170 1044.8
1258180 1043.6
1258190 1041.2
1258200 1040.1
1258210 1040.1
1258220 1040.5
1258230 1038.7
1258240 1038.7
1258250 1036.0
1258260 1033.6
1258270 1033.6
1258280 1031.6
1258290 1030.0
1258300 1030.0
1258310 1028.1
1258320 1026.0
1258330 1026.0
1258340 1024.1
1258350 1022.3
1258360 1022.3
1258370 1020.5
1258380 1018.4
1258390 1018.4
1258400 1016.5
1258410 1014.6
1258420 1012.9
1258430 1012.9
1258440 1011.3
1258450 1009.8
1258460 1009.8
1258470 1008.2
1258480 1006.7
1258490 1006.7
1258500 1005.4
1258510 1004.2
1258520 1004.2
1258530 1003.1
1258540 1001.9
1258550 1001.9
1258560 1000.7
1258570 999.7
1258580 999.7
1258590 998.4
1258600 997.2
1258610 997.2
1258620 996.2
1258630 995.0
1258640 993.8
1258650 993.8
1258660 992.8
1258670 991.7
1258680 991.7
1258690 990.8
1258700 989.7
1258710 989.7
1258720 988.7
1258730 987.6
1258740 987.6
1258750 986.6
1258760 985.5
1258770 985.5
1258780 984.5
1258790 983.5
1258800 983.5
1258810 982.7
1258820 981.8
1258830 981.8
1258840 981.0
1258850 980.7
1258860 980.6
1258870 980.6
1258880 980.6
1258890 980.4
1258900 980.4
1258910 980.0
1258920 979.7
1258930 979.7
1258940 979.6
1258950 979.6
1258960 979.6
1258970 979.3
1258980 979.3
1258990 979.3
1259000 979.3
1259010 979.2
1259020 979.2
1259030 978.8
1259040 978.5
1259050 978.5
1259060 978.8
1259070 978.7
1259080 978.7
1259090 978.7
1259100 978.6
1259110 978.5
1259120 978.5
1259130 978.8
1259140 978.7
1259150 978.7
1259160 978.2
1259170 977.9
1259180 977.9
1259190 977.9
1259200 978.0
1259210 978.0
1259220 978.0
1259230 977.9
1259240 977.9
1259250 977.9
1259260 977.9
1259270 977.9
1259280 977.8
1259290 977.9
1259300 977.9
1259310 977.9
1259320 977.8
1259330 977.8
1259340 977.8
1259350 977.9
1259360 978.1
1259370 978.1
1259380 979.0
1259390 979.4
1259400 979.4
1259410 979.9
1259420 978.9
1259430 978.9
1259440 977.2
1259450 976.8
1259460 976.8
1259470 977.2
1259480 978.0
1259490 978.0
1259500 978.6
1259510 978.9
1259520 978.9
1259530 978.6
1259540 978.5
1259550 978.4
1259560 978.4
1259570 978.2
1259580 978.2
1259590 978.2
1259600 978.1
1259610 978.0
1259620 978.0
1259630 978.2
1259640 980.3
1259650 980.3
1259660 983.5
1259670 986.5
1259680 986.5
1259690 990.1
1259700 999.6
1259710 999.6
1259720 1003.5
1259730 1008.1
1259740 1008.1
1259750 1013.5
1259760 1018.0
1259770 1022.1
1259780 1022.1
1259790 1025.6
1259800 1030.3
1259810 1030.3
1259820 1034.7
1259830 1037.0
1259840 1037.0
1259850 1038.0
1259860 1039.0
1259870 1039.0
1259880 1039.9
1259890 1040.7
1259900 1040.7
1259910 1041.6
1259920 1042.7
1259930 1042.7
1259940 1043.7
1259950 1043.8
1259960 1043.8
1259970 1043.5
1259980 1043.4
1259990 1043.7
