1240000 2005.2
1240010 2013.3
1240020 2020.4
1240030 2027.8
1240040 2027.8
1240050 2034.3
1240060 2039.8
1240070 2039.8
1240080 2043.5
1240090 2048.8
1240100 2048.8
1240110 2057.7
1240120 2066.4
1240130 2066.4
1240140 2076.0
1240150 2083.3
1240160 2083.3
1240170 2084.8
1240180 2080.7
1240190 2080.7
1240200 2076.2
1240210 2078.0
1240220 2078.0
1240230 2075.4
1240240 2091.1
1240250 2091.1
1240260 2131.5
1240270 2158.8
1240280 2174.0
1240290 2174.0
1240300 2184.2
1240310 2198.9
1240320 2198.9
1240330 2209.3
1240340 2215.7
1240350 2215.7
1240360 2223.7
1240370 2233.9
1240380 2233.9
1240390 2240.3
1240400 2243.4
1240410 2243.4
1240420 2241.7
1240430 2238.0
1240440 2238.0
1240450 2236.2
1240460 2239.0
1240470 2239.0
1240480 2242.1
1240490 2242.6
1240500 2245.1
1240510 2245.1
1240520 2246.9
1240530 2247.3
1240540 2247.3
1240550 2247.7
1240560 2250.5
1240570 2250.5
1240580 2253.2
1240590 2253.8
1240600 2253.8
1240610 2253.6
1240620 2254.8
1240630 2254.8
1240640 2257.9
1240650 2261.3
1240660 2261.3
1240670 2264.0
1240680 2266.1
1240690 2266.1
1240700 2266.4
1240710 2265.5
1240720 2264.8
1240730 2268.9
1240740 2269.8
1240750 2270.3
1240760 2270.3
1240770 2271.5
1240780 2272.7
1240790 2272.7
1240800 2273.4
1240810 2270.9
1240820 2270.9
1240830 2266.0
1240840 2266.4
1240850 2266.4
1240860 2273.3
1240870 2280.1
1240880 2280.1
1240890 2286.4
1240900 2293.5
1240910 2293.5
1240920 2300.4
1240930 2306.4
1240940 2311.9
1240950 2311.9
1240960 2317.3
1240970 2321.8
1240980 2321.8
1240990 2325.9
1241000 2330.1
1241010 2330.1
1241020 2333.9
1241030 2337.5
1241040 2337.5
1241050 2340.7
1241060 2344.1
1241070 2344.1
1241080 2347.5
1241090 2351.3
1241100 2351.3
1241110 2355.1
1241120 2358.9
1241130 2358.9
1241140 2362.4
1241150 2366.1
1241160 2366.1
1241170 2369.8
1241180 2372.4
1241190 2375.7
1241200 2375.7
1241210 2379.6
1241220 2383.8
1241230 2383.8
1241240 2386.5
1241250 2392.0
1241260 2392.0
1241270 2395.2
1241280 2399.3
1241290 2399.3
1241300 2403.3
1241310 2407.3
1241320 2407.3
1241330 2411.6
1241340 2416.4
1241350 2416.4
1241360 2421.8
1241370 2427.4
1241380 2427.4
1241390 2433.3
1241400 2439.2
1241410 2445.2
1241420 2445.2
1241430 2451.2
1241440 2457.2
1241450 2457.2
1241460 2463.3
1241470 2469.5
1241480 2469.5
1241490 2475.9
1241500 2482.3
1241510 2482.3
1241520 2488.4
1241530 2494.4
1241540 2494.4
1241550 2501.0
1241560 2507.8
1241570 2507.8
1241580 2514.8
1241590 2522.1
1241600 2522.1
1241610 2529.5
1241620 2536.9
1241630 2544.6
1241640 2544.6
1241650 2552.0
1241660 2560.3
1241670 2560.3
1241680 2570.2
1241690 2579.8
1241700 2579.8
1241710 2593.7
1241720 2606.5
1241730 2606.5
1241740 2616.1
1241750 2624.0
1241760 2624.0
1241770 2618.8
1241780 2621.6
1241790 2621.6
1241800 2628.7
1241810 2638.2
1241820 2638.2
1241830 2648.6
1241840 2658.1
1241850 2665.4
1241860 2665.4
1241870 2673.2
1241880 2679.4
1241890 2679.4
1241900 2679.5
1241910 2680.6
1241920 2680.6
1241930 2687.5
1241940 2695.5
1241950 2695.5
1241960 2702.3
1241970 2710.0
1241980 2710.0
1241990 2720.2
1242000 2729.9
1242010 2729.9
1242020 2738.6
1242030 2748.2
1242040 2748.2
1242050 2760.5
1242060 2772.8
1242070 2772.8
1242080 2784.6
1242090 2800.3
1242100 2820.8
1242110 2820.8
1242120 2838.7
1242130 2852.9
1242140 2852.9
1242150 2859.0
1242160 2869.0
1242170 2869.0
1242180 2886.8
1242190 2906.6
1242200 2906.6
1242210 2926.6
1242220 2942.8
1242230 2942.8
1242240 2957.0
1242250 2968.2
1242260 2968.2
1242270 2976.8
1242280 2977.3
1242290 2978.7
1242300 2961.3
1242310 2948.3
1242320 2938.2
1242330 2938.2
1242340 2926.3
1242350 2914.8
1242360 2914.8
1242370 2907.0
1242380 2898.7
1242390 2898.7
1242400 2889.7
1242410 2880.0
1242420 2880.0
1242430 2870.3
1242440 2862.3
1242450 2862.3
1242460 2854.2
1242470 2844.4
1242480 2844.4
1242490 2839.8
1242500 2836.1
1242510 2836.1
1242520 2831.7
1242530 2826.4
1242540 2822.0
1242550 2822.0
1242560 2817.0
1242570 2813.2
1242580 2813.2
1242590 2810.8
1242600 2811.1
1242610 2811.1
1242620 2810.0
1242630 2808.3
1242640 2808.3
1242650 2806.8
1242660 2803.1
1242670 2803.1
1242680 2793.6
1242690 2779.1
1242700 2779.1
1242710 2747.7
1242720 2716.4
1242730 2716.4
1242740 2709.3
1242750 2704.1
1242760 2699.0
1242770 2699.0
1242780 2693.7
1242790 2689.9
1242800 2689.9
1242810 2686.1
1242820 2685.7
1242830 2685.7
1242840 2682.6
1242850 2678.6
1242860 2678.6
1242870 2675.6
1242880 2673.3
1242890 2673.3
1242900 2671.2
1242910 2669.0
1242920 2669.0
1242930 2668.4
1242940 2667.2
1242950 2667.2
1242960 2665.6
1242970 2665.9
1242980 2665.9
1242990 2666.5
1243000 2667.1
1243010 2667.9
1243020 2667.9
1243030 2668.1
1243040 2668.5
1243050 2668.5
1243060 2670.5
1243070 2671.8
1243080 2671.8
1243090 2671.2
1243100 2668.1
1243110 2668.1
1243120 2663.8
1243130 2659.4
1243140 2659.4
1243150 2656.2
1243160 2653.6
1243170 2653.6
1243180 2651.1
1243190 2649.6
1243200 2649.6
1243210 2649.2
1243220 2649.3
1243230 2649.4
1243240 2649.4
1243250 2648.7
1243260 2647.3
1243270 2647.3
1243280 2646.2
1243290 2645.0
1243300 2645.0
1243310 2644.0
1243320 2643.5
1243330 2643.5
1243340 2649.1
1243350 2649.2
1243360 2649.2
1243370 2649.3
1243380 2647.4
1243390 2647.4
1243400 2645.9
1243410 2643.5
1243420 2643.5
1243430 2638.8
1243440 2633.2
1243450 2629.4
1243460 2629.4
1243470 2626.3
1243480 2623.2
1243490 2623.2
1243500 2619.5
1243510 2614.9
1243520 2614.9
1243530 2608.2
1243540 2599.8
1243550 2599.8
1243560 2588.0
1243570 2577.6
1243580 2577.6
1243590 2572.3
1243600 2567.4
1243610 2567.4
1243620 2562.5
1243630 2557.9
1243640 2557.9
1243650 2553.4
1243660 2548.8
1243670 2544.0
1243680 2544.0
1243690 2539.9
1243700 2535.9
1243710 2535.9
1243720 2532.3
1243730 2528.6
1243740 2528.6
1243750 2525.0
1243760 2521.1
1243770 2521.1
1243780 2516.6
1243790 2511.7
1243800 2511.7
1243810 2507.6
1243820 2503.7
1243830 2503.7
1243840 2500.6
1243850 2497.7
1243860 2497.7
1243870 2514.6
1243880 2513.9
1243890 2513.9
1243900 2513.8
1243910 2510.5
1243920 2507.5
1243930 2507.5
1243940 2503.5
1243950 2497.1
1243960 2497.1
1243970 2492.0
1243980 2481.3
1243990 2481.3
1244000 2476.5
1244010 2473.9
1244020 2473.9
1244030 2471.3
1244040 2468.7
1244050 2468.7
1244060 2466.6
1244070 2465.0
1244080 2465.0
1244090 2462.4
1244100 2459.9
1244110 2459.9
1244120 2459.1
1244130 2459.1
1244140 2458.6
1244150 2458.6
1244160 2455.8
1244170 2452.0
1244180 2452.0
1244190 2448.9
1244200 2446.8
1244210 2446.8
1244220 2444.4
1244230 2443.5
1244240 2443.5
1244250 2443.3
1244260 2443.2
1244270 2443.2
1244280 2444.5
1244290 2445.0
1244300 2445.0
1244310 2445.6
1244320 2449.7
1244330 2449.7
1244340 2453.3
1244350 2454.5
1244360 2454.8
1244370 2454.8
1244380 2455.3
1244390 2457.8
1244400 2464.4
1244410 2465.8
1244420 2467.2
1244430 2467.2
1244440 2468.4
1244450 2469.3
1244460 2469.3
1244470 2469.7
1244480 2471.2
1244490 2471.2
1244500 2474.2
1244510 2484.5
1244520 2484.5
1244530 2495.6
1244540 2496.7
1244550 2496.7
1244560 2496.4
1244570 2497.3
1244580 2503.8
1244590 2503.8
1244600 2505.9
1244610 2510.9
1244620 2510.9
1244630 2514.2
1244640 2516.8
1244650 2516.8
1244660 2519.3
1244670 2521.4
1244680 2521.4
1244690 2530.0
1244700 2533.8
1244710 2533.8
1244720 2534.2
1244730 2533.8
1244740 2533.8
1244750 2535.8
1244760 2540.5
1244770 2540.5
1244780 2546.4
1244790 2554.0
1244800 2554.0
1244810 2563.5
1244820 2573.2
1244830 2583.5
1244840 2583.5
1244850 2594.0
1244860 2599.1
1244870 2599.1
1244880 2602.2
1244890 2604.9
1244900 2604.9
1244910 2604.9
1244920 2601.4
1244930 2609.7
1244940 2602.1
1244950 2603.8
1244960 2603.8
1244970 2619.1
1244980 2629.5
1244990 2629.5
1245000 2632.8
1245010 2637.1
1245020 2637.1
1245030 2647.0
1245040 2650.6
1245050 2652.2
1245060 2652.2
1245070 2651.2
1245080 2645.9
1245090 2645.9
1245100 2641.7
1245110 2638.6
1245120 2638.6
1245130 2634.9
1245140 2630.4
1245150 2630.4
1245160 2625.6
1245170 2621.9
1245180 2621.9
1245190 2618.1
1245200 2614.1
1245210 2614.1
1245220 2611.3
1245230 2608.5
1245240 2608.5
1245250 2605.9
1245260 2607.8
1245270 2612.1
1245280 2612.1
1245290 2617.5
1245300 2620.6
1245310 2620.6
1245320 2623.8
1245330 2627.0
1245340 2627.0
1245350 2628.4
1245360 2629.1
1245370 2629.1
1245380 2629.6
1245390 2629.1
1245400 2629.1
1245410 2628.2
1245420 2626.8
1245430 2626.8
1245440 2625.2
1245450 2622.1
1245460 2625.1
1245470 2627.0
1245480 2632.0
1245490 2639.1
1245500 2639.1
1245510 2648.1
1245520 2658.5
1245530 2658.5
1245540 2677.5
1245550 2684.7
1245560 2684.7
1245570 2690.2
1245580 2696.0
1245590 2696.0
1245600 2702.8
1245610 2710.8
1245620 2710.8
1245630 2715.8
1245640 2716.8
1245650 2716.8
1245660 2713.4
1245670 2711.5
1245680 2711.5
1245690 2721.1
1245700 2717.0
1245710 2717.0
1245720 2710.8
1245730 2702.2
1245740 2695.2
1245750 2695.2
1245760 2691.7
1245770 2686.4
1245780 2686.4
1245790 2678.2
1245800 2677.8
1245810 2677.8
1245820 2684.5
1245830 2684.4
1245840 2684.4
1245850 2678.0
1245860 2670.6
1245870 2670.6
1245880 2662.8
1245890 2654.4
1245900 2654.4
1245910 2646.8
1245920 2637.9
1245930 2637.9
1245940 2634.4
1245950 2633.0
1245960 2626.8
1245970 2626.8
1245980 2620.6
1245990 2610.2
1246000 2610.2
1246010 2609.9
1246020 2608.2
1246030 2608.2
1246040 2608.2
1246050 2604.6
1246060 2604.6
1246070 2599.0
1246080 2592.3
1246090 2592.3
1246100 2589.8
1246110 2585.9
1246120 2585.9
1246130 2582.6
1246140 2579.3
1246150 2579.3
1246160 2575.3
1246170 2574.4
1246180 2572.1
1246190 2572.1
1246200 2567.5
1246210 2563.1
1246220 2563.1
1246230 2559.7
1246240 2557.0
1246250 2557.0
1246260 2556.2
1246270 2552.4
1246280 2552.4
1246290 2547.1
1246300 2543.0
1246310 2543.0
1246320 2537.7
1246330 2532.2
1246340 2532.2
1246350 2524.5
1246360 2516.7
1246370 2516.7
1246380 2510.2
1246390 2503.3
1246400 2493.1
1246410 2493.1
1246420 2486.0
1246430 2481.5
1246440 2481.5
1246450 2475.3
1246460 2465.1
1246470 2465.1
1246480 2457.7
1246490 2454.3
1246500 2454.3
1246510 2450.8
1246520 2440.5
1246530 2440.5
1246540 2436.5
1246550 2432.7
1246560 2432.7
1246570 2429.3
1246580 2425.6
1246590 2425.6
1246600 2421.8
1246610 2416.8
1246620 2416.8
1246630 2413.0
1246640 2410.1
1246650 2407.1
1246660 2407.1
1246670 2404.5
1246680 2402.0
1246690 2402.0
1246700 2399.2
1246710 2396.0
1246720 2396.0
1246730 2393.5
1246740 2391.2
1246750 2391.2
1246760 2388.8
1246770 2388.3
1246780 2388.3
1246790 2389.5
1246800 2390.9
1246810 2390.9
1246820 2392.5
1246830 2393.9
1246840 2393.9
1246850 2393.3
1246860 2392.5
1246870 2392.2
1246880 2392.2
1246890 2392.5
1246900 2393.7
1246910 2393.7
1246920 2395.8
1246930 2395.7
1246940 2395.7
1246950 2392.5
1246960 2388.4
1246970 2388.4
1246980 2384.5
1246990 2380.1
1247000 2380.1
1247010 2376.1
1247020 2372.5
1247030 2372.5
1247040 2371.1
1247050 2361.1
1247060 2361.1
1247070 2361.5
1247080 2361.5
1247090 2362.2
1247100 2362.2
1247110 2363.9
1247120 2366.0
1247130 2366.0
1247140 2367.9
1247150 2371.2
1247160 2371.2
1247170 2374.3
1247180 2376.6
1247190 2376.6
1247200 2378.6
1247210 2378.8
1247220 2378.8
1247230 2380.2
1247240 2380.6
1247250 2380.6
1247260 2382.2
1247270 2383.8
1247280 2383.8
1247290 2382.4
1247300 2377.3
1247310 2371.3
1247320 2371.3
1247330 2365.4
1247340 2358.5
1247350 2358.5
1247360 2351.1
1247370 2343.6
1247380 2343.6
1247390 2337.5
1247400 2332.5
1247410 2332.5
1247420 2326.3
1247430 2320.3
1247440 2320.3
1247450 2312.1
1247460 2303.7
1247470 2303.7
1247480 2298.0
1247490 2293.1
1247500 2293.1
1247510 2289.2
1247520 2284.2
1247530 2284.2
1247540 2277.8
1247550 2269.7
1247560 2263.4
1247570 2263.4
1247580 2256.7
1247590 2243.1
1247600 2243.1
1247610 2236.8
1247620 2231.1
1247630 2231.1
1247640 2226.7
1247650 2223.6
1247660 2223.6
1247670 2221.4
1247680 2218.6
1247690 2218.6
1247700 2214.5
1247710 2210.1
1247720 2210.1
1247730 2205.9
1247740 2201.7
1247750 2201.7
1247760 2197.6
1247770 2192.8
1247780 2187.1
1247790 2187.1
1247800 2180.7
1247810 2174.3
1247820 2174.3
1247830 2168.0
1247840 2161.9
1247850 2161.9
1247860 2155.0
1247870 2147.7
1247880 2147.7
1247890 2140.2
1247900 2132.9
1247910 2132.9
1247920 2126.4
1247930 2120.0
1247940 2120.0
1247950 2114.3
1247960 2108.6
1247970 2108.6
1247980 2101.9
1247990 2095.2
1248000 2089.6
1248010 2089.6
1248020 2084.8
1248030 2080.6
1248040 2080.6
1248050 2077.5
1248060 2074.6
1248070 2074.6
1248080 2070.6
1248090 2066.5
1248100 2066.5
1248110 2062.8
1248120 2056.0
1248130 2056.0
1248140 2052.6
1248150 2048.5
1248160 2048.5
1248170 2043.3
1248180 2038.4
1248190 2038.4
1248200 2033.7
1248210 2029.9
1248220 2027.2
1248230 2027.2
1248240 2024.1
1248250 2020.1
1248260 2020.1
1248270 2015.3
1248280 2008.6
1248290 2008.6
1248300 2002.3
1248310 1997.1
1248320 1997.1
1248330 1991.9
1248340 1987.4
1248350 1987.4
1248360 1983.7
1248370 1979.4
1248380 1979.4
1248390 1973.9
1248400 1967.9
1248410 1967.9
1248420 1961.3
1248430 1954.1
1248440 1954.1
1248450 1946.7
1248460 1939.0
1248470 1931.6
1248480 1931.6
1248490 1924.5
1248500 1917.7
1248510 1917.7
1248520 1911.0
1248530 1904.1
1248540 1904.1
1248550 1897.0
1248560 1889.8
1248570 1889.8
1248580 1881.9
1248590 1874.0
1248600 1874.0
1248610 1866.9
1248620 1859.5
1248630 1859.5
1248640 1852.1
1248650 1844.4
1248660 1845.9
1248670 1838.6
1248680 1831.5
1248690 1824.6
1248700 1824.6
1248710 1816.4
1248720 1807.9
1248730 1807.9
1248740 1797.7
1248750 1789.2
1248760 1789.2
1248770 1780.0
1248780 1772.6
1248790 1772.6
1248800 1764.7
1248810 1754.1
1248820 1754.1
1248830 1750.6
1248840 1753.8
1248850 1753.8
1248860 1758.2
1248870 1757.8
1248880 1757.8
1248890 1756.1
1248900 1753.4
1248910 1749.8
1248920 1749.8
1248930 1747.3
1248940 1746.9
1248950 1746.9
1248960 1744.1
1248970 1736.9
1248980 1736.9
1248990 1730.0
1249000 1723.0
1249010 1723.0
1249020 1716.7
1249030 1713.9
1249040 1713.9
1249050 1714.8
1249060 1710.6
1249070 1710.6
1249080 1700.5
1249090 1692.9
1249100 1692.9
1249110 1684.5
1249120 1676.2
1249130 1668.6
1249140 1668.6
1249150 1663.6
1249160 1659.7
1249170 1659.7
1249180 1656.6
1249190 1651.0
1249200 1647.2
1249210 1641.0
1249220 1633.8
1249230 1633.8
1249240 1627.8
1249250 1623.9
1249260 1623.9
1249270 1620.3
1249280 1617.3
1249290 1617.3
1249300 1613.4
1249310 1610.3
1249320 1610.3
1249330 1607.5
1249340 1605.1
1249350 1601.3
1249360 1601.3
1249370 1596.2
1249380 1590.4
1249390 1590.4
1249400 1584.5
1249410 1579.9
1249420 1579.9
1249430 1575.0
1249440 1568.9
1249450 1568.9
1249460 1562.5
1249470 1556.1
1249480 1556.1
1249490 1549.3
1249500 1542.6
1249510 1542.6
1249520 1535.7
1249530 1531.3
1249540 1531.3
1249550 1528.4
1249560 1524.9
1249570 1524.9
1249580 1521.2
1249590 1518.2
1249600 1515.8
1249610 1515.8
1249620 1514.3
1249630 1511.8
1249640 1511.8
1249650 1509.6
1249660 1506.9
1249670 1506.9
1249680 1504.2
1249690 1501.8
1249700 1501.8
1249710 1498.0
1249720 1495.8
1249730 1495.8
1249740 1488.2
1249750 1485.2
1249760 1485.2
1249770 1482.7
1249780 1480.6
1249790 1480.6
1249800 1478.7
1249810 1476.8
1249820 1475.3
1249830 1475.3
1249840 1474.1
1249850 1473.2
1249860 1473.2
1249870 1472.6
1249880 1472.0
1249890 1472.0
1249900 1471.2
1249910 1470.5
1249920 1470.5
1249930 1469.8
1249940 1469.3
1249950 1469.3
1249960 1468.7
1249970 1468.0
1249980 1468.0
1249990 1467.5
1250000 1467.2
1250010 1467.2
1250020 1467.3
1250030 1467.4
1250040 1467.4
1250050 1467.4
1250060 1467.3
1250070 1466.7
1250080 1466.7
1250090 1466.7
1250100 1467.6
1250110 1467.6
1250120 1469.9
1250130 1473.8
1250140 1473.8
1250150 1477.9
1250160 1478.8
1250170 1478.8
1250180 1477.3
1250190 1475.7
1250200 1475.7
1250210 1475.5
1250220 1477.3
1250230 1477.3
1250240 1480.7
1250250 1484.3
1250260 1487.5
1250270 1487.5
1250280 1495.6
1250290 1497.5
1250300 1497.5
1250310 1498.0
1250320 1503.0
1250330 1503.0
1250340 1512.0
1250350 1519.4
1250360 1519.4
1250370 1527.2
1250380 1532.3
1250390 1532.3
1250400 1537.3
1250410 1543.3
1250420 1543.3
1250430 1548.5
1250440 1551.4
1250450 1551.4
1250460 1555.5
1250470 1559.6
1250480 1559.6
1250490 1562.4
1250500 1565.6
1250510 1569.4
1250520 1569.4
1250530 1576.0
1250540 1587.4
1250550 1587.4
1250560 1594.2
1250570 1611.1
1250580 1611.1
1250590 1618.9
1250600 1616.7
1250610 1616.7
1250620 1616.6
1250630 1617.3
1250640 1617.3
1250650 1617.7
1250660 1618.1
1250670 1618.1
1250680 1622.4
1250690 1627.7
1250700 1627.7
1250710 1643.9
1250720 1655.7
1250730 1670.4
1250740 1670.4
1250750 1686.7
1250760 1694.0
1250770 1694.0
1250780 1699.6
1250790 1700.4
1250800 1700.4
1250810 1705.1
1250820 1723.2
1250830 1723.2
1250840 1728.3
1250850 1732.3
1250860 1732.3
1250870 1735.0
1250880 1736.8
1250890 1736.8
1250900 1738.9
1250910 1739.1
1250920 1739.1
1250930 1738.9
1250940 1741.0
1250950 1741.8
1250960 1741.8
1250970 1743.9
1250980 1747.8
1250990 1747.8
1251000 1750.9
1251010 1752.1
1251020 1752.1
1251030 1751.3
1251040 1752.3
1251050 1752.3
1251060 1753.8
1251070 1753.2
1251080 1753.2
1251090 1751.4
1251100 1750.4
1251110 1750.4
1251120 1749.1
1251130 1746.2
1251140 1746.2
1251150 1742.2
1251160 1738.5
1251170 1735.0
1251180 1735.0
1251190 1731.3
1251200 1727.7
1251210 1727.7
1251220 1724.7
1251230 1725.2
1251240 1725.2
1251250 1724.9
1251260 1722.9
1251270 1722.9
1251280 1719.9
1251290 1716.7
1251300 1716.7
1251310 1714.7
1251320 1714.0
1251330 1714.0
1251340 1711.4
1251350 1710.4
1251360 1710.4
1251370 1718.5
1251380 1722.0
1251390 1722.0
1251400 1726.8
1251410 1732.8
1251420 1739.3
1251430 1739.3
1251440 1742.9
1251450 1741.7
1251460 1741.7
1251470 1739.5
1251480 1734.8
1251490 1734.8
1251500 1730.1
1251510 1727.5
1251520 1727.5
1251530 1727.2
1251540 1732.6
1251550 1732.6
1251560 1741.8
1251570 1749.2
1251580 1749.2
1251590 1755.0
1251600 1756.9
1251610 1756.9
1251620 1756.4
1251630 1754.7
1251640 1753.5
1251650 1753.5
1251660 1752.4
1251670 1752.8
1251680 1752.8
1251690 1758.8
1251700 1765.5
1251710 1765.5
1251720 1769.2
1251730 1770.4
1251740 1770.4
1251750 1771.7
1251760 1772.1
1251770 1772.1
1251780 1775.2
1251790 1780.2
1251800 1780.2
1251810 1785.5
1251820 1790.9
1251830 1790.9
1251840 1794.7
1251850 1796.5
1251860 1797.8
1251870 1797.8
1251880 1797.2
1251890 1795.3
1251900 1795.3
1251910 1799.1
1251920 1797.7
1251930 1797.7
1251940 1794.8
1251950 1790.5
1251960 1790.5
1251970 1785.6
1251980 1779.7
1251990 1779.7
1252000 1774.7
1252010 1771.6
1252020 1771.6
1252030 1767.8
1252040 1763.6
1252050 1763.6
1252060 1760.5
1252070 1759.0
1252080 1757.9
1252090 1757.9
1252100 1757.8
1252110 1756.0
1252120 1756.0
1252130 1754.4
1252140 1753.4
1252150 1753.4
1252160 1751.4
1252170 1748.3
1252180 1748.3
1252190 1744.5
1252200 1742.0
1252210 1742.0
1252220 1740.6
1252230 1739.4
1252240 1739.4
1252250 1738.0
1252260 1735.7
1252270 1735.7
1252280 1732.6
1252290 1727.9
1252300 1727.9
1252310 1725.5
1252320 1723.4
1252330 1721.2
1252340 1721.2
1252350 1718.8
1252360 1716.8
1252370 1716.8
1252380 1714.2
1252390 1711.1
1252400 1711.1
1252410 1708.5
1252420 1707.1
1252430 1707.1
1252440 1705.8
1252450 1704.2
1252460 1709.3
1252470 1707.3
1252480 1705.1
1252490 1705.1
1252500 1704.0
1252510 1704.6
1252520 1704.6
1252530 1704.1
1252540 1703.6
1252550 1703.5
1252560 1703.5
1252570 1703.3
1252580 1703.5
1252590 1703.5
1252600 1703.9
1252610 1704.8
1252620 1704.8
1252630 1705.1
1252640 1705.8
1252650 1705.8
1252660 1707.5
1252670 1708.3
1252680 1708.3
1252690 1708.1
1252700 1707.2
1252710 1707.2
1252720 1704.8
1252730 1700.7
1252740 1700.7
1252750 1694.6
1252760 1688.7
1252770 1683.2
1252780 1683.2
1252790 1677.7
1252800 1672.0
1252810 1672.0
1252820 1666.6
1252830 1662.4
1252840 1662.4
1252850 1657.9
1252860 1652.5
1252870 1652.5
1252880 1647.4
1252890 1644.5
1252900 1644.5
1252910 1643.5
1252920 1643.3
1252930 1643.3
1252940 1643.3
1252950 1642.3
1252960 1642.3
1252970 1639.6
1252980 1636.5
1252990 1633.6
1253000 1633.6
1253010 1635.9
1253020 1632.7
1253030 1632.7
1253040 1629.9
1253050 1628.2
1253060 1628.2
1253070 1626.6
1253080 1624.2
1253090 1624.2
1253100 1621.2
1253110 1617.8
1253120 1617.8
1253130 1614.7
1253140 1613.8
1253150 1613.8
1253160 1613.3
1253170 1612.7
1253180 1612.7
1253190 1611.4
1253200 1608.8
1253210 1608.8
1253220 1606.0
1253230 1603.8
1253240 1602.0
1253250 1602.0
1253260 1600.5
1253270 1599.0
1253280 1599.0
1253290 1598.0
1253300 1596.5
1253310 1596.5
1253320 1594.7
1253330 1593.3
1253340 1593.3
1253350 1592.3
1253360 1592.9
1253370 1592.9
1253380 1593.5
1253390 1593.1
1253400 1593.1
1253410 1592.1
1253420 1590.5
1253430 1590.5
1253440 1588.2
1253450 1585.4
1253460 1582.6
1253470 1582.6
1253480 1579.5
1253490 1575.9
1253500 1575.9
1253510 1572.0
1253520 1568.7
1253530 1568.7
1253540 1567.0
1253550 1571.9
1253560 1571.9
1253570 1570.4
1253580 1568.9
1253590 1568.9
1253600 1567.6
1253610 1567.0
1253620 1567.0
1253630 1566.0
1253640 1563.6
1253650 1563.6
1253660 1560.5
1253670 1557.5
1253680 1553.5
1253690 1553.5
1253700 1550.0
1253710 1546.7
1253720 1546.7
1253730 1543.4
1253740 1539.2
1253750 1539.2
1253760 1534.8
1253770 1530.6
1253780 1530.6
1253790 1527.3
1253800 1525.3
1253810 1525.3
1253820 1523.4
1253830 1520.9
1253840 1520.9
1253850 1517.7
1253860 1514.1
1253870 1514.1
1253880 1508.8
1253890 1503.6
1253900 1499.8
1253910 1499.8
1253920 1495.4
1253930 1490.5
1253940 1490.5
1253950 1485.9
1253960 1482.7
1253970 1482.7
1253980 1481.4
1253990 1478.8
1254000 1478.8
1254010 1474.2
1254020 1468.0
1254030 1468.0
1254040 1461.9
1254050 1456.1
1254060 1456.1
1254070 1451.1
1254080 1446.4
1254090 1446.4
1254100 1448.1
1254110 1443.0
1254120 1443.0
1254130 1438.1
1254140 1435.0
1254150 1432.3
1254160 1432.3
1254170 1429.8
1254180 1428.3
1254190 1428.3
1254200 1427.6
1254210 1424.7
1254220 1424.7
1254230 1420.2
1254240 1415.5
1254250 1415.5
1254260 1410.9
1254270 1405.5
1254280 1405.5
1254290 1399.3
1254300 1391.9
1254310 1391.9
1254320 1385.0
1254330 1377.2
1254340 1377.2
1254350 1370.4
1254360 1364.1
1254370 1357.0
1254380 1357.0
1254390 1349.6
1254400 1342.8
1254410 1342.8
1254420 1336.8
1254430 1332.6
1254440 1332.6
1254450 1329.6
1254460 1327.2
1254470 1327.2
1254480 1325.4
1254490 1324.5
1254500 1324.5
1254510 1323.1
1254520 1320.5
1254530 1320.5
1254540 1316.7
1254550 1312.3
1254560 1312.3
1254570 1308.4
1254580 1304.1
1254590 1299.3
1254600 1299.3
1254610 1297.2
1254620 1293.1
1254630 1293.1
1254640 1286.0
1254650 1280.4
1254660 1285.0
1254670 1278.6
1254680 1272.4
1254690 1272.4
1254700 1266.5
1254710 1261.2
1254720 1261.2
1254730 1255.8
1254740 1250.3
1254750 1250.3
1254760 1244.2
1254770 1237.1
1254780 1237.1
1254790 1230.6
1254800 1224.9
1254810 1220.5
1254820 1220.5
1254830 1217.2
1254840 1212.3
1254850 1212.3
1254860 1207.6
1254870 1203.3
1254880 1203.3
1254890 1197.9
1254900 1191.3
1254910 1191.3
1254920 1185.3
1254930 1179.7
1254940 1179.7
1254950 1174.4
1254960 1170.1
1254970 1170.1
1254980 1165.4
1254990 1164.0
1255000 1164.0
1255010 1163.3
1255020 1163.2
1255030 1165.1
1255040 1165.1
1255050 1168.0
1255060 1168.3
1255070 1168.3
1255080 1171.5
1255090 1177.8
1255100 1177.8
1255110 1183.7
1255120 1190.1
1255130 1190.1
1255140 1197.0
1255150 1203.8
1255160 1203.8
1255170 1208.9
1255180 1214.0
1255190 1214.0
1255200 1220.0
1255210 1222.8
1255220 1222.8
1255230 1228.0
1255240 1234.0
1255250 1234.0
1255260 1242.1
1255270 1249.3
1255280 1256.5
1255290 1256.5
1255300 1264.8
1255310 1275.4
1255320 1275.4
1255330 1287.7
1255340 1299.4
1255350 1299.4
1255360 1310.9
1255370 1321.4
1255380 1321.4
1255390 1330.7
1255400 1341.3
1255410 1341.3
1255420 1347.8
1255430 1356.4
1255440 1356.4
1255450 1360.6
1255460 1366.1
1255470 1366.1
1255480 1372.9
1255490 1380.2
1255500 1388.0
1255510 1388.0
1255520 1396.0
1255530 1404.1
1255540 1404.1
1255550 1412.3
1255560 1420.3
1255570 1420.3
1255580 1428.2
1255590 1435.7
1255600 1435.7
1255610 1443.4
1255620 1452.0
1255630 1452.0
1255640 1466.1
1255650 1483.2
1255660 1483.2
1255670 1494.1
1255680 1501.1
1255690 1501.1
1255700 1507.4
1255710 1513.8
1255720 1519.7
1255730 1519.7
1255740 1525.4
1255750 1530.3
1255760 1527.5
1255770 1532.2
1255780 1536.8
1255790 1536.8
1255800 1540.8
1255810 1544.7
1255820 1544.7
1255830 1549.5
1255840 1554.9
1255850 1554.9
1255860 1558.0
1255870 1560.4
1255880 1560.4
1255890 1563.3
1255900 1566.3
1255910 1566.3
1255920 1569.8
1255930 1573.3
1255940 1574.8
1255950 1574.8
1255960 1575.5
1255970 1575.7
1255980 1575.7
1255990 1575.2
1256000 1574.7
1256010 1574.7
1256020 1574.3
1256030 1573.9
1256040 1573.9
1256050 1573.6
1256060 1573.2
1256070 1573.2
1256080 1572.5
1256090 1572.3
1256100 1572.3
1256110 1572.6
1256120 1573.0
1256130 1573.0
1256140 1573.2
1256150 1573.9
1256160 1573.9
1256170 1575.6
1256180 1577.6
1256190 1578.5
1256200 1578.5
1256210 1578.3
1256220 1577.0
1256230 1577.0
1256240 1574.6
1256250 1570.9
1256260 1570.9
1256270 1567.4
1256280 1563.4
1256290 1563.4
1256300 1559.0
1256310 1554.0
1256320 1549.7
1256330 1546.7
1256340 1543.8
1256350 1543.8
1256360 1540.6
1256370 1536.5
1256380 1536.5
1256390 1533.4
1256400 1529.9
1256410 1526.2
1256420 1526.2
1256430 1522.5
1256440 1520.2
1256450 1520.2
1256460 1518.1
1256470 1516.1
1256480 1516.1
1256490 1513.5
1256500 1510.2
1256510 1510.2
1256520 1505.2
1256530 1500.7
1256540 1500.7
1256550 1498.7
1256560 1497.1
1256570 1497.1
1256580 1494.7
1256590 1491.5
1256600 1491.5
1256610 1487.7
1256620 1482.8
1256630 1478.5
1256640 1478.5
1256650 1474.2
1256660 1469.2
1256670 1469.2
1256680 1462.9
1256690 1456.3
1256700 1456.3
1256710 1448.5
1256720 1443.2
1256730 1443.2
1256740 1439.0
1256750 1432.6
1256760 1432.6
1256770 1426.1
1256780 1418.6
1256790 1418.6
1256800 1411.3
1256810 1403.9
1256820 1403.9
1256830 1397.5
1256840 1391.2
1256850 1384.5
1256860 1384.5
1256870 1376.5
1256880 1369.9
1256890 1369.9
1256900 1361.4
1256910 1354.6
1256920 1354.6
1256930 1352.5
1256940 1352.9
1256950 1352.9
1256960 1352.4
1256970 1350.6
1256980 1350.6
1256990 1347.4
1257000 1345.0
1257010 1345.0
1257020 1340.9
1257030 1334.9
1257040 1334.9
1257050 1328.8
1257060 1323.4
1257070 1323.4
1257080 1319.2
1257090 1313.7
1257100 1306.7
1257110 1306.7
1257120 1299.4
1257130 1291.7
1257140 1291.7
1257150 1287.9
1257160 1289.1
1257170 1289.1
1257180 1289.0
1257190 1286.7
1257200 1286.7
1257210 1283.7
1257220 1280.2
1257230 1280.2
1257240 1276.5
1257250 1272.5
1257260 1272.5
1257270 1268.3
1257280 1264.3
1257290 1264.3
1257300 1260.2
1257310 1255.8
1257320 1251.2
1257330 1251.2
1257340 1246.9
1257350 1242.9
1257360 1242.9
1257370 1238.3
1257380 1233.0
1257390 1233.0
1257400 1227.2
1257410 1221.4
1257420 1221.4
1257430 1212.8
1257440 1207.3
1257450 1207.3
1257460 1202.0
1257470 1196.4
1257480 1196.4
1257490 1190.5
1257500 1184.6
1257510 1184.6
1257520 1178.3
1257530 1172.9
1257540 1167.0
1257550 1167.0
1257560 1159.7
1257570 1150.8
1257580 1150.8
1257590 1141.6
1257600 1137.1
1257610 1137.1
1257620 1134.7
1257630 1128.2
1257640 1128.2
1257650 1122.2
1257660 1115.1
1257670 1115.1
1257680 1108.4
1257690 1102.1
1257700 1102.1
1257710 1096.5
1257720 1090.9
1257730 1090.9
1257740 1086.8
1257750 1082.9
1257760 1078.5
1257770 1078.5
1257780 1074.0
1257790 1070.6
1257800 1070.6
1257810 1066.7
1257820 1062.2
1257830 1062.2
1257840 1057.4
1257850 1053.1
1257860 1053.1
1257870 1048.8
1257880 1044.3
1257890 1044.3
1257900 1040.5
1257910 1038.4
1257920 1038.4
1257930 1037.3
1257940 1037.0
1257950 1037.0
1257960 1037.0
1257970 1037.2
1257980 1037.2
1257990 1038.1
1258000 1039.6
1258010 1040.3
1258020 1040.3
1258030 1040.7
1258040 1041.3
1258050 1041.3
1258060 1041.7
1258070 1041.5
1258080 1041.5
1258090 1041.5
1258100 1041.5
1258110 1041.5
1258120 1041.1
1258130 1040.8
1258140 1040.8
1258150 1040.4
1258160 1040.3
1258170 1040.3
1258180 1040.0
1258190 1039.4
1258200 1039.4
1258210 1039.0
1258220 1038.2
1258230 1036.1
1258240 1036.1
1258250 1035.9
1258260 1034.6
1258270 1034.6
1258280 1032.2
1258290 1029.5
1258300 1029.5
1258310 1027.7
1258320 1025.9
1258330 1025.9
1258340 1024.1
1258350 1022.2
1258360 1022.2
1258370 1020.4
1258380 1018.7
1258390 1018.7
1258400 1016.7
1258410 1014.2
1258420 1014.2
1258430 1012.3
1258440 1011.3
1258450 1009.8
1258460 1009.8
1258470 1008.2
1258480 1006.8
1258490 1006.8
1258500 1005.5
1258510 1004.3
1258520 1004.3
1258530 1003.1
1258540 1002.0
1258550 1002.1
1258560 1000.7
1258570 1000.0
1258580 1000.0
1258590 998.8
1258600 997.5
1258610 997.5
1258620 996.5
1258630 995.2
1258640 995.2
1258650 994.2
1258660 993.0
1258670 992.1
1258680 992.1
1258690 991.1
1258700 989.6
1258710 989.6
1258720 988.7
1258730 987.8
1258740 987.8
1258750 986.6
1258760 985.5
1258770 985.5
1258780 984.4
1258790 983.4
1258800 983.4
1258810 982.5
1258820 981.9
1258830 981.9
1258840 981.3
1258850 981.0
1258860 981.0
1258870 980.8
1258880 980.4
1258890 980.2
1258900 980.2
1258910 979.9
1258920 979.7
1258930 979.7
1258940 979.6
1258950 979.6
1258960 979.6
1258970 979.6
1258980 979.5
1258990 979.5
1259000 979.3
1259010 978.8
1259020 978.8
1259030 978.4
1259040 978.5
1259050 978.5
1259060 978.6
1259070 978.7
1259080 978.7
1259090 978.8
1259100 978.6
1259110 978.6
1259120 978.3
1259130 978.2
1259140 978.2
1259150 978.2
1259160 978.2
1259170 978.2
1259180 978.2
1259190 978.3
1259200 978.4
1259210 978.4
1259220 978.3
1259230 978.3
1259240 978.3
1259250 978.2
1259260 978.2
1259270 978.2
1259280 978.4
1259290 978.9
1259300 978.9
1259310 978.6
1259320 978.5
1259330 978.5
1259340 978.5
1259350 979.0
1259360 980.0
1259370 980.0
1259380 979.2
1259390 977.4
1259400 977.4
1259410 977.3
1259420 978.5
1259430 978.5
1259440 979.5
1259450 979.4
1259460 979.4
1259470 978.8
1259480 978.3
1259490 978.3
1259500 977.9
1259510 977.7
1259520 977.7
1259530 977.5
1259540 977.4
1259550 977.4
1259560 977.5
1259570 977.7
1259580 977.6
1259590 977.6
1259600 978.8
1259610 982.0
1259620 982.0
1259630 986.1
1259640 989.9
1259650 989.9
1259660 993.7
1259670 996.8
1259680 1002.7
1259690 1006.5
1259700 1011.0
1259710 1011.0
1259720 1015.7
1259730 1018.9
1259740 1018.9
1259750 1023.2
1259760 1028.6
1259770 1028.6
1259780 1034.2
1259790 1037.6
1259800 1039.0
1259810 1039.0
1259820 1039.7
1259830 1040.6
1259840 1040.6
1259850 1041.2
1259860 1042.0
1259870 1042.0
1259880 1043.4
1259890 1045.2
1259900 1045.2
1259910 1046.5
1259920 1047.5
1259930 1047.5
1259940 1047.9
1259950 1047.9
1259960 1047.9
1259970 1048.5
1259980 1049.6
1259990 1049.6
