1240000 1783.2
1240010 1783.2
1240020 1788.2
1240030 1793.1
1240040 1793.1
1240050 1798.2
1240060 1803.4
1240070 1803.4
1240080 1808.5
1240090 1813.7
1240100 1819.7
1240110 1819.7
1240120 1825.7
1240130 1831.1
1240140 1831.1
1240150 1836.7
1240160 1842.2
1240170 1842.2
1240180 1847.4
1240190 1852.8
1240200 1852.8
1240210 1858.5
1240220 1864.4
1240230 1864.4
1240240 1870.6
1240250 1876.7
1240260 1876.7
1240270 1882.7
1240280 1888.8
1240290 1888.8
1240300 1894.7
1240310 1900.4
1240320 1900.4
1240330 1906.0
1240340 1911.4
1240350 1917.1
1240360 1917.1
1240370 1923.5
1240380 1929.7
1240390 1929.7
1240400 1936.1
1240410 1942.3
1240420 1942.3
1240430 1948.2
1240440 1955.1
1240450 1955.1
1240460 1963.1
1240470 1970.6
1240480 1970.6
1240490 1977.5
1240500 1985.4
1240510 1985.4
1240520 1993.3
1240530 2002.0
1240540 2002.0
1240550 2011.1
1240560 2019.7
1240570 2028.4
1240580 2028.4
1240590 2035.4
1240600 2042.4
1240610 2043.2
1240620 2049.9
1240630 2057.8
1240640 2057.8
1240650 2067.1
1240660 2075.2
1240670 2075.2
1240680 2082.3
1240690 2088.6
1240700 2088.6
1240710 2095.4
1240720 2102.7
1240730 2102.7
1240740 2109.5
1240750 2115.8
1240760 2115.8
1240770 2122.7
1240780 2128.7
1240790 2133.3
1240800 2133.3
1240810 2137.5
1240820 2142.0
1240830 2142.0
1240840 2147.2
1240850 2152.1
1240860 2152.1
1240870 2156.3
1240880 2160.2
1240890 2160.2
1240900 2164.3
1240910 2169.8
1240920 2169.8
1240930 2176.6
1240940 2183.0
1240950 2183.0
1240960 2189.5
1240970 2195.4
1240980 2195.4
1240990 2200.8
1241000 2205.4
1241010 2205.4
1241020 2210.3
1241030 2217.2
1241040 2222.8
1241050 2222.8
1241060 2228.2
1241070 2234.6
1241080 2234.6
1241090 2240.7
1241100 2246.9
1241110 2246.9
1241120 2254.2
1241130 2267.1
1241140 2267.1
1241150 2278.2
1241160 2289.5
1241170 2289.5
1241180 2305.8
1241190 2329.8
1241200 2329.8
1241210 2346.4
1241220 2358.3
1241230 2358.3
1241240 2366.3
1241250 2373.7
1241260 2381.7
1241270 2381.7
1241280 2393.5
1241290 2406.8
1241300 2406.8
1241310 2422.9
1241320 2437.9
1241330 2437.9
1241340 2453.5
1241350 2462.5
1241360 2462.5
1241370 2468.6
1241380 2474.4
1241390 2474.4
1241400 2477.9
1241410 2484.4
1241420 2484.4
1241430 2490.1
1241440 2495.8
1241450 2495.8
1241460 2500.6
1241470 2502.7
1241480 2506.6
1241490 2506.6
1241500 2514.9
1241510 2523.6
1241520 2523.6
1241530 2529.0
1241540 2537.7
1241550 2537.7
1241560 2540.4
1241570 2546.1
1241580 2546.1
1241590 2553.4
1241600 2560.0
1241610 2560.0
1241620 2569.0
1241630 2579.8
1241640 2579.8
1241650 2586.4
1241660 2594.4
1241670 2594.4
1241680 2597.5
1241690 2601.1
1241700 2605.8
1241710 2605.8
1241720 2610.0
1241730 2614.5
1241740 2614.5
1241750 2619.0
1241760 2623.1
1241770 2623.1
1241780 2627.1
1241790 2631.3
1241800 2631.3
1241810 2635.4
1241820 2640.0
1241830 2640.0
1241840 2646.3
1241850 2654.2
1241860 2654.2
1241870 2667.8
1241880 2684.7
1241890 2684.7
1241900 2701.5
1241910 2718.7
1241920 2718.7
1241930 2732.2
1241940 2745.7
1241950 2758.3
1241960 2758.3
1241970 2769.8
1241980 2774.5
1241990 2774.5
1242000 2770.2
1242010 2767.2
1242020 2767.2
1242030 2764.9
1242040 2761.8
1242050 2761.8
1242060 2760.5
1242070 2759.6
1242080 2759.6
1242090 2758.9
1242100 2762.7
1242110 2762.7
1242120 2765.0
1242130 2766.1
1242140 2766.1
1242150 2767.3
1242160 2765.1
1242170 2764.0
1242180 2772.1
1242190 2773.0
1242200 2773.0
1242210 2773.0
1242220 2773.0
1242230 2773.2
1242240 2773.2
1242250 2772.0
1242260 2769.7
1242270 2769.7
1242280 2770.3
1242290 2776.4
1242300 2776.4
1242310 2778.5
1242320 2777.1
1242330 2777.1
1242340 2778.4
1242350 2780.1
1242360 2780.1
1242370 2780.9
1242380 2780.8
1242390 2781.5
1242400 2781.5
1242410 2784.5
1242420 2789.8
1242430 2789.8
1242440 2801.0
1242450 2809.6
1242460 2809.6
1242470 2808.8
1242480 2807.8
1242490 2807.8
1242500 2808.2
1242510 2808.3
1242520 2808.3
1242530 2809.3
1242540 2810.2
1242550 2810.2
1242560 2811.5
1242570 2813.1
1242580 2813.1
1242590 2813.9
1242600 2814.1
1242610 2814.1
1242620 2815.9
1242630 2818.9
1242640 2821.4
1242650 2821.4
1242660 2823.6
1242670 2825.7
1242680 2825.7
1242690 2828.6
1242700 2833.4
1242710 2833.4
1242720 2834.7
1242730 2835.7
1242740 2835.7
1242750 2835.5
1242760 2833.0
1242770 2833.0
1242780 2826.2
1242790 2814.9
1242800 2814.9
1242810 2805.0
1242820 2797.1
1242830 2797.1
1242840 2789.3
1242850 2782.7
1242860 2777.3
1242870 2777.3
1242880 2771.6
1242890 2768.7
1242900 2768.7
1242910 2770.6
1242920 2773.7
1242930 2773.7
1242940 2776.1
1242950 2777.7
1242960 2777.7
1242970 2778.5
1242980 2781.0
1242990 2781.0
1243000 2783.7
1243010 2785.1
1243020 2785.1
1243030 2789.7
1243040 2801.1
1243050 2801.1
1243060 2811.7
1243070 2819.1
1243080 2827.0
1243090 2827.0
1243100 2828.1
1243110 2829.4
1243120 2829.4
1243130 2830.0
1243140 2828.2
1243150 2828.2
1243160 2820.8
1243170 2812.3
1243180 2812.3
1243190 2804.7
1243200 2798.0
1243210 2798.0
1243220 2791.8
1243230 2786.6
1243240 2786.6
1243250 2781.6
1243260 2777.9
1243270 2777.9
1243280 2776.5
1243290 2774.8
1243300 2774.8
1243310 2774.5
1243320 2774.5
1243330 2774.0
1243340 2774.0
1243350 2771.6
1243360 2768.0
1243370 2768.0
1243380 2764.8
1243390 2761.4
1243400 2761.4
1243410 2758.1
1243420 2755.1
1243430 2755.1
1243440 2752.8
1243450 2749.9
1243460 2749.9
1243470 2746.5
1243480 2742.8
1243490 2742.8
1243500 2738.7
1243510 2735.3
1243520 2735.3
1243530 2731.5
1243540 2727.0
1243550 2721.3
1243560 2721.3
1243570 2714.5
1243580 2708.3
1243590 2708.3
1243600 2703.0
1243610 2696.2
1243620 2696.2
1243630 2687.1
1243640 2675.9
1243650 2675.9
1243660 2668.2
1243670 2663.8
1243680 2663.8
1243690 2661.3
1243700 2654.1
1243710 2654.1
1243720 2646.2
1243730 2636.6
1243740 2636.6
1243750 2620.7
1243760 2610.9
1243770 2602.5
1243780 2602.5
1243790 2595.8
1243800 2589.6
1243810 2589.6
1243820 2583.9
1243830 2578.2
1243840 2578.2
1243850 2573.0
1243860 2568.5
1243870 2568.5
1243880 2564.0
1243890 2558.9
1243900 2558.9
1243910 2554.5
1243920 2551.4
1243930 2551.4
1243940 2549.5
1243950 2548.6
1243960 2548.6
1243970 2546.9
1243980 2545.8
1243990 2543.7
1244000 2543.7
1244010 2539.9
1244020 2536.0
1244030 2536.0
1244040 2533.4
1244050 2531.6
1244060 2531.6
1244070 2526.8
1244080 2520.7
1244090 2520.7
1244100 2513.0
1244110 2503.5
1244120 2503.5
1244130 2495.6
1244140 2484.3
1244150 2484.3
1244160 2468.9
1244170 2453.4
1244180 2453.4
1244190 2440.2
1244200 2429.2
1244210 2429.2
1244220 2421.3
1244230 2414.4
1244240 2408.6
1244250 2408.6
1244260 2403.2
1244270 2400.1
1244280 2399.1
1244290 2398.1
1244300 2396.4
1244310 2396.4
1244320 2392.3
1244330 2386.7
1244340 2386.7
1244350 2380.6
1244360 2373.9
1244370 2373.9
1244380 2368.4
1244390 2363.6
1244400 2363.6
1244410 2358.7
1244420 2353.8
1244430 2353.8
1244440 2350.0
1244450 2346.4
1244460 2336.3
1244470 2336.3
1244480 2319.1
1244490 2306.2
1244500 2306.2
1244510 2296.7
1244520 2288.8
1244530 2288.8
1244540 2281.8
1244550 2275.0
1244560 2275.0
1244570 2268.5
1244580 2263.1
1244590 2263.1
1244600 2259.5
1244610 2256.9
1244620 2256.9
1244630 2253.7
1244640 2250.8
1244650 2250.8
1244660 2248.3
1244670 2245.5
1244680 2242.0
1244690 2242.0
1244700 2238.5
1244710 2235.2
1244720 2235.2
1244730 2232.2
1244740 2229.7
1244750 2229.7
1244760 2228.1
1244770 2224.4
1244780 2224.4
1244790 2221.3
1244800 2222.3
1244810 2224.8
1244820 2225.1
1244830 2225.4
1244840 2225.4
1244850 2226.7
1244860 2228.3
1244870 2228.3
1244880 2229.5
1244890 2230.7
1244900 2230.7
1244910 2232.3
1244920 2233.6
1244930 2234.8
1244940 2234.8
1244950 2237.8
1244960 2240.8
1244970 2240.8
1244980 2244.0
1244990 2247.2
1245000 2247.2
1245010 2251.5
1245020 2257.9
1245030 2257.9
1245040 2264.0
1245050 2269.6
1245060 2269.6
1245070 2272.9
1245080 2273.9
1245090 2273.9
1245100 2272.9
1245110 2269.5
1245120 2269.5
1245130 2265.8
1245140 2263.1
1245150 2260.7
1245160 2260.7
1245170 2259.7
1245180 2260.1
1245190 2260.1
1245200 2261.5
1245210 2264.5
1245220 2264.5
1245230 2267.5
1245240 2271.0
1245250 2271.0
1245260 2274.4
1245270 2277.2
1245280 2277.2
1245290 2278.2
1245300 2281.5
1245310 2281.5
1245320 2285.8
1245330 2288.8
1245340 2292.1
1245350 2294.7
1245360 2298.1
1245370 2302.7
1245380 2302.7
1245390 2307.0
1245400 2310.0
1245410 2310.0
1245420 2313.3
1245430 2317.0
1245440 2317.0
1245450 2322.5
1245460 2328.0
1245470 2328.0
1245480 2330.1
1245490 2331.8
1245500 2331.8
1245510 2332.8
1245520 2332.7
1245530 2332.7
1245540 2333.1
1245550 2333.6
1245560 2333.6
1245570 2334.2
1245580 2335.7
1245590 2335.7
1245600 2338.1
1245610 2340.4
1245620 2341.4
1245630 2341.4
1245640 2342.0
1245650 2342.7
1245660 2342.7
1245670 2343.9
1245680 2346.4
1245690 2346.4
1245700 2350.6
1245710 2355.8
1245720 2355.8
1245730 2361.6
1245740 2367.9
1245750 2367.9
1245760 2374.4
1245770 2381.3
1245780 2381.3
1245790 2388.5
1245800 2396.1
1245810 2396.1
1245820 2403.2
1245830 2410.4
1245840 2419.4
1245850 2419.4
1245860 2429.1
1245870 2437.9
1245880 2437.9
1245890 2450.2
1245900 2461.3
1245910 2461.3
1245920 2475.3
1245930 2493.6
1245940 2493.6
1245950 2509.4
1245960 2524.4
1245970 2524.4
1245980 2531.7
1245990 2539.9
1246000 2539.9
1246010 2546.1
1246020 2549.1
1246030 2549.1
1246040 2556.2
1246050 2562.2
1246060 2568.9
1246070 2568.9
1246080 2578.6
1246090 2582.4
1246100 2582.4
1246110 2583.2
1246120 2585.8
1246130 2585.8
1246140 2587.4
1246150 2589.4
1246160 2589.4
1246170 2591.4
1246180 2600.0
1246190 2600.0
1246200 2604.9
1246210 2605.9
1246220 2605.9
1246230 2601.2
1246240 2593.7
1246250 2593.7
1246260 2587.1
1246270 2581.8
1246280 2578.1
1246290 2578.1
1246300 2573.7
1246310 2568.3
1246320 2568.3
1246330 2563.2
1246340 2559.5
1246350 2559.5
1246360 2556.9
1246370 2553.3
1246380 2553.3
1246390 2549.6
1246400 2545.1
1246410 2545.1
1246420 2547.0
1246430 2548.6
1246440 2548.6
1246450 2550.0
1246460 2550.0
1246470 2550.0
1246480 2548.4
1246490 2546.9
1246500 2546.9
1246510 2545.2
1246520 2541.8
1246530 2537.5
1246540 2537.5
1246550 2533.7
1246560 2533.0
1246570 2533.0
1246580 2533.5
1246590 2533.7
1246600 2533.7
1246610 2533.9
1246620 2533.8
1246630 2533.8
1246640 2532.3
1246650 2530.2
1246660 2530.2
1246670 2527.4
1246680 2525.1
1246690 2525.1
1246700 2524.5
1246710 2526.8
1246720 2526.8
1246730 2527.2
1246740 2526.2
1246750 2526.3
1246760 2526.3
1246770 2526.1
1246780 2526.8
1246790 2526.8
1246800 2528.5
1246810 2529.9
1246820 2529.9
1246830 2537.6
1246840 2548.3
1246850 2548.3
1246860 2551.7
1246870 2551.4
1246880 2551.4
1246890 2551.8
1246900 2552.2
1246910 2552.2
1246920 2552.7
1246930 2554.7
1246940 2561.3
1246950 2569.5
1246960 2575.6
1246970 2578.6
1246980 2578.6
1246990 2584.9
1247000 2594.9
1247010 2594.9
1247020 2595.0
1247030 2589.0
1247040 2589.0
1247050 2585.8
1247060 2583.7
1247070 2583.7
1247080 2581.7
1247090 2580.6
1247100 2580.6
1247110 2581.0
1247120 2584.4
1247130 2584.4
1247140 2588.4
1247150 2589.7
1247160 2589.7
1247170 2587.3
1247180 2583.9
1247190 2583.9
1247200 2581.3
1247210 2584.4
1247220 2587.1
1247230 2587.1
1247240 2585.1
1247250 2579.4
1247260 2579.4
1247270 2573.8
1247280 2568.2
1247290 2568.2
1247300 2562.4
1247310 2557.5
1247320 2557.5
1247330 2552.2
1247340 2546.4
1247350 2546.4
1247360 2541.1
1247370 2535.7
1247380 2535.7
1247390 2530.1
1247400 2524.2
1247410 2524.2
1247420 2518.3
1247430 2512.1
1247440 2505.7
1247450 2505.7
1247460 2499.5
1247470 2490.5
1247480 2490.5
1247490 2484.8
1247500 2478.9
1247510 2478.9
1247520 2473.1
1247530 2467.3
1247540 2467.3
1247550 2461.6
1247560 2455.4
1247570 2455.4
1247580 2449.3
1247590 2443.5
1247600 2443.5
1247610 2437.5
1247620 2431.8
1247630 2431.8
1247640 2426.2
1247650 2419.1
1247660 2413.7
1247670 2413.7
1247680 2408.1
1247690 2402.1
1247700 2402.1
1247710 2397.2
1247720 2392.4
1247730 2392.4
1247740 2386.8
1247750 2381.5
1247760 2381.5
1247770 2377.0
1247780 2372.5
1247790 2372.5
1247800 2367.7
1247810 2362.5
1247820 2362.5
1247830 2356.8
1247840 2351.8
1247850 2351.8
1247860 2347.3
1247870 2342.3
1247880 2336.8
1247890 2336.8
1247900 2330.8
1247910 2325.3
1247920 2325.3
1247930 2320.7
1247940 2315.7
1247950 2315.7
1247960 2310.0
1247970 2304.4
1247980 2304.4
1247990 2298.8
1248000 2294.4
1248010 2292.2
1248020 2289.1
1248030 2286.2
1248040 2286.2
1248050 2283.2
1248060 2279.8
1248070 2279.8
1248080 2275.6
1248090 2270.9
1248100 2270.9
1248110 2266.3
1248120 2262.1
1248130 2257.4
1248140 2257.4
1248150 2252.1
1248160 2245.7
1248170 2245.7
1248180 2239.9
1248190 2236.1
1248200 2236.1
1248210 2232.1
1248220 2227.6
1248230 2227.6
1248240 2222.8
1248250 2217.0
1248260 2217.0
1248270 2212.2
1248280 2208.7
1248290 2208.7
1248300 2205.9
1248310 2202.5
1248320 2202.5
1248330 2198.0
1248340 2193.2
1248350 2187.8
1248360 2187.8
1248370 2180.9
1248380 2176.0
1248390 2176.0
1248400 2174.0
1248410 2171.7
1248420 2171.7
1248430 2169.0
1248440 2166.4
1248450 2166.4
1248460 2163.6
1248470 2159.7
1248480 2159.7
1248490 2156.4
1248500 2152.0
1248510 2152.0
1248520 2145.5
1248530 2138.7
1248540 2136.6
1248550 2132.2
1248560 2129.0
1248570 2126.3
1248580 2126.3
1248590 2123.6
1248600 2119.3
1248610 2119.3
1248620 2113.1
1248630 2106.7
1248640 2106.7
1248650 2099.6
1248660 2092.0
1248670 2092.0
1248680 2085.3
1248690 2081.1
1248700 2081.1
1248710 2076.9
1248720 2071.4
1248730 2071.4
1248740 2065.0
1248750 2058.2
1248760 2058.2
1248770 2052.0
1248780 2046.7
1248790 2046.7
1248800 2043.6
1248810 2040.3
1248820 2036.8
1248830 2036.8
1248840 2033.2
1248850 2029.8
1248860 2029.8
1248870 2027.1
1248880 2025.6
1248890 2025.6
1248900 2023.8
1248910 2021.3
1248920 2021.3
1248930 2018.2
1248940 2015.2
1248950 2015.2
1248960 2012.6
1248970 2009.6
1248980 2009.6
1248990 2005.8
1249000 2001.5
1249010 2001.5
1249020 1996.8
1249030 1992.3
1249040 1988.5
1249050 1988.5
1249060 1985.2
1249070 1982.1
1249080 1980.8
1249090 1978.1
1249100 1975.2
1249110 1975.2
1249120 1972.3
1249130 1969.0
1249140 1969.0
1249150 1964.9
1249160 1960.9
1249170 1960.9
1249180 1957.4
1249190 1953.7
1249200 1953.7
1249210 1950.4
1249220 1947.5
1249230 1947.5
1249240 1944.6
1249250 1941.7
1249260 1938.8
1249270 1938.8
1249280 1935.5
1249290 1932.4
1249300 1932.4
1249310 1929.1
1249320 1925.2
1249330 1925.2
1249340 1920.2
1249350 1914.4
1249360 1914.4
1249370 1907.3
1249380 1903.0
1249390 1903.0
1249400 1898.0
1249410 1892.8
1249420 1892.8
1249430 1887.2
1249440 1881.4
1249450 1881.4
1249460 1874.7
1249470 1867.8
1249480 1867.8
1249490 1860.9
1249500 1855.5
1249510 1851.6
1249520 1851.6
1249530 1847.7
1249540 1841.6
1249550 1841.6
1249560 1833.8
1249570 1826.8
1249580 1826.8
1249590 1821.0
1249600 1816.5
1249610 1816.5
1249620 1807.1
1249630 1801.2
1249640 1801.2
1249650 1795.8
1249660 1789.6
1249670 1789.6
1249680 1782.5
1249690 1774.9
1249700 1774.9
1249710 1767.2
1249720 1759.7
1249730 1752.7
1249740 1752.7
1249750 1745.8
1249760 1739.1
1249770 1739.1
1249780 1732.3
1249790 1725.6
1249800 1725.6
1249810 1719.1
1249820 1712.7
1249830 1712.7
1249840 1706.3
1249850 1701.5
1249860 1701.5
1249870 1698.9
1249880 1695.9
1249890 1695.9
1249900 1693.5
1249910 1692.9
1249920 1692.9
1249930 1694.3
1249940 1695.3
1249950 1696.4
1249960 1696.4
1249970 1698.7
1249980 1700.6
1249990 1700.6
1250000 1701.7
1250010 1702.5
1250020 1702.5
1250030 1703.2
1250040 1702.6
1250050 1702.6
1250060 1700.5
1250070 1698.7
1250080 1698.7
1250090 1697.9
1250100 1697.9
1250110 1697.9
1250120 1698.1
1250130 1697.4
1250140 1697.4
1250150 1696.7
1250160 1693.4
1250170 1692.6
1250180 1692.6
1250190 1691.8
1250200 1690.9
1250210 1690.9
1250220 1690.5
1250230 1690.0
1250240 1690.0
1250250 1689.2
1250260 1687.7
1250270 1687.7
1250280 1686.0
1250290 1684.7
1250300 1684.7
1250310 1682.8
1250320 1680.4
1250330 1680.4
1250340 1677.9
1250350 1675.0
1250360 1675.0
1250370 1671.9
1250380 1668.8
1250390 1668.8
1250400 1663.8
1250410 1656.7
1250420 1652.9
1250430 1652.9
1250440 1652.8
1250450 1648.7
1250460 1648.7
1250470 1640.5
1250480 1637.1
1250490 1637.1
1250500 1633.0
1250510 1626.9
1250520 1626.9
1250530 1622.1
1250540 1616.3
1250550 1616.3
1250560 1609.7
1250570 1604.4
1250580 1604.4
1250590 1599.8
1250600 1592.5
1250610 1592.5
1250620 1586.6
1250630 1585.7
1250640 1589.0
1250650 1589.0
1250660 1592.4
1250670 1591.5
1250680 1591.5
1250690 1586.9
1250700 1582.0
1250710 1577.1
1250720 1573.3
1250730 1569.9
1250740 1569.9
1250750 1567.4
1250760 1565.1
1250770 1565.1
1250780 1562.8
1250790 1561.3
1250800 1561.3
1250810 1559.9
1250820 1558.1
1250830 1558.1
1250840 1555.4
1250850 1551.0
1250860 1546.7
1250870 1546.7
1250880 1544.7
1250890 1544.3
1250900 1544.3
1250910 1542.5
1250920 1539.8
1250930 1539.8
1250940 1537.3
1250950 1535.3
1250960 1535.3
1250970 1533.0
1250980 1530.6
1250990 1530.6
1251000 1528.1
1251010 1526.1
1251020 1526.1
1251030 1523.4
1251040 1519.4
1251050 1519.4
1251060 1515.7
1251070 1510.9
1251080 1510.9
1251090 1505.5
1251100 1502.7
1251110 1501.9
1251120 1501.9
1251130 1501.2
1251140 1500.6
1251150 1500.6
1251160 1499.8
1251170 1499.1
1251180 1499.1
1251190 1497.8
1251200 1495.5
1251210 1495.5
1251220 1492.5
1251230 1489.5
1251240 1489.5
1251250 1484.9
1251260 1482.0
1251270 1482.0
1251280 1479.0
1251290 1476.7
1251300 1476.7
1251310 1475.4
1251320 1473.5
1251330 1469.5
1251340 1469.5
1251350 1466.2
1251360 1467.5
1251370 1467.5
1251380 1465.8
1251390 1463.0
1251400 1463.0
1251410 1460.4
1251420 1457.4
1251430 1457.4
1251440 1454.1
1251450 1451.1
1251460 1451.1
1251470 1448.6
1251480 1446.7
1251490 1446.7
1251500 1444.9
1251510 1442.7
1251520 1442.7
1251530 1440.9
1251540 1438.8
1251550 1436.8
1251560 1436.8
1251570 1434.5
1251580 1432.4
1251590 1432.4
1251600 1430.8
1251610 1429.0
1251620 1429.0
1251630 1428.0
1251640 1427.3
1251650 1427.3
1251660 1426.5
1251670 1425.1
1251680 1425.1
1251690 1423.8
1251700 1422.7
1251710 1422.7
1251720 1421.9
1251730 1421.3
1251740 1421.3
1251750 1420.4
1251760 1419.2
1251770 1418.4
1251780 1418.4
1251790 1416.7
1251800 1417.9
1251810 1417.9
1251820 1417.7
1251830 1415.3
1251840 1415.3
1251850 1415.2
1251860 1413.9
1251870 1413.9
1251880 1413.2
1251890 1411.9
1251900 1411.9
1251910 1411.3
1251920 1410.6
1251930 1410.6
1251940 1410.0
1251950 1409.3
1251960 1409.3
1251970 1408.6
1251980 1408.1
1251990 1408.1
1252000 1407.6
1252010 1407.0
1252020 1406.4
1252030 1406.4
1252040 1406.3
1252050 1406.7
1252060 1406.7
1252070 1406.9
1252080 1406.9
1252090 1406.9
1252100 1407.4
1252110 1407.7
1252120 1407.7
1252130 1406.9
1252140 1405.4
1252150 1405.4
1252160 1404.4
1252170 1402.6
1252180 1402.6
1252190 1400.5
1252200 1400.6
1252210 1400.6
1252220 1401.8
1252230 1403.4
1252240 1404.7
1252250 1404.7
1252260 1405.9
1252270 1407.0
1252280 1407.0
1252290 1408.1
1252300 1409.1
1252310 1409.1
1252320 1409.8
1252330 1410.1
1252340 1404.6
1252350 1402.7
1252360 1397.6
1252370 1397.6
1252380 1393.5
1252390 1392.0
1252400 1392.0
1252410 1389.5
1252420 1388.2
1252430 1388.2
1252440 1384.2
1252450 1382.0
1252460 1382.1
1252470 1382.1
1252480 1381.6
1252490 1377.2
1252500 1377.2
1252510 1374.6
1252520 1375.6
1252530 1375.6
1252540 1379.7
1252550 1380.0
1252560 1380.0
1252570 1376.1
1252580 1371.7
1252590 1371.7
1252600 1372.9
1252610 1373.1
1252620 1373.1
1252630 1370.7
1252640 1372.5
1252650 1372.5
1252660 1372.3
1252670 1371.8
1252680 1371.8
1252690 1371.6
1252700 1370.7
1252710 1368.7
1252720 1368.7
1252730 1369.7
1252740 1370.3
1252750 1370.3
1252760 1370.1
1252770 1370.9
1252780 1370.9
1252790 1370.2
1252800 1369.3
1252810 1369.3
1252820 1368.2
1252830 1367.5
1252840 1367.5
1252850 1369.0
1252860 1373.8
1252870 1373.8
1252880 1378.5
1252890 1374.4
1252900 1374.4
1252910 1372.9
1252920 1370.4
1252930 1368.5
1252940 1368.5
1252950 1367.8
1252960 1364.7
1252970 1364.7
1252980 1359.6
1252990 1358.5
1253000 1358.5
1253010 1360.6
1253020 1361.8
1253030 1361.8
1253040 1364.3
1253050 1364.9
1253060 1364.9
1253070 1363.7
1253080 1362.5
1253090 1362.5
1253100 1359.6
1253110 1354.4
1253120 1354.4
1253130 1353.5
1253140 1358.0
1253150 1363.7
1253160 1363.7
1253170 1367.1
1253180 1369.3
1253190 1369.3
1253200 1371.2
1253210 1371.9
1253220 1371.9
1253230 1371.2
1253240 1367.7
1253250 1367.7
1253260 1366.7
1253270 1367.7
1253280 1367.7
1253290 1367.5
1253300 1363.0
1253310 1363.0
1253320 1357.4
1253330 1355.4
1253340 1355.4
1253350 1355.9
1253360 1358.2
1253370 1361.6
1253380 1361.6
1253390 1362.5
1253400 1362.2
1253410 1362.2
1253420 1362.0
1253430 1362.0
1253440 1355.5
1253450 1355.1
1253460 1354.0
1253470 1354.0
1253480 1354.6
1253490 1356.3
1253500 1356.3
1253510 1357.6
1253520 1356.5
1253530 1356.5
1253540 1353.9
1253550 1352.4
1253560 1352.4
1253570 1352.7
1253580 1353.7
1253590 1353.7
1253600 1354.7
1253610 1356.7
1253620 1357.1
1253630 1357.1
1253640 1353.9
1253650 1349.0
1253660 1349.0
1253670 1344.9
1253680 1342.4
1253690 1342.4
1253700 1342.1
1253710 1343.2
1253720 1343.2
1253730 1343.3
1253740 1340.7
1253750 1340.7
1253760 1342.0
1253770 1343.7
1253780 1343.7
1253790 1344.0
1253800 1344.8
1253810 1344.8
1253820 1346.2
1253830 1349.8
1253840 1354.0
1253850 1354.0
1253860 1358.0
1253870 1361.5
1253880 1361.5
1253890 1365.2
1253900 1368.3
1253910 1368.3
1253920 1364.5
1253930 1355.5
1253940 1355.5
1253950 1348.1
1253960 1343.9
1253970 1343.9
1253980 1343.5
1253990 1344.1
1254000 1344.1
1254010 1351.7
1254020 1360.8
1254030 1360.8
1254040 1370.6
1254050 1379.5
1254060 1383.7
1254070 1383.7
1254080 1385.2
1254090 1386.0
1254100 1386.0
1254110 1386.3
1254120 1384.0
1254130 1384.0
1254140 1385.0
1254150 1387.1
1254160 1387.1
1254170 1387.6
1254180 1389.6
1254190 1389.6
1254200 1390.9
1254210 1389.9
1254220 1389.9
1254230 1388.6
1254240 1391.9
1254250 1391.9
1254260 1396.9
1254270 1400.6
1254280 1400.6
1254290 1403.8
1254300 1407.7
1254310 1408.9
1254320 1408.9
1254330 1405.4
1254340 1402.0
1254350 1402.0
1254360 1401.6
1254370 1401.9
1254380 1401.9
1254390 1405.2
1254400 1410.8
1254410 1410.8
1254420 1418.5
1254430 1425.6
1254440 1425.6
1254450 1431.3
1254460 1436.5
1254470 1436.5
1254480 1441.3
1254490 1446.9
1254500 1446.9
1254510 1454.3
1254520 1464.2
1254530 1473.5
1254540 1463.9
1254550 1474.7
1254560 1483.5
1254570 1483.5
1254580 1490.2
1254590 1496.0
1254600 1496.0
1254610 1504.3
1254620 1512.1
1254630 1512.1
1254640 1516.4
1254650 1521.7
1254660 1521.7
1254670 1525.1
1254680 1518.0
1254690 1518.0
1254700 1508.6
1254710 1511.4
1254720 1511.4
1254730 1511.5
1254740 1491.3
1254750 1472.9
1254760 1472.9
1254770 1459.4
1254780 1457.6
1254790 1457.6
1254800 1464.7
1254810 1476.7
1254820 1476.7
1254830 1486.7
1254840 1495.3
1254850 1495.3
1254860 1504.1
1254870 1514.6
1254880 1514.6
1254890 1524.4
1254900 1531.8
1254910 1531.8
1254920 1541.1
1254930 1548.8
1254940 1548.8
1254950 1557.6
1254960 1568.1
1254970 1577.9
1254980 1577.9
1254990 1588.0
1255000 1598.8
1255010 1598.8
1255020 1605.3
1255030 1614.0
1255040 1614.0
1255050 1625.1
1255060 1634.4
1255070 1634.4
1255080 1643.1
1255090 1655.2
1255100 1655.2
1255110 1664.6
1255120 1673.6
1255130 1673.6
1255140 1681.0
1255150 1687.8
1255160 1687.8
1255170 1692.8
1255180 1698.0
1255190 1698.0
1255200 1704.9
1255210 1712.2
1255220 1721.0
1255230 1721.0
1255240 1730.8
1255250 1740.3
1255260 1740.3
1255270 1748.3
1255280 1756.8
1255290 1756.8
1255300 1763.2
1255310 1769.5
1255320 1769.5
1255330 1775.7
1255340 1781.3
1255350 1781.3
1255360 1787.1
1255370 1793.3
1255380 1793.3
1255390 1799.7
1255400 1805.9
1255410 1805.9
1255420 1812.3
1255430 1817.9
1255440 1822.9
1255450 1822.9
1255460 1828.6
1255470 1835.5
1255480 1835.5
1255490 1842.7
1255500 1846.8
1255510 1846.8
1255520 1850.3
1255530 1854.0
1255540 1854.0
1255550 1858.2
1255560 1863.4
1255570 1863.4
1255580 1869.4
1255590 1875.7
1255600 1875.7
1255610 1882.2
1255620 1888.2
1255630 1888.2
1255640 1893.6
1255650 1899.5
1255660 1905.3
1255670 1905.3
1255680 1910.7
1255690 1915.9
1255700 1915.9
1255710 1919.5
1255720 1923.2
1255730 1923.2
1255740 1930.4
1255750 1937.8
1255760 1937.8
1255770 1943.8
1255780 1949.5
1255790 1949.5
1255800 1954.5
1255810 1958.5
1255820 1958.5
1255830 1961.8
1255840 1965.5
1255850 1965.5
1255860 1969.4
1255870 1971.3
1255880 1971.3
1255890 1973.2
1255900 1976.5
1255910 1979.0
1255920 1979.0
1255930 1981.2
1255940 1981.3
1255950 1981.3
1255960 1981.0
1255970 1982.1
1255980 1982.1
1255990 1983.7
1256000 1985.0
1256010 1985.0
1256020 1985.2
1256030 1984.7
1256040 1984.7
1256050 1984.7
1256060 1984.6
1256070 1984.6
1256080 1983.9
1256090 1979.8
1256100 1979.8
1256110 1968.7
1256120 1962.6
1256130 1957.9
1256140 1957.9
1256150 1954.0
1256160 1948.9
1256170 1948.9
1256180 1943.3
1256190 1939.6
1256200 1935.3
1256210 1929.1
1256220 1921.6
1256230 1921.6
1256240 1913.0
1256250 1901.0
1256260 1901.0
1256270 1888.6
1256280 1882.4
1256290 1882.4
1256300 1875.9
1256310 1868.3
1256320 1868.3
1256330 1861.7
1256340 1855.7
1256350 1849.1
1256360 1849.1
1256370 1843.1
1256380 1837.4
1256390 1837.4
1256400 1832.4
1256410 1827.9
1256420 1827.9
1256430 1824.1
1256440 1819.5
1256450 1819.5
1256460 1814.0
1256470 1809.1
1256480 1809.1
1256490 1805.3
1256500 1802.1
1256510 1802.1
1256520 1798.2
1256530 1792.9
1256540 1792.9
1256550 1787.1
1256560 1781.1
1256570 1774.9
1256580 1774.9
1256590 1768.7
1256600 1762.7
1256610 1762.7
1256620 1756.9
1256630 1751.8
1256640 1751.8
1256650 1746.7
1256660 1740.4
1256670 1740.4
1256680 1734.4
1256690 1727.3
1256700 1727.3
1256710 1721.4
1256720 1714.9
1256730 1714.9
1256740 1708.1
1256750 1697.2
1256760 1697.2
1256770 1690.1
1256780 1683.3
1256790 1683.3
1256800 1676.6
1256810 1669.5
1256820 1662.0
1256830 1662.0
1256840 1654.8
1256850 1648.3
1256860 1648.3
1256870 1642.0
1256880 1635.2
1256890 1635.2
1256900 1629.1
1256910 1622.7
1256920 1622.7
1256930 1616.5
1256940 1610.5
1256950 1610.5
1256960 1603.4
1256970 1595.6
1256980 1595.6
1256990 1587.7
1257000 1580.2
1257010 1580.2
1257020 1572.9
1257030 1565.8
1257040 1559.1
1257050 1559.1
1257060 1551.0
1257070 1542.0
1257080 1542.0
1257090 1531.7
1257100 1522.8
1257110 1522.8
1257120 1514.4
1257130 1505.9
1257140 1505.9
1257150 1497.7
1257160 1489.4
1257170 1489.4
1257180 1480.7
1257190 1471.2
1257200 1471.2
1257210 1461.1
1257220 1452.6
1257230 1452.6
1257240 1441.3
1257250 1436.4
1257260 1436.4
1257270 1436.4
1257280 1444.0
1257290 1451.6
1257300 1451.6
1257310 1442.9
1257320 1445.3
1257330 1445.3
1257340 1450.0
1257350 1457.6
1257360 1457.6
1257370 1464.0
1257380 1471.1
1257390 1471.1
1257400 1476.1
1257410 1475.5
1257420 1475.5
1257430 1475.5
1257440 1477.0
1257450 1477.0
1257460 1473.0
1257470 1470.8
1257480 1470.8
1257490 1467.5
1257500 1465.2
1257510 1465.2
1257520 1465.2
1257530 1464.7
1257540 1466.2
1257550 1466.2
1257560 1470.7
1257570 1475.5
1257580 1475.5
1257590 1478.4
1257600 1478.8
1257610 1478.8
1257620 1477.4
1257630 1475.1
1257640 1475.1
1257650 1473.3
1257660 1472.4
1257670 1472.4
1257680 1471.6
1257690 1470.4
1257700 1470.4
1257710 1470.4
1257720 1466.2
1257730 1465.3
1257740 1465.3
1257750 1465.3
1257760 1467.0
1257770 1467.0
1257780 1467.0
1257790 1466.1
1257800 1466.1
1257810 1465.4
1257820 1463.2
1257830 1463.2
1257840 1461.3
1257850 1458.8
1257860 1458.8
1257870 1451.0
1257880 1447.9
1257890 1447.9
1257900 1443.3
1257910 1438.2
1257920 1438.2
1257930 1433.3
1257940 1429.0
1257950 1425.2
1257960 1425.2
1257970 1423.2
1257980 1421.8
1257990 1421.8
1258000 1418.9
1258010 1414.9
1258020 1414.9
1258030 1410.1
1258040 1404.9
1258050 1404.9
1258060 1399.6
1258070 1394.9
1258080 1394.9
1258090 1389.8
1258100 1382.8
1258110 1382.8
1258120 1374.8
1258130 1368.7
1258140 1368.7
1258150 1365.2
1258160 1363.3
1258170 1361.2
1258180 1361.2
1258190 1357.9
1258200 1353.3
1258210 1353.3
1258220 1347.9
1258230 1341.6
1258240 1341.6
1258250 1335.0
1258260 1330.7
1258270 1330.7
1258280 1327.8
1258290 1323.1
1258300 1323.1
1258310 1315.9
1258320 1307.7
1258330 1307.7
1258340 1299.1
1258350 1291.3
1258360 1291.3
1258370 1288.1
1258380 1289.9
1258390 1289.9
1258400 1290.7
1258410 1289.6
1258420 1287.4
1258430 1282.5
1258440 1281.9
1258450 1280.8
1258460 1280.8
1258470 1280.4
1258480 1281.3
1258490 1281.3
1258500 1281.6
1258510 1280.1
1258520 1280.1
1258530 1278.4
1258540 1275.6
1258550 1275.6
1258560 1271.8
1258570 1266.3
1258580 1266.3
1258590 1260.2
1258600 1254.6
1258610 1254.6
1258620 1248.6
1258630 1242.1
1258640 1242.6
1258650 1242.6
1258660 1245.7
1258670 1246.3
1258680 1246.3
1258690 1245.8
1258700 1245.6
1258710 1245.6
1258720 1243.2
1258730 1239.5
1258740 1239.5
1258750 1236.8
1258760 1235.9
1258770 1235.9
1258780 1234.2
1258790 1232.9
1258800 1232.9
1258810 1232.7
1258820 1231.3
1258830 1231.3
1258840 1228.7
1258850 1225.2
1258860 1223.0
1258870 1223.0
1258880 1220.8
1258890 1217.2
1258900 1217.2
1258910 1213.3
1258920 1211.4
1258930 1211.4
1258940 1207.9
1258950 1203.7
1258960 1203.7
1258970 1200.2
1258980 1194.7
1258990 1187.4
1259000 1181.6
1259010 1176.5
1259020 1176.5
1259030 1171.6
1259040 1165.8
1259050 1165.8
1259060 1159.0
1259070 1153.0
1259080 1147.0
1259090 1147.0
1259100 1141.2
1259110 1135.9
1259120 1135.9
1259130 1130.6
1259140 1126.0
1259150 1126.0
1259160 1122.2
1259170 1119.5
1259180 1119.5
1259190 1117.5
1259200 1115.4
1259210 1115.4
1259220 1113.3
1259230 1112.7
1259240 1112.7
1259250 1114.0
1259260 1114.9
1259270 1114.9
1259280 1111.5
1259290 1105.2
1259300 1105.2
1259310 1098.3
1259320 1092.6
1259330 1086.5
1259340 1086.5
1259350 1081.4
1259360 1077.0
1259370 1077.0
1259380 1072.4
1259390 1066.5
1259400 1066.5
1259410 1062.3
1259420 1060.4
1259430 1060.4
1259440 1058.5
1259450 1055.5
1259460 1055.5
1259470 1051.0
1259480 1047.2
1259490 1047.2
1259500 1043.9
1259510 1040.6
1259520 1040.6
1259530 1036.9
1259540 1032.9
1259550 1029.6
1259560 1025.6
1259570 1022.4
1259580 1019.2
1259590 1019.2
1259600 1016.3
1259610 1013.6
1259620 1013.6
1259630 1010.8
1259640 1007.7
1259650 1007.7
1259660 1004.3
1259670 1000.7
1259680 1000.7
1259690 996.8
1259700 993.2
1259710 993.2
1259720 989.9
1259730 986.0
1259740 986.0
1259750 981.8
1259760 978.1
1259770 975.0
1259780 975.0
1259790 972.9
1259800 972.4
1259810 972.4
1259820 972.1
1259830 971.8
1259840 971.8
1259850 971.8
1259860 972.2
1259870 972.2
1259880 972.2
1259890 971.4
1259900 971.4
1259910 970.8
1259920 971.3
1259930 971.3
1259940 971.4
1259950 970.5
1259960 970.5
1259970 970.1
1259980 969.9
1259990 969.9
