1240000 1769.5
1240010 1777.2
1240020 1777.2
1240030 1785.0
1240040 1792.6
1240050 1799.5
1240060 1799.3
1240070 1805.4
1240080 1810.4
1240090 1810.4
1240100 1814.8
1240110 1821.1
1240120 1821.1
1240130 1828.5
1240140 1835.5
1240150 1835.5
1240160 1842.4
1240170 1847.4
1240180 1847.4
1240190 1852.3
1240200 1857.4
1240210 1857.4
1240220 1862.3
1240230 1867.1
1240240 1867.1
1240250 1872.0
1240260 1877.1
1240270 1882.2
1240280 1882.2
1240290 1887.4
1240300 1892.5
1240310 1892.5
1240320 1897.3
1240330 1902.3
1240340 1902.3
1240350 1907.5
1240360 1913.0
1240370 1913.0
1240380 1918.4
1240390 1923.7
1240400 1923.7
1240410 1929.0
1240420 1934.8
1240430 1934.8
1240440 1940.6
1240450 1946.4
1240460 1946.4
1240470 1952.5
1240480 1958.0
1240490 1958.0
1240500 1963.3
1240510 1968.8
1240520 1974.1
1240530 1974.1
1240540 1979.9
1240550 1985.7
1240560 1985.7
1240570 1991.3
1240580 1998.8
1240590 1998.8
1240600 2005.3
1240610 2009.2
1240620 2009.2
1240630 2013.2
1240640 2020.1
1240650 2020.1
1240660 2028.1
1240670 2036.6
1240680 2036.6
1240690 2045.5
1240700 2054.3
1240710 2054.3
1240720 2063.1
1240730 2069.1
1240740 2073.1
1240750 2073.1
1240760 2076.8
1240770 2081.2
1240780 2081.2
1240790 2086.3
1240800 2093.4
1240810 2093.4
1240820 2100.9
1240830 2108.0
1240840 2108.0
1240850 2115.0
1240860 2122.2
1240870 2122.2
1240880 2129.4
1240890 2137.2
1240900 2137.2
1240910 2145.3
1240920 2153.7
1240930 2153.7
1240940 2161.9
1240950 2169.8
1240960 2178.7
1240970 2178.7
1240980 2187.4
1240990 2193.3
1241000 2193.3
1241010 2196.9
1241020 2198.3
1241030 2198.3
1241040 2199.7
1241050 2203.8
1241060 2203.8
1241070 2210.7
1241080 2218.5
1241090 2218.5
1241100 2228.6
1241110 2240.2
1241120 2240.2
1241130 2252.6
1241140 2258.5
1241150 2258.5
1241160 2263.4
1241170 2268.6
1241180 2268.6
1241190 2280.6
1241200 2286.9
1241210 2300.0
1241220 2300.0
1241230 2310.4
1241240 2318.6
1241250 2318.6
1241260 2330.9
1241270 2335.8
1241280 2335.8
1241290 2341.7
1241300 2356.9
1241310 2356.9
1241320 2367.7
1241330 2376.4
1241340 2376.4
1241350 2381.6
1241360 2385.9
1241370 2385.9
1241380 2393.5
1241390 2401.8
1241400 2401.8
1241410 2409.6
1241420 2418.6
1241430 2427.7
1241440 2427.7
1241450 2438.7
1241460 2451.0
1241470 2451.0
1241480 2467.0
1241490 2478.0
1241500 2478.0
1241510 2484.2
1241520 2496.4
1241530 2496.4
1241540 2514.5
1241550 2529.1
1241560 2529.1
1241570 2539.4
1241580 2547.8
1241590 2547.8
1241600 2562.1
1241610 2576.5
1241620 2576.5
1241630 2598.9
1241640 2612.2
1241650 2625.4
1241660 2625.4
1241670 2638.3
1241680 2647.9
1241690 2647.9
1241700 2657.0
1241710 2665.0
1241720 2665.0
1241730 2670.4
1241740 2669.4
1241750 2669.4
1241760 2662.7
1241770 2654.1
1241780 2654.1
1241790 2649.8
1241800 2647.3
1241810 2647.3
1241820 2644.4
1241830 2641.9
1241840 2641.9
1241850 2641.3
1241860 2641.1
1241870 2639.0
1241880 2639.0
1241890 2637.3
1241900 2636.9
1241910 2636.9
1241920 2640.6
1241930 2641.9
1241940 2641.9
1241950 2644.8
1241960 2647.0
1241970 2647.0
1241980 2646.3
1241990 2645.3
1242000 2645.3
1242010 2643.6
1242020 2645.9
1242030 2645.9
1242040 2648.1
1242050 2647.4
1242060 2647.4
1242070 2647.4
1242080 2646.5
1242090 2646.5
1242100 2647.1
1242110 2649.0
1242120 2652.0
1242130 2652.0
1242140 2654.2
1242150 2661.7
1242160 2661.7
1242170 2666.1
1242180 2668.5
1242190 2668.5
1242200 2670.8
1242210 2675.0
1242220 2675.0
1242230 2677.3
1242240 2676.6
1242250 2676.6
1242260 2675.0
1242270 2674.3
1242280 2674.3
1242290 2672.5
1242300 2671.1
1242310 2671.1
1242320 2671.2
1242330 2672.6
1242340 2674.7
1242350 2674.7
1242360 2674.6
1242370 2675.8
1242380 2675.8
1242390 2679.9
1242400 2684.8
1242410 2684.8
1242420 2689.2
1242430 2694.4
1242440 2694.4
1242450 2704.5
1242460 2709.8
1242470 2709.8
1242480 2711.8
1242490 2712.4
1242500 2712.4
1242510 2712.1
1242520 2711.6
1242530 2711.6
1242540 2710.8
1242550 2710.0
1242560 2709.5
1242570 2709.5
1242580 2708.5
1242590 2707.4
1242600 2707.4
1242610 2708.1
1242620 2709.2
1242630 2709.2
1242640 2708.1
1242650 2707.9
1242660 2707.9
1242670 2714.3
1242680 2714.8
1242690 2714.8
1242700 2716.5
1242710 2719.9
1242720 2719.9
1242730 2722.8
1242740 2725.7
1242750 2725.7
1242760 2730.6
1242770 2737.2
1242780 2737.2
1242790 2743.3
1242800 2749.1
1242810 2750.4
1242820 2750.4
1242830 2750.9
1242840 2750.7
1242850 2750.7
1242860 2747.8
1242870 2740.6
1242880 2740.6
1242890 2729.6
1242900 2720.4
1242910 2720.4
1242920 2715.0
1242930 2710.9
1242940 2710.9
1242950 2706.2
1242960 2701.3
1242970 2701.3
1242980 2699.8
1242990 2703.7
1243000 2703.7
1243010 2707.9
1243020 2709.1
1243030 2708.2
1243040 2708.2
1243050 2706.8
1243060 2706.6
1243070 2706.6
1243080 2707.8
1243090 2707.9
1243100 2707.9
1243110 2710.2
1243120 2716.5
1243130 2716.5
1243140 2729.9
1243150 2745.9
1243160 2745.9
1243170 2754.2
1243180 2760.0
1243190 2760.0
1243200 2760.5
1243210 2753.2
1243220 2753.2
1243230 2745.8
1243240 2738.9
1243250 2732.1
1243260 2732.1
1243270 2725.4
1243280 2719.2
1243290 2719.2
1243300 2713.2
1243310 2708.1
1243320 2708.1
1243330 2704.1
1243340 2699.4
1243350 2699.4
1243360 2694.1
1243370 2688.4
1243380 2688.4
1243390 2683.4
1243400 2679.3
1243410 2679.3
1243420 2673.5
1243430 2668.4
1243440 2668.4
1243450 2665.6
1243460 2661.8
1243470 2661.8
1243480 2657.9
1243490 2653.9
1243500 2650.1
1243510 2650.1
1243520 2646.3
1243530 2641.6
1243540 2641.6
1243550 2636.6
1243560 2630.4
1243570 2630.4
1243580 2624.7
1243590 2620.4
1243600 2620.4
1243610 2617.4
1243620 2614.1
1243630 2614.1
1243640 2610.7
1243650 2608.3
1243660 2608.3
1243670 2606.6
1243680 2604.6
1243690 2604.6
1243700 2601.2
1243710 2596.7
1243720 2602.6
1243730 2602.6
1243740 2592.5
1243750 2581.8
1243760 2581.8
1243770 2572.6
1243780 2565.9
1243790 2565.9
1243800 2560.2
1243810 2554.0
1243820 2554.0
1243830 2548.4
1243840 2541.4
1243850 2541.4
1243860 2535.0
1243870 2529.6
1243880 2529.6
1243890 2521.1
1243900 2507.1
1243910 2507.1
1243920 2497.2
1243930 2490.1
1243940 2482.6
1243950 2482.6
1243960 2476.4
1243970 2470.5
1243980 2470.5
1243990 2464.8
1244000 2458.9
1244010 2458.9
1244020 2452.6
1244030 2445.6
1244040 2445.6
1244050 2438.6
1244060 2432.4
1244070 2432.4
1244080 2426.6
1244090 2421.5
1244100 2421.5
1244110 2417.9
1244120 2415.7
1244130 2415.7
1244140 2414.0
1244150 2412.5
1244160 2412.5
1244170 2410.6
1244180 2408.9
1244190 2406.7
1244200 2406.7
1244210 2404.1
1244220 2402.1
1244230 2402.1
1244240 2399.8
1244250 2394.8
1244260 2394.8
1244270 2391.9
1244280 2387.6
1244290 2387.6
1244300 2382.6
1244310 2376.6
1244320 2376.6
1244330 2370.6
1244340 2364.4
1244350 2364.4
1244360 2357.9
1244370 2351.5
1244380 2351.5
1244390 2343.8
1244400 2337.6
1244410 2333.0
1244420 2333.0
1244430 2329.8
1244440 2327.9
1244450 2327.9
1244460 2327.5
1244470 2326.2
1244480 2326.2
1244490 2322.9
1244500 2317.8
1244510 2317.8
1244520 2312.2
1244530 2307.1
1244540 2307.1
1244550 2301.1
1244560 2294.4
1244570 2294.4
1244580 2288.5
1244590 2283.5
1244600 2283.5
1244610 2278.5
1244620 2273.6
1244630 2268.4
1244640 2268.4
1244650 2262.7
1244660 2257.0
1244670 2257.0
1244680 2251.4
1244690 2246.3
1244700 2246.3
1244710 2241.2
1244720 2235.3
1244730 2235.3
1244740 2229.5
1244750 2223.9
1244760 2223.9
1244770 2218.7
1244780 2214.2
1244790 2214.2
1244800 2210.8
1244810 2208.3
1244820 2208.3
1244830 2205.9
1244840 2203.6
1244850 2200.5
1244860 2200.5
1244870 2197.7
1244880 2195.7
1244890 2195.7
1244900 2193.7
1244910 2192.1
1244920 2192.1
1244930 2190.2
1244940 2190.3
1244950 2190.3
1244960 2191.3
1244970 2191.1
1244980 2191.1
1244990 2190.5
1245000 2189.4
1245010 2189.4
1245020 2187.8
1245030 2186.0
1245040 2186.0
1245050 2183.9
1245060 2183.3
1245070 2183.3
1245080 2184.1
1245090 2185.1
1245100 2186.0
1245110 2186.0
1245120 2187.7
1245130 2189.7
1245140 2189.7
1245150 2191.5
1245160 2194.4
1245170 2194.4
1245180 2198.7
1245190 2202.2
1245200 2202.2
1245210 2204.6
1245220 2209.5
1245230 2209.5
1245240 2215.7
1245250 2221.4
1245260 2221.4
1245270 2226.1
1245280 2230.7
1245290 2230.7
1245300 2235.0
1245310 2241.2
1245320 2244.7
1245330 2244.7
1245340 2247.4
1245350 2249.5
1245360 2249.5
1245370 2251.2
1245380 2253.4
1245390 2253.4
1245400 2256.8
1245410 2261.4
1245420 2261.4
1245430 2264.8
1245440 2267.6
1245450 2267.6
1245460 2271.0
1245470 2274.5
1245480 2274.5
1245490 2279.4
1245500 2285.0
1245510 2285.0
1245520 2290.3
1245530 2296.0
1245540 2299.6
1245550 2299.6
1245560 2301.9
1245570 2303.4
1245580 2303.4
1245590 2304.6
1245600 2306.0
1245610 2306.0
1245620 2307.9
1245630 2309.4
1245640 2309.4
1245650 2311.5
1245660 2314.3
1245670 2314.3
1245680 2317.7
1245690 2322.2
1245700 2322.2
1245710 2327.0
1245720 2331.2
1245730 2331.2
1245740 2334.9
1245750 2339.3
1245760 2339.3
1245770 2345.8
1245780 2355.1
1245790 2366.5
1245800 2366.5
1245810 2377.4
1245820 2386.3
1245830 2386.3
1245840 2397.0
1245850 2401.5
1245860 2401.5
1245870 2404.1
1245880 2405.5
1245890 2405.5
1245900 2407.4
1245910 2410.1
1245920 2410.1
1245930 2411.9
1245940 2418.3
1245950 2418.3
1245960 2424.9
1245970 2430.6
1245980 2430.6
1245990 2437.5
1246000 2443.4
1246010 2448.1
1246020 2448.1
1246030 2453.8
1246040 2457.8
1246050 2457.8
1246060 2466.0
1246070 2478.2
1246080 2478.2
1246090 2483.8
1246100 2490.1
1246110 2490.1
1246120 2497.2
1246130 2498.7
1246140 2498.7
1246150 2498.9
1246160 2500.1
1246170 2500.1
1246180 2501.1
1246190 2502.6
1246200 2502.6
1246210 2504.2
1246220 2507.7
1246230 2512.4
1246240 2512.4
1246250 2514.7
1246260 2516.4
1246270 2516.4
1246280 2517.3
1246290 2514.9
1246300 2514.9
1246310 2510.8
1246320 2507.9
1246330 2507.9
1246340 2509.1
1246350 2511.5
1246360 2511.5
1246370 2514.3
1246380 2514.9
1246390 2514.9
1246400 2517.7
1246410 2520.5
1246420 2520.5
1246430 2523.3
1246440 2526.8
1246450 2526.8
1246460 2529.1
1246470 2523.8
1246480 2516.3
1246490 2516.3
1246500 2509.3
1246510 2503.5
1246520 2503.5
1246530 2497.5
1246540 2493.6
1246550 2493.6
1246560 2491.2
1246570 2487.0
1246580 2487.0
1246590 2482.2
1246600 2477.1
1246610 2477.1
1246620 2471.8
1246630 2467.6
1246640 2467.6
1246650 2464.4
1246660 2461.5
1246670 2461.5
1246680 2461.4
1246690 2463.1
1246700 2461.8
1246710 2461.8
1246720 2459.2
1246730 2458.2
1246740 2458.2
1246750 2458.1
1246760 2458.2
1246770 2458.2
1246780 2460.2
1246790 2462.2
1246800 2462.2
1246810 2463.9
1246820 2465.0
1246830 2465.0
1246840 2467.9
1246850 2471.1
1246860 2471.1
1246870 2475.0
1246880 2480.0
1246890 2480.0
1246900 2485.8
1246910 2494.9
1246920 2501.3
1246930 2501.3
1246940 2508.1
1246950 2517.8
1246960 2517.8
1246970 2527.5
1246980 2532.1
1246990 2532.1
1247000 2535.0
1247010 2537.8
1247020 2537.8
1247030 2542.1
1247040 2546.2
1247050 2546.2
1247060 2550.5
1247070 2559.6
1247080 2559.6
1247090 2573.4
1247100 2584.9
1247110 2584.9
1247120 2594.8
1247130 2604.4
1247140 2611.4
1247150 2611.4
1247160 2619.6
1247170 2629.1
1247180 2629.1
1247190 2634.1
1247200 2634.6
1247210 2634.6
1247220 2631.8
1247230 2627.7
1247240 2627.7
1247250 2622.9
1247260 2616.9
1247270 2616.9
1247280 2610.8
1247290 2604.6
1247300 2604.6
1247310 2598.6
1247320 2591.7
1247330 2591.7
1247340 2585.3
1247350 2579.0
1247360 2579.0
1247370 2571.7
1247380 2564.1
1247390 2556.9
1247400 2556.9
1247410 2550.1
1247420 2542.8
1247430 2542.8
1247440 2534.3
1247450 2527.1
1247460 2527.1
1247470 2518.6
1247480 2508.8
1247490 2508.8
1247500 2500.1
1247510 2494.3
1247520 2494.3
1247530 2489.0
1247540 2484.1
1247550 2484.1
1247560 2480.4
1247570 2477.7
1247580 2477.7
1247590 2475.8
1247600 2470.6
1247610 2467.5
1247620 2467.5
1247630 2464.6
1247640 2461.8
1247650 2461.8
1247660 2459.1
1247670 2455.1
1247680 2455.1
1247690 2450.9
1247700 2446.5
1247710 2446.5
1247720 2441.8
1247730 2436.0
1247740 2436.0
1247750 2430.7
1247760 2425.4
1247770 2425.4
1247780 2421.6
1247790 2420.2
1247800 2420.2
1247810 2417.0
1247820 2413.6
1247830 2412.0
1247840 2412.0
1247850 2407.3
1247860 2400.8
1247870 2400.8
1247880 2393.8
1247890 2387.2
1247900 2387.2
1247910 2380.4
1247920 2373.8
1247930 2373.8
1247940 2371.4
1247950 2371.9
1247960 2371.9
1247970 2373.0
1247980 2365.1
1247990 2365.1
1248000 2363.2
1248010 2358.6
1248020 2358.6
1248030 2352.9
1248040 2346.1
1248050 2346.1
1248060 2340.0
1248070 2334.3
1248080 2328.7
1248090 2328.7
1248100 2324.2
1248110 2321.2
1248120 2321.2
1248130 2318.7
1248140 2318.8
1248150 2318.8
1248160 2321.5
1248170 2324.8
1248180 2324.8
1248190 2327.4
1248200 2328.5
1248210 2328.5
1248220 2326.3
1248230 2321.6
1248240 2321.6
1248250 2319.4
1248260 2310.9
1248270 2310.9
1248280 2302.0
1248290 2292.7
1248300 2281.8
1248310 2281.8
1248320 2272.5
1248330 2269.0
1248340 2269.0
1248350 2266.7
1248360 2262.6
1248370 2262.6
1248380 2261.7
1248390 2256.2
1248400 2256.2
1248410 2248.7
1248420 2238.9
1248430 2238.9
1248440 2229.4
1248450 2222.4
1248460 2222.4
1248470 2215.6
1248480 2208.1
1248490 2208.1
1248500 2202.1
1248510 2188.0
1248520 2180.6
1248530 2180.6
1248540 2175.1
1248550 2171.1
1248560 2171.1
1248570 2166.1
1248580 2159.0
1248590 2159.0
1248600 2156.3
1248610 2153.7
1248620 2153.7
1248630 2150.2
1248640 2145.4
1248650 2145.4
1248660 2139.3
1248670 2132.9
1248680 2132.9
1248690 2126.5
1248700 2122.3
1248710 2122.3
1248720 2117.9
1248730 2111.2
1248740 2111.2
1248750 2104.1
1248760 2097.7
1248770 2093.0
1248780 2093.0
1248790 2088.9
1248800 2085.2
1248810 2085.2
1248820 2081.2
1248830 2077.5
1248840 2077.5
1248850 2073.5
1248860 2068.6
1248870 2068.6
1248880 2063.2
1248890 2057.2
1248900 2057.2
1248910 2051.1
1248920 2045.8
1248930 2045.8
1248940 2040.9
1248950 2035.5
1248960 2035.5
1248970 2030.4
1248980 2026.5
1248990 2022.4
1249000 2022.4
1249010 2018.2
1249020 2013.2
1249030 2013.2
1249040 2008.6
1249050 2004.2
1249060 2004.2
1249070 2001.4
1249080 1999.4
1249090 1999.4
1249100 1997.2
1249110 1995.3
1249120 1995.3
1249130 1993.1
1249140 1991.3
1249150 1991.3
1249160 1989.3
1249170 1986.0
1249180 1986.0
1249190 1982.4
1249200 1978.1
1249210 1973.6
1249220 1973.6
1249230 1969.1
1249240 1964.2
1249250 1964.2
1249260 1959.4
1249270 1955.3
1249280 1955.3
1249290 1951.4
1249300 1947.2
1249310 1947.2
1249320 1942.5
1249330 1938.0
1249340 1938.0
1249350 1934.3
1249360 1930.4
1249370 1930.4
1249380 1926.0
1249390 1921.0
1249400 1921.0
1249410 1915.3
1249420 1908.2
1249430 1908.2
1249440 1902.0
1249450 1896.9
1249460 1892.2
1249470 1892.2
1249480 1886.8
1249490 1879.7
1249500 1879.7
1249510 1872.4
1249520 1868.1
1249530 1868.1
1249540 1868.7
1249550 1871.2
1249560 1871.2
1249570 1869.7
1249580 1866.8
1249590 1861.3
1249600 1857.7
1249610 1853.5
1249620 1853.5
1249630 1849.2
1249640 1843.7
1249650 1843.7
1249660 1837.4
1249670 1830.3
1249680 1822.7
1249690 1822.7
1249700 1814.8
1249710 1805.9
1249720 1805.9
1249730 1802.5
1249740 1800.0
1249750 1800.0
1249760 1796.6
1249770 1796.5
1249780 1796.5
1249790 1799.8
1249800 1801.6
1249810 1801.6
1249820 1801.4
1249830 1800.7
1249840 1800.7
1249850 1799.4
1249860 1797.6
1249870 1797.6
1249880 1796.2
1249890 1796.0
1249900 1798.2
1249910 1798.2
1249920 1796.6
1249930 1794.6
1249940 1794.6
1249950 1792.2
1249960 1787.5
1249970 1787.5
1249980 1784.3
1249990 1781.8
1250000 1781.8
1250010 1778.2
1250020 1774.4
1250030 1774.4
1250040 1770.3
1250050 1765.2
1250060 1765.2
1250070 1760.2
1250080 1760.5
1250090 1760.5
1250100 1762.8
1250110 1761.9
1250120 1759.9
1250130 1754.8
1250140 1752.3
1250150 1751.9
1250160 1751.9
1250170 1750.2
1250180 1747.0
1250190 1747.0
1250200 1743.2
1250210 1739.9
1250220 1739.9
1250230 1737.6
1250240 1735.1
1250250 1735.1
1250260 1731.9
1250270 1728.9
1250280 1728.9
1250290 1727.3
1250300 1725.7
1250310 1725.7
1250320 1724.0
1250330 1722.3
1250340 1722.3
1250350 1720.3
1250360 1718.1
1250370 1716.9
1250380 1716.9
1250390 1715.6
1250400 1712.5
1250410 1712.5
1250420 1711.5
1250430 1713.1
1250440 1713.1
1250450 1715.6
1250460 1716.4
1250470 1716.4
1250480 1711.8
1250490 1703.1
1250500 1703.1
1250510 1694.3
1250520 1691.4
1250530 1691.4
1250540 1693.9
1250550 1694.7
1250560 1694.7
1250570 1695.0
1250580 1696.0
1250590 1696.7
1250600 1696.7
1250610 1693.7
1250620 1688.8
1250630 1688.8
1250640 1684.2
1250650 1683.3
1250660 1683.3
1250670 1675.9
1250680 1671.5
1250690 1671.5
1250700 1665.2
1250710 1660.7
1250720 1660.7
1250730 1656.9
1250740 1653.2
1250750 1653.2
1250760 1650.2
1250770 1647.7
1250780 1647.7
1250790 1645.1
1250800 1642.5
1250810 1640.7
1250820 1640.7
1250830 1640.0
1250840 1640.5
1250850 1640.5
1250860 1639.3
1250870 1637.3
1250880 1637.3
1250890 1634.1
1250900 1629.7
1250910 1629.7
1250920 1626.1
1250930 1624.2
1250940 1624.2
1250950 1621.9
1250960 1618.5
1250970 1618.5
1250980 1614.4
1250990 1609.8
1251000 1609.8
1251010 1604.5
1251020 1595.6
1251030 1595.6
1251040 1587.5
1251050 1581.4
1251060 1574.5
1251070 1574.5
1251080 1565.6
1251090 1552.4
1251100 1552.4
1251110 1539.9
1251120 1537.5
1251130 1537.5
1251140 1546.5
1251150 1554.2
1251160 1554.2
1251170 1552.1
1251180 1547.4
1251190 1547.4
1251200 1541.6
1251210 1535.4
1251220 1532.5
1251230 1526.3
1251240 1520.5
1251250 1520.5
1251260 1515.1
1251270 1510.5
1251280 1506.0
1251290 1506.0
1251300 1502.1
1251310 1497.7
1251320 1497.7
1251330 1492.7
1251340 1488.4
1251350 1488.4
1251360 1483.9
1251370 1480.0
1251380 1480.0
1251390 1476.6
1251400 1473.5
1251410 1473.5
1251420 1471.2
1251430 1469.1
1251440 1469.1
1251450 1467.2
1251460 1465.4
1251470 1465.4
1251480 1463.5
1251490 1462.5
1251500 1462.6
1251510 1462.6
1251520 1463.6
1251530 1465.1
1251540 1465.1
1251550 1466.9
1251560 1469.3
1251570 1469.3
1251580 1470.5
1251590 1471.0
1251600 1471.0
1251610 1471.8
1251620 1472.3
1251630 1472.3
1251640 1472.1
1251650 1471.4
1251660 1471.4
1251670 1470.3
1251680 1469.0
1251690 1469.0
1251700 1468.1
1251710 1466.8
1251720 1464.8
1251730 1464.8
1251740 1463.6
1251750 1462.9
1251760 1460.1
1251770 1458.8
1251780 1457.4
1251790 1457.4
1251800 1456.3
1251810 1455.2
1251820 1455.2
1251830 1454.0
1251840 1451.7
1251850 1451.7
1251860 1453.7
1251870 1454.9
1251880 1454.9
1251890 1453.6
1251900 1452.1
1251910 1452.1
1251920 1451.2
1251930 1450.7
1251940 1450.7
1251950 1450.2
1251960 1449.4
1251970 1447.6
1251980 1447.6
1251990 1447.3
1252000 1447.9
1252010 1447.9
1252020 1447.9
1252030 1448.2
1252040 1448.2
1252050 1449.0
1252060 1449.8
1252070 1449.8
1252080 1451.1
1252090 1452.2
1252100 1452.2
1252110 1452.8
1252120 1451.7
1252130 1451.7
1252140 1451.0
1252150 1452.7
1252160 1452.7
1252170 1452.5
1252180 1453.3
1252190 1454.5
1252200 1454.5
1252210 1455.7
1252220 1456.5
1252230 1456.5
1252240 1456.9
1252250 1457.0
1252260 1457.0
1252270 1457.1
1252280 1457.4
1252290 1457.4
1252300 1457.6
1252310 1453.2
1252320 1453.2
1252330 1453.1
1252340 1453.2
1252350 1453.2
1252360 1453.4
1252370 1453.6
1252380 1453.6
1252390 1454.4
1252400 1455.0
1252410 1455.5
1252420 1455.5
1252430 1456.2
1252440 1457.1
1252450 1457.1
1252460 1457.7
1252470 1458.4
1252480 1458.4
1252490 1460.2
1252500 1462.0
1252510 1462.0
1252520 1463.8
1252530 1465.6
1252540 1465.6
1252550 1465.9
1252560 1464.8
1252570 1464.8
1252580 1463.4
1252590 1463.6
1252600 1463.6
1252610 1466.2
1252620 1469.4
1252630 1469.4
1252640 1470.9
1252650 1469.5
1252660 1462.8
1252670 1462.8
1252680 1454.9
1252690 1448.4
1252700 1448.4
1252710 1442.6
1252720 1436.8
1252730 1436.8
1252740 1429.8
1252750 1425.7
1252760 1425.7
1252770 1427.1
1252780 1431.0
1252790 1431.0
1252800 1439.1
1252810 1446.7
1252820 1446.7
1252830 1452.3
1252840 1460.1
1252850 1458.2
1252860 1464.8
1252870 1468.3
1252880 1470.7
1252890 1470.7
1252900 1472.8
1252910 1473.0
1252920 1473.0
1252930 1470.6
1252940 1467.6
1252950 1467.6
1252960 1468.2
1252970 1468.6
1252980 1468.6
1252990 1468.7
1253000 1468.6
1253010 1468.6
1253020 1467.7
1253030 1467.4
1253040 1467.4
1253050 1466.4
1253060 1466.6
1253070 1466.6
1253080 1465.6
1253090 1462.5
1253100 1458.4
1253110 1458.4
1253120 1456.1
1253130 1460.6
1253140 1460.6
1253150 1465.5
1253160 1468.3
1253170 1468.3
1253180 1470.1
1253190 1471.2
1253200 1471.2
1253210 1471.5
1253220 1471.0
1253230 1471.0
1253240 1469.6
1253250 1469.8
1253260 1469.8
1253270 1470.5
1253280 1467.2
1253290 1467.2
1253300 1468.2
1253310 1465.6
1253320 1465.6
1253330 1465.2
1253340 1467.5
1253350 1470.2
1253360 1470.2
1253370 1470.9
1253380 1470.6
1253390 1470.6
1253400 1463.5
1253410 1463.7
1253420 1463.7
1253430 1463.7
1253440 1463.4
1253450 1463.4
1253460 1462.9
1253470 1461.5
1253480 1461.5
1253490 1460.6
1253500 1459.0
1253510 1459.0
1253520 1457.9
1253530 1457.9
1253540 1457.9
1253550 1459.2
1253560 1460.4
1253570 1461.2
1253580 1461.2
1253590 1461.7
1253600 1460.9
1253610 1460.9
1253620 1458.7
1253630 1456.0
1253640 1456.0
1253650 1450.3
1253660 1442.6
1253670 1442.6
1253680 1434.0
1253690 1425.2
1253700 1425.2
1253710 1417.5
1253720 1408.8
1253730 1408.8
1253740 1397.6
1253750 1384.3
1253760 1384.3
1253770 1378.2
1253780 1375.8
1253790 1380.5
1253800 1380.5
1253810 1389.2
1253820 1398.2
1253830 1398.2
1253840 1407.9
1253850 1418.0
1253860 1418.0
1253870 1428.3
1253880 1437.1
1253890 1437.1
1253900 1436.0
1253910 1427.9
1253920 1427.9
1253930 1422.9
1253940 1419.4
1253950 1411.7
1253960 1407.0
1253970 1400.6
1253980 1400.6
1253990 1396.5
1254000 1396.8
1254010 1399.6
1254020 1399.6
1254030 1403.4
1254040 1409.7
1254050 1409.7
1254060 1417.2
1254070 1425.7
1254080 1425.7
1254090 1434.9
1254100 1442.6
1254110 1442.6
1254120 1450.6
1254130 1459.0
1254140 1459.0
1254150 1467.6
1254160 1476.4
1254170 1476.4
1254180 1481.9
1254190 1483.3
1254200 1483.3
1254210 1485.4
1254220 1489.0
1254230 1489.0
1254240 1493.2
1254250 1496.2
1254260 1494.7
1254270 1494.7
1254280 1499.8
1254290 1508.7
1254300 1508.7
1254310 1518.6
1254320 1528.8
1254330 1528.8
1254340 1536.9
1254350 1540.0
1254360 1540.0
1254370 1543.4
1254380 1544.3
1254390 1544.3
1254400 1537.1
1254410 1533.8
1254420 1533.8
1254430 1539.5
1254440 1549.5
1254450 1549.5
1254460 1561.9
1254470 1571.6
1254480 1579.2
1254490 1579.2
1254500 1570.5
1254510 1582.3
1254520 1582.3
1254530 1596.2
1254540 1607.2
1254550 1607.2
1254560 1622.0
1254570 1639.8
1254580 1639.8
1254590 1654.1
1254600 1667.3
1254610 1667.3
1254620 1674.5
1254630 1680.8
1254640 1680.8
1254650 1685.3
1254660 1687.0
1254670 1687.0
1254680 1684.7
1254690 1685.3
1254700 1685.6
1254710 1685.6
1254720 1680.1
1254730 1671.7
1254740 1671.7
1254750 1656.5
1254760 1640.8
1254770 1640.8
1254780 1628.2
1254790 1626.3
1254800 1626.3
1254810 1631.7
1254820 1642.1
1254830 1642.1
1254840 1651.8
1254850 1655.3
1254860 1655.3
1254870 1654.8
1254880 1640.7
1254890 1640.7
1254900 1632.3
1254910 1640.2
1254920 1640.2
1254930 1650.4
1254940 1662.2
1254950 1682.5
1254960 1682.5
1254970 1696.1
1254980 1695.6
1254990 1695.6
1255000 1682.2
1255010 1675.1
1255020 1675.1
1255030 1688.5
1255040 1696.0
1255050 1696.0
1255060 1691.9
1255070 1697.7
1255080 1697.7
1255090 1703.8
1255100 1710.4
1255110 1710.4
1255120 1722.1
1255130 1732.1
1255140 1732.1
1255150 1741.9
1255160 1744.9
1255170 1743.5
1255180 1743.5
1255190 1747.4
1255200 1752.5
1255210 1752.5
1255220 1755.7
1255230 1763.3
1255240 1763.3
1255250 1772.9
1255260 1779.9
1255270 1779.9
1255280 1788.1
1255290 1798.0
1255300 1798.0
1255310 1806.8
1255320 1809.9
1255330 1809.9
1255340 1811.2
1255350 1812.1
1255360 1812.1
1255370 1814.3
1255380 1818.6
1255390 1825.6
1255400 1825.6
1255410 1834.2
1255420 1842.4
1255430 1842.4
1255440 1848.9
1255450 1854.1
1255460 1854.1
1255470 1859.3
1255480 1864.2
1255490 1864.2
1255500 1869.2
1255510 1875.5
1255520 1875.5
1255530 1882.2
1255540 1888.4
1255550 1888.4
1255560 1893.7
1255570 1898.9
1255580 1898.9
1255590 1904.6
1255600 1910.7
1255610 1906.6
1255620 1913.7
1255630 1920.3
1255640 1926.3
1255650 1926.3
1255660 1931.7
1255670 1938.3
1255680 1938.3
1255690 1945.1
1255700 1952.6
1255710 1952.6
1255720 1960.8
1255730 1968.6
1255740 1968.6
1255750 1975.9
1255760 1981.8
1255770 1981.8
1255780 1989.0
1255790 1996.1
1255800 1996.1
1255810 1999.1
1255820 2000.8
1255830 2000.8
1255840 2001.8
1255850 2001.1
1255860 1999.7
1255870 1999.7
1255880 1998.4
1255890 1998.2
1255900 1998.2
1255910 1999.1
1255920 1999.9
1255930 1999.9
1255940 1999.1
1255950 1997.4
1255960 1997.4
1255970 1995.3
1255980 1992.7
1255990 1992.7
1256000 1989.7
1256010 1987.1
1256020 1987.1
1256030 1983.6
1256040 1980.1
1256050 1980.1
1256060 1976.8
1256070 1971.9
1256080 1965.1
1256090 1965.1
1256100 1959.3
1256110 1952.8
1256120 1952.8
1256130 1945.6
1256140 1938.9
1256150 1938.9
1256160 1932.1
1256170 1925.6
1256180 1925.6
1256190 1917.8
1256200 1909.9
1256210 1909.9
1256220 1902.0
1256230 1894.3
1256240 1894.3
1256250 1886.5
1256260 1879.3
1256270 1879.3
1256280 1872.5
1256290 1866.2
1256300 1860.9
1256310 1860.9
1256320 1856.6
1256330 1852.0
1256340 1852.0
1256350 1841.8
1256360 1833.7
1256370 1833.7
1256380 1826.1
1256390 1818.8
1256400 1818.8
1256410 1808.9
1256420 1798.7
1256430 1798.7
1256440 1788.9
1256450 1779.8
1256460 1779.8
1256470 1773.6
1256480 1766.9
1256490 1766.9
1256500 1759.3
1256510 1750.9
1256520 1750.9
1256530 1744.7
1256540 1736.2
1256550 1730.4
1256560 1730.4
1256570 1726.4
1256580 1722.9
1256590 1722.9
1256600 1720.2
1256610 1715.4
1256620 1715.4
1256630 1707.8
1256640 1699.0
1256650 1699.0
1256660 1692.1
1256670 1685.9
1256680 1685.9
1256690 1679.8
1256700 1673.6
1256710 1673.6
1256720 1670.7
1256730 1663.1
1256740 1663.1
1256750 1656.0
1256760 1649.4
1256770 1643.6
1256780 1643.6
1256790 1638.3
1256800 1632.2
1256810 1632.2
1256820 1627.0
1256830 1621.7
1256840 1621.7
1256850 1611.9
1256860 1601.8
1256870 1601.8
1256880 1592.8
1256890 1584.9
1256900 1584.9
1256910 1577.2
1256920 1572.4
1256930 1572.4
1256940 1573.0
1256950 1571.1
1256960 1571.1
1256970 1569.0
1256980 1568.8
1256990 1567.0
1257000 1567.0
1257010 1562.6
1257020 1559.8
1257030 1559.8
1257040 1557.8
1257050 1556.8
1257060 1556.8
1257070 1554.4
1257080 1553.6
1257090 1553.6
1257100 1549.3
1257110 1545.5
1257120 1545.5
1257130 1546.7
1257140 1546.4
1257150 1546.4
1257160 1548.8
1257170 1553.0
1257180 1553.0
1257190 1557.1
1257200 1561.8
1257210 1561.8
1257220 1563.4
1257230 1563.7
1257240 1566.7
1257250 1566.7
1257260 1571.1
1257270 1575.9
1257280 1569.2
1257290 1567.8
1257300 1564.8
1257310 1564.8
1257320 1572.8
1257330 1581.6
1257340 1581.6
1257350 1588.5
1257360 1593.3
1257370 1593.3
1257380 1597.2
1257390 1599.5
1257400 1599.5
1257410 1601.1
1257420 1603.6
1257430 1603.6
1257440 1606.3
1257450 1604.9
1257460 1602.2
1257470 1602.2
1257480 1601.7
1257490 1598.8
1257500 1598.8
1257510 1593.3
1257520 1587.8
1257530 1587.8
1257540 1585.2
1257550 1583.3
1257560 1583.3
1257570 1579.0
1257580 1577.4
1257590 1577.4
1257600 1576.7
1257610 1573.8
1257620 1573.8
1257630 1571.0
1257640 1569.2
1257650 1569.2
1257660 1567.3
1257670 1565.5
1257680 1563.4
1257690 1563.4
1257700 1561.5
1257710 1560.0
1257720 1560.0
1257730 1558.0
1257740 1555.6
1257750 1555.6
1257760 1552.5
1257770 1551.6
1257780 1551.6
1257790 1550.7
1257800 1548.9
1257810 1548.9
1257820 1547.0
1257830 1544.1
1257840 1538.2
1257850 1534.2
1257860 1528.9
1257870 1528.9
1257880 1523.7
1257890 1518.6
1257900 1513.6
1257910 1513.6
1257920 1508.9
1257930 1503.6
1257940 1503.6
1257950 1497.9
1257960 1492.1
1257970 1492.1
1257980 1486.1
1257990 1480.2
1258000 1480.2
1258010 1473.8
1258020 1467.6
1258030 1467.6
1258040 1461.7
1258050 1456.0
1258060 1456.0
1258070 1449.7
1258080 1442.9
1258090 1442.9
1258100 1435.8
1258110 1427.2
1258120 1427.2
1258130 1417.7
1258140 1410.9
1258150 1408.6
1258160 1408.6
1258170 1406.9
1258180 1411.0
1258190 1411.0
1258200 1412.1
1258210 1410.5
1258220 1410.5
1258230 1407.4
1258240 1404.9
1258250 1404.9
1258260 1404.2
1258270 1402.4
1258280 1402.4
1258290 1398.6
1258300 1395.9
1258310 1395.9
1258320 1394.5
1258330 1393.2
1258340 1393.2
1258350 1390.8
1258360 1389.5
1258370 1388.0
1258380 1388.0
1258390 1383.3
1258400 1374.0
1258410 1374.0
1258420 1367.2
1258430 1359.6
1258440 1359.6
1258450 1351.4
1258460 1342.6
1258470 1342.6
1258480 1335.2
1258490 1329.9
1258500 1329.9
1258510 1316.6
1258520 1311.5
1258530 1311.5
1258540 1314.7
1258550 1319.3
1258560 1319.3
1258570 1322.1
1258580 1326.2
1258590 1332.0
1258600 1332.0
1258610 1338.5
1258620 1342.9
1258630 1342.9
1258640 1343.2
1258650 1341.3
1258660 1341.3
1258670 1338.2
1258680 1334.6
1258690 1334.6
1258700 1331.3
1258710 1328.7
1258720 1328.7
1258730 1325.8
1258740 1322.1
1258750 1322.1
1258760 1318.3
1258770 1315.0
1258780 1315.0
1258790 1311.0
1258800 1306.3
1258810 1306.3
1258820 1302.5
1258830 1299.8
1258840 1298.1
1258850 1298.1
1258860 1297.2
1258870 1296.8
1258880 1296.8
1258890 1295.8
1258900 1293.3
1258910 1293.3
1258920 1289.5
1258930 1286.9
1258940 1286.9
1258950 1284.4
1258960 1275.0
1258970 1275.0
1258980 1270.6
1258990 1265.2
1259000 1265.2
1259010 1259.9
1259020 1255.2
1259030 1255.2
1259040 1250.7
1259050 1246.1
1259060 1241.1
1259070 1241.1
1259080 1236.2
1259090 1232.2
1259100 1232.2
1259110 1228.5
1259120 1224.9
1259130 1224.9
1259140 1220.7
1259150 1216.2
1259160 1216.2
1259170 1211.4
1259180 1207.0
1259190 1207.0
1259200 1202.7
1259210 1199.1
1259220 1199.1
1259230 1195.3
1259240 1191.3
1259250 1191.3
1259260 1187.4
1259270 1183.1
1259280 1178.7
1259290 1178.7
1259300 1174.1
1259310 1168.6
1259320 1168.6
1259330 1163.1
1259340 1156.3
1259350 1156.3
1259360 1149.2
1259370 1143.8
1259380 1143.8
1259390 1139.2
1259400 1135.0
1259410 1135.0
1259420 1130.8
1259430 1127.6
1259440 1127.6
1259450 1123.6
1259460 1119.0
1259470 1119.0
1259480 1114.3
1259490 1109.4
1259500 1104.9
1259510 1104.9
1259520 1094.1
1259530 1088.6
1259540 1088.6
1259550 1083.4
1259560 1078.5
1259570 1078.5
1259580 1073.7
1259590 1069.5
1259600 1069.5
1259610 1065.5
1259620 1061.1
1259630 1061.1
1259640 1058.8
1259650 1057.9
1259660 1057.9
1259670 1057.0
1259680 1055.9
1259690 1055.9
1259700 1053.5
1259710 1050.9
1259720 1050.9
1259730 1048.2
1259740 1045.1
1259750 1040.9
1259760 1040.9
1259770 1035.0
1259780 1031.6
1259790 1031.6
1259800 1030.0
1259810 1026.7
1259820 1026.7
1259830 1020.5
1259840 1014.6
1259850 1014.6
1259860 1009.4
1259870 1004.8
1259880 1004.8
1259890 1000.1
1259900 996.7
1259910 996.7
1259920 993.5
1259930 988.7
1259940 988.7
1259950 983.8
1259960 981.0
1259970 980.5
1259980 980.5
1259990 980.0
