1240000 1750.6
1240010 1750.6
1240020 1755.4
1240030 1761.8
1240040 1769.4
1240050 1769.4
1240060 1776.8
1240070 1783.9
1240080 1783.9
1240090 1789.9
1240100 1797.0
1240110 1797.0
1240120 1803.9
1240130 1809.5
1240140 1809.5
1240150 1814.6
1240160 1820.3
1240170 1820.3
1240180 1826.7
1240190 1833.1
1240200 1833.1
1240210 1840.5
1240220 1848.9
1240230 1848.9
1240240 1856.3
1240250 1864.1
1240260 1872.1
1240270 1872.1
1240280 1880.5
1240290 1888.6
1240300 1882.2
1240310 1889.4
1240320 1895.5
1240330 1895.5
1240340 1901.8
1240350 1908.6
1240360 1908.6
1240370 1915.8
1240380 1922.5
1240390 1922.5
1240400 1927.7
1240410 1933.2
1240420 1933.2
1240430 1939.2
1240440 1943.6
1240450 1943.6
1240460 1947.4
1240470 1951.3
1240480 1955.1
1240490 1955.1
1240500 1958.9
1240510 1962.6
1240520 1962.6
1240530 1966.1
1240540 1969.6
1240550 1969.6
1240560 1972.9
1240570 1976.4
1240580 1976.4
1240590 1980.0
1240600 1983.8
1240610 1983.8
1240620 1988.4
1240630 1994.7
1240640 1994.7
1240650 2000.0
1240660 2004.3
1240670 2004.3
1240680 2008.4
1240690 2012.4
1240700 2012.4
1240710 2016.6
1240720 2021.4
1240730 2026.4
1240740 2026.4
1240750 2031.7
1240760 2037.1
1240770 2037.1
1240780 2042.8
1240790 2048.5
1240800 2048.5
1240810 2054.4
1240820 2061.5
1240830 2061.5
1240840 2067.7
1240850 2073.9
1240860 2073.9
1240870 2080.0
1240880 2086.3
1240890 2086.3
1240900 2092.8
1240910 2099.3
1240920 2099.3
1240930 2106.3
1240940 2113.4
1240950 2120.5
1240960 2120.5
1240970 2127.8
1240980 2135.5
1240990 2135.5
1241000 2145.1
1241010 2158.1
1241020 2158.1
1241030 2169.0
1241040 2179.5
1241050 2179.5
1241060 2190.9
1241070 2199.1
1241080 2199.1
1241090 2205.8
1241100 2216.3
1241110 2216.3
1241120 2228.8
1241130 2239.3
1241140 2239.3
1241150 2248.7
1241160 2263.6
1241170 2277.1
1241180 2277.1
1241190 2288.0
1241200 2299.5
1241210 2299.5
1241220 2311.5
1241230 2325.9
1241240 2325.9
1241250 2342.3
1241260 2358.7
1241270 2358.7
1241280 2371.3
1241290 2383.8
1241300 2383.8
1241310 2401.2
1241320 2415.2
1241330 2415.2
1241340 2423.0
1241350 2435.7
1241360 2435.7
1241370 2446.8
1241380 2455.1
1241390 2455.1
1241400 2466.6
1241410 2480.7
1241420 2495.2
1241430 2495.2
1241440 2506.2
1241450 2516.8
1241460 2516.8
1241470 2523.4
1241480 2526.6
1241490 2526.6
1241500 2525.4
1241510 2524.0
1241520 2524.0
1241530 2522.2
1241540 2519.3
1241550 2519.3
1241560 2517.0
1241570 2515.6
1241580 2515.6
1241590 2514.5
1241600 2512.9
1241610 2512.9
1241620 2511.4
1241630 2510.4
1241640 2510.4
1241650 2510.4
1241660 2512.1
1241670 2513.1
1241680 2513.1
1241690 2513.9
1241700 2513.9
1241710 2513.9
1241720 2512.4
1241730 2510.2
1241740 2510.2
1241750 2509.0
1241760 2507.8
1241770 2507.8
1241780 2506.2
1241790 2504.4
1241800 2504.4
1241810 2503.1
1241820 2501.8
1241830 2501.8
1241840 2500.0
1241850 2498.6
1241860 2500.6
1241870 2500.6
1241880 2501.0
1241890 2501.6
1241900 2501.6
1241910 2503.3
1241920 2505.8
1241930 2505.8
1241940 2507.3
1241950 2509.1
1241960 2509.1
1241970 2511.6
1241980 2513.4
1241990 2513.4
1242000 2514.9
1242010 2516.1
1242020 2516.1
1242030 2517.2
1242040 2517.9
1242050 2517.9
1242060 2520.4
1242070 2525.7
1242080 2525.7
1242090 2531.5
1242100 2535.2
1242110 2537.6
1242120 2537.6
1242130 2539.2
1242140 2539.3
1242150 2539.3
1242160 2539.2
1242170 2539.6
1242180 2539.6
1242190 2539.5
1242200 2539.4
1242210 2539.4
1242220 2541.2
1242230 2542.2
1242240 2542.2
1242250 2543.5
1242260 2545.7
1242270 2545.7
1242280 2547.4
1242290 2548.5
1242300 2548.5
1242310 2549.7
1242320 2550.9
1242330 2550.8
1242340 2550.8
1242350 2551.9
1242360 2553.8
1242370 2553.8
1242380 2560.0
1242390 2558.7
1242400 2558.7
1242410 2556.7
1242420 2556.4
1242430 2556.4
1242440 2556.8
1242450 2557.7
1242460 2557.7
1242470 2559.1
1242480 2562.5
1242490 2562.5
1242500 2566.2
1242510 2570.7
1242520 2570.7
1242530 2574.8
1242540 2577.4
1242550 2578.1
1242560 2578.1
1242570 2578.5
1242580 2578.9
1242590 2578.9
1242600 2580.8
1242610 2584.0
1242620 2584.0
1242630 2587.7
1242640 2593.0
1242650 2593.0
1242660 2598.6
1242670 2604.5
1242680 2604.5
1242690 2610.6
1242700 2617.1
1242710 2617.1
1242720 2623.5
1242730 2629.2
1242740 2629.2
1242750 2635.3
1242760 2641.9
1242770 2641.9
1242780 2645.2
1242790 2645.1
1242800 2644.2
1242810 2644.2
1242820 2642.7
1242830 2640.5
1242840 2640.5
1242850 2637.9
1242860 2637.1
1242870 2637.1
1242880 2637.0
1242890 2636.6
1242900 2636.6
1242910 2639.8
1242920 2638.7
1242930 2638.7
1242940 2637.4
1242950 2635.4
1242960 2635.4
1242970 2635.9
1242980 2638.9
1242990 2638.9
1243000 2642.2
1243010 2645.9
1243020 2650.5
1243030 2650.5
1243040 2655.1
1243050 2659.4
1243060 2659.4
1243070 2663.0
1243080 2666.6
1243090 2666.6
1243100 2671.6
1243110 2678.1
1243120 2678.1
1243130 2685.9
1243140 2694.5
1243150 2694.5
1243160 2702.3
1243170 2712.7
1243180 2712.7
1243190 2720.4
1243200 2711.2
1243210 2711.2
1243220 2700.8
1243230 2690.4
1243240 2683.1
1243250 2683.1
1243260 2675.0
1243270 2666.4
1243280 2666.4
1243290 2655.7
1243300 2648.1
1243310 2648.1
1243320 2642.3
1243330 2637.5
1243340 2637.5
1243350 2633.6
1243360 2630.8
1243370 2630.8
1243380 2628.0
1243390 2625.3
1243400 2625.3
1243410 2623.7
1243420 2622.1
1243430 2615.4
1243440 2612.8
1243450 2608.8
1243460 2608.8
1243470 2604.1
1243480 2599.2
1243490 2594.7
1243500 2594.7
1243510 2590.3
1243520 2586.1
1243530 2586.1
1243540 2582.0
1243550 2577.3
1243560 2577.3
1243570 2572.9
1243580 2569.5
1243590 2569.5
1243600 2566.6
1243610 2563.4
1243620 2563.4
1243630 2560.6
1243640 2558.5
1243650 2558.5
1243660 2556.4
1243670 2553.3
1243680 2553.3
1243690 2551.1
1243700 2549.5
1243710 2547.8
1243720 2547.8
1243730 2545.0
1243740 2541.7
1243750 2541.7
1243760 2539.8
1243770 2539.5
1243780 2539.5
1243790 2538.8
1243800 2538.0
1243810 2538.0
1243820 2537.9
1243830 2536.8
1243840 2536.8
1243850 2534.0
1243860 2530.1
1243870 2530.1
1243880 2526.4
1243890 2523.3
1243900 2523.3
1243910 2520.0
1243920 2516.3
1243930 2513.1
1243940 2513.1
1243950 2511.0
1243960 2503.7
1243970 2503.7
1243980 2501.7
1243990 2499.6
1244000 2499.6
1244010 2496.4
1244020 2492.4
1244030 2492.4
1244040 2488.7
1244050 2484.7
1244060 2484.7
1244070 2480.5
1244080 2476.1
1244090 2476.1
1244100 2472.9
1244110 2470.0
1244120 2470.0
1244130 2466.4
1244140 2462.5
1244150 2462.5
1244160 2458.5
1244170 2454.2
1244180 2450.4
1244190 2450.4
1244200 2447.2
1244210 2444.8
1244220 2444.8
1244230 2441.1
1244240 2435.5
1244250 2435.5
1244260 2430.1
1244270 2425.9
1244280 2425.9
1244290 2422.6
1244300 2419.8
1244310 2419.8
1244320 2417.3
1244330 2414.4
1244340 2414.4
1244350 2410.8
1244360 2406.6
1244370 2406.6
1244380 2402.4
1244390 2398.3
1244400 2394.1
1244410 2394.1
1244420 2389.8
1244430 2385.0
1244440 2385.0
1244450 2379.7
1244460 2374.1
1244470 2374.1
1244480 2368.7
1244490 2360.6
1244500 2360.6
1244510 2355.6
1244520 2351.0
1244530 2351.0
1244540 2346.0
1244550 2341.0
1244560 2341.0
1244570 2336.2
1244580 2331.4
1244590 2331.4
1244600 2326.3
1244610 2321.4
1244620 2317.1
1244630 2317.1
1244640 2312.5
1244650 2309.4
1244660 2309.4
1244670 2306.8
1244680 2303.3
1244690 2303.3
1244700 2298.4
1244710 2293.1
1244720 2293.1
1244730 2287.3
1244740 2280.4
1244750 2280.4
1244760 2273.7
1244770 2267.5
1244780 2267.5
1244790 2260.8
1244800 2254.2
1244810 2254.2
1244820 2248.1
1244830 2242.5
1244840 2242.5
1244850 2237.4
1244860 2231.7
1244870 2226.1
1244880 2226.1
1244890 2220.1
1244900 2214.3
1244910 2214.3
1244920 2209.1
1244930 2203.7
1244940 2203.7
1244950 2197.5
1244960 2192.1
1244970 2192.1
1244980 2188.0
1244990 2184.6
1245000 2184.6
1245010 2181.3
1245020 2176.4
1245030 2176.4
1245040 2172.7
1245050 2168.8
1245060 2168.8
1245070 2165.5
1245080 2162.9
1245090 2161.0
1245100 2161.0
1245110 2159.9
1245120 2157.6
1245130 2157.6
1245140 2156.3
1245150 2155.5
1245160 2155.5
1245170 2154.9
1245180 2152.4
1245190 2152.4
1245200 2149.4
1245210 2147.8
1245220 2147.8
1245230 2146.2
1245240 2147.6
1245250 2147.6
1245260 2149.4
1245270 2152.2
1245280 2152.2
1245290 2154.8
1245300 2158.6
1245310 2161.9
1245320 2161.9
1245330 2166.0
1245340 2170.2
1245350 2170.2
1245360 2174.5
1245370 2178.5
1245380 2178.5
1245390 2182.3
1245400 2186.7
1245410 2186.7
1245420 2191.6
1245430 2196.0
1245440 2196.0
1245450 2201.2
1245460 2204.9
1245470 2204.9
1245480 2208.6
1245490 2212.4
1245500 2212.4
1245510 2218.3
1245520 2224.0
1245530 2229.8
1245540 2229.8
1245550 2240.7
1245560 2246.5
1245570 2246.5
1245580 2252.6
1245590 2258.1
1245600 2258.1
1245610 2262.7
1245620 2266.3
1245630 2266.3
1245640 2268.1
1245650 2267.6
1245660 2267.6
1245670 2266.1
1245680 2264.0
1245690 2264.0
1245700 2263.0
1245710 2262.4
1245720 2262.4
1245730 2262.0
1245740 2262.9
1245750 2262.9
1245760 2264.6
1245770 2267.0
1245780 2269.7
1245790 2269.7
1245800 2272.6
1245810 2276.8
1245820 2276.8
1245830 2281.4
1245840 2286.2
1245850 2286.2
1245860 2293.7
1245870 2299.0
1245880 2299.0
1245890 2304.9
1245900 2308.6
1245910 2308.6
1245920 2310.7
1245930 2315.6
1245940 2315.6
1245950 2320.3
1245960 2324.8
1245970 2324.8
1245980 2332.3
1245990 2349.3
1246000 2362.4
1246010 2362.4
1246020 2371.5
1246030 2375.1
1246040 2375.1
1246050 2381.5
1246060 2386.2
1246070 2386.2
1246080 2395.6
1246090 2398.8
1246100 2398.8
1246110 2399.1
1246120 2398.1
1246130 2398.1
1246140 2397.4
1246150 2395.1
1246160 2395.1
1246170 2391.0
1246180 2388.5
1246190 2388.5
1246200 2388.1
1246210 2388.0
1246220 2388.9
1246230 2388.9
1246240 2390.9
1246250 2395.9
1246260 2395.9
1246270 2402.4
1246280 2401.9
1246290 2401.9
1246300 2405.8
1246310 2414.5
1246320 2414.5
1246330 2423.4
1246340 2429.7
1246350 2429.7
1246360 2430.8
1246370 2430.7
1246380 2430.7
1246390 2429.3
1246400 2428.0
1246410 2428.0
1246420 2428.3
1246430 2428.3
1246440 2428.3
1246450 2430.8
1246460 2433.3
1246470 2438.3
1246480 2438.3
1246490 2440.3
1246500 2439.2
1246510 2439.2
1246520 2439.7
1246530 2443.3
1246540 2443.3
1246550 2444.8
1246560 2444.5
1246570 2444.5
1246580 2443.4
1246590 2441.1
1246600 2441.1
1246610 2433.0
1246620 2424.0
1246630 2424.0
1246640 2415.0
1246650 2407.2
1246660 2407.2
1246670 2399.8
1246680 2394.4
1246690 2392.2
1246700 2392.2
1246710 2390.5
1246720 2388.6
1246730 2388.6
1246740 2388.4
1246750 2388.6
1246760 2388.6
1246770 2388.8
1246780 2390.9
1246790 2390.9
1246800 2392.1
1246810 2390.3
1246820 2390.3
1246830 2388.3
1246840 2386.8
1246850 2386.8
1246860 2384.9
1246870 2382.8
1246880 2382.8
1246890 2380.9
1246900 2381.3
1246910 2383.4
1246920 2383.4
1246930 2385.7
1246940 2386.9
1246950 2386.9
1246960 2386.9
1246970 2386.6
1246980 2386.6
1246990 2386.2
1247000 2387.3
1247010 2387.3
1247020 2389.2
1247030 2392.9
1247040 2392.9
1247050 2397.4
1247060 2402.7
1247070 2402.7
1247080 2408.3
1247090 2413.9
1247100 2413.9
1247110 2418.6
1247120 2422.7
1247130 2422.7
1247140 2436.2
1247150 2452.2
1247160 2460.7
1247170 2460.7
1247180 2463.6
1247190 2467.5
1247200 2467.5
1247210 2471.5
1247220 2472.0
1247230 2472.0
1247240 2473.2
1247250 2475.7
1247260 2475.7
1247270 2477.8
1247280 2479.4
1247290 2479.4
1247300 2482.6
1247310 2486.1
1247320 2486.1
1247330 2491.0
1247340 2496.2
1247350 2496.2
1247360 2505.4
1247370 2516.1
1247380 2525.6
1247390 2525.6
1247400 2530.1
1247410 2536.8
1247420 2536.8
1247430 2545.9
1247440 2555.0
1247450 2555.0
1247460 2565.8
1247470 2576.1
1247480 2576.1
1247490 2581.9
1247500 2590.7
1247510 2590.7
1247520 2602.8
1247530 2606.4
1247540 2606.4
1247550 2598.5
1247560 2593.8
1247570 2593.8
1247580 2592.9
1247590 2591.1
1247600 2588.2
1247610 2588.2
1247620 2584.3
1247630 2580.8
1247640 2580.8
1247650 2576.1
1247660 2570.3
1247670 2570.3
1247680 2564.6
1247690 2561.9
1247700 2561.9
1247710 2558.5
1247720 2554.4
1247730 2554.4
1247740 2550.2
1247750 2546.4
1247760 2546.4
1247770 2543.2
1247780 2540.4
1247790 2540.4
1247800 2536.8
1247810 2531.9
1247820 2531.9
1247830 2526.6
1247840 2522.4
1247850 2517.8
1247860 2517.8
1247870 2511.6
1247880 2505.2
1247890 2505.2
1247900 2499.1
1247910 2493.3
1247920 2493.3
1247930 2490.8
1247940 2490.6
1247950 2490.6
1247960 2491.4
1247970 2492.3
1247980 2492.3
1247990 2492.9
1248000 2494.4
1248010 2494.4
1248020 2495.1
1248030 2493.2
1248040 2493.2
1248050 2489.6
1248060 2484.5
1248070 2478.8
1248080 2478.8
1248090 2473.1
1248100 2467.2
1248110 2467.2
1248120 2461.5
1248130 2456.1
1248140 2456.1
1248150 2452.0
1248160 2449.3
1248170 2449.3
1248180 2444.7
1248190 2439.1
1248200 2439.1
1248210 2433.5
1248220 2424.6
1248230 2424.6
1248240 2419.6
1248250 2417.9
1248260 2417.9
1248270 2416.8
1248280 2412.0
1248290 2405.2
1248300 2405.2
1248310 2398.3
1248320 2392.6
1248330 2392.6
1248340 2386.5
1248350 2380.2
1248360 2380.2
1248370 2374.0
1248380 2368.3
1248390 2368.3
1248400 2365.0
1248410 2362.2
1248420 2362.2
1248430 2353.3
1248440 2342.0
1248450 2342.0
1248460 2331.2
1248470 2323.3
1248480 2323.3
1248490 2317.2
1248500 2312.6
1248510 2312.6
1248520 2305.6
1248530 2298.0
1248540 2291.0
1248550 2291.0
1248560 2284.2
1248570 2277.5
1248580 2277.5
1248590 2270.1
1248600 2262.1
1248610 2262.1
1248620 2256.3
1248630 2250.9
1248640 2250.9
1248650 2248.0
1248660 2247.5
1248670 2247.5
1248680 2247.1
1248690 2246.4
1248700 2246.4
1248710 2240.8
1248720 2233.7
1248730 2233.7
1248740 2226.9
1248750 2217.7
1248760 2211.0
1248770 2211.0
1248780 2204.2
1248790 2197.8
1248800 2197.8
1248810 2191.5
1248820 2186.2
1248830 2186.2
1248840 2182.7
1248850 2180.2
1248860 2180.2
1248870 2181.6
1248880 2182.6
1248890 2182.6
1248900 2179.9
1248910 2176.3
1248920 2176.3
1248930 2171.3
1248940 2166.0
1248950 2166.0
1248960 2161.4
1248970 2156.5
1248980 2150.8
1248990 2150.8
1249000 2144.0
1249010 2136.0
1249020 2136.0
1249030 2129.0
1249040 2123.2
1249050 2123.2
1249060 2118.9
1249070 2116.0
1249080 2116.0
1249090 2112.9
1249100 2109.5
1249110 2109.5
1249120 2105.7
1249130 2102.1
1249140 2102.1
1249150 2099.6
1249160 2097.0
1249170 2097.0
1249180 2095.2
1249190 2093.4
1249200 2093.4
1249210 2092.1
1249220 2090.0
1249230 2087.8
1249240 2087.8
1249250 2083.8
1249260 2079.4
1249270 2079.4
1249280 2075.6
1249290 2062.9
1249300 2062.9
1249310 2060.3
1249320 2057.4
1249330 2057.4
1249340 2054.2
1249350 2053.0
1249360 2053.0
1249370 2053.4
1249380 2049.5
1249390 2049.5
1249400 2041.7
1249410 2032.8
1249420 2032.8
1249430 2025.5
1249440 2019.4
1249450 2010.9
1249460 2010.9
1249470 2001.9
1249480 1992.6
1249490 1992.6
1249500 1983.8
1249510 1974.9
1249520 1974.9
1249530 1967.2
1249540 1964.5
1249550 1964.5
1249560 1965.2
1249570 1964.9
1249580 1964.9
1249590 1964.1
1249600 1963.9
1249610 1963.9
1249620 1963.8
1249630 1962.3
1249640 1962.3
1249650 1958.2
1249660 1952.6
1249670 1948.0
1249680 1948.0
1249690 1945.9
1249700 1945.7
1249710 1945.7
1249720 1947.5
1249730 1947.4
1249740 1947.4
1249750 1946.9
1249760 1945.5
1249770 1945.5
1249780 1944.1
1249790 1942.4
1249800 1942.4
1249810 1940.0
1249820 1934.9
1249830 1929.5
1249840 1924.6
1249850 1917.6
1249860 1917.6
1249870 1909.9
1249880 1904.2
1249890 1896.9
1249900 1896.9
1249910 1894.1
1249920 1894.8
1249930 1894.8
1249940 1895.9
1249950 1894.7
1249960 1894.7
1249970 1888.4
1249980 1887.4
1249990 1887.4
1250000 1891.0
1250010 1891.7
1250020 1891.7
1250030 1891.8
1250040 1892.1
1250050 1892.1
1250060 1891.0
1250070 1888.8
1250080 1888.8
1250090 1885.6
1250100 1881.1
1250110 1881.1
1250120 1879.7
1250130 1882.5
1250140 1883.2
1250150 1883.2
1250160 1881.8
1250170 1880.4
1250180 1880.4
1250190 1878.9
1250200 1876.7
1250210 1876.7
1250220 1874.6
1250230 1872.4
1250240 1872.4
1250250 1869.7
1250260 1866.5
1250270 1866.5
1250280 1862.7
1250290 1860.0
1250300 1860.0
1250310 1856.8
1250320 1853.6
1250330 1853.6
1250340 1850.1
1250350 1846.6
1250360 1842.9
1250370 1838.3
1250380 1833.9
1250390 1828.0
1250400 1828.0
1250410 1820.2
1250420 1816.3
1250430 1816.3
1250440 1819.3
1250450 1819.5
1250460 1819.5
1250470 1816.6
1250480 1813.9
1250490 1813.9
1250500 1811.7
1250510 1810.7
1250520 1810.7
1250530 1811.2
1250540 1812.5
1250550 1812.5
1250560 1811.4
1250570 1807.4
1250580 1803.2
1250590 1803.2
1250600 1799.7
1250610 1794.8
1250620 1794.8
1250630 1789.7
1250640 1783.9
1250650 1783.9
1250660 1778.1
1250670 1773.3
1250680 1773.3
1250690 1768.1
1250700 1761.9
1250710 1761.9
1250720 1754.3
1250730 1747.1
1250740 1747.1
1250750 1740.9
1250760 1735.5
1250770 1735.5
1250780 1730.3
1250790 1724.9
1250800 1724.9
1250810 1721.3
1250820 1717.9
1250830 1714.6
1250840 1714.6
1250850 1711.8
1250860 1706.4
1250870 1706.4
1250880 1698.3
1250890 1690.7
1250900 1690.7
1250910 1683.4
1250920 1677.3
1250930 1677.3
1250940 1668.9
1250950 1661.6
1250960 1661.6
1250970 1654.8
1250980 1648.4
1250990 1648.4
1251000 1641.7
1251010 1634.4
1251020 1634.4
1251030 1630.2
1251040 1631.0
1251050 1633.1
1251060 1633.1
1251070 1636.4
1251080 1640.6
1251090 1640.6
1251100 1647.3
1251110 1654.3
1251120 1654.3
1251130 1658.5
1251140 1658.9
1251150 1658.9
1251160 1657.3
1251170 1653.7
1251180 1653.7
1251190 1649.8
1251200 1647.6
1251210 1647.6
1251220 1647.1
1251230 1648.5
1251240 1648.5
1251250 1647.7
1251260 1644.0
1251270 1640.6
1251280 1640.6
1251290 1638.1
1251300 1636.2
1251310 1636.2
1251320 1634.9
1251330 1633.1
1251340 1633.1
1251350 1631.5
1251360 1631.2
1251370 1631.2
1251380 1629.8
1251390 1627.6
1251400 1627.6
1251410 1625.4
1251420 1623.1
1251430 1623.1
1251440 1620.4
1251450 1618.0
1251460 1610.3
1251470 1607.0
1251480 1603.1
1251490 1603.1
1251500 1598.8
1251510 1594.4
1251520 1590.5
1251530 1590.5
1251540 1586.4
1251550 1582.1
1251560 1582.1
1251570 1577.1
1251580 1569.9
1251590 1569.9
1251600 1565.3
1251610 1567.3
1251620 1567.3
1251630 1574.6
1251640 1578.6
1251650 1578.6
1251660 1579.8
1251670 1580.4
1251680 1580.4
1251690 1580.2
1251700 1579.6
1251710 1579.6
1251720 1579.3
1251730 1579.3
1251740 1578.3
1251750 1578.3
1251760 1576.3
1251770 1572.5
1251780 1572.5
1251790 1565.9
1251800 1559.1
1251810 1559.1
1251820 1553.9
1251830 1549.7
1251840 1549.7
1251850 1545.5
1251860 1541.2
1251870 1541.2
1251880 1538.2
1251890 1535.2
1251900 1535.2
1251910 1529.8
1251920 1524.4
1251930 1524.4
1251940 1522.0
1251950 1520.8
1251960 1530.0
1251970 1530.0
1251980 1539.2
1251990 1548.1
1252000 1548.1
1252010 1557.4
1252020 1567.3
1252030 1567.3
1252040 1574.8
1252050 1569.8
1252060 1569.8
1252070 1562.0
1252080 1555.6
1252090 1555.6
1252100 1548.6
1252110 1540.9
1252120 1540.9
1252130 1534.4
1252140 1532.1
1252150 1532.1
1252160 1535.0
1252170 1539.2
1252180 1539.2
1252190 1546.5
1252200 1555.4
1252210 1564.9
1252220 1564.9
1252230 1573.7
1252240 1581.6
1252250 1581.6
1252260 1588.5
1252270 1591.0
1252280 1591.0
1252290 1592.1
1252300 1593.5
1252310 1593.5
1252320 1594.7
1252330 1595.4
1252340 1595.4
1252350 1596.0
1252360 1596.1
1252370 1596.1
1252380 1597.2
1252390 1599.0
1252400 1599.0
1252410 1600.1
1252420 1601.1
1252430 1602.6
1252440 1602.6
1252450 1603.9
1252460 1605.6
1252470 1605.6
1252480 1606.6
1252490 1607.2
1252500 1607.2
1252510 1607.2
1252520 1605.3
1252530 1605.3
1252540 1601.7
1252550 1594.5
1252560 1594.5
1252570 1596.3
1252580 1600.1
1252590 1600.1
1252600 1603.1
1252610 1605.1
1252620 1605.1
1252630 1605.5
1252640 1601.0
1252650 1594.5
1252660 1594.5
1252670 1588.3
1252680 1586.4
1252690 1586.4
1252700 1586.0
1252710 1577.6
1252720 1577.6
1252730 1566.4
1252740 1555.4
1252750 1555.4
1252760 1554.8
1252770 1561.5
1252780 1561.5
1252790 1570.4
1252800 1577.1
1252810 1577.1
1252820 1576.1
1252830 1577.9
1252840 1577.9
1252850 1586.3
1252860 1595.5
1252870 1595.5
1252880 1604.2
1252890 1613.2
1252900 1620.1
1252910 1620.1
1252920 1624.1
1252930 1627.4
1252940 1627.4
1252950 1631.6
1252960 1636.2
1252970 1636.2
1252980 1639.5
1252990 1640.6
1253000 1640.6
1253010 1640.9
1253020 1642.1
1253030 1642.1
1253040 1642.6
1253050 1642.6
1253060 1642.6
1253070 1640.4
1253080 1636.2
1253090 1636.2
1253100 1628.8
1253110 1626.9
1253120 1628.7
1253130 1628.7
1253140 1633.9
1253150 1638.7
1253160 1638.7
1253170 1641.6
1253180 1643.0
1253190 1643.0
1253200 1643.8
1253210 1643.1
1253220 1643.1
1253230 1640.3
1253240 1638.6
1253250 1638.6
1253260 1639.6
1253270 1639.5
1253280 1639.5
1253290 1638.0
1253300 1634.9
1253310 1634.9
1253320 1630.3
1253330 1627.9
1253340 1625.4
1253350 1625.4
1253360 1627.6
1253370 1630.5
1253380 1630.5
1253390 1628.9
1253400 1624.4
1253410 1624.4
1253420 1616.4
1253430 1607.4
1253440 1607.4
1253450 1598.1
1253460 1588.8
1253470 1588.8
1253480 1580.0
1253490 1570.9
1253500 1570.9
1253510 1562.9
1253520 1555.8
1253530 1555.8
1253540 1550.3
1253550 1545.6
1253560 1545.6
1253570 1538.9
1253580 1533.2
1253590 1534.1
1253600 1534.1
1253610 1536.3
1253620 1534.2
1253630 1534.2
1253640 1528.3
1253650 1512.8
1253660 1512.8
1253670 1503.4
1253680 1493.9
1253690 1493.9
1253700 1485.5
1253710 1478.1
1253720 1478.1
1253730 1473.8
1253740 1475.9
1253750 1475.9
1253760 1480.7
1253770 1477.4
1253780 1477.4
1253790 1468.8
1253800 1469.6
1253810 1478.9
1253820 1478.9
1253830 1500.5
1253840 1514.4
1253850 1514.4
1253860 1525.4
1253870 1535.3
1253880 1535.3
1253890 1544.1
1253900 1553.1
1253910 1553.1
1253920 1562.9
1253930 1572.4
1253940 1572.4
1253950 1581.0
1253960 1591.5
1253970 1591.5
1253980 1603.2
1253990 1602.6
1254000 1602.6
1254010 1593.1
1254020 1581.7
1254030 1577.4
1254040 1577.4
1254050 1573.4
1254060 1564.9
1254070 1564.9
1254080 1561.5
1254090 1565.4
1254100 1565.4
1254110 1572.2
1254120 1579.1
1254130 1579.1
1254140 1591.1
1254150 1612.7
1254160 1612.7
1254170 1639.0
1254180 1654.4
1254190 1654.4
1254200 1671.5
1254210 1703.3
1254220 1703.3
1254230 1727.3
1254240 1738.6
1254250 1748.6
1254260 1748.6
1254270 1753.7
1254280 1771.0
1254290 1771.0
1254300 1786.1
1254310 1791.2
1254320 1791.2
1254330 1794.6
1254340 1796.7
1254350 1796.7
1254360 1798.0
1254370 1799.0
1254380 1799.0
1254390 1799.9
1254400 1798.9
1254410 1798.9
1254420 1798.9
1254430 1803.5
1254440 1803.5
1254450 1809.1
1254460 1814.6
1254470 1814.6
1254480 1821.0
1254490 1826.4
1254500 1831.1
1254510 1831.1
1254520 1835.0
1254530 1839.0
1254540 1839.0
1254550 1844.7
1254560 1850.0
1254570 1850.0
1254580 1852.1
1254590 1851.8
1254600 1851.8
1254610 1851.5
1254620 1852.3
1254630 1852.3
1254640 1853.9
1254650 1854.5
1254660 1854.5
1254670 1852.6
1254680 1851.6
1254690 1851.6
1254700 1851.1
1254710 1850.0
1254720 1849.5
1254730 1849.5
1254740 1851.0
1254750 1843.5
1254760 1843.5
1254770 1842.9
1254780 1840.2
1254790 1840.2
1254800 1835.2
1254810 1830.3
1254820 1830.3
1254830 1824.5
1254840 1817.8
1254850 1817.8
1254860 1810.5
1254870 1803.5
1254880 1803.5
1254890 1797.0
1254900 1791.3
1254910 1791.3
1254920 1785.7
1254930 1776.4
1254940 1762.1
1254950 1762.1
1254960 1754.6
1254970 1753.8
1254980 1753.8
1254990 1766.6
1255000 1777.9
1255010 1777.9
1255020 1786.7
1255030 1789.5
1255040 1789.5
1255050 1791.8
1255060 1798.0
1255070 1798.0
1255080 1807.2
1255090 1820.0
1255100 1820.0
1255110 1833.4
1255120 1842.6
1255130 1842.6
1255140 1851.9
1255150 1862.0
1255160 1862.0
1255170 1871.9
1255180 1881.1
1255190 1891.9
1255200 1891.9
1255210 1903.8
1255220 1910.9
1255230 1910.9
1255240 1907.6
1255250 1896.4
1255260 1896.4
1255270 1900.4
1255280 1908.5
1255290 1908.5
1255300 1921.3
1255310 1930.3
1255320 1930.3
1255330 1938.7
1255340 1945.7
1255350 1945.7
1255360 1952.9
1255370 1959.0
1255380 1959.0
1255390 1966.1
1255400 1974.4
1255410 1980.3
1255420 1980.3
1255430 1986.2
1255440 1992.8
1255450 1992.8
1255460 1999.5
1255470 2006.0
1255480 2006.0
1255490 2013.3
1255500 2020.7
1255510 2020.7
1255520 2027.6
1255530 2035.2
1255540 2035.2
1255550 2042.9
1255560 2050.4
1255570 2050.4
1255580 2055.5
1255590 2057.5
1255600 2057.5
1255610 2059.4
1255620 2061.5
1255630 2064.8
1255640 2064.8
1255650 2070.1
1255660 2076.3
1255670 2076.3
1255680 2082.9
1255690 2088.9
1255700 2088.9
1255710 2094.2
1255720 2099.6
1255730 2099.6
1255740 2103.4
1255750 2106.4
1255760 2106.4
1255770 2108.7
1255780 2110.4
1255790 2110.4
1255800 2109.2
1255810 2108.7
1255820 2108.7
1255830 2107.9
1255840 2102.8
1255850 2102.8
1255860 2092.7
1255870 2085.7
1255880 2078.6
1255890 2078.6
1255900 2072.0
1255910 2065.6
1255920 2065.6
1255930 2059.8
1255940 2054.3
1255950 2054.3
1255960 2049.4
1255970 2044.0
1255980 2044.0
1255990 2037.7
1256000 2031.0
1256010 2031.0
1256020 2024.8
1256030 2018.7
1256040 2018.7
1256050 2011.3
1256060 2003.4
1256070 2003.4
1256080 1994.8
1256090 1987.5
1256100 1980.7
1256110 1980.7
1256120 1976.2
1256130 1973.0
1256140 1973.0
1256150 1969.1
1256160 1968.9
1256170 1968.9
1256180 1970.5
1256190 1971.0
1256200 1971.0
1256210 1970.3
1256220 1962.5
1256230 1962.5
1256240 1954.8
1256250 1948.5
1256260 1948.5
1256270 1937.9
1256280 1925.1
1256290 1925.1
1256300 1911.5
1256310 1902.9
1256320 1894.0
1256330 1894.0
1256340 1883.6
1256350 1873.3
1256360 1873.3
1256370 1861.2
1256380 1850.0
1256390 1850.0
1256400 1839.0
1256410 1823.6
1256420 1823.6
1256430 1813.4
1256440 1804.1
1256450 1804.1
1256460 1794.3
1256470 1784.7
1256480 1784.7
1256490 1778.3
1256500 1769.8
1256510 1769.8
1256520 1762.1
1256530 1753.7
1256540 1753.7
1256550 1744.3
1256560 1736.2
1256570 1731.3
1256580 1731.3
1256590 1730.4
1256600 1733.5
1256610 1733.5
1256620 1737.9
1256630 1744.9
1256640 1744.9
1256650 1750.8
1256660 1753.5
1256670 1753.5
1256680 1753.2
1256690 1750.8
1256700 1750.8
1256710 1754.3
1256720 1757.8
1256730 1757.8
1256740 1754.8
1256750 1753.9
1256760 1753.9
1256770 1756.2
1256780 1761.2
1256790 1764.4
1256800 1764.4
1256810 1764.7
1256820 1762.5
1256830 1762.5
1256840 1761.0
1256850 1762.8
1256860 1762.8
1256870 1763.7
1256880 1765.3
1256890 1765.3
1256900 1767.6
1256910 1770.1
1256920 1770.1
1256930 1771.7
1256940 1771.1
1256950 1771.1
1256960 1770.0
1256970 1761.9
1256980 1761.9
1256990 1760.7
1257000 1759.7
1257010 1759.1
1257020 1759.1
1257030 1758.3
1257040 1756.8
1257050 1756.8
1257060 1755.2
1257070 1753.6
1257080 1753.6
1257090 1750.3
1257100 1744.6
1257110 1744.6
1257120 1739.3
1257130 1735.3
1257140 1735.3
1257150 1734.0
1257160 1730.7
1257170 1730.7
1257180 1724.7
1257190 1724.2
1257200 1724.2
1257210 1729.0
1257220 1732.6
1257230 1733.0
1257240 1733.0
1257250 1732.8
1257260 1731.6
1257270 1731.6
1257280 1729.1
1257290 1725.3
1257300 1725.3
1257310 1719.6
1257320 1714.2
1257330 1714.2
1257340 1711.4
1257350 1708.9
1257360 1708.9
1257370 1707.1
1257380 1707.3
1257390 1707.3
1257400 1709.7
1257410 1709.3
1257420 1709.3
1257430 1708.3
1257440 1708.1
1257450 1708.1
1257460 1708.7
1257470 1707.8
1257480 1706.5
1257490 1706.5
1257500 1705.3
1257510 1703.9
1257520 1703.9
1257530 1698.1
1257540 1695.6
1257550 1695.6
1257560 1692.4
1257570 1689.5
1257580 1689.5
1257590 1686.1
1257600 1682.2
1257610 1682.2
1257620 1678.7
1257630 1675.4
1257640 1675.4
1257650 1673.9
1257660 1672.7
1257670 1672.7
1257680 1671.1
1257690 1669.8
1257700 1669.6
1257710 1669.6
1257720 1670.2
1257730 1670.9
1257740 1670.9
1257750 1670.3
1257760 1667.9
1257770 1667.9
1257780 1665.0
1257790 1662.2
1257800 1662.2
1257810 1658.5
1257820 1653.7
1257830 1653.7
1257840 1648.3
1257850 1643.3
1257860 1643.3
1257870 1638.8
1257880 1635.0
1257890 1635.0
1257900 1632.2
1257910 1628.2
1257920 1623.6
1257930 1623.6
1257940 1618.5
1257950 1611.5
1257960 1611.5
1257970 1604.7
1257980 1598.3
1257990 1598.3
1258000 1593.6
1258010 1589.9
1258020 1589.9
1258030 1585.7
1258040 1580.9
1258050 1580.9
1258060 1576.1
1258070 1572.2
1258080 1572.2
1258090 1565.6
1258100 1560.7
1258110 1560.7
1258120 1555.1
1258130 1549.0
1258140 1549.0
1258150 1542.9
1258160 1536.4
1258170 1528.8
1258180 1528.8
1258190 1522.0
1258200 1517.4
1258210 1517.4
1258220 1515.9
1258230 1517.2
1258240 1517.2
1258250 1519.7
1258260 1519.1
1258270 1519.1
1258280 1516.1
1258290 1509.6
1258300 1509.6
1258310 1501.2
1258320 1498.9
1258330 1498.9
1258340 1504.7
1258350 1507.7
1258360 1507.7
1258370 1507.9
1258380 1508.1
1258390 1508.2
1258400 1508.2
1258410 1505.5
1258420 1502.7
1258430 1502.7
1258440 1499.2
1258450 1498.4
1258460 1498.4
1258470 1495.7
1258480 1491.5
1258490 1491.5
1258500 1489.5
1258510 1493.7
1258520 1493.7
1258530 1496.3
1258540 1498.8
1258550 1498.8
1258560 1498.9
1258570 1498.7
1258580 1498.7
1258590 1497.7
1258600 1496.5
1258610 1494.4
1258620 1494.4
1258630 1491.7
1258640 1488.5
1258650 1484.3
1258660 1481.9
1258670 1478.6
1258680 1478.6
1258690 1475.1
1258700 1471.3
1258710 1471.3
1258720 1467.8
1258730 1464.1
1258740 1464.1
1258750 1460.2
1258760 1457.1
1258770 1457.1
1258780 1453.2
1258790 1448.5
1258800 1448.5
1258810 1444.4
1258820 1441.0
1258830 1441.0
1258840 1437.6
1258850 1433.2
1258860 1427.8
1258870 1427.8
1258880 1421.8
1258890 1417.5
1258900 1417.5
1258910 1414.2
1258920 1411.4
1258930 1411.4
1258940 1409.2
1258950 1408.3
1258960 1408.3
1258970 1408.2
1258980 1407.4
1258990 1407.4
1259000 1404.1
1259010 1398.8
1259020 1398.8
1259030 1393.0
1259040 1386.9
1259050 1386.9
1259060 1383.7
1259070 1381.3
1259080 1377.3
1259090 1377.3
1259100 1371.9
1259110 1366.7
1259120 1366.7
1259130 1362.5
1259140 1358.1
1259150 1358.1
1259160 1353.3
1259170 1348.2
1259180 1348.2
1259190 1342.9
1259200 1338.3
1259210 1331.3
1259220 1326.2
1259230 1321.7
1259240 1321.7
1259250 1316.5
1259260 1311.4
1259270 1311.4
1259280 1307.1
1259290 1304.4
1259300 1302.3
1259310 1302.3
1259320 1299.5
1259330 1296.9
1259340 1296.9
1259350 1292.8
1259360 1287.7
1259370 1287.7
1259380 1277.9
1259390 1267.8
1259400 1267.8
1259410 1264.3
1259420 1261.6
1259430 1261.6
1259440 1257.7
1259450 1253.3
1259460 1253.3
1259470 1250.4
1259480 1246.6
1259490 1246.6
1259500 1240.9
1259510 1233.4
1259520 1226.1
1259530 1226.1
1259540 1218.7
1259550 1209.8
1259560 1209.8
1259570 1197.6
1259580 1184.6
1259590 1184.6
1259600 1174.4
1259610 1171.5
1259620 1171.5
1259630 1173.6
1259640 1174.8
1259650 1174.8
1259660 1173.8
1259670 1170.8
1259680 1170.8
1259690 1168.5
1259700 1166.3
1259710 1166.3
1259720 1163.6
1259730 1159.4
1259740 1159.4
1259750 1151.6
1259760 1141.6
1259770 1134.8
1259780 1128.4
1259790 1123.0
1259800 1121.1
1259810 1121.1
1259820 1116.2
1259830 1109.9
1259840 1109.9
1259850 1106.3
1259860 1100.4
1259870 1100.4
1259880 1094.4
1259890 1088.7
1259900 1088.7
1259910 1083.1
1259920 1077.8
1259930 1077.8
1259940 1072.4
1259950 1066.6
1259960 1066.6
1259970 1059.4
1259980 1052.7
1259990 1046.4
