1240000 1750.6
1240010 1750.6
1240020 1754.9
1240030 1759.5
1240040 1759.5
1240050 1765.6
1240060 1773.3
1240070 1781.1
1240080 1781.1
1240090 1788.3
1240100 1795.9
1240110 1791.2
1240120 1798.0
1240130 1804.8
1240140 1804.8
1240150 1810.9
1240160 1815.7
1240170 1815.7
1240180 1821.4
1240190 1827.8
1240200 1827.8
1240210 1834.8
1240220 1841.7
1240230 1841.7
1240240 1849.5
1240250 1856.5
1240260 1856.5
1240270 1862.9
1240280 1869.6
1240290 1877.4
1240300 1877.4
1240310 1885.9
1240320 1894.3
1240330 1894.3
1240340 1902.3
1240350 1909.4
1240360 1909.4
1240370 1916.2
1240380 1922.8
1240390 1922.8
1240400 1927.8
1240410 1933.3
1240420 1933.3
1240430 1939.1
1240440 1944.4
1240450 1944.4
1240460 1948.5
1240470 1952.3
1240480 1952.3
1240490 1956.2
1240500 1960.2
1240510 1964.1
1240520 1964.1
1240530 1967.9
1240540 1971.3
1240550 1971.3
1240560 1974.8
1240570 1978.4
1240580 1978.4
1240590 1982.1
1240600 1986.1
1240610 1986.1
1240620 1990.4
1240630 1996.3
1240640 1996.3
1240650 2000.9
1240660 2005.6
1240670 2005.6
1240680 2010.2
1240690 2014.7
1240700 2014.7
1240710 2019.1
1240720 2023.7
1240730 2023.7
1240740 2028.5
1240750 2033.7
1240760 2038.9
1240770 2038.9
1240780 2044.1
1240790 2049.7
1240800 2049.7
1240810 2055.5
1240820 2061.4
1240830 2061.4
1240840 2067.5
1240850 2073.8
1240860 2073.8
1240870 2080.3
1240880 2086.8
1240890 2086.8
1240900 2093.5
1240910 2100.7
1240920 2100.7
1240930 2107.9
1240940 2115.2
1240950 2115.2
1240960 2122.6
1240970 2130.0
1240980 2137.4
1240990 2137.4
1241000 2145.8
1241010 2156.3
1241020 2156.3
1241030 2166.3
1241040 2175.2
1241050 2175.2
1241060 2183.9
1241070 2192.2
1241080 2192.2
1241090 2200.7
1241100 2210.2
1241110 2210.2
1241120 2222.1
1241130 2233.9
1241140 2233.9
1241150 2241.1
1241160 2256.8
1241170 2256.8
1241180 2273.4
1241190 2286.3
1241200 2299.5
1241210 2299.5
1241220 2312.2
1241230 2324.0
1241240 2324.0
1241250 2337.8
1241260 2352.9
1241270 2352.9
1241280 2366.0
1241290 2378.8
1241300 2378.8
1241310 2391.1
1241320 2405.5
1241330 2405.5
1241340 2418.8
1241350 2431.8
1241360 2431.8
1241370 2443.0
1241380 2451.8
1241390 2451.8
1241400 2462.4
1241410 2476.4
1241420 2476.4
1241430 2489.8
1241440 2500.3
1241450 2511.0
1241460 2511.0
1241470 2519.0
1241480 2528.7
1241490 2528.7
1241500 2532.0
1241510 2531.1
1241520 2531.1
1241530 2529.1
1241540 2526.6
1241550 2526.6
1241560 2524.6
1241570 2522.6
1241580 2522.6
1241590 2521.3
1241600 2520.9
1241610 2520.9
1241620 2520.6
1241630 2517.9
1241640 2517.9
1241650 2516.5
1241660 2517.6
1241670 2524.6
1241680 2524.6
1241690 2525.1
1241700 2524.8
1241710 2524.8
1241720 2523.5
1241730 2521.5
1241740 2521.5
1241750 2520.6
1241760 2519.6
1241770 2519.6
1241780 2518.2
1241790 2515.1
1241800 2515.1
1241810 2513.3
1241820 2511.0
1241830 2511.0
1241840 2508.2
1241850 2506.0
1241860 2506.0
1241870 2505.1
1241880 2505.7
1241890 2506.4
1241900 2506.4
1241910 2506.6
1241920 2508.7
1241930 2508.7
1241940 2510.9
1241950 2512.7
1241960 2512.7
1241970 2515.1
1241980 2517.2
1241990 2517.2
1242000 2518.8
1242010 2520.1
1242020 2520.1
1242030 2521.3
1242040 2522.0
1242050 2522.0
1242060 2524.0
1242070 2529.4
1242080 2529.4
1242090 2536.5
1242100 2540.9
1242110 2540.9
1242120 2542.5
1242130 2544.4
1242140 2545.1
1242150 2545.1
1242160 2545.5
1242170 2546.0
1242180 2546.0
1242190 2552.3
1242200 2553.9
1242210 2553.9
1242220 2555.6
1242230 2556.4
1242240 2556.4
1242250 2557.2
1242260 2558.8
1242270 2558.8
1242280 2560.1
1242290 2560.1
1242300 2560.1
1242310 2561.2
1242320 2562.6
1242330 2562.6
1242340 2563.1
1242350 2563.9
1242360 2564.0
1242370 2564.0
1242380 2565.3
1242390 2565.9
1242400 2565.9
1242410 2564.8
1242420 2564.4
1242430 2564.4
1242440 2564.2
1242450 2564.3
1242460 2564.3
1242470 2564.7
1242480 2567.6
1242490 2567.6
1242500 2570.7
1242510 2574.3
1242520 2574.3
1242530 2577.6
1242540 2578.6
1242550 2578.6
1242560 2578.6
1242570 2580.3
1242580 2581.2
1242590 2581.2
1242600 2583.8
1242610 2587.3
1242620 2587.3
1242630 2591.1
1242640 2595.8
1242650 2595.8
1242660 2600.2
1242670 2605.6
1242680 2605.6
1242690 2612.0
1242700 2618.2
1242710 2618.2
1242720 2626.5
1242730 2632.9
1242740 2632.9
1242750 2639.4
1242760 2645.4
1242770 2645.4
1242780 2650.4
1242790 2652.1
1242800 2652.1
1242810 2651.9
1242820 2651.9
1242830 2651.3
1242840 2651.3
1242850 2649.9
1242860 2648.2
1242870 2648.2
1242880 2647.0
1242890 2646.7
1242900 2646.7
1242910 2645.8
1242920 2644.4
1242930 2644.4
1242940 2642.2
1242950 2639.8
1242960 2639.8
1242970 2637.9
1242980 2638.9
1242990 2638.9
1243000 2641.8
1243010 2645.6
1243020 2645.6
1243030 2649.0
1243040 2651.8
1243050 2655.2
1243060 2655.2
1243070 2658.8
1243080 2662.9
1243090 2662.9
1243100 2667.4
1243110 2673.0
1243120 2673.0
1243130 2680.2
1243140 2688.7
1243150 2688.7
1243160 2696.6
1243170 2706.0
1243180 2706.0
1243190 2715.2
1243200 2709.1
1243210 2709.1
1243220 2698.5
1243230 2689.7
1243240 2688.9
1243250 2677.9
1243260 2663.7
1243270 2651.6
1243280 2651.6
1243290 2643.0
1243300 2638.8
1243310 2638.8
1243320 2633.7
1243330 2628.6
1243340 2628.6
1243350 2623.9
1243360 2619.6
1243370 2619.6
1243380 2615.9
1243390 2613.1
1243400 2613.1
1243410 2611.2
1243420 2609.2
1243430 2609.2
1243440 2607.1
1243450 2603.8
1243460 2603.8
1243470 2599.4
1243480 2594.6
1243490 2594.6
1243500 2590.2
1243510 2585.7
1243520 2581.3
1243530 2581.3
1243540 2576.6
1243550 2571.8
1243560 2571.8
1243570 2567.1
1243580 2564.0
1243590 2564.0
1243600 2561.2
1243610 2558.3
1243620 2558.3
1243630 2555.7
1243640 2553.2
1243650 2553.2
1243660 2551.0
1243670 2548.2
1243680 2548.2
1243690 2545.8
1243700 2543.8
1243710 2543.8
1243720 2542.0
1243730 2539.6
1243740 2536.7
1243750 2536.7
1243760 2534.3
1243770 2527.4
1243780 2527.4
1243790 2526.5
1243800 2525.9
1243810 2525.9
1243820 2524.7
1243830 2523.0
1243840 2523.0
1243850 2521.1
1243860 2518.6
1243870 2518.6
1243880 2516.0
1243890 2513.0
1243900 2513.0
1243910 2509.9
1243920 2506.9
1243930 2506.9
1243940 2503.5
1243950 2500.6
1243960 2499.1
1243970 2499.1
1243980 2497.2
1243990 2495.3
1244000 2495.3
1244010 2492.9
1244020 2488.5
1244030 2488.5
1244040 2484.6
1244050 2480.9
1244060 2480.9
1244070 2476.6
1244080 2472.2
1244090 2472.2
1244100 2468.7
1244110 2465.9
1244120 2465.9
1244130 2462.8
1244140 2459.4
1244150 2459.4
1244160 2456.3
1244170 2453.0
1244180 2449.6
1244190 2449.6
1244200 2446.8
1244210 2445.1
1244220 2445.1
1244230 2442.7
1244240 2437.1
1244250 2437.1
1244260 2431.4
1244270 2426.0
1244280 2426.0
1244290 2421.3
1244300 2417.7
1244310 2417.7
1244320 2414.0
1244330 2411.1
1244340 2411.1
1244350 2407.7
1244360 2403.7
1244370 2403.7
1244380 2399.7
1244390 2395.2
1244400 2395.2
1244410 2390.6
1244420 2386.5
1244430 2382.2
1244440 2382.2
1244450 2376.9
1244460 2371.3
1244470 2371.3
1244480 2364.8
1244490 2358.2
1244500 2358.2
1244510 2352.6
1244520 2348.1
1244530 2348.1
1244540 2343.2
1244550 2338.0
1244560 2338.0
1244570 2333.2
1244580 2328.4
1244590 2328.4
1244600 2323.5
1244610 2319.6
1244620 2319.6
1244630 2316.3
1244640 2312.5
1244650 2309.7
1244660 2309.7
1244670 2305.7
1244680 2301.1
1244690 2301.1
1244700 2295.8
1244710 2290.4
1244720 2290.4
1244730 2284.7
1244740 2278.2
1244750 2278.2
1244760 2271.7
1244770 2265.4
1244780 2265.4
1244790 2258.9
1244800 2252.8
1244810 2252.8
1244820 2246.7
1244830 2237.8
1244840 2237.8
1244850 2232.7
1244860 2227.8
1244870 2222.5
1244880 2222.5
1244890 2217.0
1244900 2211.5
1244910 2211.5
1244920 2206.3
1244930 2201.0
1244940 2201.0
1244950 2195.5
1244960 2190.9
1244970 2190.9
1244980 2186.8
1244990 2183.0
1245000 2183.0
1245010 2179.2
1245020 2175.7
1245030 2175.7
1245040 2172.3
1245050 2169.2
1245060 2169.2
1245070 2165.8
1245080 2163.9
1245090 2163.9
1245100 2162.9
1245110 2161.8
1245120 2159.5
1245130 2159.5
1245140 2157.8
1245150 2157.6
1245160 2157.6
1245170 2155.6
1245180 2152.4
1245190 2152.4
1245200 2150.6
1245210 2148.9
1245220 2148.9
1245230 2147.7
1245240 2150.3
1245250 2150.3
1245260 2152.8
1245270 2155.5
1245280 2155.5
1245290 2158.5
1245300 2163.1
1245310 2163.1
1245320 2167.1
1245330 2171.1
1245340 2174.1
1245350 2174.1
1245360 2181.5
1245370 2184.8
1245380 2184.8
1245390 2189.2
1245400 2194.3
1245410 2194.3
1245420 2198.0
1245430 2202.4
1245440 2202.4
1245450 2207.4
1245460 2212.1
1245470 2212.1
1245480 2215.4
1245490 2219.6
1245500 2219.6
1245510 2224.5
1245520 2230.6
1245530 2230.6
1245540 2238.1
1245550 2245.6
1245560 2251.4
1245570 2251.4
1245580 2257.0
1245590 2262.3
1245600 2262.3
1245610 2266.6
1245620 2269.3
1245630 2269.3
1245640 2270.2
1245650 2269.5
1245660 2269.5
1245670 2268.1
1245680 2266.3
1245690 2266.3
1245700 2265.1
1245710 2264.4
1245720 2264.4
1245730 2264.8
1245740 2266.0
1245750 2266.0
1245760 2267.7
1245770 2269.9
1245780 2269.9
1245790 2273.0
1245800 2275.9
1245810 2280.5
1245820 2280.5
1245830 2286.2
1245840 2292.7
1245850 2292.7
1245860 2300.0
1245870 2306.3
1245880 2306.3
1245890 2316.2
1245900 2318.9
1245910 2318.9
1245920 2320.1
1245930 2323.8
1245940 2323.8
1245950 2329.2
1245960 2335.2
1245970 2335.2
1245980 2342.0
1245990 2349.9
1246000 2349.9
1246010 2360.9
1246020 2375.3
1246030 2386.4
1246040 2386.4
1246050 2395.5
1246060 2399.3
1246070 2399.3
1246080 2402.3
1246090 2405.0
1246100 2405.0
1246110 2404.9
1246120 2403.2
1246130 2403.2
1246140 2401.3
1246150 2399.2
1246160 2399.2
1246170 2394.5
1246180 2390.8
1246190 2390.8
1246200 2389.8
1246210 2390.4
1246220 2390.4
1246230 2392.0
1246240 2396.1
1246250 2403.4
1246260 2403.4
1246270 2411.3
1246280 2410.6
1246290 2410.6
1246300 2413.3
1246310 2423.4
1246320 2423.4
1246330 2429.2
1246340 2432.0
1246350 2432.0
1246360 2432.2
1246370 2431.8
1246380 2431.8
1246390 2430.7
1246400 2430.1
1246410 2430.1
1246420 2430.4
1246430 2430.3
1246440 2430.3
1246450 2432.0
1246460 2434.7
1246470 2434.7
1246480 2438.7
1246490 2439.6
1246500 2439.3
1246510 2439.3
1246520 2440.3
1246530 2444.6
1246540 2444.6
1246550 2449.8
1246560 2451.2
1246570 2451.2
1246580 2445.3
1246590 2437.9
1246600 2437.9
1246610 2430.7
1246620 2422.6
1246630 2422.6
1246640 2414.5
1246650 2406.7
1246660 2406.7
1246670 2399.3
1246680 2394.4
1246690 2394.4
1246700 2393.0
1246710 2390.8
1246720 2389.3
1246730 2389.3
1246740 2388.8
1246750 2389.1
1246760 2389.1
1246770 2390.6
1246780 2393.1
1246790 2393.1
1246800 2393.2
1246810 2390.9
1246820 2390.9
1246830 2389.2
1246840 2387.9
1246850 2387.9
1246860 2385.6
1246870 2384.7
1246880 2384.7
1246890 2385.7
1246900 2388.3
1246910 2388.3
1246920 2391.2
1246930 2393.0
1246940 2393.6
1246950 2398.1
1246960 2397.9
1246970 2397.6
1246980 2397.6
1246990 2397.3
1247000 2397.5
1247010 2397.5
1247020 2399.2
1247030 2402.6
1247040 2402.6
1247050 2406.5
1247060 2411.2
1247070 2411.2
1247080 2417.4
1247090 2423.8
1247100 2423.8
1247110 2429.9
1247120 2435.6
1247130 2435.6
1247140 2440.7
1247150 2450.0
1247160 2450.0
1247170 2459.6
1247180 2467.5
1247190 2473.4
1247200 2473.4
1247210 2477.3
1247220 2478.6
1247230 2478.6
1247240 2480.5
1247250 2482.2
1247260 2482.2
1247270 2483.4
1247280 2485.1
1247290 2485.1
1247300 2487.7
1247310 2491.6
1247320 2491.6
1247330 2496.9
1247340 2502.1
1247350 2502.1
1247360 2513.2
1247370 2524.3
1247380 2524.3
1247390 2534.3
1247400 2538.7
1247410 2541.7
1247420 2541.7
1247430 2547.4
1247440 2554.4
1247450 2554.4
1247460 2561.9
1247470 2569.9
1247480 2569.9
1247490 2578.9
1247500 2585.2
1247510 2585.2
1247520 2594.4
1247530 2598.3
1247540 2598.3
1247550 2592.5
1247560 2586.5
1247570 2586.5
1247580 2583.5
1247590 2580.8
1247600 2580.8
1247610 2577.8
1247620 2575.1
1247630 2571.8
1247640 2571.8
1247650 2567.9
1247660 2564.4
1247670 2564.4
1247680 2561.5
1247690 2557.5
1247700 2557.5
1247710 2553.1
1247720 2548.7
1247730 2548.7
1247740 2544.3
1247750 2540.6
1247760 2540.6
1247770 2537.6
1247780 2535.2
1247790 2535.2
1247800 2532.5
1247810 2529.2
1247820 2529.2
1247830 2525.8
1247840 2521.3
1247850 2521.3
1247860 2515.1
1247870 2508.6
1247880 2502.6
1247890 2502.6
1247900 2496.7
1247910 2490.9
1247920 2490.9
1247930 2485.3
1247940 2483.1
1247950 2483.1
1247960 2484.2
1247970 2484.8
1247980 2484.8
1247990 2485.2
1248000 2486.5
1248010 2486.5
1248020 2482.0
1248030 2482.3
1248040 2482.3
1248050 2480.8
1248060 2477.7
1248070 2477.7
1248080 2472.5
1248090 2466.5
1248100 2460.3
1248110 2460.3
1248120 2455.0
1248130 2450.3
1248140 2450.3
1248150 2445.3
1248160 2441.1
1248170 2441.1
1248180 2438.6
1248190 2435.5
1248200 2435.5
1248210 2430.5
1248220 2423.9
1248230 2423.9
1248240 2417.1
1248250 2412.2
1248260 2412.2
1248270 2410.8
1248280 2409.2
1248290 2409.2
1248300 2404.5
1248310 2397.4
1248320 2389.9
1248330 2389.9
1248340 2383.2
1248350 2376.0
1248360 2376.0
1248370 2369.0
1248380 2362.6
1248390 2362.6
1248400 2356.6
1248410 2351.7
1248420 2351.7
1248430 2345.9
1248440 2336.7
1248450 2336.7
1248460 2327.4
1248470 2318.4
1248480 2318.4
1248490 2311.7
1248500 2306.4
1248510 2306.4
1248520 2301.0
1248530 2294.9
1248540 2288.7
1248550 2288.7
1248560 2279.8
1248570 2273.4
1248580 2273.4
1248590 2266.5
1248600 2259.1
1248610 2259.1
1248620 2252.9
1248630 2246.7
1248640 2246.7
1248650 2240.2
1248660 2233.9
1248670 2233.9
1248680 2230.2
1248690 2230.2
1248700 2230.2
1248710 2232.6
1248720 2230.0
1248730 2230.0
1248740 2223.8
1248750 2216.9
1248760 2216.9
1248770 2210.2
1248780 2202.9
1248790 2195.6
1248800 2195.6
1248810 2189.0
1248820 2185.3
1248830 2185.3
1248840 2181.3
1248850 2175.7
1248860 2175.7
1248870 2175.4
1248880 2177.0
1248890 2177.0
1248900 2175.2
1248910 2171.9
1248920 2171.9
1248930 2167.4
1248940 2161.9
1248950 2161.9
1248960 2156.7
1248970 2152.0
1248980 2152.0
1248990 2147.1
1249000 2141.9
1249010 2136.2
1249020 2136.2
1249030 2128.6
1249040 2120.8
1249050 2120.8
1249060 2114.1
1249070 2110.0
1249080 2110.0
1249090 2107.4
1249100 2098.2
1249110 2098.2
1249120 2094.4
1249130 2090.2
1249140 2090.2
1249150 2086.7
1249160 2083.6
1249170 2083.6
1249180 2080.1
1249190 2076.9
1249200 2076.9
1249210 2074.8
1249220 2072.0
1249230 2069.1
1249240 2069.1
1249250 2065.4
1249260 2061.3
1249270 2061.3
1249280 2057.7
1249290 2054.4
1249300 2054.4
1249310 2051.9
1249320 2048.9
1249330 2048.9
1249340 2045.4
1249350 2042.6
1249360 2042.6
1249370 2040.9
1249380 2037.5
1249390 2037.5
1249400 2032.7
1249410 2026.2
1249420 2026.2
1249430 2019.2
1249440 2013.7
1249450 2013.7
1249460 2008.0
1249470 2001.3
1249480 1993.4
1249490 1993.4
1249500 1982.1
1249510 1971.5
1249520 1971.5
1249530 1962.5
1249540 1957.6
1249550 1957.6
1249560 1958.0
1249570 1958.0
1249580 1958.0
1249590 1957.8
1249600 1957.5
1249610 1957.5
1249620 1956.8
1249630 1954.9
1249640 1949.0
1249650 1947.2
1249660 1944.6
1249670 1944.6
1249680 1939.9
1249690 1936.9
1249700 1935.4
1249710 1935.4
1249720 1933.7
1249730 1931.9
1249740 1931.9
1249750 1929.9
1249760 1928.6
1249770 1928.6
1249780 1927.4
1249790 1925.6
1249800 1925.6
1249810 1923.6
1249820 1921.4
1249830 1921.4
1249840 1917.3
1249850 1913.0
1249860 1913.0
1249870 1907.3
1249880 1900.1
1249890 1900.1
1249900 1894.6
1249910 1887.8
1249920 1885.2
1249930 1885.2
1249940 1887.3
1249950 1889.2
1249960 1889.2
1249970 1884.5
1249980 1879.3
1249990 1879.3
1250000 1881.8
1250010 1884.3
1250020 1884.3
1250030 1885.6
1250040 1885.5
1250050 1885.5
1250060 1884.7
1250070 1882.8
1250080 1882.8
1250090 1880.6
1250100 1876.7
1250110 1876.7
1250120 1873.5
1250130 1875.7
1250140 1875.7
1250150 1877.2
1250160 1876.2
1250170 1875.4
1250180 1870.6
1250190 1869.7
1250200 1867.6
1250210 1867.6
1250220 1864.7
1250230 1861.9
1250240 1861.9
1250250 1859.1
1250260 1856.1
1250270 1856.1
1250280 1853.4
1250290 1850.8
1250300 1850.8
1250310 1847.5
1250320 1843.9
1250330 1843.9
1250340 1840.6
1250350 1837.4
1250360 1837.4
1250370 1834.1
1250380 1829.6
1250390 1824.0
1250400 1824.0
1250410 1817.1
1250420 1812.0
1250430 1812.0
1250440 1813.6
1250450 1816.1
1250460 1816.1
1250470 1814.0
1250480 1811.5
1250490 1811.5
1250500 1809.4
1250510 1807.9
1250520 1807.9
1250530 1807.7
1250540 1808.7
1250550 1808.7
1250560 1808.6
1250570 1806.0
1250580 1806.0
1250590 1801.5
1250600 1797.0
1250610 1792.5
1250620 1792.5
1250630 1787.9
1250640 1782.8
1250650 1782.8
1250660 1777.2
1250670 1772.7
1250680 1772.7
1250690 1769.5
1250700 1764.8
1250710 1764.8
1250720 1757.8
1250730 1751.4
1250740 1751.4
1250750 1744.5
1250760 1738.5
1250770 1738.5
1250780 1733.6
1250790 1729.6
1250800 1729.6
1250810 1725.7
1250820 1720.1
1250830 1720.1
1250840 1712.1
1250850 1704.4
1250860 1699.4
1250870 1699.4
1250880 1695.9
1250890 1692.4
1250900 1692.4
1250910 1688.2
1250920 1681.9
1250930 1681.9
1250940 1675.2
1250950 1666.9
1250960 1666.9
1250970 1659.6
1250980 1653.3
1250990 1653.3
1251000 1646.1
1251010 1638.0
1251020 1638.0
1251030 1630.6
1251040 1625.4
1251050 1625.4
1251060 1623.1
1251070 1625.3
1251080 1632.1
1251090 1632.1
1251100 1642.8
1251110 1650.3
1251120 1650.3
1251130 1651.1
1251140 1650.0
1251150 1650.0
1251160 1648.6
1251170 1645.9
1251180 1645.9
1251190 1642.4
1251200 1640.2
1251210 1640.2
1251220 1639.4
1251230 1641.6
1251240 1641.6
1251250 1642.2
1251260 1632.1
1251270 1632.1
1251280 1626.4
1251290 1622.3
1251300 1620.9
1251310 1620.9
1251320 1620.1
1251330 1618.4
1251340 1618.4
1251350 1616.1
1251360 1614.5
1251370 1614.5
1251380 1613.0
1251390 1611.3
1251400 1611.3
1251410 1609.4
1251420 1607.3
1251430 1607.3
1251440 1604.8
1251450 1602.2
1251460 1602.2
1251470 1599.4
1251480 1596.0
1251490 1596.0
1251500 1592.1
1251510 1587.8
1251520 1587.8
1251530 1584.0
1251540 1580.5
1251550 1576.6
1251560 1576.6
1251570 1572.4
1251580 1565.6
1251590 1565.6
1251600 1561.0
1251610 1562.7
1251620 1562.7
1251630 1569.2
1251640 1572.5
1251650 1572.5
1251660 1573.1
1251670 1573.4
1251680 1573.4
1251690 1572.8
1251700 1572.2
1251710 1572.2
1251720 1572.6
1251730 1572.7
1251740 1572.7
1251750 1571.9
1251760 1570.4
1251770 1566.4
1251780 1566.4
1251790 1560.5
1251800 1553.6
1251810 1548.5
1251820 1542.3
1251830 1537.9
1251840 1537.9
1251850 1533.0
1251860 1528.4
1251870 1528.4
1251880 1526.3
1251890 1525.2
1251900 1525.2
1251910 1521.4
1251920 1517.3
1251930 1517.3
1251940 1514.2
1251950 1522.2
1251960 1522.2
1251970 1534.0
1251980 1541.5
1251990 1550.2
1252000 1550.2
1252010 1559.1
1252020 1568.7
1252030 1568.7
1252040 1573.6
1252050 1567.9
1252060 1567.9
1252070 1560.1
1252080 1551.3
1252090 1551.3
1252100 1542.8
1252110 1535.4
1252120 1535.4
1252130 1529.5
1252140 1528.9
1252150 1528.9
1252160 1532.7
1252170 1538.0
1252180 1538.0
1252190 1545.1
1252200 1553.4
1252210 1562.3
1252220 1562.3
1252230 1571.6
1252240 1579.7
1252250 1579.7
1252260 1583.2
1252270 1584.6
1252280 1584.6
1252290 1585.8
1252300 1587.4
1252310 1587.4
1252320 1588.5
1252330 1589.3
1252340 1589.3
1252350 1590.1
1252360 1585.5
1252370 1585.5
1252380 1586.3
1252390 1587.4
1252400 1587.4
1252410 1588.0
1252420 1589.1
1252430 1589.1
1252440 1590.4
1252450 1592.3
1252460 1594.1
1252470 1594.1
1252480 1594.7
1252490 1595.8
1252500 1595.8
1252510 1595.9
1252520 1593.8
1252530 1593.8
1252540 1590.8
1252550 1589.4
1252560 1589.4
1252570 1591.5
1252580 1595.0
1252590 1595.0
1252600 1596.9
1252610 1598.8
1252620 1598.8
1252630 1595.5
1252640 1591.5
1252650 1591.5
1252660 1589.7
1252670 1583.7
1252680 1578.3
1252690 1578.3
1252700 1576.1
1252710 1568.7
1252720 1568.7
1252730 1558.3
1252740 1549.7
1252750 1549.7
1252760 1549.4
1252770 1556.1
1252780 1556.1
1252790 1563.4
1252800 1566.3
1252810 1566.3
1252820 1567.5
1252830 1576.1
1252840 1576.1
1252850 1586.6
1252860 1594.8
1252870 1594.8
1252880 1603.8
1252890 1611.8
1252900 1606.5
1252910 1606.5
1252920 1609.9
1252930 1614.4
1252940 1614.4
1252950 1620.2
1252960 1625.8
1252970 1625.8
1252980 1629.7
1252990 1630.6
1253000 1630.6
1253010 1630.0
1253020 1631.4
1253030 1631.4
1253040 1632.4
1253050 1632.8
1253060 1632.8
1253070 1632.0
1253080 1628.7
1253090 1628.7
1253100 1623.9
1253110 1621.2
1253120 1621.2
1253130 1624.2
1253140 1629.9
1253150 1634.5
1253160 1634.5
1253170 1636.6
1253180 1637.6
1253190 1637.6
1253200 1638.0
1253210 1637.4
1253220 1637.4
1253230 1635.1
1253240 1632.6
1253250 1632.6
1253260 1633.6
1253270 1633.9
1253280 1633.9
1253290 1632.8
1253300 1630.9
1253310 1630.9
1253320 1627.0
1253330 1622.9
1253340 1622.9
1253350 1620.7
1253360 1622.8
1253370 1625.5
1253380 1625.5
1253390 1624.2
1253400 1621.0
1253410 1621.0
1253420 1616.0
1253430 1608.2
1253440 1608.2
1253450 1599.6
1253460 1590.4
1253470 1590.4
1253480 1579.3
1253490 1568.5
1253500 1568.5
1253510 1560.0
1253520 1552.0
1253530 1552.0
1253540 1543.7
1253550 1535.5
1253560 1535.5
1253570 1528.1
1253580 1521.6
1253590 1516.9
1253600 1516.9
1253610 1517.6
1253620 1518.4
1253630 1518.4
1253640 1512.6
1253650 1504.4
1253660 1504.4
1253670 1496.3
1253680 1488.2
1253690 1488.2
1253700 1481.0
1253710 1473.4
1253720 1473.4
1253730 1467.6
1253740 1468.6
1253750 1468.6
1253760 1471.9
1253770 1464.5
1253780 1464.5
1253790 1463.2
1253800 1474.6
1253810 1474.6
1253820 1486.5
1253830 1502.2
1253840 1516.4
1253850 1516.4
1253860 1528.0
1253870 1536.3
1253880 1536.3
1253890 1545.1
1253900 1553.5
1253910 1553.5
1253920 1561.9
1253930 1569.8
1253940 1569.8
1253950 1577.4
1253960 1586.7
1253970 1586.7
1253980 1597.9
1253990 1598.5
1254000 1594.8
1254010 1587.0
1254020 1574.4
1254030 1574.4
1254040 1564.6
1254050 1554.6
1254060 1549.5
1254070 1549.5
1254080 1549.0
1254090 1555.0
1254100 1555.0
1254110 1563.0
1254120 1568.4
1254130 1568.4
1254140 1574.7
1254150 1591.4
1254160 1591.4
1254170 1616.1
1254180 1638.4
1254190 1638.4
1254200 1669.2
1254210 1689.9
1254220 1689.9
1254230 1715.2
1254240 1720.1
1254250 1720.1
1254260 1721.4
1254270 1725.2
1254280 1749.8
1254290 1749.8
1254300 1774.7
1254310 1785.0
1254320 1785.0
1254330 1787.4
1254340 1789.5
1254350 1789.5
1254360 1790.5
1254370 1790.9
1254380 1790.9
1254390 1790.3
1254400 1788.6
1254410 1788.6
1254420 1790.5
1254430 1798.4
1254440 1798.4
1254450 1804.2
1254460 1808.6
1254470 1808.6
1254480 1813.9
1254490 1819.3
1254500 1819.3
1254510 1824.0
1254520 1828.0
1254530 1831.9
1254540 1831.9
1254550 1830.7
1254560 1834.1
1254570 1834.1
1254580 1836.3
1254590 1837.9
1254600 1837.9
1254610 1839.1
1254620 1840.8
1254630 1840.8
1254640 1841.6
1254650 1839.3
1254660 1839.3
1254670 1836.2
1254680 1834.9
1254690 1834.9
1254700 1834.7
1254710 1833.7
1254720 1833.7
1254730 1833.7
1254740 1834.7
1254750 1835.3
1254760 1835.3
1254770 1834.7
1254780 1833.5
1254790 1833.5
1254800 1828.8
1254810 1823.5
1254820 1823.5
1254830 1818.8
1254840 1813.2
1254850 1813.2
1254860 1806.6
1254870 1799.3
1254880 1799.3
1254890 1791.9
1254900 1783.7
1254910 1783.7
1254920 1776.3
1254930 1770.2
1254940 1770.2
1254950 1757.3
1254960 1746.9
1254970 1750.9
1254980 1750.9
1254990 1765.2
1255000 1773.8
1255010 1773.8
1255020 1779.7
1255030 1781.5
1255040 1781.5
1255050 1788.2
1255060 1799.4
1255070 1799.4
1255080 1810.7
1255090 1823.5
1255100 1823.5
1255110 1832.6
1255120 1840.8
1255130 1840.8
1255140 1850.1
1255150 1859.1
1255160 1859.1
1255170 1867.4
1255180 1875.1
1255190 1875.1
1255200 1883.1
1255210 1889.4
1255220 1888.2
1255230 1888.2
1255240 1884.7
1255250 1877.7
1255260 1877.7
1255270 1882.1
1255280 1893.3
1255290 1893.3
1255300 1917.4
1255310 1932.3
1255320 1932.3
1255330 1942.0
1255340 1950.3
1255350 1950.3
1255360 1958.1
1255370 1964.4
1255380 1964.4
1255390 1970.2
1255400 1975.5
1255410 1975.5
1255420 1980.5
1255430 1986.5
1255440 1993.0
1255450 1993.0
1255460 1999.4
1255470 2005.5
1255480 2005.5
1255490 2012.1
1255500 2018.8
1255510 2018.8
1255520 2026.0
1255530 2035.7
1255540 2035.7
1255550 2043.6
1255560 2048.8
1255570 2048.8
1255580 2052.1
1255590 2054.0
1255600 2054.0
1255610 2055.0
1255620 2057.0
1255630 2057.0
1255640 2060.6
1255650 2065.3
1255660 2066.3
1255670 2066.3
1255680 2071.7
1255690 2076.5
1255700 2076.5
1255710 2081.3
1255720 2086.3
1255730 2086.3
1255740 2091.0
1255750 2094.6
1255760 2094.6
1255770 2098.2
1255780 2102.2
1255790 2102.2
1255800 2102.7
1255810 2100.8
1255820 2100.8
1255830 2098.3
1255840 2094.9
1255850 2094.9
1255860 2089.6
1255870 2083.1
1255880 2076.0
1255890 2076.0
1255900 2069.2
1255910 2062.8
1255920 2062.8
1255930 2057.4
1255940 2051.8
1255950 2051.8
1255960 2046.2
1255970 2040.9
1255980 2040.9
1255990 2035.4
1256000 2029.6
1256010 2029.6
1256020 2023.6
1256030 2016.8
1256040 2016.8
1256050 2009.1
1256060 2000.6
1256070 2000.6
1256080 1991.6
1256090 1983.2
1256100 1983.2
1256110 1975.5
1256120 1967.7
1256130 1963.7
1256140 1963.7
1256150 1960.7
1256160 1960.0
1256170 1960.0
1256180 1960.3
1256190 1959.3
1256200 1959.3
1256210 1959.8
1256220 1945.6
1256230 1945.6
1256240 1938.8
1256250 1932.4
1256260 1932.4
1256270 1926.3
1256280 1918.4
1256290 1918.4
1256300 1906.8
1256310 1892.9
1256320 1892.9
1256330 1880.2
1256340 1872.4
1256350 1868.1
1256360 1868.1
1256370 1860.3
1256380 1847.8
1256390 1847.8
1256400 1832.6
1256410 1822.0
1256420 1822.0
1256430 1812.5
1256440 1803.1
1256450 1803.1
1256460 1794.1
1256470 1784.7
1256480 1784.7
1256490 1778.5
1256500 1770.2
1256510 1770.2
1256520 1761.8
1256530 1753.3
1256540 1753.3
1256550 1745.2
1256560 1737.0
1256570 1729.3
1256580 1729.3
1256590 1724.1
1256600 1725.7
1256610 1725.7
1256620 1728.9
1256630 1732.3
1256640 1732.3
1256650 1735.3
1256660 1739.2
1256670 1739.2
1256680 1741.6
1256690 1740.7
1256700 1740.7
1256710 1745.8
1256720 1751.4
1256730 1751.4
1256740 1747.8
1256750 1744.8
1256760 1744.8
1256770 1737.7
1256780 1742.4
1256790 1742.4
1256800 1744.4
1256810 1744.6
1256820 1743.8
1256830 1743.8
1256840 1744.4
1256850 1745.7
1256860 1745.7
1256870 1746.8
1256880 1750.6
1256890 1750.6
1256900 1755.0
1256910 1757.0
1256920 1757.0
1256930 1757.6
1256940 1757.5
1256950 1757.5
1256960 1756.8
1256970 1755.6
1256980 1755.6
1256990 1754.3
1257000 1753.1
1257010 1753.1
1257020 1752.3
1257030 1751.6
1257040 1750.0
1257050 1750.0
1257060 1748.5
1257070 1747.2
1257080 1747.2
1257090 1745.4
1257100 1741.9
1257110 1741.9
1257120 1736.3
1257130 1730.2
1257140 1730.2
1257150 1727.0
1257160 1724.8
1257170 1724.8
1257180 1719.5
1257190 1717.6
1257200 1717.6
1257210 1720.7
1257220 1725.4
1257230 1725.4
1257240 1726.6
1257250 1725.8
1257260 1724.3
1257270 1724.3
1257280 1722.2
1257290 1719.2
1257300 1719.2
1257310 1714.1
1257320 1709.3
1257330 1704.5
1257340 1701.8
1257350 1699.3
1257360 1699.3
1257370 1697.9
1257380 1698.1
1257390 1698.1
1257400 1699.9
1257410 1700.2
1257420 1700.2
1257430 1700.0
1257440 1699.1
1257450 1699.1
1257460 1699.2
1257470 1699.5
1257480 1699.5
1257490 1699.0
1257500 1698.1
1257510 1697.1
1257520 1697.1
1257530 1694.9
1257540 1691.8
1257550 1691.8
1257560 1688.9
1257570 1686.0
1257580 1686.0
1257590 1682.6
1257600 1679.0
1257610 1679.0
1257620 1675.6
1257630 1672.5
1257640 1672.5
1257650 1670.4
1257660 1668.8
1257670 1668.8
1257680 1667.4
1257690 1666.4
1257700 1666.4
1257710 1666.2
1257720 1666.9
1257730 1667.8
1257740 1667.8
1257750 1666.6
1257760 1663.5
1257770 1663.5
1257780 1659.4
1257790 1656.5
1257800 1656.5
1257810 1653.8
1257820 1649.1
1257830 1649.1
1257840 1643.0
1257850 1637.3
1257860 1637.3
1257870 1632.1
1257880 1628.1
1257890 1620.8
1257900 1618.5
1257910 1616.7
1257920 1616.7
1257930 1612.2
1257940 1609.0
1257950 1606.4
1257960 1606.4
1257970 1601.5
1257980 1595.2
1257990 1595.2
1258000 1588.9
1258010 1583.9
1258020 1583.9
1258030 1580.8
1258040 1577.2
1258050 1577.2
1258060 1572.5
1258070 1567.4
1258080 1567.4
1258090 1562.5
1258100 1557.5
1258110 1557.5
1258120 1552.2
1258130 1546.5
1258140 1546.5
1258150 1540.2
1258160 1534.1
1258170 1534.1
1258180 1527.1
1258190 1520.0
1258200 1513.5
1258210 1513.5
1258220 1509.7
1258230 1510.4
1258240 1510.4
1258250 1512.2
1258260 1511.4
1258270 1511.4
1258280 1509.3
1258290 1505.1
1258300 1505.1
1258310 1497.0
1258320 1492.6
1258330 1492.6
1258340 1497.8
1258350 1501.5
1258360 1501.5
1258370 1502.4
1258380 1503.4
1258390 1503.4
1258400 1504.2
1258410 1503.3
1258420 1499.6
1258430 1499.6
1258440 1494.4
1258450 1486.4
1258460 1486.4
1258470 1486.0
1258480 1483.1
1258490 1483.1
1258500 1478.7
1258510 1480.8
1258520 1480.8
1258530 1481.3
1258540 1483.6
1258550 1483.6
1258560 1486.5
1258570 1487.2
1258580 1487.2
1258590 1488.0
1258600 1487.1
1258610 1487.1
1258620 1485.1
1258630 1482.5
1258640 1480.4
1258650 1480.4
1258660 1477.9
1258670 1474.6
1258680 1474.6
1258690 1471.0
1258700 1467.4
1258710 1467.4
1258720 1464.1
1258730 1460.1
1258740 1460.1
1258750 1454.8
1258760 1451.2
1258770 1451.2
1258780 1447.7
1258790 1443.1
1258800 1443.1
1258810 1438.8
1258820 1434.7
1258830 1434.7
1258840 1431.1
1258850 1427.2
1258860 1422.4
1258870 1422.4
1258880 1416.6
1258890 1411.8
1258900 1411.8
1258910 1408.3
1258920 1405.0
1258930 1405.0
1258940 1401.8
1258950 1399.7
1258960 1399.7
1258970 1398.1
1258980 1396.6
1258990 1396.6
1259000 1394.8
1259010 1382.6
1259020 1382.6
1259030 1378.9
1259040 1372.9
1259050 1372.9
1259060 1368.0
1259070 1363.6
1259080 1363.6
1259090 1359.0
1259100 1354.2
1259110 1349.8
1259120 1349.8
1259130 1345.6
1259140 1341.8
1259150 1341.8
1259160 1337.6
1259170 1332.8
1259180 1332.8
1259190 1328.0
1259200 1323.1
1259210 1323.1
1259220 1317.5
1259230 1312.6
1259240 1312.6
1259250 1308.0
1259260 1304.1
1259270 1304.1
1259280 1301.7
1259290 1298.6
1259300 1298.6
1259310 1295.2
1259320 1292.1
1259330 1289.0
1259340 1289.0
1259350 1284.4
1259360 1277.7
1259370 1277.7
1259380 1269.8
1259390 1261.4
1259400 1261.4
1259410 1255.9
1259420 1253.4
1259430 1253.4
1259440 1249.5
1259450 1245.7
1259460 1245.7
1259470 1243.5
1259480 1240.6
1259490 1240.6
1259500 1236.3
1259510 1232.5
1259520 1232.5
1259530 1227.3
1259540 1219.8
1259550 1210.9
1259560 1210.9
1259570 1195.5
1259580 1181.1
1259590 1181.1
1259600 1169.1
1259610 1159.6
1259620 1159.6
1259630 1155.1
1259640 1155.0
1259650 1155.0
1259660 1155.7
1259670 1154.0
1259680 1154.0
1259690 1151.9
1259700 1149.3
1259710 1149.3
1259720 1145.3
1259730 1141.4
1259740 1141.4
1259750 1136.4
1259760 1130.2
1259770 1130.2
1259780 1123.1
1259790 1116.9
1259800 1112.7
1259810 1112.7
1259820 1108.8
1259830 1102.8
1259840 1102.8
1259850 1097.7
1259860 1092.4
1259870 1092.4
1259880 1085.4
1259890 1080.4
1259900 1080.4
1259910 1076.8
1259920 1072.6
1259930 1072.6
1259940 1068.0
1259950 1062.6
1259960 1062.6
1259970 1055.8
1259980 1049.1
1259990 1049.1
