1240000 1762.8
1240010 1771.2
1240020 1771.2
1240030 1776.5
1240040 1782.4
1240050 1782.4
1240060 1788.5
1240070 1792.9
1240080 1792.9
1240090 1796.7
1240100 1802.3
1240110 1802.3
1240120 1808.5
1240130 1813.8
1240140 1818.8
1240150 1818.8
1240160 1824.9
1240170 1832.1
1240180 1832.1
1240190 1842.6
1240200 1859.5
1240210 1859.5
1240220 1873.3
1240230 1884.9
1240240 1884.9
1240250 1893.1
1240260 1902.9
1240270 1902.9
1240280 1913.6
1240290 1922.4
1240300 1922.4
1240310 1933.6
1240320 1947.3
1240330 1947.3
1240340 1955.2
1240350 1958.2
1240360 1959.3
1240370 1959.3
1240380 1956.2
1240390 1953.6
1240400 1953.6
1240410 1964.1
1240420 1974.8
1240430 1974.8
1240440 1984.1
1240450 1995.9
1240460 1995.9
1240470 2006.6
1240480 2017.2
1240490 2017.2
1240500 2025.9
1240510 2034.3
1240520 2034.3
1240530 2041.7
1240540 2046.9
1240550 2047.5
1240560 2053.4
1240570 2059.1
1240580 2059.1
1240590 2075.0
1240600 2088.1
1240610 2099.2
1240620 2099.2
1240630 2114.6
1240640 2125.3
1240650 2125.3
1240660 2131.9
1240670 2137.7
1240680 2137.7
1240690 2144.0
1240700 2152.9
1240710 2152.9
1240720 2164.5
1240730 2172.0
1240740 2172.0
1240750 2178.4
1240760 2185.1
1240770 2185.1
1240780 2190.5
1240790 2195.2
1240800 2195.2
1240810 2200.4
1240820 2205.0
1240830 2210.7
1240840 2210.7
1240850 2215.4
1240860 2219.5
1240870 2219.5
1240880 2223.4
1240890 2227.6
1240900 2227.6
1240910 2233.0
1240920 2239.2
1240930 2239.2
1240940 2245.9
1240950 2252.6
1240960 2252.6
1240970 2257.3
1240980 2263.0
1240990 2263.0
1241000 2272.0
1241010 2280.9
1241020 2280.9
1241030 2291.0
1241040 2299.7
1241050 2307.1
1241060 2307.1
1241070 2318.6
1241080 2326.3
1241090 2326.3
1241100 2334.2
1241110 2342.0
1241120 2342.0
1241130 2345.5
1241140 2359.3
1241150 2359.3
1241160 2372.8
1241170 2374.2
1241180 2374.2
1241190 2375.2
1241200 2378.0
1241210 2378.0
1241220 2388.0
1241230 2393.6
1241240 2393.6
1241250 2395.2
1241260 2399.2
1241270 2405.7
1241280 2405.7
1241290 2412.6
1241300 2419.4
1241310 2419.4
1241320 2426.7
1241330 2435.2
1241340 2435.2
1241350 2449.7
1241360 2469.9
1241370 2469.9
1241380 2500.0
1241390 2524.3
1241400 2524.3
1241410 2540.9
1241420 2554.8
1241430 2554.8
1241440 2569.3
1241450 2584.5
1241460 2584.5
1241470 2595.0
1241480 2606.4
1241490 2606.4
1241500 2615.2
1241510 2621.4
1241520 2630.5
1241530 2630.5
1241540 2638.9
1241550 2641.2
1241560 2641.2
1241570 2644.8
1241580 2654.2
1241590 2661.1
1241600 2669.3
1241610 2674.9
1241620 2674.9
1241630 2678.8
1241640 2684.2
1241650 2684.2
1241660 2688.4
1241670 2693.1
1241680 2693.1
1241690 2698.1
1241700 2702.3
1241710 2702.3
1241720 2706.5
1241730 2708.6
1241740 2711.8
1241750 2711.8
1241760 2715.6
1241770 2719.5
1241780 2719.5
1241790 2723.0
1241800 2725.9
1241810 2725.9
1241820 2726.5
1241830 2725.2
1241840 2725.2
1241850 2723.6
1241860 2723.3
1241870 2723.3
1241880 2724.9
1241890 2727.1
1241900 2727.1
1241910 2730.7
1241920 2734.7
1241930 2734.7
1241940 2739.2
1241950 2744.8
1241960 2752.1
1241970 2752.1
1241980 2762.4
1241990 2772.6
1242000 2772.6
1242010 2779.9
1242020 2786.4
1242030 2786.4
1242040 2791.7
1242050 2798.5
1242060 2798.5
1242070 2814.3
1242080 2832.3
1242090 2832.3
1242100 2849.5
1242110 2867.2
1242120 2867.2
1242130 2874.0
1242140 2878.0
1242150 2878.0
1242160 2884.8
1242170 2898.8
1242180 2898.8
1242190 2915.2
1242200 2925.4
1242210 2935.8
1242220 2935.8
1242230 2945.7
1242240 2959.0
1242250 2959.0
1242260 2975.1
1242270 2984.1
1242280 2984.1
1242290 2981.5
1242300 2978.8
1242310 2978.8
1242320 2977.6
1242330 2975.6
1242340 2975.6
1242350 2973.1
1242360 2971.1
1242370 2971.1
1242380 2969.2
1242390 2968.5
1242400 2968.5
1242410 2968.2
1242420 2966.7
1242430 2965.7
1242440 2965.7
1242450 2967.7
1242460 2969.7
1242470 2969.7
1242480 2971.4
1242490 2959.9
1242500 2959.9
1242510 2947.9
1242520 2935.9
1242530 2935.9
1242540 2928.4
1242550 2928.0
1242560 2928.0
1242570 2922.5
1242580 2915.4
1242590 2915.4
1242600 2903.9
1242610 2889.1
1242620 2889.1
1242630 2876.6
1242640 2863.5
1242650 2862.8
1242660 2862.8
1242670 2858.6
1242680 2853.6
1242690 2853.6
1242700 2843.5
1242710 2830.1
1242720 2830.1
1242730 2817.5
1242740 2809.2
1242750 2809.2
1242760 2800.2
1242770 2802.7
1242780 2802.7
1242790 2804.3
1242800 2802.6
1242810 2802.6
1242820 2798.9
1242830 2789.7
1242840 2789.7
1242850 2778.1
1242860 2765.1
1242870 2756.1
1242880 2756.1
1242890 2764.3
1242900 2762.8
1242910 2762.8
1242920 2756.7
1242930 2749.2
1242940 2749.2
1242950 2741.4
1242960 2733.5
1242970 2733.5
1242980 2724.6
1242990 2715.1
1243000 2715.1
1243010 2707.4
1243020 2700.3
1243030 2700.3
1243040 2690.5
1243050 2682.5
1243060 2682.5
1243070 2677.1
1243080 2670.0
1243090 2670.0
1243100 2665.3
1243110 2661.9
1243120 2658.0
1243130 2658.0
1243140 2654.1
1243150 2649.7
1243160 2642.9
1243170 2642.3
1243180 2641.1
1243190 2641.1
1243200 2638.9
1243210 2636.3
1243220 2636.3
1243230 2633.1
1243240 2629.4
1243250 2629.4
1243260 2625.7
1243270 2622.2
1243280 2622.2
1243290 2618.1
1243300 2613.8
1243310 2613.8
1243320 2609.4
1243330 2604.9
1243340 2600.6
1243350 2600.6
1243360 2597.0
1243370 2593.9
1243380 2593.9
1243390 2590.9
1243400 2587.3
1243410 2587.3
1243420 2584.7
1243430 2582.3
1243440 2582.3
1243450 2579.3
1243460 2576.3
1243470 2576.3
1243480 2573.4
1243490 2570.0
1243500 2570.0
1243510 2567.0
1243520 2564.4
1243530 2564.4
1243540 2561.9
1243550 2560.5
1243560 2559.2
1243570 2559.2
1243580 2557.2
1243590 2553.9
1243600 2553.9
1243610 2550.0
1243620 2545.6
1243630 2545.6
1243640 2541.0
1243650 2535.7
1243660 2535.7
1243670 2531.0
1243680 2526.4
1243690 2523.1
1243700 2518.1
1243710 2513.6
1243720 2513.6
1243730 2509.4
1243740 2505.8
1243750 2505.8
1243760 2502.5
1243770 2499.2
1243780 2499.2
1243790 2496.5
1243800 2493.6
1243810 2490.4
1243820 2490.4
1243830 2486.7
1243840 2482.8
1243850 2482.8
1243860 2479.8
1243870 2477.5
1243880 2477.5
1243890 2475.3
1243900 2472.7
1243910 2472.7
1243920 2470.1
1243930 2467.7
1243940 2467.7
1243950 2465.1
1243960 2462.6
1243970 2462.6
1243980 2460.0
1243990 2456.7
1244000 2456.7
1244010 2453.5
1244020 2450.7
1244030 2447.2
1244040 2447.2
1244050 2443.0
1244060 2436.9
1244070 2436.9
1244080 2428.1
1244090 2416.4
1244100 2416.4
1244110 2403.6
1244120 2392.2
1244130 2392.2
1244140 2380.5
1244150 2369.7
1244160 2369.7
1244170 2361.5
1244180 2353.5
1244190 2353.5
1244200 2345.9
1244210 2337.5
1244220 2337.5
1244230 2330.6
1244240 2324.2
1244250 2318.2
1244260 2318.2
1244270 2312.4
1244280 2306.9
1244290 2306.9
1244300 2301.7
1244310 2297.1
1244320 2297.1
1244330 2292.6
1244340 2288.2
1244350 2288.2
1244360 2284.4
1244370 2280.8
1244380 2280.8
1244390 2278.4
1244400 2275.9
1244410 2275.9
1244420 2273.8
1244430 2271.7
1244440 2271.7
1244450 2267.9
1244460 2263.2
1244470 2258.3
1244480 2258.3
1244490 2254.2
1244500 2250.7
1244510 2250.7
1244520 2248.0
1244530 2247.5
1244540 2247.5
1244550 2248.1
1244560 2247.6
1244570 2247.6
1244580 2247.4
1244590 2247.8
1244600 2247.8
1244610 2248.1
1244620 2248.0
1244630 2248.0
1244640 2248.4
1244650 2248.8
1244660 2248.8
1244670 2249.4
1244680 2250.1
1244690 2250.1
1244700 2251.3
1244710 2251.0
1244720 2252.3
1244730 2252.3
1244740 2258.5
1244750 2263.0
1244760 2263.0
1244770 2267.8
1244780 2272.1
1244790 2272.1
1244800 2276.5
1244810 2282.0
1244820 2282.0
1244830 2286.2
1244840 2288.8
1244850 2288.8
1244860 2292.3
1244870 2295.9
1244880 2295.9
1244890 2298.9
1244900 2301.7
1244910 2301.7
1244920 2303.8
1244930 2306.1
1244940 2308.3
1244950 2308.3
1244960 2311.3
1244970 2313.8
1244980 2313.8
1244990 2316.9
1245000 2320.9
1245010 2320.9
1245020 2324.7
1245030 2328.7
1245040 2328.7
1245050 2332.8
1245060 2336.3
1245070 2336.3
1245080 2339.2
1245090 2343.9
1245100 2343.9
1245110 2349.2
1245120 2353.1
1245130 2353.1
1245140 2356.5
1245150 2360.3
1245160 2363.7
1245170 2363.7
1245180 2366.7
1245190 2370.8
1245200 2370.8
1245210 2375.9
1245220 2384.3
1245230 2384.3
1245240 2389.1
1245250 2391.7
1245260 2391.7
1245270 2404.3
1245280 2406.3
1245290 2406.3
1245300 2401.6
1245310 2397.3
1245320 2397.3
1245330 2396.9
1245340 2400.8
1245350 2400.8
1245360 2403.4
1245370 2404.4
1245380 2404.4
1245390 2405.2
1245400 2405.5
1245410 2405.3
1245420 2405.3
1245430 2404.8
1245440 2405.1
1245450 2405.1
1245460 2404.5
1245470 2404.8
1245480 2404.8
1245490 2407.2
1245500 2407.4
1245510 2407.4
1245520 2405.6
1245530 2404.9
1245540 2404.9
1245550 2407.0
1245560 2406.6
1245570 2406.6
1245580 2405.7
1245590 2406.1
1245600 2406.1
1245610 2407.9
1245620 2410.1
1245630 2412.3
1245640 2412.3
1245650 2414.8
1245660 2417.7
1245670 2417.7
1245680 2420.6
1245690 2423.2
1245700 2423.2
1245710 2425.3
1245720 2427.5
1245730 2427.5
1245740 2430.4
1245750 2435.7
1245760 2435.7
1245770 2442.5
1245780 2450.6
1245790 2450.6
1245800 2468.7
1245810 2481.7
1245820 2481.7
1245830 2496.0
1245840 2511.8
1245850 2520.5
1245860 2520.5
1245870 2526.3
1245880 2531.8
1245890 2531.8
1245900 2535.8
1245910 2540.3
1245920 2540.3
1245930 2547.2
1245940 2554.7
1245950 2554.7
1245960 2557.6
1245970 2562.4
1245980 2562.4
1245990 2574.2
1246000 2585.5
1246010 2585.5
1246020 2595.2
1246030 2600.5
1246040 2600.5
1246050 2605.7
1246060 2618.8
1246070 2641.6
1246080 2641.6
1246090 2658.7
1246100 2672.1
1246110 2672.1
1246120 2686.9
1246130 2684.6
1246140 2684.6
1246150 2680.7
1246160 2679.3
1246170 2679.3
1246180 2679.2
1246190 2677.3
1246200 2677.3
1246210 2674.0
1246220 2669.9
1246230 2669.9
1246240 2669.3
1246250 2668.0
1246260 2668.0
1246270 2667.1
1246280 2665.8
1246290 2665.8
1246300 2669.0
1246310 2668.3
1246320 2668.7
1246330 2668.7
1246340 2683.6
1246350 2682.4
1246360 2682.4
1246370 2687.9
1246380 2698.2
1246390 2698.2
1246400 2698.6
1246410 2696.8
1246420 2696.8
1246430 2696.5
1246440 2696.3
1246450 2696.3
1246460 2694.2
1246470 2691.0
1246480 2691.0
1246490 2686.6
1246500 2683.9
1246510 2683.9
1246520 2680.4
1246530 2675.7
1246540 2670.3
1246550 2670.3
1246560 2663.8
1246570 2656.7
1246580 2656.7
1246590 2649.8
1246600 2644.3
1246610 2644.3
1246620 2639.0
1246630 2633.5
1246640 2633.5
1246650 2627.8
1246660 2621.6
1246670 2621.6
1246680 2614.8
1246690 2608.1
1246700 2608.1
1246710 2600.3
1246720 2592.6
1246730 2592.6
1246740 2586.0
1246750 2579.8
1246760 2575.6
1246770 2575.6
1246780 2572.3
1246790 2565.3
1246800 2565.3
1246810 2556.3
1246820 2547.6
1246830 2547.6
1246840 2537.3
1246850 2528.5
1246860 2528.5
1246870 2518.1
1246880 2514.1
1246890 2514.1
1246900 2509.5
1246910 2504.3
1246920 2504.3
1246930 2498.7
1246940 2494.1
1246950 2494.1
1246960 2490.1
1246970 2488.7
1246980 2490.5
1246990 2490.5
1247000 2493.3
1247010 2496.0
1247020 2496.0
1247030 2488.6
1247040 2480.2
1247050 2480.2
1247060 2472.1
1247070 2464.3
1247080 2464.3
1247090 2455.0
1247100 2444.4
1247110 2444.4
1247120 2433.7
1247130 2425.4
1247140 2425.4
1247150 2421.1
1247160 2420.0
1247170 2420.0
1247180 2417.6
1247190 2414.3
1247200 2414.3
1247210 2411.0
1247220 2408.6
1247230 2406.3
1247240 2406.3
1247250 2403.4
1247260 2400.8
1247270 2400.8
1247280 2399.5
1247290 2399.1
1247300 2399.1
1247310 2398.8
1247320 2397.6
1247330 2397.6
1247340 2396.1
1247350 2394.8
1247360 2394.8
1247370 2392.9
1247380 2390.2
1247390 2390.2
1247400 2380.6
1247410 2376.9
1247420 2376.9
1247430 2372.5
1247440 2368.0
1247450 2363.2
1247460 2363.2
1247470 2357.5
1247480 2352.7
1247490 2352.7
1247500 2348.3
1247510 2343.2
1247520 2343.2
1247530 2338.3
1247540 2335.5
1247550 2335.5
1247560 2333.2
1247570 2329.8
1247580 2329.8
1247590 2325.9
1247600 2323.4
1247610 2323.4
1247620 2321.3
1247630 2318.5
1247640 2318.5
1247650 2316.6
1247660 2315.3
1247670 2314.6
1247680 2314.6
1247690 2313.4
1247700 2311.0
1247710 2311.0
1247720 2308.1
1247730 2305.6
1247740 2305.6
1247750 2302.4
1247760 2299.2
1247770 2299.2
1247780 2296.2
1247790 2293.4
1247800 2293.4
1247810 2289.8
1247820 2286.6
1247830 2286.6
1247840 2283.9
1247850 2281.4
1247860 2281.4
1247870 2278.0
1247880 2274.5
1247890 2274.5
1247900 2271.2
1247910 2267.7
1247920 2265.1
1247930 2265.1
1247940 2258.4
1247950 2255.4
1247960 2255.4
1247970 2251.5
1247980 2247.8
1247990 2247.8
1248000 2244.5
1248010 2239.8
1248020 2239.8
1248030 2231.9
1248040 2225.0
1248050 2225.0
1248060 2221.7
1248070 2219.2
1248080 2219.2
1248090 2216.0
1248100 2213.2
1248110 2213.2
1248120 2209.5
1248130 2205.9
1248140 2200.3
1248150 2200.3
1248160 2197.0
1248170 2194.9
1248180 2194.9
1248190 2190.4
1248200 2184.4
1248210 2184.4
1248220 2177.9
1248230 2171.5
1248240 2171.5
1248250 2165.1
1248260 2159.1
1248270 2159.1
1248280 2154.8
1248290 2150.2
1248300 2150.2
1248310 2143.9
1248320 2137.8
1248330 2137.8
1248340 2132.5
1248350 2126.7
1248360 2120.4
1248370 2120.4
1248380 2114.9
1248390 2108.4
1248400 2108.4
1248410 2102.9
1248420 2097.6
1248430 2097.6
1248440 2093.2
1248450 2088.9
1248460 2088.9
1248470 2084.4
1248480 2077.7
1248490 2077.7
1248500 2073.3
1248510 2067.7
1248520 2067.7
1248530 2061.3
1248540 2053.8
1248550 2053.8
1248560 2044.7
1248570 2036.0
1248580 2028.6
1248590 2028.6
1248600 2023.3
1248610 2020.4
1248620 2020.4
1248630 2017.5
1248640 2013.5
1248650 2013.5
1248660 2008.2
1248670 2002.5
1248680 2002.5
1248690 1997.9
1248700 1993.9
1248710 1993.9
1248720 1989.3
1248730 1986.8
1248740 1986.8
1248750 1984.9
1248760 1982.0
1248770 1982.0
1248780 1975.9
1248790 1968.9
1248800 1968.9
1248810 1962.0
1248820 1956.8
1248830 1954.0
1248840 1954.0
1248850 1952.0
1248860 1947.4
1248870 1947.4
1248880 1942.3
1248890 1939.1
1248900 1939.1
1248910 1937.3
1248920 1935.2
1248930 1935.2
1248940 1932.4
1248950 1930.3
1248960 1930.3
1248970 1927.8
1248980 1925.9
1248990 1925.9
1249000 1923.6
1249010 1916.9
1249020 1916.9
1249030 1910.6
1249040 1902.1
1249050 1893.8
1249060 1893.8
1249070 1886.0
1249080 1881.8
1249090 1881.8
1249100 1880.6
1249110 1880.6
1249120 1880.6
1249130 1879.6
1249140 1875.2
1249150 1875.2
1249160 1869.4
1249170 1863.6
1249180 1863.6
1249190 1858.9
1249200 1854.0
1249210 1854.0
1249220 1846.4
1249230 1838.3
1249240 1838.3
1249250 1830.1
1249260 1824.2
1249270 1820.9
1249280 1820.9
1249290 1817.1
1249300 1813.7
1249310 1813.7
1249320 1810.9
1249330 1807.4
1249340 1807.4
1249350 1804.1
1249360 1800.4
1249370 1800.4
1249380 1796.7
1249390 1792.4
1249400 1792.4
1249410 1787.9
1249420 1784.2
1249430 1784.2
1249440 1781.5
1249450 1776.9
1249460 1776.9
1249470 1770.5
1249480 1765.9
1249490 1765.9
1249500 1763.2
1249510 1757.2
1249520 1750.7
1249530 1750.7
1249540 1746.5
1249550 1729.3
1249560 1729.3
1249570 1721.7
1249580 1719.6
1249590 1719.6
1249600 1718.8
1249610 1715.3
1249620 1715.3
1249630 1711.6
1249640 1706.4
1249650 1706.4
1249660 1701.8
1249670 1699.0
1249680 1699.0
1249690 1696.4
1249700 1689.7
1249710 1689.7
1249720 1678.9
1249730 1670.2
1249740 1662.0
1249750 1662.0
1249760 1653.9
1249770 1649.4
1249780 1649.4
1249790 1644.5
1249800 1638.2
1249810 1638.2
1249820 1632.1
1249830 1625.0
1249840 1625.0
1249850 1617.7
1249860 1610.5
1249870 1610.5
1249880 1603.6
1249890 1596.7
1249900 1596.7
1249910 1590.4
1249920 1584.5
1249930 1584.5
1249940 1579.2
1249950 1574.9
1249960 1571.7
1249970 1571.7
1249980 1568.4
1249990 1565.9
1250000 1565.9
1250010 1564.6
1250020 1563.5
1250030 1563.5
1250040 1561.9
1250050 1560.2
1250060 1560.2
1250070 1558.5
1250080 1558.4
1250090 1553.8
1250100 1554.7
1250110 1559.0
1250120 1559.0
1250130 1562.2
1250140 1564.3
1250150 1564.3
1250160 1565.7
1250170 1567.3
1250180 1568.3
1250190 1568.3
1250200 1569.4
1250210 1569.9
1250220 1569.9
1250230 1569.5
1250240 1568.9
1250250 1568.9
1250260 1568.2
1250270 1567.2
1250280 1567.2
1250290 1565.6
1250300 1564.2
1250310 1564.2
1250320 1563.4
1250330 1563.2
1250340 1563.2
1250350 1563.2
1250360 1563.0
1250370 1563.0
1250380 1562.3
1250390 1560.8
1250400 1560.8
1250410 1559.0
1250420 1556.9
1250430 1554.6
1250440 1554.6
1250450 1552.5
1250460 1549.2
1250470 1549.2
1250480 1545.2
1250490 1540.8
1250500 1540.8
1250510 1536.7
1250520 1532.7
1250530 1532.7
1250540 1529.2
1250550 1525.6
1250560 1525.6
1250570 1521.6
1250580 1517.7
1250590 1517.7
1250600 1514.0
1250610 1509.0
1250620 1509.0
1250630 1503.8
1250640 1496.3
1250650 1498.5
1250660 1498.5
1250670 1495.9
1250680 1490.1
1250690 1490.1
1250700 1486.4
1250710 1485.2
1250720 1485.2
1250730 1485.6
1250740 1486.7
1250750 1486.7
1250760 1485.7
1250770 1482.7
1250780 1482.7
1250790 1478.6
1250800 1475.4
1250810 1475.4
1250820 1471.8
1250830 1468.6
1250840 1468.6
1250850 1467.0
1250860 1466.1
1250870 1465.8
1250880 1465.8
1250890 1465.0
1250900 1462.9
1250910 1462.9
1250920 1460.4
1250930 1458.2
1250940 1458.2
1250950 1456.4
1250960 1454.4
1250970 1454.4
1250980 1451.9
1250990 1450.3
1251000 1450.3
1251010 1449.0
1251020 1447.7
1251030 1447.7
1251040 1446.8
1251050 1446.3
1251060 1446.3
1251070 1446.0
1251080 1446.4
1251090 1446.7
1251100 1446.7
1251110 1446.7
1251120 1445.8
1251130 1445.8
1251140 1444.6
1251150 1442.8
1251160 1442.8
1251170 1440.0
1251180 1429.9
1251190 1429.9
1251200 1428.1
1251210 1426.8
1251220 1426.8
1251230 1425.6
1251240 1425.4
1251250 1425.4
1251260 1425.4
1251270 1424.9
1251280 1424.9
1251290 1424.3
1251300 1423.4
1251310 1423.4
1251320 1421.2
1251330 1420.5
1251340 1420.2
1251350 1420.2
1251360 1419.7
1251370 1419.0
1251380 1419.0
1251390 1418.0
1251400 1417.1
1251410 1417.1
1251420 1416.7
1251430 1416.3
1251440 1416.3
1251450 1416.3
1251460 1417.0
1251470 1417.0
1251480 1418.0
1251490 1419.0
1251500 1419.0
1251510 1421.3
1251520 1423.8
1251530 1423.8
1251540 1425.7
1251550 1427.9
1251560 1429.3
1251570 1429.3
1251580 1431.4
1251590 1437.9
1251600 1437.9
1251610 1442.2
1251620 1442.5
1251630 1442.5
1251640 1441.4
1251650 1439.5
1251660 1439.5
1251670 1436.8
1251680 1434.6
1251690 1434.6
1251700 1431.8
1251710 1428.8
1251720 1433.6
1251730 1430.7
1251740 1427.3
1251750 1427.3
1251760 1423.3
1251770 1418.9
1251780 1415.3
1251790 1415.3
1251800 1413.2
1251810 1411.2
1251820 1411.2
1251830 1408.9
1251840 1408.0
1251850 1408.0
1251860 1409.0
1251870 1409.5
1251880 1409.5
1251890 1408.8
1251900 1408.4
1251910 1408.4
1251920 1407.8
1251930 1407.0
1251940 1407.0
1251950 1404.8
1251960 1402.4
1251970 1402.4
1251980 1399.9
1251990 1397.9
1252000 1397.9
1252010 1397.1
1252020 1395.1
1252030 1393.0
1252040 1393.0
1252050 1391.2
1252060 1390.6
1252070 1390.6
1252080 1390.4
1252090 1390.0
1252100 1390.0
1252110 1389.5
1252120 1388.5
1252130 1388.5
1252140 1386.9
1252150 1386.8
1252160 1386.8
1252170 1384.7
1252180 1381.3
1252190 1381.3
1252200 1380.9
1252210 1380.8
1252220 1380.8
1252230 1381.1
1252240 1382.1
1252250 1383.8
1252260 1383.8
1252270 1390.7
1252280 1386.1
1252290 1386.1
1252300 1383.2
1252310 1387.3
1252320 1387.3
1252330 1395.0
1252340 1401.2
1252350 1401.2
1252360 1402.5
1252370 1400.2
1252380 1400.2
1252390 1397.4
1252400 1395.9
1252410 1395.9
1252420 1395.7
1252430 1398.0
1252440 1398.0
1252450 1401.4
1252460 1402.0
1252470 1401.8
1252480 1401.8
1252490 1401.8
1252500 1402.7
1252510 1402.7
1252520 1403.9
1252530 1405.0
1252540 1405.0
1252550 1406.0
1252560 1407.1
1252570 1407.1
1252580 1408.7
1252590 1410.9
1252600 1410.9
1252610 1412.3
1252620 1413.9
1252630 1413.9
1252640 1414.8
1252650 1415.0
1252660 1415.0
1252670 1415.3
1252680 1415.8
1252690 1416.4
1252700 1416.4
1252710 1416.3
1252720 1415.6
1252730 1415.6
1252740 1414.6
1252750 1412.3
1252760 1412.3
1252770 1408.3
1252780 1404.4
1252790 1404.4
1252800 1401.0
1252810 1397.7
1252820 1405.8
1252830 1401.9
1252840 1398.6
1252850 1398.6
1252860 1395.1
1252870 1391.6
1252880 1391.6
1252890 1387.1
1252900 1382.1
1252910 1382.1
1252920 1379.2
1252930 1376.5
1252940 1373.3
1252950 1373.3
1252960 1370.1
1252970 1367.7
1252980 1367.7
1252990 1364.9
1253000 1361.7
1253010 1361.7
1253020 1359.2
1253030 1357.6
1253040 1357.6
1253050 1356.8
1253060 1355.5
1253070 1355.5
1253080 1353.9
1253090 1352.6
1253100 1352.6
1253110 1351.8
1253120 1350.7
1253130 1350.7
1253140 1348.3
1253150 1344.6
1253160 1341.3
1253170 1341.3
1253180 1337.7
1253190 1333.2
1253200 1333.2
1253210 1328.3
1253220 1323.9
1253230 1323.9
1253240 1319.0
1253250 1314.0
1253260 1314.0
1253270 1310.0
1253280 1306.5
1253290 1306.5
1253300 1303.5
1253310 1302.5
1253320 1302.5
1253330 1301.7
1253340 1298.9
1253350 1298.9
1253360 1296.0
1253370 1297.7
1253380 1295.7
1253390 1295.7
1253400 1293.8
1253410 1292.6
1253420 1292.6
1253430 1291.6
1253440 1290.5
1253450 1290.5
1253460 1289.6
1253470 1288.2
1253480 1288.2
1253490 1286.5
1253500 1285.1
1253510 1285.1
1253520 1284.8
1253530 1285.4
1253540 1285.4
1253550 1285.3
1253560 1284.7
1253570 1284.7
1253580 1285.5
1253590 1286.9
1253600 1287.4
1253610 1287.4
1253620 1288.0
1253630 1290.4
1253640 1290.4
1253650 1292.6
1253660 1293.6
1253670 1293.6
1253680 1294.4
1253690 1294.7
1253700 1294.7
1253710 1293.5
1253720 1292.7
1253730 1292.7
1253740 1292.2
1253750 1292.0
1253760 1292.0
1253770 1291.7
1253780 1291.8
1253790 1291.8
1253800 1292.2
1253810 1292.5
1253820 1292.5
1253830 1288.3
1253840 1286.4
1253850 1286.4
1253860 1286.4
1253870 1288.2
1253880 1290.6
1253890 1290.6
1253900 1288.3
1253910 1286.7
1253920 1284.5
1253930 1283.8
1253940 1283.6
1253950 1283.6
1253960 1283.5
1253970 1283.4
1253980 1283.4
1253990 1283.1
1254000 1282.8
1254010 1282.8
1254020 1281.7
1254030 1280.9
1254040 1280.9
1254050 1280.2
1254060 1279.6
1254070 1278.8
1254080 1278.8
1254090 1278.1
1254100 1277.3
1254110 1277.3
1254120 1276.1
1254130 1274.6
1254140 1274.6
1254150 1273.3
1254160 1272.0
1254170 1272.0
1254180 1271.5
1254190 1270.3
1254200 1270.3
1254210 1268.7
1254220 1268.1
1254230 1268.1
1254240 1268.5
1254250 1269.7
1254260 1269.7
1254270 1271.3
1254280 1272.3
1254290 1272.7
1254300 1272.7
1254310 1272.8
1254320 1272.7
1254330 1272.7
1254340 1272.7
1254350 1272.9
1254360 1272.9
1254370 1272.1
1254380 1271.3
1254390 1271.3
1254400 1271.9
1254410 1272.7
1254420 1272.7
1254430 1273.1
1254440 1275.4
1254450 1275.4
1254460 1277.7
1254470 1274.1
1254480 1274.1
1254490 1278.9
1254500 1284.0
1254510 1284.0
1254520 1289.0
1254530 1293.6
1254540 1297.3
1254550 1297.3
1254560 1300.5
1254570 1304.2
1254580 1304.2
1254590 1306.4
1254600 1308.3
1254610 1308.3
1254620 1310.4
1254630 1313.0
1254640 1313.0
1254650 1315.3
1254660 1311.3
1254670 1311.3
1254680 1308.0
1254690 1315.9
1254700 1315.9
1254710 1325.9
1254720 1334.5
1254730 1334.5
1254740 1342.4
1254750 1349.0
1254760 1358.1
1254770 1358.1
1254780 1365.2
1254790 1371.3
1254800 1371.3
1254810 1377.5
1254820 1383.5
1254830 1383.5
1254840 1397.7
1254850 1412.2
1254860 1412.2
1254870 1427.0
1254880 1440.6
1254890 1440.6
1254900 1449.3
1254910 1453.4
1254920 1453.4
1254930 1448.1
1254940 1445.2
1254950 1445.2
1254960 1454.3
1254970 1464.6
1254980 1480.9
1254990 1480.9
1255000 1490.1
1255010 1500.4
1255020 1481.1
1255030 1489.3
1255040 1497.2
1255050 1497.2
1255060 1500.4
1255070 1504.5
1255080 1504.5
1255090 1517.0
1255100 1528.9
1255110 1528.9
1255120 1542.4
1255130 1553.9
1255140 1553.9
1255150 1561.1
1255160 1569.3
1255170 1569.3
1255180 1585.4
1255190 1597.9
1255200 1607.5
1255210 1607.5
1255220 1613.1
1255230 1614.8
1255240 1614.8
1255250 1615.0
1255260 1611.4
1255270 1611.4
1255280 1610.6
1255290 1618.9
1255300 1618.9
1255310 1631.3
1255320 1645.9
1255330 1645.9
1255340 1652.2
1255350 1655.0
1255360 1655.0
1255370 1657.6
1255380 1661.4
1255390 1661.4
1255400 1663.5
1255410 1664.0
1255420 1664.0
1255430 1664.8
1255440 1672.2
1255450 1680.4
1255460 1680.4
1255470 1687.2
1255480 1689.6
1255490 1689.6
1255500 1692.3
1255510 1696.7
1255520 1696.7
1255530 1694.6
1255540 1695.1
1255550 1695.1
1255560 1700.5
1255570 1698.3
1255580 1698.3
1255590 1714.3
1255600 1721.0
1255610 1721.0
1255620 1725.5
1255630 1730.9
1255640 1730.9
1255650 1736.5
1255660 1739.9
1255670 1744.5
1255680 1744.5
1255690 1749.4
1255700 1755.3
1255710 1755.3
1255720 1762.7
1255730 1768.2
1255740 1768.2
1255750 1769.1
1255760 1772.5
1255770 1772.5
1255780 1778.4
1255790 1786.3
1255800 1786.3
1255810 1794.2
1255820 1802.9
1255830 1802.9
1255840 1812.9
1255850 1824.5
1255860 1824.5
1255870 1833.7
1255880 1837.9
1255890 1840.9
1255900 1840.9
1255910 1845.8
1255920 1850.0
1255930 1850.0
1255940 1854.6
1255950 1858.6
1255960 1858.6
1255970 1860.7
1255980 1860.5
1255990 1860.5
1256000 1859.2
1256010 1857.6
1256020 1857.6
1256030 1857.0
1256040 1857.0
1256050 1857.0
1256060 1855.0
1256070 1852.2
1256080 1852.2
1256090 1850.9
1256100 1849.9
1256110 1847.4
1256120 1847.4
1256130 1838.8
1256140 1835.7
1256150 1835.7
1256160 1831.9
1256170 1829.6
1256180 1829.6
1256190 1829.9
1256200 1828.7
1256210 1828.7
1256220 1825.3
1256230 1820.1
1256240 1820.1
1256250 1814.5
1256260 1808.6
1256270 1808.6
1256280 1802.6
1256290 1796.3
1256300 1796.3
1256310 1790.3
1256320 1784.9
1256330 1784.9
1256340 1779.7
1256350 1775.6
1256360 1772.3
1256370 1772.3
1256380 1769.6
1256390 1768.3
1256400 1768.3
1256410 1766.2
1256420 1762.9
1256430 1762.9
1256440 1758.6
1256450 1753.6
1256460 1753.6
1256470 1748.4
1256480 1743.9
1256490 1743.9
1256500 1740.3
1256510 1736.4
1256520 1736.4
1256530 1732.0
1256540 1727.0
1256550 1727.0
1256560 1722.7
1256570 1719.2
1256580 1714.6
1256590 1714.6
1256600 1709.0
1256610 1703.3
1256620 1703.3
1256630 1698.2
1256640 1693.1
1256650 1693.1
1256660 1688.6
1256670 1684.6
1256680 1683.2
1256690 1678.7
1256700 1673.9
1256710 1673.9
1256720 1668.4
1256730 1663.1
1256740 1663.1
1256750 1657.4
1256760 1651.9
1256770 1651.9
1256780 1646.9
1256790 1641.9
1256800 1636.3
1256810 1636.3
1256820 1630.7
1256830 1625.3
1256840 1625.3
1256850 1620.6
1256860 1616.0
1256870 1616.0
1256880 1611.3
1256890 1606.9
1256900 1606.9
1256910 1602.1
1256920 1596.6
1256930 1596.6
1256940 1590.7
1256950 1585.1
1256960 1585.1
1256970 1579.7
1256980 1574.5
1256990 1574.5
1257000 1569.7
1257010 1564.8
1257020 1564.8
1257030 1559.3
1257040 1554.0
1257050 1549.6
1257060 1549.6
1257070 1546.0
1257080 1541.4
1257090 1541.4
1257100 1536.3
1257110 1530.1
1257120 1530.1
1257130 1523.4
1257140 1516.2
1257150 1516.2
1257160 1510.0
1257170 1504.6
1257180 1504.6
1257190 1498.2
1257200 1492.7
1257210 1492.7
1257220 1486.8
1257230 1479.9
1257240 1482.4
1257250 1475.6
1257260 1469.6
1257270 1463.8
1257280 1463.8
1257290 1457.9
1257300 1451.7
1257310 1451.7
1257320 1443.5
1257330 1435.9
1257340 1435.9
1257350 1426.8
1257360 1418.6
1257370 1418.6
1257380 1410.8
1257390 1402.4
1257400 1402.4
1257410 1393.8
1257420 1386.3
1257430 1386.3
1257440 1380.2
1257450 1374.8
1257460 1374.8
1257470 1366.8
1257480 1358.2
1257490 1350.3
1257500 1350.3
1257510 1342.0
1257520 1334.0
1257530 1334.0
1257540 1326.1
1257550 1317.3
1257560 1317.3
1257570 1307.5
1257580 1297.4
1257590 1297.4
1257600 1288.8
1257610 1279.9
1257620 1279.9
1257630 1270.6
1257640 1261.4
1257650 1261.4
1257660 1251.1
1257670 1243.5
1257680 1243.5
1257690 1242.5
1257700 1243.4
1257710 1245.3
1257720 1245.3
1257730 1247.2
1257740 1252.0
1257750 1252.0
1257760 1257.4
1257770 1260.2
1257780 1260.2
1257790 1267.6
1257800 1271.6
1257810 1271.6
1257820 1279.0
1257830 1285.5
1257840 1285.5
1257850 1282.6
1257860 1277.6
1257870 1277.6
1257880 1274.4
1257890 1274.6
1257900 1274.6
1257910 1280.4
1257920 1282.8
1257930 1282.8
1257940 1279.6
1257950 1279.0
1257960 1282.2
1257970 1282.2
1257980 1282.9
1257990 1281.6
1258000 1281.6
1258010 1284.1
1258020 1283.3
1258030 1283.3
1258040 1280.7
1258050 1276.3
1258060 1276.3
1258070 1270.8
1258080 1264.9
1258090 1264.9
1258100 1260.1
1258110 1257.2
1258120 1257.2
1258130 1254.9
1258140 1252.5
1258150 1252.5
1258160 1250.5
1258170 1249.8
1258180 1249.0
1258190 1249.0
1258200 1247.6
1258210 1245.8
1258220 1245.8
1258230 1243.6
1258240 1242.1
1258250 1242.1
1258260 1241.3
1258270 1239.9
1258280 1239.9
1258290 1237.5
1258300 1233.4
1258310 1233.4
1258320 1229.7
1258330 1225.9
1258340 1225.9
1258350 1221.8
1258360 1211.3
1258370 1211.3
1258380 1207.8
1258390 1202.6
1258400 1197.2
1258410 1197.2
1258420 1191.0
1258430 1184.2
1258440 1184.2
1258450 1177.6
1258460 1171.8
1258470 1171.8
1258480 1165.2
1258490 1158.9
1258500 1158.9
1258510 1155.0
1258520 1153.2
1258530 1153.2
1258540 1151.1
1258550 1149.3
1258560 1149.3
1258570 1148.0
1258580 1147.3
1258590 1147.3
1258600 1147.4
1258610 1147.0
1258620 1144.4
1258630 1144.4
1258640 1141.2
1258650 1137.9
1258660 1137.9
1258670 1134.6
1258680 1130.7
1258690 1130.7
1258700 1126.1
1258710 1119.3
1258720 1119.3
1258730 1110.5
1258740 1101.6
1258750 1101.6
1258760 1093.5
1258770 1087.9
1258780 1087.9
1258790 1090.0
1258800 1096.1
1258810 1096.1
1258820 1096.7
1258830 1094.1
1258840 1094.1
1258850 1091.7
1258860 1089.0
1258870 1085.8
1258880 1085.8
1258890 1083.0
1258900 1080.7
1258910 1080.7
1258920 1073.2
1258930 1066.0
1258940 1066.0
1258950 1057.9
1258960 1049.0
1258970 1049.0
1258980 1043.9
1258990 1042.5
1259000 1042.5
1259010 1039.4
1259020 1036.9
1259030 1036.9
1259040 1035.9
1259050 1036.3
1259060 1036.3
1259070 1037.7
1259080 1038.9
1259090 1039.2
1259100 1039.2
1259110 1039.6
1259120 1038.9
1259130 1038.9
1259140 1035.8
1259150 1030.8
1259160 1030.8
1259170 1026.5
1259180 1022.8
1259190 1022.8
1259200 1019.6
1259210 1017.2
1259220 1017.2
1259230 1014.9
1259240 1013.2
1259250 1013.2
1259260 1011.9
1259270 1010.2
1259280 1010.2
1259290 1007.6
1259300 1003.6
1259310 999.7
1259320 999.7
1259330 995.7
1259340 991.8
1259350 991.8
1259360 988.1
1259370 984.6
1259380 984.6
1259390 981.2
1259400 978.3
1259410 978.3
1259420 976.6
1259430 975.9
1259440 975.9
1259450 975.3
1259460 974.8
1259470 974.8
1259480 974.1
1259490 973.8
1259500 973.8
1259510 973.8
1259520 974.0
1259530 974.2
1259540 974.2
1259550 973.6
1259560 973.0
1259570 973.0
1259580 972.9
1259590 972.8
1259600 972.8
1259610 972.6
1259620 972.5
1259630 972.5
1259640 972.4
1259650 972.2
1259660 972.2
1259670 972.1
1259680 971.9
1259690 971.9
1259700 971.9
1259710 971.9
1259720 971.9
1259730 972.0
1259740 971.9
1259750 971.9
1259760 971.9
1259770 971.9
1259780 971.9
1259790 971.9
1259800 972.0
1259810 972.0
1259820 972.0
1259830 972.0
1259840 972.0
1259850 972.0
1259860 972.0
1259870 971.9
1259880 971.9
1259890 971.9
1259900 971.5
1259910 971.5
1259920 971.3
1259930 971.4
1259940 971.4
1259950 971.3
1259960 971.5
1259970 971.5
1259980 971.5
1259990 971.3
