1240000 1737.8
1240010 1745.5
1240020 1745.5
1240030 1753.1
1240040 1760.7
1240050 1760.7
1240060 1768.8
1240070 1777.0
1240080 1777.0
1240090 1784.9
1240100 1792.8
1240110 1792.8
1240120 1800.4
1240130 1808.2
1240140 1808.2
1240150 1816.5
1240160 1824.9
1240170 1834.2
1240180 1834.2
1240190 1843.7
1240200 1852.6
1240210 1852.6
1240220 1861.0
1240230 1869.6
1240240 1869.6
1240250 1879.0
1240260 1886.8
1240270 1886.8
1240280 1892.9
1240290 1899.4
1240300 1899.4
1240310 1904.4
1240320 1907.4
1240330 1907.4
1240340 1910.5
1240350 1914.1
1240360 1914.1
1240370 1917.7
1240380 1921.4
1240390 1925.0
1240400 1925.0
1240410 1927.9
1240420 1932.0
1240430 1932.0
1240440 1935.7
1240450 1939.8
1240460 1939.8
1240470 1945.7
1240480 1951.7
1240490 1951.7
1240500 1955.6
1240510 1958.3
1240520 1958.3
1240530 1960.8
1240540 1963.5
1240550 1963.5
1240560 1965.9
1240570 1968.2
1240580 1968.2
1240590 1971.3
1240600 1975.7
1240610 1975.7
1240620 1980.3
1240630 1985.2
1240640 1990.4
1240650 1990.4
1240660 1995.9
1240670 2000.5
1240680 2000.5
1240690 2005.8
1240700 2010.4
1240710 2010.4
1240720 2014.9
1240730 2020.0
1240740 2020.0
1240750 2025.3
1240760 2031.2
1240770 2031.2
1240780 2037.2
1240790 2042.3
1240800 2042.3
1240810 2048.1
1240820 2055.1
1240830 2055.1
1240840 2061.9
1240850 2068.4
1240860 2075.1
1240870 2075.1
1240880 2081.6
1240890 2088.4
1240900 2088.4
1240910 2095.5
1240920 2102.8
1240930 2102.8
1240940 2111.0
1240950 2120.6
1240960 2120.6
1240970 2129.7
1240980 2142.9
1240990 2142.9
1241000 2154.9
1241010 2164.7
1241020 2164.7
1241030 2174.7
1241040 2185.1
1241050 2185.1
1241060 2195.6
1241070 2206.3
1241080 2216.0
1241090 2216.0
1241100 2225.5
1241110 2236.9
1241120 2236.9
1241130 2247.7
1241140 2260.9
1241150 2260.9
1241160 2280.3
1241170 2300.8
1241180 2300.8
1241190 2313.9
1241200 2319.9
1241210 2310.7
1241220 2320.8
1241230 2334.0
1241240 2334.0
1241250 2354.7
1241260 2372.3
1241270 2372.3
1241280 2390.0
1241290 2404.0
1241300 2404.0
1241310 2415.8
1241320 2423.7
1241330 2431.3
1241340 2431.3
1241350 2439.8
1241360 2450.8
1241370 2450.8
1241380 2462.1
1241390 2473.9
1241400 2473.9
1241410 2483.0
1241420 2489.4
1241430 2489.4
1241440 2495.2
1241450 2497.0
1241460 2497.0
1241470 2496.4
1241480 2495.6
1241490 2495.6
1241500 2493.9
1241510 2491.5
1241520 2491.5
1241530 2489.4
1241540 2487.6
1241550 2486.1
1241560 2486.1
1241570 2485.8
1241580 2489.0
1241590 2489.0
1241600 2489.5
1241610 2486.8
1241620 2486.8
1241630 2489.4
1241640 2492.3
1241650 2492.3
1241660 2494.2
1241670 2496.4
1241680 2496.4
1241690 2497.6
1241700 2497.0
1241710 2497.0
1241720 2495.2
1241730 2497.4
1241740 2497.4
1241750 2496.1
1241760 2495.6
1241770 2495.9
1241780 2495.9
1241790 2495.2
1241800 2494.2
1241810 2494.2
1241820 2492.4
1241830 2490.2
1241840 2490.2
1241850 2488.4
1241860 2487.7
1241870 2487.7
1241880 2487.8
1241890 2488.1
1241900 2488.1
1241910 2488.7
1241920 2489.6
1241930 2489.6
1241940 2491.3
1241950 2492.5
1241960 2492.5
1241970 2493.3
1241980 2494.1
1241990 2494.1
1242000 2495.0
1242010 2495.4
1242020 2495.8
1242030 2495.8
1242040 2498.0
1242050 2502.7
1242060 2502.7
1242070 2505.8
1242080 2506.4
1242090 2506.4
1242100 2507.0
1242110 2506.1
1242120 2506.1
1242130 2505.7
1242140 2504.6
1242150 2504.6
1242160 2503.5
1242170 2502.5
1242180 2502.5
1242190 2502.3
1242200 2505.2
1242210 2505.2
1242220 2509.5
1242230 2512.9
1242240 2516.3
1242250 2521.7
1242260 2524.2
1242270 2525.4
1242280 2525.4
1242290 2525.9
1242300 2526.1
1242310 2526.1
1242320 2528.4
1242330 2530.9
1242340 2530.9
1242350 2532.7
1242360 2531.3
1242370 2531.3
1242380 2528.5
1242390 2528.8
1242400 2528.8
1242410 2530.8
1242420 2529.9
1242430 2529.9
1242440 2532.3
1242450 2537.3
1242460 2543.3
1242470 2543.3
1242480 2548.6
1242490 2554.5
1242500 2554.5
1242510 2561.2
1242520 2564.9
1242530 2564.9
1242540 2567.7
1242550 2570.5
1242560 2570.5
1242570 2573.4
1242580 2576.8
1242590 2576.8
1242600 2580.4
1242610 2584.6
1242620 2584.6
1242630 2590.4
1242640 2596.5
1242650 2596.5
1242660 2602.0
1242670 2606.3
1242680 2606.3
1242690 2610.3
1242700 2612.5
1242710 2613.8
1242720 2613.8
1242730 2615.1
1242740 2616.6
1242750 2616.6
1242760 2618.0
1242770 2618.8
1242780 2623.6
1242790 2623.5
1242800 2623.3
1242810 2623.3
1242820 2624.1
1242830 2624.1
1242840 2624.1
1242850 2622.7
1242860 2621.1
1242870 2621.1
1242880 2620.7
1242890 2623.1
1242900 2623.1
1242910 2627.1
1242920 2631.6
1242930 2636.0
1242940 2636.0
1242950 2640.8
1242960 2645.2
1242970 2645.2
1242980 2648.8
1242990 2652.4
1243000 2652.4
1243010 2657.4
1243020 2663.0
1243030 2663.0
1243040 2668.0
1243050 2672.5
1243060 2672.5
1243070 2677.8
1243080 2684.6
1243090 2684.6
1243100 2692.5
1243110 2702.7
1243120 2702.7
1243130 2717.0
1243140 2731.9
1243150 2742.3
1243160 2742.3
1243170 2753.8
1243180 2758.4
1243190 2758.4
1243200 2750.9
1243210 2744.6
1243220 2744.6
1243230 2738.5
1243240 2732.0
1243250 2732.0
1243260 2725.0
1243270 2715.4
1243280 2715.4
1243290 2703.5
1243300 2687.5
1243310 2687.5
1243320 2679.0
1243330 2673.2
1243340 2673.2
1243350 2669.8
1243360 2662.5
1243370 2662.5
1243380 2656.8
1243390 2654.6
1243400 2654.7
1243410 2654.7
1243420 2652.1
1243430 2648.1
1243440 2648.1
1243450 2645.5
1243460 2642.1
1243470 2642.1
1243480 2639.5
1243490 2640.0
1243500 2640.0
1243510 2638.4
1243520 2634.5
1243530 2634.5
1243540 2632.5
1243550 2625.9
1243560 2625.9
1243570 2617.4
1243580 2613.1
1243590 2613.1
1243600 2609.0
1243610 2607.0
1243620 2603.5
1243630 2603.5
1243640 2599.6
1243650 2597.1
1243660 2597.1
1243670 2595.2
1243680 2590.4
1243690 2590.4
1243700 2589.5
1243710 2590.0
1243720 2590.0
1243730 2589.7
1243740 2587.7
1243750 2587.7
1243760 2581.6
1243770 2574.6
1243780 2574.6
1243790 2570.4
1243800 2568.7
1243810 2568.7
1243820 2568.7
1243830 2561.1
1243840 2558.7
1243850 2558.7
1243860 2554.9
1243870 2550.9
1243880 2550.9
1243890 2546.9
1243900 2543.4
1243910 2543.4
1243920 2539.8
1243930 2536.8
1243940 2536.8
1243950 2534.5
1243960 2532.0
1243970 2532.0
1243980 2529.1
1243990 2525.2
1244000 2525.2
1244010 2520.6
1244020 2515.2
1244030 2515.2
1244040 2510.5
1244050 2505.4
1244060 2505.4
1244070 2499.9
1244080 2494.8
1244090 2489.8
1244100 2489.8
1244110 2484.9
1244120 2480.0
1244130 2480.0
1244140 2475.1
1244150 2469.9
1244160 2469.9
1244170 2465.4
1244180 2460.9
1244190 2460.9
1244200 2455.8
1244210 2451.8
1244220 2451.8
1244230 2450.8
1244240 2452.4
1244250 2452.4
1244260 2453.4
1244270 2451.5
1244280 2451.5
1244290 2447.8
1244300 2443.8
1244310 2441.2
1244320 2441.2
1244330 2438.3
1244340 2435.3
1244350 2435.3
1244360 2423.6
1244370 2420.0
1244380 2420.0
1244390 2414.5
1244400 2407.2
1244410 2407.2
1244420 2402.9
1244430 2399.0
1244440 2399.0
1244450 2393.5
1244460 2387.8
1244470 2387.8
1244480 2382.5
1244490 2377.6
1244500 2377.6
1244510 2371.9
1244520 2365.8
1244530 2359.7
1244540 2359.7
1244550 2354.2
1244560 2348.2
1244570 2348.2
1244580 2340.8
1244590 2334.5
1244600 2334.5
1244610 2329.0
1244620 2323.5
1244630 2323.5
1244640 2318.7
1244650 2314.8
1244660 2314.8
1244670 2310.9
1244680 2306.3
1244690 2306.3
1244700 2301.9
1244710 2297.4
1244720 2297.4
1244730 2292.8
1244740 2288.5
1244750 2288.5
1244760 2284.9
1244770 2280.5
1244780 2274.2
1244790 2274.2
1244800 2267.1
1244810 2260.3
1244820 2260.3
1244830 2253.7
1244840 2247.5
1244850 2247.5
1244860 2241.7
1244870 2235.9
1244880 2234.4
1244890 2228.2
1244900 2221.8
1244910 2221.8
1244920 2216.7
1244930 2211.9
1244940 2211.9
1244950 2206.7
1244960 2201.0
1244970 2201.0
1244980 2195.1
1244990 2189.7
1245000 2185.1
1245010 2185.1
1245020 2180.7
1245030 2176.4
1245040 2176.4
1245050 2172.4
1245060 2168.7
1245070 2168.7
1245080 2165.0
1245090 2160.6
1245100 2160.6
1245110 2157.1
1245120 2154.8
1245130 2154.8
1245140 2152.5
1245150 2149.3
1245160 2149.3
1245170 2146.5
1245180 2144.7
1245190 2144.7
1245200 2142.7
1245210 2140.7
1245220 2140.1
1245230 2140.1
1245240 2140.2
1245250 2139.5
1245260 2139.5
1245270 2138.3
1245280 2139.1
1245290 2139.1
1245300 2140.4
1245310 2142.3
1245320 2142.3
1245330 2145.0
1245340 2148.5
1245350 2148.5
1245360 2152.2
1245370 2155.9
1245380 2155.9
1245390 2159.5
1245400 2162.8
1245410 2168.8
1245420 2172.4
1245430 2176.6
1245440 2181.7
1245450 2181.7
1245460 2186.3
1245470 2191.3
1245480 2191.3
1245490 2196.1
1245500 2200.2
1245510 2200.2
1245520 2205.1
1245530 2210.5
1245540 2210.5
1245550 2215.6
1245560 2221.3
1245570 2221.3
1245580 2226.2
1245590 2231.0
1245600 2231.0
1245610 2235.7
1245620 2240.2
1245630 2240.2
1245640 2245.1
1245650 2250.4
1245660 2250.4
1245670 2253.3
1245680 2253.4
1245690 2251.6
1245700 2251.6
1245710 2250.4
1245720 2250.1
1245730 2250.1
1245740 2250.0
1245750 2249.7
1245760 2249.7
1245770 2251.9
1245780 2255.1
1245790 2255.1
1245800 2257.0
1245810 2257.0
1245820 2257.0
1245830 2257.3
1245840 2260.0
1245850 2260.0
1245860 2263.9
1245870 2267.4
1245880 2267.4
1245890 2270.3
1245900 2273.9
1245910 2277.5
1245920 2277.5
1245930 2281.4
1245940 2286.8
1245950 2294.3
1245960 2302.5
1245970 2313.8
1245980 2313.8
1245990 2324.9
1246000 2330.6
1246010 2330.6
1246020 2337.0
1246030 2341.0
1246040 2341.0
1246050 2343.3
1246060 2351.1
1246070 2351.1
1246080 2365.0
1246090 2370.5
1246100 2370.5
1246110 2372.4
1246120 2371.0
1246130 2369.9
1246140 2369.9
1246150 2368.2
1246160 2364.4
1246170 2364.4
1246180 2362.7
1246190 2362.6
1246200 2362.6
1246210 2363.8
1246220 2363.9
1246230 2363.9
1246240 2363.4
1246250 2362.4
1246260 2362.4
1246270 2362.8
1246280 2363.9
1246290 2363.9
1246300 2366.7
1246310 2371.8
1246320 2371.8
1246330 2378.5
1246340 2388.1
1246350 2388.1
1246360 2399.0
1246370 2408.6
1246380 2414.2
1246390 2414.2
1246400 2415.7
1246410 2415.8
1246420 2415.8
1246430 2415.7
1246440 2417.4
1246450 2417.4
1246460 2420.0
1246470 2424.9
1246480 2427.5
1246490 2428.2
1246500 2427.3
1246510 2427.3
1246520 2423.3
1246530 2418.9
1246540 2418.9
1246550 2417.9
1246560 2416.8
1246570 2416.8
1246580 2417.4
1246590 2420.6
1246600 2420.3
1246610 2420.3
1246620 2416.5
1246630 2410.3
1246640 2410.3
1246650 2403.4
1246660 2396.8
1246670 2396.8
1246680 2391.2
1246690 2386.2
1246700 2386.2
1246710 2384.3
1246720 2383.7
1246730 2383.7
1246740 2383.4
1246750 2384.4
1246760 2384.4
1246770 2385.2
1246780 2385.5
1246790 2385.5
1246800 2385.5
1246810 2385.8
1246820 2384.4
1246830 2384.4
1246840 2380.5
1246850 2377.4
1246860 2377.4
1246870 2375.4
1246880 2373.6
1246890 2373.6
1246900 2371.9
1246910 2370.4
1246920 2370.4
1246930 2368.6
1246940 2366.3
1246950 2366.3
1246960 2365.2
1246970 2365.0
1246980 2365.0
1246990 2366.2
1247000 2368.2
1247010 2370.7
1247020 2373.6
1247030 2377.4
1247040 2377.4
1247050 2381.3
1247060 2385.5
1247070 2389.0
1247080 2389.0
1247090 2391.6
1247100 2394.6
1247110 2394.6
1247120 2398.9
1247130 2405.9
1247140 2405.9
1247150 2419.1
1247160 2424.4
1247170 2424.4
1247180 2428.5
1247190 2433.1
1247200 2433.1
1247210 2437.3
1247220 2441.6
1247230 2441.6
1247240 2446.2
1247250 2449.2
1247260 2449.2
1247270 2450.8
1247280 2454.1
1247290 2458.9
1247300 2458.9
1247310 2464.4
1247320 2473.4
1247330 2473.4
1247340 2495.9
1247350 2510.0
1247360 2510.0
1247370 2513.2
1247380 2517.2
1247390 2517.2
1247400 2518.3
1247410 2524.5
1247420 2524.5
1247430 2534.3
1247440 2550.4
1247450 2550.4
1247460 2564.7
1247470 2572.2
1247480 2572.2
1247490 2577.7
1247500 2582.8
1247510 2588.1
1247520 2588.1
1247530 2597.2
1247540 2603.7
1247550 2604.1
1247560 2599.8
1247570 2599.9
1247580 2599.9
1247590 2601.0
1247600 2601.2
1247610 2601.2
1247620 2599.8
1247630 2597.8
1247640 2597.8
1247650 2595.6
1247660 2592.9
1247670 2592.9
1247680 2589.4
1247690 2585.8
1247700 2585.8
1247710 2582.8
1247720 2579.9
1247730 2579.9
1247740 2576.9
1247750 2573.3
1247760 2568.7
1247770 2568.7
1247780 2563.8
1247790 2558.6
1247800 2558.6
1247810 2552.9
1247820 2547.6
1247830 2547.6
1247840 2542.2
1247850 2537.1
1247860 2537.1
1247870 2532.5
1247880 2527.1
1247890 2527.1
1247900 2523.3
1247910 2524.3
1247920 2524.3
1247930 2525.7
1247940 2526.6
1247950 2526.6
1247960 2528.0
1247970 2529.2
1247980 2529.6
1247990 2529.6
1248000 2528.5
1248010 2525.1
1248020 2525.1
1248030 2520.0
1248040 2514.7
1248050 2514.7
1248060 2509.4
1248070 2503.8
1248080 2499.5
1248090 2493.7
1248100 2488.8
1248110 2488.8
1248120 2483.7
1248130 2478.2
1248140 2478.2
1248150 2472.0
1248160 2465.4
1248170 2465.4
1248180 2458.7
1248190 2453.9
1248200 2452.0
1248210 2452.0
1248220 2449.1
1248230 2443.8
1248240 2443.8
1248250 2437.6
1248260 2430.7
1248270 2430.7
1248280 2423.4
1248290 2416.6
1248300 2416.6
1248310 2410.3
1248320 2404.5
1248330 2404.5
1248340 2397.5
1248350 2390.2
1248360 2390.2
1248370 2382.6
1248380 2375.0
1248390 2375.0
1248400 2367.6
1248410 2360.3
1248420 2360.3
1248430 2352.9
1248440 2346.1
1248450 2339.7
1248460 2339.7
1248470 2332.9
1248480 2325.9
1248490 2325.9
1248500 2318.9
1248510 2313.1
1248520 2313.1
1248530 2307.2
1248540 2300.9
1248550 2300.9
1248560 2295.0
1248570 2290.9
1248580 2290.9
1248590 2287.7
1248600 2284.8
1248610 2284.8
1248620 2276.6
1248630 2275.3
1248640 2275.3
1248650 2271.5
1248660 2265.2
1248670 2257.9
1248680 2257.9
1248690 2250.0
1248700 2242.1
1248710 2242.1
1248720 2234.9
1248730 2228.7
1248740 2228.7
1248750 2223.5
1248760 2218.9
1248770 2218.9
1248780 2215.4
1248790 2212.9
1248800 2212.9
1248810 2211.1
1248820 2209.4
1248830 2209.4
1248840 2208.2
1248850 2207.3
1248860 2207.3
1248870 2206.4
1248880 2203.4
1248890 2198.1
1248900 2198.1
1248910 2192.8
1248920 2188.7
1248930 2188.7
1248940 2186.5
1248950 2183.3
1248960 2183.3
1248970 2180.4
1248980 2176.6
1248990 2176.6
1249000 2169.1
1249010 2165.2
1249020 2165.2
1249030 2167.5
1249040 2162.5
1249050 2162.5
1249060 2155.8
1249070 2151.0
1249080 2151.0
1249090 2149.3
1249100 2149.7
1249110 2149.7
1249120 2147.6
1249130 2147.6
1249140 2149.2
1249150 2149.2
1249160 2136.0
1249170 2135.0
1249180 2135.0
1249190 2130.6
1249200 2127.7
1249210 2127.7
1249220 2127.5
1249230 2125.6
1249240 2125.6
1249250 2123.6
1249260 2121.3
1249270 2121.3
1249280 2114.9
1249290 2107.7
1249300 2107.7
1249310 2100.1
1249320 2091.7
1249330 2091.7
1249340 2083.5
1249350 2076.0
1249360 2066.1
1249370 2066.1
1249380 2056.1
1249390 2046.5
1249400 2046.5
1249410 2036.5
1249420 2028.2
1249430 2028.2
1249440 2023.6
1249450 2022.4
1249460 2022.4
1249470 2021.9
1249480 2016.5
1249490 2016.5
1249500 2008.0
1249510 2002.6
1249520 2002.6
1249530 2000.1
1249540 1999.4
1249550 1999.4
1249560 1999.0
1249570 1998.6
1249580 1997.1
1249590 1997.1
1249600 1995.1
1249610 1992.0
1249620 1992.0
1249630 1986.6
1249640 1985.8
1249650 1985.8
1249660 1983.1
1249670 1979.4
1249680 1979.4
1249690 1978.8
1249700 1971.1
1249710 1971.1
1249720 1970.7
1249730 1970.3
1249740 1970.3
1249750 1969.8
1249760 1967.4
1249770 1967.4
1249780 1965.6
1249790 1962.1
1249800 1962.1
1249810 1957.0
1249820 1953.7
1249830 1945.7
1249840 1945.7
1249850 1937.2
1249860 1931.5
1249870 1931.5
1249880 1932.9
1249890 1936.3
1249900 1936.3
1249910 1934.4
1249920 1930.4
1249930 1930.4
1249940 1924.7
1249950 1924.7
1249960 1924.7
1249970 1926.0
1249980 1924.9
1249990 1924.9
1250000 1923.3
1250010 1921.1
1250020 1921.1
1250030 1918.2
1250040 1917.6
1250050 1918.3
1250060 1918.3
1250070 1916.3
1250080 1911.8
1250090 1911.8
1250100 1913.0
1250110 1912.4
1250120 1912.4
1250130 1908.2
1250140 1904.8
1250150 1904.8
1250160 1902.5
1250170 1899.9
1250180 1899.9
1250190 1897.1
1250200 1894.1
1250210 1894.1
1250220 1891.1
1250230 1888.0
1250240 1885.9
1250250 1883.5
1250260 1881.3
1250270 1879.3
1250280 1879.3
1250290 1876.8
1250300 1874.0
1250310 1874.0
1250320 1871.4
1250330 1865.8
1250340 1865.8
1250350 1858.2
1250360 1852.6
1250370 1852.6
1250380 1850.3
1250390 1845.3
1250400 1845.3
1250410 1839.9
1250420 1840.8
1250430 1840.8
1250440 1842.8
1250450 1841.3
1250460 1841.3
1250470 1838.1
1250480 1834.8
1250490 1833.9
1250500 1833.9
1250510 1833.6
1250520 1831.2
1250530 1831.2
1250540 1828.7
1250550 1824.9
1250560 1824.9
1250570 1820.6
1250580 1815.9
1250590 1815.9
1250600 1809.6
1250610 1802.3
1250620 1802.3
1250630 1794.6
1250640 1788.6
1250650 1788.6
1250660 1784.4
1250670 1781.4
1250680 1781.4
1250690 1778.0
1250700 1771.1
1250710 1771.1
1250720 1762.3
1250730 1752.8
1250740 1744.9
1250750 1744.9
1250760 1742.1
1250770 1741.5
1250780 1736.4
1250790 1735.7
1250800 1737.1
1250810 1737.1
1250820 1737.1
1250830 1731.2
1250840 1731.2
1250850 1719.1
1250860 1706.8
1250870 1706.8
1250880 1697.3
1250890 1689.0
1250900 1689.0
1250910 1681.0
1250920 1673.3
1250930 1673.3
1250940 1665.4
1250950 1660.7
1250960 1667.9
1250970 1667.9
1250980 1676.6
1250990 1681.4
1251000 1681.4
1251010 1685.2
1251020 1687.1
1251030 1687.1
1251040 1687.7
1251050 1690.8
1251060 1690.8
1251070 1691.4
1251080 1691.8
1251090 1691.8
1251100 1695.3
1251110 1701.3
1251120 1701.3
1251130 1701.9
1251140 1697.6
1251150 1697.6
1251160 1693.0
1251170 1689.5
1251180 1687.9
1251190 1687.9
1251200 1689.8
1251210 1691.5
1251220 1691.5
1251230 1692.9
1251240 1691.0
1251250 1691.0
1251260 1689.0
1251270 1687.0
1251280 1687.0
1251290 1683.1
1251300 1680.0
1251310 1680.0
1251320 1678.3
1251330 1667.5
1251340 1667.5
1251350 1666.0
1251360 1664.4
1251370 1664.4
1251380 1663.2
1251390 1660.8
1251400 1660.8
1251410 1657.2
1251420 1653.6
1251430 1650.1
1251440 1650.1
1251450 1646.1
1251460 1641.4
1251470 1641.4
1251480 1636.6
1251490 1631.6
1251500 1631.6
1251510 1625.7
1251520 1618.5
1251530 1618.5
1251540 1611.8
1251550 1606.3
1251560 1606.3
1251570 1600.1
1251580 1593.1
1251590 1593.1
1251600 1589.6
1251610 1595.0
1251620 1595.0
1251630 1602.3
1251640 1609.0
1251650 1614.7
1251660 1614.7
1251670 1617.1
1251680 1616.6
1251690 1616.6
1251700 1615.1
1251710 1613.6
1251720 1613.6
1251730 1612.5
1251740 1609.6
1251750 1609.6
1251760 1604.7
1251770 1599.7
1251780 1599.7
1251790 1596.7
1251800 1592.1
1251810 1592.1
1251820 1586.7
1251830 1580.9
1251840 1580.9
1251850 1576.3
1251860 1571.8
1251870 1560.9
1251880 1560.9
1251890 1554.9
1251900 1550.0
1251910 1550.0
1251920 1544.1
1251930 1537.2
1251940 1537.2
1251950 1532.6
1251960 1536.5
1251970 1536.5
1251980 1548.0
1251990 1558.1
1252000 1558.1
1252010 1564.9
1252020 1572.2
1252030 1572.2
1252040 1580.6
1252050 1588.6
1252060 1588.6
1252070 1589.8
1252080 1583.2
1252090 1583.2
1252100 1576.0
1252110 1569.5
1252120 1562.9
1252130 1562.9
1252140 1555.7
1252150 1551.9
1252160 1551.9
1252170 1556.2
1252180 1563.4
1252190 1563.4
1252200 1571.2
1252210 1577.7
1252220 1577.7
1252230 1585.2
1252240 1594.3
1252250 1594.3
1252260 1602.6
1252270 1610.7
1252280 1610.7
1252290 1618.8
1252300 1625.9
1252310 1625.9
1252320 1628.8
1252330 1629.3
1252340 1629.3
1252350 1629.3
1252360 1628.7
1252370 1629.3
1252380 1629.3
1252390 1630.3
1252400 1631.4
1252410 1631.4
1252420 1626.0
1252430 1627.1
1252440 1627.1
1252450 1628.3
1252460 1629.5
1252470 1629.5
1252480 1630.1
1252490 1629.5
1252500 1629.5
1252510 1627.6
1252520 1623.8
1252530 1623.8
1252540 1620.7
1252550 1619.1
1252560 1619.0
1252570 1619.0
1252580 1622.0
1252590 1625.6
1252600 1625.6
1252610 1628.6
1252620 1630.3
1252630 1630.3
1252640 1630.3
1252650 1627.8
1252660 1627.8
1252670 1620.7
1252680 1611.2
1252690 1611.2
1252700 1603.6
1252710 1599.1
1252720 1599.1
1252730 1597.0
1252740 1592.5
1252750 1592.5
1252760 1585.6
1252770 1587.4
1252780 1587.4
1252790 1593.5
1252800 1600.8
1252810 1609.5
1252820 1609.5
1252830 1618.9
1252840 1625.5
1252850 1625.5
1252860 1625.8
1252870 1625.0
1252880 1625.0
1252890 1625.5
1252900 1632.1
1252910 1632.1
1252920 1641.0
1252930 1647.2
1252940 1647.2
1252950 1652.2
1252960 1657.4
1252970 1657.4
1252980 1659.9
1252990 1660.5
1253000 1660.5
1253010 1660.9
1253020 1661.3
1253030 1661.6
1253040 1661.6
1253050 1660.0
1253060 1657.6
1253070 1657.6
1253080 1656.2
1253090 1655.5
1253100 1655.5
1253110 1655.1
1253120 1653.7
1253130 1653.7
1253140 1655.0
1253150 1658.1
1253160 1658.1
1253170 1662.1
1253180 1664.6
1253190 1664.6
1253200 1664.4
1253210 1663.3
1253220 1663.3
1253230 1662.2
1253240 1660.6
1253250 1658.3
1253260 1658.3
1253270 1655.8
1253280 1653.5
1253290 1653.5
1253300 1651.8
1253310 1650.6
1253320 1650.6
1253330 1649.6
1253340 1648.8
1253350 1648.8
1253360 1647.3
1253370 1644.9
1253380 1644.9
1253390 1641.6
1253400 1636.7
1253410 1636.7
1253420 1629.4
1253430 1623.2
1253440 1623.2
1253450 1618.9
1253460 1614.6
1253470 1614.6
1253480 1610.0
1253490 1602.2
1253500 1592.1
1253510 1590.6
1253520 1579.1
1253530 1571.2
1253540 1571.2
1253550 1569.3
1253560 1569.8
1253570 1569.8
1253580 1566.3
1253590 1557.8
1253600 1557.8
1253610 1549.0
1253620 1541.0
1253630 1541.0
1253640 1533.1
1253650 1525.3
1253660 1525.3
1253670 1518.0
1253680 1510.7
1253690 1510.7
1253700 1506.3
1253710 1506.1
1253720 1506.1
1253730 1506.1
1253740 1510.2
1253750 1516.2
1253760 1516.2
1253770 1516.0
1253780 1514.9
1253790 1514.9
1253800 1520.7
1253810 1529.1
1253820 1529.1
1253830 1537.5
1253840 1543.4
1253850 1543.4
1253860 1541.5
1253870 1532.3
1253880 1532.3
1253890 1531.0
1253900 1548.8
1253910 1548.8
1253920 1566.0
1253930 1580.6
1253940 1591.9
1253950 1591.9
1253960 1607.8
1253970 1624.2
1253980 1624.2
1253990 1627.6
1254000 1620.2
1254010 1620.2
1254020 1611.7
1254030 1604.6
1254040 1604.6
1254050 1598.5
1254060 1589.6
1254070 1589.6
1254080 1592.1
1254090 1590.2
1254100 1590.2
1254110 1594.2
1254120 1601.8
1254130 1601.8
1254140 1610.0
1254150 1626.0
1254160 1626.0
1254170 1645.1
1254180 1664.7
1254190 1679.0
1254200 1679.0
1254210 1690.8
1254220 1712.3
1254230 1712.3
1254240 1733.3
1254250 1745.2
1254260 1745.2
1254270 1753.5
1254280 1763.0
1254290 1763.0
1254300 1774.5
1254310 1786.2
1254320 1786.2
1254330 1794.0
1254340 1801.3
1254350 1801.3
1254360 1808.1
1254370 1813.7
1254380 1813.7
1254390 1818.0
1254400 1822.1
1254410 1826.1
1254420 1826.1
1254430 1830.1
1254440 1833.7
1254450 1833.7
1254460 1837.9
1254470 1843.2
1254480 1843.2
1254490 1848.7
1254500 1855.4
1254510 1855.4
1254520 1863.4
1254530 1871.3
1254540 1871.3
1254550 1877.4
1254560 1881.4
1254570 1881.4
1254580 1884.3
1254590 1887.5
1254600 1887.5
1254610 1889.7
1254620 1883.0
1254630 1882.9
1254640 1882.9
1254650 1882.6
1254660 1882.9
1254670 1882.9
1254680 1884.2
1254690 1885.1
1254700 1885.1
1254710 1884.6
1254720 1884.4
1254730 1884.4
1254740 1885.6
1254750 1886.3
1254760 1886.3
1254770 1883.6
1254780 1876.3
1254790 1876.3
1254800 1870.9
1254810 1863.9
1254820 1863.9
1254830 1856.0
1254840 1851.5
1254850 1851.5
1254860 1849.4
1254870 1846.6
1254880 1837.2
1254890 1837.2
1254900 1827.7
1254910 1818.0
1254920 1818.0
1254930 1810.1
1254940 1804.6
1254950 1804.6
1254960 1801.0
1254970 1793.0
1254980 1793.0
1254990 1784.8
1255000 1785.8
1255010 1785.8
1255020 1795.1
1255030 1804.6
1255040 1804.6
1255050 1813.6
1255060 1823.8
1255070 1823.8
1255080 1830.0
1255090 1830.9
1255100 1838.7
1255110 1838.7
1255120 1848.0
1255130 1857.7
1255140 1857.7
1255150 1867.8
1255160 1877.9
1255170 1876.2
1255180 1885.4
1255190 1894.0
1255200 1894.0
1255210 1902.3
1255220 1911.9
1255230 1911.9
1255240 1921.9
1255250 1930.4
1255260 1930.4
1255270 1938.1
1255280 1943.9
1255290 1943.9
1255300 1948.0
1255310 1949.7
1255320 1950.5
1255330 1950.5
1255340 1954.2
1255350 1960.4
1255360 1960.4
1255370 1969.3
1255380 1979.3
1255390 1979.3
1255400 1986.4
1255410 1992.0
1255420 1992.0
1255430 1997.5
1255440 2003.6
1255450 2003.6
1255460 2010.0
1255470 2016.1
1255480 2016.1
1255490 2022.4
1255500 2029.2
1255510 2029.2
1255520 2035.7
1255530 2041.2
1255540 2046.4
1255550 2046.4
1255560 2052.6
1255570 2059.3
1255580 2059.3
1255590 2066.9
1255600 2072.8
1255610 2072.8
1255620 2078.4
1255630 2084.7
1255640 2084.7
1255650 2090.9
1255660 2097.7
1255670 2097.7
1255680 2105.1
1255690 2112.3
1255700 2112.3
1255710 2118.0
1255720 2120.7
1255730 2120.7
1255740 2124.4
1255750 2125.9
1255760 2125.9
1255770 2125.7
1255780 2127.0
1255790 2129.1
1255800 2129.1
1255810 2128.9
1255820 2126.7
1255830 2126.7
1255840 2124.3
1255850 2120.8
1255860 2120.8
1255870 2114.5
1255880 2107.2
1255890 2107.2
1255900 2100.1
1255910 2091.6
1255920 2091.6
1255930 2081.7
1255940 2073.4
1255950 2073.4
1255960 2066.2
1255970 2059.3
1255980 2059.3
1255990 2053.3
1256000 2048.3
1256010 2042.5
1256020 2042.5
1256030 2036.5
1256040 2031.0
1256050 2031.0
1256060 2025.5
1256070 2020.7
1256080 2020.7
1256090 2017.1
1256100 2012.9
1256110 2012.9
1256120 2007.6
1256130 2002.1
1256140 2002.1
1256150 1996.9
1256160 1991.7
1256170 1991.7
1256180 1985.7
1256190 1977.4
1256200 1977.4
1256210 1969.2
1256220 1959.8
1256230 1951.1
1256240 1951.1
1256250 1942.9
1256260 1937.5
1256270 1937.5
1256280 1937.5
1256290 1929.1
1256300 1929.1
1256310 1914.1
1256320 1897.1
1256330 1897.1
1256340 1883.6
1256350 1874.3
1256360 1874.3
1256370 1863.0
1256380 1850.8
1256390 1850.8
1256400 1840.8
1256410 1830.8
1256420 1830.8
1256430 1820.8
1256440 1809.4
1256450 1809.4
1256460 1794.9
1256470 1787.4
1256480 1779.5
1256490 1779.5
1256500 1772.0
1256510 1765.4
1256520 1765.4
1256530 1762.5
1256540 1763.5
1256550 1763.5
1256560 1764.2
1256570 1764.4
1256580 1764.4
1256590 1769.0
1256600 1776.3
1256610 1776.3
1256620 1783.8
1256630 1791.5
1256640 1791.5
1256650 1792.6
1256660 1791.6
1256670 1791.6
1256680 1792.5
1256690 1795.1
1256700 1796.6
1256710 1796.6
1256720 1798.2
1256730 1799.7
1256740 1799.7
1256750 1800.3
1256760 1800.4
1256770 1800.4
1256780 1800.5
1256790 1801.1
1256800 1801.1
1256810 1801.3
1256820 1801.0
1256830 1793.2
1256840 1792.9
1256850 1794.3
1256860 1794.3
1256870 1794.5
1256880 1793.4
1256890 1793.4
1256900 1793.7
1256910 1795.2
1256920 1795.9
1256930 1795.9
1256940 1795.5
1256950 1795.2
1256960 1795.2
1256970 1794.1
1256980 1792.7
1256990 1792.7
1257000 1791.8
1257010 1790.8
1257020 1790.8
1257030 1789.3
1257040 1787.9
1257050 1787.9
1257060 1786.7
1257070 1785.5
1257080 1785.5
1257090 1783.4
1257100 1780.0
1257110 1780.0
1257120 1774.8
1257130 1769.6
1257140 1769.6
1257150 1765.5
1257160 1759.6
1257170 1755.8
1257180 1755.8
1257190 1761.2
1257200 1765.0
1257210 1765.0
1257220 1764.9
1257230 1762.1
1257240 1762.1
1257250 1757.5
1257260 1752.6
1257270 1752.6
1257280 1748.7
1257290 1744.0
1257300 1744.0
1257310 1739.7
1257320 1738.1
1257330 1738.1
1257340 1735.5
1257350 1732.7
1257360 1732.7
1257370 1730.3
1257380 1730.3
1257390 1726.2
1257400 1726.2
1257410 1725.6
1257420 1723.7
1257430 1723.7
1257440 1723.6
1257450 1724.8
1257460 1724.8
1257470 1724.4
1257480 1723.8
1257490 1723.8
1257500 1722.8
1257510 1721.1
1257520 1721.1
1257530 1718.8
1257540 1715.7
1257550 1715.7
1257560 1712.4
1257570 1709.2
1257580 1709.2
1257590 1705.3
1257600 1701.6
1257610 1698.7
1257620 1698.7
1257630 1696.6
1257640 1694.9
1257650 1694.9
1257660 1693.7
1257670 1693.1
1257680 1693.1
1257690 1692.5
1257700 1691.7
1257710 1691.7
1257720 1690.5
1257730 1689.3
1257740 1689.3
1257750 1688.1
1257760 1686.9
1257770 1686.9
1257780 1685.0
1257790 1682.4
1257800 1682.4
1257810 1679.0
1257820 1674.7
1257830 1674.7
1257840 1668.6
1257850 1661.3
1257860 1653.2
1257870 1653.2
1257880 1645.0
1257890 1637.1
1257900 1637.1
1257910 1632.3
1257920 1627.5
1257930 1627.5
1257940 1624.3
1257950 1617.6
1257960 1617.6
1257970 1614.1
1257980 1609.6
1257990 1609.6
1258000 1604.5
1258010 1599.9
1258020 1599.9
1258030 1595.3
1258040 1590.5
1258050 1590.5
1258060 1584.8
1258070 1579.1
1258080 1573.8
1258090 1573.8
1258100 1567.5
1258110 1560.7
1258120 1560.7
1258130 1555.8
1258140 1553.0
1258150 1553.0
1258160 1551.3
1258170 1548.7
1258180 1548.7
1258190 1545.3
1258200 1544.8
1258210 1544.8
1258220 1545.1
1258230 1545.3
1258240 1545.3
1258250 1544.8
1258260 1541.8
1258270 1541.8
1258280 1539.3
1258290 1537.1
1258300 1539.3
1258310 1539.3
1258320 1538.9
1258330 1537.1
1258340 1537.1
1258350 1536.6
1258360 1535.2
1258370 1535.2
1258380 1533.1
1258390 1530.5
1258400 1530.5
1258410 1528.4
1258420 1526.7
1258430 1526.7
1258440 1524.3
1258450 1526.2
1258460 1526.2
1258470 1526.0
1258480 1524.2
1258490 1524.2
1258500 1519.9
1258510 1511.6
1258520 1515.4
1258530 1515.4
1258540 1518.3
1258550 1520.9
1258560 1520.9
1258570 1520.8
1258580 1518.5
1258590 1518.5
1258600 1516.1
1258610 1513.2
1258620 1513.2
1258630 1510.0
1258640 1506.1
1258650 1506.1
1258660 1502.8
1258670 1500.9
1258680 1500.9
1258690 1498.9
1258700 1496.1
1258710 1496.1
1258720 1493.4
1258730 1491.9
1258740 1491.9
1258750 1490.4
1258760 1488.2
1258770 1485.6
1258780 1485.6
1258790 1482.8
1258800 1479.5
1258810 1479.5
1258820 1475.3
1258830 1469.9
1258840 1469.9
1258850 1464.7
1258860 1461.2
1258870 1461.2
1258880 1460.6
1258890 1465.0
1258900 1465.0
1258910 1468.8
1258920 1468.8
1258930 1468.8
1258940 1468.8
1258950 1469.0
1258960 1469.0
1258970 1468.6
1258980 1467.4
1258990 1464.1
1259000 1464.1
1259010 1459.1
1259020 1452.0
1259030 1452.0
1259040 1447.4
1259050 1443.3
1259060 1443.3
1259070 1421.3
1259080 1413.3
1259090 1413.3
1259100 1409.1
1259110 1403.7
1259120 1403.7
1259130 1399.5
1259140 1395.8
1259150 1395.8
1259160 1391.3
1259170 1386.2
1259180 1386.2
1259190 1381.2
1259200 1377.4
1259210 1373.1
1259220 1373.1
1259230 1365.5
1259240 1357.9
1259250 1357.9
1259260 1351.3
1259270 1344.5
1259280 1344.5
1259290 1337.5
1259300 1333.1
1259310 1333.1
1259320 1327.6
1259330 1322.6
1259340 1322.6
1259350 1317.9
1259360 1313.2
1259370 1313.2
1259380 1309.8
1259390 1305.6
1259400 1305.6
1259410 1302.1
1259420 1300.3
1259430 1300.3
1259440 1296.4
1259450 1288.9
1259460 1277.4
1259470 1277.4
1259480 1264.9
1259490 1248.5
1259500 1248.5
1259510 1236.0
1259520 1235.4
1259530 1235.4
1259540 1241.7
1259550 1245.2
1259560 1245.2
1259570 1237.6
1259580 1238.9
1259590 1238.9
1259600 1238.0
1259610 1232.8
1259620 1232.8
1259630 1232.6
1259640 1221.3
1259650 1221.3
1259660 1213.7
1259670 1205.8
1259680 1198.7
1259690 1198.7
1259700 1192.1
1259710 1186.4
1259720 1186.4
1259730 1181.2
1259740 1176.4
1259750 1176.4
1259760 1168.9
1259770 1163.6
1259780 1163.6
1259790 1162.9
1259800 1160.6
1259810 1160.6
1259820 1150.6
1259830 1142.7
1259840 1142.7
1259850 1137.4
1259860 1136.2
1259870 1136.2
1259880 1134.3
1259890 1128.8
1259900 1126.1
1259910 1126.1
1259920 1120.4
1259930 1114.6
1259940 1114.6
1259950 1106.6
1259960 1099.3
1259970 1099.3
1259980 1092.5
1259990 1082.0
