1240000 1621.5
1240010 1622.2
1240020 1622.2
1240030 1622.9
1240040 1623.5
1240050 1623.5
1240060 1624.2
1240070 1625.3
1240080 1625.3
1240090 1626.7
1240100 1628.9
1240110 1630.0
1240120 1630.0
1240130 1631.7
1240140 1633.6
1240150 1633.6
1240160 1635.8
1240170 1637.8
1240180 1637.8
1240190 1640.0
1240200 1642.3
1240210 1642.3
1240220 1644.7
1240230 1647.0
1240240 1647.0
1240250 1649.6
1240260 1652.5
1240270 1652.5
1240280 1655.7
1240290 1659.1
1240300 1659.1
1240310 1662.6
1240320 1666.6
1240330 1670.4
1240340 1670.4
1240350 1674.5
1240360 1679.8
1240370 1679.8
1240380 1682.8
1240390 1687.2
1240400 1687.2
1240410 1691.6
1240420 1696.4
1240430 1696.4
1240440 1701.1
1240450 1706.1
1240460 1706.1
1240470 1711.3
1240480 1716.7
1240490 1716.4
1240500 1722.3
1240510 1728.1
1240520 1728.1
1240530 1733.9
1240540 1740.3
1240550 1740.3
1240560 1747.3
1240570 1754.1
1240580 1760.5
1240590 1760.5
1240600 1767.1
1240610 1773.7
1240620 1773.7
1240630 1780.7
1240640 1788.0
1240650 1788.0
1240660 1796.2
1240670 1803.5
1240680 1803.5
1240690 1811.8
1240700 1829.5
1240710 1829.5
1240720 1844.1
1240730 1860.1
1240740 1860.1
1240750 1880.4
1240760 1906.3
1240770 1906.3
1240780 1918.3
1240790 1928.1
1240800 1940.0
1240810 1940.0
1240820 1948.9
1240830 1952.7
1240840 1952.7
1240850 1958.8
1240860 1966.7
1240870 1966.7
1240880 1975.9
1240890 1984.7
1240900 1984.7
1240910 1994.0
1240920 2000.8
1240930 2000.8
1240940 2007.3
1240950 2013.7
1240960 2013.7
1240970 2021.3
1240980 2027.6
1240990 2027.6
1241000 2034.1
1241010 2040.8
1241020 2040.8
1241030 2047.1
1241040 2052.6
1241050 2057.1
1241060 2057.1
1241070 2062.8
1241080 2071.4
1241090 2071.4
1241100 2078.4
1241110 2082.1
1241120 2082.1
1241130 2088.1
1241140 2093.3
1241150 2093.3
1241160 2097.4
1241170 2100.6
1241180 2100.6
1241190 2104.6
1241200 2108.4
1241210 2108.4
1241220 2111.7
1241230 2114.8
1241240 2114.8
1241250 2117.9
1241260 2122.2
1241270 2126.9
1241280 2126.9
1241290 2131.9
1241300 2134.1
1241310 2134.1
1241320 2136.6
1241330 2140.4
1241340 2140.4
1241350 2144.4
1241360 2150.5
1241370 2150.5
1241380 2155.2
1241390 2157.7
1241400 2157.7
1241410 2158.8
1241420 2159.6
1241430 2159.6
1241440 2160.6
1241450 2162.5
1241460 2162.5
1241470 2165.4
1241480 2167.2
1241490 2169.7
1241500 2169.7
1241510 2175.0
1241520 2179.7
1241530 2182.7
1241540 2185.3
1241550 2188.1
1241560 2188.1
1241570 2190.7
1241580 2193.9
1241590 2193.9
1241600 2197.1
1241610 2200.9
1241620 2200.9
1241630 2206.1
1241640 2211.5
1241650 2211.5
1241660 2217.3
1241670 2223.2
1241680 2223.2
1241690 2228.0
1241700 2231.9
1241710 2231.9
1241720 2237.5
1241730 2244.4
1241740 2251.7
1241750 2251.7
1241760 2258.9
1241770 2265.5
1241780 2265.5
1241790 2272.1
1241800 2279.3
1241810 2279.3
1241820 2286.6
1241830 2293.1
1241840 2293.1
1241850 2300.5
1241860 2307.6
1241870 2307.6
1241880 2314.3
1241890 2322.9
1241900 2322.9
1241910 2332.9
1241920 2343.1
1241930 2343.1
1241940 2354.3
1241950 2371.4
1241960 2375.7
1241970 2375.7
1241980 2377.0
1241990 2376.8
1242000 2376.8
1242010 2377.3
1242020 2378.3
1242030 2378.3
1242040 2379.0
1242050 2379.0
1242060 2384.1
1242070 2385.9
1242080 2388.8
1242090 2388.8
1242100 2390.9
1242110 2394.3
1242120 2394.3
1242130 2396.7
1242140 2398.7
1242150 2398.7
1242160 2401.8
1242170 2405.8
1242180 2405.8
1242190 2411.0
1242200 2415.6
1242210 2420.6
1242220 2420.6
1242230 2426.5
1242240 2432.4
1242250 2432.4
1242260 2435.7
1242270 2438.7
1242280 2438.7
1242290 2440.2
1242300 2440.4
1242310 2440.4
1242320 2441.9
1242330 2444.4
1242340 2444.4
1242350 2447.4
1242360 2450.4
1242370 2450.4
1242380 2455.0
1242390 2464.1
1242400 2464.1
1242410 2475.1
1242420 2484.4
1242430 2492.7
1242440 2492.7
1242450 2501.9
1242460 2512.5
1242470 2512.5
1242480 2520.6
1242490 2530.9
1242500 2530.9
1242510 2539.6
1242520 2550.4
1242530 2550.4
1242540 2560.7
1242550 2570.1
1242560 2570.1
1242570 2577.9
1242580 2588.0
1242590 2588.0
1242600 2594.4
1242610 2602.5
1242620 2602.5
1242630 2610.5
1242640 2615.9
1242650 2615.9
1242660 2612.1
1242670 2610.8
1242680 2611.6
1242690 2611.6
1242700 2607.1
1242710 2600.5
1242720 2600.5
1242730 2594.9
1242740 2590.2
1242750 2590.2
1242760 2586.9
1242770 2584.6
1242780 2584.6
1242790 2583.2
1242800 2580.5
1242810 2580.5
1242820 2578.4
1242830 2578.3
1242840 2578.3
1242850 2577.7
1242860 2577.7
1242870 2577.7
1242880 2579.7
1242890 2581.8
1242900 2586.6
1242910 2586.6
1242920 2589.6
1242930 2593.4
1242940 2593.4
1242950 2597.7
1242960 2599.7
1242970 2599.7
1242980 2603.4
1242990 2609.6
1243000 2609.6
1243010 2615.8
1243020 2621.0
1243030 2621.0
1243040 2626.1
1243050 2632.4
1243060 2632.4
1243070 2638.9
1243080 2648.4
1243090 2648.4
1243100 2657.0
1243110 2664.2
1243120 2671.6
1243130 2671.6
1243140 2679.6
1243150 2687.9
1243160 2687.9
1243170 2696.4
1243180 2704.7
1243190 2704.7
1243200 2713.2
1243210 2722.7
1243220 2722.7
1243230 2731.8
1243240 2741.7
1243250 2741.7
1243260 2756.2
1243270 2765.0
1243280 2765.0
1243290 2765.0
1243300 2758.8
1243310 2758.8
1243320 2751.5
1243330 2747.0
1243340 2747.0
1243350 2741.8
1243360 2734.3
1243370 2724.7
1243380 2724.7
1243390 2714.5
1243400 2706.3
1243410 2706.3
1243420 2699.5
1243430 2693.7
1243440 2693.7
1243450 2688.9
1243460 2684.5
1243470 2684.5
1243480 2680.2
1243490 2676.3
1243500 2676.3
1243510 2672.7
1243520 2670.5
1243530 2670.5
1243540 2668.5
1243550 2666.0
1243560 2666.0
1243570 2663.2
1243580 2660.3
1243590 2657.3
1243600 2657.3
1243610 2655.5
1243620 2655.8
1243630 2657.2
1243640 2658.2
1243650 2658.4
1243660 2658.4
1243670 2658.5
1243680 2658.9
1243690 2658.9
1243700 2659.6
1243710 2660.1
1243720 2660.1
1243730 2660.1
1243740 2659.6
1243750 2659.6
1243760 2659.2
1243770 2659.0
1243780 2659.0
1243790 2658.4
1243800 2657.3
1243810 2657.3
1243820 2655.4
1243830 2653.1
1243840 2650.3
1243850 2650.3
1243860 2646.3
1243870 2641.6
1243880 2641.6
1243890 2637.3
1243900 2634.4
1243910 2634.4
1243920 2632.0
1243930 2630.1
1243940 2630.1
1243950 2628.1
1243960 2626.1
1243970 2626.1
1243980 2622.3
1243990 2618.4
1244000 2618.4
1244010 2615.8
1244020 2614.3
1244030 2614.3
1244040 2611.8
1244050 2609.6
1244060 2608.4
1244070 2608.4
1244080 2607.6
1244090 2608.1
1244100 2608.1
1244110 2607.8
1244120 2605.8
1244130 2605.8
1244140 2603.5
1244150 2600.3
1244160 2598.8
1244170 2596.9
1244180 2594.4
1244190 2594.4
1244200 2592.9
1244210 2592.2
1244220 2592.2
1244230 2590.5
1244240 2589.7
1244250 2589.7
1244260 2589.8
1244270 2591.9
1244280 2593.2
1244290 2593.2
1244300 2593.5
1244310 2592.2
1244320 2592.2
1244330 2590.2
1244340 2587.7
1244350 2587.7
1244360 2584.5
1244370 2581.1
1244380 2581.1
1244390 2577.1
1244400 2573.1
1244410 2573.1
1244420 2569.4
1244430 2567.0
1244440 2567.0
1244450 2565.5
1244460 2564.8
1244470 2564.8
1244480 2564.3
1244490 2565.6
1244500 2565.6
1244510 2566.2
1244520 2566.3
1244530 2566.5
1244540 2566.5
1244550 2566.5
1244560 2565.6
1244570 2565.6
1244580 2564.3
1244590 2562.9
1244600 2562.9
1244610 2561.7
1244620 2560.3
1244630 2560.3
1244640 2558.6
1244650 2556.7
1244660 2556.7
1244670 2554.6
1244680 2552.7
1244690 2549.9
1244700 2547.7
1244710 2545.2
1244720 2545.2
1244730 2543.1
1244740 2539.7
1244750 2535.1
1244760 2535.1
1244770 2529.7
1244780 2523.7
1244790 2523.7
1244800 2519.1
1244810 2516.6
1244820 2516.6
1244830 2513.1
1244840 2509.5
1244850 2509.5
1244860 2505.9
1244870 2502.4
1244880 2502.4
1244890 2498.8
1244900 2496.1
1244910 2496.1
1244920 2494.1
1244930 2491.2
1244940 2491.2
1244950 2488.6
1244960 2487.8
1244970 2487.8
1244980 2486.8
1244990 2483.7
1245000 2480.3
1245010 2480.3
1245020 2479.1
1245030 2479.7
1245040 2479.7
1245050 2479.2
1245060 2478.2
1245070 2478.2
1245080 2478.5
1245090 2479.0
1245100 2479.0
1245110 2478.2
1245120 2476.6
1245130 2476.6
1245140 2474.5
1245150 2472.6
1245160 2472.6
1245170 2471.2
1245180 2469.5
1245190 2469.5
1245200 2469.0
1245210 2470.3
1245220 2464.0
1245230 2464.0
1245240 2463.7
1245250 2463.5
1245260 2463.5
1245270 2465.9
1245280 2471.0
1245290 2471.0
1245300 2476.4
1245310 2480.4
1245320 2480.4
1245330 2482.7
1245340 2484.3
1245350 2484.3
1245360 2486.8
1245370 2496.0
1245380 2496.0
1245390 2505.8
1245400 2512.5
1245410 2512.5
1245420 2516.6
1245430 2514.8
1245440 2514.2
1245450 2514.2
1245460 2513.0
1245470 2513.6
1245480 2513.6
1245490 2516.3
1245500 2519.7
1245510 2519.7
1245520 2522.3
1245530 2521.3
1245540 2521.3
1245550 2515.0
1245560 2506.4
1245570 2506.4
1245580 2498.1
1245590 2490.3
1245600 2490.3
1245610 2482.0
1245620 2475.3
1245630 2475.3
1245640 2468.5
1245650 2463.7
1245660 2463.7
1245670 2460.7
1245680 2454.9
1245690 2449.3
1245700 2449.3
1245710 2445.4
1245720 2440.4
1245730 2440.4
1245740 2433.6
1245750 2432.1
1245760 2432.1
1245770 2424.6
1245780 2415.6
1245790 2415.6
1245800 2406.8
1245810 2398.8
1245820 2398.8
1245830 2388.5
1245840 2376.5
1245850 2376.5
1245860 2363.0
1245870 2354.3
1245880 2354.3
1245890 2350.5
1245900 2346.9
1245910 2343.8
1245920 2343.8
1245930 2339.8
1245940 2336.1
1245950 2336.1
1245960 2332.3
1245970 2328.8
1245980 2328.8
1245990 2323.8
1246000 2316.7
1246010 2316.7
1246020 2312.4
1246030 2309.2
1246040 2309.2
1246050 2307.9
1246060 2305.1
1246070 2305.1
1246080 2300.5
1246090 2294.1
1246100 2294.1
1246110 2286.7
1246120 2280.3
1246130 2280.3
1246140 2273.1
1246150 2264.7
1246160 2258.6
1246170 2258.6
1246180 2253.5
1246190 2248.0
1246200 2248.0
1246210 2242.5
1246220 2236.3
1246230 2236.3
1246240 2229.3
1246250 2222.1
1246260 2222.1
1246270 2215.3
1246280 2208.1
1246290 2208.1
1246300 2201.9
1246310 2196.5
1246320 2196.5
1246330 2190.8
1246340 2185.4
1246350 2185.4
1246360 2180.2
1246370 2174.9
1246380 2169.7
1246390 2169.7
1246400 2164.8
1246410 2160.0
1246420 2160.0
1246430 2154.8
1246440 2149.4
1246450 2149.4
1246460 2143.7
1246470 2138.2
1246480 2138.2
1246490 2133.3
1246500 2128.5
1246510 2128.5
1246520 2124.0
1246530 2120.4
1246540 2120.4
1246550 2117.3
1246560 2114.2
1246570 2114.2
1246580 2111.3
1246590 2107.8
1246600 2107.8
1246610 2103.8
1246620 2099.7
1246630 2095.8
1246640 2095.8
1246650 2091.6
1246660 2087.5
1246670 2087.5
1246680 2083.2
1246690 2079.0
1246700 2079.0
1246710 2074.3
1246720 2069.8
1246730 2069.8
1246740 2065.7
1246750 2061.3
1246760 2061.3
1246770 2057.2
1246780 2054.0
1246790 2054.0
1246800 2051.0
1246810 2045.6
1246820 2045.6
1246830 2041.9
1246840 2038.5
1246850 2035.1
1246860 2035.1
1246870 2031.6
1246880 2027.2
1246890 2027.2
1246900 2022.2
1246910 2018.7
1246920 2018.7
1246930 2015.7
1246940 2011.9
1246950 2011.9
1246960 2007.4
1246970 2002.5
1246980 2002.5
1246990 1997.7
1247000 1993.0
1247010 1993.0
1247020 1988.4
1247030 1982.2
1247040 1982.2
1247050 1977.0
1247060 1971.8
1247070 1966.2
1247080 1966.2
1247090 1959.9
1247100 1954.0
1247110 1954.0
1247120 1949.6
1247130 1951.0
1247140 1951.0
1247150 1954.2
1247160 1955.6
1247170 1955.6
1247180 1955.9
1247190 1955.6
1247200 1955.6
1247210 1955.6
1247220 1957.0
1247230 1957.0
1247240 1960.1
1247250 1963.9
1247260 1963.9
1247270 1966.2
1247280 1968.3
1247290 1968.3
1247300 1971.1
1247310 1974.0
1247320 1976.8
1247330 1976.8
1247340 1979.4
1247350 1988.1
1247360 1988.1
1247370 1991.1
1247380 1993.4
1247390 1993.4
1247400 1998.3
1247410 2000.7
1247420 2000.7
1247430 2002.5
1247440 2004.7
1247450 2004.7
1247460 2010.6
1247470 2020.3
1247480 2020.3
1247490 2026.3
1247500 2031.6
1247510 2031.6
1247520 2037.2
1247530 2040.3
1247540 2041.8
1247550 2041.8
1247560 2044.5
1247570 2059.5
1247580 2059.5
1247590 2066.0
1247600 2070.3
1247610 2070.3
1247620 2075.7
1247630 2083.7
1247640 2083.7
1247650 2094.7
1247660 2101.3
1247670 2101.3
1247680 2105.2
1247690 2105.7
1247700 2105.7
1247710 2106.2
1247720 2114.3
1247730 2114.3
1247740 2128.4
1247750 2141.6
1247760 2141.6
1247770 2153.7
1247780 2168.3
1247790 2182.8
1247800 2182.8
1247810 2188.7
1247820 2193.7
1247830 2193.7
1247840 2201.5
1247850 2208.7
1247860 2208.7
1247870 2219.5
1247880 2238.3
1247890 2238.3
1247900 2247.3
1247910 2259.2
1247920 2259.2
1247930 2274.9
1247940 2286.1
1247950 2286.1
1247960 2293.1
1247970 2301.1
1247980 2301.1
1247990 2310.1
1248000 2315.5
1248010 2321.4
1248020 2321.4
1248030 2326.7
1248040 2331.7
1248050 2331.7
1248060 2338.2
1248070 2339.2
1248080 2339.2
1248090 2338.5
1248100 2337.3
1248110 2337.3
1248120 2335.7
1248130 2334.4
1248140 2334.4
1248150 2333.8
1248160 2334.7
1248170 2334.7
1248180 2335.4
1248190 2334.4
1248200 2334.4
1248210 2329.5
1248220 2319.6
1248230 2311.3
1248240 2311.3
1248250 2304.8
1248260 2299.0
1248270 2299.0
1248280 2296.6
1248290 2295.4
1248300 2295.4
1248310 2295.5
1248320 2296.4
1248330 2296.4
1248340 2296.3
1248350 2293.6
1248360 2293.6
1248370 2291.3
1248380 2291.5
1248390 2291.5
1248400 2291.3
1248410 2290.9
1248420 2295.3
1248430 2294.7
1248440 2294.4
1248450 2294.4
1248460 2294.0
1248470 2293.6
1248480 2294.1
1248490 2294.1
1248500 2293.7
1248510 2294.7
1248520 2294.7
1248530 2296.2
1248540 2297.2
1248550 2297.2
1248560 2297.8
1248570 2299.0
1248580 2299.0
1248590 2299.6
1248600 2300.8
1248610 2300.8
1248620 2302.7
1248630 2304.3
1248640 2304.3
1248650 2306.9
1248660 2310.4
1248670 2310.4
1248680 2313.2
1248690 2315.8
1248700 2319.0
1248710 2319.0
1248720 2323.4
1248730 2331.6
1248740 2331.6
1248750 2337.1
1248760 2336.9
1248770 2336.9
1248780 2334.7
1248790 2333.7
1248800 2333.7
1248810 2340.3
1248820 2343.0
1248830 2343.0
1248840 2361.2
1248850 2385.4
1248860 2385.4
1248870 2385.5
1248880 2387.3
1248890 2387.3
1248900 2393.2
1248910 2398.9
1248920 2398.9
1248930 2404.2
1248940 2408.7
1248950 2412.0
1248960 2418.8
1248970 2421.2
1248980 2427.2
1248990 2427.2
1249000 2441.8
1249010 2448.8
1249020 2448.8
1249030 2468.1
1249040 2486.8
1249050 2486.8
1249060 2499.8
1249070 2505.0
1249080 2505.0
1249090 2511.8
1249100 2521.0
1249110 2521.0
1249120 2525.8
1249130 2534.6
1249140 2534.6
1249150 2541.4
1249160 2549.3
1249170 2560.7
1249180 2560.7
1249190 2568.8
1249200 2575.2
1249210 2575.2
1249220 2582.2
1249230 2586.4
1249240 2586.4
1249250 2590.6
1249260 2595.1
1249270 2595.1
1249280 2603.1
1249290 2609.1
1249300 2609.1
1249310 2612.0
1249320 2613.7
1249330 2613.7
1249340 2615.8
1249350 2623.3
1249360 2623.3
1249370 2632.8
1249380 2639.2
1249390 2639.0
1249400 2639.0
1249410 2637.5
1249420 2638.3
1249430 2638.3
1249440 2635.4
1249450 2636.5
1249460 2636.5
1249470 2634.6
1249480 2632.0
1249490 2632.0
1249500 2643.1
1249510 2657.7
1249520 2657.7
1249530 2666.2
1249540 2668.9
1249550 2668.9
1249560 2678.4
1249570 2687.0
1249580 2687.0
1249590 2695.1
1249600 2703.1
1249610 2703.1
1249620 2712.8
1249630 2721.6
1249640 2729.9
1249650 2729.9
1249660 2738.4
1249670 2746.7
1249680 2746.7
1249690 2755.1
1249700 2765.2
1249710 2765.2
1249720 2772.2
1249730 2772.3
1249740 2772.3
1249750 2771.8
1249760 2770.5
1249770 2770.5
1249780 2768.7
1249790 2766.5
1249800 2766.5
1249810 2762.4
1249820 2758.9
1249830 2758.9
1249840 2757.5
1249850 2756.6
1249860 2758.0
1249870 2758.0
1249880 2760.5
1249890 2761.9
1249900 2761.9
1249910 2764.8
1249920 2761.4
1249930 2761.4
1249940 2756.6
1249950 2751.7
1249960 2751.7
1249970 2747.3
1249980 2740.2
1249990 2740.2
1250000 2734.8
1250010 2732.1
1250020 2732.1
1250030 2731.0
1250040 2724.8
1250050 2724.8
1250060 2719.0
1250070 2713.6
1250080 2713.6
1250090 2708.3
1250100 2703.0
1250110 2699.2
1250120 2699.2
1250130 2697.1
1250140 2695.5
1250150 2695.5
1250160 2690.0
1250170 2683.8
1250180 2683.8
1250190 2678.4
1250200 2673.4
1250210 2673.4
1250220 2669.2
1250230 2668.7
1250240 2668.7
1250250 2664.1
1250260 2658.2
1250270 2658.2
1250280 2655.2
1250290 2654.3
1250300 2654.3
1250310 2654.8
1250320 2656.4
1250330 2655.6
1250340 2655.6
1250350 2653.8
1250360 2650.7
1250370 2650.7
1250380 2651.2
1250390 2653.6
1250400 2653.6
1250410 2653.3
1250420 2657.3
1250430 2657.3
1250440 2657.6
1250450 2650.0
1250460 2650.0
1250470 2642.6
1250480 2641.9
1250490 2641.9
1250500 2651.5
1250510 2657.4
1250520 2657.4
1250530 2660.2
1250540 2662.5
1250550 2663.7
1250560 2663.7
1250570 2663.5
1250580 2651.6
1250590 2651.6
1250600 2645.3
1250610 2638.5
1250620 2638.5
1250630 2630.0
1250640 2621.4
1250650 2621.4
1250660 2613.8
1250670 2610.9
1250680 2610.9
1250690 2609.9
1250700 2607.7
1250710 2607.7
1250720 2608.3
1250730 2610.0
1250740 2610.0
1250750 2605.4
1250760 2598.0
1250770 2598.0
1250780 2591.7
1250790 2589.9
1250800 2590.0
1250810 2590.0
1250820 2591.0
1250830 2588.3
1250840 2588.3
1250850 2587.3
1250860 2588.0
1250870 2588.0
1250880 2588.7
1250890 2583.0
1250900 2583.0
1250910 2579.6
1250920 2575.8
1250930 2575.8
1250940 2570.8
1250950 2566.3
1250960 2566.3
1250970 2555.3
1250980 2548.9
1250990 2548.9
1251000 2547.0
1251010 2540.3
1251020 2533.1
1251030 2533.1
1251040 2526.7
1251050 2523.3
1251060 2523.3
1251070 2522.2
1251080 2520.8
1251090 2520.8
1251100 2515.9
1251110 2509.4
1251120 2503.2
1251130 2496.3
1251140 2488.5
1251150 2488.5
1251160 2483.6
1251170 2485.1
1251180 2485.1
1251190 2492.5
1251200 2495.7
1251210 2495.7
1251220 2493.8
1251230 2487.9
1251240 2487.9
1251250 2485.8
1251260 2487.1
1251270 2489.9
1251280 2489.9
1251290 2491.3
1251300 2489.0
1251310 2489.0
1251320 2486.3
1251330 2483.8
1251340 2483.8
1251350 2481.2
1251360 2479.0
1251370 2479.0
1251380 2475.7
1251390 2471.5
1251400 2471.5
1251410 2468.7
1251420 2467.7
1251430 2467.7
1251440 2466.6
1251450 2470.2
1251460 2470.2
1251470 2473.1
1251480 2472.0
1251490 2470.1
1251500 2470.1
1251510 2469.3
1251520 2469.7
1251530 2469.7
1251540 2472.5
1251550 2476.6
1251560 2476.6
1251570 2474.8
1251580 2474.5
1251590 2474.5
1251600 2477.0
1251610 2479.0
1251620 2479.0
1251630 2479.5
1251640 2478.5
1251650 2478.5
1251660 2474.7
1251670 2473.6
1251680 2473.6
1251690 2472.6
1251700 2472.9
1251710 2473.0
1251720 2473.0
1251730 2475.6
1251740 2478.4
1251750 2478.4
1251760 2482.3
1251770 2483.4
1251780 2483.4
1251790 2481.5
1251800 2478.8
1251810 2478.8
1251820 2478.4
1251830 2477.0
1251840 2477.0
1251850 2473.1
1251860 2469.7
1251870 2469.7
1251880 2468.4
1251890 2468.7
1251900 2468.7
1251910 2468.0
1251920 2464.8
1251930 2464.8
1251940 2461.9
1251950 2457.7
1251960 2454.2
1251970 2454.2
1251980 2453.3
1251990 2451.0
1252000 2451.0
1252010 2449.1
1252020 2446.0
1252030 2446.0
1252040 2445.0
1252050 2444.4
1252060 2444.4
1252070 2444.3
1252080 2443.4
1252090 2443.4
1252100 2440.3
1252110 2437.4
1252120 2437.4
1252130 2436.8
1252140 2436.6
1252150 2436.6
1252160 2437.4
1252170 2436.6
1252180 2435.7
1252190 2435.7
1252200 2437.9
1252210 2431.7
1252220 2431.7
1252230 2433.6
1252240 2436.4
1252250 2436.4
1252260 2438.3
1252270 2442.6
1252280 2442.6
1252290 2445.5
1252300 2445.8
1252310 2445.8
1252320 2445.0
1252330 2440.8
1252340 2440.8
1252350 2435.1
1252360 2431.2
1252370 2431.2
1252380 2427.5
1252390 2424.1
1252400 2424.1
1252410 2419.8
1252420 2414.8
1252430 2411.4
1252440 2411.4
1252450 2409.5
1252460 2408.6
1252470 2408.6
1252480 2408.9
1252490 2409.6
1252500 2409.6
1252510 2409.2
1252520 2409.7
1252530 2409.7
1252540 2411.7
1252550 2412.4
1252560 2412.4
1252570 2410.5
1252580 2406.7
1252590 2406.7
1252600 2409.7
1252610 2412.5
1252620 2412.5
1252630 2412.1
1252640 2413.3
1252650 2414.6
1252660 2414.6
1252670 2415.6
1252680 2423.4
1252690 2423.4
1252700 2431.2
1252710 2435.8
1252720 2435.8
1252730 2439.4
1252740 2442.6
1252750 2442.6
1252760 2437.0
1252770 2440.9
1252780 2440.9
1252790 2442.9
1252800 2438.3
1252810 2438.3
1252820 2431.2
1252830 2425.8
1252840 2425.8
1252850 2427.4
1252860 2432.6
1252870 2432.6
1252880 2434.2
1252890 2433.5
1252900 2428.7
1252910 2428.7
1252920 2425.5
1252930 2428.7
1252940 2428.7
1252950 2431.8
1252960 2430.1
1252970 2430.1
1252980 2428.1
1252990 2427.7
1253000 2427.7
1253010 2431.7
1253020 2436.5
1253030 2436.5
1253040 2442.7
1253050 2448.7
1253060 2448.7
1253070 2452.4
1253080 2450.1
1253090 2450.1
1253100 2441.8
1253110 2432.3
1253120 2422.5
1253130 2422.5
1253140 2413.2
1253150 2405.3
1253160 2405.3
1253170 2398.7
1253180 2392.7
1253190 2392.7
1253200 2387.3
1253210 2381.0
1253220 2381.0
1253230 2374.7
1253240 2370.0
1253250 2370.0
1253260 2366.2
1253270 2362.9
1253280 2362.9
1253290 2359.9
1253300 2357.3
1253310 2354.2
1253320 2351.7
1253330 2349.9
1253340 2348.1
1253350 2348.1
1253360 2346.4
1253370 2344.8
1253380 2344.8
1253390 2343.5
1253400 2342.3
1253410 2342.3
1253420 2341.0
1253430 2339.3
1253440 2339.3
1253450 2338.2
1253460 2337.2
1253470 2337.2
1253480 2336.8
1253490 2337.9
1253500 2337.9
1253510 2339.3
1253520 2340.2
1253530 2340.2
1253540 2340.7
1253550 2341.0
1253560 2341.0
1253570 2342.4
1253580 2341.2
1253590 2339.8
1253600 2339.8
1253610 2342.5
1253620 2343.2
1253630 2343.2
1253640 2342.8
1253650 2344.0
1253660 2344.0
1253670 2344.1
1253680 2345.3
1253690 2345.3
1253700 2350.1
1253710 2354.3
1253720 2354.3
1253730 2354.2
1253740 2354.8
1253750 2354.8
1253760 2354.1
1253770 2355.5
1253780 2355.5
1253790 2355.3
1253800 2353.6
1253810 2350.4
1253820 2350.4
1253830 2345.2
1253840 2340.3
1253850 2340.3
1253860 2331.2
1253870 2326.2
1253880 2326.2
1253890 2321.0
1253900 2316.5
1253910 2316.5
1253920 2311.9
1253930 2306.7
1253940 2306.7
1253950 2301.5
1253960 2297.9
1253970 2297.9
1253980 2296.2
1253990 2295.2
1254000 2295.2
1254010 2294.0
1254020 2292.4
1254030 2292.4
1254040 2291.3
1254050 2291.7
1254060 2291.9
1254070 2291.9
1254080 2292.3
1254090 2293.7
1254100 2293.7
1254110 2296.4
1254120 2300.3
1254130 2300.3
1254140 2302.7
1254150 2300.3
1254160 2300.3
1254170 2295.5
1254180 2290.0
1254190 2290.0
1254200 2284.0
1254210 2276.6
1254220 2276.6
1254230 2269.5
1254240 2263.2
1254250 2263.2
1254260 2256.8
1254270 2249.9
1254280 2243.2
1254290 2243.2
1254300 2237.0
1254310 2230.6
1254320 2230.6
1254330 2224.1
1254340 2218.1
1254350 2218.1
1254360 2213.2
1254370 2208.5
1254380 2208.5
1254390 2204.6
1254400 2201.0
1254410 2195.7
1254420 2192.6
1254430 2190.1
1254440 2190.1
1254450 2187.4
1254460 2191.0
1254470 2191.0
1254480 2196.9
1254490 2202.8
1254500 2209.4
1254510 2209.4
1254520 2216.4
1254530 2223.4
1254540 2223.4
1254550 2229.9
1254560 2235.9
1254570 2235.9
1254580 2239.3
1254590 2241.4
1254600 2241.4
1254610 2243.6
1254620 2246.0
1254630 2246.0
1254640 2247.9
1254650 2249.5
1254660 2249.5
1254670 2251.5
1254680 2253.5
1254690 2253.5
1254700 2256.1
1254710 2258.8
1254720 2258.8
1254730 2261.0
1254740 2263.4
1254750 2265.4
1254760 2265.4
1254770 2267.2
1254780 2268.3
1254790 2268.3
1254800 2268.5
1254810 2268.6
1254820 2268.6
1254830 2269.5
1254840 2270.2
1254850 2270.2
1254860 2270.7
1254870 2272.2
1254880 2272.2
1254890 2274.4
1254900 2277.4
1254910 2277.4
1254920 2281.0
1254930 2284.8
1254940 2284.8
1254950 2288.8
1254960 2294.1
1254970 2298.7
1254980 2298.7
1254990 2303.4
1255000 2308.1
1255010 2308.1
1255020 2312.7
1255030 2317.5
1255040 2317.5
1255050 2322.4
1255060 2327.5
1255070 2327.5
1255080 2333.2
1255090 2338.9
1255100 2338.9
1255110 2344.9
1255120 2351.3
1255130 2351.3
1255140 2357.5
1255150 2363.9
1255160 2363.9
1255170 2370.4
1255180 2376.9
1255190 2376.9
1255200 2383.4
1255210 2389.9
1255220 2396.7
1255230 2396.7
1255240 2403.6
1255250 2410.3
1255260 2410.3
1255270 2418.7
1255280 2427.3
1255290 2427.3
1255300 2432.6
1255310 2438.7
1255320 2438.7
1255330 2445.7
1255340 2455.0
1255350 2455.0
1255360 2464.9
1255370 2475.6
1255380 2475.6
1255390 2486.2
1255400 2493.9
1255410 2493.9
1255420 2499.9
1255430 2507.4
1255440 2523.3
1255450 2523.3
1255460 2537.8
1255470 2553.1
1255480 2553.1
1255490 2561.1
1255500 2549.0
1255510 2549.0
1255520 2536.5
1255530 2524.1
1255540 2524.1
1255550 2513.8
1255560 2501.3
1255570 2501.3
1255580 2487.3
1255590 2477.2
1255600 2477.2
1255610 2472.0
1255620 2467.4
1255630 2467.4
1255640 2462.0
1255650 2458.8
1255660 2455.5
1255670 2455.5
1255680 2452.8
1255690 2450.3
1255700 2450.3
1255710 2447.8
1255720 2445.1
1255730 2445.1
1255740 2442.1
1255750 2440.4
1255760 2440.4
1255770 2440.0
1255780 2439.3
1255790 2439.3
1255800 2439.1
1255810 2440.6
1255820 2440.6
1255830 2442.3
1255840 2444.0
1255850 2444.0
1255860 2444.9
1255870 2444.0
1255880 2444.0
1255890 2443.1
1255900 2442.5
1255910 2441.8
1255920 2441.8
1255930 2438.9
1255940 2435.7
1255950 2435.7
1255960 2433.2
1255970 2432.2
1255980 2432.2
1255990 2429.6
1256000 2426.4
1256010 2426.4
1256020 2423.9
1256030 2422.6
1256040 2422.6
1256050 2421.3
1256060 2418.9
1256070 2421.3
1256080 2418.3
1256090 2416.1
1256100 2416.1
1256110 2414.9
1256120 2415.0
1256130 2415.2
1256140 2415.2
1256150 2415.1
1256160 2413.6
1256170 2413.6
1256180 2412.3
1256190 2411.8
1256200 2411.8
1256210 2412.1
1256220 2411.7
1256230 2411.7
1256240 2410.3
1256250 2408.8
1256260 2408.8
1256270 2407.6
1256280 2405.8
1256290 2405.8
1256300 2404.6
1256310 2404.2
1256320 2404.2
1256330 2404.1
1256340 2405.2
1256350 2405.2
1256360 2405.7
1256370 2405.0
1256380 2403.7
1256390 2403.7
1256400 2404.1
1256410 2406.9
1256420 2406.9
1256430 2410.0
1256440 2411.6
1256450 2411.6
1256460 2413.2
1256470 2416.1
1256480 2416.1
1256490 2418.6
1256500 2418.2
1256510 2418.2
1256520 2420.5
1256530 2423.6
1256540 2423.6
1256550 2423.6
1256560 2428.2
1256570 2428.2
1256580 2436.9
1256590 2441.8
1256600 2443.2
1256610 2443.2
1256620 2444.5
1256630 2430.5
1256640 2430.5
1256650 2406.6
1256660 2387.3
1256670 2387.3
1256680 2375.4
1256690 2364.1
1256700 2364.1
1256710 2356.8
1256720 2350.2
1256730 2350.2
1256740 2344.2
1256750 2338.7
1256760 2338.7
1256770 2334.2
1256780 2331.9
1256790 2331.9
1256800 2334.0
1256810 2338.3
1256820 2339.7
1256830 2339.7
1256840 2337.0
1256850 2326.1
1256860 2326.1
1256870 2319.5
1256880 2318.0
1256890 2318.0
1256900 2315.3
1256910 2311.5
1256920 2311.5
1256930 2313.5
1256940 2309.4
1256950 2309.4
1256960 2299.6
1256970 2288.4
1256980 2288.4
1256990 2281.3
1257000 2281.2
1257010 2281.2
1257020 2284.3
1257030 2285.1
1257040 2285.1
1257050 2280.2
1257060 2276.8
1257070 2280.4
1257080 2280.4
1257090 2286.0
1257100 2280.0
1257110 2280.0
1257120 2271.9
1257130 2265.4
1257140 2265.4
1257150 2260.9
1257160 2254.3
1257170 2254.3
1257180 2248.9
1257190 2237.9
1257200 2237.9
1257210 2237.2
1257220 2227.5
1257230 2227.5
1257240 2218.7
1257250 2212.1
1257260 2212.1
1257270 2203.4
1257280 2195.2
1257290 2195.3
1257300 2195.3
1257310 2196.2
1257320 2188.9
1257330 2188.9
1257340 2185.2
1257350 2182.8
1257360 2182.8
1257370 2181.4
1257380 2179.4
1257390 2179.4
1257400 2179.3
1257410 2177.0
1257420 2177.0
1257430 2168.0
1257440 2164.7
1257450 2164.7
1257460 2164.0
1257470 2166.4
1257480 2166.4
1257490 2170.6
1257500 2164.6
1257510 2164.6
1257520 2148.4
1257530 2137.5
1257540 2129.4
1257550 2129.4
1257560 2121.4
1257570 2113.4
1257580 2113.4
1257590 2105.5
1257600 2098.4
1257610 2098.4
1257620 2091.3
1257630 2084.8
1257640 2084.8
1257650 2078.2
1257660 2071.2
1257670 2071.2
1257680 2064.4
1257690 2059.1
1257700 2059.1
1257710 2057.0
1257720 2057.0
1257730 2057.0
1257740 2059.0
1257750 2051.5
1257760 2047.1
1257770 2047.1
1257780 2043.8
1257790 2039.3
1257800 2039.3
1257810 2033.8
1257820 2025.1
1257830 2025.1
1257840 2016.0
1257850 2008.2
1257860 2008.2
1257870 1999.3
1257880 1992.0
1257890 1992.0
1257900 1984.4
1257910 1976.9
1257920 1976.9
1257930 1973.3
1257940 1972.5
1257950 1972.5
1257960 1967.8
1257970 1960.3
1257980 1952.5
1257990 1952.5
1258000 1946.0
1258010 1939.6
1258020 1939.6
1258030 1934.5
1258040 1929.5
1258050 1929.5
1258060 1923.8
1258070 1916.6
1258080 1916.6
1258090 1908.4
1258100 1900.7
1258110 1900.7
1258120 1894.5
1258130 1888.0
1258140 1888.0
1258150 1882.5
1258160 1877.8
1258170 1877.8
1258180 1875.4
1258190 1871.8
1258200 1871.8
1258210 1864.3
1258220 1857.1
1258230 1850.4
1258240 1850.4
1258250 1844.5
1258260 1840.4
1258270 1840.4
1258280 1839.8
1258290 1837.3
1258300 1837.3
1258310 1825.8
1258320 1822.6
1258330 1822.6
1258340 1819.4
1258350 1815.2
1258360 1815.2
1258370 1810.2
1258380 1805.1
1258390 1805.1
1258400 1800.3
1258410 1795.7
1258420 1795.7
1258430 1791.0
1258440 1786.7
1258450 1782.1
1258460 1782.1
1258470 1777.9
1258480 1773.4
1258490 1773.4
1258500 1768.9
1258510 1764.4
1258520 1764.4
1258530 1760.2
1258540 1756.8
1258550 1756.8
1258560 1753.3
1258570 1750.5
1258580 1750.5
1258590 1747.3
1258600 1744.3
1258610 1744.3
1258620 1739.4
1258630 1733.3
1258640 1733.3
1258650 1726.8
1258660 1719.9
1258670 1719.9
1258680 1712.8
1258690 1705.4
1258700 1698.4
1258710 1698.4
1258720 1693.0
1258730 1689.3
1258740 1689.3
1258750 1687.9
1258760 1687.4
1258770 1687.4
1258780 1686.9
1258790 1686.0
1258800 1686.0
1258810 1683.3
1258820 1679.3
1258830 1679.3
1258840 1674.5
1258850 1669.4
1258860 1669.4
1258870 1659.9
1258880 1655.2
1258890 1655.2
1258900 1650.5
1258910 1644.8
1258920 1637.7
1258930 1637.7
1258940 1631.4
1258950 1626.6
1258960 1626.6
1258970 1623.0
1258980 1618.3
1258990 1618.3
1259000 1613.0
1259010 1607.6
1259020 1607.6
1259030 1601.4
1259040 1595.1
1259050 1595.1
1259060 1592.8
1259070 1592.8
1259080 1592.8
1259090 1589.0
1259100 1585.3
1259110 1585.3
1259120 1584.2
1259130 1581.3
1259140 1576.5
1259150 1576.5
1259160 1572.5
1259170 1567.1
1259180 1567.1
1259190 1559.3
1259200 1551.6
1259210 1551.6
1259220 1548.6
1259230 1551.0
1259240 1551.0
1259250 1549.8
1259260 1547.0
1259270 1547.0
1259280 1545.5
1259290 1543.1
1259300 1543.1
1259310 1540.3
1259320 1537.6
1259330 1537.6
1259340 1535.1
1259350 1533.1
1259360 1533.1
1259370 1530.7
1259380 1525.0
1259390 1520.0
1259400 1520.0
1259410 1516.7
1259420 1517.2
1259430 1507.8
1259440 1511.0
1259450 1510.1
1259460 1510.1
1259470 1506.4
1259480 1502.3
1259490 1502.3
1259500 1498.3
1259510 1494.4
1259520 1494.4
1259530 1488.2
1259540 1481.0
1259550 1481.0
1259560 1474.0
1259570 1471.1
1259580 1471.1
1259590 1472.9
1259600 1468.5
1259610 1463.3
1259620 1463.3
1259630 1456.6
1259640 1447.3
1259650 1447.3
1259660 1439.5
1259670 1433.2
1259680 1433.2
1259690 1427.9
1259700 1423.7
1259710 1423.7
1259720 1420.0
1259730 1412.5
1259740 1412.5
1259750 1403.6
1259760 1395.9
1259770 1395.9
1259780 1390.4
1259790 1387.5
1259800 1387.5
1259810 1385.9
1259820 1386.4
1259830 1383.1
1259840 1383.1
1259850 1374.3
1259860 1370.5
1259870 1370.5
1259880 1372.8
1259890 1374.4
1259900 1374.4
1259910 1374.2
1259920 1371.7
1259930 1371.7
1259940 1368.4
1259950 1364.5
1259960 1364.5
1259970 1359.5
1259980 1351.7
1259990 1351.7
