1240000 1621.7
1240010 1622.5
1240020 1622.5
1240030 1623.2
1240040 1623.8
1240050 1623.8
1240060 1624.4
1240070 1625.3
1240080 1625.3
1240090 1626.6
1240100 1628.9
1240110 1628.9
1240120 1630.0
1240130 1631.5
1240140 1633.5
1240150 1633.5
1240160 1635.5
1240170 1637.7
1240180 1637.7
1240190 1639.8
1240200 1642.2
1240210 1642.2
1240220 1644.7
1240230 1647.1
1240240 1647.1
1240250 1649.5
1240260 1652.3
1240270 1652.3
1240280 1655.5
1240290 1658.6
1240300 1658.2
1240310 1661.7
1240320 1665.5
1240330 1665.5
1240340 1669.2
1240350 1673.9
1240360 1676.9
1240370 1676.9
1240380 1681.0
1240390 1685.6
1240400 1685.6
1240410 1690.0
1240420 1694.2
1240430 1694.2
1240440 1698.7
1240450 1703.7
1240460 1703.7
1240470 1708.9
1240480 1714.5
1240490 1714.5
1240500 1720.5
1240510 1726.5
1240520 1726.5
1240530 1733.1
1240540 1740.3
1240550 1740.3
1240560 1747.3
1240570 1753.8
1240580 1753.8
1240590 1760.2
1240600 1766.8
1240610 1773.5
1240620 1773.5
1240630 1780.7
1240640 1789.0
1240650 1789.0
1240660 1800.8
1240670 1807.6
1240680 1807.6
1240690 1813.0
1240700 1827.9
1240710 1827.9
1240720 1841.8
1240730 1858.7
1240740 1858.7
1240750 1875.7
1240760 1903.0
1240770 1903.0
1240780 1923.0
1240790 1935.3
1240800 1935.3
1240810 1947.6
1240820 1955.7
1240830 1958.1
1240840 1958.1
1240850 1962.5
1240860 1970.8
1240870 1970.8
1240880 1977.8
1240890 1984.6
1240900 1984.6
1240910 1990.6
1240920 1998.2
1240930 1998.2
1240940 2007.4
1240950 2013.5
1240960 2013.5
1240970 2020.2
1240980 2026.8
1240990 2026.8
1241000 2034.7
1241010 2041.4
1241020 2041.4
1241030 2049.8
1241040 2054.8
1241050 2054.8
1241060 2058.4
1241070 2064.1
1241080 2072.7
1241090 2072.7
1241100 2079.2
1241110 2083.3
1241120 2083.3
1241130 2088.8
1241140 2094.0
1241150 2094.0
1241160 2098.4
1241170 2102.2
1241180 2102.2
1241190 2104.7
1241200 2110.1
1241210 2110.1
1241220 2114.8
1241230 2118.5
1241240 2118.5
1241250 2120.7
1241260 2124.3
1241270 2124.3
1241280 2127.9
1241290 2132.3
1241300 2134.6
1241310 2134.6
1241320 2136.8
1241330 2140.9
1241340 2140.9
1241350 2147.2
1241360 2150.9
1241370 2150.9
1241380 2151.5
1241390 2153.0
1241400 2153.0
1241410 2156.5
1241420 2160.2
1241430 2160.2
1241440 2162.9
1241450 2166.0
1241460 2166.0
1241470 2168.8
1241480 2172.3
1241490 2172.3
1241500 2177.2
1241510 2180.5
1241520 2183.4
1241530 2183.4
1241540 2186.4
1241550 2190.0
1241560 2190.0
1241570 2193.3
1241580 2197.5
1241590 2197.5
1241600 2201.5
1241610 2206.3
1241620 2206.3
1241630 2211.7
1241640 2216.3
1241650 2216.3
1241660 2221.5
1241670 2226.5
1241680 2226.5
1241690 2230.7
1241700 2234.3
1241710 2234.3
1241720 2240.0
1241730 2246.4
1241740 2246.4
1241750 2252.8
1241760 2259.9
1241770 2266.0
1241780 2266.0
1241790 2271.7
1241800 2278.8
1241810 2278.8
1241820 2286.1
1241830 2293.2
1241840 2293.2
1241850 2300.8
1241860 2308.8
1241870 2310.5
1241880 2319.9
1241890 2328.6
1241900 2328.6
1241910 2336.6
1241920 2344.8
1241930 2344.8
1241940 2353.2
1241950 2364.9
1241960 2364.9
1241970 2378.2
1241980 2384.8
1241990 2385.7
1242000 2385.7
1242010 2386.7
1242020 2387.8
1242030 2387.8
1242040 2388.3
1242050 2389.1
1242060 2389.1
1242070 2391.4
1242080 2394.4
1242090 2394.4
1242100 2396.7
1242110 2399.9
1242120 2399.9
1242130 2402.9
1242140 2405.0
1242150 2405.0
1242160 2408.0
1242170 2411.5
1242180 2411.5
1242190 2415.9
1242200 2421.0
1242210 2421.0
1242220 2425.9
1242230 2431.1
1242240 2437.2
1242250 2437.2
1242260 2440.1
1242270 2441.4
1242280 2441.4
1242290 2443.3
1242300 2444.5
1242310 2444.5
1242320 2445.9
1242330 2448.5
1242340 2448.5
1242350 2452.0
1242360 2455.5
1242370 2455.5
1242380 2459.2
1242390 2468.9
1242400 2468.9
1242410 2477.3
1242420 2490.8
1242430 2490.8
1242440 2501.2
1242450 2508.0
1242460 2515.5
1242470 2515.5
1242480 2527.5
1242490 2539.8
1242500 2539.8
1242510 2547.6
1242520 2557.6
1242530 2557.6
1242540 2568.0
1242550 2577.0
1242560 2577.0
1242570 2584.0
1242580 2591.8
1242590 2591.8
1242600 2597.8
1242610 2606.0
1242620 2606.0
1242630 2614.6
1242640 2619.2
1242650 2619.2
1242660 2615.4
1242670 2613.6
1242680 2613.6
1242690 2613.6
1242700 2608.4
1242710 2603.2
1242720 2603.2
1242730 2598.7
1242740 2594.6
1242750 2594.6
1242760 2591.6
1242770 2589.0
1242780 2589.0
1242790 2587.4
1242800 2585.3
1242810 2585.3
1242820 2583.3
1242830 2583.7
1242840 2583.7
1242850 2582.4
1242860 2581.3
1242870 2581.3
1242880 2583.1
1242890 2585.4
1242900 2585.4
1242910 2590.0
1242920 2598.0
1242930 2601.3
1242940 2601.3
1242950 2605.6
1242960 2609.1
1242970 2609.1
1242980 2611.1
1242990 2613.3
1243000 2613.3
1243010 2618.1
1243020 2625.1
1243030 2625.1
1243040 2631.6
1243050 2637.6
1243060 2637.6
1243070 2644.1
1243080 2651.0
1243090 2651.0
1243100 2658.1
1243110 2667.0
1243120 2667.0
1243130 2673.6
1243140 2680.2
1243150 2687.1
1243160 2687.1
1243170 2695.4
1243180 2704.7
1243190 2704.7
1243200 2715.5
1243210 2725.8
1243220 2725.8
1243230 2735.6
1243240 2745.2
1243250 2745.2
1243260 2756.1
1243270 2763.7
1243280 2763.7
1243290 2760.8
1243300 2753.5
1243310 2753.5
1243320 2746.6
1243330 2740.6
1243340 2740.6
1243350 2735.1
1243360 2728.7
1243370 2728.7
1243380 2720.0
1243390 2711.1
1243400 2703.6
1243410 2703.6
1243420 2696.5
1243430 2690.2
1243440 2687.2
1243450 2681.5
1243460 2677.1
1243470 2677.1
1243480 2674.1
1243490 2672.9
1243500 2672.9
1243510 2671.9
1243520 2670.6
1243530 2670.6
1243540 2668.6
1243550 2666.0
1243560 2666.0
1243570 2663.3
1243580 2660.0
1243590 2660.0
1243600 2657.5
1243610 2657.5
1243620 2658.4
1243630 2658.4
1243640 2658.7
1243650 2658.8
1243660 2658.8
1243670 2659.2
1243680 2659.8
1243690 2659.8
1243700 2660.7
1243710 2661.0
1243720 2661.0
1243730 2660.7
1243740 2660.1
1243750 2660.1
1243760 2659.8
1243770 2660.1
1243780 2660.1
1243790 2660.0
1243800 2658.9
1243810 2658.9
1243820 2657.4
1243830 2655.5
1243840 2652.3
1243850 2652.3
1243860 2648.3
1243870 2643.8
1243880 2643.8
1243890 2639.3
1243900 2635.7
1243910 2635.7
1243920 2633.1
1243930 2630.7
1243940 2630.7
1243950 2628.5
1243960 2626.1
1243970 2626.9
1243980 2624.0
1243990 2621.6
1244000 2621.6
1244010 2619.4
1244020 2617.3
1244030 2617.3
1244040 2614.4
1244050 2611.6
1244060 2611.6
1244070 2609.1
1244080 2607.0
1244090 2604.8
1244100 2604.8
1244110 2602.3
1244120 2599.4
1244130 2599.4
1244140 2597.3
1244150 2595.7
1244160 2595.7
1244170 2594.9
1244180 2594.3
1244190 2594.3
1244200 2592.7
1244210 2590.2
1244220 2590.2
1244230 2588.5
1244240 2587.9
1244250 2587.9
1244260 2588.1
1244270 2590.6
1244280 2590.6
1244290 2591.3
1244300 2591.4
1244310 2591.0
1244320 2591.0
1244330 2589.5
1244340 2586.8
1244350 2586.8
1244360 2583.3
1244370 2579.5
1244380 2579.5
1244390 2575.7
1244400 2572.4
1244410 2572.4
1244420 2568.2
1244430 2564.7
1244440 2564.7
1244450 2563.1
1244460 2562.0
1244470 2562.0
1244480 2562.0
1244490 2562.9
1244500 2559.9
1244510 2560.2
1244520 2560.3
1244530 2560.3
1244540 2560.2
1244550 2559.6
1244560 2557.9
1244570 2557.9
1244580 2555.5
1244590 2553.3
1244600 2553.3
1244610 2551.9
1244620 2550.8
1244630 2550.8
1244640 2550.0
1244650 2549.5
1244660 2549.5
1244670 2548.5
1244680 2546.9
1244690 2546.9
1244700 2545.1
1244710 2542.6
1244720 2542.6
1244730 2539.9
1244740 2537.4
1244750 2537.4
1244760 2533.1
1244770 2527.1
1244780 2521.5
1244790 2521.5
1244800 2516.3
1244810 2512.5
1244820 2512.5
1244830 2510.4
1244840 2506.7
1244850 2506.7
1244860 2502.9
1244870 2499.5
1244880 2499.5
1244890 2495.9
1244900 2492.4
1244910 2492.4
1244920 2489.6
1244930 2486.7
1244940 2486.7
1244950 2483.9
1244960 2482.1
1244970 2482.1
1244980 2481.0
1244990 2478.9
1245000 2478.9
1245010 2475.7
1245020 2474.2
1245030 2468.2
1245040 2468.2
1245050 2467.3
1245060 2466.9
1245070 2466.9
1245080 2466.6
1245090 2466.4
1245100 2466.4
1245110 2465.8
1245120 2464.5
1245130 2464.5
1245140 2462.8
1245150 2461.1
1245160 2461.1
1245170 2459.0
1245180 2457.4
1245190 2457.4
1245200 2456.9
1245210 2457.4
1245220 2457.4
1245230 2457.4
1245240 2457.3
1245250 2458.3
1245260 2458.3
1245270 2462.0
1245280 2466.9
1245290 2466.9
1245300 2471.1
1245310 2474.0
1245320 2474.0
1245330 2475.5
1245340 2476.4
1245350 2476.4
1245360 2476.7
1245370 2482.6
1245380 2482.6
1245390 2496.1
1245400 2504.7
1245410 2504.7
1245420 2508.1
1245430 2505.5
1245440 2505.5
1245450 2503.0
1245460 2501.8
1245470 2501.8
1245480 2501.8
1245490 2506.3
1245500 2512.2
1245510 2512.2
1245520 2515.3
1245530 2516.8
1245540 2516.8
1245550 2512.7
1245560 2504.6
1245570 2504.6
1245580 2499.8
1245590 2494.7
1245600 2494.7
1245610 2488.3
1245620 2479.6
1245630 2479.6
1245640 2473.3
1245650 2468.9
1245660 2468.9
1245670 2465.8
1245680 2461.1
1245690 2461.1
1245700 2455.3
1245710 2450.8
1245720 2446.4
1245730 2446.4
1245740 2441.1
1245750 2434.7
1245760 2434.7
1245770 2427.0
1245780 2417.3
1245790 2417.3
1245800 2407.9
1245810 2397.5
1245820 2397.5
1245830 2384.0
1245840 2371.6
1245850 2371.6
1245860 2359.5
1245870 2349.3
1245880 2349.3
1245890 2344.8
1245900 2340.6
1245910 2340.6
1245920 2337.2
1245930 2334.3
1245940 2331.5
1245950 2331.5
1245960 2328.4
1245970 2325.4
1245980 2325.4
1245990 2321.8
1246000 2316.1
1246010 2316.1
1246020 2309.6
1246030 2305.6
1246040 2305.6
1246050 2303.0
1246060 2300.7
1246070 2300.7
1246080 2298.2
1246090 2289.8
1246100 2289.8
1246110 2285.2
1246120 2278.3
1246130 2278.3
1246140 2270.3
1246150 2262.3
1246160 2262.3
1246170 2257.1
1246180 2252.3
1246190 2247.9
1246200 2247.9
1246210 2242.9
1246220 2237.0
1246230 2237.0
1246240 2229.6
1246250 2221.9
1246260 2221.9
1246270 2214.5
1246280 2208.0
1246290 2208.0
1246300 2202.1
1246310 2196.1
1246320 2196.1
1246330 2190.4
1246340 2185.1
1246350 2185.1
1246360 2179.6
1246370 2173.5
1246380 2173.5
1246390 2168.0
1246400 2163.3
1246410 2158.9
1246420 2158.9
1246430 2153.9
1246440 2148.3
1246450 2148.3
1246460 2142.5
1246470 2136.5
1246480 2136.5
1246490 2131.5
1246500 2126.4
1246510 2126.4
1246520 2122.1
1246530 2118.7
1246540 2118.7
1246550 2115.7
1246560 2112.9
1246570 2112.9
1246580 2110.1
1246590 2106.8
1246600 2106.8
1246610 2102.9
1246620 2097.6
1246630 2093.7
1246640 2093.7
1246650 2089.8
1246660 2086.1
1246670 2086.1
1246680 2082.0
1246690 2077.7
1246700 2077.7
1246710 2073.0
1246720 2068.6
1246730 2068.6
1246740 2064.6
1246750 2059.7
1246760 2059.7
1246770 2054.7
1246780 2050.8
1246790 2050.8
1246800 2047.3
1246810 2044.4
1246820 2044.4
1246830 2041.8
1246840 2039.5
1246850 2039.5
1246860 2035.9
1246870 2031.1
1246880 2026.2
1246890 2026.2
1246900 2021.9
1246910 2019.0
1246920 2019.0
1246930 2015.4
1246940 2011.0
1246950 2011.0
1246960 2006.4
1246970 2001.9
1246980 2001.9
1246990 1997.7
1247000 1993.5
1247010 1993.5
1247020 1987.9
1247030 1981.7
1247040 1981.7
1247050 1976.2
1247060 1970.3
1247070 1970.3
1247080 1964.2
1247090 1958.1
1247100 1953.0
1247110 1953.0
1247120 1950.8
1247130 1955.2
1247140 1955.2
1247150 1957.3
1247160 1961.2
1247170 1961.2
1247180 1961.4
1247190 1961.3
1247200 1961.3
1247210 1962.0
1247220 1963.7
1247230 1963.7
1247240 1966.5
1247250 1969.8
1247260 1969.8
1247270 1974.0
1247280 1977.8
1247290 1977.8
1247300 1981.2
1247310 1984.2
1247320 1984.2
1247330 1987.0
1247340 1990.2
1247350 1993.5
1247360 1993.5
1247370 1997.1
1247380 1998.4
1247390 1998.4
1247400 2003.6
1247410 2007.6
1247420 2007.6
1247430 2009.9
1247440 2012.7
1247450 2012.7
1247460 2020.5
1247470 2027.3
1247480 2027.3
1247490 2032.5
1247500 2038.0
1247510 2038.0
1247520 2044.2
1247530 2047.7
1247540 2047.7
1247550 2049.3
1247560 2049.8
1247570 2062.9
1247580 2062.9
1247590 2072.0
1247600 2076.8
1247610 2076.8
1247620 2083.6
1247630 2088.5
1247640 2088.5
1247650 2097.8
1247660 2105.2
1247670 2105.2
1247680 2111.1
1247690 2120.4
1247700 2120.4
1247710 2123.4
1247720 2124.5
1247730 2124.5
1247740 2128.4
1247750 2139.1
1247760 2139.1
1247770 2156.5
1247780 2171.9
1247790 2182.9
1247800 2182.9
1247810 2196.1
1247820 2206.4
1247830 2206.4
1247840 2213.7
1247850 2221.4
1247860 2221.4
1247870 2232.7
1247880 2242.8
1247890 2242.8
1247900 2252.6
1247910 2266.2
1247920 2266.2
1247930 2282.2
1247940 2294.3
1247950 2294.3
1247960 2299.4
1247970 2307.5
1247980 2307.5
1247990 2316.7
1248000 2325.9
1248010 2325.9
1248020 2332.3
1248030 2336.3
1248040 2340.6
1248050 2340.6
1248060 2346.9
1248070 2346.5
1248080 2346.5
1248090 2344.3
1248100 2342.3
1248110 2342.3
1248120 2340.3
1248130 2338.9
1248140 2338.9
1248150 2337.8
1248160 2339.2
1248170 2339.2
1248180 2339.1
1248190 2337.0
1248200 2337.0
1248210 2330.3
1248220 2322.1
1248230 2324.9
1248240 2317.9
1248250 2310.9
1248260 2304.9
1248270 2304.9
1248280 2302.8
1248290 2301.8
1248300 2301.8
1248310 2302.5
1248320 2303.4
1248330 2303.4
1248340 2304.2
1248350 2304.7
1248360 2304.7
1248370 2302.6
1248380 2300.7
1248390 2300.7
1248400 2300.3
1248410 2299.9
1248420 2299.9
1248430 2299.3
1248440 2298.8
1248450 2298.8
1248460 2298.7
1248470 2299.0
1248480 2299.0
1248490 2298.5
1248500 2297.9
1248510 2299.2
1248520 2299.2
1248530 2301.5
1248540 2302.4
1248550 2302.4
1248560 2303.2
1248570 2304.3
1248580 2304.3
1248590 2305.0
1248600 2306.4
1248610 2306.4
1248620 2308.8
1248630 2310.8
1248640 2310.8
1248650 2313.4
1248660 2316.6
1248670 2316.6
1248680 2320.0
1248690 2323.4
1248700 2323.4
1248710 2326.7
1248720 2333.8
1248730 2340.9
1248740 2340.9
1248750 2345.4
1248760 2351.9
1248770 2351.9
1248780 2348.4
1248790 2350.7
1248800 2350.7
1248810 2359.9
1248820 2388.2
1248830 2388.2
1248840 2401.9
1248850 2404.5
1248860 2404.5
1248870 2405.6
1248880 2406.9
1248890 2406.9
1248900 2407.7
1248910 2410.7
1248920 2410.7
1248930 2415.5
1248940 2420.8
1248950 2425.3
1248960 2425.3
1248970 2429.0
1248980 2437.7
1248990 2437.7
1249000 2449.6
1249010 2459.3
1249020 2459.3
1249030 2477.4
1249040 2494.4
1249050 2494.4
1249060 2506.3
1249070 2513.4
1249080 2513.4
1249090 2518.9
1249100 2530.0
1249110 2530.0
1249120 2539.3
1249130 2546.5
1249140 2546.5
1249150 2551.0
1249160 2555.3
1249170 2555.3
1249180 2564.9
1249190 2575.0
1249200 2582.5
1249210 2582.5
1249220 2588.0
1249230 2592.7
1249240 2592.7
1249250 2597.5
1249260 2602.2
1249270 2602.2
1249280 2608.5
1249290 2615.2
1249300 2620.3
1249310 2625.7
1249320 2630.9
1249330 2630.9
1249340 2635.7
1249350 2645.1
1249360 2645.1
1249370 2652.9
1249380 2657.8
1249390 2657.8
1249400 2659.8
1249410 2657.5
1249420 2659.5
1249430 2659.5
1249440 2660.3
1249450 2657.4
1249460 2657.4
1249470 2655.4
1249480 2652.9
1249490 2652.9
1249500 2650.0
1249510 2656.5
1249520 2656.5
1249530 2667.3
1249540 2676.0
1249550 2676.0
1249560 2681.5
1249570 2687.8
1249580 2687.8
1249590 2696.5
1249600 2705.8
1249610 2705.8
1249620 2713.8
1249630 2721.0
1249640 2721.0
1249650 2729.8
1249660 2740.5
1249670 2750.2
1249680 2750.2
1249690 2758.5
1249700 2766.4
1249710 2766.4
1249720 2768.9
1249730 2767.0
1249740 2767.0
1249750 2765.7
1249760 2763.8
1249770 2763.8
1249780 2761.7
1249790 2759.0
1249800 2759.0
1249810 2754.3
1249820 2751.2
1249830 2751.2
1249840 2741.7
1249850 2741.1
1249860 2741.1
1249870 2742.9
1249880 2743.7
1249890 2747.5
1249900 2747.5
1249910 2751.7
1249920 2747.9
1249930 2747.9
1249940 2739.2
1249950 2733.8
1249960 2733.8
1249970 2731.0
1249980 2725.7
1249990 2725.7
1250000 2718.2
1250010 2713.8
1250020 2713.8
1250030 2714.6
1250040 2718.3
1250050 2718.3
1250060 2714.6
1250070 2708.2
1250080 2708.2
1250090 2701.6
1250100 2695.8
1250110 2691.2
1250120 2691.2
1250130 2688.7
1250140 2688.7
1250150 2688.7
1250160 2686.6
1250170 2680.3
1250180 2680.3
1250190 2673.3
1250200 2667.6
1250210 2667.6
1250220 2662.1
1250230 2659.8
1250240 2659.8
1250250 2657.4
1250260 2651.8
1250270 2651.8
1250280 2647.1
1250290 2645.0
1250300 2645.0
1250310 2645.5
1250320 2647.0
1250330 2647.0
1250340 2647.0
1250350 2645.4
1250360 2641.7
1250370 2641.7
1250380 2641.8
1250390 2634.3
1250400 2634.3
1250410 2636.3
1250420 2642.4
1250430 2642.4
1250440 2641.7
1250450 2636.3
1250460 2636.3
1250470 2628.5
1250480 2625.1
1250490 2625.1
1250500 2633.4
1250510 2641.5
1250520 2641.5
1250530 2641.6
1250540 2643.2
1250550 2643.2
1250560 2646.7
1250570 2647.2
1250580 2644.5
1250590 2644.5
1250600 2638.5
1250610 2632.1
1250620 2632.1
1250630 2625.4
1250640 2617.1
1250650 2617.1
1250660 2608.8
1250670 2603.9
1250680 2603.9
1250690 2601.5
1250700 2598.1
1250710 2598.1
1250720 2595.9
1250730 2597.1
1250740 2597.1
1250750 2594.3
1250760 2590.8
1250770 2590.8
1250780 2584.2
1250790 2581.5
1250800 2581.5
1250810 2580.9
1250820 2581.3
1250830 2578.0
1250840 2578.0
1250850 2575.1
1250860 2576.5
1250870 2576.5
1250880 2579.8
1250890 2575.8
1250900 2575.8
1250910 2570.3
1250920 2566.4
1250930 2556.0
1250940 2548.5
1250950 2543.4
1250960 2543.4
1250970 2536.9
1250980 2531.0
1250990 2531.0
1251000 2528.3
1251010 2525.1
1251020 2525.1
1251030 2519.5
1251040 2513.8
1251050 2507.5
1251060 2507.5
1251070 2502.6
1251080 2504.8
1251090 2504.8
1251100 2503.6
1251110 2497.1
1251120 2497.1
1251130 2490.2
1251140 2481.9
1251150 2481.9
1251160 2476.1
1251170 2477.5
1251180 2477.5
1251190 2484.1
1251200 2488.2
1251210 2488.2
1251220 2487.3
1251230 2481.5
1251240 2481.5
1251250 2478.5
1251260 2479.8
1251270 2479.8
1251280 2482.0
1251290 2484.4
1251300 2481.9
1251310 2481.9
1251320 2478.7
1251330 2476.5
1251340 2476.5
1251350 2473.4
1251360 2471.7
1251370 2471.7
1251380 2468.3
1251390 2464.2
1251400 2464.2
1251410 2460.4
1251420 2459.3
1251430 2459.3
1251440 2458.9
1251450 2463.5
1251460 2463.5
1251470 2458.1
1251480 2453.4
1251490 2453.4
1251500 2451.9
1251510 2452.1
1251520 2454.7
1251530 2454.7
1251540 2459.4
1251550 2460.3
1251560 2460.3
1251570 2458.3
1251580 2460.2
1251590 2460.2
1251600 2466.5
1251610 2474.2
1251620 2474.2
1251630 2477.2
1251640 2472.8
1251650 2472.8
1251660 2468.8
1251670 2467.6
1251680 2467.6
1251690 2469.2
1251700 2473.6
1251710 2473.6
1251720 2475.4
1251730 2475.2
1251740 2476.3
1251750 2476.3
1251760 2479.0
1251770 2477.5
1251780 2477.5
1251790 2473.5
1251800 2470.0
1251810 2470.0
1251820 2468.6
1251830 2468.3
1251840 2468.3
1251850 2465.3
1251860 2461.9
1251870 2461.9
1251880 2460.4
1251890 2460.6
1251900 2460.6
1251910 2460.5
1251920 2457.8
1251930 2457.8
1251940 2454.9
1251950 2451.2
1251960 2451.2
1251970 2447.0
1251980 2445.7
1251990 2443.0
1252000 2443.0
1252010 2441.0
1252020 2430.9
1252030 2430.9
1252040 2430.1
1252050 2428.9
1252060 2428.9
1252070 2427.4
1252080 2426.4
1252090 2426.4
1252100 2423.0
1252110 2419.5
1252120 2419.5
1252130 2417.5
1252140 2418.7
1252150 2418.7
1252160 2420.6
1252170 2420.2
1252180 2420.2
1252190 2420.5
1252200 2421.1
1252210 2421.6
1252220 2421.6
1252230 2423.8
1252240 2427.2
1252250 2427.2
1252260 2430.6
1252270 2435.4
1252280 2435.4
1252290 2437.2
1252300 2437.3
1252310 2437.3
1252320 2436.8
1252330 2433.9
1252340 2433.9
1252350 2428.6
1252360 2423.8
1252370 2423.8
1252380 2419.6
1252390 2416.4
1252400 2416.4
1252410 2413.3
1252420 2408.6
1252430 2408.6
1252440 2404.9
1252450 2402.5
1252460 2401.7
1252470 2401.7
1252480 2402.1
1252490 2403.0
1252500 2403.0
1252510 2402.1
1252520 2401.9
1252530 2401.9
1252540 2404.2
1252550 2404.2
1252560 2395.3
1252570 2392.4
1252580 2390.9
1252590 2390.9
1252600 2395.1
1252610 2398.4
1252620 2398.4
1252630 2396.7
1252640 2397.7
1252650 2397.7
1252660 2398.0
1252670 2403.5
1252680 2410.7
1252690 2410.7
1252700 2418.1
1252710 2424.6
1252720 2424.6
1252730 2427.2
1252740 2427.1
1252750 2427.1
1252760 2428.9
1252770 2433.0
1252780 2433.0
1252790 2434.6
1252800 2430.5
1252810 2430.5
1252820 2423.6
1252830 2417.0
1252840 2417.0
1252850 2417.5
1252860 2422.4
1252870 2422.4
1252880 2423.8
1252890 2422.6
1252900 2420.2
1252910 2420.2
1252920 2418.0
1252930 2421.1
1252940 2421.1
1252950 2422.9
1252960 2421.0
1252970 2421.0
1252980 2419.3
1252990 2420.0
1253000 2420.0
1253010 2424.4
1253020 2429.4
1253030 2429.4
1253040 2436.2
1253050 2442.3
1253060 2442.3
1253070 2444.9
1253080 2444.0
1253090 2444.0
1253100 2438.1
1253110 2426.5
1253120 2426.5
1253130 2419.0
1253140 2411.5
1253150 2404.2
1253160 2404.2
1253170 2397.6
1253180 2391.4
1253190 2391.4
1253200 2383.9
1253210 2375.4
1253220 2375.4
1253230 2367.9
1253240 2361.9
1253250 2361.9
1253260 2358.5
1253270 2356.6
1253280 2356.6
1253290 2354.1
1253300 2351.2
1253310 2351.2
1253320 2348.4
1253330 2345.6
1253340 2345.6
1253350 2342.9
1253360 2340.4
1253370 2338.3
1253380 2338.3
1253390 2337.0
1253400 2335.9
1253410 2335.9
1253420 2334.9
1253430 2333.2
1253440 2333.2
1253450 2331.7
1253460 2330.9
1253470 2330.9
1253480 2330.6
1253490 2330.9
1253500 2330.9
1253510 2331.5
1253520 2331.4
1253530 2331.4
1253540 2331.5
1253550 2332.5
1253560 2332.5
1253570 2333.1
1253580 2332.6
1253590 2332.6
1253600 2331.3
1253610 2332.9
1253620 2333.9
1253630 2333.9
1253640 2333.9
1253650 2334.6
1253660 2325.3
1253670 2325.4
1253680 2327.2
1253690 2327.2
1253700 2331.3
1253710 2334.1
1253720 2334.1
1253730 2333.9
1253740 2333.9
1253750 2333.9
1253760 2335.7
1253770 2338.3
1253780 2338.3
1253790 2340.2
1253800 2339.4
1253810 2339.4
1253820 2338.0
1253830 2337.8
1253840 2332.4
1253850 2332.4
1253860 2326.2
1253870 2320.9
1253880 2320.9
1253890 2315.3
1253900 2311.1
1253910 2311.1
1253920 2307.6
1253930 2304.5
1253940 2304.5
1253950 2300.0
1253960 2294.8
1253970 2294.8
1253980 2289.9
1253990 2287.9
1254000 2287.9
1254010 2286.8
1254020 2285.0
1254030 2285.0
1254040 2283.7
1254050 2284.4
1254060 2285.8
1254070 2285.8
1254080 2286.0
1254090 2286.9
1254100 2286.9
1254110 2290.1
1254120 2293.2
1254130 2293.2
1254140 2294.8
1254150 2293.8
1254160 2293.8
1254170 2290.0
1254180 2285.1
1254190 2285.1
1254200 2280.1
1254210 2267.7
1254220 2267.7
1254230 2260.5
1254240 2253.3
1254250 2253.3
1254260 2246.5
1254270 2240.4
1254280 2240.4
1254290 2234.0
1254300 2228.2
1254310 2222.5
1254320 2222.5
1254330 2216.4
1254340 2210.4
1254350 2210.4
1254360 2203.6
1254370 2198.6
1254380 2198.6
1254390 2194.3
1254400 2190.7
1254410 2190.7
1254420 2187.7
1254430 2185.5
1254440 2185.5
1254450 2183.6
1254460 2187.6
1254470 2187.6
1254480 2193.5
1254490 2200.0
1254500 2200.0
1254510 2206.9
1254520 2213.7
1254530 2220.1
1254540 2220.1
1254550 2225.9
1254560 2231.2
1254570 2231.2
1254580 2235.4
1254590 2237.6
1254600 2237.6
1254610 2239.2
1254620 2241.3
1254630 2241.3
1254640 2243.6
1254650 2245.2
1254660 2245.2
1254670 2246.5
1254680 2248.5
1254690 2248.5
1254700 2251.8
1254710 2255.3
1254720 2255.3
1254730 2258.2
1254740 2260.7
1254750 2260.7
1254760 2257.0
1254770 2260.4
1254780 2264.5
1254790 2264.5
1254800 2268.7
1254810 2271.8
1254820 2271.8
1254830 2273.5
1254840 2275.3
1254850 2275.3
1254860 2277.7
1254870 2279.8
1254880 2279.8
1254890 2281.2
1254900 2283.1
1254910 2283.1
1254920 2285.6
1254930 2288.7
1254940 2288.7
1254950 2292.2
1254960 2296.3
1254970 2296.3
1254980 2300.8
1254990 2305.6
1255000 2310.4
1255010 2310.4
1255020 2315.1
1255030 2319.8
1255040 2319.8
1255050 2324.5
1255060 2329.5
1255070 2329.5
1255080 2334.7
1255090 2340.0
1255100 2340.0
1255110 2345.7
1255120 2352.2
1255130 2352.2
1255140 2358.4
1255150 2364.8
1255160 2364.8
1255170 2371.5
1255180 2378.2
1255190 2378.2
1255200 2385.1
1255210 2391.9
1255220 2398.6
1255230 2398.6
1255240 2405.2
1255250 2412.5
1255260 2412.5
1255270 2421.8
1255280 2434.7
1255290 2434.7
1255300 2442.4
1255310 2444.4
1255320 2454.9
1255330 2454.0
1255340 2460.2
1255350 2460.2
1255360 2468.4
1255370 2476.8
1255380 2476.8
1255390 2484.0
1255400 2492.6
1255410 2492.6
1255420 2501.6
1255430 2513.5
1255440 2513.5
1255450 2527.1
1255460 2540.3
1255470 2558.5
1255480 2558.5
1255490 2566.2
1255500 2561.0
1255510 2561.0
1255520 2546.5
1255530 2533.1
1255540 2533.1
1255550 2519.2
1255560 2509.2
1255570 2509.2
1255580 2495.4
1255590 2484.3
1255600 2484.3
1255610 2478.8
1255620 2473.1
1255630 2473.1
1255640 2468.4
1255650 2464.9
1255660 2464.9
1255670 2461.7
1255680 2459.0
1255690 2456.2
1255700 2456.2
1255710 2454.1
1255720 2452.0
1255730 2452.0
1255740 2448.9
1255750 2447.3
1255760 2447.3
1255770 2446.6
1255780 2445.8
1255790 2445.8
1255800 2445.6
1255810 2446.7
1255820 2446.7
1255830 2448.0
1255840 2449.3
1255850 2449.3
1255860 2450.4
1255870 2453.4
1255880 2453.4
1255890 2451.2
1255900 2449.2
1255910 2449.2
1255920 2448.0
1255930 2447.0
1255940 2445.0
1255950 2445.0
1255960 2442.2
1255970 2438.3
1255980 2438.3
1255990 2434.9
1256000 2433.3
1256010 2433.3
1256020 2430.9
1256030 2428.4
1256040 2428.4
1256050 2425.5
1256060 2423.2
1256070 2423.2
1256080 2421.6
1256090 2419.8
1256100 2419.8
1256110 2418.3
1256120 2417.3
1256130 2417.3
1256140 2417.1
1256150 2417.0
1256160 2415.9
1256170 2415.9
1256180 2415.8
1256190 2415.7
1256200 2415.7
1256210 2415.8
1256220 2415.3
1256230 2415.3
1256240 2414.0
1256250 2413.1
1256260 2413.1
1256270 2412.6
1256280 2411.5
1256290 2411.5
1256300 2410.1
1256310 2409.4
1256320 2409.4
1256330 2409.1
1256340 2409.2
1256350 2409.2
1256360 2408.1
1256370 2406.2
1256380 2406.4
1256390 2406.4
1256400 2408.3
1256410 2410.1
1256420 2410.1
1256430 2405.3
1256440 2404.6
1256450 2404.6
1256460 2405.7
1256470 2410.0
1256480 2410.0
1256490 2409.6
1256500 2403.9
1256510 2403.9
1256520 2403.5
1256530 2407.1
1256540 2407.1
1256550 2413.2
1256560 2411.3
1256570 2411.3
1256580 2419.0
1256590 2424.0
1256600 2424.0
1256610 2420.4
1256620 2425.4
1256630 2425.9
1256640 2425.9
1256650 2400.8
1256660 2380.2
1256670 2380.2
1256680 2373.5
1256690 2359.0
1256700 2359.0
1256710 2351.3
1256720 2344.9
1256730 2344.9
1256740 2339.0
1256750 2333.8
1256760 2333.8
1256770 2327.9
1256780 2324.3
1256790 2324.3
1256800 2322.6
1256810 2325.5
1256820 2325.5
1256830 2326.3
1256840 2326.0
1256850 2317.5
1256860 2317.5
1256870 2312.9
1256880 2306.4
1256890 2306.4
1256900 2303.2
1256910 2302.4
1256920 2302.4
1256930 2302.5
1256940 2303.6
1256950 2303.6
1256960 2301.0
1256970 2286.9
1256980 2286.9
1256990 2270.6
1257000 2265.5
1257010 2265.5
1257020 2267.8
1257030 2270.1
1257040 2270.1
1257050 2263.5
1257060 2261.2
1257070 2261.2
1257080 2264.1
1257090 2274.8
1257100 2282.7
1257110 2282.7
1257120 2280.1
1257130 2270.2
1257140 2270.2
1257150 2256.2
1257160 2247.1
1257170 2247.1
1257180 2239.0
1257190 2230.4
1257200 2230.4
1257210 2226.3
1257220 2220.4
1257230 2220.4
1257240 2212.8
1257250 2205.9
1257260 2205.9
1257270 2198.7
1257280 2191.1
1257290 2191.1
1257300 2185.9
1257310 2185.9
1257320 2182.1
1257330 2182.1
1257340 2176.1
1257350 2173.9
1257360 2173.9
1257370 2172.6
1257380 2170.7
1257390 2170.7
1257400 2166.3
1257410 2165.8
1257420 2165.8
1257430 2162.1
1257440 2156.0
1257450 2156.0
1257460 2154.8
1257470 2160.3
1257480 2160.3
1257490 2162.5
1257500 2162.0
1257510 2162.0
1257520 2157.6
1257530 2145.2
1257540 2134.2
1257550 2131.3
1257560 2127.6
1257570 2121.1
1257580 2121.1
1257590 2110.9
1257600 2102.0
1257610 2102.0
1257620 2093.6
1257630 2086.2
1257640 2086.2
1257650 2078.4
1257660 2071.3
1257670 2071.3
1257680 2064.2
1257690 2056.8
1257700 2056.8
1257710 2049.2
1257720 2042.3
1257730 2042.3
1257740 2039.1
1257750 2039.5
1257760 2039.5
1257770 2039.3
1257780 2039.3
1257790 2039.1
1257800 2039.1
1257810 2034.0
1257820 2025.1
1257830 2025.1
1257840 2015.3
1257850 2007.1
1257860 2007.1
1257870 1998.9
1257880 1989.8
1257890 1989.8
1257900 1980.3
1257910 1972.8
1257920 1972.8
1257930 1966.2
1257940 1962.0
1257950 1962.0
1257960 1959.6
1257970 1953.3
1257980 1953.3
1257990 1946.0
1258000 1939.9
1258010 1933.8
1258020 1933.8
1258030 1929.5
1258040 1925.1
1258050 1925.1
1258060 1919.5
1258070 1914.3
1258080 1914.3
1258090 1908.3
1258100 1902.0
1258110 1897.8
1258120 1892.7
1258130 1887.4
1258140 1887.4
1258150 1880.5
1258160 1871.8
1258170 1871.8
1258180 1864.4
1258190 1859.0
1258200 1859.0
1258210 1855.7
1258220 1851.6
1258230 1851.6
1258240 1844.5
1258250 1837.7
1258260 1831.8
1258270 1831.8
1258280 1826.3
1258290 1822.4
1258300 1822.4
1258310 1819.5
1258320 1816.3
1258330 1816.3
1258340 1813.4
1258350 1810.5
1258360 1810.5
1258370 1806.3
1258380 1801.2
1258390 1801.2
1258400 1796.0
1258410 1791.3
1258420 1791.3
1258430 1786.7
1258440 1782.1
1258450 1782.1
1258460 1777.7
1258470 1773.4
1258480 1768.3
1258490 1768.3
1258500 1764.2
1258510 1759.9
1258520 1759.9
1258530 1755.4
1258540 1752.3
1258550 1752.3
1258560 1749.2
1258570 1745.8
1258580 1745.8
1258590 1742.4
1258600 1739.4
1258610 1739.4
1258620 1735.4
1258630 1730.8
1258640 1730.8
1258650 1725.9
1258660 1720.2
1258670 1717.4
1258680 1712.6
1258690 1706.7
1258700 1700.1
1258710 1700.1
1258720 1693.0
1258730 1685.5
1258740 1685.5
1258750 1679.4
1258760 1675.1
1258770 1675.1
1258780 1672.7
1258790 1671.1
1258800 1671.1
1258810 1670.2
1258820 1668.8
1258830 1668.8
1258840 1665.4
1258850 1660.5
1258860 1660.5
1258870 1655.4
1258880 1650.4
1258890 1650.4
1258900 1645.5
1258910 1640.4
1258920 1640.4
1258930 1634.9
1258940 1628.3
1258950 1621.5
1258960 1621.5
1258970 1616.0
1258980 1612.4
1258990 1612.4
1259000 1608.3
1259010 1603.3
1259020 1603.3
1259030 1598.9
1259040 1593.1
1259050 1593.1
1259060 1586.3
1259070 1583.7
1259080 1583.7
1259090 1581.9
1259100 1577.6
1259110 1577.6
1259120 1575.4
1259130 1573.7
1259140 1573.7
1259150 1569.5
1259160 1566.1
1259170 1562.2
1259180 1562.2
1259190 1557.3
1259200 1551.1
1259210 1551.1
1259220 1543.9
1259230 1535.0
1259240 1535.0
1259250 1534.9
1259260 1532.5
1259270 1532.5
1259280 1529.0
1259290 1528.4
1259300 1528.4
1259310 1526.3
1259320 1523.8
1259330 1523.8
1259340 1521.1
1259350 1518.2
1259360 1518.2
1259370 1516.0
1259380 1512.1
1259390 1512.1
1259400 1508.2
1259410 1503.3
1259420 1499.6
1259430 1499.6
1259440 1501.7
1259450 1503.5
1259460 1503.5
1259470 1500.6
1259480 1496.9
1259490 1496.9
1259500 1493.1
1259510 1489.4
1259520 1489.4
1259530 1485.4
1259540 1478.0
1259550 1478.0
1259560 1470.1
1259570 1463.1
1259580 1463.1
1259590 1463.1
1259600 1464.0
1259610 1464.0
1259620 1458.6
1259630 1452.8
1259640 1445.3
1259650 1445.3
1259660 1435.5
1259670 1426.2
1259680 1426.2
1259690 1419.5
1259700 1414.9
1259710 1414.9
1259720 1414.1
1259730 1412.8
1259740 1412.8
1259750 1405.4
1259760 1397.9
1259770 1397.9
1259780 1389.6
1259790 1383.2
1259800 1383.2
1259810 1374.0
1259820 1367.9
1259830 1367.9
1259840 1366.6
1259850 1365.9
1259860 1361.9
1259870 1361.9
1259880 1356.0
1259890 1356.0
1259900 1356.0
1259910 1356.2
1259920 1355.1
1259930 1355.1
1259940 1354.8
1259950 1352.0
1259960 1352.0
1259970 1348.7
1259980 1344.9
1259990 1344.9
