1240000 1616.6
1240010 1616.6
1240020 1619.2
1240030 1624.0
1240040 1624.0
1240050 1626.5
1240060 1628.0
1240070 1629.3
1240080 1629.3
1240090 1631.3
1240100 1634.7
1240110 1634.7
1240120 1638.8
1240130 1643.2
1240140 1643.2
1240150 1648.2
1240160 1651.5
1240170 1651.5
1240180 1654.5
1240190 1658.7
1240200 1658.7
1240210 1661.9
1240220 1665.4
1240230 1665.4
1240240 1669.7
1240250 1674.5
1240260 1674.5
1240270 1678.3
1240280 1681.3
1240290 1685.7
1240300 1685.7
1240310 1688.7
1240320 1692.7
1240330 1692.7
1240340 1698.8
1240350 1704.8
1240360 1704.8
1240370 1709.8
1240380 1714.9
1240390 1713.3
1240400 1718.2
1240410 1722.9
1240420 1722.9
1240430 1728.1
1240440 1732.4
1240450 1732.4
1240460 1737.7
1240470 1744.4
1240480 1744.4
1240490 1750.1
1240500 1754.7
1240510 1754.7
1240520 1760.3
1240530 1767.1
1240540 1773.6
1240550 1773.6
1240560 1779.7
1240570 1785.3
1240580 1785.3
1240590 1789.9
1240600 1793.9
1240610 1793.9
1240620 1799.1
1240630 1806.7
1240640 1806.7
1240650 1822.9
1240660 1851.6
1240670 1851.6
1240680 1864.8
1240690 1869.9
1240700 1869.9
1240710 1874.5
1240720 1882.0
1240730 1882.0
1240740 1892.9
1240750 1899.8
1240760 1905.2
1240770 1905.2
1240780 1910.2
1240790 1915.4
1240800 1915.4
1240810 1920.9
1240820 1925.8
1240830 1925.8
1240840 1930.8
1240850 1936.4
1240860 1936.4
1240870 1940.7
1240880 1944.5
1240890 1944.5
1240900 1947.6
1240910 1953.3
1240920 1953.3
1240930 1957.7
1240940 1963.8
1240950 1963.8
1240960 1968.5
1240970 1972.2
1240980 1972.2
1240990 1974.8
1241000 1977.0
1241010 1978.3
1241020 1978.3
1241030 1979.9
1241040 1981.4
1241050 1981.4
1241060 1983.1
1241070 1987.8
1241080 1987.8
1241090 1992.8
1241100 1998.4
1241110 1998.4
1241120 2004.2
1241130 2007.5
1241140 2007.5
1241150 2011.3
1241160 2015.4
1241170 2015.4
1241180 2019.5
1241190 2025.9
1241200 2025.9
1241210 2031.1
1241220 2034.7
1241230 2037.7
1241240 2037.7
1241250 2041.1
1241260 2045.5
1241270 2045.5
1241280 2050.6
1241290 2057.0
1241300 2057.0
1241310 2062.0
1241320 2066.6
1241330 2066.6
1241340 2071.1
1241350 2076.4
1241360 2076.4
1241370 2083.1
1241380 2090.9
1241390 2090.9
1241400 2098.5
1241410 2105.4
1241420 2105.4
1241430 2115.1
1241440 2124.4
1241450 2134.7
1241460 2134.7
1241470 2144.1
1241480 2155.2
1241490 2155.2
1241500 2166.4
1241510 2176.4
1241520 2176.4
1241530 2187.8
1241540 2197.8
1241550 2197.8
1241560 2207.3
1241570 2218.5
1241580 2218.5
1241590 2228.3
1241600 2236.1
1241610 2236.1
1241620 2244.1
1241630 2253.2
1241640 2253.2
1241650 2262.9
1241660 2273.6
1241670 2273.6
1241680 2283.0
1241690 2291.2
1241700 2297.5
1241710 2297.5
1241720 2303.4
1241730 2309.2
1241740 2309.2
1241750 2314.4
1241760 2320.6
1241770 2320.6
1241780 2324.6
1241790 2329.6
1241800 2329.6
1241810 2336.0
1241820 2343.4
1241830 2343.4
1241840 2347.8
1241850 2350.2
1241860 2350.2
1241870 2347.7
1241880 2342.3
1241890 2342.3
1241900 2336.9
1241910 2331.2
1241920 2325.6
1241930 2325.6
1241940 2320.5
1241950 2317.9
1241960 2317.9
1241970 2315.7
1241980 2313.7
1241990 2313.7
1242000 2312.9
1242010 2312.2
1242020 2312.2
1242030 2311.1
1242040 2310.1
1242050 2310.1
1242060 2308.6
1242070 2307.7
1242080 2307.7
1242090 2306.8
1242100 2307.8
1242110 2307.8
1242120 2308.7
1242130 2310.0
1242140 2310.0
1242150 2310.9
1242160 2311.3
1242170 2312.1
1242180 2312.1
1242190 2313.3
1242200 2315.8
1242210 2315.8
1242220 2319.5
1242230 2323.4
1242240 2323.4
1242250 2327.6
1242260 2331.6
1242270 2331.6
1242280 2336.0
1242290 2340.9
1242300 2340.9
1242310 2346.6
1242320 2355.4
1242330 2355.4
1242340 2364.1
1242350 2374.8
1242360 2374.8
1242370 2385.5
1242380 2392.9
1242390 2403.3
1242400 2403.3
1242410 2411.5
1242420 2418.8
1242430 2418.8
1242440 2426.4
1242450 2434.0
1242460 2434.0
1242470 2444.3
1242480 2455.4
1242490 2455.4
1242500 2469.0
1242510 2484.1
1242520 2484.1
1242530 2499.7
1242540 2514.0
1242550 2514.0
1242560 2524.1
1242570 2529.5
1242580 2529.5
1242590 2532.2
1242600 2531.3
1242610 2531.3
1242620 2530.8
1242630 2528.4
1242640 2524.9
1242650 2524.9
1242660 2522.5
1242670 2520.0
1242680 2520.0
1242690 2517.0
1242700 2516.1
1242710 2516.1
1242720 2516.8
1242730 2516.1
1242740 2516.1
1242750 2516.3
1242760 2518.2
1242770 2518.2
1242780 2519.8
1242790 2522.0
1242800 2522.0
1242810 2524.4
1242820 2525.9
1242830 2525.9
1242840 2528.8
1242850 2532.5
1242860 2536.0
1242870 2536.0
1242880 2539.2
1242890 2544.1
1242900 2544.1
1242910 2550.6
1242920 2557.6
1242930 2557.6
1242940 2564.5
1242950 2571.9
1242960 2571.9
1242970 2579.3
1242980 2587.1
1242990 2587.1
1243000 2601.6
1243010 2615.4
1243020 2615.4
1243030 2626.3
1243040 2638.4
1243050 2638.4
1243060 2648.6
1243070 2656.3
1243080 2664.2
1243090 2664.2
1243100 2672.9
1243110 2683.1
1243120 2683.1
1243130 2693.5
1243140 2701.7
1243150 2701.7
1243160 2708.4
1243170 2716.1
1243180 2716.1
1243190 2725.3
1243200 2735.8
1243210 2735.8
1243220 2746.0
1243230 2754.4
1243240 2754.4
1243250 2762.5
1243260 2770.1
1243270 2770.1
1243280 2778.7
1243290 2789.8
1243300 2789.8
1243310 2803.5
1243320 2813.5
1243330 2811.7
1243340 2811.7
1243350 2810.4
1243360 2804.9
1243370 2804.9
1243380 2798.2
1243390 2790.9
1243400 2790.9
1243410 2785.8
1243420 2781.9
1243430 2781.9
1243440 2775.9
1243450 2767.3
1243460 2767.3
1243470 2761.2
1243480 2757.3
1243490 2757.3
1243500 2753.2
1243510 2748.2
1243520 2743.3
1243530 2736.0
1243540 2728.3
1243550 2717.9
1243560 2717.9
1243570 2705.5
1243580 2695.4
1243590 2695.4
1243600 2688.8
1243610 2686.2
1243620 2686.2
1243630 2683.2
1243640 2679.1
1243650 2679.1
1243660 2674.7
1243670 2669.9
1243680 2669.9
1243690 2664.5
1243700 2659.5
1243710 2659.5
1243720 2655.3
1243730 2652.1
1243740 2652.1
1243750 2649.3
1243760 2646.6
1243770 2646.6
1243780 2643.5
1243790 2640.2
1243800 2636.8
1243810 2636.8
1243820 2634.2
1243830 2632.3
1243840 2632.3
1243850 2631.2
1243860 2630.0
1243870 2630.0
1243880 2629.4
1243890 2628.6
1243900 2628.6
1243910 2627.5
1243920 2626.8
1243930 2626.8
1243940 2627.1
1243950 2628.1
1243960 2628.1
1243970 2629.1
1243980 2630.6
1243990 2630.6
1244000 2632.1
1244010 2632.5
1244020 2631.0
1244030 2631.0
1244040 2629.1
1244050 2624.1
1244060 2624.1
1244070 2621.6
1244080 2619.3
1244090 2619.3
1244100 2617.4
1244110 2615.5
1244120 2615.5
1244130 2613.8
1244140 2614.6
1244150 2614.6
1244160 2617.4
1244170 2618.9
1244180 2618.9
1244190 2619.5
1244200 2621.3
1244210 2621.3
1244220 2622.5
1244230 2624.9
1244240 2624.9
1244250 2626.5
1244260 2627.0
1244270 2625.9
1244280 2625.9
1244290 2625.3
1244300 2625.2
1244310 2625.2
1244320 2625.4
1244330 2625.8
1244340 2625.8
1244350 2626.6
1244360 2627.2
1244370 2627.2
1244380 2628.4
1244390 2630.6
1244400 2630.6
1244410 2632.8
1244420 2635.8
1244430 2635.8
1244440 2639.3
1244450 2642.5
1244460 2642.5
1244470 2648.6
1244480 2656.7
1244490 2666.2
1244500 2666.2
1244510 2667.5
1244520 2669.4
1244530 2669.4
1244540 2673.2
1244550 2675.6
1244560 2675.6
1244570 2676.3
1244580 2673.5
1244590 2673.5
1244600 2676.0
1244610 2680.1
1244620 2680.1
1244630 2684.2
1244640 2687.5
1244650 2687.5
1244660 2691.9
1244670 2696.7
1244680 2696.7
1244690 2701.0
1244700 2702.6
1244710 2703.8
1244720 2703.8
1244730 2703.0
1244740 2700.7
1244750 2700.7
1244760 2697.9
1244770 2694.8
1244780 2694.8
1244790 2692.4
1244800 2689.9
1244810 2689.9
1244820 2688.6
1244830 2688.0
1244840 2688.0
1244850 2688.1
1244860 2689.1
1244870 2689.1
1244880 2688.9
1244890 2688.8
1244900 2688.8
1244910 2689.2
1244920 2689.0
1244930 2689.0
1244940 2685.8
1244950 2683.3
1244960 2683.3
1244970 2683.3
1244980 2683.4
1244990 2683.0
1245000 2683.0
1245010 2683.8
1245020 2684.8
1245030 2684.8
1245040 2686.3
1245050 2688.6
1245060 2688.6
1245070 2691.0
1245080 2694.2
1245090 2694.2
1245100 2697.7
1245110 2704.6
1245120 2704.6
1245130 2707.3
1245140 2708.2
1245150 2708.2
1245160 2706.1
1245170 2705.8
1245180 2703.1
1245190 2703.1
1245200 2699.6
1245210 2699.0
1245220 2699.0
1245230 2696.7
1245240 2696.3
1245250 2696.3
1245260 2696.0
1245270 2695.0
1245280 2695.0
1245290 2692.8
1245300 2687.6
1245310 2687.6
1245320 2682.2
1245330 2677.6
1245340 2677.6
1245350 2673.6
1245360 2669.1
1245370 2669.1
1245380 2663.2
1245390 2657.7
1245400 2657.7
1245410 2652.3
1245420 2646.3
1245430 2640.0
1245440 2640.0
1245450 2633.7
1245460 2628.0
1245470 2628.0
1245480 2621.9
1245490 2616.1
1245500 2616.1
1245510 2610.5
1245520 2603.2
1245530 2603.2
1245540 2596.0
1245550 2588.7
1245560 2588.7
1245570 2580.7
1245580 2573.8
1245590 2573.8
1245600 2567.5
1245610 2561.7
1245620 2561.7
1245630 2554.7
1245640 2548.0
1245650 2541.7
1245660 2541.7
1245670 2536.0
1245680 2531.0
1245690 2531.0
1245700 2524.8
1245710 2517.9
1245720 2517.9
1245730 2511.5
1245740 2504.3
1245750 2504.3
1245760 2497.3
1245770 2492.9
1245780 2492.9
1245790 2487.5
1245800 2478.3
1245810 2478.3
1245820 2466.7
1245830 2454.6
1245840 2454.6
1245850 2446.5
1245860 2439.2
1245870 2439.2
1245880 2433.0
1245890 2430.7
1245900 2430.0
1245910 2430.0
1245920 2429.7
1245930 2429.3
1245940 2429.3
1245950 2428.1
1245960 2425.6
1245970 2425.6
1245980 2422.8
1245990 2420.1
1246000 2420.1
1246010 2417.2
1246020 2413.4
1246030 2413.4
1246040 2409.9
1246050 2406.7
1246060 2406.7
1246070 2401.3
1246080 2394.7
1246090 2394.7
1246100 2388.9
1246110 2387.5
1246120 2385.1
1246130 2385.1
1246140 2383.3
1246150 2385.8
1246160 2385.8
1246170 2372.2
1246180 2364.2
1246190 2364.2
1246200 2359.5
1246210 2352.9
1246220 2352.9
1246230 2343.3
1246240 2332.7
1246250 2332.7
1246260 2323.7
1246270 2315.5
1246280 2315.5
1246290 2307.4
1246300 2301.3
1246310 2301.3
1246320 2295.3
1246330 2290.1
1246340 2285.7
1246350 2285.7
1246360 2282.3
1246370 2280.9
1246380 2280.9
1246390 2279.7
1246400 2276.8
1246410 2276.8
1246420 2272.9
1246430 2268.5
1246440 2268.5
1246450 2264.7
1246460 2261.1
1246470 2261.1
1246480 2256.8
1246490 2251.0
1246500 2251.0
1246510 2244.1
1246520 2237.8
1246530 2237.8
1246540 2231.3
1246550 2225.8
1246560 2225.8
1246570 2220.8
1246580 2216.4
1246590 2215.0
1246600 2215.0
1246610 2212.2
1246620 2207.2
1246630 2207.2
1246640 2200.5
1246650 2194.5
1246660 2194.5
1246670 2189.6
1246680 2184.8
1246690 2184.8
1246700 2172.2
1246710 2166.9
1246720 2166.9
1246730 2160.2
1246740 2152.0
1246750 2152.0
1246760 2144.5
1246770 2138.0
1246780 2138.0
1246790 2132.8
1246800 2127.4
1246810 2121.2
1246820 2121.2
1246830 2115.6
1246840 2111.1
1246850 2111.1
1246860 2108.5
1246870 2103.6
1246880 2103.6
1246890 2098.8
1246900 2094.3
1246910 2094.3
1246920 2089.5
1246930 2084.7
1246940 2084.7
1246950 2079.0
1246960 2073.4
1246970 2073.4
1246980 2068.6
1246990 2064.0
1247000 2064.0
1247010 2058.4
1247020 2052.9
1247030 2052.9
1247040 2047.2
1247050 2041.4
1247060 2035.7
1247070 2035.7
1247080 2031.5
1247090 2026.5
1247100 2026.5
1247110 2020.2
1247120 2015.5
1247130 2015.5
1247140 2010.3
1247150 2004.6
1247160 2004.6
1247170 1999.4
1247180 1991.6
1247190 1991.6
1247200 1983.4
1247210 1977.2
1247220 1977.2
1247230 1975.4
1247240 1971.1
1247250 1971.1
1247260 1969.6
1247270 1967.3
1247280 1964.4
1247290 1964.4
1247300 1961.1
1247310 1957.5
1247320 1957.5
1247330 1952.6
1247340 1945.7
1247350 1945.7
1247360 1938.4
1247370 1930.9
1247380 1930.9
1247390 1924.7
1247400 1921.6
1247410 1921.6
1247420 1920.9
1247430 1920.5
1247440 1920.5
1247450 1920.2
1247460 1919.8
1247470 1919.8
1247480 1919.5
1247490 1919.4
1247500 1919.4
1247510 1919.0
1247520 1919.1
1247530 1919.9
1247540 1919.9
1247550 1922.0
1247560 1925.2
1247570 1925.2
1247580 1929.2
1247590 1932.9
1247600 1932.9
1247610 1937.0
1247620 1941.6
1247630 1941.6
1247640 1947.1
1247650 1951.9
1247660 1951.9
1247670 1957.0
1247680 1962.8
1247690 1962.8
1247700 1969.2
1247710 1976.2
1247720 1976.2
1247730 1983.3
1247740 1990.6
1247750 1997.9
1247760 1997.9
1247770 2007.4
1247780 2014.1
1247790 2014.1
1247800 2021.0
1247810 2027.4
1247820 2027.4
1247830 2032.4
1247840 2036.4
1247850 2036.4
1247860 2045.2
1247870 2052.0
1247880 2052.0
1247890 2063.1
1247900 2069.2
1247910 2069.2
1247920 2076.1
1247930 2082.6
1247940 2082.6
1247950 2091.6
1247960 2103.5
1247970 2112.0
1247980 2112.0
1247990 2114.2
1248000 2114.8
1248010 2114.8
1248020 2116.9
1248030 2119.6
1248040 2119.6
1248050 2122.8
1248060 2127.3
1248070 2127.3
1248080 2132.6
1248090 2138.6
1248100 2138.6
1248110 2142.8
1248120 2144.4
1248130 2144.4
1248140 2144.5
1248150 2145.9
1248160 2145.9
1248170 2147.1
1248180 2150.0
1248190 2150.0
1248200 2153.5
1248210 2156.5
1248220 2159.8
1248230 2159.8
1248240 2162.4
1248250 2164.9
1248260 2164.9
1248270 2167.5
1248280 2170.7
1248290 2170.7
1248300 2173.1
1248310 2177.3
1248320 2177.3
1248330 2178.5
1248340 2178.7
1248350 2178.7
1248360 2178.9
1248370 2179.3
1248380 2179.3
1248390 2179.8
1248400 2180.8
1248410 2180.8
1248420 2182.8
1248430 2187.3
1248440 2192.4
1248450 2192.4
1248460 2196.6
1248470 2200.6
1248480 2200.6
1248490 2205.5
1248500 2210.9
1248510 2210.9
1248520 2213.1
1248530 2211.6
1248540 2211.6
1248550 2212.1
1248560 2214.6
1248570 2214.6
1248580 2216.7
1248590 2217.7
1248600 2217.7
1248610 2216.5
1248620 2213.9
1248630 2213.9
1248640 2210.1
1248650 2208.0
1248660 2208.0
1248670 2208.5
1248680 2210.1
1248690 2211.9
1248700 2211.9
1248710 2214.4
1248720 2217.6
1248730 2217.6
1248740 2220.8
1248750 2224.3
1248760 2224.3
1248770 2227.8
1248780 2231.7
1248790 2231.7
1248800 2235.7
1248810 2239.7
1248820 2239.7
1248830 2243.8
1248840 2248.1
1248850 2249.7
1248860 2254.3
1248870 2259.0
1248880 2259.0
1248890 2264.0
1248900 2269.0
1248910 2274.0
1248920 2274.0
1248930 2278.5
1248940 2282.9
1248950 2282.9
1248960 2287.5
1248970 2291.7
1248980 2291.7
1248990 2295.6
1249000 2300.0
1249010 2300.0
1249020 2304.6
1249030 2309.5
1249040 2309.5
1249050 2315.0
1249060 2321.1
1249070 2321.1
1249080 2326.6
1249090 2332.0
1249100 2332.0
1249110 2337.6
1249120 2342.9
1249130 2348.0
1249140 2348.0
1249150 2353.1
1249160 2358.0
1249170 2358.0
1249180 2362.5
1249190 2367.4
1249200 2367.4
1249210 2372.7
1249220 2378.6
1249230 2378.6
1249240 2389.6
1249250 2403.8
1249260 2403.8
1249270 2408.0
1249280 2415.0
1249290 2415.0
1249300 2417.7
1249310 2421.5
1249320 2421.5
1249330 2428.7
1249340 2445.0
1249350 2445.0
1249360 2462.7
1249370 2472.9
1249380 2480.6
1249390 2494.5
1249400 2500.1
1249410 2505.0
1249420 2505.0
1249430 2510.9
1249440 2517.6
1249450 2517.6
1249460 2527.6
1249470 2539.7
1249480 2539.7
1249490 2551.1
1249500 2559.2
1249510 2559.2
1249520 2566.4
1249530 2577.3
1249540 2577.3
1249550 2591.9
1249560 2603.0
1249570 2603.0
1249580 2617.7
1249590 2624.8
1249600 2634.9
1249610 2634.9
1249620 2648.5
1249630 2657.4
1249640 2657.4
1249650 2661.2
1249660 2667.0
1249670 2667.0
1249680 2676.6
1249690 2691.0
1249700 2691.0
1249710 2701.8
1249720 2717.4
1249730 2717.4
1249740 2732.8
1249750 2742.6
1249760 2742.6
1249770 2754.3
1249780 2765.9
1249790 2765.9
1249800 2762.1
1249810 2747.5
1249820 2747.5
1249830 2736.3
1249840 2726.7
1249850 2718.7
1249860 2718.7
1249870 2711.4
1249880 2704.1
1249890 2704.1
1249900 2696.7
1249910 2689.9
1249920 2689.9
1249930 2681.9
1249940 2675.8
1249950 2675.8
1249960 2670.6
1249970 2665.8
1249980 2665.8
1249990 2659.6
1250000 2652.6
1250010 2652.6
1250020 2647.8
1250030 2643.4
1250040 2643.4
1250050 2639.3
1250060 2638.1
1250070 2639.1
1250080 2639.1
1250090 2638.8
1250100 2636.9
1250110 2636.9
1250120 2632.8
1250130 2631.8
1250140 2631.8
1250150 2632.4
1250160 2632.5
1250170 2632.5
1250180 2629.1
1250190 2626.8
1250200 2626.8
1250210 2620.2
1250220 2615.2
1250230 2615.2
1250240 2618.4
1250250 2617.3
1250260 2617.3
1250270 2610.9
1250280 2601.9
1250290 2601.9
1250300 2601.0
1250310 2602.7
1250320 2599.1
1250330 2599.1
1250340 2593.3
1250350 2586.3
1250360 2586.3
1250370 2579.2
1250380 2577.3
1250390 2577.3
1250400 2575.4
1250410 2572.5
1250420 2572.5
1250430 2569.8
1250440 2568.4
1250450 2568.4
1250460 2569.4
1250470 2577.1
1250480 2577.1
1250490 2576.6
1250500 2575.9
1250510 2575.9
1250520 2575.7
1250530 2575.4
1250540 2575.9
1250550 2575.9
1250560 2578.7
1250570 2582.9
1250580 2582.9
1250590 2590.0
1250600 2592.5
1250610 2592.5
1250620 2593.3
1250630 2590.2
1250640 2590.2
1250650 2578.1
1250660 2575.7
1250670 2575.7
1250680 2583.3
1250690 2584.4
1250700 2584.4
1250710 2580.3
1250720 2577.1
1250730 2577.1
1250740 2575.9
1250750 2567.8
1250760 2553.6
1250770 2553.6
1250780 2543.9
1250790 2540.3
1250800 2540.3
1250810 2537.8
1250820 2534.1
1250830 2534.1
1250840 2532.7
1250850 2532.7
1250860 2532.7
1250870 2533.5
1250880 2533.0
1250890 2533.0
1250900 2533.3
1250910 2536.3
1250920 2536.3
1250930 2536.2
1250940 2537.5
1250950 2537.5
1250960 2539.8
1250970 2541.0
1250980 2541.0
1250990 2543.5
1251000 2549.5
1251010 2563.5
1251020 2563.5
1251030 2566.5
1251040 2570.7
1251050 2570.7
1251060 2578.7
1251070 2587.1
1251080 2587.1
1251090 2594.2
1251100 2590.8
1251110 2590.8
1251120 2586.4
1251130 2582.3
1251140 2582.3
1251150 2579.9
1251160 2574.9
1251170 2574.9
1251180 2568.7
1251190 2564.2
1251200 2564.2
1251210 2564.3
1251220 2561.7
1251230 2550.0
1251240 2550.0
1251250 2539.0
1251260 2527.6
1251270 2527.6
1251280 2516.8
1251290 2507.4
1251300 2507.4
1251310 2497.8
1251320 2486.2
1251330 2486.2
1251340 2472.0
1251350 2456.8
1251360 2456.8
1251370 2440.8
1251380 2427.8
1251390 2427.8
1251400 2416.8
1251410 2406.7
1251420 2406.7
1251430 2397.8
1251440 2391.0
1251450 2391.0
1251460 2377.0
1251470 2362.2
1251480 2341.6
1251490 2341.6
1251500 2331.0
1251510 2323.9
1251520 2323.9
1251530 2318.5
1251540 2316.0
1251550 2316.0
1251560 2320.3
1251570 2318.4
1251580 2318.4
1251590 2314.6
1251600 2310.0
1251610 2310.0
1251620 2305.3
1251630 2300.7
1251640 2300.7
1251650 2296.5
1251660 2294.0
1251670 2294.0
1251680 2291.8
1251690 2290.7
1251700 2291.6
1251710 2291.6
1251720 2293.0
1251730 2293.4
1251740 2293.4
1251750 2293.3
1251760 2292.6
1251770 2292.6
1251780 2292.4
1251790 2293.3
1251800 2293.3
1251810 2294.1
1251820 2295.7
1251830 2295.7
1251840 2297.2
1251850 2298.8
1251860 2298.8
1251870 2300.7
1251880 2302.7
1251890 2302.7
1251900 2304.3
1251910 2305.0
1251920 2305.0
1251930 2306.2
1251940 2306.8
1251950 2306.2
1251960 2306.2
1251970 2306.8
1251980 2309.2
1251990 2309.2
1252000 2312.8
1252010 2316.5
1252020 2316.5
1252030 2321.3
1252040 2326.1
1252050 2326.1
1252060 2330.6
1252070 2334.5
1252080 2334.5
1252090 2337.4
1252100 2346.4
1252110 2346.4
1252120 2348.1
1252130 2351.0
1252140 2351.0
1252150 2354.1
1252160 2358.3
1252170 2360.9
1252180 2360.9
1252190 2367.4
1252200 2379.4
1252210 2379.4
1252220 2387.7
1252230 2393.5
1252240 2393.5
1252250 2399.4
1252260 2404.7
1252270 2404.7
1252280 2411.6
1252290 2418.4
1252300 2418.4
1252310 2426.9
1252320 2437.1
1252330 2437.1
1252340 2449.5
1252350 2456.6
1252360 2456.6
1252370 2460.8
1252380 2460.3
1252390 2459.6
1252400 2459.6
1252410 2468.1
1252420 2481.6
1252430 2481.6
1252440 2489.4
1252450 2488.5
1252460 2488.5
1252470 2488.6
1252480 2492.7
1252490 2492.7
1252500 2499.8
1252510 2508.6
1252520 2508.6
1252530 2514.9
1252540 2517.6
1252550 2517.6
1252560 2518.4
1252570 2520.1
1252580 2520.1
1252590 2522.1
1252600 2523.7
1252610 2523.7
1252620 2525.6
1252630 2526.9
1252640 2527.5
1252650 2532.9
1252660 2535.6
1252670 2538.9
1252680 2538.9
1252690 2542.3
1252700 2545.3
1252710 2545.3
1252720 2547.9
1252730 2550.0
1252740 2550.0
1252750 2552.7
1252760 2556.8
1252770 2556.8
1252780 2561.9
1252790 2564.3
1252800 2564.3
1252810 2562.3
1252820 2560.8
1252830 2560.8
1252840 2558.9
1252850 2556.6
1252860 2553.2
1252870 2553.2
1252880 2551.7
1252890 2549.5
1252900 2549.5
1252910 2547.7
1252920 2546.8
1252930 2546.8
1252940 2545.5
1252950 2542.6
1252960 2542.6
1252970 2539.9
1252980 2538.0
1252990 2538.0
1253000 2536.4
1253010 2534.1
1253020 2534.1
1253030 2530.5
1253040 2527.4
1253050 2527.4
1253060 2524.4
1253070 2522.1
1253080 2522.1
1253090 2519.9
1253100 2516.8
1253110 2513.2
1253120 2513.2
1253130 2507.9
1253140 2501.8
1253150 2501.8
1253160 2497.9
1253170 2494.8
1253180 2494.8
1253190 2493.4
1253200 2481.6
1253210 2481.6
1253220 2477.7
1253230 2475.1
1253240 2475.1
1253250 2472.2
1253260 2468.0
1253270 2468.0
1253280 2465.1
1253290 2463.5
1253300 2463.5
1253310 2461.5
1253320 2457.7
1253330 2456.8
1253340 2456.8
1253350 2456.8
1253360 2456.0
1253370 2456.0
1253380 2456.3
1253390 2456.5
1253400 2456.5
1253410 2457.4
1253420 2459.4
1253430 2459.4
1253440 2461.4
1253450 2463.0
1253460 2463.0
1253470 2464.2
1253480 2461.8
1253490 2461.8
1253500 2459.5
1253510 2458.7
1253520 2458.7
1253530 2457.2
1253540 2456.3
1253550 2456.3
1253560 2453.4
1253570 2444.3
1253580 2437.0
1253590 2437.0
1253600 2433.3
1253610 2430.1
1253620 2430.1
1253630 2426.7
1253640 2423.6
1253650 2423.6
1253660 2419.9
1253670 2416.4
1253680 2416.4
1253690 2414.2
1253700 2412.3
1253710 2412.3
1253720 2411.1
1253730 2410.4
1253740 2410.4
1253750 2403.4
1253760 2401.6
1253770 2401.6
1253780 2401.2
1253790 2402.3
1253800 2403.4
1253810 2403.4
1253820 2405.5
1253830 2408.3
1253840 2408.3
1253850 2411.7
1253860 2415.6
1253870 2415.6
1253880 2418.1
1253890 2417.4
1253900 2417.4
1253910 2417.8
1253920 2414.9
1253930 2414.9
1253940 2410.4
1253950 2405.4
1253960 2405.4
1253970 2399.1
1253980 2393.2
1253990 2393.2
1254000 2387.4
1254010 2381.6
1254020 2377.3
1254030 2377.3
1254040 2374.1
1254050 2370.1
1254060 2370.1
1254070 2366.0
1254080 2361.7
1254090 2361.7
1254100 2356.4
1254110 2351.5
1254120 2351.5
1254130 2347.3
1254140 2344.5
1254150 2344.5
1254160 2341.9
1254170 2340.0
1254180 2340.0
1254190 2338.3
1254200 2336.8
1254210 2336.8
1254220 2335.3
1254230 2333.7
1254240 2333.7
1254250 2332.7
1254260 2333.0
1254270 2334.7
1254280 2334.7
1254290 2336.4
1254300 2331.2
1254310 2331.2
1254320 2332.1
1254330 2333.1
1254340 2333.1
1254350 2333.5
1254360 2332.9
1254370 2332.9
1254380 2331.3
1254390 2329.4
1254400 2329.4
1254410 2327.0
1254420 2323.4
1254430 2323.4
1254440 2322.4
1254450 2321.0
1254460 2321.0
1254470 2315.7
1254480 2309.9
1254490 2304.9
1254500 2304.9
1254510 2299.7
1254520 2294.5
1254530 2294.5
1254540 2289.8
1254550 2285.4
1254560 2285.4
1254570 2282.0
1254580 2280.0
1254590 2280.0
1254600 2277.1
1254610 2272.3
1254620 2272.3
1254630 2269.2
1254640 2268.6
1254650 2268.6
1254660 2270.2
1254670 2272.0
1254680 2272.0
1254690 2275.1
1254700 2279.6
1254710 2279.6
1254720 2283.4
1254730 2287.4
1254740 2292.8
1254750 2292.8
1254760 2298.0
1254770 2302.8
1254780 2302.8
1254790 2307.6
1254800 2311.8
1254810 2311.8
1254820 2315.6
1254830 2318.8
1254840 2318.8
1254850 2314.9
1254860 2313.3
1254870 2313.3
1254880 2310.2
1254890 2310.5
1254900 2310.5
1254910 2312.4
1254920 2312.5
1254930 2312.5
1254940 2314.2
1254950 2316.5
1254960 2316.7
1254970 2316.7
1254980 2315.3
1254990 2316.0
1255000 2316.0
1255010 2318.3
1255020 2320.2
1255030 2320.2
1255040 2320.5
1255050 2319.5
1255060 2319.5
1255070 2322.5
1255080 2326.1
1255090 2326.1
1255100 2329.1
1255110 2333.6
1255120 2333.6
1255130 2339.3
1255140 2345.4
1255150 2345.4
1255160 2351.7
1255170 2358.0
1255180 2358.0
1255190 2364.1
1255200 2370.0
1255210 2375.7
1255220 2375.7
1255230 2380.0
1255240 2386.1
1255250 2386.1
1255260 2395.2
1255270 2411.6
1255280 2411.6
1255290 2428.8
1255300 2437.5
1255310 2437.5
1255320 2442.5
1255330 2447.0
1255340 2447.0
1255350 2451.3
1255360 2451.2
1255370 2451.2
1255380 2459.7
1255390 2468.1
1255400 2463.1
1255410 2480.2
1255420 2489.3
1255430 2488.8
1255440 2488.8
1255450 2474.4
1255460 2446.1
1255470 2446.1
1255480 2427.8
1255490 2420.3
1255500 2420.3
1255510 2411.5
1255520 2399.5
1255530 2399.5
1255540 2390.0
1255550 2381.8
1255560 2381.8
1255570 2375.5
1255580 2369.3
1255590 2369.3
1255600 2363.3
1255610 2356.9
1255620 2356.9
1255630 2350.3
1255640 2343.8
1255650 2337.8
1255660 2337.8
1255670 2332.1
1255680 2326.8
1255690 2326.8
1255700 2322.2
1255710 2318.6
1255720 2318.6
1255730 2314.9
1255740 2310.5
1255750 2310.5
1255760 2307.3
1255770 2305.9
1255780 2305.9
1255790 2304.9
1255800 2303.3
1255810 2303.3
1255820 2302.0
1255830 2303.0
1255840 2303.0
1255850 2305.4
1255860 2306.6
1255870 2306.6
1255880 2307.7
1255890 2308.8
1255900 2306.8
1255910 2306.8
1255920 2303.3
1255930 2300.1
1255940 2300.1
1255950 2300.4
1255960 2301.9
1255970 2301.9
1255980 2298.4
1255990 2295.6
1256000 2295.6
1256010 2292.4
1256020 2288.2
1256030 2288.2
1256040 2282.5
1256050 2278.8
1256060 2278.8
1256070 2277.9
1256080 2276.5
1256090 2276.5
1256100 2273.4
1256110 2269.5
1256120 2268.7
1256130 2268.7
1256140 2270.4
1256150 2274.2
1256160 2274.2
1256170 2279.7
1256180 2282.5
1256190 2282.5
1256200 2283.7
1256210 2284.4
1256220 2284.4
1256230 2282.8
1256240 2280.9
1256250 2280.9
1256260 2279.8
1256270 2275.2
1256280 2275.2
1256290 2276.2
1256300 2281.2
1256310 2281.2
1256320 2282.2
1256330 2278.0
1256340 2278.0
1256350 2273.5
1256360 2268.7
1256370 2266.3
1256380 2266.3
1256390 2264.2
1256400 2260.2
1256410 2260.2
1256420 2249.3
1256430 2235.4
1256440 2235.4
1256450 2233.6
1256460 2240.6
1256470 2240.6
1256480 2247.3
1256490 2249.5
1256500 2249.5
1256510 2249.8
1256520 2256.1
1256530 2256.1
1256540 2254.7
1256550 2252.6
1256560 2252.6
1256570 2248.0
1256580 2243.7
1256590 2248.9
1256600 2248.9
1256610 2251.6
1256620 2252.6
1256630 2252.6
1256640 2246.5
1256650 2241.9
1256660 2241.9
1256670 2238.0
1256680 2235.7
1256690 2235.7
1256700 2234.8
1256710 2230.1
1256720 2230.1
1256730 2223.0
1256740 2217.2
1256750 2217.2
1256760 2213.8
1256770 2216.2
1256780 2216.2
1256790 2218.7
1256800 2217.7
1256810 2213.1
1256820 2213.1
1256830 2207.7
1256840 2207.9
1256850 2207.9
1256860 2204.9
1256870 2204.6
1256880 2204.6
1256890 2208.3
1256900 2209.1
1256910 2209.1
1256920 2213.7
1256930 2220.3
1256940 2220.3
1256950 2222.7
1256960 2223.3
1256970 2223.3
1256980 2223.0
1256990 2220.9
1257000 2220.9
1257010 2216.9
1257020 2214.7
1257030 2214.7
1257040 2211.8
1257050 2203.9
1257060 2194.5
1257070 2199.9
1257080 2197.8
1257090 2201.0
1257100 2201.0
1257110 2203.8
1257120 2205.5
1257130 2205.5
1257140 2209.4
1257150 2212.4
1257160 2212.4
1257170 2213.5
1257180 2214.6
1257190 2214.6
1257200 2217.7
1257210 2221.3
1257220 2221.3
1257230 2221.9
1257240 2222.0
1257250 2222.0
1257260 2224.5
1257270 2227.8
1257280 2231.2
1257290 2231.2
1257300 2233.4
1257310 2233.8
1257320 2233.8
1257330 2233.2
1257340 2233.0
1257350 2233.0
1257360 2233.7
1257370 2236.4
1257380 2236.4
1257390 2238.9
1257400 2240.6
1257410 2240.6
1257420 2241.0
1257430 2240.1
1257440 2240.1
1257450 2240.8
1257460 2241.4
1257470 2241.4
1257480 2241.1
1257490 2238.7
1257500 2238.7
1257510 2235.4
1257520 2231.2
1257530 2227.0
1257540 2227.0
1257550 2222.4
1257560 2217.6
1257570 2217.6
1257580 2212.9
1257590 2208.5
1257600 2208.5
1257610 2203.8
1257620 2198.7
1257630 2194.2
1257640 2190.5
1257650 2186.0
1257660 2186.0
1257670 2180.5
1257680 2173.4
1257690 2173.4
1257700 2165.0
1257710 2157.2
1257720 2157.2
1257730 2149.6
1257740 2142.6
1257750 2135.3
1257760 2135.3
1257770 2128.2
1257780 2122.7
1257790 2122.7
1257800 2117.8
1257810 2111.7
1257820 2111.7
1257830 2104.2
1257840 2097.6
1257850 2097.6
1257860 2093.9
1257870 2091.4
1257880 2091.4
1257890 2091.9
1257900 2094.2
1257910 2094.2
1257920 2096.7
1257930 2095.7
1257940 2095.7
1257950 2090.8
1257960 2085.0
1257970 2085.0
1257980 2079.9
1257990 2074.4
1258000 2069.8
1258010 2069.8
1258020 2064.2
1258030 2059.0
1258040 2059.0
1258050 2061.3
1258060 2062.0
1258070 2062.0
1258080 2062.2
1258090 2064.0
1258100 2064.0
1258110 2065.6
1258120 2061.4
1258130 2061.4
1258140 2053.7
1258150 2046.6
1258160 2046.6
1258170 2040.4
1258180 2032.4
1258190 2030.0
1258200 2019.7
1258210 2013.1
1258220 2010.9
1258230 2010.9
1258240 2009.5
1258250 2001.9
1258260 2001.9
1258270 1999.1
1258280 1995.7
1258290 1995.7
1258300 1982.8
1258310 1971.6
1258320 1971.6
1258330 1953.9
1258340 1950.5
1258350 1950.5
1258360 1950.4
1258370 1947.4
1258380 1947.4
1258390 1943.7
1258400 1940.0
1258410 1940.0
1258420 1937.9
1258430 1938.4
1258440 1931.8
1258450 1931.8
1258460 1928.1
1258470 1920.5
1258480 1920.5
1258490 1911.8
1258500 1909.4
1258510 1909.4
1258520 1900.9
1258530 1890.4
1258540 1890.4
1258550 1885.2
1258560 1884.3
1258570 1884.3
1258580 1879.4
1258590 1872.8
1258600 1872.8
1258610 1873.3
1258620 1865.9
1258630 1865.9
1258640 1859.3
1258650 1850.7
1258660 1850.7
1258670 1841.0
1258680 1833.5
1258690 1828.8
1258700 1828.8
1258710 1823.6
1258720 1817.2
1258730 1817.2
1258740 1810.2
1258750 1796.9
1258760 1796.9
1258770 1789.7
1258780 1783.0
1258790 1783.0
1258800 1776.3
1258810 1769.7
1258820 1769.7
1258830 1763.2
1258840 1757.0
1258850 1757.0
1258860 1750.9
1258870 1745.7
1258880 1745.7
1258890 1741.4
1258900 1738.8
1258910 1737.9
1258920 1737.9
1258930 1735.0
1258940 1730.8
1258950 1730.8
1258960 1725.9
1258970 1720.7
1258980 1720.7
1258990 1714.6
1259000 1708.1
1259010 1708.1
1259020 1701.1
1259030 1694.7
1259040 1694.7
1259050 1689.4
1259060 1684.7
1259070 1684.7
1259080 1679.6
1259090 1675.0
1259100 1675.0
1259110 1671.6
1259120 1668.9
1259130 1668.9
1259140 1664.6
1259150 1659.9
1259160 1655.3
1259170 1655.3
1259180 1651.7
1259190 1648.3
1259200 1648.3
1259210 1644.7
1259220 1642.3
1259230 1642.3
1259240 1640.0
1259250 1636.0
1259260 1636.0
1259270 1632.0
1259280 1628.6
1259290 1628.6
1259300 1625.8
1259310 1622.0
1259320 1619.7
1259330 1615.9
1259340 1611.2
1259350 1611.2
1259360 1606.9
1259370 1603.9
1259380 1601.1
1259390 1601.1
1259400 1597.9
1259410 1595.6
1259420 1595.6
1259430 1593.6
1259440 1589.9
1259450 1589.9
1259460 1584.4
1259470 1578.6
1259480 1578.6
1259490 1570.9
1259500 1565.2
1259510 1565.2
1259520 1564.1
1259530 1562.2
1259540 1562.2
1259550 1558.5
1259560 1554.5
1259570 1554.5
1259580 1550.5
1259590 1547.5
1259600 1545.7
1259610 1545.7
1259620 1544.0
1259630 1541.7
1259640 1541.7
1259650 1539.2
1259660 1536.2
1259670 1536.2
1259680 1532.7
1259690 1528.9
1259700 1528.9
1259710 1525.2
1259720 1521.9
1259730 1521.9
1259740 1518.3
1259750 1513.6
1259760 1513.6
1259770 1508.3
1259780 1502.5
1259790 1502.5
1259800 1497.2
1259810 1492.0
1259820 1492.0
1259830 1486.8
1259840 1482.6
1259850 1476.8
1259860 1476.8
1259870 1473.4
1259880 1465.4
1259890 1465.4
1259900 1462.2
1259910 1460.7
1259920 1460.7
1259930 1458.8
1259940 1456.8
1259950 1456.8
1259960 1457.5
1259970 1457.6
1259980 1457.6
1259990 1455.9
