1240000 1606.9
1240010 1604.2
1240020 1600.8
1240030 1600.8
1240040 1598.6
1240050 1597.9
1240060 1597.9
1240070 1598.3
1240080 1598.4
1240090 1598.4
1240100 1598.5
1240110 1598.7
1240120 1599.2
1240130 1599.2
1240140 1599.6
1240150 1601.0
1240160 1601.0
1240170 1606.1
1240180 1612.4
1240190 1612.4
1240200 1618.3
1240210 1626.2
1240220 1626.2
1240230 1633.3
1240240 1640.6
1240250 1640.6
1240260 1647.1
1240270 1650.4
1240280 1650.4
1240290 1652.3
1240300 1655.3
1240310 1655.3
1240320 1660.1
1240330 1665.8
1240340 1671.3
1240350 1671.3
1240360 1675.6
1240370 1679.0
1240380 1679.0
1240390 1681.5
1240400 1684.4
1240410 1684.4
1240420 1688.1
1240430 1692.8
1240440 1692.8
1240450 1696.8
1240460 1700.3
1240470 1700.3
1240480 1703.7
1240490 1707.3
1240500 1707.3
1240510 1710.7
1240520 1714.1
1240530 1714.1
1240540 1717.7
1240550 1721.8
1240560 1724.5
1240570 1729.4
1240580 1734.5
1240590 1739.5
1240600 1739.5
1240610 1745.3
1240620 1752.8
1240630 1752.8
1240640 1758.6
1240650 1764.9
1240660 1764.9
1240670 1772.2
1240680 1778.4
1240690 1778.4
1240700 1784.0
1240710 1789.1
1240720 1789.1
1240730 1793.6
1240740 1797.8
1240750 1797.8
1240760 1802.2
1240770 1807.0
1240780 1807.0
1240790 1812.0
1240800 1817.3
1240810 1823.3
1240820 1823.3
1240830 1830.1
1240840 1837.1
1240850 1837.1
1240860 1844.4
1240870 1851.9
1240880 1851.9
1240890 1859.3
1240900 1866.5
1240910 1866.5
1240920 1874.1
1240930 1881.4
1240940 1881.4
1240950 1890.4
1240960 1903.4
1240970 1903.4
1240980 1918.7
1240990 1929.5
1241000 1929.5
1241010 1939.6
1241020 1954.3
1241030 1954.3
1241040 1969.6
1241050 1980.4
1241060 1991.9
1241070 1991.9
1241080 2000.4
1241090 2015.8
1241100 2015.8
1241110 2027.3
1241120 2038.0
1241130 2038.0
1241140 2047.7
1241150 2056.2
1241160 2056.2
1241170 2063.3
1241180 2068.4
1241190 2068.4
1241200 2072.5
1241210 2076.5
1241220 2076.5
1241230 2080.7
1241240 2084.6
1241250 2084.6
1241260 2086.6
1241270 2087.3
1241280 2088.4
1241290 2088.4
1241300 2088.7
1241310 2087.7
1241320 2087.7
1241330 2088.9
1241340 2090.5
1241350 2090.5
1241360 2092.8
1241370 2094.6
1241380 2094.6
1241390 2094.8
1241400 2094.7
1241410 2094.7
1241420 2095.6
1241430 2097.2
1241440 2097.2
1241450 2099.2
1241460 2101.3
1241470 2101.3
1241480 2103.6
1241490 2105.9
1241500 2105.9
1241510 2108.2
1241520 2111.0
1241530 2113.6
1241540 2113.6
1241550 2116.4
1241560 2120.1
1241570 2120.1
1241580 2124.0
1241590 2127.2
1241600 2127.2
1241610 2127.8
1241620 2130.8
1241630 2130.8
1241640 2134.0
1241650 2137.4
1241660 2137.4
1241670 2140.4
1241680 2143.4
1241690 2143.4
1241700 2146.8
1241710 2150.5
1241720 2150.5
1241730 2154.3
1241740 2158.2
1241750 2162.5
1241760 2162.5
1241770 2166.2
1241780 2170.5
1241790 2170.5
1241800 2174.2
1241810 2178.0
1241820 2178.0
1241830 2181.2
1241840 2184.3
1241850 2184.3
1241860 2187.8
1241870 2191.4
1241880 2191.4
1241890 2194.9
1241900 2199.7
1241910 2199.7
1241920 2204.6
1241930 2208.6
1241940 2208.6
1241950 2212.6
1241960 2216.7
1241970 2216.7
1241980 2220.7
1241990 2225.0
1242000 2229.4
1242010 2229.4
1242020 2234.3
1242030 2239.4
1242040 2239.4
1242050 2244.2
1242060 2248.6
1242070 2248.6
1242080 2252.9
1242090 2257.5
1242100 2257.5
1242110 2262.5
1242120 2267.4
1242130 2264.4
1242140 2269.1
1242150 2274.6
1242160 2274.6
1242170 2279.7
1242180 2284.2
1242190 2284.2
1242200 2288.9
1242210 2293.5
1242220 2297.9
1242230 2297.9
1242240 2302.3
1242250 2307.3
1242260 2307.3
1242270 2312.3
1242280 2316.9
1242290 2316.9
1242300 2321.4
1242310 2325.5
1242320 2325.5
1242330 2329.9
1242340 2334.4
1242350 2334.4
1242360 2339.2
1242370 2345.3
1242380 2345.3
1242390 2351.9
1242400 2359.4
1242410 2359.4
1242420 2365.8
1242430 2371.0
1242440 2371.0
1242450 2375.7
1242460 2379.7
1242470 2384.6
1242480 2384.6
1242490 2389.6
1242500 2395.0
1242510 2395.0
1242520 2400.1
1242530 2404.6
1242540 2404.6
1242550 2408.9
1242560 2413.9
1242570 2413.9
1242580 2419.3
1242590 2424.9
1242600 2424.9
1242610 2430.9
1242620 2436.5
1242630 2436.5
1242640 2442.1
1242650 2449.4
1242660 2449.4
1242670 2456.2
1242680 2463.2
1242690 2472.0
1242700 2472.0
1242710 2480.1
1242720 2488.7
1242730 2488.7
1242740 2497.1
1242750 2504.3
1242760 2504.3
1242770 2511.7
1242780 2518.6
1242790 2518.6
1242800 2525.6
1242810 2533.4
1242820 2533.4
1242830 2542.2
1242840 2550.0
1242850 2550.0
1242860 2558.0
1242870 2565.9
1242880 2565.9
1242890 2573.5
1242900 2581.4
1242910 2581.4
1242920 2589.3
1242930 2597.3
1242940 2604.3
1242950 2604.3
1242960 2610.4
1242970 2617.4
1242980 2617.4
1242990 2624.2
1243000 2630.4
1243010 2630.4
1243020 2636.0
1243030 2641.4
1243040 2641.4
1243050 2648.3
1243060 2655.2
1243070 2655.2
1243080 2662.5
1243090 2670.8
1243100 2670.8
1243110 2678.5
1243120 2685.3
1243130 2685.3
1243140 2691.0
1243150 2696.6
1243160 2701.5
1243170 2701.5
1243180 2709.4
1243190 2713.2
1243200 2713.2
1243210 2717.5
1243220 2721.0
1243230 2721.0
1243240 2723.4
1243250 2726.7
1243260 2726.7
1243270 2730.6
1243280 2735.5
1243290 2735.5
1243300 2739.0
1243310 2741.8
1243320 2741.8
1243330 2743.3
1243340 2744.6
1243350 2744.6
1243360 2738.2
1243370 2732.2
1243380 2726.9
1243390 2726.9
1243400 2721.5
1243410 2717.7
1243420 2717.7
1243430 2712.4
1243440 2705.0
1243450 2705.0
1243460 2697.1
1243470 2687.4
1243480 2687.4
1243490 2676.7
1243500 2666.9
1243510 2666.9
1243520 2657.9
1243530 2650.5
1243540 2650.5
1243550 2644.0
1243560 2639.1
1243570 2639.1
1243580 2635.4
1243590 2632.1
1243600 2632.1
1243610 2629.4
1243620 2626.7
1243630 2622.4
1243640 2622.4
1243650 2617.5
1243660 2612.8
1243670 2612.8
1243680 2607.5
1243690 2601.9
1243700 2601.9
1243710 2596.8
1243720 2592.4
1243730 2592.4
1243740 2589.6
1243750 2588.1
1243760 2588.1
1243770 2586.5
1243780 2584.6
1243790 2584.6
1243800 2583.1
1243810 2581.9
1243820 2581.9
1243830 2580.4
1243840 2579.3
1243850 2578.2
1243860 2578.2
1243870 2577.3
1243880 2576.8
1243890 2576.8
1243900 2576.9
1243910 2578.3
1243920 2578.3
1243930 2579.7
1243940 2579.2
1243950 2579.2
1243960 2577.6
1243970 2576.2
1243980 2576.2
1243990 2576.8
1244000 2575.0
1244010 2575.0
1244020 2571.1
1244030 2569.4
1244040 2569.4
1244050 2570.1
1244060 2570.2
1244070 2570.2
1244080 2568.2
1244090 2567.5
1244100 2565.1
1244110 2565.1
1244120 2562.6
1244130 2559.6
1244140 2559.6
1244150 2556.8
1244160 2554.9
1244170 2554.9
1244180 2553.1
1244190 2550.9
1244200 2550.9
1244210 2547.5
1244220 2544.4
1244230 2545.0
1244240 2541.8
1244250 2537.2
1244260 2537.2
1244270 2532.1
1244280 2529.4
1244290 2529.4
1244300 2527.5
1244310 2526.5
1244320 2525.4
1244330 2525.4
1244340 2524.1
1244350 2521.6
1244360 2521.6
1244370 2520.2
1244380 2518.4
1244390 2518.4
1244400 2516.9
1244410 2514.6
1244420 2514.6
1244430 2512.0
1244440 2510.6
1244450 2510.6
1244460 2509.6
1244470 2508.4
1244480 2508.4
1244490 2506.7
1244500 2505.5
1244510 2505.5
1244520 2504.9
1244530 2502.4
1244540 2502.4
1244550 2499.5
1244560 2497.1
1244570 2496.8
1244580 2496.8
1244590 2495.9
1244600 2493.8
1244610 2493.8
1244620 2491.6
1244630 2491.1
1244640 2491.1
1244650 2491.8
1244660 2492.5
1244670 2492.5
1244680 2491.9
1244690 2490.9
1244700 2490.9
1244710 2489.5
1244720 2487.5
1244730 2487.5
1244740 2485.3
1244750 2482.7
1244760 2483.0
1244770 2480.9
1244780 2478.3
1244790 2474.7
1244800 2474.7
1244810 2471.0
1244820 2467.8
1244830 2467.8
1244840 2464.8
1244850 2462.8
1244860 2462.8
1244870 2461.0
1244880 2459.2
1244890 2459.2
1244900 2458.5
1244910 2458.1
1244920 2458.1
1244930 2458.1
1244940 2458.1
1244950 2458.1
1244960 2458.1
1244970 2458.3
1244980 2458.3
1244990 2459.1
1245000 2459.3
1245010 2459.3
1245020 2458.9
1245030 2458.0
1245040 2456.4
1245050 2456.4
1245060 2454.4
1245070 2452.5
1245080 2452.5
1245090 2450.8
1245100 2449.4
1245110 2449.4
1245120 2448.2
1245130 2446.9
1245140 2446.9
1245150 2445.6
1245160 2444.0
1245170 2444.0
1245180 2442.2
1245190 2440.8
1245200 2440.8
1245210 2438.7
1245220 2436.5
1245230 2436.5
1245240 2434.2
1245250 2431.7
1245260 2429.5
1245270 2429.5
1245280 2427.9
1245290 2425.9
1245300 2425.9
1245310 2424.0
1245320 2422.6
1245330 2422.6
1245340 2422.1
1245350 2422.3
1245360 2422.3
1245370 2423.9
1245380 2426.6
1245390 2426.6
1245400 2427.5
1245410 2428.6
1245420 2428.6
1245430 2429.4
1245440 2430.9
1245450 2430.9
1245460 2432.5
1245470 2434.3
1245480 2434.3
1245490 2436.4
1245500 2438.3
1245510 2440.3
1245520 2440.3
1245530 2441.6
1245540 2441.8
1245550 2441.8
1245560 2444.3
1245570 2448.0
1245580 2448.0
1245590 2455.3
1245600 2465.5
1245610 2465.5
1245620 2472.9
1245630 2483.8
1245640 2483.8
1245650 2496.0
1245660 2496.3
1245670 2496.3
1245680 2498.9
1245690 2509.3
1245700 2509.3
1245710 2529.8
1245720 2546.9
1245730 2562.5
1245740 2562.5
1245750 2567.2
1245760 2568.6
1245770 2568.6
1245780 2581.2
1245790 2586.2
1245800 2586.2
1245810 2584.8
1245820 2576.5
1245830 2576.5
1245840 2566.8
1245850 2559.6
1245860 2559.6
1245870 2553.4
1245880 2547.4
1245890 2547.4
1245900 2542.2
1245910 2540.7
1245920 2540.7
1245930 2540.2
1245940 2538.5
1245950 2538.5
1245960 2535.3
1245970 2532.2
1245980 2529.8
1245990 2529.8
1246000 2525.8
1246010 2520.3
1246020 2520.3
1246030 2515.5
1246040 2508.7
1246050 2508.7
1246060 2501.4
1246070 2494.5
1246080 2494.5
1246090 2487.1
1246100 2479.5
1246110 2479.5
1246120 2471.9
1246130 2463.9
1246140 2463.9
1246150 2457.3
1246160 2453.2
1246170 2453.2
1246180 2448.0
1246190 2442.2
1246200 2437.2
1246210 2437.2
1246220 2433.6
1246230 2430.3
1246240 2430.3
1246250 2426.4
1246260 2422.1
1246270 2422.1
1246280 2418.5
1246290 2415.2
1246300 2415.2
1246310 2412.2
1246320 2409.0
1246330 2409.0
1246340 2404.9
1246350 2400.4
1246360 2400.4
1246370 2395.2
1246380 2390.6
1246390 2390.6
1246400 2383.8
1246410 2377.3
1246420 2370.9
1246430 2370.9
1246440 2364.9
1246450 2359.4
1246460 2359.4
1246470 2354.3
1246480 2348.0
1246490 2348.0
1246500 2340.5
1246510 2334.9
1246520 2334.9
1246530 2330.9
1246540 2327.4
1246550 2327.4
1246560 2324.0
1246570 2321.7
1246580 2321.7
1246590 2320.2
1246600 2316.9
1246610 2316.9
1246620 2313.7
1246630 2311.2
1246640 2311.2
1246650 2309.0
1246660 2307.0
1246670 2304.4
1246680 2304.4
1246690 2300.9
1246700 2296.6
1246710 2296.6
1246720 2292.3
1246730 2287.7
1246740 2287.7
1246750 2282.2
1246760 2276.8
1246770 2276.8
1246780 2272.0
1246790 2268.5
1246800 2268.5
1246810 2265.2
1246820 2261.5
1246830 2261.5
1246840 2258.3
1246850 2253.2
1246860 2253.2
1246870 2246.7
1246880 2240.1
1246890 2232.5
1246900 2232.5
1246910 2226.5
1246920 2218.8
1246930 2218.8
1246940 2211.0
1246950 2203.2
1246960 2203.2
1246970 2195.3
1246980 2188.0
1246990 2188.0
1247000 2181.8
1247010 2176.7
1247020 2176.7
1247030 2171.8
1247040 2167.4
1247050 2167.4
1247060 2164.4
1247070 2161.6
1247080 2161.6
1247090 2158.8
1247100 2155.3
1247110 2155.3
1247120 2152.2
1247130 2150.0
1247140 2148.4
1247150 2148.4
1247160 2146.6
1247170 2144.4
1247180 2144.4
1247190 2142.7
1247200 2141.0
1247210 2141.0
1247220 2138.9
1247230 2136.5
1247240 2136.5
1247250 2134.0
1247260 2130.2
1247270 2130.2
1247280 2125.5
1247290 2120.2
1247300 2120.2
1247310 2114.8
1247320 2108.8
1247330 2108.8
1247340 2102.0
1247350 2095.2
1247360 2087.6
1247370 2087.6
1247380 2080.7
1247390 2075.7
1247400 2075.7
1247410 2071.4
1247420 2066.0
1247430 2066.0
1247440 2061.7
1247450 2057.5
1247460 2057.5
1247470 2053.8
1247480 2049.6
1247490 2049.6
1247500 2045.2
1247510 2040.2
1247520 2040.2
1247530 2035.0
1247540 2030.7
1247550 2030.7
1247560 2027.0
1247570 2023.5
1247580 2023.5
1247590 2020.1
1247600 2016.2
1247610 2012.9
1247620 2012.9
1247630 2011.4
1247640 2010.5
1247650 2010.5
1247660 2010.3
1247670 2010.4
1247680 2010.4
1247690 2009.8
1247700 2008.2
1247710 2008.2
1247720 2005.9
1247730 2003.6
1247740 2003.6
1247750 2001.6
1247760 1999.7
1247770 1999.7
1247780 1997.0
1247790 1993.8
1247800 1993.8
1247810 1990.9
1247820 1987.3
1247830 1982.9
1247840 1982.9
1247850 1977.7
1247860 1972.1
1247870 1972.1
1247880 1965.8
1247890 1959.1
1247900 1959.1
1247910 1952.5
1247920 1945.9
1247930 1945.9
1247940 1939.5
1247950 1933.8
1247960 1930.3
1247970 1926.6
1247980 1924.1
1247990 1924.1
1248000 1921.8
1248010 1919.6
1248020 1919.6
1248030 1917.3
1248040 1914.8
1248050 1914.8
1248060 1910.9
1248070 1909.7
1248080 1909.5
1248090 1909.5
1248100 1911.0
1248110 1913.2
1248120 1913.2
1248130 1915.1
1248140 1914.3
1248150 1914.3
1248160 1914.5
1248170 1917.6
1248180 1917.6
1248190 1918.6
1248200 1919.7
1248210 1919.7
1248220 1920.6
1248230 1921.3
1248240 1921.3
1248250 1921.7
1248260 1923.5
1248270 1923.5
1248280 1927.1
1248290 1931.2
1248300 1935.0
1248310 1935.0
1248320 1938.2
1248330 1941.5
1248340 1941.5
1248350 1944.9
1248360 1948.0
1248370 1948.0
1248380 1951.3
1248390 1953.2
1248400 1953.2
1248410 1949.3
1248420 1948.2
1248430 1948.2
1248440 1955.3
1248450 1963.1
1248460 1963.1
1248470 1967.7
1248480 1971.2
1248490 1971.2
1248500 1980.1
1248510 1982.3
1248520 1982.3
1248530 1985.7
1248540 1989.8
1248550 1995.5
1248560 1995.5
1248570 2001.8
1248580 2005.3
1248590 2005.3
1248600 2010.4
1248610 2019.1
1248620 2019.1
1248630 2023.1
1248640 2036.2
1248650 2036.2
1248660 2046.6
1248670 2052.9
1248680 2052.9
1248690 2059.0
1248700 2062.6
1248710 2062.6
1248720 2066.6
1248730 2073.1
1248740 2073.1
1248750 2080.0
1248760 2090.8
1248770 2101.5
1248780 2101.5
1248790 2108.0
1248800 2109.6
1248810 2109.6
1248820 2116.2
1248830 2127.4
1248840 2127.4
1248850 2138.8
1248860 2148.2
1248870 2148.2
1248880 2153.0
1248890 2155.5
1248900 2155.5
1248910 2155.9
1248920 2160.2
1248930 2160.2
1248940 2162.9
1248950 2163.9
1248960 2163.9
1248970 2165.4
1248980 2167.3
1248990 2167.8
1249000 2167.8
1249010 2167.9
1249020 2170.8
1249030 2172.8
1249040 2177.2
1249050 2182.6
1249060 2182.6
1249070 2188.0
1249080 2193.9
1249090 2193.9
1249100 2199.8
1249110 2205.6
1249120 2205.6
1249130 2211.1
1249140 2216.1
1249150 2216.1
1249160 2221.3
1249170 2226.5
1249180 2226.5
1249190 2230.8
1249200 2235.0
1249210 2235.0
1249220 2239.5
1249230 2244.2
1249240 2252.2
1249250 2252.2
1249260 2259.0
1249270 2263.2
1249280 2263.2
1249290 2269.0
1249300 2275.5
1249310 2275.5
1249320 2282.8
1249330 2291.9
1249340 2291.9
1249350 2301.7
1249360 2312.0
1249370 2312.0
1249380 2319.4
1249390 2325.4
1249400 2325.4
1249410 2331.2
1249420 2334.2
1249430 2334.2
1249440 2334.2
1249450 2333.6
1249460 2332.8
1249470 2332.8
1249480 2332.4
1249490 2332.6
1249500 2332.6
1249510 2333.8
1249520 2335.8
1249530 2335.8
1249540 2338.1
1249550 2340.6
1249560 2340.6
1249570 2345.7
1249580 2347.9
1249590 2347.9
1249600 2350.5
1249610 2353.1
1249620 2353.1
1249630 2355.3
1249640 2357.2
1249650 2357.2
1249660 2358.9
1249670 2360.2
1249680 2360.2
1249690 2360.5
1249700 2360.0
1249710 2360.9
1249720 2360.9
1249730 2363.6
1249740 2366.9
1249750 2366.9
1249760 2369.8
1249770 2372.7
1249780 2372.7
1249790 2374.3
1249800 2374.2
1249810 2374.2
1249820 2375.6
1249830 2379.2
1249840 2379.2
1249850 2382.0
1249860 2384.4
1249870 2384.4
1249880 2386.5
1249890 2388.9
1249900 2388.9
1249910 2391.8
1249920 2395.4
1249930 2399.0
1249940 2399.0
1249950 2402.4
1249960 2405.5
1249970 2405.5
1249980 2409.1
1249990 2412.8
1250000 2412.8
1250010 2416.6
1250020 2422.7
1250030 2422.7
1250040 2432.6
1250050 2441.0
1250060 2441.0
1250070 2447.6
1250080 2452.8
1250090 2452.8
1250100 2458.1
1250110 2465.5
1250120 2465.5
1250130 2469.4
1250140 2474.8
1250150 2474.8
1250160 2481.3
1250170 2491.6
1250180 2500.9
1250190 2500.9
1250200 2506.7
1250210 2503.9
1250220 2503.9
1250230 2495.6
1250240 2487.4
1250250 2487.4
1250260 2479.3
1250270 2470.6
1250280 2470.6
1250290 2460.2
1250300 2450.0
1250310 2450.0
1250320 2441.1
1250330 2430.8
1250340 2430.8
1250350 2420.2
1250360 2411.2
1250370 2411.2
1250380 2403.7
1250390 2397.1
1250400 2388.7
1250410 2388.7
1250420 2380.6
1250430 2374.1
1250440 2374.1
1250450 2367.8
1250460 2361.7
1250470 2361.7
1250480 2355.9
1250490 2350.4
1250500 2350.4
1250510 2345.0
1250520 2339.5
1250530 2339.5
1250540 2333.7
1250550 2328.1
1250560 2328.1
1250570 2322.4
1250580 2317.1
1250590 2317.1
1250600 2313.2
1250610 2309.7
1250620 2309.7
1250630 2306.8
1250640 2304.7
1250650 2302.9
1250660 2300.6
1250670 2298.5
1250680 2296.1
1250690 2296.1
1250700 2293.5
1250710 2291.7
1250720 2291.7
1250730 2290.2
1250740 2288.9
1250750 2288.9
1250760 2287.8
1250770 2285.1
1250780 2285.1
1250790 2281.6
1250800 2277.6
1250810 2277.6
1250820 2274.8
1250830 2271.6
1250840 2271.6
1250850 2269.3
1250860 2267.1
1250870 2265.2
1250880 2265.2
1250890 2262.4
1250900 2259.7
1250910 2259.7
1250920 2257.2
1250930 2254.9
1250940 2254.9
1250950 2253.1
1250960 2251.7
1250970 2251.7
1250980 2250.0
1250990 2248.5
1251000 2248.5
1251010 2247.3
1251020 2246.9
1251030 2246.9
1251040 2245.4
1251050 2243.5
1251060 2243.5
1251070 2241.7
1251080 2240.1
1251090 2240.1
1251100 2238.9
1251110 2238.3
1251120 2237.0
1251130 2237.0
1251140 2235.0
1251150 2233.0
1251160 2233.0
1251170 2231.0
1251180 2228.8
1251190 2228.8
1251200 2228.5
1251210 2226.5
1251220 2226.5
1251230 2224.4
1251240 2222.2
1251250 2222.2
1251260 2219.2
1251270 2215.9
1251280 2215.9
1251290 2214.2
1251300 2210.8
1251310 2210.8
1251320 2207.4
1251330 2204.6
1251340 2202.0
1251350 2202.0
1251360 2200.3
1251370 2198.9
1251380 2198.9
1251390 2197.3
1251400 2195.8
1251410 2195.8
1251420 2194.4
1251430 2192.8
1251440 2192.8
1251450 2191.0
1251460 2188.9
1251470 2188.9
1251480 2186.7
1251490 2184.5
1251500 2184.5
1251510 2182.2
1251520 2179.7
1251530 2179.7
1251540 2177.1
1251550 2174.8
1251560 2174.8
1251570 2171.9
1251580 2168.8
1251590 2165.8
1251600 2165.8
1251610 2163.2
1251620 2161.1
1251630 2161.1
1251640 2159.3
1251650 2157.1
1251660 2157.1
1251670 2153.3
1251680 2146.9
1251690 2146.9
1251700 2140.3
1251710 2134.2
1251720 2134.2
1251730 2128.2
1251740 2123.9
1251750 2123.9
1251760 2119.9
1251770 2116.7
1251780 2116.7
1251790 2114.4
1251800 2112.9
1251810 2111.8
1251820 2111.8
1251830 2110.8
1251840 2112.3
1251850 2112.3
1251860 2114.4
1251870 2114.8
1251880 2114.8
1251890 2116.4
1251900 2118.0
1251910 2118.0
1251920 2120.8
1251930 2124.0
1251940 2124.0
1251950 2127.1
1251960 2129.3
1251970 2129.3
1251980 2130.9
1251990 2132.8
1252000 2132.8
1252010 2136.2
1252020 2140.6
1252030 2144.2
1252040 2144.2
1252050 2146.9
1252060 2147.9
1252070 2147.9
1252080 2147.3
1252090 2145.5
1252100 2145.5
1252110 2146.0
1252120 2148.9
1252130 2148.9
1252140 2149.9
1252150 2150.0
1252160 2150.0
1252170 2150.9
1252180 2152.0
1252190 2152.0
1252200 2152.4
1252210 2152.6
1252220 2152.6
1252230 2154.4
1252240 2157.9
1252250 2157.9
1252260 2161.3
1252270 2164.6
1252280 2169.1
1252290 2168.4
1252300 2173.6
1252310 2178.6
1252320 2178.6
1252330 2183.2
1252340 2188.6
1252350 2188.6
1252360 2193.1
1252370 2196.0
1252380 2196.0
1252390 2199.8
1252400 2203.0
1252410 2203.0
1252420 2205.7
1252430 2208.0
1252440 2208.0
1252450 2210.2
1252460 2213.3
1252470 2213.3
1252480 2215.2
1252490 2217.3
1252500 2219.8
1252510 2219.8
1252520 2222.6
1252530 2225.6
1252540 2225.6
1252550 2229.1
1252560 2233.1
1252570 2233.1
1252580 2237.6
1252590 2242.5
1252600 2242.5
1252610 2247.8
1252620 2253.4
1252630 2253.4
1252640 2259.6
1252650 2266.1
1252660 2266.1
1252670 2272.6
1252680 2279.2
1252690 2279.2
1252700 2285.8
1252710 2292.6
1252720 2292.6
1252730 2299.4
1252740 2305.8
1252750 2312.3
1252760 2312.3
1252770 2318.7
1252780 2324.9
1252790 2324.9
1252800 2330.9
1252810 2336.2
1252820 2336.2
1252830 2341.2
1252840 2349.6
1252850 2349.6
1252860 2355.3
1252870 2361.2
1252880 2361.2
1252890 2367.0
1252900 2373.2
1252910 2373.2
1252920 2379.8
1252930 2386.7
1252940 2386.7
1252950 2393.6
1252960 2401.1
1252970 2410.4
1252980 2410.4
1252990 2418.4
1253000 2425.3
1253010 2425.3
1253020 2435.0
1253030 2441.9
1253040 2441.9
1253050 2449.6
1253060 2457.7
1253070 2457.7
1253080 2466.3
1253090 2474.6
1253100 2474.6
1253110 2480.5
1253120 2487.3
1253130 2487.3
1253140 2493.8
1253150 2500.2
1253160 2500.2
1253170 2506.6
1253180 2514.1
1253190 2514.1
1253200 2521.7
1253210 2529.7
1253220 2539.1
1253230 2539.1
1253240 2548.5
1253250 2558.3
1253260 2558.3
1253270 2568.3
1253280 2577.8
1253290 2577.8
1253300 2586.1
1253310 2593.9
1253320 2593.9
1253330 2602.2
1253340 2610.3
1253350 2610.3
1253360 2617.8
1253370 2627.0
1253380 2627.0
1253390 2639.7
1253400 2650.6
1253410 2650.6
1253420 2658.2
1253430 2657.4
1253440 2651.3
1253450 2651.3
1253460 2643.9
1253470 2639.6
1253480 2639.6
1253490 2636.6
1253500 2631.8
1253510 2631.8
1253520 2624.6
1253530 2617.9
1253540 2617.9
1253550 2611.8
1253560 2606.3
1253570 2606.3
1253580 2602.4
1253590 2599.7
1253600 2599.7
1253610 2596.0
1253620 2590.4
1253630 2590.4
1253640 2583.6
1253650 2575.7
1253660 2575.7
1253670 2567.1
1253680 2559.3
1253690 2553.8
1253700 2553.8
1253710 2548.2
1253720 2541.5
1253730 2541.5
1253740 2533.9
1253750 2526.5
1253760 2526.5
1253770 2519.7
1253780 2513.1
1253790 2513.1
1253800 2507.1
1253810 2501.2
1253820 2501.2
1253830 2495.3
1253840 2489.5
1253850 2489.5
1253860 2485.1
1253870 2482.0
1253880 2482.0
1253890 2480.3
1253900 2478.6
1253910 2476.6
1253920 2476.6
1253930 2475.7
1253940 2472.7
1253950 2472.7
1253960 2473.0
1253970 2471.9
1253980 2471.9
1253990 2470.1
1254000 2469.2
1254010 2469.2
1254020 2467.2
1254030 2465.0
1254040 2465.0
1254050 2462.1
1254060 2459.9
1254070 2459.9
1254080 2458.2
1254090 2456.9
1254100 2456.9
1254110 2454.7
1254120 2450.9
1254130 2450.9
1254140 2448.3
1254150 2446.9
1254160 2446.2
1254170 2446.2
1254180 2446.2
1254190 2446.2
1254200 2446.2
1254210 2446.2
1254220 2446.2
1254230 2446.2
1254240 2446.2
1254250 2446.2
1254260 2446.2
1254270 2447.0
1254280 2448.6
1254290 2448.6
1254300 2449.1
1254310 2448.5
1254320 2448.5
1254330 2448.9
1254340 2449.7
1254350 2449.7
1254360 2447.6
1254370 2444.6
1254380 2443.0
1254390 2443.0
1254400 2441.8
1254410 2440.2
1254420 2440.2
1254430 2438.6
1254440 2438.3
1254450 2438.3
1254460 2440.3
1254470 2443.7
1254480 2443.7
1254490 2444.6
1254500 2448.0
1254510 2448.0
1254520 2451.1
1254530 2454.1
1254540 2454.1
1254550 2457.6
1254560 2461.2
1254570 2461.2
1254580 2465.0
1254590 2468.7
1254600 2472.4
1254610 2472.4
1254620 2476.1
1254630 2480.0
1254640 2480.0
1254650 2484.2
1254660 2488.3
1254670 2488.3
1254680 2492.2
1254690 2495.7
1254700 2495.7
1254710 2499.1
1254720 2501.5
1254730 2501.5
1254740 2503.2
1254750 2506.8
1254760 2506.8
1254770 2509.8
1254780 2512.1
1254790 2512.1
1254800 2515.3
1254810 2519.9
1254820 2519.9
1254830 2523.6
1254840 2528.4
1254850 2535.8
1254860 2535.8
1254870 2542.0
1254880 2545.8
1254890 2545.8
1254900 2547.7
1254910 2555.3
1254920 2555.3
1254930 2565.0
1254940 2572.3
1254950 2572.3
1254960 2579.5
1254970 2586.4
1254980 2586.4
1254990 2593.3
1255000 2601.0
1255010 2601.0
1255020 2605.7
1255030 2606.4
1255040 2594.9
1255050 2598.0
1255060 2610.4
1255070 2618.8
1255080 2618.8
1255090 2617.2
1255100 2630.1
1255110 2630.1
1255120 2650.7
1255130 2671.7
1255140 2671.7
1255150 2689.7
1255160 2688.0
1255170 2688.0
1255180 2678.2
1255190 2668.4
1255200 2668.4
1255210 2657.7
1255220 2652.2
1255230 2652.2
1255240 2641.2
1255250 2632.8
1255260 2632.8
1255270 2627.1
1255280 2624.1
1255290 2624.1
1255300 2627.2
1255310 2636.1
1255320 2632.5
1255330 2632.5
1255340 2612.2
1255350 2593.0
1255360 2593.0
1255370 2568.7
1255380 2555.1
1255390 2555.1
1255400 2546.3
1255410 2527.3
1255420 2527.3
1255430 2517.9
1255440 2521.2
1255450 2521.2
1255460 2515.9
1255470 2510.6
1255480 2510.6
1255490 2508.2
1255500 2495.8
1255510 2495.8
1255520 2472.1
1255530 2453.9
1255540 2450.8
1255550 2450.8
1255560 2461.2
1255570 2473.2
1255580 2473.2
1255590 2461.0
1255600 2447.8
1255610 2447.8
1255620 2433.7
1255630 2410.6
1255640 2410.6
1255650 2372.0
1255660 2327.4
1255670 2327.4
1255680 2312.3
1255690 2302.6
1255700 2302.6
1255710 2289.9
1255720 2278.1
1255730 2278.1
1255740 2269.8
1255750 2261.5
1255760 2261.5
1255770 2253.7
1255780 2244.8
1255790 2237.6
1255800 2237.6
1255810 2224.4
1255820 2213.9
1255830 2213.9
1255840 2206.1
1255850 2200.1
1255860 2200.1
1255870 2194.8
1255880 2189.4
1255890 2189.4
1255900 2183.6
1255910 2178.0
1255920 2178.0
1255930 2173.7
1255940 2171.6
1255950 2171.6
1255960 2166.9
1255970 2159.1
1255980 2159.1
1255990 2153.9
1256000 2148.6
1256010 2143.7
1256020 2143.7
1256030 2138.9
1256040 2133.7
1256050 2133.7
1256060 2128.3
1256070 2122.8
1256080 2122.8
1256090 2117.3
1256100 2111.9
1256110 2111.9
1256120 2106.5
1256130 2100.7
1256140 2100.7
1256150 2095.2
1256160 2089.9
1256170 2089.9
1256180 2084.5
1256190 2078.9
1256200 2078.9
1256210 2073.3
1256220 2068.0
1256230 2068.0
1256240 2062.8
1256250 2057.9
1256260 2053.1
1256270 2053.1
1256280 2048.5
1256290 2043.9
1256300 2043.9
1256310 2039.3
1256320 2034.7
1256330 2034.7
1256340 2029.8
1256350 2025.0
1256360 2025.0
1256370 2020.6
1256380 2016.6
1256390 2016.6
1256400 2012.7
1256410 2008.9
1256420 2008.9
1256430 2005.3
1256440 2001.6
1256450 2001.6
1256460 1997.2
1256470 1994.4
1256480 1993.0
1256490 1993.0
1256500 1992.2
1256510 1994.3
1256520 1994.3
1256530 1992.3
1256540 1993.7
1256550 1993.7
1256560 1994.8
1256570 1994.8
1256580 1994.8
1256590 1994.1
1256600 1995.6
1256610 1995.6
1256620 1995.9
1256630 1993.9
1256640 1993.9
1256650 1992.0
1256660 1991.0
1256670 1991.0
1256680 1991.3
1256690 1992.3
1256700 1992.3
1256710 1996.5
1256720 1994.1
1256730 1990.4
1256740 1990.4
1256750 1987.7
1256760 1984.7
1256770 1984.7
1256780 1980.7
1256790 1975.0
1256800 1975.0
1256810 1976.8
1256820 1976.4
1256830 1976.4
1256840 1975.8
1256850 1976.2
1256860 1976.2
1256870 1977.4
1256880 1979.7
1256890 1979.7
1256900 1983.0
1256910 1987.1
1256920 1987.1
1256930 1988.3
1256940 1989.0
1256950 1992.5
1256960 1992.5
1256970 1994.7
1256980 1995.8
1256990 1995.8
1257000 1994.0
1257010 1994.3
1257020 1994.3
1257030 1995.0
1257040 1998.5
1257050 1998.5
1257060 2000.5
1257070 2001.9
1257080 2001.9
1257090 2003.9
1257100 2007.0
1257110 2007.0
1257120 2009.8
1257130 2012.2
1257140 2012.2
1257150 2014.9
1257160 2016.7
1257170 2017.3
1257180 2017.3
1257190 2017.2
1257200 2017.7
1257210 2017.7
1257220 2018.5
1257230 2018.9
1257240 2018.9
1257250 2018.7
1257260 2019.8
1257270 2024.5
1257280 2025.8
1257290 2026.9
1257300 2026.9
1257310 2028.1
1257320 2028.6
1257330 2028.6
1257340 2028.6
1257350 2029.4
1257360 2029.4
1257370 2030.6
1257380 2031.5
1257390 2031.5
1257400 2032.8
1257410 2034.6
1257420 2035.8
1257430 2035.8
1257440 2036.4
1257450 2036.3
1257460 2036.3
1257470 2035.5
1257480 2033.8
1257490 2033.8
1257500 2030.5
1257510 2027.2
1257520 2027.2
1257530 2027.7
1257540 2030.8
1257550 2030.8
1257560 2031.7
1257570 2036.1
1257580 2036.1
1257590 2040.4
1257600 2041.5
1257610 2041.5
1257620 2040.9
1257630 2040.0
1257640 2038.8
1257650 2038.8
1257660 2037.9
1257670 2037.0
1257680 2037.0
1257690 2036.0
1257700 2035.2
1257710 2035.2
1257720 2035.6
1257730 2037.1
1257740 2037.1
1257750 2039.0
1257760 2040.9
1257770 2040.9
1257780 2042.4
1257790 2043.2
1257800 2043.2
1257810 2043.4
1257820 2043.8
1257830 2043.8
1257840 2046.1
1257850 2048.2
1257860 2048.2
1257870 2052.1
1257880 2057.9
1257890 2062.4
1257900 2062.4
1257910 2065.9
1257920 2068.4
1257930 2068.4
1257940 2069.7
1257950 2071.8
1257960 2071.8
1257970 2072.6
1257980 2076.0
1257990 2076.0
1258000 2081.4
1258010 2085.9
1258020 2085.9
1258030 2088.4
1258040 2089.6
1258050 2089.6
1258060 2090.1
1258070 2090.4
1258080 2090.4
1258090 2091.8
1258100 2095.2
1258110 2098.3
1258120 2098.3
1258130 2102.0
1258140 2107.0
1258150 2107.0
1258160 2112.2
1258170 2117.4
1258180 2117.4
1258190 2122.6
1258200 2128.0
1258210 2128.0
1258220 2132.5
1258230 2134.5
1258240 2134.5
1258250 2134.5
1258260 2135.9
1258270 2135.9
1258280 2137.9
1258290 2140.0
1258300 2140.0
1258310 2140.6
1258320 2142.8
1258330 2142.8
1258340 2146.1
1258350 2147.9
1258360 2149.4
1258370 2149.4
1258380 2151.9
1258390 2164.2
1258400 2164.2
1258410 2164.7
1258420 2168.3
1258430 2168.3
1258440 2173.9
1258450 2179.8
1258460 2179.8
1258470 2187.9
1258480 2185.7
1258490 2185.7
1258500 2184.3
1258510 2182.4
1258520 2182.4
1258530 2169.6
1258540 2165.5
1258550 2165.5
1258560 2164.5
1258570 2163.7
1258580 2163.3
1258590 2163.3
1258600 2162.0
1258610 2160.2
1258620 2160.2
1258630 2155.7
1258640 2148.8
1258650 2148.8
1258660 2140.7
1258670 2132.9
1258680 2132.9
1258690 2125.0
1258700 2117.2
1258710 2117.2
1258720 2109.7
1258730 2102.4
1258740 2102.4
1258750 2094.9
1258760 2087.5
1258770 2087.5
1258780 2080.4
1258790 2073.3
1258800 2073.3
1258810 2066.2
1258820 2060.0
1258830 2053.7
1258840 2053.7
1258850 2047.6
1258860 2041.5
1258870 2041.5
1258880 2034.9
1258890 2028.8
1258900 2028.8
1258910 2024.0
1258920 2018.6
1258930 2018.6
1258940 2012.6
1258950 2007.7
1258960 2007.7
1258970 2002.2
1258980 1997.2
1258990 1997.2
1259000 1990.3
1259010 1982.9
1259020 1982.9
1259030 1973.6
1259040 1965.7
1259050 1956.4
1259060 1956.4
1259070 1946.2
1259080 1937.5
1259090 1937.5
1259100 1929.4
1259110 1921.9
1259120 1921.9
1259130 1914.6
1259140 1906.8
1259150 1906.8
1259160 1899.3
1259170 1891.6
1259180 1891.6
1259190 1882.9
1259200 1873.8
1259210 1873.8
1259220 1865.7
1259230 1857.8
1259240 1857.8
1259250 1850.8
1259260 1844.6
1259270 1838.9
1259280 1838.9
1259290 1833.5
1259300 1825.4
1259310 1825.4
1259320 1816.1
1259330 1808.0
1259340 1808.0
1259350 1801.1
1259360 1793.9
1259370 1793.9
1259380 1787.4
1259390 1781.8
1259400 1781.8
1259410 1775.9
1259420 1770.8
1259430 1770.8
1259440 1764.3
1259450 1754.0
1259460 1754.0
1259470 1744.1
1259480 1737.1
1259490 1737.1
1259500 1732.8
1259510 1730.8
1259520 1723.3
1259530 1723.3
1259540 1716.1
1259550 1707.9
1259560 1707.9
1259570 1698.9
1259580 1692.5
1259590 1692.5
1259600 1685.3
1259610 1678.6
1259620 1678.6
1259630 1673.7
1259640 1672.4
1259650 1672.4
1259660 1670.1
1259670 1666.4
1259680 1666.4
1259690 1661.7
1259700 1657.4
1259710 1657.4
1259720 1651.4
1259730 1646.0
1259740 1640.8
1259750 1640.8
1259760 1634.8
1259770 1627.8
1259780 1627.8
1259790 1621.9
1259800 1617.4
1259810 1617.4
1259820 1613.1
1259830 1608.0
1259840 1608.0
1259850 1603.5
1259860 1598.6
1259870 1598.6
1259880 1593.0
1259890 1587.5
1259900 1587.5
1259910 1582.6
1259920 1579.1
1259930 1579.1
1259940 1575.8
1259950 1572.4
1259960 1572.4
1259970 1569.4
1259980 1566.3
1259990 1560.5
