1240000 1620.6
1240010 1620.6
1240020 1624.2
1240030 1628.0
1240040 1628.0
1240050 1631.4
1240060 1634.6
1240070 1634.6
1240080 1637.8
1240090 1640.9
1240100 1640.9
1240110 1643.0
1240120 1646.5
1240130 1646.5
1240140 1650.4
1240150 1653.8
1240160 1653.8
1240170 1656.8
1240180 1660.0
1240190 1663.0
1240200 1663.0
1240210 1667.0
1240220 1671.6
1240230 1671.6
1240240 1676.1
1240250 1680.5
1240260 1680.5
1240270 1684.5
1240280 1688.5
1240290 1688.5
1240300 1692.6
1240310 1696.7
1240320 1696.7
1240330 1700.6
1240340 1703.9
1240350 1703.9
1240360 1708.2
1240370 1712.8
1240380 1712.8
1240390 1716.4
1240400 1719.0
1240410 1721.1
1240420 1721.1
1240430 1722.6
1240440 1723.6
1240450 1723.6
1240460 1724.1
1240470 1724.8
1240480 1724.8
1240490 1726.7
1240500 1728.5
1240510 1728.5
1240520 1730.1
1240530 1731.1
1240540 1731.1
1240550 1732.6
1240560 1736.1
1240570 1736.1
1240580 1740.6
1240590 1744.0
1240600 1744.0
1240610 1747.7
1240620 1752.5
1240630 1750.1
1240640 1757.2
1240650 1763.5
1240660 1769.3
1240670 1769.3
1240680 1775.0
1240690 1781.4
1240700 1781.4
1240710 1788.2
1240720 1794.6
1240730 1794.6
1240740 1801.2
1240750 1807.9
1240760 1807.9
1240770 1814.2
1240780 1821.0
1240790 1821.0
1240800 1828.1
1240810 1835.0
1240820 1835.0
1240830 1841.5
1240840 1849.2
1240850 1849.2
1240860 1859.1
1240870 1868.8
1240880 1877.2
1240890 1877.2
1240900 1886.0
1240910 1894.6
1240920 1894.6
1240930 1903.7
1240940 1910.9
1240950 1910.9
1240960 1918.0
1240970 1924.9
1240980 1924.9
1240990 1932.3
1241000 1939.6
1241010 1939.6
1241020 1947.6
1241030 1956.5
1241040 1956.5
1241050 1965.0
1241060 1974.1
1241070 1974.1
1241080 1983.2
1241090 1991.6
1241100 1991.6
1241110 1999.3
1241120 2006.9
1241130 2014.4
1241140 2014.4
1241150 2015.6
1241160 2022.3
1241170 2022.3
1241180 2028.6
1241190 2034.2
1241200 2034.2
1241210 2040.7
1241220 2048.3
1241230 2048.3
1241240 2055.2
1241250 2062.2
1241260 2062.2
1241270 2069.0
1241280 2076.2
1241290 2076.2
1241300 2083.0
1241310 2089.1
1241320 2089.1
1241330 2095.3
1241340 2100.9
1241350 2106.6
1241360 2106.6
1241370 2112.7
1241380 2119.7
1241390 2119.7
1241400 2127.3
1241410 2135.1
1241420 2135.1
1241430 2143.1
1241440 2151.2
1241450 2151.2
1241460 2158.8
1241470 2166.0
1241480 2166.0
1241490 2173.6
1241500 2181.0
1241510 2181.0
1241520 2188.4
1241530 2196.1
1241540 2196.1
1241550 2203.0
1241560 2208.3
1241570 2208.3
1241580 2212.8
1241590 2217.5
1241600 2222.3
1241610 2222.3
1241620 2227.9
1241630 2234.1
1241640 2234.1
1241650 2240.0
1241660 2246.5
1241670 2241.2
1241680 2247.8
1241690 2254.6
1241700 2254.6
1241710 2261.3
1241720 2269.2
1241730 2269.2
1241740 2276.6
1241750 2283.4
1241760 2283.4
1241770 2289.2
1241780 2294.7
1241790 2294.7
1241800 2300.2
1241810 2305.8
1241820 2312.1
1241830 2312.1
1241840 2318.7
1241850 2325.2
1241860 2325.2
1241870 2331.5
1241880 2337.9
1241890 2337.9
1241900 2343.9
1241910 2348.6
1241920 2348.6
1241930 2353.1
1241940 2357.7
1241950 2357.7
1241960 2361.7
1241970 2365.2
1241980 2365.2
1241990 2368.6
1242000 2371.5
1242010 2371.5
1242020 2374.5
1242030 2377.6
1242040 2377.6
1242050 2380.7
1242060 2383.3
1242070 2386.3
1242080 2386.3
1242090 2390.1
1242100 2394.2
1242110 2394.2
1242120 2398.1
1242130 2402.2
1242140 2402.2
1242150 2407.0
1242160 2411.9
1242170 2411.9
1242180 2416.6
1242190 2418.5
1242200 2418.5
1242210 2423.1
1242220 2427.2
1242230 2427.2
1242240 2430.8
1242250 2434.4
1242260 2434.4
1242270 2439.2
1242280 2444.4
1242290 2448.6
1242300 2448.6
1242310 2452.3
1242320 2456.9
1242330 2456.9
1242340 2461.7
1242350 2466.1
1242360 2466.1
1242370 2469.0
1242380 2472.0
1242390 2472.0
1242400 2476.4
1242410 2480.1
1242420 2480.1
1242430 2483.6
1242440 2487.2
1242450 2487.2
1242460 2491.1
1242470 2495.2
1242480 2495.2
1242490 2498.8
1242500 2501.9
1242510 2501.9
1242520 2505.3
1242530 2508.9
1242540 2512.7
1242550 2512.7
1242560 2517.4
1242570 2522.3
1242580 2522.3
1242590 2526.2
1242600 2530.2
1242610 2530.2
1242620 2534.1
1242630 2537.8
1242640 2537.8
1242650 2541.8
1242660 2546.0
1242670 2546.0
1242680 2550.4
1242690 2554.2
1242700 2554.2
1242710 2557.8
1242720 2561.5
1242730 2561.5
1242740 2565.9
1242750 2569.9
1242760 2572.7
1242770 2572.7
1242780 2575.3
1242790 2578.2
1242800 2578.2
1242810 2581.0
1242820 2584.2
1242830 2584.2
1242840 2587.4
1242850 2590.4
1242860 2590.4
1242870 2593.0
1242880 2595.1
1242890 2595.1
1242900 2598.4
1242910 2602.6
1242920 2602.6
1242930 2607.1
1242940 2611.7
1242950 2611.7
1242960 2616.3
1242970 2620.7
1242980 2620.7
1242990 2625.3
1243000 2630.0
1243010 2634.2
1243020 2634.2
1243030 2638.2
1243040 2642.6
1243050 2642.6
1243060 2647.2
1243070 2651.1
1243080 2651.1
1243090 2656.2
1243100 2662.3
1243110 2662.3
1243120 2666.6
1243130 2669.3
1243140 2669.3
1243150 2673.1
1243160 2677.4
1243170 2677.4
1243180 2682.4
1243190 2687.4
1243200 2687.4
1243210 2693.1
1243220 2699.2
1243230 2705.6
1243240 2703.9
1243250 2709.8
1243260 2714.9
1243270 2714.9
1243280 2720.0
1243290 2725.3
1243300 2725.3
1243310 2730.8
1243320 2736.5
1243330 2736.5
1243340 2741.9
1243350 2747.4
1243360 2747.4
1243370 2753.0
1243380 2758.2
1243390 2758.2
1243400 2761.7
1243410 2762.3
1243420 2762.3
1243430 2765.1
1243440 2769.2
1243450 2769.2
1243460 2770.4
1243470 2768.2
1243480 2764.6
1243490 2764.6
1243500 2760.1
1243510 2756.7
1243520 2756.7
1243530 2755.2
1243540 2752.1
1243550 2752.1
1243560 2748.0
1243570 2742.7
1243580 2742.7
1243590 2736.5
1243600 2730.4
1243610 2730.4
1243620 2724.4
1243630 2719.8
1243640 2719.8
1243650 2715.9
1243660 2712.5
1243670 2712.5
1243680 2709.0
1243690 2705.7
1243700 2702.4
1243710 2702.4
1243720 2699.3
1243730 2694.9
1243740 2694.9
1243750 2689.3
1243760 2683.0
1243770 2684.2
1243780 2678.7
1243790 2673.6
1243800 2673.6
1243810 2667.5
1243820 2661.0
1243830 2661.0
1243840 2653.3
1243850 2644.8
1243860 2644.8
1243870 2636.1
1243880 2628.8
1243890 2628.8
1243900 2622.2
1243910 2616.7
1243920 2611.4
1243930 2611.4
1243940 2607.3
1243950 2604.1
1243960 2604.1
1243970 2601.8
1243980 2600.8
1243990 2600.8
1244000 2598.2
1244010 2592.6
1244020 2592.6
1244030 2583.7
1244040 2573.2
1244050 2573.2
1244060 2563.8
1244070 2557.2
1244080 2557.2
1244090 2550.4
1244100 2544.5
1244110 2544.5
1244120 2540.0
1244130 2535.6
1244140 2535.6
1244150 2531.1
1244160 2526.8
1244170 2522.7
1244180 2522.7
1244190 2519.5
1244200 2517.2
1244210 2517.2
1244220 2515.5
1244230 2514.2
1244240 2514.2
1244250 2513.3
1244260 2512.1
1244270 2512.1
1244280 2510.0
1244290 2507.3
1244300 2507.5
1244310 2505.0
1244320 2502.6
1244330 2502.6
1244340 2500.0
1244350 2497.5
1244360 2497.5
1244370 2495.5
1244380 2493.9
1244390 2493.2
1244400 2493.2
1244410 2493.3
1244420 2493.0
1244430 2493.0
1244440 2491.1
1244450 2489.3
1244460 2489.3
1244470 2487.3
1244480 2485.5
1244490 2485.5
1244500 2483.8
1244510 2481.9
1244520 2481.9
1244530 2480.6
1244540 2479.0
1244550 2479.0
1244560 2477.3
1244570 2475.5
1244580 2475.5
1244590 2473.9
1244600 2472.7
1244610 2472.7
1244620 2471.4
1244630 2470.0
1244640 2468.5
1244650 2468.5
1244660 2467.1
1244670 2465.7
1244680 2465.7
1244690 2464.5
1244700 2463.7
1244710 2463.7
1244720 2462.7
1244730 2461.8
1244740 2461.8
1244750 2461.1
1244760 2460.1
1244770 2460.1
1244780 2458.7
1244790 2457.4
1244800 2457.4
1244810 2456.4
1244820 2455.6
1244830 2454.9
1244840 2454.2
1244850 2453.3
1244860 2452.3
1244870 2452.3
1244880 2450.9
1244890 2449.6
1244900 2449.6
1244910 2447.9
1244920 2445.9
1244930 2445.9
1244940 2443.7
1244950 2441.2
1244960 2441.2
1244970 2438.7
1244980 2436.0
1244990 2436.0
1245000 2433.0
1245010 2430.2
1245020 2430.2
1245030 2427.3
1245040 2423.7
1245050 2423.7
1245060 2419.4
1245070 2416.4
1245080 2416.4
1245090 2414.4
1245100 2412.5
1245110 2411.1
1245120 2411.1
1245130 2410.0
1245140 2409.5
1245150 2409.5
1245160 2408.9
1245170 2407.9
1245180 2407.9
1245190 2406.1
1245200 2404.6
1245210 2404.6
1245220 2403.2
1245230 2402.0
1245240 2402.0
1245250 2400.6
1245260 2398.9
1245270 2398.9
1245280 2397.5
1245290 2396.6
1245300 2396.6
1245310 2396.0
1245320 2394.0
1245330 2391.4
1245340 2391.4
1245350 2389.6
1245360 2389.2
1245370 2389.2
1245380 2387.9
1245390 2386.3
1245400 2386.3
1245410 2384.7
1245420 2382.5
1245430 2382.5
1245440 2380.7
1245450 2379.2
1245460 2379.2
1245470 2378.8
1245480 2378.3
1245490 2378.3
1245500 2377.9
1245510 2377.3
1245520 2377.3
1245530 2375.3
1245540 2372.6
1245550 2372.6
1245560 2370.5
1245570 2369.1
1245580 2367.3
1245590 2367.3
1245600 2365.6
1245610 2365.0
1245620 2365.0
1245630 2364.2
1245640 2363.1
1245650 2363.1
1245660 2362.4
1245670 2360.9
1245680 2360.9
1245690 2360.0
1245700 2358.8
1245710 2358.8
1245720 2357.4
1245730 2357.0
1245740 2357.0
1245750 2358.1
1245760 2360.1
1245770 2360.1
1245780 2360.5
1245790 2358.5
1245800 2357.0
1245810 2357.0
1245820 2356.8
1245830 2358.7
1245840 2358.7
1245850 2360.9
1245860 2362.1
1245870 2362.1
1245880 2363.4
1245890 2369.5
1245900 2369.5
1245910 2373.9
1245920 2378.8
1245930 2378.8
1245940 2385.1
1245950 2392.0
1245960 2392.0
1245970 2398.7
1245980 2405.1
1245990 2405.1
1246000 2411.2
1246010 2419.9
1246020 2419.9
1246030 2429.6
1246040 2437.0
1246050 2442.0
1246060 2442.0
1246070 2446.6
1246080 2452.4
1246090 2452.4
1246100 2460.8
1246110 2471.7
1246120 2471.7
1246130 2478.2
1246140 2472.5
1246150 2472.5
1246160 2463.8
1246170 2455.9
1246180 2455.9
1246190 2448.1
1246200 2440.2
1246210 2440.2
1246220 2432.1
1246230 2423.5
1246240 2423.5
1246250 2414.6
1246260 2406.2
1246270 2397.9
1246280 2397.9
1246290 2389.6
1246300 2381.1
1246310 2381.1
1246320 2372.3
1246330 2363.2
1246340 2363.2
1246350 2354.8
1246360 2346.3
1246370 2346.3
1246380 2339.4
1246390 2334.6
1246400 2334.6
1246410 2329.2
1246420 2325.7
1246430 2325.7
1246440 2321.6
1246450 2318.7
1246460 2318.7
1246470 2315.0
1246480 2310.8
1246490 2310.8
1246500 2307.1
1246510 2302.8
1246520 2299.1
1246530 2299.1
1246540 2294.8
1246550 2288.9
1246560 2288.9
1246570 2283.1
1246580 2278.3
1246590 2278.3
1246600 2273.4
1246610 2268.7
1246620 2268.7
1246630 2263.9
1246640 2258.8
1246650 2258.8
1246660 2254.4
1246670 2252.0
1246680 2252.0
1246690 2250.7
1246700 2249.5
1246710 2249.5
1246720 2248.3
1246730 2245.7
1246740 2242.2
1246750 2242.2
1246760 2238.0
1246770 2234.2
1246780 2234.2
1246790 2231.7
1246800 2229.5
1246810 2229.5
1246820 2227.3
1246830 2225.0
1246840 2225.0
1246850 2222.2
1246860 2220.6
1246870 2220.6
1246880 2219.2
1246890 2215.7
1246900 2215.7
1246910 2213.2
1246920 2210.6
1246930 2210.6
1246940 2208.1
1246950 2210.7
1246960 2210.7
1246970 2209.6
1246980 2208.2
1246990 2206.8
1247000 2206.8
1247010 2203.0
1247020 2197.7
1247030 2197.7
1247040 2194.2
1247050 2191.2
1247060 2191.2
1247070 2188.0
1247080 2183.6
1247090 2183.6
1247100 2179.7
1247110 2177.0
1247120 2177.0
1247130 2174.6
1247140 2173.3
1247150 2173.3
1247160 2172.3
1247170 2171.4
1247180 2171.4
1247190 2171.5
1247200 2173.1
1247210 2175.4
1247220 2175.4
1247230 2176.3
1247240 2174.8
1247250 2174.8
1247260 2173.5
1247270 2172.2
1247280 2172.2
1247290 2170.8
1247300 2169.3
1247310 2169.3
1247320 2167.7
1247330 2165.4
1247340 2165.4
1247350 2163.1
1247360 2161.2
1247370 2161.2
1247380 2159.0
1247390 2155.9
1247400 2155.9
1247410 2151.9
1247420 2147.5
1247430 2147.5
1247440 2142.0
1247450 2136.6
1247460 2131.8
1247470 2131.8
1247480 2129.4
1247490 2122.9
1247500 2122.9
1247510 2117.8
1247520 2113.6
1247530 2113.6
1247540 2110.7
1247550 2106.3
1247560 2106.3
1247570 2099.3
1247580 2091.1
1247590 2091.1
1247600 2084.3
1247610 2080.0
1247620 2080.0
1247630 2075.0
1247640 2070.2
1247650 2070.2
1247660 2064.7
1247670 2058.2
1247680 2052.2
1247690 2052.2
1247700 2046.1
1247710 2039.6
1247720 2039.6
1247730 2035.2
1247740 2031.8
1247750 2031.8
1247760 2027.2
1247770 2021.5
1247780 2021.5
1247790 2017.5
1247800 2014.0
1247810 2014.0
1247820 2010.4
1247830 2006.1
1247840 2006.1
1247850 2000.5
1247860 1994.4
1247870 1994.4
1247880 1987.8
1247890 1980.7
1247900 1980.7
1247910 1974.4
1247920 1969.0
1247930 1963.6
1247940 1963.6
1247950 1957.5
1247960 1950.5
1247970 1950.5
1247980 1944.1
1247990 1938.1
1248000 1938.1
1248010 1930.3
1248020 1922.5
1248030 1922.5
1248040 1914.4
1248050 1907.8
1248060 1907.8
1248070 1902.8
1248080 1899.0
1248090 1899.0
1248100 1896.1
1248110 1893.8
1248120 1893.8
1248130 1891.4
1248140 1887.6
1248150 1883.4
1248160 1883.4
1248170 1878.8
1248180 1873.9
1248190 1873.9
1248200 1868.8
1248210 1863.2
1248220 1863.2
1248230 1854.2
1248240 1844.1
1248250 1844.1
1248260 1833.8
1248270 1823.9
1248280 1823.9
1248290 1819.7
1248300 1824.0
1248310 1824.0
1248320 1825.1
1248330 1825.2
1248340 1825.2
1248350 1827.9
1248360 1831.9
1248370 1831.9
1248380 1839.1
1248390 1849.5
1248400 1857.1
1248410 1857.1
1248420 1860.4
1248430 1865.1
1248440 1865.1
1248450 1868.7
1248460 1868.5
1248470 1868.5
1248480 1867.7
1248490 1868.1
1248500 1868.1
1248510 1869.0
1248520 1870.5
1248530 1870.5
1248540 1873.0
1248550 1876.2
1248560 1876.2
1248570 1879.4
1248580 1883.1
1248590 1883.1
1248600 1888.7
1248610 1896.0
1248620 1902.1
1248630 1902.1
1248640 1908.0
1248650 1914.4
1248660 1914.4
1248670 1921.8
1248680 1929.7
1248690 1929.7
1248700 1937.8
1248710 1945.7
1248720 1945.7
1248730 1953.9
1248740 1961.9
1248750 1961.9
1248760 1969.0
1248770 1977.2
1248780 1977.2
1248790 1995.2
1248800 2018.7
1248810 2018.7
1248820 2026.7
1248830 2030.2
1248840 2030.2
1248850 2036.6
1248860 2039.1
1248870 2047.7
1248880 2047.7
1248890 2065.7
1248900 2083.7
1248910 2083.7
1248920 2092.1
1248930 2096.3
1248940 2096.3
1248950 2097.7
1248960 2096.8
1248970 2096.8
1248980 2095.2
1248990 2093.9
1249000 2093.9
1249010 2091.9
1249020 2089.4
1249030 2089.4
1249040 2089.2
1249050 2091.2
1249060 2091.2
1249070 2092.6
1249080 2092.9
1249090 2091.7
1249100 2096.5
1249110 2095.6
1249120 2094.9
1249130 2094.9
1249140 2095.2
1249150 2095.7
1249160 2095.7
1249170 2096.8
1249180 2099.1
1249190 2099.1
1249200 2100.8
1249210 2102.6
1249220 2102.6
1249230 2104.7
1249240 2108.7
1249250 2108.7
1249260 2114.7
1249270 2121.3
1249280 2121.3
1249290 2129.1
1249300 2135.5
1249310 2135.5
1249320 2139.7
1249330 2145.0
1249340 2147.4
1249350 2147.4
1249360 2149.6
1249370 2152.3
1249380 2152.3
1249390 2155.5
1249400 2159.4
1249410 2159.4
1249420 2163.8
1249430 2168.4
1249440 2168.4
1249450 2172.6
1249460 2176.8
1249470 2176.8
1249480 2181.0
1249490 2186.1
1249500 2186.1
1249510 2190.5
1249520 2195.9
1249530 2195.9
1249540 2202.7
1249550 2209.2
1249560 2216.5
1249570 2216.5
1249580 2224.2
1249590 2233.0
1249600 2233.0
1249610 2242.1
1249620 2251.4
1249630 2251.4
1249640 2261.8
1249650 2272.3
1249660 2272.3
1249670 2282.8
1249680 2291.6
1249690 2291.6
1249700 2300.7
1249710 2309.7
1249720 2309.7
1249730 2314.9
1249740 2315.7
1249750 2315.7
1249760 2318.8
1249770 2320.4
1249780 2320.4
1249790 2321.0
1249800 2322.2
1249810 2323.0
1249820 2323.0
1249830 2325.1
1249840 2329.2
1249850 2329.2
1249860 2333.0
1249870 2335.7
1249880 2335.7
1249890 2339.3
1249900 2344.9
1249910 2344.9
1249920 2351.2
1249930 2357.4
1249940 2357.4
1249950 2363.3
1249960 2370.7
1249970 2370.7
1249980 2380.0
1249990 2390.1
1250000 2390.1
1250010 2399.3
1250020 2407.5
1250030 2411.8
1250040 2411.8
1250050 2414.3
1250060 2416.2
1250070 2416.2
1250080 2416.3
1250090 2416.7
1250100 2416.7
1250110 2417.3
1250120 2419.4
1250130 2419.4
1250140 2422.1
1250150 2423.1
1250160 2423.1
1250170 2422.3
1250180 2429.3
1250190 2429.3
1250200 2430.9
1250210 2431.8
1250220 2431.8
1250230 2433.7
1250240 2434.7
1250250 2434.7
1250260 2434.4
1250270 2436.2
1250280 2440.1
1250290 2440.1
1250300 2445.9
1250310 2452.7
1250320 2452.7
1250330 2459.5
1250340 2467.0
1250350 2467.0
1250360 2474.5
1250370 2483.2
1250380 2483.2
1250390 2496.4
1250400 2507.9
1250410 2507.9
1250420 2518.3
1250430 2531.7
1250440 2531.7
1250450 2543.8
1250460 2555.4
1250470 2555.4
1250480 2566.9
1250490 2574.8
1250500 2575.3
1250510 2575.3
1250520 2574.1
1250530 2575.4
1250540 2575.4
1250550 2575.1
1250560 2575.1
1250570 2575.1
1250580 2573.9
1250590 2571.1
1250600 2571.1
1250610 2568.2
1250620 2566.7
1250630 2566.7
1250640 2566.7
1250650 2567.4
1250660 2567.4
1250670 2565.0
1250680 2559.3
1250690 2559.3
1250700 2552.8
1250710 2548.3
1250720 2545.7
1250730 2542.8
1250740 2539.8
1250750 2536.1
1250760 2536.1
1250770 2532.4
1250780 2528.5
1250790 2528.5
1250800 2522.6
1250810 2516.8
1250820 2516.8
1250830 2512.4
1250840 2509.4
1250850 2509.4
1250860 2506.0
1250870 2502.6
1250880 2502.6
1250890 2498.6
1250900 2495.0
1250910 2495.0
1250920 2491.0
1250930 2487.4
1250940 2487.4
1250950 2483.9
1250960 2480.3
1250970 2477.7
1250980 2477.7
1250990 2475.3
1251000 2470.9
1251010 2470.9
1251020 2465.3
1251030 2459.7
1251040 2459.7
1251050 2453.2
1251060 2446.7
1251070 2446.7
1251080 2439.4
1251090 2432.0
1251100 2432.0
1251110 2424.7
1251120 2417.4
1251130 2417.4
1251140 2410.3
1251150 2402.9
1251160 2402.9
1251170 2394.5
1251180 2385.6
1251190 2385.6
1251200 2375.8
1251210 2368.8
1251220 2362.4
1251230 2362.4
1251240 2354.1
1251250 2345.9
1251260 2345.9
1251270 2332.1
1251280 2322.2
1251290 2322.2
1251300 2314.6
1251310 2307.7
1251320 2307.7
1251330 2299.4
1251340 2290.8
1251350 2290.8
1251360 2281.3
1251370 2272.5
1251380 2272.5
1251390 2263.4
1251400 2255.0
1251410 2255.0
1251420 2246.6
1251430 2239.3
1251440 2233.7
1251450 2233.7
1251460 2227.5
1251470 2221.6
1251480 2221.6
1251490 2216.4
1251500 2211.7
1251510 2211.7
1251520 2207.1
1251530 2201.6
1251540 2201.6
1251550 2196.1
1251560 2192.2
1251570 2192.2
1251580 2187.5
1251590 2182.4
1251600 2182.4
1251610 2177.5
1251620 2172.6
1251630 2172.6
1251640 2167.5
1251650 2162.2
1251660 2162.2
1251670 2157.4
1251680 2152.2
1251690 2146.4
1251700 2146.4
1251710 2140.7
1251720 2134.9
1251730 2134.9
1251740 2128.6
1251750 2122.5
1251760 2122.5
1251770 2116.6
1251780 2111.3
1251790 2111.3
1251800 2106.5
1251810 2099.1
1251820 2099.1
1251830 2093.6
1251840 2087.8
1251850 2087.8
1251860 2082.2
1251870 2076.7
1251880 2076.7
1251890 2071.1
1251900 2065.7
1251910 2060.4
1251920 2060.4
1251930 2055.4
1251940 2051.1
1251950 2051.1
1251960 2047.1
1251970 2043.1
1251980 2043.1
1251990 2039.0
1252000 2035.6
1252010 2035.6
1252020 2032.8
1252030 2031.6
1252040 2031.6
1252050 2030.9
1252060 2031.1
1252070 2031.1
1252080 2032.1
1252090 2032.8
1252100 2032.8
1252110 2034.0
1252120 2035.4
1252130 2035.4
1252140 2036.4
1252150 2037.5
1252160 2037.9
1252170 2037.9
1252180 2037.0
1252190 2036.0
1252200 2036.0
1252210 2036.2
1252220 2037.0
1252230 2037.0
1252240 2038.2
1252250 2039.0
1252260 2039.0
1252270 2039.6
1252280 2038.8
1252290 2038.8
1252300 2037.9
1252310 2039.6
1252320 2039.6
1252330 2042.8
1252340 2047.5
1252350 2047.5
1252360 2052.3
1252370 2057.7
1252380 2063.4
1252390 2063.4
1252400 2068.9
1252410 2074.1
1252420 2074.1
1252430 2079.4
1252440 2084.3
1252450 2084.3
1252460 2088.8
1252470 2094.0
1252480 2094.0
1252490 2098.7
1252500 2102.6
1252510 2102.6
1252520 2106.1
1252530 2110.1
1252540 2110.1
1252550 2114.2
1252560 2119.2
1252570 2119.2
1252580 2124.6
1252590 2130.2
1252600 2136.6
1252610 2136.6
1252620 2143.1
1252630 2149.6
1252640 2149.6
1252650 2156.0
1252660 2163.3
1252670 2163.3
1252680 2176.4
1252690 2185.8
1252700 2185.8
1252710 2200.4
1252720 2211.4
1252730 2211.4
1252740 2219.7
1252750 2225.1
1252760 2225.1
1252770 2227.5
1252780 2231.5
1252790 2231.5
1252800 2239.7
1252810 2252.6
1252820 2252.6
1252830 2259.1
1252840 2259.2
1252850 2258.6
1252860 2258.6
1252870 2259.3
1252880 2258.5
1252890 2258.5
1252900 2272.0
1252910 2268.4
1252920 2268.4
1252930 2272.0
1252940 2284.1
1252950 2284.1
1252960 2294.3
1252970 2302.0
1252980 2302.0
1252990 2310.6
1253000 2318.5
1253010 2318.5
1253020 2324.6
1253030 2327.5
1253040 2327.5
1253050 2332.3
1253060 2339.4
1253070 2349.5
1253080 2349.5
1253090 2359.7
1253100 2371.1
1253110 2371.1
1253120 2381.1
1253130 2390.1
1253140 2390.1
1253150 2396.9
1253160 2398.5
1253170 2398.5
1253180 2397.5
1253190 2395.1
1253200 2395.1
1253210 2393.3
1253220 2392.8
1253230 2392.8
1253240 2391.7
1253250 2391.3
1253260 2391.3
1253270 2390.6
1253280 2389.7
1253290 2389.7
1253300 2390.8
1253310 2395.1
1253320 2400.2
1253330 2400.2
1253340 2404.5
1253350 2407.3
1253360 2407.3
1253370 2410.1
1253380 2413.2
1253390 2413.2
1253400 2415.6
1253410 2418.1
1253420 2418.1
1253430 2419.5
1253440 2420.7
1253450 2424.6
1253460 2425.4
1253470 2426.6
1253480 2426.6
1253490 2428.8
1253500 2433.8
1253510 2433.8
1253520 2436.5
1253530 2438.0
1253540 2438.0
1253550 2438.0
1253560 2436.4
1253570 2435.9
1253580 2435.9
1253590 2437.6
1253600 2440.7
1253610 2440.7
1253620 2443.7
1253630 2446.0
1253640 2446.0
1253650 2449.2
1253660 2452.2
1253670 2452.2
1253680 2453.4
1253690 2453.1
1253700 2453.1
1253710 2450.6
1253720 2449.0
1253730 2449.0
1253740 2448.9
1253750 2445.4
1253760 2445.4
1253770 2438.5
1253780 2431.4
1253790 2429.2
1253800 2429.2
1253810 2430.6
1253820 2430.5
1253830 2430.5
1253840 2425.7
1253850 2422.5
1253860 2422.5
1253870 2421.4
1253880 2419.1
1253890 2419.1
1253900 2417.3
1253910 2415.2
1253920 2415.2
1253930 2412.8
1253940 2411.0
1253950 2411.0
1253960 2408.8
1253970 2406.1
1253980 2406.1
1253990 2404.5
1254000 2410.0
1254010 2408.7
1254020 2408.7
1254030 2407.4
1254040 2406.3
1254050 2406.3
1254060 2404.7
1254070 2402.8
1254080 2402.8
1254090 2401.3
1254100 2401.3
1254110 2401.3
1254120 2402.1
1254130 2402.5
1254140 2402.5
1254150 2404.6
1254160 2405.6
1254170 2405.6
1254180 2406.4
1254190 2408.8
1254200 2408.8
1254210 2412.1
1254220 2417.6
1254230 2417.6
1254240 2423.4
1254250 2429.3
1254260 2435.0
1254270 2435.0
1254280 2440.6
1254290 2446.1
1254300 2446.1
1254310 2451.9
1254320 2457.9
1254330 2457.9
1254340 2463.9
1254350 2469.8
1254360 2469.8
1254370 2475.6
1254380 2481.4
1254390 2481.4
1254400 2487.3
1254410 2493.1
1254420 2493.1
1254430 2498.7
1254440 2504.1
1254450 2504.1
1254460 2509.4
1254470 2514.8
1254480 2520.1
1254490 2520.1
1254500 2525.8
1254510 2531.8
1254520 2531.8
1254530 2537.8
1254540 2543.4
1254550 2547.5
1254560 2553.2
1254570 2558.1
1254580 2558.1
1254590 2563.2
1254600 2568.4
1254610 2568.4
1254620 2574.0
1254630 2579.9
1254640 2579.9
1254650 2585.8
1254660 2591.8
1254670 2591.8
1254680 2598.2
1254690 2604.9
1254700 2604.9
1254710 2612.1
1254720 2619.6
1254730 2627.1
1254740 2627.1
1254750 2635.3
1254760 2643.8
1254770 2643.8
1254780 2652.0
1254790 2660.9
1254800 2660.9
1254810 2673.0
1254820 2680.3
1254830 2680.3
1254840 2688.3
1254850 2686.9
1254860 2686.9
1254870 2681.8
1254880 2682.9
1254890 2682.9
1254900 2685.0
1254910 2679.8
1254920 2679.8
1254930 2660.7
1254940 2647.4
1254950 2640.3
1254960 2640.3
1254970 2636.1
1254980 2634.1
1254990 2634.1
1255000 2630.7
1255010 2634.1
1255020 2634.1
1255030 2636.0
1255040 2632.0
1255050 2632.0
1255060 2626.7
1255070 2621.4
1255080 2621.4
1255090 2620.5
1255100 2615.5
1255110 2630.0
1255120 2633.2
1255130 2634.9
1255140 2634.9
1255150 2633.2
1255160 2630.7
1255170 2630.7
1255180 2634.2
1255190 2634.3
1255200 2631.1
1255210 2631.1
1255220 2628.9
1255230 2625.7
1255240 2625.7
1255250 2619.8
1255260 2615.0
1255270 2615.0
1255280 2608.2
1255290 2599.7
1255300 2599.7
1255310 2589.4
1255320 2582.8
1255330 2582.8
1255340 2573.8
1255350 2566.6
1255360 2566.6
1255370 2564.2
1255380 2563.6
1255390 2563.6
1255400 2562.0
1255410 2560.1
1255420 2558.5
1255430 2558.5
1255440 2554.9
1255450 2549.9
1255460 2549.9
1255470 2543.5
1255480 2536.3
1255490 2536.3
1255500 2532.8
1255510 2531.0
1255520 2531.0
1255530 2527.9
1255540 2521.4
1255550 2521.4
1255560 2516.8
1255570 2511.5
1255580 2511.5
1255590 2508.7
1255600 2504.7
1255610 2504.7
1255620 2493.4
1255630 2480.7
1255640 2480.7
1255650 2476.9
1255660 2474.1
1255670 2471.9
1255680 2471.9
1255690 2462.7
1255700 2455.8
1255710 2455.8
1255720 2446.5
1255730 2448.7
1255740 2448.7
1255750 2458.8
1255760 2445.4
1255770 2445.4
1255780 2431.8
1255790 2440.2
1255800 2440.2
1255810 2442.3
1255820 2442.3
1255830 2442.3
1255840 2431.1
1255850 2423.0
1255860 2423.0
1255870 2416.0
1255880 2409.8
1255890 2399.2
1255900 2399.2
1255910 2387.3
1255920 2372.7
1255930 2372.7
1255940 2362.4
1255950 2350.9
1255960 2350.9
1255970 2303.7
1255980 2271.2
1255990 2271.2
1256000 2250.8
1256010 2223.4
1256020 2223.4
1256030 2196.3
1256040 2164.4
1256050 2164.4
1256060 2130.1
1256070 2105.2
1256080 2105.2
1256090 2060.0
1256100 2025.0
1256110 2025.0
1256120 2017.8
1256130 2011.4
1256140 2005.0
1256150 2005.0
1256160 1998.9
1256170 1993.8
1256180 1993.8
1256190 1989.2
1256200 1984.4
1256210 1984.4
1256220 1980.7
1256230 1976.7
1256240 1976.7
1256250 1973.4
1256260 1970.2
1256270 1970.2
1256280 1967.2
1256290 1964.0
1256300 1964.0
1256310 1959.9
1256320 1955.7
1256330 1955.7
1256340 1951.5
1256350 1947.3
1256360 1943.2
1256370 1943.2
1256380 1939.7
1256390 1936.2
1256400 1936.2
1256410 1932.8
1256420 1929.6
1256430 1929.6
1256440 1926.0
1256450 1921.6
1256460 1921.6
1256470 1917.2
1256480 1913.4
1256490 1913.4
1256500 1909.4
1256510 1906.4
1256520 1906.4
1256530 1903.2
1256540 1899.1
1256550 1899.1
1256560 1895.3
1256570 1891.2
1256580 1891.2
1256590 1888.2
1256600 1884.9
1256610 1882.6
1256620 1882.6
1256630 1879.6
1256640 1876.9
1256650 1876.9
1256660 1872.0
1256670 1867.6
1256680 1867.6
1256690 1863.7
1256700 1859.6
1256710 1859.6
1256720 1856.7
1256730 1853.2
1256740 1853.2
1256750 1851.3
1256760 1850.1
1256770 1850.0
1256780 1847.7
1256790 1846.3
1256800 1846.3
1256810 1844.4
1256820 1842.1
1256830 1840.3
1256840 1840.3
1256850 1838.9
1256860 1837.3
1256870 1837.3
1256880 1837.7
1256890 1835.5
1256900 1835.5
1256910 1833.6
1256920 1833.1
1256930 1833.1
1256940 1830.3
1256950 1827.9
1256960 1827.9
1256970 1827.3
1256980 1825.9
1256990 1825.9
1257000 1824.2
1257010 1823.1
1257020 1823.1
1257030 1822.2
1257040 1823.0
1257050 1823.0
1257060 1826.4
1257070 1830.0
1257080 1834.1
1257090 1834.1
1257100 1838.9
1257110 1843.1
1257120 1843.1
1257130 1846.6
1257140 1849.4
1257150 1849.4
1257160 1850.6
1257170 1849.5
1257180 1849.5
1257190 1848.1
1257200 1847.0
1257210 1847.0
1257220 1848.1
1257230 1850.2
1257240 1850.2
1257250 1852.2
1257260 1854.3
1257270 1854.3
1257280 1855.7
1257290 1855.8
1257300 1856.3
1257310 1856.3
1257320 1856.7
1257330 1862.6
1257340 1862.6
1257350 1862.9
1257360 1862.4
1257370 1862.4
1257380 1861.8
1257390 1862.8
1257400 1862.8
1257410 1863.8
1257420 1864.5
1257430 1864.5
1257440 1864.6
1257450 1862.6
1257460 1862.6
1257470 1862.0
1257480 1864.0
1257490 1864.0
1257500 1867.4
1257510 1871.7
1257520 1871.7
1257530 1878.4
1257540 1884.9
1257550 1889.6
1257560 1889.6
1257570 1891.6
1257580 1890.3
1257590 1890.3
1257600 1888.3
1257610 1887.2
1257620 1887.2
1257630 1892.6
1257640 1898.2
1257650 1898.2
1257660 1901.5
1257670 1904.6
1257680 1904.6
1257690 1909.5
1257700 1913.1
1257710 1913.1
1257720 1912.8
1257730 1911.8
1257740 1911.8
1257750 1911.0
1257760 1910.5
1257770 1909.6
1257780 1909.6
1257790 1907.7
1257800 1907.6
1257810 1907.6
1257820 1908.7
1257830 1910.5
1257840 1910.5
1257850 1912.1
1257860 1911.5
1257870 1911.5
1257880 1912.3
1257890 1914.6
1257900 1914.6
1257910 1914.4
1257920 1914.3
1257930 1914.3
1257940 1915.9
1257950 1919.3
1257960 1919.3
1257970 1920.2
1257980 1921.3
1257990 1921.3
1258000 1923.6
1258010 1925.9
1258020 1928.4
1258030 1928.4
1258040 1930.6
1258050 1933.2
1258060 1933.2
1258070 1935.4
1258080 1936.3
1258090 1936.3
1258100 1939.2
1258110 1941.3
1258120 1941.3
1258130 1941.2
1258140 1938.5
1258150 1938.5
1258160 1937.2
1258170 1939.1
1258180 1939.1
1258190 1942.5
1258200 1946.3
1258210 1946.3
1258220 1951.5
1258230 1957.5
1258240 1962.1
1258250 1962.1
1258260 1966.0
1258270 1969.9
1258280 1969.9
1258290 1973.2
1258300 1976.1
1258310 1976.1
1258320 1979.1
1258330 1981.5
1258340 1981.5
1258350 1984.3
1258360 1986.5
1258370 1986.5
1258380 1989.0
1258390 1995.6
1258400 1995.6
1258410 2003.1
1258420 2009.5
1258430 2009.5
1258440 2014.5
1258450 2019.6
1258460 2019.6
1258470 2024.9
1258480 2030.0
1258490 2035.1
1258500 2035.1
1258510 2039.8
1258520 2043.6
1258530 2043.6
1258540 2047.9
1258550 2052.9
1258560 2052.9
1258570 2057.6
1258580 2063.5
1258590 2063.5
1258600 2070.1
1258610 2076.0
1258620 2076.0
1258630 2081.8
1258640 2086.0
1258650 2086.0
1258660 2091.8
1258670 2098.4
1258680 2098.4
1258690 2105.5
1258700 2112.1
1258710 2114.7
1258720 2114.7
1258730 2113.8
1258740 2119.4
1258750 2119.4
1258760 2127.5
1258770 2128.9
1258780 2128.9
1258790 2124.6
1258800 2118.7
1258810 2118.7
1258820 2111.0
1258830 2103.8
1258840 2103.8
1258850 2097.2
1258860 2090.9
1258870 2090.9
1258880 2084.4
1258890 2077.9
1258900 2077.9
1258910 2071.6
1258920 2065.1
1258930 2058.8
1258940 2058.8
1258950 2052.5
1258960 2046.4
1258970 2046.4
1258980 2041.0
1258990 2036.0
1259000 2036.0
1259010 2031.9
1259020 2021.9
1259030 2021.9
1259040 2018.0
1259050 2014.1
1259060 2014.1
1259070 2009.4
1259080 2004.1
1259090 2004.1
1259100 1998.1
1259110 1992.3
1259120 1992.3
1259130 1986.3
1259140 1979.1
1259150 1979.1
1259160 1971.7
1259170 1964.4
1259180 1959.6
1259190 1959.6
1259200 1956.3
1259210 1952.0
1259220 1952.0
1259230 1950.1
1259240 1949.4
1259250 1949.4
1259260 1946.8
1259270 1942.5
1259280 1942.5
1259290 1937.4
1259300 1931.0
1259310 1931.0
1259320 1923.8
1259330 1917.1
1259340 1917.1
1259350 1910.7
1259360 1904.5
1259370 1904.5
1259380 1899.1
1259390 1894.1
1259400 1888.8
1259410 1888.8
1259420 1882.8
1259430 1877.1
1259440 1877.1
1259450 1871.2
1259460 1865.4
1259470 1865.4
1259480 1859.4
1259490 1852.6
1259500 1852.6
1259510 1846.2
1259520 1840.1
1259530 1840.1
1259540 1834.2
1259550 1827.9
1259560 1827.9
1259570 1823.0
1259580 1813.9
1259590 1813.9
1259600 1811.7
1259610 1810.9
1259620 1810.9
1259630 1809.1
1259640 1806.5
1259650 1801.7
1259660 1801.7
1259670 1796.5
1259680 1793.1
1259690 1793.1
1259700 1790.6
1259710 1787.1
1259720 1787.1
1259730 1782.1
1259740 1776.2
1259750 1776.2
1259760 1768.2
1259770 1758.7
1259780 1758.7
1259790 1750.8
1259800 1743.8
1259810 1743.8
1259820 1738.7
1259830 1736.9
1259840 1736.9
1259850 1735.9
1259860 1734.8
1259870 1731.8
1259880 1731.8
1259890 1728.6
1259900 1725.2
1259910 1725.2
1259920 1720.6
1259930 1714.2
1259940 1714.2
1259950 1708.5
1259960 1703.5
1259970 1703.5
1259980 1699.6
1259990 1696.3
