1240000 1661.7
1240010 1661.7
1240020 1665.4
1240030 1669.0
1240040 1669.0
1240050 1673.4
1240060 1677.9
1240070 1677.6
1240080 1682.2
1240090 1686.6
1240100 1686.6
1240110 1691.7
1240120 1697.3
1240130 1697.3
1240140 1702.2
1240150 1707.6
1240160 1707.6
1240170 1712.2
1240180 1718.3
1240190 1718.3
1240200 1723.8
1240210 1728.3
1240220 1733.1
1240230 1733.1
1240240 1737.6
1240250 1742.4
1240260 1742.4
1240270 1746.7
1240280 1750.6
1240290 1750.6
1240300 1755.9
1240310 1763.1
1240320 1763.1
1240330 1770.1
1240340 1775.7
1240350 1775.7
1240360 1781.1
1240370 1785.6
1240380 1785.6
1240390 1790.6
1240400 1794.8
1240410 1794.8
1240420 1797.7
1240430 1801.6
1240440 1807.0
1240450 1807.0
1240460 1811.7
1240470 1814.0
1240480 1814.0
1240490 1814.6
1240500 1817.5
1240510 1817.5
1240520 1822.2
1240530 1827.7
1240540 1827.7
1240550 1833.9
1240560 1838.1
1240570 1838.1
1240580 1841.1
1240590 1842.8
1240600 1842.8
1240610 1844.8
1240620 1847.9
1240630 1847.9
1240640 1851.9
1240650 1857.0
1240660 1857.0
1240670 1860.1
1240680 1864.3
1240690 1870.5
1240700 1870.5
1240710 1874.5
1240720 1877.0
1240730 1877.0
1240740 1880.1
1240750 1883.9
1240760 1883.9
1240770 1889.3
1240780 1896.4
1240790 1896.4
1240800 1902.4
1240810 1906.5
1240820 1906.5
1240830 1910.2
1240840 1914.5
1240850 1914.5
1240860 1918.6
1240870 1922.4
1240880 1922.4
1240890 1925.7
1240900 1928.9
1240910 1933.4
1240920 1933.4
1240930 1937.6
1240940 1942.4
1240950 1942.4
1240960 1946.4
1240970 1950.4
1240980 1950.4
1240990 1955.3
1241000 1959.4
1241010 1959.4
1241020 1966.2
1241030 1973.2
1241040 1973.2
1241050 1978.6
1241060 1984.5
1241070 1984.5
1241080 1989.5
1241090 1994.9
1241100 1994.9
1241110 1998.0
1241120 2003.6
1241130 2003.6
1241140 2009.7
1241150 2015.6
1241160 2022.1
1241170 2022.1
1241180 2028.4
1241190 2034.6
1241200 2034.6
1241210 2040.8
1241220 2046.3
1241230 2046.3
1241240 2051.6
1241250 2056.7
1241260 2056.7
1241270 2061.5
1241280 2066.6
1241290 2066.6
1241300 2071.7
1241310 2076.7
1241320 2076.7
1241330 2081.3
1241340 2085.7
1241350 2085.7
1241360 2090.0
1241370 2094.7
1241380 2099.4
1241390 2099.4
1241400 2103.4
1241410 2107.4
1241420 2107.4
1241430 2110.8
1241440 2113.7
1241450 2113.7
1241460 2116.5
1241470 2118.9
1241480 2118.9
1241490 2121.8
1241500 2125.7
1241510 2125.7
1241520 2131.6
1241530 2138.7
1241540 2138.7
1241550 2145.6
1241560 2153.1
1241570 2153.1
1241580 2161.1
1241590 2169.2
1241600 2169.2
1241610 2176.7
1241620 2183.6
1241630 2191.3
1241640 2193.3
1241650 2200.5
1241660 2207.2
1241670 2207.2
1241680 2212.4
1241690 2218.4
1241700 2218.4
1241710 2224.7
1241720 2229.3
1241730 2229.3
1241740 2234.5
1241750 2240.7
1241760 2240.7
1241770 2247.6
1241780 2255.0
1241790 2255.0
1241800 2262.0
1241810 2269.1
1241820 2269.1
1241830 2276.7
1241840 2285.7
1241850 2294.5
1241860 2294.5
1241870 2303.4
1241880 2311.7
1241890 2311.7
1241900 2319.2
1241910 2326.7
1241920 2326.7
1241930 2334.1
1241940 2343.1
1241950 2343.1
1241960 2351.5
1241970 2357.1
1241980 2357.1
1241990 2362.9
1242000 2367.0
1242010 2367.0
1242020 2369.8
1242030 2374.5
1242040 2374.5
1242050 2380.6
1242060 2388.9
1242070 2388.9
1242080 2397.9
1242090 2404.3
1242100 2409.4
1242110 2409.4
1242120 2412.8
1242130 2416.6
1242140 2416.6
1242150 2420.8
1242160 2426.0
1242170 2426.0
1242180 2431.1
1242190 2437.7
1242200 2437.7
1242210 2444.6
1242220 2450.8
1242230 2450.8
1242240 2456.2
1242250 2459.7
1242260 2459.7
1242270 2462.1
1242280 2464.1
1242290 2464.1
1242300 2467.5
1242310 2471.7
1242320 2476.0
1242330 2476.0
1242340 2480.3
1242350 2484.8
1242360 2484.8
1242370 2489.5
1242380 2494.3
1242390 2494.3
1242400 2499.0
1242410 2503.0
1242420 2503.0
1242430 2507.8
1242440 2513.0
1242450 2513.0
1242460 2517.5
1242470 2521.9
1242480 2521.9
1242490 2526.5
1242500 2531.1
1242510 2531.1
1242520 2536.2
1242530 2540.8
1242540 2540.8
1242550 2545.3
1242560 2549.6
1242570 2554.4
1242580 2554.4
1242590 2559.7
1242600 2564.8
1242610 2564.8
1242620 2568.9
1242630 2573.1
1242640 2573.1
1242650 2577.7
1242660 2582.2
1242670 2582.2
1242680 2586.3
1242690 2591.5
1242700 2591.5
1242710 2597.2
1242720 2602.1
1242730 2602.1
1242740 2606.7
1242750 2610.8
1242760 2610.8
1242770 2614.8
1242780 2618.7
1242790 2622.5
1242800 2622.5
1242810 2626.5
1242820 2631.1
1242830 2631.1
1242840 2635.9
1242850 2641.0
1242860 2641.0
1242870 2645.8
1242880 2649.2
1242890 2649.2
1242900 2652.8
1242910 2656.9
1242920 2656.9
1242930 2661.2
1242940 2665.8
1242950 2665.8
1242960 2671.2
1242970 2676.6
1242980 2676.6
1242990 2681.8
1243000 2687.0
1243010 2687.0
1243020 2691.6
1243030 2695.2
1243040 2699.6
1243050 2699.6
1243060 2704.3
1243070 2708.8
1243080 2708.8
1243090 2713.4
1243100 2717.8
1243110 2717.8
1243120 2721.7
1243130 2724.6
1243140 2724.6
1243150 2725.9
1243160 2727.0
1243170 2727.0
1243180 2729.0
1243190 2730.6
1243200 2730.6
1243210 2736.3
1243220 2737.9
1243230 2737.9
1243240 2740.0
1243250 2742.7
1243260 2745.9
1243270 2745.9
1243280 2748.7
1243290 2752.2
1243300 2752.2
1243310 2757.3
1243320 2764.0
1243330 2764.0
1243340 2768.2
1243350 2766.1
1243360 2766.1
1243370 2758.6
1243380 2750.5
1243390 2750.5
1243400 2742.6
1243410 2734.5
1243420 2734.5
1243430 2726.9
1243440 2719.1
1243450 2719.1
1243460 2709.9
1243470 2703.1
1243480 2703.1
1243490 2698.4
1243500 2692.9
1243510 2688.3
1243520 2688.3
1243530 2685.4
1243540 2681.4
1243550 2681.4
1243560 2678.2
1243570 2674.1
1243580 2674.1
1243590 2669.0
1243600 2666.6
1243610 2666.6
1243620 2666.1
1243630 2665.7
1243640 2665.7
1243650 2664.9
1243660 2662.7
1243670 2662.7
1243680 2660.5
1243690 2657.9
1243700 2657.9
1243710 2654.3
1243720 2651.0
1243730 2648.7
1243740 2651.4
1243750 2645.6
1243760 2641.5
1243770 2641.5
1243780 2638.6
1243790 2636.2
1243800 2636.2
1243810 2633.4
1243820 2630.7
1243830 2630.7
1243840 2628.4
1243850 2627.4
1243860 2627.4
1243870 2627.5
1243880 2628.2
1243890 2628.2
1243900 2628.3
1243910 2628.6
1243920 2628.6
1243930 2628.8
1243940 2628.7
1243950 2628.7
1243960 2624.6
1243970 2617.0
1243980 2609.8
1243990 2609.8
1244000 2603.8
1244010 2599.0
1244020 2599.0
1244030 2594.8
1244040 2590.4
1244050 2590.4
1244060 2585.9
1244070 2581.3
1244080 2581.3
1244090 2576.2
1244100 2571.4
1244110 2571.4
1244120 2567.4
1244130 2564.2
1244140 2564.2
1244150 2561.2
1244160 2558.3
1244170 2558.3
1244180 2554.7
1244190 2550.7
1244200 2547.2
1244210 2547.2
1244220 2544.3
1244230 2542.1
1244240 2542.1
1244250 2541.2
1244260 2540.9
1244270 2540.9
1244280 2539.5
1244290 2538.6
1244300 2538.6
1244310 2537.8
1244320 2535.8
1244330 2535.8
1244340 2534.0
1244350 2532.1
1244360 2532.1
1244370 2530.2
1244380 2528.6
1244390 2528.6
1244400 2527.9
1244410 2528.2
1244420 2528.2
1244430 2527.2
1244440 2525.9
1244450 2525.0
1244460 2525.0
1244470 2524.6
1244480 2526.0
1244490 2526.0
1244500 2527.7
1244510 2525.5
1244520 2525.5
1244530 2520.1
1244540 2514.0
1244550 2514.0
1244560 2508.9
1244570 2505.3
1244580 2505.3
1244590 2501.0
1244600 2497.9
1244610 2497.9
1244620 2495.1
1244630 2491.9
1244640 2491.9
1244650 2487.4
1244660 2482.4
1244670 2477.0
1244680 2477.0
1244690 2472.4
1244700 2469.0
1244710 2469.0
1244720 2465.7
1244730 2463.4
1244740 2463.4
1244750 2463.1
1244760 2463.2
1244770 2463.2
1244780 2462.8
1244790 2457.1
1244800 2457.1
1244810 2454.1
1244820 2450.6
1244830 2450.6
1244840 2447.2
1244850 2444.7
1244860 2444.7
1244870 2443.2
1244880 2442.8
1244890 2442.8
1244900 2442.5
1244910 2442.3
1244920 2441.5
1244930 2441.5
1244940 2440.1
1244950 2439.9
1244960 2439.9
1244970 2440.9
1244980 2439.7
1244990 2439.7
1245000 2437.7
1245010 2435.6
1245020 2435.6
1245030 2433.7
1245040 2431.2
1245050 2431.2
1245060 2428.9
1245070 2425.5
1245080 2425.5
1245090 2423.4
1245100 2421.3
1245110 2421.3
1245120 2418.4
1245130 2416.9
1245140 2417.4
1245150 2417.4
1245160 2416.3
1245170 2415.7
1245180 2415.7
1245190 2413.7
1245200 2411.9
1245210 2411.9
1245220 2410.4
1245230 2409.1
1245240 2409.1
1245250 2408.0
1245260 2407.6
1245270 2407.6
1245280 2407.1
1245290 2406.1
1245300 2406.1
1245310 2405.4
1245320 2403.1
1245330 2403.1
1245340 2402.1
1245350 2401.1
1245360 2401.1
1245370 2400.4
1245380 2400.2
1245390 2399.2
1245400 2399.2
1245410 2397.4
1245420 2396.8
1245430 2396.8
1245440 2396.7
1245450 2396.9
1245460 2396.9
1245470 2397.9
1245480 2398.8
1245490 2398.8
1245500 2399.3
1245510 2400.7
1245520 2400.7
1245530 2402.4
1245540 2402.5
1245550 2402.5
1245560 2400.8
1245570 2397.5
1245580 2397.5
1245590 2393.0
1245600 2386.4
1245610 2378.3
1245620 2378.3
1245630 2367.6
1245640 2357.8
1245650 2357.8
1245660 2352.9
1245670 2348.2
1245680 2348.2
1245690 2341.3
1245700 2335.6
1245710 2335.6
1245720 2331.7
1245730 2328.6
1245740 2328.6
1245750 2327.1
1245760 2327.7
1245770 2327.7
1245780 2327.4
1245790 2327.1
1245800 2327.1
1245810 2327.0
1245820 2325.6
1245830 2325.6
1245840 2324.1
1245850 2326.1
1245860 2325.1
1245870 2325.1
1245880 2323.8
1245890 2323.1
1245900 2323.1
1245910 2324.2
1245920 2324.6
1245930 2324.6
1245940 2323.7
1245950 2322.4
1245960 2322.4
1245970 2321.3
1245980 2321.3
1245990 2321.3
1246000 2321.5
1246010 2321.9
1246020 2321.9
1246030 2322.5
1246040 2322.0
1246050 2322.0
1246060 2322.1
1246070 2322.5
1246080 2321.9
1246090 2321.9
1246100 2320.8
1246110 2319.6
1246120 2319.6
1246130 2319.0
1246140 2316.7
1246150 2316.7
1246160 2316.2
1246170 2315.4
1246180 2315.4
1246190 2314.6
1246200 2313.9
1246210 2313.9
1246220 2311.3
1246230 2308.5
1246240 2308.5
1246250 2305.9
1246260 2302.0
1246270 2302.0
1246280 2297.8
1246290 2293.9
1246300 2293.9
1246310 2291.1
1246320 2287.8
1246330 2282.2
1246340 2282.2
1246350 2275.4
1246360 2268.2
1246370 2268.2
1246380 2261.2
1246390 2255.5
1246400 2255.5
1246410 2249.2
1246420 2244.9
1246430 2244.9
1246440 2242.4
1246450 2239.4
1246460 2239.4
1246470 2236.4
1246480 2233.6
1246490 2233.6
1246500 2230.7
1246510 2228.6
1246520 2228.6
1246530 2227.0
1246540 2225.5
1246550 2224.4
1246560 2224.4
1246570 2223.2
1246580 2221.3
1246590 2221.3
1246600 2219.1
1246610 2217.3
1246620 2217.3
1246630 2216.0
1246640 2214.3
1246650 2214.3
1246660 2211.4
1246670 2206.1
1246680 2206.1
1246690 2200.7
1246700 2196.3
1246710 2196.3
1246720 2194.4
1246730 2193.1
1246740 2193.1
1246750 2191.4
1246760 2189.8
1246770 2189.8
1246780 2188.1
1246790 2186.4
1246800 2184.0
1246810 2184.0
1246820 2182.5
1246830 2181.7
1246840 2181.7
1246850 2181.6
1246860 2181.8
1246870 2181.8
1246880 2183.1
1246890 2186.4
1246900 2186.4
1246910 2188.9
1246920 2191.0
1246930 2191.0
1246940 2191.6
1246950 2191.0
1246960 2191.0
1246970 2189.7
1246980 2187.9
1246990 2187.9
1247000 2185.8
1247010 2183.7
1247020 2181.6
1247030 2181.6
1247040 2179.5
1247050 2178.0
1247060 2178.0
1247070 2177.6
1247080 2178.1
1247090 2178.1
1247100 2177.8
1247110 2174.3
1247120 2174.3
1247130 2168.7
1247140 2165.7
1247150 2165.7
1247160 2166.0
1247170 2166.0
1247180 2166.0
1247190 2165.1
1247200 2164.8
1247210 2164.8
1247220 2165.7
1247230 2164.1
1247240 2164.1
1247250 2157.7
1247260 2149.6
1247270 2141.9
1247280 2141.9
1247290 2134.5
1247300 2125.3
1247310 2125.3
1247320 2114.8
1247330 2106.1
1247340 2106.1
1247350 2100.2
1247360 2094.4
1247370 2094.4
1247380 2087.3
1247390 2080.8
1247400 2080.8
1247410 2075.1
1247420 2069.8
1247430 2069.8
1247440 2067.0
1247450 2068.6
1247460 2068.6
1247470 2066.2
1247480 2062.7
1247490 2057.8
1247500 2057.8
1247510 2053.2
1247520 2048.4
1247530 2048.4
1247540 2045.2
1247550 2041.3
1247560 2041.3
1247570 2037.2
1247580 2034.0
1247590 2034.0
1247600 2030.5
1247610 2024.9
1247620 2024.9
1247630 2018.0
1247640 2010.8
1247650 2010.8
1247660 2004.1
1247670 1997.5
1247680 1997.5
1247690 1990.9
1247700 1984.9
1247710 1984.9
1247720 1978.2
1247730 1971.1
1247740 1964.4
1247750 1964.4
1247760 1958.1
1247770 1952.0
1247780 1952.0
1247790 1947.3
1247800 1943.7
1247810 1943.7
1247820 1940.5
1247830 1937.5
1247840 1937.5
1247850 1932.8
1247860 1926.9
1247870 1926.9
1247880 1921.8
1247890 1919.0
1247900 1919.0
1247910 1914.8
1247920 1908.2
1247930 1908.2
1247940 1902.4
1247950 1897.0
1247960 1891.6
1247970 1891.6
1247980 1887.7
1247990 1885.0
1248000 1885.0
1248010 1880.4
1248020 1876.3
1248030 1876.3
1248040 1872.1
1248050 1867.8
1248060 1867.8
1248070 1863.0
1248080 1858.2
1248090 1858.2
1248100 1853.0
1248110 1846.3
1248120 1846.3
1248130 1838.8
1248140 1830.6
1248150 1830.6
1248160 1822.4
1248170 1814.7
1248180 1814.7
1248190 1808.3
1248200 1802.9
1248210 1798.0
1248220 1798.0
1248230 1792.9
1248240 1789.8
1248250 1789.8
1248260 1787.1
1248270 1783.9
1248280 1783.9
1248290 1780.7
1248300 1778.3
1248310 1778.3
1248320 1775.3
1248330 1773.9
1248340 1773.9
1248350 1772.0
1248360 1770.0
1248370 1770.0
1248380 1772.4
1248390 1777.9
1248400 1777.9
1248410 1780.7
1248420 1783.0
1248430 1785.2
1248440 1785.2
1248450 1787.4
1248460 1789.0
1248470 1789.0
1248480 1789.7
1248490 1791.4
1248500 1791.4
1248510 1793.6
1248520 1797.6
1248530 1801.4
1248540 1806.8
1248550 1812.8
1248560 1812.8
1248570 1818.5
1248580 1823.7
1248590 1823.7
1248600 1829.9
1248610 1837.6
1248620 1837.6
1248630 1843.2
1248640 1845.2
1248650 1845.2
1248660 1848.3
1248670 1852.7
1248680 1856.8
1248690 1856.8
1248700 1860.7
1248710 1865.2
1248720 1865.2
1248730 1870.7
1248740 1875.7
1248750 1875.7
1248760 1880.4
1248770 1884.5
1248780 1884.5
1248790 1890.1
1248800 1897.1
1248810 1897.1
1248820 1904.6
1248830 1912.8
1248840 1912.8
1248850 1921.1
1248860 1929.3
1248870 1929.3
1248880 1936.1
1248890 1943.4
1248900 1950.3
1248910 1950.3
1248920 1955.4
1248930 1959.7
1248940 1959.7
1248950 1964.8
1248960 1970.9
1248970 1970.9
1248980 1974.6
1248990 1977.7
1249000 1977.7
1249010 1982.2
1249020 1987.4
1249030 1987.4
1249040 1992.9
1249050 1998.9
1249060 1998.9
1249070 2005.3
1249080 2010.2
1249090 2010.2
1249100 2014.9
1249110 2019.7
1249120 2019.7
1249130 2023.5
1249140 2028.4
1249150 2032.1
1249160 2032.1
1249170 2035.4
1249180 2038.6
1249190 2038.6
1249200 2042.9
1249210 2048.6
1249220 2048.6
1249230 2054.3
1249240 2060.8
1249250 2060.8
1249260 2067.9
1249270 2075.0
1249280 2075.0
1249290 2082.9
1249300 2093.2
1249310 2093.2
1249320 2098.5
1249330 2105.5
1249340 2105.5
1249350 2114.6
1249360 2124.0
1249370 2132.8
1249380 2132.8
1249390 2141.3
1249400 2150.4
1249410 2150.4
1249420 2158.4
1249430 2167.0
1249440 2167.0
1249450 2175.4
1249460 2183.1
1249470 2183.1
1249480 2190.5
1249490 2197.3
1249500 2197.3
1249510 2202.9
1249520 2210.5
1249530 2210.5
1249540 2220.9
1249550 2233.2
1249560 2233.2
1249570 2239.3
1249580 2244.3
1249590 2244.3
1249600 2248.8
1249610 2255.8
1249620 2262.2
1249630 2262.2
1249640 2267.5
1249650 2270.4
1249660 2270.4
1249670 2272.5
1249680 2274.4
1249690 2274.4
1249700 2277.4
1249710 2282.4
1249720 2282.4
1249730 2287.3
1249740 2289.5
1249750 2289.5
1249760 2287.8
1249770 2287.2
1249780 2287.2
1249790 2289.6
1249800 2291.5
1249810 2291.5
1249820 2292.9
1249830 2294.7
1249840 2297.2
1249850 2297.2
1249860 2299.4
1249870 2305.2
1249880 2305.2
1249890 2312.2
1249900 2319.1
1249910 2319.1
1249920 2327.6
1249930 2334.3
1249940 2334.3
1249950 2338.7
1249960 2343.2
1249970 2343.2
1249980 2351.7
1249990 2359.4
1250000 2359.4
1250010 2366.4
1250020 2375.2
1250030 2375.2
1250040 2380.4
1250050 2382.9
1250060 2382.9
1250070 2387.7
1250080 2394.4
1250090 2401.8
1250100 2401.8
1250110 2407.1
1250120 2408.5
1250130 2408.5
1250140 2409.4
1250150 2418.8
1250160 2418.8
1250170 2419.3
1250180 2421.7
1250190 2421.7
1250200 2425.5
1250210 2428.2
1250220 2428.2
1250230 2430.1
1250240 2431.7
1250250 2431.7
1250260 2432.4
1250270 2433.7
1250280 2433.7
1250290 2435.6
1250300 2437.0
1250310 2437.8
1250320 2437.8
1250330 2438.1
1250340 2439.0
1250350 2439.0
1250360 2440.2
1250370 2443.9
1250380 2443.9
1250390 2445.9
1250400 2444.5
1250410 2444.5
1250420 2442.6
1250430 2440.6
1250440 2440.6
1250450 2440.7
1250460 2444.6
1250470 2444.6
1250480 2448.9
1250490 2447.2
1250500 2447.2
1250510 2445.2
1250520 2444.2
1250530 2444.2
1250540 2441.1
1250550 2439.9
1250560 2439.2
1250570 2439.2
1250580 2439.6
1250590 2441.3
1250600 2441.3
1250610 2443.1
1250620 2444.4
1250630 2444.4
1250640 2445.7
1250650 2446.0
1250660 2446.0
1250670 2446.0
1250680 2447.3
1250690 2456.2
1250700 2459.3
1250710 2460.5
1250720 2460.5
1250730 2462.1
1250740 2465.2
1250750 2465.2
1250760 2464.6
1250770 2460.1
1250780 2460.1
1250790 2454.6
1250800 2448.8
1250810 2441.6
1250820 2441.6
1250830 2434.9
1250840 2429.2
1250850 2429.2
1250860 2424.3
1250870 2419.1
1250880 2419.1
1250890 2414.9
1250900 2411.3
1250910 2411.3
1250920 2409.5
1250930 2408.0
1250940 2408.0
1250950 2405.6
1250960 2403.1
1250970 2403.1
1250980 2398.9
1250990 2392.7
1251000 2392.7
1251010 2385.0
1251020 2375.6
1251030 2367.0
1251040 2367.0
1251050 2359.7
1251060 2353.0
1251070 2353.0
1251080 2347.1
1251090 2342.7
1251100 2342.7
1251110 2338.8
1251120 2335.3
1251130 2335.3
1251140 2333.6
1251150 2331.9
1251160 2331.9
1251170 2331.3
1251180 2330.6
1251190 2330.6
1251200 2328.9
1251210 2326.7
1251220 2326.7
1251230 2327.4
1251240 2327.1
1251250 2327.1
1251260 2327.0
1251270 2328.0
1251280 2331.6
1251290 2331.6
1251300 2336.1
1251310 2340.5
1251320 2340.5
1251330 2344.2
1251340 2348.6
1251350 2348.6
1251360 2353.1
1251370 2357.2
1251380 2357.2
1251390 2361.3
1251400 2362.5
1251410 2362.5
1251420 2358.2
1251430 2348.2
1251440 2348.2
1251450 2336.8
1251460 2325.1
1251470 2325.1
1251480 2316.0
1251490 2309.5
1251500 2303.3
1251510 2303.3
1251520 2298.0
1251530 2294.4
1251540 2294.4
1251550 2292.9
1251560 2290.2
1251570 2290.2
1251580 2286.5
1251590 2280.4
1251600 2280.4
1251610 2273.8
1251620 2267.9
1251630 2267.9
1251640 2262.4
1251650 2257.8
1251660 2257.8
1251670 2253.8
1251680 2247.5
1251690 2247.5
1251700 2237.4
1251710 2229.7
1251720 2229.7
1251730 2223.0
1251740 2215.6
1251750 2207.4
1251760 2207.4
1251770 2199.8
1251780 2189.0
1251790 2189.0
1251800 2181.9
1251810 2174.7
1251820 2174.7
1251830 2167.8
1251840 2161.3
1251850 2161.3
1251860 2154.7
1251870 2148.5
1251880 2148.5
1251890 2142.4
1251900 2136.3
1251910 2136.3
1251920 2130.5
1251930 2125.0
1251940 2125.0
1251950 2119.3
1251960 2113.3
1251970 2107.5
1251980 2107.5
1251990 2102.0
1252000 2096.6
1252010 2096.6
1252020 2092.6
1252030 2089.4
1252040 2089.4
1252050 2085.4
1252060 2079.9
1252070 2079.9
1252080 2074.2
1252090 2068.1
1252100 2068.1
1252110 2060.0
1252120 2052.0
1252130 2052.0
1252140 2044.7
1252150 2037.9
1252160 2037.9
1252170 2031.4
1252180 2025.3
1252190 2025.3
1252200 2019.3
1252210 2013.5
1252220 2007.6
1252230 2007.6
1252240 2001.6
1252250 1995.1
1252260 1995.1
1252270 1988.5
1252280 1984.6
1252290 1984.6
1252300 1984.1
1252310 1984.1
1252320 1985.8
1252330 1986.4
1252340 1987.4
1252350 1987.4
1252360 1988.3
1252370 1990.0
1252380 1990.0
1252390 1992.3
1252400 1994.3
1252410 1994.3
1252420 1996.0
1252430 1998.3
1252440 2000.2
1252450 2000.2
1252460 2001.2
1252470 2002.8
1252480 2002.8
1252490 2005.2
1252500 2006.4
1252510 2006.4
1252520 2007.7
1252530 2009.3
1252540 2009.3
1252550 2011.2
1252560 2014.1
1252570 2014.1
1252580 2015.5
1252590 2017.3
1252600 2017.3
1252610 2017.9
1252620 2020.1
1252630 2020.1
1252640 2023.5
1252650 2026.6
1252660 2026.6
1252670 2029.8
1252680 2033.4
1252690 2037.5
1252700 2037.5
1252710 2042.1
1252720 2047.2
1252730 2047.2
1252740 2053.0
1252750 2059.5
1252760 2059.5
1252770 2065.8
1252780 2071.3
1252790 2071.3
1252800 2077.0
1252810 2083.4
1252820 2083.4
1252830 2089.8
1252840 2095.9
1252850 2095.9
1252860 2101.4
1252870 2110.0
1252880 2110.0
1252890 2113.6
1252900 2116.5
1252910 2119.3
1252920 2119.3
1252930 2122.2
1252940 2125.3
1252950 2125.3
1252960 2128.4
1252970 2131.9
1252980 2131.9
1252990 2135.6
1253000 2139.4
1253010 2139.4
1253020 2142.9
1253030 2146.1
1253040 2146.1
1253050 2146.9
1253060 2150.0
1253070 2150.0
1253080 2156.1
1253090 2160.3
1253100 2160.3
1253110 2163.8
1253120 2167.1
1253130 2167.1
1253140 2169.5
1253150 2171.7
1253160 2173.8
1253170 2173.8
1253180 2175.1
1253190 2174.7
1253200 2174.7
1253210 2173.6
1253220 2172.4
1253230 2172.4
1253240 2171.4
1253250 2170.8
1253260 2170.8
1253270 2172.5
1253280 2175.8
1253290 2175.8
1253300 2177.4
1253310 2178.1
1253320 2178.1
1253330 2180.0
1253340 2182.5
1253350 2182.5
1253360 2184.8
1253370 2187.2
1253380 2189.8
1253390 2189.8
1253400 2192.8
1253410 2196.0
1253420 2201.1
1253430 2203.6
1253440 2206.7
1253450 2206.7
1253460 2210.2
1253470 2213.5
1253480 2213.5
1253490 2216.4
1253500 2219.0
1253510 2219.0
1253520 2221.1
1253530 2221.4
1253540 2221.4
1253550 2221.9
1253560 2224.2
1253570 2224.2
1253580 2227.6
1253590 2230.6
1253600 2230.6
1253610 2233.2
1253620 2235.9
1253630 2239.2
1253640 2239.2
1253650 2241.4
1253660 2243.5
1253670 2243.5
1253680 2245.5
1253690 2248.5
1253700 2248.5
1253710 2251.6
1253720 2254.7
1253730 2254.7
1253740 2257.7
1253750 2260.5
1253760 2260.5
1253770 2261.9
1253780 2262.6
1253790 2262.6
1253800 2263.6
1253810 2264.4
1253820 2264.4
1253830 2265.1
1253840 2265.1
1253850 2266.3
1253860 2266.3
1253870 2268.2
1253880 2269.2
1253890 2269.2
1253900 2270.4
1253910 2272.3
1253920 2272.3
1253930 2274.5
1253940 2276.5
1253950 2276.5
1253960 2278.7
1253970 2281.0
1253980 2281.0
1253990 2284.3
1254000 2287.7
1254010 2287.7
1254020 2292.0
1254030 2296.7
1254040 2296.7
1254050 2301.9
1254060 2308.2
1254070 2308.2
1254080 2314.4
1254090 2321.3
1254100 2328.4
1254110 2328.4
1254120 2334.6
1254130 2341.0
1254140 2341.0
1254150 2347.0
1254160 2352.0
1254170 2352.0
1254180 2356.3
1254190 2359.7
1254200 2359.7
1254210 2364.2
1254220 2366.2
1254230 2366.2
1254240 2361.5
1254250 2357.9
1254260 2357.9
1254270 2357.3
1254280 2357.1
1254290 2357.1
1254300 2357.5
1254310 2359.1
1254320 2362.4
1254330 2362.4
1254340 2365.7
1254350 2368.1
1254360 2368.1
1254370 2365.9
1254380 2365.8
1254390 2365.8
1254400 2367.0
1254410 2369.1
1254420 2369.1
1254430 2371.7
1254440 2374.4
1254450 2374.4
1254460 2377.1
1254470 2379.9
1254480 2379.9
1254490 2381.8
1254500 2383.3
1254510 2383.3
1254520 2390.2
1254530 2392.9
1254540 2392.9
1254550 2395.8
1254560 2399.7
1254570 2403.9
1254580 2403.9
1254590 2406.7
1254600 2409.0
1254610 2409.0
1254620 2410.0
1254630 2411.0
1254640 2411.0
1254650 2414.0
1254660 2418.7
1254670 2418.7
1254680 2433.5
1254690 2491.7
1254700 2491.7
1254710 2560.6
1254720 2571.8
1254730 2571.8
1254740 2583.3
1254750 2595.9
1254760 2595.9
1254770 2606.0
1254780 2614.5
1254790 2622.2
1254800 2622.2
1254810 2629.9
1254820 2639.0
1254830 2639.0
1254840 2651.1
1254850 2684.3
1254860 2684.3
1254870 2706.9
1254880 2707.7
1254890 2707.7
1254900 2709.0
1254910 2710.8
1254920 2710.8
1254930 2708.6
1254940 2706.2
1254950 2706.2
1254960 2706.8
1254970 2713.2
1254980 2713.2
1254990 2720.6
1255000 2732.3
1255010 2732.3
1255020 2744.9
1255030 2755.9
1255040 2755.9
1255050 2755.9
1255060 2747.4
1255070 2739.5
1255080 2739.5
1255090 2730.0
1255100 2719.6
1255110 2719.6
1255120 2708.5
1255130 2698.2
1255140 2698.2
1255150 2687.5
1255160 2679.7
1255170 2679.7
1255180 2673.1
1255190 2661.8
1255200 2661.8
1255210 2647.5
1255220 2636.0
1255230 2636.0
1255240 2627.1
1255250 2619.4
1255260 2610.4
1255270 2610.4
1255280 2600.2
1255290 2590.0
1255300 2590.0
1255310 2579.3
1255320 2572.6
1255330 2572.6
1255340 2563.2
1255350 2552.2
1255360 2552.2
1255370 2542.6
1255380 2535.1
1255390 2535.1
1255400 2529.0
1255410 2517.5
1255420 2517.5
1255430 2506.3
1255440 2499.7
1255450 2499.7
1255460 2489.5
1255470 2479.4
1255480 2479.4
1255490 2471.6
1255500 2463.0
1255510 2440.0
1255520 2440.0
1255530 2416.2
1255540 2396.4
1255550 2396.4
1255560 2391.9
1255570 2389.0
1255580 2389.0
1255590 2378.9
1255600 2326.5
1255610 2326.5
1255620 2272.5
1255630 2273.3
1255640 2273.3
1255650 2250.9
1255660 2241.8
1255670 2241.8
1255680 2237.0
1255690 2219.1
1255700 2219.1
1255710 2210.1
1255720 2203.7
1255730 2197.2
1255740 2197.2
1255750 2190.1
1255760 2180.8
1255770 2180.8
1255780 2170.4
1255790 2161.7
1255800 2161.7
1255810 2158.1
1255820 2149.6
1255830 2149.6
1255840 2138.4
1255850 2129.0
1255860 2129.0
1255870 2121.1
1255880 2115.2
1255890 2115.2
1255900 2108.7
1255910 2104.5
1255920 2104.5
1255930 2100.4
1255940 2095.1
1255950 2095.1
1255960 2098.8
1255970 2106.9
1255980 2114.1
1255990 2114.1
1256000 2120.3
1256010 2117.3
1256020 2117.3
1256030 2112.2
1256040 2108.4
1256050 2108.4
1256060 2102.6
1256070 2094.8
1256080 2094.8
1256090 2088.0
1256100 2088.7
1256110 2088.7
1256120 2089.6
1256130 2090.0
1256140 2090.0
1256150 2086.4
1256160 2076.9
1256170 2076.9
1256180 2054.6
1256190 2032.5
1256200 2027.0
1256210 2027.0
1256220 2024.0
1256230 2020.8
1256240 2020.8
1256250 2014.1
1256260 2007.9
1256270 2007.9
1256280 2003.3
1256290 1997.7
1256300 1997.7
1256310 1991.5
1256320 1985.9
1256330 1985.9
1256340 1982.5
1256350 1978.3
1256360 1978.3
1256370 1973.7
1256380 1971.0
1256390 1971.0
1256400 1970.1
1256410 1969.8
1256420 1969.8
1256430 1967.5
1256440 1963.2
1256450 1957.2
1256460 1957.2
1256470 1952.1
1256480 1949.3
1256490 1949.3
1256500 1946.0
1256510 1942.5
1256520 1942.5
1256530 1939.4
1256540 1936.5
1256550 1936.5
1256560 1933.9
1256570 1931.0
1256580 1931.0
1256590 1927.4
1256600 1923.5
1256610 1923.5
1256620 1919.1
1256630 1914.8
1256640 1914.8
1256650 1910.4
1256660 1906.1
1256670 1901.9
1256680 1901.9
1256690 1897.6
1256700 1893.4
1256710 1893.4
1256720 1889.7
1256730 1886.1
1256740 1884.5
1256750 1880.3
1256760 1877.0
1256770 1877.0
1256780 1873.5
1256790 1869.8
1256800 1869.8
1256810 1866.2
1256820 1863.0
1256830 1863.0
1256840 1859.6
1256850 1856.5
1256860 1856.5
1256870 1852.9
1256880 1849.7
1256890 1849.7
1256900 1846.8
1256910 1843.5
1256920 1840.4
1256930 1840.4
1256940 1837.3
1256950 1834.3
1256960 1834.3
1256970 1830.8
1256980 1827.2
1256990 1827.2
1257000 1823.6
1257010 1820.4
1257020 1820.4
1257030 1816.7
1257040 1813.3
1257050 1813.3
1257060 1809.3
1257070 1806.1
1257080 1806.1
1257090 1804.9
1257100 1804.0
1257110 1804.0
1257120 1802.9
1257130 1800.0
1257140 1796.3
1257150 1796.3
1257160 1791.6
1257170 1787.2
1257180 1787.2
1257190 1782.8
1257200 1778.3
1257210 1778.3
1257220 1774.3
1257230 1770.3
1257240 1770.3
1257250 1766.3
1257260 1762.8
1257270 1762.8
1257280 1759.8
1257290 1757.6
1257300 1759.0
1257310 1757.3
1257320 1755.4
1257330 1755.4
1257340 1753.4
1257350 1751.3
1257360 1751.3
1257370 1749.5
1257380 1747.7
1257390 1745.7
1257400 1745.7
1257410 1743.9
1257420 1741.9
1257430 1741.9
1257440 1740.2
1257450 1738.1
1257460 1738.1
1257470 1736.1
1257480 1734.2
1257490 1734.2
1257500 1732.9
1257510 1731.9
1257520 1731.9
1257530 1731.1
1257540 1730.3
1257550 1730.3
1257560 1729.2
1257570 1728.0
1257580 1728.0
1257590 1726.8
1257600 1725.9
1257610 1724.9
1257620 1724.9
1257630 1723.7
1257640 1722.5
1257650 1722.5
1257660 1721.4
1257670 1720.7
1257680 1720.7
1257690 1719.7
1257700 1720.9
1257710 1720.9
1257720 1725.6
1257730 1730.2
1257740 1730.2
1257750 1732.6
1257760 1735.2
1257770 1735.2
1257780 1737.1
1257790 1738.1
1257800 1738.1
1257810 1739.8
1257820 1741.4
1257830 1741.4
1257840 1743.0
1257850 1745.8
1257860 1751.8
1257870 1751.8
1257880 1754.3
1257890 1756.6
1257900 1756.6
1257910 1758.5
1257920 1759.6
1257930 1759.6
1257940 1761.9
1257950 1765.7
1257960 1765.7
1257970 1768.7
1257980 1772.1
1257990 1772.1
1258000 1776.6
1258010 1782.1
1258020 1782.1
1258030 1788.7
1258040 1794.6
1258050 1794.6
1258060 1800.2
1258070 1806.3
1258080 1812.5
1258090 1812.5
1258100 1818.7
1258110 1824.9
1258120 1824.9
1258130 1830.4
1258140 1836.3
1258150 1836.3
1258160 1843.0
1258170 1848.1
1258180 1848.1
1258190 1853.4
1258200 1858.8
1258210 1858.8
1258220 1863.5
1258230 1867.2
1258240 1867.2
1258250 1871.6
1258260 1875.4
1258270 1875.4
1258280 1878.7
1258290 1882.7
1258300 1882.7
1258310 1887.3
1258320 1890.5
1258330 1894.1
1258340 1894.1
1258350 1897.8
1258360 1902.1
1258370 1902.1
1258380 1903.6
1258390 1903.2
1258400 1903.2
1258410 1903.6
1258420 1914.3
1258430 1914.3
1258440 1916.2
1258450 1913.9
1258460 1913.9
1258470 1914.7
1258480 1918.9
1258490 1918.9
1258500 1921.6
1258510 1924.4
1258520 1924.4
1258530 1927.4
1258540 1930.9
1258550 1934.1
1258560 1934.1
1258570 1936.1
1258580 1938.4
1258590 1938.4
1258600 1937.7
1258610 1935.4
1258620 1935.4
1258630 1936.5
1258640 1934.8
1258650 1934.8
1258660 1936.9
1258670 1941.5
1258680 1941.5
1258690 1946.4
1258700 1947.7
1258710 1947.7
1258720 1943.5
1258730 1938.5
1258740 1938.5
1258750 1935.8
1258760 1941.3
1258770 1941.3
1258780 1951.1
1258790 1960.2
1258800 1969.3
1258810 1969.3
1258820 1977.7
1258830 1986.7
1258840 1986.7
1258850 1995.4
1258860 2001.6
1258870 2001.6
1258880 1999.5
1258890 1992.3
1258900 1992.3
1258910 1986.1
1258920 1982.0
1258930 1982.0
1258940 1979.7
1258950 1981.8
1258960 1981.8
1258970 1986.8
1258980 1997.9
1258990 1997.9
1259000 2005.2
1259010 2012.8
1259020 2018.8
1259030 2018.8
1259040 2022.1
1259050 2020.1
1259060 2020.1
1259070 2017.1
1259080 2014.2
1259090 2014.2
1259100 2009.6
1259110 2003.3
1259120 2003.3
1259130 1996.8
1259140 1990.1
1259150 1990.1
1259160 1984.3
1259170 1979.3
1259180 1979.3
1259190 1976.5
1259200 1973.1
1259210 1973.1
1259220 1968.7
1259230 1970.4
1259240 1970.4
1259250 1975.8
1259260 1982.7
1259270 1989.5
1259280 1989.5
1259290 1994.2
1259300 1997.6
1259310 1997.6
1259320 1999.0
1259330 1999.1
1259340 1999.1
1259350 1998.7
1259360 1995.2
1259370 1995.2
1259380 1991.3
1259390 1987.0
1259400 1987.0
1259410 1982.5
1259420 1976.4
1259430 1976.4
1259440 1972.8
1259450 1969.6
1259460 1969.6
1259470 1965.6
1259480 1963.0
1259490 1960.6
1259500 1960.6
1259510 1959.5
1259520 1959.0
1259530 1959.0
1259540 1959.3
1259550 1955.2
1259560 1955.2
1259570 1949.7
1259580 1947.2
1259590 1947.2
1259600 1942.3
1259610 1940.9
1259620 1940.9
1259630 1939.7
1259640 1936.0
1259650 1936.0
1259660 1932.6
1259670 1928.5
1259680 1928.5
1259690 1922.3
1259700 1915.6
1259710 1915.6
1259720 1910.5
1259730 1907.1
1259740 1903.0
1259750 1903.0
1259760 1899.6
1259770 1898.6
1259780 1898.6
1259790 1900.7
1259800 1898.0
1259810 1898.0
1259820 1895.6
1259830 1891.5
1259840 1891.5
1259850 1884.6
1259860 1876.9
1259870 1876.9
1259880 1867.9
1259890 1859.4
1259900 1859.4
1259910 1854.8
1259920 1846.1
1259930 1846.1
1259940 1836.6
1259950 1827.0
1259960 1816.1
1259970 1816.1
1259980 1808.1
1259990 1802.6
