1240000 1582.5
1240010 1582.5
1240020 1591.2
1240030 1597.7
1240040 1597.7
1240050 1602.2
1240060 1607.1
1240070 1607.1
1240080 1614.1
1240090 1621.0
1240100 1630.3
1240110 1630.3
1240120 1637.4
1240130 1641.5
1240140 1641.5
1240150 1645.7
1240160 1650.7
1240170 1650.7
1240180 1656.4
1240190 1662.7
1240200 1662.7
1240210 1669.6
1240220 1676.7
1240230 1676.7
1240240 1683.5
1240250 1689.5
1240260 1689.5
1240270 1696.4
1240280 1703.2
1240290 1703.2
1240300 1709.1
1240310 1714.7
1240320 1718.7
1240330 1718.7
1240340 1722.3
1240350 1725.6
1240360 1725.6
1240370 1729.2
1240380 1734.2
1240390 1734.2
1240400 1740.0
1240410 1747.1
1240420 1747.1
1240430 1758.1
1240440 1764.5
1240450 1764.5
1240460 1770.6
1240470 1775.7
1240480 1775.7
1240490 1779.7
1240500 1784.3
1240510 1784.3
1240520 1789.0
1240530 1794.4
1240540 1794.4
1240550 1799.9
1240560 1805.1
1240570 1810.1
1240580 1810.1
1240590 1815.0
1240600 1820.2
1240610 1820.2
1240620 1825.0
1240630 1830.2
1240640 1830.2
1240650 1835.3
1240660 1840.2
1240670 1840.2
1240680 1845.3
1240690 1850.9
1240700 1850.9
1240710 1856.6
1240720 1861.4
1240730 1861.4
1240740 1865.8
1240750 1870.3
1240760 1870.3
1240770 1875.3
1240780 1880.8
1240790 1886.4
1240800 1886.4
1240810 1891.7
1240820 1897.1
1240830 1897.1
1240840 1902.9
1240850 1909.4
1240860 1909.4
1240870 1914.8
1240880 1920.7
1240890 1920.7
1240900 1927.6
1240910 1934.4
1240920 1934.4
1240930 1940.5
1240940 1947.6
1240950 1951.4
1240960 1959.4
1240970 1966.4
1240980 1966.4
1240990 1972.5
1241000 1978.7
1241010 1978.7
1241020 1984.4
1241030 1989.9
1241040 1996.2
1241050 1996.2
1241060 2002.4
1241070 2008.3
1241080 2008.3
1241090 2016.5
1241100 2023.1
1241110 2023.1
1241120 2028.3
1241130 2033.6
1241140 2033.6
1241150 2038.6
1241160 2043.6
1241170 2043.6
1241180 2048.8
1241190 2054.0
1241200 2054.0
1241210 2059.6
1241220 2064.8
1241230 2064.8
1241240 2069.5
1241250 2075.5
1241260 2082.7
1241270 2082.7
1241280 2090.8
1241290 2100.6
1241300 2100.6
1241310 2110.8
1241320 2120.1
1241330 2120.1
1241340 2129.2
1241350 2137.7
1241360 2137.7
1241370 2146.6
1241380 2152.8
1241390 2152.8
1241400 2159.0
1241410 2166.6
1241420 2166.6
1241430 2174.9
1241440 2182.6
1241450 2182.6
1241460 2190.5
1241470 2199.0
1241480 2199.0
1241490 2205.2
1241500 2211.4
1241510 2216.6
1241520 2216.6
1241530 2221.9
1241540 2227.6
1241550 2227.6
1241560 2231.7
1241570 2236.4
1241580 2236.4
1241590 2241.3
1241600 2246.6
1241610 2246.6
1241620 2251.6
1241630 2255.7
1241640 2255.7
1241650 2261.1
1241660 2265.3
1241670 2265.3
1241680 2268.7
1241690 2272.3
1241700 2272.3
1241710 2274.5
1241720 2274.7
1241730 2274.7
1241740 2275.6
1241750 2276.0
1241760 2276.1
1241770 2276.1
1241780 2276.9
1241790 2277.4
1241800 2277.4
1241810 2278.6
1241820 2280.1
1241830 2280.1
1241840 2282.0
1241850 2283.9
1241860 2283.9
1241870 2286.0
1241880 2288.6
1241890 2288.6
1241900 2291.6
1241910 2294.1
1241920 2294.1
1241930 2297.8
1241940 2301.2
1241950 2301.2
1241960 2304.5
1241970 2308.3
1241980 2311.5
1241990 2311.5
1242000 2320.1
1242010 2322.2
1242020 2322.2
1242030 2325.1
1242040 2327.1
1242050 2327.1
1242060 2329.3
1242070 2331.2
1242080 2331.2
1242090 2332.3
1242100 2334.7
1242110 2334.7
1242120 2337.0
1242130 2339.0
1242140 2339.0
1242150 2340.8
1242160 2343.0
1242170 2343.0
1242180 2346.2
1242190 2350.5
1242200 2350.5
1242210 2355.4
1242220 2359.4
1242230 2362.3
1242240 2362.3
1242250 2365.3
1242260 2368.4
1242270 2368.4
1242280 2370.5
1242290 2370.2
1242300 2370.2
1242310 2368.5
1242320 2367.5
1242330 2367.5
1242340 2365.8
1242350 2363.2
1242360 2363.2
1242370 2360.4
1242380 2357.7
1242390 2357.7
1242400 2355.4
1242410 2353.1
1242420 2353.1
1242430 2351.8
1242440 2351.2
1242450 2350.9
1242460 2350.9
1242470 2351.1
1242480 2351.6
1242490 2351.6
1242500 2350.5
1242510 2348.9
1242520 2351.8
1242530 2348.2
1242540 2344.5
1242550 2344.5
1242560 2341.1
1242570 2337.2
1242580 2337.2
1242590 2333.7
1242600 2331.7
1242610 2331.7
1242620 2330.1
1242630 2326.6
1242640 2326.6
1242650 2324.7
1242660 2327.3
1242670 2327.3
1242680 2329.8
1242690 2331.6
1242700 2333.4
1242710 2333.4
1242720 2335.6
1242730 2337.8
1242740 2337.8
1242750 2338.8
1242760 2339.2
1242770 2339.2
1242780 2339.1
1242790 2339.6
1242800 2339.6
1242810 2340.6
1242820 2342.0
1242830 2342.0
1242840 2342.2
1242850 2343.2
1242860 2343.2
1242870 2343.4
1242880 2343.4
1242890 2343.4
1242900 2343.8
1242910 2345.1
1242920 2347.9
1242930 2347.9
1242940 2350.3
1242950 2353.5
1242960 2353.5
1242970 2358.6
1242980 2364.4
1242990 2364.4
1243000 2369.0
1243010 2372.6
1243020 2372.6
1243030 2373.6
1243040 2373.1
1243050 2378.6
1243060 2379.4
1243070 2379.5
1243080 2379.5
1243090 2380.2
1243100 2381.7
1243110 2381.7
1243120 2384.3
1243130 2387.7
1243140 2387.7
1243150 2391.2
1243160 2395.5
1243170 2400.3
1243180 2400.3
1243190 2406.9
1243200 2413.8
1243210 2413.8
1243220 2420.8
1243230 2427.5
1243240 2427.5
1243250 2433.3
1243260 2439.1
1243270 2439.1
1243280 2444.4
1243290 2448.9
1243300 2448.9
1243310 2453.2
1243320 2457.8
1243330 2457.8
1243340 2462.8
1243350 2468.8
1243360 2468.8
1243370 2474.8
1243380 2480.8
1243390 2486.3
1243400 2486.3
1243410 2492.1
1243420 2501.3
1243430 2501.3
1243440 2512.0
1243450 2517.5
1243460 2517.5
1243470 2523.7
1243480 2530.2
1243490 2530.2
1243500 2538.4
1243510 2549.6
1243520 2549.6
1243530 2559.6
1243540 2564.5
1243550 2564.5
1243560 2568.5
1243570 2580.0
1243580 2580.0
1243590 2586.4
1243600 2599.7
1243610 2599.7
1243620 2613.8
1243630 2618.9
1243640 2629.8
1243650 2629.8
1243660 2638.4
1243670 2641.8
1243680 2641.8
1243690 2644.5
1243700 2652.1
1243710 2652.1
1243720 2663.8
1243730 2677.7
1243740 2677.7
1243750 2686.5
1243760 2682.8
1243770 2682.8
1243780 2678.6
1243790 2674.8
1243800 2674.8
1243810 2672.3
1243820 2669.8
1243830 2669.8
1243840 2668.5
1243850 2667.9
1243860 2667.9
1243870 2667.3
1243880 2666.9
1243890 2666.1
1243900 2666.1
1243910 2664.8
1243920 2661.8
1243930 2661.8
1243940 2658.6
1243950 2654.9
1243960 2654.9
1243970 2652.3
1243980 2649.8
1243990 2649.8
1244000 2645.8
1244010 2641.0
1244020 2641.0
1244030 2636.8
1244040 2633.3
1244050 2633.3
1244060 2629.1
1244070 2624.9
1244080 2624.9
1244090 2620.1
1244100 2620.9
1244110 2617.2
1244120 2617.2
1244130 2612.4
1244140 2610.1
1244150 2610.1
1244160 2609.5
1244170 2609.6
1244180 2609.6
1244190 2610.7
1244200 2609.4
1244210 2609.4
1244220 2606.3
1244230 2604.5
1244240 2604.5
1244250 2604.2
1244260 2604.5
1244270 2604.5
1244280 2606.6
1244290 2610.8
1244300 2610.8
1244310 2614.5
1244320 2617.8
1244330 2617.8
1244340 2619.5
1244350 2617.2
1244360 2611.8
1244370 2611.8
1244380 2605.4
1244390 2600.4
1244400 2600.4
1244410 2598.6
1244420 2598.6
1244430 2598.6
1244440 2598.9
1244450 2600.8
1244460 2600.8
1244470 2601.4
1244480 2601.1
1244490 2601.1
1244500 2598.4
1244510 2596.6
1244520 2596.6
1244530 2597.5
1244540 2599.3
1244550 2599.3
1244560 2602.2
1244570 2605.7
1244580 2611.5
1244590 2611.5
1244600 2621.2
1244610 2626.8
1244620 2626.8
1244630 2618.9
1244640 2621.1
1244650 2621.1
1244660 2621.8
1244670 2622.1
1244680 2622.1
1244690 2622.9
1244700 2625.7
1244710 2625.7
1244720 2628.9
1244730 2628.5
1244740 2628.5
1244750 2627.8
1244760 2628.5
1244770 2628.5
1244780 2630.1
1244790 2629.7
1244800 2629.7
1244810 2627.4
1244820 2624.0
1244830 2618.9
1244840 2618.9
1244850 2612.6
1244860 2607.1
1244870 2607.1
1244880 2601.1
1244890 2592.3
1244900 2592.3
1244910 2581.4
1244920 2574.2
1244930 2574.2
1244940 2568.3
1244950 2563.1
1244960 2563.1
1244970 2561.0
1244980 2559.4
1244990 2559.4
1245000 2555.4
1245010 2549.5
1245020 2549.5
1245030 2540.6
1245040 2531.1
1245050 2520.6
1245060 2520.6
1245070 2510.8
1245080 2505.1
1245090 2505.1
1245100 2505.4
1245110 2509.4
1245120 2509.4
1245130 2506.6
1245140 2497.2
1245150 2497.2
1245160 2500.6
1245170 2499.1
1245180 2499.1
1245190 2483.8
1245200 2470.2
1245210 2470.2
1245220 2461.6
1245230 2458.0
1245240 2458.0
1245250 2464.8
1245260 2473.9
1245270 2473.9
1245280 2474.5
1245290 2467.0
1245300 2456.6
1245310 2456.6
1245320 2453.8
1245330 2464.5
1245340 2464.5
1245350 2460.6
1245360 2454.7
1245370 2454.7
1245380 2446.0
1245390 2438.0
1245400 2438.0
1245410 2428.1
1245420 2418.9
1245430 2418.9
1245440 2421.1
1245450 2424.8
1245460 2424.8
1245470 2423.1
1245480 2421.6
1245490 2421.6
1245500 2412.5
1245510 2401.6
1245520 2401.6
1245530 2396.1
1245540 2396.4
1245550 2396.6
1245560 2396.6
1245570 2391.2
1245580 2377.5
1245590 2377.5
1245600 2364.1
1245610 2350.8
1245620 2350.8
1245630 2343.3
1245640 2340.0
1245650 2340.0
1245660 2337.4
1245670 2332.3
1245680 2332.3
1245690 2339.2
1245700 2331.4
1245710 2331.4
1245720 2324.3
1245730 2321.0
1245740 2321.0
1245750 2322.5
1245760 2327.3
1245770 2335.2
1245780 2335.2
1245790 2339.9
1245800 2342.9
1245810 2342.9
1245820 2342.7
1245830 2338.6
1245840 2338.6
1245850 2333.8
1245860 2328.0
1245870 2328.0
1245880 2320.0
1245890 2310.4
1245900 2310.4
1245910 2301.8
1245920 2293.5
1245930 2293.5
1245940 2285.2
1245950 2277.2
1245960 2277.2
1245970 2269.2
1245980 2261.1
1245990 2261.1
1246000 2251.8
1246010 2242.4
1246020 2233.8
1246030 2233.8
1246040 2225.4
1246050 2216.6
1246060 2216.6
1246070 2208.3
1246080 2201.6
1246090 2201.6
1246100 2195.7
1246110 2190.7
1246120 2190.7
1246130 2185.7
1246140 2181.7
1246150 2181.7
1246160 2178.0
1246170 2174.4
1246180 2174.4
1246190 2170.7
1246200 2168.9
1246210 2168.9
1246220 2175.5
1246230 2177.2
1246240 2178.4
1246250 2178.4
1246260 2177.4
1246270 2176.9
1246280 2176.9
1246290 2177.0
1246300 2176.2
1246310 2176.2
1246320 2176.8
1246330 2175.3
1246340 2175.3
1246350 2173.9
1246360 2176.6
1246370 2176.6
1246380 2180.4
1246390 2179.9
1246400 2179.9
1246410 2176.8
1246420 2174.5
1246430 2174.5
1246440 2172.1
1246450 2168.9
1246460 2168.9
1246470 2164.8
1246480 2157.9
1246490 2150.5
1246500 2150.5
1246510 2142.0
1246520 2133.0
1246530 2133.0
1246540 2125.1
1246550 2116.8
1246560 2116.8
1246570 2109.4
1246580 2102.2
1246590 2102.2
1246600 2094.4
1246610 2087.2
1246620 2087.2
1246630 2081.4
1246640 2076.8
1246650 2076.8
1246660 2073.7
1246670 2070.5
1246680 2070.5
1246690 2065.9
1246700 2060.8
1246710 2054.4
1246720 2054.4
1246730 2048.9
1246740 2043.9
1246750 2044.0
1246760 2040.0
1246770 2035.4
1246780 2035.4
1246790 2031.7
1246800 2028.8
1246810 2028.8
1246820 2025.4
1246830 2018.1
1246840 2018.1
1246850 2014.8
1246860 2015.2
1246870 2015.2
1246880 2013.7
1246890 2011.4
1246900 2011.4
1246910 2009.0
1246920 2006.4
1246930 2006.4
1246940 2006.0
1246950 2003.7
1246960 1998.5
1246970 1998.5
1246980 1994.1
1246990 1989.2
1247000 1989.2
1247010 1979.8
1247020 1970.5
1247030 1970.5
1247040 1963.2
1247050 1959.9
1247060 1959.9
1247070 1958.6
1247080 1959.4
1247090 1959.4
1247100 1960.6
1247110 1961.9
1247120 1961.9
1247130 1963.0
1247140 1963.9
1247150 1963.9
1247160 1965.4
1247170 1966.9
1247180 1970.0
1247190 1970.0
1247200 1975.1
1247210 1979.8
1247220 1979.8
1247230 1984.7
1247240 1989.1
1247250 1989.1
1247260 1993.7
1247270 1998.3
1247280 1998.3
1247290 2004.2
1247300 2010.1
1247310 2010.1
1247320 2016.3
1247330 2022.1
1247340 2022.1
1247350 2026.9
1247360 2030.5
1247370 2030.5
1247380 2033.4
1247390 2036.1
1247400 2036.1
1247410 2038.3
1247420 2041.1
1247430 2045.5
1247440 2045.5
1247450 2050.9
1247460 2056.6
1247470 2056.6
1247480 2062.7
1247490 2068.8
1247500 2068.8
1247510 2074.4
1247520 2078.9
1247530 2078.9
1247540 2082.7
1247550 2086.4
1247560 2086.4
1247570 2090.2
1247580 2093.7
1247590 2093.7
1247600 2092.6
1247610 2090.4
1247620 2090.4
1247630 2087.5
1247640 2083.9
1247650 2083.9
1247660 2081.7
1247670 2077.3
1247680 2070.4
1247690 2070.4
1247700 2065.0
1247710 2063.3
1247720 2063.3
1247730 2061.3
1247740 2058.6
1247750 2058.6
1247760 2054.2
1247770 2048.8
1247780 2048.8
1247790 2044.5
1247800 2042.0
1247810 2042.0
1247820 2042.4
1247830 2036.1
1247840 2036.1
1247850 2028.2
1247860 2021.9
1247870 2021.9
1247880 2013.5
1247890 2001.8
1247900 1991.5
1247910 1991.5
1247920 1982.2
1247930 1973.3
1247940 1973.3
1247950 1964.5
1247960 1954.7
1247970 1954.7
1247980 1946.9
1247990 1940.8
1248000 1940.8
1248010 1932.2
1248020 1923.5
1248030 1923.5
1248040 1915.0
1248050 1904.0
1248060 1904.0
1248070 1892.2
1248080 1883.0
1248090 1883.0
1248100 1873.9
1248110 1864.6
1248120 1864.6
1248130 1855.4
1248140 1846.4
1248150 1837.5
1248160 1837.5
1248170 1828.9
1248180 1821.2
1248190 1821.2
1248200 1813.8
1248210 1806.3
1248220 1806.3
1248230 1799.5
1248240 1791.7
1248250 1791.7
1248260 1784.5
1248270 1778.3
1248280 1778.3
1248290 1771.8
1248300 1765.4
1248310 1765.4
1248320 1760.4
1248330 1755.7
1248340 1755.7
1248350 1750.2
1248360 1743.4
1248370 1737.7
1248380 1737.7
1248390 1731.9
1248400 1726.5
1248410 1726.5
1248420 1721.3
1248430 1716.6
1248440 1716.6
1248450 1712.7
1248460 1710.0
1248470 1710.0
1248480 1706.9
1248490 1702.7
1248500 1702.7
1248510 1697.9
1248520 1692.6
1248530 1692.6
1248540 1687.9
1248550 1684.8
1248560 1684.8
1248570 1684.3
1248580 1684.9
1248590 1684.9
1248600 1686.4
1248610 1690.5
1248620 1694.6
1248630 1694.6
1248640 1697.3
1248650 1700.0
1248660 1700.0
1248670 1702.7
1248680 1707.2
1248690 1707.2
1248700 1712.3
1248710 1718.9
1248720 1718.9
1248730 1724.0
1248740 1730.0
1248750 1730.0
1248760 1735.9
1248770 1741.9
1248780 1741.9
1248790 1749.1
1248800 1756.3
1248810 1756.3
1248820 1764.0
1248830 1771.3
1248840 1778.2
1248850 1778.2
1248860 1785.4
1248870 1792.6
1248880 1792.6
1248890 1800.1
1248900 1807.6
1248910 1807.6
1248920 1815.0
1248930 1820.8
1248940 1820.8
1248950 1824.1
1248960 1827.4
1248970 1827.4
1248980 1833.0
1248990 1837.5
1249000 1837.5
1249010 1839.7
1249020 1841.2
1249030 1841.2
1249040 1844.2
1249050 1844.2
1249060 1844.2
1249070 1845.4
1249080 1846.3
1249090 1849.0
1249100 1849.0
1249110 1853.4
1249120 1858.6
1249130 1858.6
1249140 1865.0
1249150 1872.0
1249160 1872.0
1249170 1878.9
1249180 1885.8
1249190 1885.8
1249200 1892.6
1249210 1899.8
1249220 1899.8
1249230 1907.1
1249240 1914.7
1249250 1914.7
1249260 1922.5
1249270 1929.6
1249280 1929.6
1249290 1936.0
1249300 1940.8
1249310 1942.6
1249320 1942.6
1249330 1943.8
1249340 1946.7
1249350 1946.7
1249360 1950.0
1249370 1951.1
1249380 1951.1
1249390 1953.6
1249400 1957.2
1249410 1957.2
1249420 1961.5
1249430 1967.6
1249440 1965.0
1249450 1969.6
1249460 1974.6
1249470 1974.6
1249480 1979.7
1249490 1984.8
1249500 1984.8
1249510 1990.6
1249520 1996.7
1249530 1996.7
1249540 2003.1
1249550 2009.4
1249560 2016.3
1249570 2016.3
1249580 2023.1
1249590 2029.2
1249600 2029.2
1249610 2033.8
1249620 2038.0
1249630 2038.0
1249640 2042.2
1249650 2046.0
1249660 2046.0
1249670 2049.8
1249680 2053.3
1249690 2053.3
1249700 2057.2
1249710 2062.0
1249720 2062.0
1249730 2066.9
1249740 2071.6
1249750 2071.6
1249760 2076.8
1249770 2081.4
1249780 2081.4
1249790 2086.0
1249800 2092.6
1249810 2098.5
1249820 2098.5
1249830 2103.2
1249840 2106.0
1249850 2106.0
1249860 2109.3
1249870 2112.0
1249880 2112.0
1249890 2114.9
1249900 2117.9
1249910 2117.9
1249920 2120.5
1249930 2123.4
1249940 2123.4
1249950 2126.0
1249960 2128.0
1249970 2128.0
1249980 2130.7
1249990 2135.1
1250000 2135.1
1250010 2140.1
1250020 2145.1
1250030 2149.7
1250040 2149.7
1250050 2153.9
1250060 2157.1
1250070 2157.1
1250080 2160.5
1250090 2164.6
1250100 2164.6
1250110 2169.8
1250120 2175.5
1250130 2175.5
1250140 2179.9
1250150 2183.4
1250160 2183.4
1250170 2185.7
1250180 2188.0
1250190 2188.0
1250200 2190.8
1250210 2193.9
1250220 2193.9
1250230 2197.8
1250240 2200.2
1250250 2200.2
1250260 2202.7
1250270 2205.3
1250280 2208.0
1250290 2208.0
1250300 2210.4
1250310 2212.3
1250320 2212.3
1250330 2215.1
1250340 2217.7
1250350 2217.7
1250360 2219.5
1250370 2220.9
1250380 2220.9
1250390 2223.1
1250400 2226.4
1250410 2226.4
1250420 2232.2
1250430 2239.8
1250440 2239.8
1250450 2247.6
1250460 2255.2
1250470 2255.2
1250480 2261.6
1250490 2267.3
1250500 2275.0
1250510 2275.0
1250520 2280.6
1250530 2284.5
1250540 2284.5
1250550 2287.8
1250560 2292.8
1250570 2292.8
1250580 2297.7
1250590 2301.7
1250600 2301.7
1250610 2305.7
1250620 2311.0
1250630 2311.0
1250640 2316.3
1250650 2319.2
1250660 2319.2
1250670 2323.1
1250680 2328.4
1250690 2328.4
1250700 2332.3
1250710 2336.9
1250720 2336.9
1250730 2342.4
1250740 2346.3
1250750 2349.2
1250760 2349.2
1250770 2352.3
1250780 2357.4
1250790 2357.4
1250800 2361.4
1250810 2358.9
1250820 2358.9
1250830 2353.3
1250840 2348.3
1250850 2348.3
1250860 2343.6
1250870 2339.3
1250880 2339.3
1250890 2335.2
1250900 2330.2
1250910 2330.2
1250920 2325.6
1250930 2321.8
1250940 2321.8
1250950 2319.4
1250960 2317.0
1250970 2315.4
1250980 2315.4
1250990 2314.9
1251000 2313.9
1251010 2313.9
1251020 2310.6
1251030 2305.7
1251040 2305.7
1251050 2300.9
1251060 2302.3
1251070 2302.3
1251080 2299.7
1251090 2296.7
1251100 2296.7
1251110 2292.4
1251120 2287.3
1251130 2287.3
1251140 2280.3
1251150 2272.8
1251160 2272.8
1251170 2266.2
1251180 2261.2
1251190 2261.2
1251200 2258.3
1251210 2256.2
1251220 2254.7
1251230 2254.7
1251240 2251.6
1251250 2246.2
1251260 2246.2
1251270 2239.8
1251280 2232.4
1251290 2232.4
1251300 2224.5
1251310 2217.5
1251320 2217.5
1251330 2211.5
1251340 2205.5
1251350 2205.5
1251360 2200.3
1251370 2196.7
1251380 2196.7
1251390 2193.1
1251400 2189.3
1251410 2189.3
1251420 2185.9
1251430 2182.3
1251440 2178.3
1251450 2178.3
1251460 2174.8
1251470 2171.8
1251480 2171.8
1251490 2168.6
1251500 2165.0
1251510 2165.0
1251520 2161.3
1251530 2157.2
1251540 2157.2
1251550 2152.7
1251560 2148.9
1251570 2148.9
1251580 2144.8
1251590 2140.4
1251600 2140.4
1251610 2135.4
1251620 2130.9
1251630 2130.9
1251640 2125.6
1251650 2119.7
1251660 2119.7
1251670 2114.4
1251680 2110.3
1251690 2107.0
1251700 2107.0
1251710 2103.3
1251720 2098.7
1251730 2098.7
1251740 2093.9
1251750 2090.4
1251760 2090.4
1251770 2088.5
1251780 2086.3
1251790 2086.3
1251800 2083.7
1251810 2081.0
1251820 2081.0
1251830 2078.9
1251840 2076.8
1251850 2076.8
1251860 2075.6
1251870 2074.9
1251880 2074.9
1251890 2074.0
1251900 2072.2
1251910 2072.2
1251920 2070.1
1251930 2068.5
1251940 2064.9
1251950 2064.9
1251960 2059.9
1251970 2054.8
1251980 2054.8
1251990 2050.3
1252000 2046.2
1252010 2046.2
1252020 2042.1
1252030 2038.7
1252040 2038.7
1252050 2034.2
1252060 2030.7
1252070 2030.7
1252080 2028.2
1252090 2025.5
1252100 2025.5
1252110 2023.1
1252120 2020.7
1252130 2020.7
1252140 2017.2
1252150 2013.7
1252160 2010.3
1252170 2010.3
1252180 2006.8
1252190 2003.0
1252200 2003.0
1252210 1999.3
1252220 1995.3
1252230 1995.3
1252240 1989.4
1252250 1982.5
1252260 1982.5
1252270 1975.9
1252280 1969.8
1252290 1969.8
1252300 1963.7
1252310 1957.5
1252320 1957.5
1252330 1952.0
1252340 1946.7
1252350 1946.7
1252360 1942.0
1252370 1937.2
1252380 1937.2
1252390 1932.3
1252400 1928.1
1252410 1923.1
1252420 1923.1
1252430 1916.6
1252440 1911.0
1252450 1911.0
1252460 1905.4
1252470 1900.2
1252480 1900.2
1252490 1895.5
1252500 1892.1
1252510 1892.1
1252520 1891.0
1252530 1890.9
1252540 1890.9
1252550 1890.6
1252560 1891.0
1252570 1891.0
1252580 1892.3
1252590 1896.0
1252600 1896.0
1252610 1901.6
1252620 1905.4
1252630 1908.6
1252640 1908.6
1252650 1913.1
1252660 1917.4
1252670 1917.4
1252680 1922.4
1252690 1927.1
1252700 1926.1
1252710 1930.3
1252720 1935.2
1252730 1935.2
1252740 1939.2
1252750 1942.6
1252760 1942.6
1252770 1946.7
1252780 1951.8
1252790 1951.8
1252800 1957.0
1252810 1961.2
1252820 1961.2
1252830 1964.7
1252840 1967.6
1252850 1967.6
1252860 1971.3
1252870 1974.9
1252880 1978.8
1252890 1978.8
1252900 1983.6
1252910 1988.2
1252920 1988.2
1252930 1992.5
1252940 1996.3
1252950 1996.3
1252960 2000.7
1252970 2006.0
1252980 2006.0
1252990 2011.6
1253000 2016.0
1253010 2016.0
1253020 2018.4
1253030 2018.1
1253040 2018.1
1253050 2016.9
1253060 2017.5
1253070 2017.5
1253080 2020.3
1253090 2024.4
1253100 2027.7
1253110 2027.7
1253120 2031.2
1253130 2035.2
1253140 2035.2
1253150 2039.5
1253160 2044.3
1253170 2044.3
1253180 2048.9
1253190 2053.5
1253200 2053.5
1253210 2054.9
1253220 2055.2
1253230 2055.2
1253240 2057.5
1253250 2063.6
1253260 2063.6
1253270 2067.8
1253280 2072.5
1253290 2072.5
1253300 2079.1
1253310 2087.8
1253320 2087.8
1253330 2091.5
1253340 2093.2
1253350 2097.6
1253360 2097.6
1253370 2104.0
1253380 2110.5
1253390 2110.5
1253400 2116.7
1253410 2122.0
1253420 2122.0
1253430 2126.8
1253440 2132.0
1253450 2132.0
1253460 2137.5
1253470 2142.6
1253480 2142.6
1253490 2145.3
1253500 2148.6
1253510 2148.6
1253520 2154.4
1253530 2158.3
1253540 2158.3
1253550 2157.1
1253560 2159.2
1253570 2165.4
1253580 2165.4
1253590 2172.8
1253600 2180.0
1253610 2180.0
1253620 2187.1
1253630 2192.9
1253640 2192.9
1253650 2200.2
1253660 2207.6
1253670 2207.6
1253680 2215.5
1253690 2222.2
1253700 2222.2
1253710 2227.0
1253720 2232.5
1253730 2232.5
1253740 2237.3
1253750 2235.7
1253760 2235.7
1253770 2234.4
1253780 2237.0
1253790 2237.0
1253800 2247.9
1253810 2258.6
1253820 2262.4
1253830 2262.4
1253840 2261.5
1253850 2260.2
1253860 2260.2
1253870 2260.0
1253880 2261.3
1253890 2261.3
1253900 2261.9
1253910 2262.4
1253920 2262.4
1253930 2264.5
1253940 2267.4
1253950 2267.4
1253960 2268.9
1253970 2268.5
1253980 2268.5
1253990 2263.4
1254000 2258.0
1254010 2258.0
1254020 2250.7
1254030 2242.3
1254040 2242.3
1254050 2235.2
1254060 2229.7
1254070 2226.9
1254080 2226.9
1254090 2226.6
1254100 2223.2
1254110 2223.2
1254120 2219.4
1254130 2216.3
1254140 2216.3
1254150 2212.9
1254160 2209.0
1254170 2209.0
1254180 2204.1
1254190 2199.1
1254200 2199.1
1254210 2195.3
1254220 2193.6
1254230 2193.6
1254240 2192.6
1254250 2189.0
1254260 2189.0
1254270 2184.9
1254280 2181.6
1254290 2178.0
1254300 2178.0
1254310 2175.6
1254320 2175.0
1254330 2175.0
1254340 2174.2
1254350 2173.3
1254360 2173.3
1254370 2171.9
1254380 2174.1
1254390 2174.1
1254400 2174.3
1254410 2174.8
1254420 2174.8
1254430 2176.9
1254440 2180.5
1254450 2180.5
1254460 2183.1
1254470 2185.8
1254480 2185.8
1254490 2188.5
1254500 2191.9
1254510 2191.9
1254520 2194.4
1254530 2195.3
1254540 2198.3
1254550 2198.3
1254560 2202.8
1254570 2203.1
1254580 2203.1
1254590 2202.8
1254600 2204.8
1254610 2204.8
1254620 2207.6
1254630 2210.8
1254640 2210.8
1254650 2214.6
1254660 2219.1
1254670 2219.1
1254680 2223.4
1254690 2227.5
1254700 2227.5
1254710 2231.4
1254720 2235.5
1254730 2235.5
1254740 2239.7
1254750 2244.5
1254760 2248.9
1254770 2248.9
1254780 2253.6
1254790 2258.1
1254800 2258.1
1254810 2262.9
1254820 2268.1
1254830 2268.1
1254840 2272.5
1254850 2275.8
1254860 2275.8
1254870 2278.6
1254880 2283.3
1254890 2283.3
1254900 2291.5
1254910 2295.8
1254920 2295.8
1254930 2299.4
1254940 2303.0
1254950 2303.0
1254960 2306.5
1254970 2311.1
1254980 2311.1
1254990 2315.9
1255000 2320.5
1255010 2326.7
1255020 2326.7
1255030 2334.2
1255040 2342.5
1255050 2342.5
1255060 2350.8
1255070 2358.6
1255080 2358.6
1255090 2365.5
1255100 2371.5
1255110 2371.5
1255120 2376.7
1255130 2380.8
1255140 2380.8
1255150 2384.9
1255160 2388.2
1255170 2388.2
1255180 2390.4
1255190 2394.8
1255200 2394.8
1255210 2400.4
1255220 2407.2
1255230 2415.1
1255240 2415.1
1255250 2424.4
1255260 2434.1
1255270 2434.1
1255280 2444.7
1255290 2454.8
1255300 2454.8
1255310 2463.1
1255320 2464.5
1255330 2464.5
1255340 2473.9
1255350 2491.5
1255360 2491.5
1255370 2509.0
1255380 2522.1
1255390 2522.1
1255400 2537.0
1255410 2549.4
1255420 2549.4
1255430 2569.6
1255440 2582.1
1255450 2582.1
1255460 2604.4
1255470 2614.5
1255480 2619.4
1255490 2619.4
1255500 2630.5
1255510 2639.5
1255520 2639.5
1255530 2642.4
1255540 2623.8
1255550 2623.8
1255560 2600.8
1255570 2587.0
1255580 2587.0
1255590 2580.7
1255600 2585.4
1255610 2585.4
1255620 2595.1
1255630 2604.2
1255640 2604.2
1255650 2609.7
1255660 2613.0
1255670 2613.0
1255680 2614.5
1255690 2608.4
1255700 2602.5
1255710 2602.5
1255720 2595.7
1255730 2585.5
1255740 2585.5
1255750 2576.2
1255760 2552.7
1255770 2552.7
1255780 2541.4
1255790 2527.4
1255800 2527.4
1255810 2503.2
1255820 2484.6
1255830 2484.6
1255840 2437.4
1255850 2383.8
1255860 2383.8
1255870 2362.6
1255880 2346.6
1255890 2346.6
1255900 2334.4
1255910 2327.8
1255920 2327.8
1255930 2321.1
1255940 2314.5
1255950 2308.3
1255960 2308.3
1255970 2302.1
1255980 2295.8
1255990 2295.8
1256000 2289.6
1256010 2286.8
1256020 2286.8
1256030 2282.3
1256040 2277.6
1256050 2277.6
1256060 2272.6
1256070 2267.6
1256080 2267.6
1256090 2262.9
1256100 2259.2
1256110 2259.2
1256120 2256.5
1256130 2255.8
1256140 2255.8
1256150 2257.0
1256160 2258.1
1256170 2258.1
1256180 2257.8
1256190 2256.1
1256200 2252.7
1256210 2252.7
1256220 2247.2
1256230 2241.6
1256240 2241.6
1256250 2237.0
1256260 2232.2
1256270 2232.2
1256280 2227.6
1256290 2222.6
1256300 2222.6
1256310 2219.6
1256320 2222.4
1256330 2222.4
1256340 2231.8
1256350 2229.3
1256360 2229.3
1256370 2217.7
1256380 2216.7
1256390 2216.7
1256400 2218.6
1256410 2223.3
1256420 2226.4
1256430 2226.4
1256440 2231.9
1256450 2230.9
1256460 2230.9
1256470 2228.8
1256480 2223.8
1256490 2223.8
1256500 2213.5
1256510 2195.2
1256520 2195.2
1256530 2166.8
1256540 2155.5
1256550 2155.5
1256560 2151.1
1256570 2135.1
1256580 2135.1
1256590 2126.1
1256600 2122.1
1256610 2122.1
1256620 2123.3
1256630 2137.8
1256640 2137.8
1256650 2138.3
1256660 2125.1
1256670 2129.0
1256680 2129.0
1256690 2131.8
1256700 2113.0
1256710 2113.0
1256720 2092.7
1256730 2083.4
1256740 2083.4
1256750 2076.8
1256760 2070.9
1256770 2070.9
1256780 2066.3
1256790 2064.1
1256800 2064.1
1256810 2063.1
1256820 2063.4
1256830 2063.4
1256840 2064.5
1256850 2065.5
1256860 2065.5
1256870 2059.6
1256880 2030.1
1256890 2018.2
1256900 2018.2
1256910 2010.9
1256920 2004.5
1256930 2004.5
1256940 1998.9
1256950 1992.6
1256960 1992.6
1256970 1987.1
1256980 1982.6
1256990 1982.6
1257000 1977.8
1257010 1973.2
1257020 1973.2
1257030 1968.6
1257040 1964.2
1257050 1964.2
1257060 1959.4
1257070 1953.4
1257080 1953.4
1257090 1948.1
1257100 1943.4
1257110 1943.4
1257120 1938.2
1257130 1935.6
1257140 1930.9
1257150 1930.9
1257160 1926.3
1257170 1921.5
1257180 1921.5
1257190 1917.5
1257200 1915.2
1257210 1915.2
1257220 1914.3
1257230 1912.8
1257240 1912.8
1257250 1911.3
1257260 1910.2
1257270 1910.2
1257280 1908.2
1257290 1905.4
1257300 1905.4
1257310 1903.1
1257320 1900.8
1257330 1900.8
1257340 1898.2
1257350 1898.1
1257360 1899.4
1257370 1899.4
1257380 1899.9
1257390 1899.3
1257400 1899.3
1257410 1898.1
1257420 1895.8
1257430 1895.8
1257440 1892.8
1257450 1888.5
1257460 1888.5
1257470 1883.1
1257480 1879.2
1257490 1879.2
1257500 1876.9
1257510 1875.8
1257520 1875.8
1257530 1875.6
1257540 1876.0
1257550 1876.0
1257560 1875.9
1257570 1875.8
1257580 1875.8
1257590 1876.3
1257600 1878.3
1257610 1885.7
1257620 1885.7
1257630 1887.4
1257640 1889.1
1257650 1889.1
1257660 1886.6
1257670 1886.7
1257680 1896.8
1257690 1902.3
1257700 1904.0
1257710 1904.0
1257720 1899.9
1257730 1894.2
1257740 1894.2
1257750 1890.0
1257760 1883.2
1257770 1883.2
1257780 1876.6
1257790 1869.2
1257800 1869.2
1257810 1859.9
1257820 1851.4
1257830 1842.8
1257840 1842.8
1257850 1833.9
1257860 1824.6
1257870 1824.6
1257880 1818.3
1257890 1813.0
1257900 1813.0
1257910 1804.8
1257920 1791.7
1257930 1791.7
1257940 1778.8
1257950 1771.8
1257960 1771.8
1257970 1766.4
1257980 1760.9
1257990 1760.9
1258000 1754.9
1258010 1749.9
1258020 1749.9
1258030 1745.5
1258040 1739.9
1258050 1739.9
1258060 1734.5
1258070 1728.7
1258080 1721.8
1258090 1721.8
1258100 1714.6
1258110 1709.6
1258120 1709.6
1258130 1706.7
1258140 1702.5
1258150 1702.5
1258160 1697.9
1258170 1693.2
1258180 1693.2
1258190 1688.4
1258200 1683.7
1258210 1683.7
1258220 1679.1
1258230 1673.8
1258240 1669.6
1258250 1664.4
1258260 1659.7
1258270 1659.7
1258280 1654.8
1258290 1650.3
1258300 1647.0
1258310 1647.0
1258320 1646.3
1258330 1646.9
1258340 1646.9
1258350 1645.3
1258360 1642.6
1258370 1642.6
1258380 1639.5
1258390 1635.5
1258400 1635.5
1258410 1631.8
1258420 1630.2
1258430 1630.2
1258440 1628.5
1258450 1625.4
1258460 1625.4
1258470 1621.8
1258480 1617.7
1258490 1617.7
1258500 1614.2
1258510 1611.9
1258520 1611.9
1258530 1610.4
1258540 1609.8
1258550 1609.1
1258560 1609.1
1258570 1608.6
1258580 1607.8
1258590 1607.8
1258600 1606.8
1258610 1605.7
1258620 1605.7
1258630 1604.9
1258640 1604.2
1258650 1604.2
1258660 1603.5
1258670 1602.6
1258680 1602.6
1258690 1601.8
1258700 1600.9
1258710 1600.9
1258720 1599.9
1258730 1598.9
1258740 1598.9
1258750 1598.0
1258760 1597.3
1258770 1597.3
1258780 1596.7
1258790 1596.0
1258800 1595.3
1258810 1595.7
1258820 1594.7
1258830 1593.8
1258840 1593.8
1258850 1593.1
1258860 1592.3
1258870 1592.3
1258880 1591.2
1258890 1590.2
1258900 1590.2
1258910 1589.2
1258920 1588.3
1258930 1588.3
1258940 1587.6
1258950 1587.0
1258960 1587.0
1258970 1586.9
1258980 1588.0
1258990 1588.0
1259000 1589.4
1259010 1590.3
1259020 1591.6
1259030 1591.6
1259040 1593.5
1259050 1595.1
1259060 1595.1
1259070 1595.8
1259080 1596.3
1259090 1596.3
1259100 1596.6
1259110 1596.3
1259120 1596.3
1259130 1595.8
1259140 1595.2
1259150 1595.2
1259160 1594.4
1259170 1593.0
1259180 1593.0
1259190 1593.1
1259200 1592.5
1259210 1592.5
1259220 1591.9
1259230 1591.4
1259240 1591.4
1259250 1590.6
1259260 1589.9
1259270 1588.9
1259280 1588.9
1259290 1587.9
1259300 1586.7
1259310 1586.7
1259320 1585.5
1259330 1585.0
1259340 1585.0
1259350 1584.9
1259360 1585.8
1259370 1588.0
1259380 1587.7
1259390 1586.0
1259400 1586.0
1259410 1581.2
1259420 1575.9
1259430 1575.9
1259440 1573.4
1259450 1573.2
1259460 1573.2
1259470 1573.2
1259480 1573.2
1259490 1573.2
1259500 1573.2
1259510 1573.2
1259520 1573.2
1259530 1573.2
1259540 1573.2
1259550 1573.2
1259560 1573.2
1259570 1573.2
1259580 1573.4
1259590 1573.4
1259600 1573.6
1259610 1570.2
1259620 1570.2
1259630 1565.8
1259640 1561.9
1259650 1561.9
1259660 1559.4
1259670 1558.1
1259680 1558.1
1259690 1556.9
1259700 1555.6
1259710 1555.6
1259720 1553.8
1259730 1551.5
1259740 1549.3
1259750 1549.3
1259760 1548.1
1259770 1546.7
1259780 1546.7
1259790 1545.2
1259800 1543.6
1259810 1543.6
1259820 1542.1
1259830 1540.7
1259840 1540.7
1259850 1539.2
1259860 1537.1
1259870 1537.1
1259880 1534.9
1259890 1533.3
1259900 1533.3
1259910 1531.8
1259920 1530.1
1259930 1530.1
1259940 1529.6
1259950 1527.1
1259960 1524.7
1259970 1524.7
1259980 1522.9
1259990 1521.6
