1240000 1604.2
1240010 1609.4
1240020 1609.4
1240030 1616.1
1240040 1623.0
1240050 1623.0
1240060 1629.9
1240070 1636.2
1240080 1636.2
1240090 1643.0
1240100 1650.6
1240110 1650.6
1240120 1658.9
1240130 1665.7
1240140 1665.7
1240150 1672.5
1240160 1676.0
1240170 1676.0
1240180 1677.8
1240190 1681.5
1240200 1681.5
1240210 1685.7
1240220 1690.2
1240230 1694.9
1240240 1694.9
1240250 1699.8
1240260 1705.7
1240270 1705.7
1240280 1710.9
1240290 1715.9
1240300 1715.9
1240310 1721.2
1240320 1726.8
1240330 1726.8
1240340 1732.8
1240350 1738.7
1240360 1738.7
1240370 1744.3
1240380 1749.7
1240390 1749.7
1240400 1754.6
1240410 1759.5
1240420 1759.5
1240430 1764.8
1240440 1770.4
1240450 1770.4
1240460 1776.5
1240470 1782.3
1240480 1787.3
1240490 1787.3
1240500 1792.3
1240510 1797.9
1240520 1797.9
1240530 1803.8
1240540 1809.7
1240550 1809.7
1240560 1815.4
1240570 1820.9
1240580 1820.9
1240590 1826.6
1240600 1832.3
1240610 1832.3
1240620 1838.3
1240630 1844.8
1240640 1844.8
1240650 1851.0
1240660 1859.1
1240670 1857.6
1240680 1866.3
1240690 1874.7
1240700 1882.4
1240710 1882.4
1240720 1889.8
1240730 1896.4
1240740 1896.4
1240750 1902.7
1240760 1910.8
1240770 1910.8
1240780 1919.4
1240790 1930.1
1240800 1930.1
1240810 1942.6
1240820 1955.7
1240830 1955.7
1240840 1964.3
1240850 1970.6
1240860 1970.6
1240870 1977.2
1240880 1986.0
1240890 1986.0
1240900 1994.6
1240910 2001.8
1240920 2001.8
1240930 2010.1
1240940 2016.3
1240950 2020.8
1240960 2020.8
1240970 2025.2
1240980 2031.0
1240990 2031.0
1241000 2038.3
1241010 2046.1
1241020 2046.1
1241030 2052.8
1241040 2059.3
1241050 2059.3
1241060 2066.3
1241070 2074.7
1241080 2074.7
1241090 2082.2
1241100 2091.4
1241110 2091.4
1241120 2099.1
1241130 2103.4
1241140 2103.4
1241150 2109.0
1241160 2116.5
1241170 2123.4
1241180 2123.4
1241190 2130.1
1241200 2135.7
1241210 2135.7
1241220 2142.4
1241230 2151.1
1241240 2151.1
1241250 2152.4
1241260 2152.2
1241270 2152.2
1241280 2154.6
1241290 2159.0
1241300 2159.0
1241310 2164.3
1241320 2170.6
1241330 2170.6
1241340 2176.4
1241350 2178.4
1241360 2178.4
1241370 2182.2
1241380 2187.6
1241390 2187.6
1241400 2193.4
1241410 2199.3
1241420 2204.7
1241430 2204.7
1241440 2209.2
1241450 2213.3
1241460 2213.3
1241470 2217.5
1241480 2221.8
1241490 2221.8
1241500 2226.0
1241510 2229.8
1241520 2229.8
1241530 2232.6
1241540 2237.0
1241550 2237.0
1241560 2242.1
1241570 2246.4
1241580 2246.4
1241590 2251.5
1241600 2256.0
1241610 2256.0
1241620 2259.0
1241630 2263.0
1241640 2267.6
1241650 2267.6
1241660 2273.0
1241670 2279.4
1241680 2279.4
1241690 2284.7
1241700 2289.4
1241710 2289.4
1241720 2293.9
1241730 2299.0
1241740 2299.0
1241750 2304.2
1241760 2308.2
1241770 2308.2
1241780 2312.2
1241790 2315.6
1241800 2315.6
1241810 2319.2
1241820 2325.6
1241830 2325.6
1241840 2332.3
1241850 2339.0
1241860 2339.0
1241870 2345.7
1241880 2350.6
1241890 2353.8
1241900 2353.8
1241910 2354.2
1241920 2358.5
1241930 2358.5
1241940 2363.5
1241950 2368.6
1241960 2368.6
1241970 2374.8
1241980 2380.0
1241990 2380.0
1242000 2384.6
1242010 2390.0
1242020 2390.0
1242030 2394.4
1242040 2398.4
1242050 2398.4
1242060 2402.9
1242070 2408.6
1242080 2408.6
1242090 2413.2
1242100 2417.8
1242110 2422.9
1242120 2422.9
1242130 2429.1
1242140 2435.4
1242150 2435.4
1242160 2440.5
1242170 2439.4
1242180 2439.4
1242190 2441.9
1242200 2447.2
1242210 2447.2
1242220 2452.8
1242230 2456.2
1242240 2456.4
1242250 2460.5
1242260 2461.9
1242270 2461.9
1242280 2463.2
1242290 2465.7
1242300 2465.7
1242310 2467.3
1242320 2469.3
1242330 2469.3
1242340 2470.2
1242350 2470.0
1242360 2469.1
1242370 2469.1
1242380 2468.6
1242390 2468.7
1242400 2468.7
1242410 2467.9
1242420 2467.7
1242430 2467.7
1242440 2467.9
1242450 2467.1
1242460 2467.1
1242470 2466.4
1242480 2466.0
1242490 2466.0
1242500 2465.8
1242510 2466.2
1242520 2466.2
1242530 2466.9
1242540 2466.8
1242550 2466.8
1242560 2466.4
1242570 2464.2
1242580 2463.2
1242590 2463.2
1242600 2462.5
1242610 2461.4
1242620 2461.4
1242630 2461.7
1242640 2464.2
1242650 2464.2
1242660 2465.7
1242670 2465.4
1242680 2465.4
1242690 2464.7
1242700 2466.0
1242710 2466.0
1242720 2466.7
1242730 2470.5
1242740 2470.5
1242750 2473.7
1242760 2482.5
1242770 2482.5
1242780 2485.3
1242790 2487.8
1242800 2487.8
1242810 2490.2
1242820 2491.6
1242830 2493.0
1242840 2493.0
1242850 2492.9
1242860 2492.1
1242870 2492.1
1242880 2492.5
1242890 2493.6
1242900 2493.6
1242910 2495.6
1242920 2497.0
1242930 2497.0
1242940 2498.4
1242950 2500.0
1242960 2500.0
1242970 2501.7
1242980 2504.3
1242990 2504.3
1243000 2507.4
1243010 2511.4
1243020 2511.4
1243030 2515.0
1243040 2517.8
1243050 2520.3
1243060 2520.3
1243070 2523.1
1243080 2525.3
1243090 2525.3
1243100 2528.1
1243110 2530.3
1243120 2530.3
1243130 2530.8
1243140 2532.0
1243150 2532.0
1243160 2535.8
1243170 2540.4
1243180 2540.4
1243190 2545.1
1243200 2550.7
1243210 2550.7
1243220 2555.4
1243230 2559.7
1243240 2559.7
1243250 2563.5
1243260 2569.0
1243270 2569.0
1243280 2573.6
1243290 2581.5
1243300 2584.3
1243310 2584.3
1243320 2589.2
1243330 2593.5
1243340 2593.5
1243350 2597.5
1243360 2602.9
1243370 2602.9
1243380 2610.2
1243390 2618.0
1243400 2618.0
1243410 2626.8
1243420 2636.3
1243430 2636.3
1243440 2648.1
1243450 2658.1
1243460 2658.1
1243470 2666.0
1243480 2672.6
1243490 2672.6
1243500 2679.5
1243510 2686.7
1243520 2686.7
1243530 2690.8
1243540 2690.2
1243550 2691.7
1243560 2691.7
1243570 2695.9
1243580 2703.2
1243590 2703.2
1243600 2709.4
1243610 2712.3
1243620 2712.3
1243630 2712.7
1243640 2714.6
1243650 2714.6
1243660 2715.8
1243670 2715.0
1243680 2715.0
1243690 2712.4
1243700 2708.3
1243710 2708.3
1243720 2703.5
1243730 2698.5
1243740 2698.5
1243750 2693.0
1243760 2687.5
1243770 2682.9
1243780 2682.9
1243790 2678.8
1243800 2675.8
1243810 2675.8
1243820 2671.0
1243830 2669.2
1243840 2669.2
1243850 2667.9
1243860 2666.6
1243870 2666.6
1243880 2665.7
1243890 2665.2
1243900 2665.2
1243910 2665.4
1243920 2665.3
1243930 2665.3
1243940 2663.2
1243950 2656.4
1243960 2656.4
1243970 2647.7
1243980 2637.7
1243990 2637.7
1244000 2627.7
1244010 2620.3
1244020 2614.0
1244030 2614.0
1244040 2608.7
1244050 2604.8
1244060 2604.8
1244070 2602.6
1244080 2600.9
1244090 2600.9
1244100 2599.4
1244110 2598.3
1244120 2598.3
1244130 2597.4
1244140 2596.2
1244150 2596.2
1244160 2595.2
1244170 2594.1
1244180 2594.1
1244190 2593.0
1244200 2591.4
1244210 2591.4
1244220 2589.9
1244230 2588.4
1244240 2587.1
1244250 2587.1
1244260 2586.0
1244270 2584.6
1244280 2584.6
1244290 2581.6
1244300 2575.1
1244310 2575.1
1244320 2567.4
1244330 2559.9
1244340 2556.9
1244350 2549.2
1244360 2543.6
1244370 2543.6
1244380 2537.9
1244390 2532.0
1244400 2532.0
1244410 2525.9
1244420 2521.2
1244430 2521.2
1244440 2518.3
1244450 2516.6
1244460 2516.6
1244470 2515.5
1244480 2514.6
1244490 2513.4
1244500 2513.4
1244510 2511.5
1244520 2508.9
1244530 2508.9
1244540 2506.1
1244550 2503.0
1244560 2503.0
1244570 2500.2
1244580 2497.7
1244590 2497.7
1244600 2494.2
1244610 2491.7
1244620 2491.7
1244630 2490.7
1244640 2490.2
1244650 2490.2
1244660 2489.0
1244670 2487.0
1244680 2487.0
1244690 2486.2
1244700 2485.5
1244710 2482.9
1244720 2482.9
1244730 2479.6
1244740 2477.1
1244750 2477.1
1244760 2475.9
1244770 2473.9
1244780 2473.9
1244790 2473.5
1244800 2474.4
1244810 2474.4
1244820 2474.8
1244830 2474.4
1244840 2474.4
1244850 2472.6
1244860 2470.5
1244870 2468.4
1244880 2467.1
1244890 2467.2
1244900 2467.2
1244910 2469.2
1244920 2470.9
1244930 2470.9
1244940 2470.3
1244950 2468.6
1244960 2465.6
1244970 2465.6
1244980 2461.4
1244990 2456.4
1245000 2456.4
1245010 2452.3
1245020 2448.7
1245030 2448.7
1245040 2444.3
1245050 2440.1
1245060 2440.1
1245070 2436.9
1245080 2434.4
1245090 2434.4
1245100 2433.0
1245110 2433.6
1245120 2433.6
1245130 2434.1
1245140 2434.0
1245150 2434.0
1245160 2433.1
1245170 2431.5
1245180 2429.2
1245190 2429.2
1245200 2426.9
1245210 2425.3
1245220 2425.3
1245230 2423.6
1245240 2421.0
1245250 2421.0
1245260 2417.5
1245270 2414.7
1245280 2414.7
1245290 2412.9
1245300 2411.1
1245310 2411.1
1245320 2410.0
1245330 2409.8
1245340 2409.8
1245350 2408.8
1245360 2408.5
1245370 2408.5
1245380 2408.3
1245390 2406.9
1245400 2406.2
1245410 2404.8
1245420 2404.2
1245430 2404.2
1245440 2404.2
1245450 2403.5
1245460 2402.6
1245470 2402.6
1245480 2400.8
1245490 2398.4
1245500 2398.4
1245510 2395.6
1245520 2392.1
1245530 2392.1
1245540 2388.5
1245550 2385.0
1245560 2385.0
1245570 2381.5
1245580 2379.8
1245590 2379.8
1245600 2379.7
1245610 2380.2
1245620 2380.2
1245630 2381.3
1245640 2382.4
1245650 2382.2
1245660 2382.2
1245670 2380.2
1245680 2378.8
1245690 2378.8
1245700 2378.4
1245710 2376.5
1245720 2376.5
1245730 2374.4
1245740 2372.7
1245750 2372.7
1245760 2371.4
1245770 2369.5
1245780 2369.5
1245790 2368.1
1245800 2367.3
1245810 2367.3
1245820 2366.1
1245830 2364.8
1245840 2364.8
1245850 2362.8
1245860 2360.2
1245870 2360.2
1245880 2356.8
1245890 2352.6
1245900 2347.3
1245910 2347.3
1245920 2341.3
1245930 2331.8
1245940 2331.8
1245950 2325.7
1245960 2320.3
1245970 2320.3
1245980 2315.1
1245990 2310.8
1246000 2310.8
1246010 2307.2
1246020 2303.9
1246030 2303.9
1246040 2300.8
1246050 2299.1
1246060 2299.1
1246070 2297.2
1246080 2295.8
1246090 2295.8
1246100 2295.6
1246110 2295.5
1246120 2295.5
1246130 2295.5
1246140 2295.6
1246150 2296.4
1246160 2296.4
1246170 2296.7
1246180 2294.9
1246190 2294.9
1246200 2289.0
1246210 2281.3
1246220 2281.3
1246230 2275.7
1246240 2268.2
1246250 2268.2
1246260 2259.5
1246270 2250.0
1246280 2250.0
1246290 2242.9
1246300 2237.6
1246310 2237.6
1246320 2232.5
1246330 2228.3
1246340 2228.3
1246350 2224.3
1246360 2222.0
1246370 2219.2
1246380 2219.2
1246390 2216.0
1246400 2212.2
1246410 2212.2
1246420 2207.0
1246430 2201.0
1246440 2201.0
1246450 2197.7
1246460 2196.3
1246470 2200.5
1246480 2198.6
1246490 2196.9
1246500 2196.9
1246510 2195.2
1246520 2193.7
1246530 2193.7
1246540 2193.0
1246550 2193.3
1246560 2193.3
1246570 2195.6
1246580 2195.8
1246590 2195.8
1246600 2190.1
1246610 2186.2
1246620 2182.4
1246630 2182.4
1246640 2179.4
1246650 2178.1
1246660 2178.1
1246670 2171.9
1246680 2164.0
1246690 2164.0
1246700 2155.8
1246710 2149.6
1246720 2149.6
1246730 2141.8
1246740 2133.5
1246750 2133.5
1246760 2125.6
1246770 2118.0
1246780 2118.0
1246790 2110.9
1246800 2104.2
1246810 2104.2
1246820 2098.5
1246830 2095.3
1246840 2093.3
1246850 2093.3
1246860 2091.9
1246870 2089.3
1246880 2089.3
1246890 2081.7
1246900 2072.6
1246910 2072.6
1246920 2065.5
1246930 2060.7
1246940 2060.7
1246950 2059.6
1246960 2061.2
1246970 2061.2
1246980 2061.5
1246990 2059.5
1247000 2067.8
1247010 2062.0
1247020 2055.5
1247030 2055.5
1247040 2049.4
1247050 2044.0
1247060 2044.0
1247070 2040.2
1247080 2036.7
1247090 2032.4
1247100 2032.4
1247110 2027.8
1247120 2027.1
1247130 2027.1
1247140 2029.4
1247150 2033.7
1247160 2033.7
1247170 2036.5
1247180 2038.2
1247190 2038.2
1247200 2041.4
1247210 2045.2
1247220 2045.2
1247230 2047.5
1247240 2047.2
1247250 2047.2
1247260 2047.9
1247270 2049.8
1247280 2049.8
1247290 2050.6
1247300 2052.9
1247310 2058.1
1247320 2058.1
1247330 2064.8
1247340 2071.8
1247350 2071.8
1247360 2078.6
1247370 2085.2
1247380 2085.2
1247390 2092.5
1247400 2100.1
1247410 2100.1
1247420 2107.5
1247430 2115.2
1247440 2115.2
1247450 2122.9
1247460 2130.3
1247470 2130.3
1247480 2137.2
1247490 2143.6
1247500 2143.6
1247510 2147.1
1247520 2146.2
1247530 2147.7
1247540 2149.4
1247550 2147.3
1247560 2142.7
1247570 2142.7
1247580 2138.8
1247590 2134.2
1247600 2134.2
1247610 2129.1
1247620 2124.6
1247630 2124.6
1247640 2120.2
1247650 2114.0
1247660 2114.0
1247670 2104.7
1247680 2088.8
1247690 2088.8
1247700 2077.2
1247710 2071.3
1247720 2071.3
1247730 2070.4
1247740 2069.3
1247750 2069.3
1247760 2063.1
1247770 2058.5
1247780 2054.3
1247790 2054.3
1247800 2043.8
1247810 2032.5
1247820 2032.5
1247830 2021.6
1247840 2010.9
1247850 2010.9
1247860 2002.0
1247870 1991.9
1247880 1991.9
1247890 1982.5
1247900 1972.5
1247910 1972.5
1247920 1962.7
1247930 1954.0
1247940 1954.0
1247950 1946.0
1247960 1938.6
1247970 1938.6
1247980 1931.3
1247990 1923.3
1248000 1923.3
1248010 1915.0
1248020 1906.5
1248030 1898.9
1248040 1898.9
1248050 1890.6
1248060 1881.5
1248070 1873.9
1248080 1865.0
1248090 1857.2
1248100 1857.2
1248110 1850.3
1248120 1845.5
1248130 1845.5
1248140 1841.9
1248150 1837.5
1248160 1837.5
1248170 1832.1
1248180 1827.1
1248190 1827.1
1248200 1822.5
1248210 1817.6
1248220 1817.6
1248230 1812.9
1248240 1808.7
1248250 1804.4
1248260 1804.4
1248270 1799.8
1248280 1795.5
1248290 1795.5
1248300 1790.8
1248310 1785.6
1248320 1785.6
1248330 1780.5
1248340 1775.4
1248350 1775.4
1248360 1770.0
1248370 1764.9
1248380 1764.9
1248390 1760.0
1248400 1755.5
1248410 1755.5
1248420 1752.2
1248430 1747.9
1248440 1747.9
1248450 1742.7
1248460 1739.1
1248470 1739.1
1248480 1735.1
1248490 1731.4
1248500 1730.1
1248510 1730.1
1248520 1732.4
1248530 1736.2
1248540 1736.2
1248550 1740.8
1248560 1743.1
1248570 1743.1
1248580 1744.0
1248590 1744.3
1248600 1744.3
1248610 1745.6
1248620 1749.0
1248630 1749.0
1248640 1755.1
1248650 1763.2
1248660 1763.2
1248670 1771.7
1248680 1780.1
1248690 1780.1
1248700 1787.0
1248710 1792.6
1248720 1796.4
1248730 1796.4
1248740 1799.6
1248750 1803.3
1248760 1803.3
1248770 1807.9
1248780 1812.1
1248790 1812.1
1248800 1816.1
1248810 1820.5
1248820 1820.5
1248830 1826.1
1248840 1831.4
1248850 1831.4
1248860 1836.0
1248870 1841.1
1248880 1841.1
1248890 1846.6
1248900 1851.4
1248910 1851.4
1248920 1856.1
1248930 1861.0
1248940 1861.0
1248950 1867.0
1248960 1874.1
1248970 1882.5
1248980 1882.5
1248990 1890.3
1249000 1896.7
1249010 1896.7
1249020 1903.0
1249030 1908.8
1249040 1908.8
1249050 1913.9
1249060 1919.4
1249070 1919.4
1249080 1924.5
1249090 1930.5
1249100 1930.5
1249110 1936.5
1249120 1942.5
1249130 1942.5
1249140 1948.5
1249150 1957.5
1249160 1957.5
1249170 1963.9
1249180 1971.2
1249190 1978.6
1249200 1978.6
1249210 1985.7
1249220 1993.0
1249230 1993.0
1249240 2001.9
1249250 2011.0
1249260 2011.0
1249270 2019.0
1249280 2026.3
1249290 2026.3
1249300 2033.0
1249310 2038.6
1249320 2038.6
1249330 2043.0
1249340 2046.8
1249350 2046.8
1249360 2050.2
1249370 2052.9
1249380 2052.9
1249390 2054.9
1249400 2057.3
1249410 2057.3
1249420 2060.1
1249430 2060.2
1249440 2060.7
1249450 2060.7
1249460 2062.1
1249470 2062.4
1249480 2062.4
1249490 2062.1
1249500 2059.3
1249510 2059.3
1249520 2055.2
1249530 2053.2
1249540 2053.2
1249550 2052.0
1249560 2051.2
1249570 2051.2
1249580 2050.5
1249590 2049.7
1249600 2049.7
1249610 2048.3
1249620 2047.4
1249630 2047.4
1249640 2047.0
1249650 2046.1
1249660 2046.1
1249670 2047.3
1249680 2047.9
1249690 2055.1
1249700 2055.1
1249710 2055.0
1249720 2055.0
1249730 2055.0
1249740 2055.9
1249750 2058.1
1249760 2058.1
1249770 2061.1
1249780 2064.0
1249790 2064.0
1249800 2066.9
1249810 2070.1
1249820 2070.1
1249830 2073.4
1249840 2077.0
1249850 2077.0
1249860 2080.2
1249870 2082.7
1249880 2082.7
1249890 2086.4
1249900 2091.9
1249910 2097.5
1249920 2097.5
1249930 2102.2
1249940 2105.9
1249950 2105.9
1249960 2108.9
1249970 2112.3
1249980 2112.3
1249990 2115.7
1250000 2118.2
1250010 2118.2
1250020 2119.8
1250030 2121.0
1250040 2121.0
1250050 2121.8
1250060 2123.0
1250070 2123.0
1250080 2126.1
1250090 2130.4
1250100 2130.4
1250110 2136.1
1250120 2142.7
1250130 2142.7
1250140 2149.3
1250150 2154.6
1250160 2157.4
1250170 2157.4
1250180 2158.3
1250190 2159.0
1250200 2159.0
1250210 2159.7
1250220 2160.3
1250230 2161.4
1250240 2161.8
1250250 2162.7
1250260 2162.7
1250270 2162.6
1250280 2159.5
1250290 2159.5
1250300 2160.4
1250310 2166.9
1250320 2166.9
1250330 2175.0
1250340 2181.5
1250350 2181.5
1250360 2184.5
1250370 2186.3
1250380 2188.0
1250390 2188.0
1250400 2189.2
1250410 2190.3
1250420 2190.3
1250430 2192.7
1250440 2196.1
1250450 2196.1
1250460 2199.9
1250470 2202.7
1250480 2202.7
1250490 2205.4
1250500 2209.3
1250510 2209.3
1250520 2212.8
1250530 2215.8
1250540 2215.8
1250550 2219.0
1250560 2222.4
1250570 2222.4
1250580 2225.8
1250590 2230.5
1250600 2230.5
1250610 2236.2
1250620 2241.6
1250630 2246.7
1250640 2246.7
1250650 2251.2
1250660 2255.2
1250670 2255.2
1250680 2259.2
1250690 2263.4
1250700 2263.4
1250710 2268.4
1250720 2274.1
1250730 2274.1
1250740 2279.5
1250750 2284.2
1250760 2284.2
1250770 2285.2
1250780 2290.9
1250790 2290.9
1250800 2297.6
1250810 2304.6
1250820 2304.6
1250830 2312.0
1250840 2320.5
1250850 2328.9
1250860 2328.9
1250870 2337.5
1250880 2346.9
1250890 2346.9
1250900 2357.4
1250910 2367.9
1250920 2367.9
1250930 2377.0
1250940 2380.2
1250950 2380.2
1250960 2370.5
1250970 2362.0
1250980 2362.0
1250990 2355.8
1251000 2347.2
1251010 2347.2
1251020 2340.0
1251030 2334.7
1251040 2334.7
1251050 2325.8
1251060 2317.2
1251070 2317.2
1251080 2311.6
1251090 2306.2
1251100 2301.4
1251110 2301.4
1251120 2296.8
1251130 2292.5
1251140 2292.5
1251150 2288.5
1251160 2283.7
1251170 2283.7
1251180 2278.6
1251190 2273.4
1251200 2273.4
1251210 2267.7
1251220 2261.2
1251230 2261.2
1251240 2254.5
1251250 2247.9
1251260 2247.9
1251270 2241.5
1251280 2236.1
1251290 2236.1
1251300 2231.2
1251310 2224.0
1251320 2211.8
1251330 2211.8
1251340 2202.2
1251350 2194.4
1251360 2194.4
1251370 2187.6
1251380 2180.8
1251390 2180.8
1251400 2174.2
1251410 2168.4
1251420 2168.4
1251430 2162.7
1251440 2157.7
1251450 2157.7
1251460 2154.1
1251470 2151.0
1251480 2151.0
1251490 2147.9
1251500 2145.2
1251510 2145.2
1251520 2142.8
1251530 2141.1
1251540 2141.1
1251550 2140.3
1251560 2140.8
1251570 2142.3
1251580 2142.3
1251590 2143.2
1251600 2143.6
1251610 2143.6
1251620 2143.5
1251630 2141.7
1251640 2141.7
1251650 2138.8
1251660 2135.5
1251670 2135.5
1251680 2130.6
1251690 2124.5
1251700 2124.5
1251710 2118.4
1251720 2111.7
1251730 2111.7
1251740 2101.5
1251750 2092.4
1251760 2092.4
1251770 2085.6
1251780 2079.5
1251790 2074.4
1251800 2074.4
1251810 2069.5
1251820 2065.1
1251830 2065.1
1251840 2061.3
1251850 2058.3
1251860 2058.8
1251870 2056.9
1251880 2055.4
1251890 2055.4
1251900 2054.5
1251910 2054.1
1251920 2054.1
1251930 2053.4
1251940 2052.6
1251950 2052.6
1251960 2051.8
1251970 2050.4
1251980 2050.4
1251990 2048.5
1252000 2045.8
1252010 2045.8
1252020 2041.4
1252030 2035.6
1252040 2030.0
1252050 2030.0
1252060 2025.7
1252070 2021.5
1252080 2021.5
1252090 2017.3
1252100 2012.8
1252110 2012.8
1252120 2007.5
1252130 2002.1
1252140 2002.1
1252150 1996.2
1252160 1989.7
1252170 1989.7
1252180 1982.1
1252190 1975.1
1252200 1975.1
1252210 1969.5
1252220 1964.1
1252230 1964.1
1252240 1958.8
1252250 1953.5
1252260 1947.9
1252270 1947.9
1252280 1942.3
1252290 1937.2
1252300 1937.2
1252310 1932.8
1252320 1928.4
1252330 1928.4
1252340 1923.9
1252350 1922.8
1252360 1922.8
1252370 1923.7
1252380 1927.1
1252390 1927.1
1252400 1927.2
1252410 1931.2
1252420 1931.2
1252430 1933.5
1252440 1935.4
1252450 1935.4
1252460 1937.1
1252470 1938.0
1252480 1938.0
1252490 1939.2
1252500 1940.2
1252510 1941.4
1252520 1941.4
1252530 1943.2
1252540 1944.4
1252550 1944.4
1252560 1945.0
1252570 1945.9
1252580 1945.9
1252590 1946.8
1252600 1947.2
1252610 1947.2
1252620 1944.7
1252630 1941.3
1252640 1941.3
1252650 1942.5
1252660 1945.6
1252670 1945.6
1252680 1950.5
1252690 1953.7
1252700 1953.7
1252710 1954.9
1252720 1956.5
1252730 1956.5
1252740 1957.8
1252750 1960.7
1252760 1964.9
1252770 1964.9
1252780 1969.2
1252790 1973.1
1252800 1973.1
1252810 1978.2
1252820 1983.5
1252830 1983.5
1252840 1988.7
1252850 1994.3
1252860 1994.3
1252870 1999.8
1252880 2005.1
1252890 2005.1
1252900 2009.7
1252910 2013.4
1252920 2013.4
1252930 2016.1
1252940 2018.5
1252950 2024.0
1252960 2026.0
1252970 2029.7
1252980 2034.7
1252990 2034.7
1253000 2039.1
1253010 2043.7
1253020 2043.7
1253030 2049.7
1253040 2053.6
1253050 2053.6
1253060 2058.2
1253070 2062.5
1253080 2062.5
1253090 2066.0
1253100 2069.5
1253110 2069.5
1253120 2073.8
1253130 2078.2
1253140 2078.2
1253150 2082.5
1253160 2086.9
1253170 2086.9
1253180 2091.1
1253190 2095.5
1253200 2095.5
1253210 2101.9
1253220 2109.0
1253230 2117.0
1253240 2117.0
1253250 2127.0
1253260 2136.2
1253270 2136.2
1253280 2144.9
1253290 2153.8
1253300 2153.8
1253310 2162.3
1253320 2169.8
1253330 2169.8
1253340 2176.8
1253350 2184.5
1253360 2184.5
1253370 2194.4
1253380 2202.4
1253390 2202.4
1253400 2208.8
1253410 2215.5
1253420 2215.5
1253430 2221.8
1253440 2227.3
1253450 2233.0
1253460 2233.0
1253470 2240.0
1253480 2247.1
1253490 2247.1
1253500 2251.9
1253510 2258.3
1253520 2258.3
1253530 2263.1
1253540 2268.6
1253550 2268.6
1253560 2274.5
1253570 2279.1
1253580 2279.1
1253590 2284.2
1253600 2289.5
1253610 2289.5
1253620 2294.9
1253630 2300.1
1253640 2300.1
1253650 2305.2
1253660 2308.9
1253670 2308.9
1253680 2312.0
1253690 2314.8
1253700 2316.7
1253710 2316.7
1253720 2317.9
1253730 2318.6
1253740 2318.6
1253750 2318.6
1253760 2318.8
1253770 2318.8
1253780 2319.7
1253790 2322.1
1253800 2322.1
1253810 2323.6
1253820 2327.3
1253830 2327.3
1253840 2328.0
1253850 2325.8
1253860 2325.8
1253870 2321.3
1253880 2317.0
1253890 2317.0
1253900 2312.0
1253910 2305.9
1253920 2300.5
1253930 2300.5
1253940 2295.0
1253950 2288.9
1253960 2288.9
1253970 2283.6
1253980 2276.6
1253990 2276.6
1254000 2268.0
1254010 2262.5
1254020 2262.5
1254030 2258.3
1254040 2254.1
1254050 2254.8
1254060 2252.7
1254070 2251.4
1254080 2251.4
1254090 2247.2
1254100 2242.8
1254110 2242.8
1254120 2240.0
1254130 2238.8
1254140 2238.8
1254150 2240.0
1254160 2239.4
1254170 2237.4
1254180 2237.4
1254190 2234.8
1254200 2233.5
1254210 2233.5
1254220 2233.0
1254230 2231.8
1254240 2231.8
1254250 2230.8
1254260 2229.7
1254270 2229.7
1254280 2230.5
1254290 2231.6
1254300 2231.6
1254310 2232.3
1254320 2237.9
1254330 2237.9
1254340 2238.6
1254350 2238.3
1254360 2238.3
1254370 2237.0
1254380 2237.6
1254390 2237.9
1254400 2237.9
1254410 2238.7
1254420 2240.3
1254430 2240.3
1254440 2241.2
1254450 2241.4
1254460 2241.4
1254470 2241.7
1254480 2241.4
1254490 2241.4
1254500 2239.2
1254510 2237.2
1254520 2237.2
1254530 2237.1
1254540 2239.7
1254550 2239.7
1254560 2242.6
1254570 2246.1
1254580 2246.1
1254590 2249.8
1254600 2255.1
1254610 2255.1
1254620 2259.2
1254630 2263.6
1254640 2268.3
1254650 2268.3
1254660 2273.2
1254670 2278.4
1254680 2278.4
1254690 2283.7
1254700 2289.1
1254710 2289.1
1254720 2294.7
1254730 2300.2
1254740 2300.2
1254750 2305.9
1254760 2311.6
1254770 2311.6
1254780 2317.4
1254790 2323.1
1254800 2323.1
1254810 2329.0
1254820 2335.0
1254830 2335.0
1254840 2341.3
1254850 2347.7
1254860 2354.3
1254870 2354.3
1254880 2361.1
1254890 2368.0
1254900 2368.0
1254910 2375.0
1254920 2381.9
1254930 2381.9
1254940 2388.9
1254950 2396.0
1254960 2396.0
1254970 2402.9
1254980 2409.8
1254990 2409.8
1255000 2416.8
1255010 2423.8
1255020 2423.8
1255030 2430.4
1255040 2436.7
1255050 2436.7
1255060 2442.5
1255070 2448.1
1255080 2448.1
1255090 2453.9
1255100 2459.8
1255110 2466.1
1255120 2466.1
1255130 2472.8
1255140 2479.6
1255150 2479.6
1255160 2489.4
1255170 2495.7
1255180 2495.7
1255190 2502.5
1255200 2509.6
1255210 2509.6
1255220 2515.6
1255230 2521.7
1255240 2521.7
1255250 2528.7
1255260 2537.8
1255270 2537.8
1255280 2547.0
1255290 2565.2
1255300 2565.2
1255310 2584.0
1255320 2593.4
1255330 2602.0
1255340 2602.0
1255350 2609.8
1255360 2617.5
1255370 2617.5
1255380 2625.5
1255390 2633.7
1255400 2633.7
1255410 2642.0
1255420 2647.7
1255430 2647.7
1255440 2647.9
1255450 2645.8
1255460 2645.8
1255470 2643.9
1255480 2642.4
1255490 2642.4
1255500 2638.3
1255510 2631.5
1255520 2631.5
1255530 2629.4
1255540 2632.3
1255550 2632.3
1255560 2641.4
1255570 2655.7
1255580 2647.5
1255590 2647.5
1255600 2652.9
1255610 2665.2
1255620 2665.2
1255630 2660.2
1255640 2642.8
1255650 2642.8
1255660 2634.9
1255670 2627.0
1255680 2627.0
1255690 2615.9
1255700 2603.9
1255710 2607.1
1255720 2597.6
1255730 2587.3
1255740 2587.3
1255750 2572.2
1255760 2559.6
1255770 2559.6
1255780 2549.3
1255790 2539.3
1255800 2530.2
1255810 2530.2
1255820 2519.2
1255830 2509.9
1255840 2509.9
1255850 2501.2
1255860 2492.5
1255870 2492.5
1255880 2482.4
1255890 2469.9
1255900 2469.9
1255910 2452.4
1255920 2424.6
1255930 2424.6
1255940 2411.7
1255950 2399.7
1255960 2399.7
1255970 2391.4
1255980 2372.1
1255990 2372.1
1256000 2358.6
1256010 2352.0
1256020 2352.0
1256030 2347.1
1256040 2344.2
1256050 2340.2
1256060 2340.2
1256070 2335.6
1256080 2332.1
1256090 2332.1
1256100 2330.1
1256110 2329.6
1256120 2329.6
1256130 2331.2
1256140 2330.4
1256150 2330.4
1256160 2330.9
1256170 2337.0
1256180 2337.0
1256190 2339.4
1256200 2334.7
1256210 2334.7
1256220 2325.2
1256230 2329.2
1256240 2329.2
1256250 2336.7
1256260 2346.5
1256270 2341.3
1256280 2352.6
1256290 2356.8
1256300 2355.8
1256310 2355.8
1256320 2353.5
1256330 2351.6
1256340 2351.6
1256350 2344.3
1256360 2326.3
1256370 2326.3
1256380 2317.1
1256390 2307.9
1256400 2307.9
1256410 2290.9
1256420 2270.2
1256430 2270.2
1256440 2251.8
1256450 2234.7
1256460 2234.7
1256470 2221.4
1256480 2206.0
1256490 2206.0
1256500 2182.6
1256510 2162.0
1256520 2150.7
1256530 2150.7
1256540 2142.8
1256550 2134.0
1256560 2134.0
1256570 2132.0
1256580 2131.6
1256590 2131.6
1256600 2144.3
1256610 2177.6
1256620 2177.6
1256630 2184.1
1256640 2181.1
1256650 2181.1
1256660 2168.3
1256670 2138.4
1256680 2138.4
1256690 2133.7
1256700 2126.6
1256710 2126.6
1256720 2108.6
1256730 2078.9
1256740 2078.9
1256750 2049.8
1256760 2032.9
1256770 2029.7
1256780 2029.7
1256790 2013.1
1256800 2001.6
1256810 2001.6
1256820 2002.0
1256830 1998.4
1256840 1998.4
1256850 1976.7
1256860 1968.6
1256870 1968.6
1256880 1963.1
1256890 1957.3
1256900 1957.3
1256910 1951.1
1256920 1945.0
1256930 1945.0
1256940 1939.2
1256950 1933.2
1256960 1933.2
1256970 1927.0
1256980 1921.1
1256990 1916.1
1257000 1916.1
1257010 1912.0
1257020 1909.3
1257030 1909.3
1257040 1906.7
1257050 1903.9
1257060 1903.9
1257070 1901.1
1257080 1899.4
1257090 1899.4
1257100 1896.8
1257110 1894.6
1257120 1894.6
1257130 1892.8
1257140 1891.4
1257150 1891.4
1257160 1890.4
1257170 1890.0
1257180 1890.0
1257190 1889.1
1257200 1889.8
1257210 1889.8
1257220 1890.6
1257230 1892.0
1257240 1893.6
1257250 1893.6
1257260 1894.9
1257270 1896.1
1257280 1896.1
1257290 1898.3
1257300 1900.3
1257310 1900.3
1257320 1902.8
1257330 1906.1
1257340 1906.1
1257350 1907.1
1257360 1906.6
1257370 1906.6
1257380 1897.0
1257390 1894.5
1257400 1894.5
1257410 1892.7
1257420 1891.0
1257430 1891.0
1257440 1887.0
1257450 1881.4
1257460 1876.0
1257470 1876.0
1257480 1871.2
1257490 1867.5
1257500 1867.5
1257510 1861.1
1257520 1856.7
1257530 1856.7
1257540 1852.0
1257550 1836.3
1257560 1836.3
1257570 1827.1
1257580 1820.7
1257590 1820.7
1257600 1813.8
1257610 1807.7
1257620 1807.7
1257630 1801.8
1257640 1795.4
1257650 1795.4
1257660 1787.8
1257670 1780.5
1257680 1780.5
1257690 1773.1
1257700 1765.5
1257710 1758.8
1257720 1758.8
1257730 1752.5
1257740 1746.9
1257750 1746.9
1257760 1742.3
1257770 1738.0
1257780 1738.0
1257790 1733.5
1257800 1728.9
1257810 1728.9
1257820 1723.8
1257830 1718.2
1257840 1718.2
1257850 1712.7
1257860 1707.4
1257870 1707.4
1257880 1702.3
1257890 1696.9
1257900 1696.9
1257910 1692.0
1257920 1687.1
1257930 1682.2
1257940 1680.4
1257950 1675.7
1257960 1671.3
1257970 1671.3
1257980 1666.5
1257990 1663.9
1258000 1663.9
1258010 1663.1
1258020 1662.4
1258030 1662.4
1258040 1661.2
1258050 1660.2
1258060 1660.2
1258070 1659.2
1258080 1658.3
1258090 1658.3
1258100 1657.5
1258110 1656.6
1258120 1656.6
1258130 1655.7
1258140 1654.7
1258150 1654.7
1258160 1653.7
1258170 1652.3
1258180 1651.4
1258190 1651.4
1258200 1650.9
1258210 1647.8
1258220 1647.8
1258230 1646.4
1258240 1647.9
1258250 1647.9
1258260 1651.0
1258270 1656.6
1258280 1656.6
1258290 1662.5
1258300 1668.6
1258310 1668.6
1258320 1672.9
1258330 1673.7
1258340 1673.7
1258350 1675.3
1258360 1676.1
1258370 1676.1
1258380 1676.8
1258390 1678.2
1258400 1678.4
1258410 1678.4
1258420 1678.4
1258430 1677.6
1258440 1677.6
1258450 1678.3
1258460 1678.8
1258470 1678.8
1258480 1678.7
1258490 1678.3
1258500 1680.8
1258510 1681.0
1258520 1680.5
1258530 1680.5
1258540 1680.6
1258550 1681.0
1258560 1681.0
1258570 1681.5
1258580 1681.8
1258590 1681.8
1258600 1681.8
1258610 1681.8
1258620 1681.8
1258630 1681.3
1258640 1681.3
1258650 1680.6
1258660 1680.6
1258670 1678.6
1258680 1677.8
1258690 1677.8
1258700 1676.2
1258710 1674.4
1258720 1674.4
1258730 1673.3
1258740 1672.4
1258750 1672.4
1258760 1671.5
1258770 1670.8
1258780 1670.8
1258790 1670.8
1258800 1671.3
1258810 1671.3
1258820 1671.6
1258830 1670.8
1258840 1670.8
1258850 1670.0
1258860 1669.3
1258870 1667.8
1258880 1667.8
1258890 1670.4
1258900 1673.7
1258910 1673.7
1258920 1676.8
1258930 1679.9
1258940 1679.9
1258950 1682.2
1258960 1684.7
1258970 1684.7
1258980 1687.0
1258990 1688.9
1259000 1688.9
1259010 1690.2
1259020 1691.3
1259030 1691.3
1259040 1692.7
1259050 1693.7
1259060 1693.7
1259070 1700.3
1259080 1700.7
1259090 1700.7
1259100 1700.3
1259110 1700.6
1259120 1701.1
1259130 1701.1
1259140 1702.2
1259150 1702.7
1259160 1702.7
1259170 1704.6
1259180 1707.9
1259190 1707.9
1259200 1712.0
1259210 1713.9
1259220 1713.9
1259230 1714.5
1259240 1714.1
1259250 1714.1
1259260 1709.9
1259270 1705.5
1259280 1705.5
1259290 1702.4
1259300 1700.3
1259310 1700.3
1259320 1701.0
1259330 1704.8
1259340 1707.1
1259350 1707.1
1259360 1705.8
1259370 1703.1
1259380 1703.1
1259390 1702.1
1259400 1702.7
1259410 1702.7
1259420 1700.2
1259430 1698.8
1259440 1698.8
1259450 1699.8
1259460 1698.2
1259470 1698.2
1259480 1696.4
1259490 1693.9
1259500 1693.9
1259510 1689.5
1259520 1686.6
1259530 1686.6
1259540 1685.1
1259550 1682.8
1259560 1682.8
1259570 1680.2
1259580 1677.8
1259590 1679.1
1259600 1679.1
1259610 1682.4
1259620 1685.0
1259630 1691.7
1259640 1694.2
1259650 1694.6
1259660 1694.6
1259670 1694.9
1259680 1694.0
1259690 1694.0
1259700 1691.0
1259710 1689.9
1259720 1689.9
1259730 1688.6
1259740 1686.7
1259750 1686.7
1259760 1685.2
1259770 1684.7
1259780 1684.7
1259790 1683.7
1259800 1682.8
1259810 1681.9
1259820 1681.9
1259830 1679.6
1259840 1676.2
1259850 1676.2
1259860 1671.4
1259870 1667.0
1259880 1667.0
1259890 1662.8
1259900 1658.9
1259910 1658.9
1259920 1654.1
1259930 1649.4
1259940 1649.4
1259950 1644.1
1259960 1637.6
1259970 1637.6
1259980 1632.8
1259990 1632.7
