1240000 1578.9
1240010 1585.0
1240020 1590.5
1240030 1590.5
1240040 1596.2
1240050 1601.8
1240060 1608.0
1240070 1608.0
1240080 1612.1
1240090 1617.4
1240100 1617.4
1240110 1623.0
1240120 1628.1
1240130 1628.1
1240140 1633.6
1240150 1639.8
1240160 1639.8
1240170 1646.3
1240180 1653.0
1240190 1653.0
1240200 1659.1
1240210 1665.0
1240220 1665.0
1240230 1671.3
1240240 1677.6
1240250 1677.6
1240260 1684.0
1240270 1691.1
1240280 1691.1
1240290 1698.5
1240300 1705.4
1240310 1712.1
1240320 1712.1
1240330 1718.8
1240340 1725.4
1240350 1725.4
1240360 1731.8
1240370 1738.3
1240380 1738.3
1240390 1744.8
1240400 1751.5
1240410 1751.5
1240420 1758.0
1240430 1763.8
1240440 1763.8
1240450 1769.6
1240460 1775.2
1240470 1775.2
1240480 1781.1
1240490 1787.7
1240500 1787.7
1240510 1796.0
1240520 1802.2
1240530 1808.6
1240540 1808.6
1240550 1814.7
1240560 1820.0
1240570 1820.0
1240580 1826.6
1240590 1833.6
1240600 1833.6
1240610 1840.4
1240620 1846.4
1240630 1846.4
1240640 1851.3
1240650 1855.2
1240660 1855.2
1240670 1859.3
1240680 1864.0
1240690 1864.0
1240700 1869.2
1240710 1875.8
1240720 1875.8
1240730 1883.6
1240740 1889.6
1240750 1889.6
1240760 1895.3
1240770 1901.1
1240780 1907.7
1240790 1907.7
1240800 1914.2
1240810 1919.7
1240820 1919.7
1240830 1925.6
1240840 1931.5
1240850 1931.5
1240860 1937.7
1240870 1944.6
1240880 1944.6
1240890 1951.3
1240900 1957.2
1240910 1957.2
1240920 1962.8
1240930 1968.1
1240940 1968.1
1240950 1974.6
1240960 1982.7
1240970 1982.7
1240980 1991.0
1240990 1999.1
1241000 1999.1
1241010 2007.3
1241020 2015.3
1241030 2024.1
1241040 2024.1
1241050 2031.5
1241060 2039.1
1241070 2039.1
1241080 2047.6
1241090 2054.5
1241100 2054.5
1241110 2060.6
1241120 2067.1
1241130 2067.1
1241140 2073.3
1241150 2079.7
1241160 2079.7
1241170 2086.5
1241180 2092.8
1241190 2092.8
1241200 2098.6
1241210 2104.8
1241220 2104.8
1241230 2110.4
1241240 2115.8
1241250 2122.2
1241260 2122.2
1241270 2127.6
1241280 2132.1
1241290 2132.1
1241300 2136.3
1241310 2141.3
1241320 2141.3
1241330 2146.0
1241340 2150.8
1241350 2150.8
1241360 2155.7
1241370 2161.6
1241380 2161.6
1241390 2168.2
1241400 2175.8
1241410 2175.8
1241420 2182.8
1241430 2189.5
1241440 2189.5
1241450 2196.5
1241460 2201.3
1241470 2201.3
1241480 2206.4
1241490 2212.5
1241500 2218.0
1241510 2218.0
1241520 2224.1
1241530 2229.7
1241540 2229.7
1241550 2235.4
1241560 2236.5
1241570 2236.5
1241580 2237.8
1241590 2241.4
1241600 2241.4
1241610 2246.4
1241620 2251.5
1241630 2251.5
1241640 2255.5
1241650 2258.7
1241660 2258.7
1241670 2262.9
1241680 2268.0
1241690 2268.0
1241700 2273.5
1241710 2278.6
1241720 2284.3
1241730 2284.3
1241740 2290.6
1241750 2296.9
1241760 2296.9
1241770 2302.1
1241780 2305.8
1241790 2305.8
1241800 2312.2
1241810 2317.7
1241820 2317.7
1241830 2321.0
1241840 2322.1
1241850 2322.1
1241860 2325.1
1241870 2328.6
1241880 2328.6
1241890 2332.8
1241900 2337.6
1241910 2337.6
1241920 2343.3
1241930 2348.9
1241940 2348.9
1241950 2353.6
1241960 2358.1
1241970 2362.2
1241980 2362.2
1241990 2366.3
1242000 2369.8
1242010 2369.8
1242020 2373.6
1242030 2377.3
1242040 2377.3
1242050 2380.1
1242060 2382.2
1242070 2385.8
1242080 2389.2
1242090 2392.2
1242100 2392.2
1242110 2393.8
1242120 2394.4
1242130 2394.4
1242140 2396.1
1242150 2397.8
1242160 2397.8
1242170 2398.4
1242180 2399.1
1242190 2400.9
1242200 2400.9
1242210 2403.1
1242220 2405.7
1242230 2405.7
1242240 2408.5
1242250 2410.2
1242260 2410.2
1242270 2411.2
1242280 2411.8
1242290 2411.8
1242300 2411.7
1242310 2409.8
1242320 2409.8
1242330 2407.4
1242340 2405.6
1242350 2405.6
1242360 2405.8
1242370 2406.2
1242380 2406.2
1242390 2405.7
1242400 2404.4
1242410 2404.4
1242420 2402.2
1242430 2400.7
1242440 2399.0
1242450 2399.0
1242460 2396.7
1242470 2395.8
1242480 2395.8
1242490 2394.9
1242500 2393.7
1242510 2393.7
1242520 2392.3
1242530 2390.9
1242540 2390.9
1242550 2389.5
1242560 2388.8
1242570 2388.8
1242580 2387.0
1242590 2384.5
1242600 2389.8
1242610 2385.8
1242620 2383.7
1242630 2383.7
1242640 2383.5
1242650 2383.2
1242660 2382.1
1242670 2382.1
1242680 2380.7
1242690 2379.3
1242700 2379.3
1242710 2379.4
1242720 2379.7
1242730 2379.7
1242740 2380.4
1242750 2381.7
1242760 2381.7
1242770 2380.9
1242780 2380.5
1242790 2380.5
1242800 2381.9
1242810 2383.0
1242820 2383.0
1242830 2383.5
1242840 2383.7
1242850 2383.7
1242860 2383.7
1242870 2385.0
1242880 2385.0
1242890 2387.4
1242900 2389.8
1242910 2393.9
1242920 2393.9
1242930 2399.4
1242940 2404.3
1242950 2404.3
1242960 2407.4
1242970 2410.0
1242980 2410.0
1242990 2412.5
1243000 2414.8
1243010 2414.8
1243020 2415.8
1243030 2416.1
1243040 2416.1
1243050 2416.4
1243060 2418.7
1243070 2418.7
1243080 2421.3
1243090 2424.3
1243100 2424.3
1243110 2427.9
1243120 2438.2
1243130 2438.2
1243140 2441.0
1243150 2442.7
1243160 2446.3
1243170 2446.3
1243180 2451.8
1243190 2456.5
1243200 2456.5
1243210 2461.3
1243220 2466.5
1243230 2466.5
1243240 2472.1
1243250 2479.0
1243260 2479.0
1243270 2488.1
1243280 2494.7
1243290 2494.7
1243300 2500.4
1243310 2505.5
1243320 2505.5
1243330 2512.3
1243340 2520.8
1243350 2520.8
1243360 2525.4
1243370 2530.0
1243380 2537.2
1243390 2537.2
1243400 2545.5
1243410 2553.5
1243420 2553.5
1243430 2558.6
1243440 2562.4
1243450 2562.4
1243460 2567.7
1243470 2572.7
1243480 2572.7
1243490 2580.2
1243500 2595.3
1243510 2595.3
1243520 2600.4
1243530 2607.8
1243540 2607.8
1243550 2610.7
1243560 2615.2
1243570 2615.2
1243580 2617.8
1243590 2622.0
1243600 2622.0
1243610 2624.5
1243620 2628.8
1243630 2634.9
1243640 2634.9
1243650 2646.0
1243660 2653.0
1243670 2653.0
1243680 2658.9
1243690 2664.1
1243700 2664.1
1243710 2671.8
1243720 2684.6
1243730 2684.6
1243740 2696.4
1243750 2706.2
1243760 2706.2
1243770 2713.3
1243780 2717.0
1243790 2717.0
1243800 2718.4
1243810 2718.8
1243820 2718.8
1243830 2720.1
1243840 2721.4
1243850 2721.4
1243860 2721.4
1243870 2718.9
1243880 2716.5
1243890 2716.5
1243900 2713.9
1243910 2711.5
1243920 2711.5
1243930 2708.5
1243940 2704.9
1243950 2704.9
1243960 2702.1
1243970 2698.8
1243980 2698.8
1243990 2697.0
1244000 2693.8
1244010 2693.8
1244020 2688.2
1244030 2681.8
1244040 2681.8
1244050 2676.5
1244060 2670.8
1244070 2670.8
1244080 2665.0
1244090 2658.6
1244100 2654.3
1244110 2654.3
1244120 2651.8
1244130 2646.4
1244140 2646.4
1244150 2639.3
1244160 2630.3
1244170 2630.3
1244180 2618.5
1244190 2613.6
1244200 2613.6
1244210 2608.1
1244220 2601.5
1244230 2601.5
1244240 2594.2
1244250 2587.7
1244260 2587.7
1244270 2581.3
1244280 2574.8
1244290 2574.8
1244300 2570.0
1244310 2566.5
1244320 2562.2
1244330 2562.2
1244340 2558.6
1244350 2555.8
1244360 2555.8
1244370 2552.2
1244380 2549.9
1244390 2549.9
1244400 2546.9
1244410 2543.8
1244420 2543.8
1244430 2542.2
1244440 2538.8
1244450 2538.8
1244460 2535.3
1244470 2534.1
1244480 2534.1
1244490 2533.5
1244500 2533.3
1244510 2533.3
1244520 2534.3
1244530 2534.9
1244540 2534.9
1244550 2535.0
1244560 2533.9
1244570 2532.6
1244580 2532.6
1244590 2531.6
1244600 2529.9
1244610 2529.9
1244620 2530.2
1244630 2531.5
1244640 2531.5
1244650 2533.1
1244660 2534.6
1244670 2534.6
1244680 2535.7
1244690 2538.2
1244700 2532.2
1244710 2534.8
1244720 2536.3
1244730 2536.3
1244740 2536.4
1244750 2535.9
1244760 2535.9
1244770 2535.3
1244780 2534.0
1244790 2532.6
1244800 2532.6
1244810 2531.6
1244820 2532.1
1244830 2532.1
1244840 2531.5
1244850 2530.5
1244860 2530.5
1244870 2530.2
1244880 2532.4
1244890 2532.4
1244900 2534.8
1244910 2536.5
1244920 2536.5
1244930 2537.9
1244940 2539.5
1244950 2539.5
1244960 2538.0
1244970 2537.4
1244980 2537.4
1244990 2535.8
1245000 2532.0
1245010 2532.0
1245020 2532.7
1245030 2535.7
1245040 2533.1
1245050 2533.1
1245060 2527.9
1245070 2527.0
1245080 2527.0
1245090 2526.3
1245100 2529.7
1245110 2529.7
1245120 2529.1
1245130 2526.3
1245140 2526.3
1245150 2521.8
1245160 2526.7
1245170 2526.7
1245180 2530.9
1245190 2528.2
1245200 2528.2
1245210 2525.5
1245220 2525.4
1245230 2514.1
1245240 2518.3
1245250 2520.5
1245260 2520.5
1245270 2521.6
1245280 2520.9
1245290 2522.7
1245300 2522.7
1245310 2526.2
1245320 2524.9
1245330 2524.9
1245340 2516.6
1245350 2511.4
1245360 2511.4
1245370 2506.4
1245380 2499.3
1245390 2499.3
1245400 2489.8
1245410 2478.2
1245420 2478.2
1245430 2468.4
1245440 2459.1
1245450 2459.1
1245460 2450.3
1245470 2442.5
1245480 2442.5
1245490 2437.3
1245500 2430.0
1245510 2421.9
1245520 2421.9
1245530 2415.0
1245540 2407.0
1245550 2407.0
1245560 2399.4
1245570 2392.8
1245580 2392.8
1245590 2386.7
1245600 2381.2
1245610 2381.2
1245620 2375.7
1245630 2370.5
1245640 2370.5
1245650 2366.6
1245660 2363.8
1245670 2363.8
1245680 2360.9
1245690 2358.9
1245700 2358.9
1245710 2354.6
1245720 2349.0
1245730 2349.0
1245740 2343.3
1245750 2338.7
1245760 2332.5
1245770 2332.5
1245780 2329.1
1245790 2327.1
1245800 2327.1
1245810 2323.8
1245820 2320.0
1245830 2320.0
1245840 2315.4
1245850 2309.7
1245860 2309.7
1245870 2304.8
1245880 2300.5
1245890 2300.5
1245900 2295.9
1245910 2291.1
1245920 2291.1
1245930 2287.3
1245940 2283.3
1245950 2283.3
1245960 2280.0
1245970 2276.8
1245980 2273.4
1245990 2273.4
1246000 2270.2
1246010 2267.5
1246020 2267.5
1246030 2264.8
1246040 2260.6
1246050 2260.6
1246060 2256.0
1246070 2251.9
1246080 2251.9
1246090 2249.3
1246100 2246.8
1246110 2246.8
1246120 2243.3
1246130 2239.3
1246140 2239.3
1246150 2235.8
1246160 2233.0
1246170 2233.0
1246180 2231.3
1246190 2232.2
1246200 2232.2
1246210 2235.7
1246220 2241.8
1246230 2248.1
1246240 2248.1
1246250 2248.7
1246260 2242.2
1246270 2242.2
1246280 2243.4
1246290 2246.2
1246300 2246.4
1246310 2245.3
1246320 2241.1
1246330 2241.1
1246340 2238.6
1246350 2231.1
1246360 2231.1
1246370 2221.4
1246380 2212.4
1246390 2212.4
1246400 2202.7
1246410 2192.6
1246420 2192.6
1246430 2180.8
1246440 2170.4
1246450 2162.0
1246460 2162.0
1246470 2152.4
1246480 2142.7
1246490 2142.7
1246500 2134.9
1246510 2127.4
1246520 2127.4
1246530 2120.1
1246540 2113.2
1246550 2113.2
1246560 2107.2
1246570 2102.3
1246580 2102.3
1246590 2098.3
1246600 2097.2
1246610 2097.2
1246620 2095.7
1246630 2090.7
1246640 2090.7
1246650 2084.8
1246660 2079.2
1246670 2079.2
1246680 2074.1
1246690 2069.5
1246700 2064.9
1246710 2064.9
1246720 2061.0
1246730 2056.3
1246740 2056.3
1246750 2055.2
1246760 2052.9
1246770 2052.9
1246780 2050.6
1246790 2045.5
1246800 2045.5
1246810 2041.5
1246820 2039.2
1246830 2039.9
1246840 2035.6
1246850 2032.8
1246860 2032.8
1246870 2029.6
1246880 2026.0
1246890 2026.0
1246900 2022.6
1246910 2018.2
1246920 2012.9
1246930 2012.9
1246940 2007.0
1246950 2002.1
1246960 2002.1
1246970 1998.2
1246980 1994.5
1246990 1994.5
1247000 1991.1
1247010 1988.9
1247020 1988.9
1247030 1987.7
1247040 1985.4
1247050 1985.4
1247060 1981.9
1247070 1980.1
1247080 1980.1
1247090 1980.2
1247100 1981.4
1247110 1981.4
1247120 1981.7
1247130 1986.3
1247140 1986.3
1247150 1989.1
1247160 1990.4
1247170 1991.2
1247180 1991.2
1247190 1992.7
1247200 1995.1
1247210 1995.1
1247220 1998.0
1247230 2000.6
1247240 2000.6
1247250 2003.7
1247260 2007.1
1247270 2007.1
1247280 2010.3
1247290 2013.7
1247300 2013.7
1247310 2017.1
1247320 2020.2
1247330 2020.2
1247340 2024.6
1247350 2029.4
1247360 2029.8
1247370 2035.5
1247380 2041.3
1247390 2047.2
1247400 2047.2
1247410 2052.8
1247420 2057.9
1247430 2057.9
1247440 2063.3
1247450 2069.1
1247460 2069.1
1247470 2076.3
1247480 2084.5
1247490 2084.5
1247500 2091.5
1247510 2097.7
1247520 2097.7
1247530 2103.1
1247540 2106.0
1247550 2106.0
1247560 2106.3
1247570 2105.1
1247580 2105.1
1247590 2103.4
1247600 2102.4
1247610 2102.4
1247620 2102.7
1247630 2100.4
1247640 2094.6
1247650 2094.6
1247660 2090.1
1247670 2087.8
1247680 2087.8
1247690 2084.1
1247700 2078.2
1247710 2078.2
1247720 2071.8
1247730 2065.6
1247740 2065.6
1247750 2060.5
1247760 2055.9
1247770 2055.9
1247780 2051.6
1247790 2047.9
1247800 2047.9
1247810 2043.8
1247820 2040.4
1247830 2040.4
1247840 2038.9
1247850 2034.0
1247860 2034.0
1247870 2028.2
1247880 2022.5
1247890 2016.2
1247900 2016.8
1247910 2010.0
1247920 2003.8
1247930 2003.8
1247940 1998.6
1247950 1992.3
1247960 1992.3
1247970 1988.5
1247980 1983.9
1247990 1983.9
1248000 1976.7
1248010 1968.0
1248020 1968.0
1248030 1956.2
1248040 1945.9
1248050 1945.9
1248060 1936.4
1248070 1926.9
1248080 1926.9
1248090 1918.3
1248100 1909.8
1248110 1898.1
1248120 1898.1
1248130 1888.6
1248140 1879.1
1248150 1879.1
1248160 1868.9
1248170 1858.8
1248180 1858.8
1248190 1848.5
1248200 1839.2
1248210 1839.2
1248220 1830.7
1248230 1821.8
1248240 1821.8
1248250 1812.0
1248260 1802.1
1248270 1802.1
1248280 1792.4
1248290 1783.4
1248300 1783.4
1248310 1776.7
1248320 1771.3
1248330 1771.3
1248340 1765.7
1248350 1761.1
1248360 1758.3
1248370 1758.3
1248380 1756.3
1248390 1754.2
1248400 1754.2
1248410 1752.0
1248420 1749.4
1248430 1749.4
1248440 1748.7
1248450 1746.2
1248460 1746.2
1248470 1744.7
1248480 1743.9
1248490 1743.9
1248500 1744.0
1248510 1743.0
1248520 1743.0
1248530 1740.7
1248540 1740.2
1248550 1740.2
1248560 1740.2
1248570 1731.0
1248580 1721.6
1248590 1721.6
1248600 1711.5
1248610 1704.1
1248620 1704.1
1248630 1703.9
1248640 1707.9
1248650 1707.9
1248660 1713.4
1248670 1720.4
1248680 1720.4
1248690 1727.9
1248700 1733.4
1248710 1733.4
1248720 1737.5
1248730 1741.7
1248740 1741.7
1248750 1747.0
1248760 1753.6
1248770 1753.6
1248780 1759.8
1248790 1766.2
1248800 1766.2
1248810 1773.0
1248820 1779.3
1248830 1784.8
1248840 1784.8
1248850 1790.8
1248860 1796.6
1248870 1796.6
1248880 1803.0
1248890 1810.1
1248900 1810.1
1248910 1817.6
1248920 1825.0
1248930 1825.0
1248940 1832.5
1248950 1840.1
1248960 1840.1
1248970 1848.2
1248980 1856.5
1248990 1856.5
1249000 1862.5
1249010 1868.4
1249020 1868.4
1249030 1874.4
1249040 1880.8
1249050 1887.8
1249060 1887.8
1249070 1894.2
1249080 1899.5
1249090 1899.5
1249100 1904.4
1249110 1908.7
1249120 1908.7
1249130 1912.3
1249140 1915.5
1249150 1915.5
1249160 1919.0
1249170 1923.4
1249180 1923.4
1249190 1927.1
1249200 1930.6
1249210 1930.6
1249220 1934.6
1249230 1938.5
1249240 1938.5
1249250 1941.7
1249260 1943.1
1249270 1943.1
1249280 1944.8
1249290 1946.7
1249300 1949.1
1249310 1949.1
1249320 1952.1
1249330 1954.3
1249340 1954.3
1249350 1955.8
1249360 1957.4
1249370 1957.4
1249380 1960.1
1249390 1963.2
1249400 1963.2
1249410 1965.0
1249420 1966.1
1249430 1966.1
1249440 1967.7
1249450 1969.5
1249460 1969.5
1249470 1971.1
1249480 1972.4
1249490 1972.4
1249500 1973.9
1249510 1978.3
1249520 1980.4
1249530 1980.4
1249540 1982.2
1249550 1984.7
1249560 1984.7
1249570 1988.2
1249580 1992.6
1249590 1992.6
1249600 1995.9
1249610 1998.8
1249620 1998.8
1249630 2001.7
1249640 2004.8
1249650 2004.8
1249660 2008.7
1249670 2013.3
1249680 2013.3
1249690 2018.3
1249700 2023.5
1249710 2023.5
1249720 2028.4
1249730 2033.3
1249740 2033.3
1249750 2038.4
1249760 2042.9
1249770 2047.2
1249780 2047.2
1249790 2051.7
1249800 2056.2
1249810 2056.2
1249820 2061.0
1249830 2066.2
1249840 2066.2
1249850 2072.6
1249860 2079.8
1249870 2079.8
1249880 2087.4
1249890 2093.8
1249900 2093.8
1249910 2099.5
1249920 2105.2
1249930 2105.2
1249940 2111.2
1249950 2115.9
1249960 2115.9
1249970 2120.8
1249980 2125.6
1249990 2125.6
1250000 2129.0
1250010 2131.4
1250020 2135.4
1250030 2135.4
1250040 2141.3
1250050 2147.0
1250060 2144.7
1250070 2149.7
1250080 2153.7
1250090 2153.7
1250100 2158.9
1250110 2164.9
1250120 2164.9
1250130 2170.9
1250140 2177.4
1250150 2177.4
1250160 2184.2
1250170 2190.4
1250180 2190.4
1250190 2195.7
1250200 2199.7
1250210 2199.7
1250220 2202.7
1250230 2206.6
1250240 2211.2
1250250 2211.2
1250260 2215.2
1250270 2218.4
1250280 2218.4
1250290 2220.0
1250300 2222.4
1250310 2222.4
1250320 2226.0
1250330 2229.9
1250340 2229.9
1250350 2233.7
1250360 2236.8
1250370 2236.8
1250380 2240.4
1250390 2242.1
1250400 2242.1
1250410 2243.0
1250420 2245.4
1250430 2245.4
1250440 2248.9
1250450 2253.1
1250460 2253.1
1250470 2259.0
1250480 2264.9
1250490 2271.7
1250500 2271.7
1250510 2279.1
1250520 2286.9
1250530 2286.9
1250540 2292.8
1250550 2297.1
1250560 2297.1
1250570 2303.3
1250580 2312.3
1250590 2312.3
1250600 2322.8
1250610 2330.4
1250620 2330.4
1250630 2335.4
1250640 2339.2
1250650 2339.2
1250660 2343.4
1250670 2348.9
1250680 2348.9
1250690 2356.1
1250700 2362.5
1250710 2367.6
1250720 2367.6
1250730 2372.7
1250740 2376.9
1250750 2376.9
1250760 2381.3
1250770 2384.4
1250780 2384.4
1250790 2384.6
1250800 2384.0
1250810 2384.0
1250820 2383.8
1250830 2383.0
1250840 2383.0
1250850 2381.0
1250860 2378.6
1250870 2378.6
1250880 2375.0
1250890 2370.8
1250900 2370.8
1250910 2368.2
1250920 2366.4
1250930 2366.4
1250940 2365.2
1250950 2363.9
1250960 2361.0
1250970 2361.0
1250980 2357.2
1250990 2353.5
1251000 2353.5
1251010 2351.3
1251020 2349.6
1251030 2349.6
1251040 2346.0
1251050 2339.4
1251060 2339.4
1251070 2331.3
1251080 2324.5
1251090 2324.5
1251100 2318.3
1251110 2312.9
1251120 2312.9
1251130 2308.1
1251140 2308.7
1251150 2308.7
1251160 2304.1
1251170 2299.3
1251180 2294.0
1251190 2294.0
1251200 2288.7
1251210 2283.7
1251220 2283.7
1251230 2278.2
1251240 2273.4
1251250 2273.4
1251260 2268.1
1251270 2262.7
1251280 2262.7
1251290 2257.2
1251300 2251.9
1251310 2251.9
1251320 2247.2
1251330 2242.6
1251340 2242.6
1251350 2238.8
1251360 2234.3
1251370 2234.3
1251380 2228.3
1251390 2223.3
1251400 2223.3
1251410 2219.7
1251420 2214.8
1251430 2208.5
1251440 2208.5
1251450 2202.4
1251460 2195.6
1251470 2195.6
1251480 2187.3
1251490 2179.9
1251500 2179.9
1251510 2173.6
1251520 2167.7
1251530 2167.7
1251540 2160.4
1251550 2150.8
1251560 2150.8
1251570 2142.9
1251580 2136.1
1251590 2136.1
1251600 2129.5
1251610 2123.4
1251620 2123.4
1251630 2116.9
1251640 2112.5
1251650 2109.9
1251660 2109.9
1251670 2108.1
1251680 2107.4
1251690 2111.6
1251700 2110.9
1251710 2108.9
1251720 2108.9
1251730 2106.0
1251740 2102.7
1251750 2102.7
1251760 2100.8
1251770 2099.2
1251780 2099.2
1251790 2096.1
1251800 2092.0
1251810 2092.0
1251820 2086.4
1251830 2080.8
1251840 2080.8
1251850 2076.0
1251860 2071.7
1251870 2071.7
1251880 2067.5
1251890 2063.2
1251900 2059.2
1251910 2059.2
1251920 2055.6
1251930 2052.7
1251940 2052.7
1251950 2049.9
1251960 2047.3
1251970 2047.3
1251980 2044.9
1251990 2043.1
1252000 2043.1
1252010 2041.7
1252020 2040.2
1252030 2040.2
1252040 2038.6
1252050 2036.6
1252060 2036.6
1252070 2034.7
1252080 2033.9
1252090 2033.9
1252100 2033.4
1252110 2032.4
1252120 2028.6
1252130 2028.6
1252140 2022.1
1252150 2014.9
1252160 2014.9
1252170 2007.8
1252180 2000.9
1252190 2000.9
1252200 1994.1
1252210 1987.4
1252220 1987.4
1252230 1979.4
1252240 1972.7
1252250 1972.7
1252260 1966.3
1252270 1959.8
1252280 1959.8
1252290 1954.1
1252300 1948.8
1252310 1948.8
1252320 1942.5
1252330 1935.8
1252340 1935.8
1252350 1929.3
1252360 1923.5
1252370 1918.1
1252380 1918.1
1252390 1913.5
1252400 1909.0
1252410 1909.0
1252420 1904.4
1252430 1900.4
1252440 1900.4
1252450 1897.6
1252460 1895.8
1252470 1895.8
1252480 1895.2
1252490 1895.2
1252500 1895.2
1252510 1895.6
1252520 1895.9
1252530 1895.9
1252540 1895.9
1252550 1895.6
1252560 1895.6
1252570 1895.7
1252580 1895.9
1252590 1895.9
1252600 1896.0
1252610 1896.8
1252620 1900.9
1252630 1900.9
1252640 1905.3
1252650 1909.2
1252660 1909.2
1252670 1912.8
1252680 1915.9
1252690 1915.9
1252700 1919.7
1252710 1924.3
1252720 1924.3
1252730 1928.0
1252740 1932.7
1252750 1932.7
1252760 1937.4
1252770 1943.1
1252780 1942.9
1252790 1949.2
1252800 1954.1
1252810 1954.1
1252820 1958.9
1252830 1964.3
1252840 1969.1
1252850 1969.1
1252860 1973.9
1252870 1980.1
1252880 1980.1
1252890 1986.5
1252900 1989.9
1252910 1989.9
1252920 1993.8
1252930 2000.1
1252940 2000.1
1252950 2006.6
1252960 2013.5
1252970 2013.5
1252980 2018.8
1252990 2021.0
1253000 2021.0
1253010 2025.3
1253020 2031.1
1253030 2031.1
1253040 2037.2
1253050 2042.2
1253060 2042.2
1253070 2045.9
1253080 2052.2
1253090 2060.9
1253100 2060.9
1253110 2066.0
1253120 2068.9
1253130 2068.9
1253140 2071.4
1253150 2075.9
1253160 2075.9
1253170 2080.1
1253180 2081.3
1253190 2081.3
1253200 2080.0
1253210 2080.2
1253220 2080.2
1253230 2083.6
1253240 2087.3
1253250 2087.3
1253260 2091.5
1253270 2096.1
1253280 2096.1
1253290 2100.9
1253300 2104.9
1253310 2109.6
1253320 2109.6
1253330 2120.1
1253340 2123.5
1253350 2123.5
1253360 2127.3
1253370 2132.0
1253380 2132.0
1253390 2136.3
1253400 2140.4
1253410 2140.4
1253420 2145.1
1253430 2150.2
1253440 2150.2
1253450 2156.3
1253460 2163.1
1253470 2163.1
1253480 2168.6
1253490 2172.1
1253500 2172.1
1253510 2174.7
1253520 2179.4
1253530 2179.4
1253540 2185.7
1253550 2192.2
1253560 2198.1
1253570 2198.1
1253580 2202.8
1253590 2207.3
1253600 2207.3
1253610 2212.2
1253620 2216.6
1253630 2216.6
1253640 2220.6
1253650 2227.3
1253660 2227.3
1253670 2236.0
1253680 2245.0
1253690 2245.0
1253700 2252.5
1253710 2259.0
1253720 2259.0
1253730 2259.9
1253740 2258.3
1253750 2258.3
1253760 2266.1
1253770 2274.3
1253780 2281.4
1253790 2281.4
1253800 2285.9
1253810 2286.0
1253820 2286.0
1253830 2284.1
1253840 2280.0
1253850 2280.0
1253860 2277.3
1253870 2275.4
1253880 2275.5
1253890 2272.9
1253900 2269.4
1253910 2269.4
1253920 2265.7
1253930 2261.9
1253940 2261.9
1253950 2258.0
1253960 2252.5
1253970 2252.5
1253980 2245.9
1253990 2242.5
1254000 2242.5
1254010 2242.2
1254020 2243.0
1254030 2240.8
1254040 2240.8
1254050 2234.6
1254060 2227.4
1254070 2227.4
1254080 2221.4
1254090 2217.5
1254100 2217.5
1254110 2213.0
1254120 2209.4
1254130 2209.4
1254140 2206.3
1254150 2203.4
1254160 2203.4
1254170 2200.1
1254180 2197.2
1254190 2197.2
1254200 2195.2
1254210 2194.1
1254220 2194.1
1254230 2195.1
1254240 2195.7
1254250 2194.7
1254260 2194.7
1254270 2192.9
1254280 2191.9
1254290 2191.9
1254300 2189.8
1254310 2187.8
1254320 2187.8
1254330 2187.8
1254340 2192.0
1254350 2192.0
1254360 2195.4
1254370 2194.1
1254380 2194.1
1254390 2192.6
1254400 2192.1
1254410 2192.1
1254420 2191.1
1254430 2193.2
1254440 2193.2
1254450 2193.3
1254460 2197.6
1254470 2197.6
1254480 2202.9
1254490 2208.0
1254500 2211.7
1254510 2211.7
1254520 2214.1
1254530 2214.4
1254540 2214.4
1254550 2213.5
1254560 2212.1
1254570 2212.1
1254580 2211.2
1254590 2209.9
1254600 2209.9
1254610 2211.9
1254620 2216.4
1254630 2216.4
1254640 2221.7
1254650 2225.5
1254660 2225.5
1254670 2229.7
1254680 2234.6
1254690 2234.6
1254700 2240.9
1254710 2249.4
1254720 2249.4
1254730 2255.4
1254740 2261.0
1254750 2268.2
1254760 2268.2
1254770 2275.6
1254780 2282.4
1254790 2282.4
1254800 2288.6
1254810 2294.3
1254820 2294.3
1254830 2299.8
1254840 2305.8
1254850 2305.8
1254860 2309.2
1254870 2314.4
1254880 2314.4
1254890 2320.8
1254900 2326.4
1254910 2326.4
1254920 2331.9
1254930 2337.4
1254940 2337.4
1254950 2349.4
1254960 2365.3
1254970 2373.8
1254980 2387.0
1254990 2387.6
1255000 2379.3
1255010 2379.3
1255020 2375.2
1255030 2378.3
1255040 2378.3
1255050 2382.1
1255060 2386.7
1255070 2386.7
1255080 2388.5
1255090 2391.2
1255100 2391.2
1255110 2396.0
1255120 2401.3
1255130 2401.3
1255140 2407.3
1255150 2413.4
1255160 2413.4
1255170 2420.9
1255180 2429.2
1255190 2429.2
1255200 2436.3
1255210 2443.3
1255220 2450.1
1255230 2450.1
1255240 2457.3
1255250 2463.4
1255260 2463.4
1255270 2470.1
1255280 2476.5
1255290 2476.5
1255300 2485.2
1255310 2494.7
1255320 2494.7
1255330 2504.2
1255340 2514.2
1255350 2514.2
1255360 2526.0
1255370 2537.1
1255380 2537.1
1255390 2547.3
1255400 2558.9
1255410 2558.9
1255420 2580.7
1255430 2609.5
1255440 2623.3
1255450 2623.3
1255460 2628.9
1255470 2634.0
1255480 2634.0
1255490 2641.0
1255500 2649.9
1255510 2649.9
1255520 2659.2
1255530 2671.4
1255540 2671.4
1255550 2671.6
1255560 2664.2
1255570 2664.2
1255580 2656.0
1255590 2648.0
1255600 2648.0
1255610 2640.0
1255620 2632.2
1255630 2632.2
1255640 2624.0
1255650 2615.3
1255660 2615.3
1255670 2607.2
1255680 2597.8
1255690 2589.6
1255700 2589.6
1255710 2583.8
1255720 2575.7
1255730 2575.7
1255740 2550.0
1255750 2520.6
1255760 2520.6
1255770 2503.7
1255780 2493.9
1255790 2493.9
1255800 2498.7
1255810 2505.3
1255820 2505.3
1255830 2522.0
1255840 2528.5
1255850 2528.5
1255860 2527.7
1255870 2527.0
1255880 2527.0
1255890 2524.3
1255900 2519.0
1255910 2524.3
1255920 2524.3
1255930 2519.1
1255940 2509.5
1255950 2509.5
1255960 2482.8
1255970 2465.8
1255980 2465.8
1255990 2442.4
1256000 2392.6
1256010 2392.6
1256020 2349.1
1256030 2328.8
1256040 2328.8
1256050 2318.0
1256060 2306.5
1256070 2306.5
1256080 2293.3
1256090 2279.4
1256100 2279.4
1256110 2265.5
1256120 2255.1
1256130 2255.1
1256140 2251.0
1256150 2246.3
1256160 2240.8
1256170 2240.8
1256180 2236.0
1256190 2229.1
1256200 2229.1
1256210 2220.6
1256220 2214.8
1256230 2214.8
1256240 2209.1
1256250 2202.5
1256260 2202.5
1256270 2194.5
1256280 2186.8
1256290 2186.8
1256300 2179.9
1256310 2173.4
1256320 2173.4
1256330 2167.2
1256340 2162.2
1256350 2162.2
1256360 2157.6
1256370 2152.5
1256380 2147.4
1256390 2147.4
1256400 2142.6
1256410 2138.3
1256420 2138.3
1256430 2134.5
1256440 2131.0
1256450 2131.0
1256460 2127.9
1256470 2124.8
1256480 2124.8
1256490 2121.5
1256500 2118.5
1256510 2118.5
1256520 2115.8
1256530 2112.9
1256540 2112.9
1256550 2115.5
1256560 2116.4
1256570 2116.4
1256580 2109.3
1256590 2099.4
1256600 2099.4
1256610 2089.6
1256620 2089.3
1256630 2091.8
1256640 2091.8
1256650 2057.8
1256660 2052.2
1256670 2052.2
1256680 2041.3
1256690 2035.0
1256700 2035.0
1256710 2032.5
1256720 2029.7
1256730 2029.7
1256740 2026.6
1256750 2022.8
1256760 2022.8
1256770 2018.2
1256780 2013.3
1256790 2013.3
1256800 2008.5
1256810 2002.9
1256820 2002.9
1256830 1997.3
1256840 1992.2
1256850 1986.9
1256860 1986.9
1256870 1981.9
1256880 1977.4
1256890 1977.4
1256900 1973.7
1256910 1971.1
1256920 1971.1
1256930 1971.3
1256940 1973.6
1256950 1973.6
1256960 1976.3
1256970 1977.0
1256980 1977.0
1256990 1979.1
1257000 1982.9
1257010 1982.9
1257020 1987.0
1257030 1989.8
1257040 1989.8
1257050 1988.2
1257060 1988.5
1257070 1988.5
1257080 1991.9
1257090 1989.1
1257100 1986.4
1257110 1986.4
1257120 1991.3
1257130 1999.6
1257140 1999.6
1257150 2001.2
1257160 1987.5
1257170 1987.5
1257180 1976.4
1257190 1971.0
1257200 1984.8
1257210 1977.2
1257220 1968.3
1257230 1968.3
1257240 1962.0
1257250 1956.7
1257260 1956.7
1257270 1952.7
1257280 1949.1
1257290 1949.1
1257300 1941.8
1257310 1931.3
1257320 1931.3
1257330 1923.3
1257340 1918.0
1257350 1913.8
1257360 1913.8
1257370 1909.2
1257380 1904.7
1257390 1904.7
1257400 1900.7
1257410 1898.0
1257420 1898.0
1257430 1895.8
1257440 1892.9
1257450 1892.9
1257460 1889.3
1257470 1884.8
1257480 1884.8
1257490 1881.3
1257500 1879.4
1257510 1879.4
1257520 1877.7
1257530 1876.6
1257540 1876.6
1257550 1874.9
1257560 1874.5
1257570 1876.4
1257580 1876.4
1257590 1876.4
1257600 1872.0
1257610 1872.0
1257620 1866.5
1257630 1863.6
1257640 1863.6
1257650 1861.6
1257660 1858.6
1257670 1858.6
1257680 1855.2
1257690 1854.2
1257700 1854.2
1257710 1853.8
1257720 1852.7
1257730 1852.7
1257740 1853.9
1257750 1850.1
1257760 1847.1
1257770 1837.3
1257780 1830.6
1257790 1830.6
1257800 1824.2
1257810 1814.5
1257820 1804.8
1257830 1804.8
1257840 1795.7
1257850 1785.4
1257860 1785.4
1257870 1769.2
1257880 1761.5
1257890 1761.5
1257900 1753.7
1257910 1747.3
1257920 1747.3
1257930 1740.7
1257940 1730.1
1257950 1730.1
1257960 1722.1
1257970 1714.8
1257980 1714.8
1257990 1708.4
1258000 1702.4
1258010 1702.4
1258020 1696.8
1258030 1692.4
1258040 1688.8
1258050 1688.8
1258060 1685.6
1258070 1681.5
1258080 1681.5
1258090 1676.3
1258100 1671.0
1258110 1671.0
1258120 1665.6
1258130 1660.8
1258140 1660.8
1258150 1656.1
1258160 1651.1
1258170 1651.1
1258180 1647.0
1258190 1643.5
1258200 1643.5
1258210 1642.2
1258220 1642.5
1258230 1642.5
1258240 1641.2
1258250 1639.3
1258260 1639.3
1258270 1637.2
1258280 1635.2
1258290 1633.1
1258300 1633.1
1258310 1630.9
1258320 1628.3
1258330 1628.3
1258340 1627.0
1258350 1626.2
1258360 1626.2
1258370 1625.9
1258380 1625.3
1258390 1625.3
1258400 1625.3
1258410 1625.0
1258420 1625.0
1258430 1624.1
1258440 1623.3
1258450 1623.3
1258460 1622.4
1258470 1621.5
1258480 1621.5
1258490 1620.5
1258500 1619.6
1258510 1618.7
1258520 1618.7
1258530 1618.0
1258540 1617.1
1258550 1617.1
1258560 1616.2
1258570 1615.6
1258580 1615.6
1258590 1616.2
1258600 1617.0
1258610 1617.0
1258620 1616.7
1258630 1616.4
1258640 1616.4
1258650 1616.5
1258660 1616.9
1258670 1616.9
1258680 1617.1
1258690 1616.9
1258700 1616.9
1258710 1617.9
1258720 1620.0
1258730 1620.0
1258740 1621.3
1258750 1622.4
1258760 1622.8
1258770 1622.8
1258780 1622.6
1258790 1621.6
1258800 1621.6
1258810 1621.0
1258820 1620.3
1258830 1620.3
1258840 1619.6
1258850 1619.1
1258860 1619.1
1258870 1618.7
1258880 1618.0
1258890 1619.3
1258900 1619.1
1258910 1619.6
1258920 1619.6
1258930 1619.6
1258940 1618.5
1258950 1618.5
1258960 1617.2
1258970 1616.3
1258980 1615.1
1258990 1615.1
1259000 1614.1
1259010 1613.1
1259020 1613.1
1259030 1611.9
1259040 1610.3
1259050 1610.3
1259060 1609.6
1259070 1609.8
1259080 1609.8
1259090 1609.9
1259100 1609.3
1259110 1609.3
1259120 1608.2
1259130 1607.4
1259140 1607.4
1259150 1606.4
1259160 1605.1
1259170 1605.1
1259180 1604.3
1259190 1605.1
1259200 1605.1
1259210 1605.4
1259220 1605.2
1259230 1605.3
1259240 1605.3
1259250 1605.5
1259260 1606.0
1259270 1606.0
1259280 1606.9
1259290 1607.8
1259300 1607.8
1259310 1609.0
1259320 1609.7
1259330 1609.7
1259340 1609.1
1259350 1607.8
1259360 1607.8
1259370 1606.1
1259380 1604.3
1259390 1604.3
1259400 1601.2
1259410 1597.4
1259420 1597.4
1259430 1594.7
1259440 1593.1
1259450 1595.1
1259460 1595.1
1259470 1593.0
1259480 1590.7
1259490 1590.7
1259500 1588.5
1259510 1587.3
1259520 1587.3
1259530 1586.3
1259540 1585.2
1259550 1585.2
1259560 1584.4
1259570 1583.7
1259580 1583.7
1259590 1582.2
1259600 1580.9
1259610 1580.9
1259620 1580.2
1259630 1578.8
1259640 1578.8
1259650 1577.6
1259660 1576.7
1259670 1576.7
1259680 1576.0
1259690 1575.2
1259700 1574.1
1259710 1574.1
1259720 1573.5
1259730 1572.7
1259740 1572.7
1259750 1571.3
1259760 1570.2
1259770 1570.2
1259780 1568.7
1259790 1567.5
1259800 1567.5
1259810 1566.0
1259820 1564.0
1259830 1564.0
1259840 1562.2
1259850 1560.8
1259860 1560.8
1259870 1559.7
1259880 1558.2
1259890 1558.2
1259900 1556.1
1259910 1554.3
1259920 1553.6
1259930 1553.6
1259940 1553.3
1259950 1552.5
1259960 1552.5
1259970 1551.4
1259980 1550.4
1259990 1550.4
