1240000 1523.2
1240010 1525.3
1240020 1528.1
1240030 1530.7
1240040 1530.7
1240050 1534.3
1240060 1537.4
1240070 1537.4
1240080 1540.9
1240090 1543.3
1240100 1543.3
1240110 1545.9
1240120 1547.9
1240130 1547.9
1240140 1550.3
1240150 1555.2
1240160 1555.2
1240170 1563.7
1240180 1571.2
1240190 1571.2
1240200 1576.3
1240210 1580.4
1240220 1580.4
1240230 1585.6
1240240 1592.3
1240250 1592.3
1240260 1600.8
1240270 1610.3
1240280 1616.9
1240290 1616.9
1240300 1622.3
1240310 1627.9
1240320 1627.9
1240330 1631.1
1240340 1634.0
1240350 1634.0
1240360 1640.1
1240370 1648.4
1240380 1648.4
1240390 1656.6
1240400 1664.4
1240410 1664.4
1240420 1670.9
1240430 1678.5
1240440 1678.5
1240450 1686.3
1240460 1693.1
1240470 1693.1
1240480 1699.2
1240490 1703.2
1240500 1707.7
1240510 1707.7
1240520 1712.4
1240530 1716.7
1240540 1716.7
1240550 1723.0
1240560 1728.8
1240570 1728.8
1240580 1733.5
1240590 1738.7
1240600 1738.7
1240610 1743.5
1240620 1748.4
1240630 1748.4
1240640 1753.2
1240650 1758.3
1240660 1758.3
1240670 1763.6
1240680 1770.4
1240690 1770.4
1240700 1778.5
1240710 1784.6
1240720 1784.6
1240730 1791.7
1240740 1798.3
1240750 1801.9
1240760 1801.9
1240770 1804.7
1240780 1807.3
1240790 1807.3
1240800 1809.6
1240810 1812.5
1240820 1813.8
1240830 1816.7
1240840 1820.0
1240850 1820.0
1240860 1823.6
1240870 1828.1
1240880 1828.1
1240890 1831.6
1240900 1835.4
1240910 1835.4
1240920 1839.4
1240930 1843.3
1240940 1843.3
1240950 1846.2
1240960 1853.7
1240970 1861.5
1240980 1861.5
1240990 1869.8
1241000 1879.0
1241010 1879.0
1241020 1887.6
1241030 1894.2
1241040 1894.2
1241050 1900.3
1241060 1905.9
1241070 1905.9
1241080 1910.9
1241090 1915.9
1241100 1915.9
1241110 1921.1
1241120 1928.1
1241130 1928.1
1241140 1935.2
1241150 1942.9
1241160 1942.9
1241170 1954.1
1241180 1964.2
1241190 1964.2
1241200 1973.8
1241210 1985.4
1241220 1998.5
1241230 1998.5
1241240 2008.9
1241250 2016.7
1241260 2016.7
1241270 2024.9
1241280 2033.6
1241290 2033.6
1241300 2040.4
1241310 2046.0
1241320 2046.0
1241330 2050.6
1241340 2052.7
1241350 2061.9
1241360 2062.4
1241370 2061.6
1241380 2061.6
1241390 2061.5
1241400 2059.9
1241410 2059.9
1241420 2057.7
1241430 2056.0
1241440 2056.0
1241450 2056.3
1241460 2055.5
1241470 2051.4
1241480 2051.4
1241490 2046.2
1241500 2043.5
1241510 2043.5
1241520 2039.3
1241530 2033.7
1241540 2033.7
1241550 2028.9
1241560 2025.6
1241570 2025.6
1241580 2023.4
1241590 2022.9
1241600 2022.9
1241610 2023.0
1241620 2022.2
1241630 2022.2
1241640 2022.1
1241650 2021.6
1241660 2021.6
1241670 2021.0
1241680 2020.8
1241690 2021.2
1241700 2021.2
1241710 2020.8
1241720 2020.4
1241730 2020.4
1241740 2020.2
1241750 2021.3
1241760 2021.3
1241770 2022.2
1241780 2022.8
1241790 2022.8
1241800 2023.2
1241810 2023.7
1241820 2023.7
1241830 2025.1
1241840 2024.5
1241850 2024.5
1241860 2023.3
1241870 2027.1
1241880 2027.1
1241890 2025.4
1241900 2024.0
1241910 2024.0
1241920 2024.0
1241930 2024.9
1241940 2025.5
1241950 2025.5
1241960 2027.1
1241970 2028.1
1241980 2028.1
1241990 2025.9
1242000 2024.3
1242010 2024.3
1242020 2024.5
1242030 2027.0
1242040 2027.0
1242050 2030.5
1242060 2034.4
1242070 2034.4
1242080 2037.9
1242090 2039.8
1242100 2039.8
1242110 2040.2
1242120 2041.3
1242130 2041.3
1242140 2044.1
1242150 2047.2
1242160 2049.1
1242170 2049.1
1242180 2050.5
1242190 2052.0
1242200 2052.0
1242210 2053.2
1242220 2054.9
1242230 2054.9
1242240 2056.3
1242250 2057.8
1242260 2057.8
1242270 2059.4
1242280 2061.2
1242290 2061.2
1242300 2063.2
1242310 2065.0
1242320 2065.0
1242330 2067.3
1242340 2069.2
1242350 2069.2
1242360 2070.9
1242370 2072.8
1242380 2072.8
1242390 2076.4
1242400 2077.7
1242410 2078.8
1242420 2078.8
1242430 2078.8
1242440 2078.6
1242450 2078.6
1242460 2080.1
1242470 2082.7
1242480 2082.7
1242490 2085.9
1242500 2088.6
1242510 2088.6
1242520 2090.2
1242530 2091.2
1242540 2091.2
1242550 2093.8
1242560 2096.1
1242570 2096.1
1242580 2098.6
1242590 2102.6
1242600 2102.6
1242610 2107.5
1242620 2113.7
1242630 2113.7
1242640 2120.3
1242650 2127.4
1242660 2136.0
1242670 2136.0
1242680 2143.8
1242690 2150.9
1242700 2150.9
1242710 2158.0
1242720 2164.5
1242730 2164.5
1242740 2168.2
1242750 2173.0
1242760 2173.0
1242770 2178.7
1242780 2183.5
1242790 2183.5
1242800 2187.7
1242810 2192.7
1242820 2192.7
1242830 2199.1
1242840 2204.1
1242850 2204.1
1242860 2211.0
1242870 2219.7
1242880 2228.1
1242890 2228.1
1242900 2235.7
1242910 2242.0
1242920 2241.3
1242930 2248.2
1242940 2254.2
1242950 2254.2
1242960 2261.4
1242970 2268.2
1242980 2268.2
1242990 2274.0
1243000 2282.0
1243010 2282.0
1243020 2290.1
1243030 2297.4
1243040 2297.4
1243050 2303.4
1243060 2308.3
1243070 2308.3
1243080 2311.9
1243090 2317.4
1243100 2317.4
1243110 2322.7
1243120 2327.9
1243130 2334.9
1243140 2334.9
1243150 2342.3
1243160 2350.3
1243170 2350.3
1243180 2358.6
1243190 2365.5
1243200 2365.5
1243210 2370.3
1243220 2375.2
1243230 2375.2
1243240 2379.7
1243250 2383.7
1243260 2383.7
1243270 2386.4
1243280 2390.7
1243290 2390.7
1243300 2397.3
1243310 2403.7
1243320 2403.7
1243330 2407.7
1243340 2411.3
1243350 2416.0
1243360 2416.0
1243370 2420.1
1243380 2425.1
1243390 2425.1
1243400 2430.8
1243410 2437.1
1243420 2437.1
1243430 2444.2
1243440 2453.6
1243450 2453.6
1243460 2464.2
1243470 2472.0
1243480 2472.0
1243490 2482.5
1243500 2496.2
1243510 2496.2
1243520 2506.4
1243530 2512.9
1243540 2512.9
1243550 2514.7
1243560 2520.3
1243570 2520.3
1243580 2528.3
1243590 2534.5
1243600 2540.7
1243610 2540.7
1243620 2548.3
1243630 2552.7
1243640 2552.7
1243650 2557.5
1243660 2563.5
1243670 2563.5
1243680 2567.7
1243690 2572.8
1243700 2572.8
1243710 2578.8
1243720 2584.3
1243730 2584.3
1243740 2588.6
1243750 2589.5
1243760 2589.5
1243770 2593.7
1243780 2598.7
1243790 2598.7
1243800 2603.8
1243810 2610.7
1243820 2610.7
1243830 2618.8
1243840 2627.1
1243850 2633.8
1243860 2633.8
1243870 2640.9
1243880 2647.3
1243890 2647.3
1243900 2650.6
1243910 2647.0
1243920 2647.0
1243930 2643.4
1243940 2640.2
1243950 2640.2
1243960 2638.3
1243970 2636.5
1243980 2636.5
1243990 2635.6
1244000 2635.8
1244010 2635.8
1244020 2635.1
1244030 2634.3
1244040 2634.3
1244050 2633.4
1244060 2632.7
1244070 2631.1
1244080 2631.1
1244090 2629.4
1244100 2626.6
1244110 2626.6
1244120 2622.8
1244130 2618.9
1244140 2618.9
1244150 2616.2
1244160 2614.9
1244170 2614.9
1244180 2613.4
1244190 2610.7
1244200 2610.7
1244210 2607.5
1244220 2605.4
1244230 2605.4
1244240 2601.2
1244250 2595.0
1244260 2595.0
1244270 2589.6
1244280 2584.8
1244290 2584.8
1244300 2580.0
1244310 2574.2
1244320 2568.0
1244330 2568.0
1244340 2564.0
1244350 2560.3
1244360 2560.3
1244370 2555.9
1244380 2550.8
1244390 2550.8
1244400 2546.5
1244410 2542.2
1244420 2542.2
1244430 2536.7
1244440 2530.8
1244450 2530.8
1244460 2526.0
1244470 2521.9
1244480 2521.9
1244490 2520.1
1244500 2524.8
1244510 2524.8
1244520 2520.5
1244530 2516.9
1244540 2513.7
1244550 2513.7
1244560 2512.0
1244570 2511.0
1244580 2511.0
1244590 2509.4
1244600 2508.2
1244610 2508.2
1244620 2507.2
1244630 2505.2
1244640 2505.2
1244650 2504.5
1244660 2504.7
1244670 2504.7
1244680 2505.1
1244690 2507.3
1244700 2507.3
1244710 2505.1
1244720 2500.5
1244730 2500.5
1244740 2498.1
1244750 2495.2
1244760 2495.2
1244770 2492.1
1244780 2486.2
1244790 2480.5
1244800 2480.5
1244810 2476.3
1244820 2471.7
1244830 2471.7
1244840 2467.6
1244850 2464.9
1244860 2464.9
1244870 2460.1
1244880 2455.0
1244890 2455.0
1244900 2451.3
1244910 2447.8
1244920 2447.8
1244930 2445.2
1244940 2441.3
1244950 2441.3
1244960 2436.6
1244970 2429.7
1244980 2429.7
1244990 2422.0
1245000 2414.9
1245010 2414.9
1245020 2411.8
1245030 2412.3
1245040 2409.4
1245050 2409.4
1245060 2406.1
1245070 2404.0
1245080 2404.0
1245090 2403.0
1245100 2400.5
1245110 2400.5
1245120 2397.3
1245130 2392.9
1245140 2392.9
1245150 2386.3
1245160 2377.7
1245170 2377.7
1245180 2371.8
1245190 2366.3
1245200 2366.3
1245210 2362.0
1245220 2359.8
1245230 2359.8
1245240 2358.1
1245250 2355.0
1245260 2352.0
1245270 2352.0
1245280 2348.5
1245290 2340.3
1245300 2340.3
1245310 2328.0
1245320 2317.3
1245330 2317.3
1245340 2310.8
1245350 2306.1
1245360 2306.1
1245370 2298.5
1245380 2290.7
1245390 2290.7
1245400 2284.4
1245410 2280.2
1245420 2280.2
1245430 2274.8
1245440 2270.8
1245450 2270.8
1245460 2275.1
1245470 2279.4
1245480 2279.4
1245490 2277.7
1245500 2273.6
1245510 2270.9
1245520 2270.9
1245530 2273.2
1245540 2280.2
1245550 2280.2
1245560 2291.5
1245570 2283.5
1245580 2283.5
1245590 2271.5
1245600 2260.1
1245610 2260.1
1245620 2251.1
1245630 2248.7
1245640 2248.7
1245650 2247.2
1245660 2240.8
1245670 2240.8
1245680 2233.1
1245690 2225.4
1245700 2225.4
1245710 2216.3
1245720 2207.9
1245730 2201.1
1245740 2201.1
1245750 2192.7
1245760 2185.3
1245770 2185.3
1245780 2180.6
1245790 2174.9
1245800 2174.9
1245810 2171.2
1245820 2170.1
1245830 2170.1
1245840 2162.6
1245850 2150.3
1245860 2150.3
1245870 2136.4
1245880 2120.0
1245890 2120.0
1245900 2106.5
1245910 2096.3
1245920 2096.3
1245930 2088.5
1245940 2081.9
1245950 2081.9
1245960 2075.4
1245970 2068.9
1245980 2062.6
1245990 2062.6
1246000 2055.9
1246010 2049.1
1246020 2049.1
1246030 2041.8
1246040 2034.0
1246050 2034.0
1246060 2027.7
1246070 2022.7
1246080 2022.7
1246090 2016.2
1246100 2010.9
1246110 2010.9
1246120 2005.2
1246130 2002.1
1246140 2002.1
1246150 2000.6
1246160 1997.2
1246170 1997.2
1246180 1991.1
1246190 1984.5
1246200 1984.5
1246210 1978.3
1246220 1971.6
1246230 1964.8
1246240 1964.8
1246250 1960.6
1246260 1959.0
1246270 1959.0
1246280 1956.8
1246290 1953.5
1246300 1953.5
1246310 1950.3
1246320 1947.8
1246330 1947.8
1246340 1945.4
1246350 1942.1
1246360 1942.1
1246370 1938.5
1246380 1935.5
1246390 1935.5
1246400 1931.8
1246410 1927.4
1246420 1927.4
1246430 1923.4
1246440 1919.3
1246450 1915.5
1246460 1915.5
1246470 1912.3
1246480 1909.7
1246490 1909.7
1246500 1907.1
1246510 1904.4
1246520 1904.4
1246530 1902.3
1246540 1899.4
1246550 1899.4
1246560 1894.4
1246570 1889.5
1246580 1889.5
1246590 1886.2
1246600 1880.7
1246610 1880.7
1246620 1876.0
1246630 1868.3
1246640 1868.3
1246650 1862.1
1246660 1856.5
1246670 1856.5
1246680 1853.0
1246690 1851.0
1246700 1849.5
1246710 1849.5
1246720 1846.5
1246730 1842.9
1246740 1842.9
1246750 1838.3
1246760 1833.7
1246770 1833.7
1246780 1830.4
1246790 1828.7
1246800 1828.7
1246810 1826.3
1246820 1823.1
1246830 1823.1
1246840 1819.5
1246850 1817.3
1246860 1817.3
1246870 1816.2
1246880 1817.1
1246890 1817.1
1246900 1818.5
1246910 1817.0
1246920 1815.0
1246930 1815.0
1246940 1815.3
1246950 1816.9
1246960 1816.9
1246970 1817.3
1246980 1809.8
1246990 1809.8
1247000 1804.3
1247010 1808.5
1247020 1808.5
1247030 1814.0
1247040 1818.9
1247050 1818.9
1247060 1823.2
1247070 1828.0
1247080 1828.0
1247090 1833.1
1247100 1837.7
1247110 1837.7
1247120 1842.4
1247130 1848.0
1247140 1848.0
1247150 1851.2
1247160 1855.4
1247170 1859.3
1247180 1859.3
1247190 1865.4
1247200 1870.1
1247210 1870.1
1247220 1873.2
1247230 1875.6
1247240 1875.6
1247250 1878.2
1247260 1881.2
1247270 1881.2
1247280 1884.8
1247290 1889.4
1247300 1889.4
1247310 1893.7
1247320 1898.2
1247330 1898.2
1247340 1903.5
1247350 1908.5
1247360 1908.5
1247370 1914.0
1247380 1918.8
1247390 1918.8
1247400 1922.9
1247410 1926.7
1247420 1930.2
1247430 1930.2
1247440 1933.6
1247450 1936.8
1247460 1936.8
1247470 1939.6
1247480 1942.8
1247490 1942.8
1247500 1946.7
1247510 1949.5
1247520 1949.5
1247530 1948.9
1247540 1949.5
1247550 1949.5
1247560 1950.1
1247570 1948.0
1247580 1948.0
1247590 1944.4
1247600 1942.4
1247610 1942.4
1247620 1940.5
1247630 1937.9
1247640 1934.5
1247650 1934.5
1247660 1930.3
1247670 1928.2
1247680 1928.2
1247690 1931.4
1247700 1926.5
1247710 1926.5
1247720 1921.0
1247730 1918.8
1247740 1918.8
1247750 1916.6
1247760 1908.3
1247770 1908.3
1247780 1901.9
1247790 1903.1
1247800 1903.1
1247810 1900.5
1247820 1894.5
1247830 1894.5
1247840 1889.0
1247850 1883.0
1247860 1883.0
1247870 1871.7
1247880 1862.1
1247890 1854.7
1247900 1854.7
1247910 1847.5
1247920 1841.2
1247930 1841.2
1247940 1834.1
1247950 1826.7
1247960 1826.7
1247970 1819.3
1247980 1812.7
1247990 1812.7
1248000 1807.0
1248010 1800.0
1248020 1800.0
1248030 1793.9
1248040 1787.7
1248050 1787.7
1248060 1781.0
1248070 1774.1
1248080 1774.1
1248090 1767.6
1248100 1760.5
1248110 1753.2
1248120 1753.2
1248130 1745.8
1248140 1738.4
1248150 1738.4
1248160 1729.5
1248170 1721.1
1248180 1721.1
1248190 1713.2
1248200 1705.5
1248210 1705.5
1248220 1699.7
1248230 1698.2
1248240 1698.2
1248250 1691.9
1248260 1686.0
1248270 1686.0
1248280 1680.7
1248290 1674.8
1248300 1674.8
1248310 1669.7
1248320 1664.8
1248330 1664.8
1248340 1659.2
1248350 1653.7
1248360 1648.4
1248370 1648.4
1248380 1643.2
1248390 1637.2
1248400 1637.2
1248410 1630.8
1248420 1631.6
1248430 1631.6
1248440 1636.5
1248450 1645.1
1248460 1645.1
1248470 1652.8
1248480 1657.2
1248490 1657.2
1248500 1661.0
1248510 1664.5
1248520 1664.5
1248530 1666.7
1248540 1668.2
1248550 1668.2
1248560 1669.0
1248570 1670.1
1248580 1670.1
1248590 1673.5
1248600 1677.2
1248610 1680.4
1248620 1680.4
1248630 1687.1
1248640 1692.3
1248650 1692.3
1248660 1696.9
1248670 1700.7
1248680 1700.7
1248690 1704.3
1248700 1707.2
1248710 1707.2
1248720 1710.4
1248730 1714.5
1248740 1714.5
1248750 1718.6
1248760 1721.8
1248770 1727.9
1248780 1730.4
1248790 1733.0
1248800 1733.0
1248810 1736.3
1248820 1740.0
1248830 1743.4
1248840 1743.4
1248850 1746.9
1248860 1750.2
1248870 1750.2
1248880 1753.7
1248890 1757.1
1248900 1757.1
1248910 1760.5
1248920 1763.0
1248930 1763.0
1248940 1765.5
1248950 1768.5
1248960 1768.5
1248970 1771.2
1248980 1774.7
1248990 1774.7
1249000 1778.9
1249010 1783.6
1249020 1783.6
1249030 1789.0
1249040 1793.4
1249050 1793.4
1249060 1798.2
1249070 1802.4
1249080 1806.4
1249090 1806.4
1249100 1810.4
1249110 1815.4
1249120 1815.4
1249130 1821.6
1249140 1827.8
1249150 1827.8
1249160 1833.5
1249170 1838.6
1249180 1838.6
1249190 1844.8
1249200 1851.6
1249210 1851.6
1249220 1858.1
1249230 1864.2
1249240 1864.2
1249250 1870.7
1249260 1876.3
1249270 1876.3
1249280 1881.3
1249290 1886.8
1249300 1890.2
1249310 1890.2
1249320 1893.4
1249330 1895.0
1249340 1895.0
1249350 1897.5
1249360 1901.2
1249370 1901.2
1249380 1904.9
1249390 1908.1
1249400 1908.1
1249410 1911.8
1249420 1914.9
1249430 1914.9
1249440 1917.4
1249450 1919.9
1249460 1919.9
1249470 1922.8
1249480 1926.5
1249490 1926.5
1249500 1930.7
1249510 1934.2
1249520 1934.2
1249530 1937.9
1249540 1941.5
1249550 1944.5
1249560 1944.5
1249570 1946.7
1249580 1948.9
1249590 1948.9
1249600 1951.7
1249610 1955.9
1249620 1955.9
1249630 1962.1
1249640 1967.6
1249650 1967.6
1249660 1971.4
1249670 1975.2
1249680 1975.2
1249690 1979.0
1249700 1983.4
1249710 1983.4
1249720 1987.5
1249730 1991.5
1249740 1991.5
1249750 1994.9
1249760 1997.6
1249770 1997.6
1249780 1999.4
1249790 2000.9
1249800 2004.2
1249810 2004.2
1249820 2010.0
1249830 2016.0
1249840 2017.7
1249850 2023.5
1249860 2027.7
1249870 2027.7
1249880 2030.1
1249890 2033.2
1249900 2033.2
1249910 2037.3
1249920 2042.7
1249930 2042.7
1249940 2048.9
1249950 2054.6
1249960 2054.6
1249970 2059.3
1249980 2064.3
1249990 2064.3
1250000 2068.9
1250010 2074.9
1250020 2081.4
1250030 2081.4
1250040 2089.1
1250050 2097.0
1250060 2097.0
1250070 2104.2
1250080 2111.1
1250090 2111.1
1250100 2118.6
1250110 2123.2
1250120 2123.2
1250130 2127.3
1250140 2131.9
1250150 2131.9
1250160 2136.2
1250170 2140.0
1250180 2140.0
1250190 2144.6
1250200 2147.8
1250210 2147.8
1250220 2151.0
1250230 2155.3
1250240 2155.3
1250250 2159.7
1250260 2163.3
1250270 2166.8
1250280 2166.8
1250290 2171.1
1250300 2176.5
1250310 2176.5
1250320 2182.5
1250330 2189.1
1250340 2189.1
1250350 2195.4
1250360 2199.7
1250370 2199.7
1250380 2201.3
1250390 2205.6
1250400 2205.6
1250410 2211.5
1250420 2218.4
1250430 2218.4
1250440 2223.5
1250450 2226.4
1250460 2226.4
1250470 2229.8
1250480 2231.4
1250490 2235.6
1250500 2235.6
1250510 2239.2
1250520 2242.1
1250530 2242.1
1250540 2245.3
1250550 2248.6
1250560 2248.6
1250570 2251.1
1250580 2251.7
1250590 2251.7
1250600 2253.4
1250610 2256.6
1250620 2256.6
1250630 2260.1
1250640 2264.1
1250650 2264.1
1250660 2265.7
1250670 2265.8
1250680 2265.8
1250690 2268.9
1250700 2271.9
1250710 2271.9
1250720 2275.3
1250730 2273.7
1250740 2274.5
1250750 2274.5
1250760 2278.0
1250770 2282.2
1250780 2282.2
1250790 2287.3
1250800 2292.7
1250810 2292.7
1250820 2298.1
1250830 2304.3
1250840 2304.3
1250850 2311.6
1250860 2318.9
1250870 2318.9
1250880 2326.8
1250890 2337.5
1250900 2337.5
1250910 2346.4
1250920 2354.6
1250930 2354.8
1250940 2363.4
1250950 2370.8
1250960 2370.8
1250970 2378.1
1250980 2386.3
1250990 2392.5
1251000 2392.5
1251010 2387.8
1251020 2381.7
1251030 2381.7
1251040 2376.3
1251050 2370.6
1251060 2370.6
1251070 2365.5
1251080 2361.4
1251090 2361.4
1251100 2359.1
1251110 2357.4
1251120 2357.4
1251130 2356.8
1251140 2356.9
1251150 2356.9
1251160 2354.1
1251170 2349.7
1251180 2349.7
1251190 2345.7
1251200 2338.6
1251210 2330.9
1251220 2330.9
1251230 2324.0
1251240 2318.5
1251250 2318.5
1251260 2314.5
1251270 2311.6
1251280 2311.6
1251290 2307.1
1251300 2301.1
1251310 2301.1
1251320 2296.3
1251330 2293.3
1251340 2293.3
1251350 2290.6
1251360 2288.6
1251370 2288.6
1251380 2287.3
1251390 2283.2
1251400 2283.2
1251410 2275.9
1251420 2269.6
1251430 2269.6
1251440 2264.7
1251450 2260.1
1251460 2256.8
1251470 2257.1
1251480 2254.4
1251490 2251.1
1251500 2251.1
1251510 2247.2
1251520 2243.7
1251530 2243.7
1251540 2240.6
1251550 2236.3
1251560 2236.3
1251570 2231.6
1251580 2225.2
1251590 2225.2
1251600 2218.2
1251610 2212.7
1251620 2212.7
1251630 2207.5
1251640 2201.7
1251650 2201.7
1251660 2196.7
1251670 2190.2
1251680 2185.1
1251690 2185.1
1251700 2181.2
1251710 2175.9
1251720 2175.9
1251730 2169.7
1251740 2164.6
1251750 2164.6
1251760 2159.9
1251770 2155.6
1251780 2155.6
1251790 2153.3
1251800 2150.6
1251810 2150.6
1251820 2147.5
1251830 2143.9
1251840 2143.9
1251850 2139.0
1251860 2134.8
1251870 2134.8
1251880 2131.3
1251890 2128.2
1251900 2128.2
1251910 2124.8
1251920 2120.7
1251930 2116.9
1251940 2116.9
1251950 2113.9
1251960 2112.1
1251970 2112.1
1251980 2110.8
1251990 2107.5
1252000 2107.5
1252010 2104.4
1252020 2099.4
1252030 2099.4
1252040 2093.7
1252050 2088.6
1252060 2088.6
1252070 2084.2
1252080 2079.7
1252090 2079.7
1252100 2074.7
1252110 2069.1
1252120 2069.1
1252130 2063.1
1252140 2057.1
1252150 2057.1
1252160 2052.6
1252170 2049.3
1252180 2046.9
1252190 2046.9
1252200 2044.4
1252210 2041.2
1252220 2041.2
1252230 2037.9
1252240 2034.0
1252250 2034.0
1252260 2029.6
1252270 2025.5
1252280 2025.5
1252290 2020.9
1252300 2016.0
1252310 2016.0
1252320 2011.2
1252330 2004.9
1252340 2004.9
1252350 1997.1
1252360 1988.9
1252370 1988.9
1252380 1981.5
1252390 1975.4
1252400 1969.8
1252410 1969.8
1252420 1966.9
1252430 1962.5
1252440 1962.5
1252450 1957.6
1252460 1953.9
1252470 1953.9
1252480 1951.3
1252490 1949.0
1252500 1949.0
1252510 1945.7
1252520 1940.7
1252530 1940.7
1252540 1935.2
1252550 1929.0
1252560 1929.0
1252570 1925.2
1252580 1920.5
1252590 1920.5
1252600 1915.7
1252610 1912.5
1252620 1912.5
1252630 1911.0
1252640 1910.7
1252650 1911.2
1252660 1911.2
1252670 1907.5
1252680 1902.4
1252690 1902.4
1252700 1897.5
1252710 1892.9
1252720 1892.9
1252730 1888.4
1252740 1884.7
1252750 1884.7
1252760 1881.0
1252770 1877.2
1252780 1877.2
1252790 1873.1
1252800 1869.1
1252810 1869.1
1252820 1865.6
1252830 1862.9
1252840 1862.9
1252850 1859.7
1252860 1854.4
1252870 1845.0
1252880 1845.0
1252890 1835.8
1252900 1828.3
1252910 1828.3
1252920 1822.4
1252930 1820.6
1252940 1820.6
1252950 1819.6
1252960 1819.0
1252970 1819.0
1252980 1817.6
1252990 1817.9
1253000 1817.9
1253010 1821.2
1253020 1827.8
1253030 1827.8
1253040 1834.0
1253050 1836.9
1253060 1836.9
1253070 1839.9
1253080 1844.3
1253090 1844.3
1253100 1849.4
1253110 1855.8
1253120 1861.6
1253130 1861.6
1253140 1866.9
1253150 1873.0
1253160 1873.0
1253170 1879.8
1253180 1886.6
1253190 1886.6
1253200 1893.8
1253210 1901.0
1253220 1901.0
1253230 1907.1
1253240 1913.4
1253250 1913.4
1253260 1920.0
1253270 1926.2
1253280 1926.2
1253290 1932.4
1253300 1938.9
1253310 1938.9
1253320 1946.6
1253330 1953.6
1253340 1953.6
1253350 1960.2
1253360 1966.5
1253370 1973.0
1253380 1973.0
1253390 1980.2
1253400 1988.3
1253410 1988.3
1253420 1995.9
1253430 2003.6
1253440 2003.6
1253450 2012.2
1253460 2021.2
1253470 2021.2
1253480 2029.7
1253490 2037.5
1253500 2037.5
1253510 2045.4
1253520 2053.6
1253530 2053.6
1253540 2061.4
1253550 2068.6
1253560 2068.6
1253570 2076.3
1253580 2084.1
1253590 2091.8
1253600 2091.8
1253610 2101.4
1253620 2110.2
1253630 2110.2
1253640 2115.0
1253650 2119.5
1253660 2123.9
1253670 2121.8
1253680 2116.6
1253690 2116.6
1253700 2110.4
1253710 2103.0
1253720 2103.0
1253730 2095.9
1253740 2089.0
1253750 2089.0
1253760 2082.0
1253770 2079.3
1253780 2079.3
1253790 2082.2
1253800 2083.6
1253810 2083.6
1253820 2082.9
1253830 2082.6
1253840 2083.3
1253850 2083.3
1253860 2084.9
1253870 2085.4
1253880 2085.4
1253890 2084.2
1253900 2080.6
1253910 2080.6
1253920 2075.9
1253930 2072.1
1253940 2072.1
1253950 2071.3
1253960 2070.6
1253970 2070.6
1253980 2067.7
1253990 2063.5
1254000 2063.5
1254010 2059.6
1254020 2057.6
1254030 2057.6
1254040 2056.9
1254050 2057.2
1254060 2057.2
1254070 2057.2
1254080 2060.1
1254090 2062.1
1254100 2062.1
1254110 2063.8
1254120 2064.5
1254130 2064.5
1254140 2063.9
1254150 2064.7
1254160 2064.7
1254170 2066.3
1254180 2067.1
1254190 2067.1
1254200 2066.4
1254210 2066.5
1254220 2066.5
1254230 2064.1
1254240 2063.3
1254250 2063.3
1254260 2065.9
1254270 2068.5
1254280 2068.5
1254290 2069.4
1254300 2070.3
1254310 2070.0
1254320 2070.0
1254330 2069.7
1254340 2071.7
1254350 2071.7
1254360 2075.8
1254370 2081.0
1254380 2081.0
1254390 2085.4
1254400 2088.4
1254410 2088.4
1254420 2088.5
1254430 2085.6
1254440 2085.6
1254450 2084.7
1254460 2086.6
1254470 2086.6
1254480 2084.5
1254490 2083.3
1254500 2083.3
1254510 2084.2
1254520 2082.2
1254530 2082.2
1254540 2077.5
1254550 2072.6
1254560 2068.6
1254570 2068.6
1254580 2065.3
1254590 2065.0
1254600 2065.0
1254610 2067.9
1254620 2071.2
1254630 2071.2
1254640 2074.1
1254650 2076.7
1254660 2076.7
1254670 2079.1
1254680 2081.9
1254690 2081.9
1254700 2082.3
1254710 2081.1
1254720 2081.1
1254730 2080.0
1254740 2082.8
1254750 2082.8
1254760 2085.6
1254770 2092.9
1254780 2094.7
1254790 2094.7
1254800 2092.7
1254810 2090.7
1254820 2090.7
1254830 2090.4
1254840 2090.6
1254850 2090.6
1254860 2091.7
1254870 2092.8
1254880 2092.8
1254890 2093.6
1254900 2094.5
1254910 2094.5
1254920 2095.3
1254930 2096.1
1254940 2096.1
1254950 2097.8
1254960 2100.1
1254970 2100.1
1254980 2102.7
1254990 2106.4
1255000 2106.4
1255010 2110.2
1255020 2113.8
1255030 2117.3
1255040 2117.3
1255050 2120.8
1255060 2124.5
1255070 2124.5
1255080 2128.6
1255090 2133.1
1255100 2133.1
1255110 2137.7
1255120 2142.5
1255130 2142.5
1255140 2147.5
1255150 2152.7
1255160 2152.7
1255170 2158.2
1255180 2163.8
1255190 2163.8
1255200 2169.5
1255210 2175.0
1255220 2175.0
1255230 2180.4
1255240 2185.9
1255250 2191.5
1255260 2191.5
1255270 2196.8
1255280 2202.3
1255290 2202.3
1255300 2208.1
1255310 2213.8
1255320 2216.5
1255330 2222.6
1255340 2228.7
1255350 2228.7
1255360 2234.8
1255370 2241.0
1255380 2241.0
1255390 2247.1
1255400 2253.5
1255410 2253.5
1255420 2260.1
1255430 2267.5
1255440 2267.5
1255450 2277.4
1255460 2287.8
1255470 2287.8
1255480 2306.7
1255490 2324.4
1255500 2331.6
1255510 2331.6
1255520 2337.0
1255530 2358.5
1255540 2358.5
1255550 2372.8
1255560 2385.3
1255570 2385.3
1255580 2394.8
1255590 2424.8
1255600 2424.8
1255610 2454.9
1255620 2459.1
1255630 2459.1
1255640 2443.4
1255650 2454.0
1255660 2454.0
1255670 2463.3
1255680 2469.6
1255690 2469.6
1255700 2476.5
1255710 2487.1
1255720 2487.1
1255730 2499.9
1255740 2517.5
1255750 2525.6
1255760 2525.6
1255770 2510.9
1255780 2503.6
1255790 2503.6
1255800 2507.6
1255810 2510.9
1255820 2510.9
1255830 2526.7
1255840 2558.7
1255850 2558.7
1255860 2558.2
1255870 2546.6
1255880 2546.6
1255890 2534.3
1255900 2510.2
1255910 2510.2
1255920 2494.5
1255930 2484.7
1255940 2484.7
1255950 2492.6
1255960 2509.0
1255970 2505.2
1255980 2505.2
1255990 2481.9
1256000 2458.1
1256010 2458.1
1256020 2462.4
1256030 2460.9
1256040 2460.9
1256050 2461.5
1256060 2465.6
1256070 2465.6
1256080 2454.9
1256090 2444.9
1256100 2444.9
1256110 2444.0
1256120 2445.3
1256130 2445.3
1256140 2437.9
1256150 2434.9
1256160 2434.9
1256170 2416.1
1256180 2393.7
1256190 2393.7
1256200 2385.3
1256210 2381.8
1256220 2380.6
1256230 2380.6
1256240 2381.4
1256250 2401.4
1256260 2401.4
1256270 2427.6
1256280 2430.1
1256290 2430.1
1256300 2415.1
1256310 2402.7
1256320 2402.7
1256330 2396.6
1256340 2393.0
1256350 2393.0
1256360 2394.6
1256370 2393.8
1256380 2393.8
1256390 2393.7
1256400 2390.9
1256410 2390.9
1256420 2387.4
1256430 2377.5
1256440 2376.1
1256450 2376.1
1256460 2370.0
1256470 2361.1
1256480 2361.1
1256490 2355.0
1256500 2350.1
1256510 2350.1
1256520 2336.6
1256530 2324.5
1256540 2324.5
1256550 2321.8
1256560 2323.1
1256570 2323.1
1256580 2318.9
1256590 2314.0
1256600 2314.0
1256610 2311.2
1256620 2308.1
1256630 2308.1
1256640 2305.0
1256650 2302.4
1256660 2302.4
1256670 2296.4
1256680 2286.3
1256690 2270.9
1256700 2270.9
1256710 2253.4
1256720 2250.1
1256730 2250.1
1256740 2223.2
1256750 2208.5
1256760 2208.5
1256770 2199.0
1256780 2193.0
1256790 2193.0
1256800 2187.3
1256810 2181.4
1256820 2181.4
1256830 2176.0
1256840 2171.0
1256850 2171.0
1256860 2166.6
1256870 2164.5
1256880 2164.5
1256890 2164.1
1256900 2163.3
1256910 2162.9
1256920 2162.9
1256930 2162.6
1256940 2164.4
1256950 2164.4
1256960 2167.0
1256970 2170.5
1256980 2170.5
1256990 2170.2
1257000 2172.4
1257010 2172.4
1257020 2171.0
1257030 2167.0
1257040 2167.0
1257050 2166.8
1257060 2168.3
1257070 2168.3
1257080 2170.2
1257090 2174.1
1257100 2174.1
1257110 2177.9
1257120 2183.2
1257130 2183.2
1257140 2187.0
1257150 2187.5
1257160 2193.4
1257170 2193.4
1257180 2202.5
1257190 2197.9
1257200 2197.9
1257210 2190.5
1257220 2178.7
1257230 2178.7
1257240 2163.0
1257250 2156.6
1257260 2156.6
1257270 2149.7
1257280 2121.7
1257290 2121.7
1257300 2116.6
1257310 2103.6
1257320 2103.6
1257330 2087.4
1257340 2079.3
1257350 2079.3
1257360 2071.8
1257370 2064.3
1257380 2064.3
1257390 2057.0
1257400 2049.4
1257410 2042.4
1257420 2042.4
1257430 2036.0
1257440 2030.2
1257450 2030.2
1257460 2026.0
1257470 2022.9
1257480 2022.9
1257490 2020.9
1257500 2019.5
1257510 2019.5
1257520 2016.5
1257530 2013.2
1257540 2013.2
1257550 2007.6
1257560 2005.7
1257570 2005.7
1257580 2006.3
1257590 2008.3
1257600 2008.3
1257610 2010.7
1257620 2011.9
1257630 2013.1
1257640 2013.1
1257650 2014.6
1257660 2014.6
1257670 2014.6
1257680 2016.8
1257690 2020.0
1257700 2020.0
1257710 2023.1
1257720 2025.3
1257730 2025.3
1257740 2026.2
1257750 2028.8
1257760 2028.8
1257770 2033.7
1257780 2044.2
1257790 2044.2
1257800 2042.6
1257810 2042.4
1257820 2042.4
1257830 2047.3
1257840 2055.5
1257850 2055.5
1257860 2057.5
1257870 2053.9
1257880 2050.5
1257890 2050.5
1257900 2047.9
1257910 2045.5
1257920 2045.5
1257930 2044.4
1257940 2044.0
1257950 2044.0
1257960 2043.5
1257970 2043.4
1257980 2043.4
1257990 2039.8
1258000 2030.0
1258010 2030.0
1258020 2021.7
1258030 2020.2
1258040 2020.2
1258050 2016.0
1258060 2005.1
1258070 2005.1
1258080 1993.7
1258090 1983.5
1258100 1975.4
1258110 1990.9
1258120 1977.2
1258130 1960.5
1258140 1960.5
1258150 1943.9
1258160 1935.6
1258170 1935.6
1258180 1927.5
1258190 1919.4
1258200 1919.4
1258210 1911.6
1258220 1903.4
1258230 1903.4
1258240 1894.1
1258250 1885.8
1258260 1885.8
1258270 1877.8
1258280 1870.0
1258290 1870.0
1258300 1862.2
1258310 1854.2
1258320 1854.2
1258330 1845.7
1258340 1837.9
1258350 1827.7
1258360 1827.7
1258370 1815.7
1258380 1808.8
1258390 1808.8
1258400 1803.7
1258410 1800.1
1258420 1800.1
1258430 1797.9
1258440 1796.2
1258450 1796.2
1258460 1795.0
1258470 1792.7
1258480 1792.7
1258490 1791.3
1258500 1791.1
1258510 1791.1
1258520 1790.7
1258530 1789.8
1258540 1789.8
1258550 1789.4
1258560 1788.0
1258570 1788.0
1258580 1785.0
1258590 1782.6
1258600 1781.3
1258610 1781.3
1258620 1780.9
1258630 1780.8
1258640 1780.8
1258650 1781.6
1258660 1781.5
1258670 1776.4
1258680 1775.0
1258690 1773.1
1258700 1773.1
1258710 1773.4
1258720 1774.2
1258730 1774.2
1258740 1773.8
1258750 1772.3
1258760 1772.3
1258770 1770.5
1258780 1768.1
1258790 1768.1
1258800 1765.5
1258810 1763.0
1258820 1759.9
1258830 1759.9
1258840 1757.0
1258850 1755.0
1258860 1755.0
1258870 1752.8
1258880 1750.0
1258890 1750.0
1258900 1746.7
1258910 1743.7
1258920 1743.7
1258930 1740.3
1258940 1737.4
1258950 1737.4
1258960 1735.4
1258970 1733.3
1258980 1733.3
1258990 1731.7
1259000 1731.3
1259010 1731.3
1259020 1732.8
1259030 1734.1
1259040 1734.1
1259050 1736.6
1259060 1738.2
1259070 1737.8
1259080 1737.8
1259090 1739.1
1259100 1739.2
1259110 1739.2
1259120 1738.8
1259130 1738.4
1259140 1738.4
1259150 1737.7
1259160 1737.7
1259170 1737.7
1259180 1737.6
1259190 1737.7
1259200 1737.7
1259210 1737.1
1259220 1734.8
1259230 1730.5
1259240 1728.0
1259250 1726.3
1259260 1726.3
1259270 1723.0
1259280 1718.1
1259290 1713.8
1259300 1713.8
1259310 1713.0
1259320 1711.8
1259330 1711.8
1259340 1710.1
1259350 1709.1
1259360 1709.1
1259370 1708.9
1259380 1707.5
1259390 1707.5
1259400 1706.2
1259410 1703.9
1259420 1703.9
1259430 1704.0
1259440 1705.8
1259450 1705.8
1259460 1707.0
1259470 1707.7
1259480 1707.7
1259490 1708.4
1259500 1708.6
1259510 1708.6
1259520 1712.4
1259530 1718.1
1259540 1722.5
1259550 1722.5
1259560 1725.6
1259570 1726.8
1259580 1726.8
1259590 1722.0
1259600 1713.2
1259610 1713.2
1259620 1709.0
1259630 1709.8
1259640 1709.8
1259650 1704.2
1259660 1710.1
1259670 1710.1
1259680 1706.2
1259690 1699.7
1259700 1699.7
1259710 1696.5
1259720 1695.6
1259730 1695.6
1259740 1693.8
1259750 1692.7
1259760 1692.7
1259770 1692.3
1259780 1691.6
1259790 1690.7
1259800 1684.0
1259810 1683.2
1259820 1683.2
1259830 1683.2
1259840 1682.6
1259850 1679.9
1259860 1679.9
1259870 1681.6
1259880 1677.5
1259890 1677.5
1259900 1674.4
1259910 1679.7
1259920 1679.7
1259930 1685.0
1259940 1687.4
1259950 1687.4
1259960 1692.4
1259970 1698.4
1259980 1698.4
1259990 1702.6
