1240000 1570.5
1240010 1570.5
1240020 1578.0
1240030 1585.6
1240040 1585.6
1240050 1591.4
1240060 1598.1
1240070 1598.1
1240080 1603.9
1240090 1611.2
1240100 1611.2
1240110 1619.1
1240120 1623.1
1240130 1623.1
1240140 1626.3
1240150 1630.7
1240160 1630.7
1240170 1634.4
1240180 1639.5
1240190 1645.7
1240200 1645.7
1240210 1650.5
1240220 1654.9
1240230 1654.9
1240240 1660.2
1240250 1666.6
1240260 1666.6
1240270 1672.9
1240280 1678.0
1240290 1678.0
1240300 1682.3
1240310 1686.4
1240320 1686.4
1240330 1691.6
1240340 1697.2
1240350 1697.2
1240360 1702.6
1240370 1707.9
1240380 1707.9
1240390 1713.1
1240400 1718.6
1240410 1723.9
1240420 1723.9
1240430 1728.5
1240440 1733.0
1240450 1733.0
1240460 1737.0
1240470 1740.9
1240480 1740.9
1240490 1745.7
1240500 1751.3
1240510 1751.3
1240520 1757.0
1240530 1762.8
1240540 1762.8
1240550 1768.1
1240560 1772.7
1240570 1772.7
1240580 1776.4
1240590 1779.4
1240600 1779.4
1240610 1782.7
1240620 1785.8
1240630 1785.8
1240640 1789.5
1240650 1793.4
1240660 1797.8
1240670 1797.8
1240680 1802.6
1240690 1807.3
1240700 1807.3
1240710 1813.7
1240720 1819.5
1240730 1819.5
1240740 1825.9
1240750 1831.5
1240760 1831.5
1240770 1837.2
1240780 1842.8
1240790 1842.8
1240800 1848.2
1240810 1853.4
1240820 1853.4
1240830 1859.6
1240840 1866.5
1240850 1866.5
1240860 1873.6
1240870 1879.2
1240880 1879.2
1240890 1884.1
1240900 1889.6
1240910 1895.6
1240920 1895.6
1240930 1903.0
1240940 1912.9
1240950 1912.9
1240960 1921.5
1240970 1929.3
1240980 1929.3
1240990 1936.6
1241000 1944.7
1241010 1944.7
1241020 1952.3
1241030 1959.0
1241040 1959.0
1241050 1964.9
1241060 1970.5
1241070 1970.5
1241080 1976.3
1241090 1982.5
1241100 1982.5
1241110 1988.8
1241120 1995.6
1241130 2001.6
1241140 2001.6
1241150 2008.2
1241160 2016.0
1241170 2016.0
1241180 2023.7
1241190 2028.4
1241200 2028.4
1241210 2031.9
1241220 2036.7
1241230 2033.8
1241240 2039.7
1241250 2046.7
1241260 2046.7
1241270 2054.7
1241280 2062.6
1241290 2062.6
1241300 2069.8
1241310 2077.3
1241320 2077.3
1241330 2086.0
1241340 2094.7
1241350 2094.7
1241360 2103.2
1241370 2110.6
1241380 2117.7
1241390 2117.7
1241400 2123.0
1241410 2127.6
1241420 2127.6
1241430 2133.9
1241440 2141.5
1241450 2141.5
1241460 2150.9
1241470 2160.1
1241480 2160.1
1241490 2168.6
1241500 2175.5
1241510 2175.5
1241520 2181.3
1241530 2185.0
1241540 2185.0
1241550 2187.9
1241560 2190.5
1241570 2190.5
1241580 2191.5
1241590 2193.9
1241600 2197.3
1241610 2197.3
1241620 2200.1
1241630 2201.6
1241640 2201.6
1241650 2203.5
1241660 2205.5
1241670 2205.5
1241680 2206.7
1241690 2208.2
1241700 2208.2
1241710 2209.3
1241720 2209.6
1241730 2209.6
1241740 2207.6
1241750 2206.6
1241760 2210.1
1241770 2209.8
1241780 2209.4
1241790 2209.4
1241800 2208.9
1241810 2208.0
1241820 2208.0
1241830 2206.1
1241840 2203.0
1241850 2199.1
1241860 2199.1
1241870 2194.2
1241880 2189.1
1241890 2189.1
1241900 2183.9
1241910 2178.9
1241920 2178.9
1241930 2174.8
1241940 2173.2
1241950 2173.2
1241960 2172.7
1241970 2171.1
1241980 2171.1
1241990 2170.8
1242000 2171.0
1242010 2171.0
1242020 2170.8
1242030 2169.3
1242040 2169.3
1242050 2167.0
1242060 2164.9
1242070 2164.9
1242080 2164.2
1242090 2164.5
1242100 2165.8
1242110 2165.8
1242120 2168.5
1242130 2171.5
1242140 2171.5
1242150 2175.2
1242160 2179.2
1242170 2179.2
1242180 2183.2
1242190 2188.8
1242200 2188.8
1242210 2195.4
1242220 2203.2
1242230 2203.2
1242240 2209.8
1242250 2214.1
1242260 2214.1
1242270 2215.7
1242280 2225.4
1242290 2225.4
1242300 2226.0
1242310 2227.6
1242320 2229.1
1242330 2229.1
1242340 2229.8
1242350 2229.6
1242360 2229.6
1242370 2225.5
1242380 2221.1
1242390 2221.1
1242400 2217.0
1242410 2214.0
1242420 2214.0
1242430 2210.7
1242440 2207.3
1242450 2207.3
1242460 2204.3
1242470 2201.9
1242480 2201.9
1242490 2199.9
1242500 2197.1
1242510 2197.1
1242520 2193.8
1242530 2192.3
1242540 2192.3
1242550 2193.4
1242560 2194.2
1242570 2195.0
1242580 2195.0
1242590 2197.2
1242600 2199.4
1242610 2199.4
1242620 2200.8
1242630 2201.4
1242640 2201.4
1242650 2202.0
1242660 2202.9
1242670 2202.9
1242680 2204.3
1242690 2206.2
1242700 2206.2
1242710 2208.3
1242720 2209.8
1242730 2209.8
1242740 2211.0
1242750 2212.7
1242760 2212.7
1242770 2214.9
1242780 2216.7
1242790 2219.2
1242800 2224.0
1242810 2226.1
1242820 2228.4
1242830 2228.4
1242840 2230.7
1242850 2232.7
1242860 2232.7
1242870 2234.5
1242880 2236.1
1242890 2236.1
1242900 2238.0
1242910 2240.7
1242920 2240.7
1242930 2243.3
1242940 2245.8
1242950 2245.8
1242960 2248.1
1242970 2250.4
1242980 2250.4
1242990 2252.8
1243000 2255.4
1243010 2255.4
1243020 2258.2
1243030 2261.9
1243040 2266.2
1243050 2266.2
1243060 2271.1
1243070 2275.8
1243080 2275.8
1243090 2280.9
1243100 2287.2
1243110 2287.2
1243120 2295.1
1243130 2303.9
1243140 2303.9
1243150 2312.2
1243160 2320.5
1243170 2320.5
1243180 2330.0
1243190 2341.1
1243200 2341.1
1243210 2351.0
1243220 2360.6
1243230 2360.6
1243240 2371.7
1243250 2381.3
1243260 2388.4
1243270 2388.4
1243280 2393.7
1243290 2400.3
1243300 2400.3
1243310 2410.3
1243320 2420.2
1243330 2417.6
1243340 2426.6
1243350 2436.8
1243360 2436.8
1243370 2444.3
1243380 2451.8
1243390 2451.8
1243400 2462.3
1243410 2473.9
1243420 2473.9
1243430 2482.0
1243440 2486.8
1243450 2486.8
1243460 2492.9
1243470 2500.8
1243480 2500.8
1243490 2507.5
1243500 2515.9
1243510 2524.7
1243520 2524.7
1243530 2531.6
1243540 2537.8
1243550 2537.8
1243560 2545.7
1243570 2554.6
1243580 2554.6
1243590 2570.1
1243600 2580.9
1243610 2580.9
1243620 2584.9
1243630 2590.4
1243640 2590.4
1243650 2592.7
1243660 2596.7
1243670 2596.7
1243680 2602.7
1243690 2610.3
1243700 2610.3
1243710 2617.6
1243720 2622.7
1243730 2622.7
1243740 2625.6
1243750 2627.6
1243760 2629.9
1243770 2629.9
1243780 2631.5
1243790 2631.2
1243800 2631.2
1243810 2629.5
1243820 2626.9
1243830 2626.9
1243840 2624.1
1243850 2623.3
1243860 2622.3
1243870 2620.2
1243880 2616.5
1243890 2616.5
1243900 2612.6
1243910 2609.6
1243920 2609.6
1243930 2608.6
1243940 2610.5
1243950 2610.5
1243960 2606.4
1243970 2599.5
1243980 2593.0
1243990 2593.0
1244000 2586.8
1244010 2581.0
1244020 2581.0
1244030 2576.4
1244040 2571.9
1244050 2571.9
1244060 2567.9
1244070 2565.0
1244080 2565.0
1244090 2562.6
1244100 2559.0
1244110 2559.0
1244120 2553.8
1244130 2549.1
1244140 2549.1
1244150 2543.5
1244160 2537.6
1244170 2537.6
1244180 2531.9
1244190 2526.6
1244200 2526.6
1244210 2522.2
1244220 2521.6
1244230 2523.2
1244240 2523.2
1244250 2521.1
1244260 2517.6
1244270 2517.6
1244280 2515.2
1244290 2513.1
1244300 2513.1
1244310 2510.5
1244320 2506.8
1244330 2506.8
1244340 2504.4
1244350 2503.1
1244360 2503.1
1244370 2501.5
1244380 2502.3
1244390 2502.3
1244400 2500.7
1244410 2499.7
1244420 2499.7
1244430 2499.3
1244440 2499.3
1244450 2499.5
1244460 2499.5
1244470 2499.6
1244480 2499.6
1244490 2499.6
1244500 2499.5
1244510 2499.5
1244520 2499.5
1244530 2499.8
1244540 2499.7
1244550 2499.7
1244560 2498.4
1244570 2494.4
1244580 2494.4
1244590 2493.2
1244600 2492.2
1244610 2492.2
1244620 2490.5
1244630 2489.7
1244640 2489.7
1244650 2490.1
1244660 2490.8
1244670 2490.8
1244680 2489.5
1244690 2489.4
1244700 2489.5
1244710 2489.5
1244720 2488.8
1244730 2486.5
1244740 2486.5
1244750 2482.8
1244760 2480.1
1244770 2480.1
1244780 2479.4
1244790 2478.4
1244800 2478.4
1244810 2475.7
1244820 2471.1
1244830 2471.1
1244840 2466.3
1244850 2463.5
1244860 2463.5
1244870 2463.3
1244880 2462.6
1244890 2462.6
1244900 2461.3
1244910 2466.0
1244920 2465.1
1244930 2465.1
1244940 2462.5
1244950 2459.0
1244960 2459.0
1244970 2455.3
1244980 2449.6
1244990 2449.6
1245000 2442.2
1245010 2431.1
1245020 2431.1
1245030 2418.6
1245040 2407.0
1245050 2407.0
1245060 2393.4
1245070 2378.6
1245080 2378.6
1245090 2366.9
1245100 2359.8
1245110 2359.8
1245120 2354.1
1245130 2347.6
1245140 2347.6
1245150 2340.5
1245160 2333.3
1245170 2326.5
1245180 2326.5
1245190 2320.1
1245200 2313.8
1245210 2313.8
1245220 2308.0
1245230 2302.3
1245240 2302.3
1245250 2296.8
1245260 2292.1
1245270 2292.1
1245280 2289.5
1245290 2285.7
1245300 2285.7
1245310 2279.9
1245320 2278.2
1245330 2278.2
1245340 2277.3
1245350 2275.9
1245360 2275.9
1245370 2273.7
1245380 2270.1
1245390 2270.1
1245400 2265.3
1245410 2259.4
1245420 2253.3
1245430 2253.3
1245440 2247.8
1245450 2243.3
1245460 2243.3
1245470 2238.5
1245480 2232.9
1245490 2232.9
1245500 2226.7
1245510 2220.8
1245520 2220.8
1245530 2214.4
1245540 2208.7
1245550 2208.7
1245560 2203.6
1245570 2198.2
1245580 2198.2
1245590 2192.9
1245600 2187.2
1245610 2187.2
1245620 2181.9
1245630 2176.8
1245640 2171.6
1245650 2171.6
1245660 2166.5
1245670 2161.5
1245680 2161.5
1245690 2157.3
1245700 2154.5
1245710 2154.5
1245720 2152.3
1245730 2149.8
1245740 2149.8
1245750 2147.2
1245760 2145.7
1245770 2145.7
1245780 2144.4
1245790 2142.9
1245800 2142.9
1245810 2140.4
1245820 2136.5
1245830 2136.5
1245840 2131.7
1245850 2126.3
1245860 2126.3
1245870 2120.4
1245880 2114.7
1245890 2109.4
1245900 2109.4
1245910 2104.5
1245920 2099.6
1245930 2099.6
1245940 2094.4
1245950 2089.5
1245960 2089.5
1245970 2085.2
1245980 2083.9
1245990 2083.9
1246000 2080.1
1246010 2076.3
1246020 2076.3
1246030 2072.9
1246040 2070.4
1246050 2070.4
1246060 2067.8
1246070 2065.1
1246080 2065.1
1246090 2063.3
1246100 2063.9
1246110 2065.0
1246120 2065.0
1246130 2065.9
1246140 2065.7
1246150 2065.7
1246160 2062.3
1246170 2056.2
1246180 2056.2
1246190 2050.7
1246200 2046.5
1246210 2046.5
1246220 2044.0
1246230 2043.2
1246240 2043.2
1246250 2042.9
1246260 2042.4
1246270 2042.4
1246280 2041.4
1246290 2040.7
1246300 2040.7
1246310 2041.5
1246320 2043.3
1246330 2043.3
1246340 2045.7
1246350 2045.9
1246360 2042.3
1246370 2042.3
1246380 2039.1
1246390 2035.8
1246400 2035.8
1246410 2031.5
1246420 2026.5
1246430 2026.5
1246440 2021.0
1246450 2016.0
1246460 2016.0
1246470 2010.3
1246480 2005.2
1246490 2005.2
1246500 1999.7
1246510 1996.8
1246520 1996.8
1246530 1992.4
1246540 1988.2
1246550 1988.2
1246560 1983.5
1246570 1978.7
1246580 1974.6
1246590 1974.6
1246600 1971.0
1246610 1967.0
1246620 1967.0
1246630 1962.0
1246640 1954.3
1246650 1954.3
1246660 1948.9
1246670 1946.9
1246680 1946.9
1246690 1945.7
1246700 1945.0
1246710 1945.0
1246720 1944.1
1246730 1942.4
1246740 1942.4
1246750 1938.7
1246760 1933.4
1246770 1933.4
1246780 1927.9
1246790 1923.4
1246800 1923.4
1246810 1919.6
1246820 1915.5
1246830 1912.0
1246840 1912.0
1246850 1907.9
1246860 1903.0
1246870 1903.0
1246880 1898.8
1246890 1895.8
1246900 1895.8
1246910 1895.1
1246920 1891.5
1246930 1891.5
1246940 1888.3
1246950 1886.9
1246960 1886.9
1246970 1881.9
1246980 1875.8
1246990 1875.8
1247000 1873.1
1247010 1877.3
1247020 1877.3
1247030 1884.8
1247040 1895.5
1247050 1895.5
1247060 1897.4
1247070 1899.0
1247080 1902.0
1247090 1902.0
1247100 1905.0
1247110 1908.9
1247120 1908.9
1247130 1913.7
1247140 1917.9
1247150 1917.9
1247160 1922.9
1247170 1927.9
1247180 1927.9
1247190 1932.7
1247200 1937.6
1247210 1937.6
1247220 1943.0
1247230 1947.6
1247240 1947.6
1247250 1952.9
1247260 1958.1
1247270 1958.1
1247280 1963.0
1247290 1968.4
1247300 1975.2
1247310 1975.2
1247320 1981.7
1247330 1987.6
1247340 1987.6
1247350 1993.4
1247360 1999.5
1247370 1999.5
1247380 2004.7
1247390 2009.9
1247400 2009.9
1247410 2015.6
1247420 2021.1
1247430 2021.1
1247440 2025.9
1247450 2031.6
1247460 2031.6
1247470 2037.3
1247480 2043.5
1247490 2043.5
1247500 2050.5
1247510 2056.4
1247520 2056.4
1247530 2062.8
1247540 2066.9
1247550 2070.6
1247560 2070.6
1247570 2074.1
1247580 2082.9
1247590 2082.9
1247600 2085.9
1247610 2086.5
1247620 2086.5
1247630 2082.7
1247640 2075.8
1247650 2075.8
1247660 2068.4
1247670 2059.6
1247680 2059.6
1247690 2049.4
1247700 2040.3
1247710 2040.3
1247720 2032.6
1247730 2024.6
1247740 2024.6
1247750 2017.9
1247760 2011.9
1247770 2004.5
1247780 2004.5
1247790 1993.9
1247800 1985.0
1247810 1985.0
1247820 1977.6
1247830 1970.2
1247840 1970.2
1247850 1962.2
1247860 1954.7
1247870 1954.7
1247880 1947.0
1247890 1940.0
1247900 1940.0
1247910 1933.1
1247920 1925.5
1247930 1925.5
1247940 1917.7
1247950 1910.4
1247960 1910.4
1247970 1903.2
1247980 1896.1
1247990 1896.1
1248000 1888.9
1248010 1882.0
1248020 1874.7
1248030 1874.7
1248040 1867.1
1248050 1860.1
1248060 1860.1
1248070 1852.4
1248080 1844.7
1248090 1844.7
1248100 1837.9
1248110 1828.0
1248120 1828.0
1248130 1820.5
1248140 1812.7
1248150 1812.7
1248160 1804.5
1248170 1796.9
1248180 1796.9
1248190 1790.5
1248200 1785.2
1248210 1785.2
1248220 1781.0
1248230 1776.8
1248240 1776.8
1248250 1771.9
1248260 1767.1
1248270 1762.2
1248280 1762.2
1248290 1757.2
1248300 1752.4
1248310 1752.4
1248320 1747.9
1248330 1743.4
1248340 1743.4
1248350 1738.8
1248360 1734.1
1248370 1734.1
1248380 1729.2
1248390 1724.3
1248400 1724.3
1248410 1719.7
1248420 1715.6
1248430 1715.6
1248440 1711.9
1248450 1708.2
1248460 1708.2
1248470 1704.4
1248480 1700.0
1248490 1694.4
1248500 1694.4
1248510 1689.4
1248520 1684.1
1248530 1684.1
1248540 1677.8
1248550 1672.3
1248560 1672.3
1248570 1669.2
1248580 1670.1
1248590 1670.1
1248600 1674.5
1248610 1679.4
1248620 1679.4
1248630 1683.5
1248640 1689.1
1248650 1686.2
1248660 1693.2
1248670 1699.9
1248680 1699.9
1248690 1705.3
1248700 1710.2
1248710 1710.2
1248720 1714.8
1248730 1719.6
1248740 1723.8
1248750 1723.8
1248760 1727.6
1248770 1731.9
1248780 1731.9
1248790 1735.7
1248800 1740.0
1248810 1740.0
1248820 1744.1
1248830 1748.8
1248840 1748.8
1248850 1754.7
1248860 1760.8
1248870 1760.8
1248880 1767.4
1248890 1773.9
1248900 1773.9
1248910 1780.7
1248920 1787.5
1248930 1787.5
1248940 1793.9
1248950 1799.8
1248960 1805.3
1248970 1805.3
1248980 1811.7
1248990 1819.3
1249000 1819.3
1249010 1826.4
1249020 1832.0
1249030 1832.0
1249040 1837.4
1249050 1844.0
1249060 1844.0
1249070 1851.4
1249080 1856.6
1249090 1856.6
1249100 1861.2
1249110 1866.0
1249120 1866.0
1249130 1871.2
1249140 1876.0
1249150 1876.0
1249160 1880.4
1249170 1885.3
1249180 1885.3
1249190 1890.5
1249200 1895.8
1249210 1901.0
1249220 1901.0
1249230 1905.8
1249240 1910.6
1249250 1910.6
1249260 1915.0
1249270 1918.6
1249280 1918.6
1249290 1922.3
1249300 1926.0
1249310 1926.0
1249320 1930.1
1249330 1934.1
1249340 1934.1
1249350 1938.0
1249360 1942.7
1249370 1942.7
1249380 1947.4
1249390 1951.2
1249400 1951.2
1249410 1955.0
1249420 1958.6
1249430 1962.3
1249440 1962.3
1249450 1966.2
1249460 1971.4
1249470 1971.4
1249480 1977.8
1249490 1983.4
1249500 1983.4
1249510 1988.7
1249520 1993.4
1249530 1993.4
1249540 1998.2
1249550 2003.5
1249560 2003.5
1249570 2009.0
1249580 2014.8
1249590 2014.8
1249600 2020.1
1249610 2024.3
1249620 2024.3
1249630 2028.4
1249640 2032.3
1249650 2032.3
1249660 2036.5
1249670 2040.3
1249680 2043.7
1249690 2043.7
1249700 2046.4
1249710 2049.6
1249720 2049.6
1249730 2054.9
1249740 2057.8
1249750 2057.8
1249760 2060.0
1249770 2063.1
1249780 2063.1
1249790 2066.1
1249800 2069.0
1249810 2069.0
1249820 2072.1
1249830 2075.1
1249840 2075.1
1249850 2077.9
1249860 2080.5
1249870 2080.5
1249880 2084.0
1249890 2088.8
1249900 2088.8
1249910 2092.6
1249920 2096.7
1249930 2101.0
1249940 2101.0
1249950 2105.2
1249960 2109.6
1249970 2109.6
1249980 2113.1
1249990 2116.7
1250000 2116.7
1250010 2120.5
1250020 2124.4
1250030 2124.4
1250040 2128.7
1250050 2133.4
1250060 2133.4
1250070 2137.6
1250080 2141.4
1250090 2141.4
1250100 2144.7
1250110 2147.8
1250120 2147.8
1250130 2151.6
1250140 2155.6
1250150 2158.5
1250160 2158.5
1250170 2161.3
1250180 2164.5
1250190 2164.5
1250200 2168.2
1250210 2172.3
1250220 2172.3
1250230 2176.4
1250240 2180.7
1250250 2180.7
1250260 2185.9
1250270 2191.9
1250280 2191.9
1250290 2196.5
1250300 2200.3
1250310 2200.3
1250320 2205.1
1250330 2207.4
1250340 2207.4
1250350 2208.7
1250360 2213.0
1250370 2213.0
1250380 2218.1
1250390 2222.1
1250400 2225.5
1250410 2225.5
1250420 2228.9
1250430 2229.3
1250440 2229.3
1250450 2225.6
1250460 2222.0
1250470 2222.0
1250480 2216.8
1250490 2211.1
1250500 2211.1
1250510 2213.9
1250520 2221.6
1250530 2221.6
1250540 2226.1
1250550 2230.3
1250560 2230.3
1250570 2237.1
1250580 2243.9
1250590 2243.9
1250600 2248.9
1250610 2256.2
1250620 2263.1
1250630 2263.1
1250640 2268.4
1250650 2272.8
1250660 2272.8
1250670 2278.0
1250680 2283.1
1250690 2283.1
1250700 2288.1
1250710 2293.8
1250720 2293.8
1250730 2299.8
1250740 2306.2
1250750 2306.2
1250760 2312.8
1250770 2319.4
1250780 2319.4
1250790 2324.6
1250800 2329.8
1250810 2332.2
1250820 2337.7
1250830 2342.5
1250840 2342.5
1250850 2346.9
1250860 2346.4
1250870 2342.9
1250880 2342.9
1250890 2339.8
1250900 2337.5
1250910 2337.5
1250920 2338.5
1250930 2343.2
1250940 2343.2
1250950 2347.9
1250960 2347.2
1250970 2347.2
1250980 2344.2
1250990 2340.4
1251000 2340.4
1251010 2338.7
1251020 2337.9
1251030 2337.9
1251040 2336.2
1251050 2333.6
1251060 2333.6
1251070 2328.6
1251080 2324.5
1251090 2321.7
1251100 2321.7
1251110 2318.0
1251120 2314.5
1251130 2314.5
1251140 2312.0
1251150 2310.6
1251160 2310.6
1251170 2309.0
1251180 2307.7
1251190 2307.7
1251200 2306.0
1251210 2304.0
1251220 2304.0
1251230 2301.3
1251240 2299.1
1251250 2299.1
1251260 2296.8
1251270 2294.7
1251280 2294.7
1251290 2291.2
1251300 2286.1
1251310 2286.1
1251320 2282.3
1251330 2279.0
1251340 2275.5
1251350 2275.5
1251360 2267.7
1251370 2264.1
1251380 2264.1
1251390 2260.6
1251400 2257.1
1251410 2257.1
1251420 2252.7
1251430 2247.4
1251440 2247.4
1251450 2241.6
1251460 2237.4
1251470 2237.4
1251480 2233.6
1251490 2229.5
1251500 2229.5
1251510 2225.9
1251520 2223.1
1251530 2223.1
1251540 2219.8
1251550 2215.8
1251560 2215.8
1251570 2212.2
1251580 2210.5
1251590 2207.9
1251600 2207.9
1251610 2202.9
1251620 2196.5
1251630 2196.5
1251640 2189.6
1251650 2183.0
1251660 2183.0
1251670 2177.3
1251680 2172.7
1251690 2172.7
1251700 2169.5
1251710 2166.3
1251720 2166.3
1251730 2161.3
1251740 2155.5
1251750 2155.5
1251760 2149.7
1251770 2144.3
1251780 2144.3
1251790 2138.9
1251800 2133.1
1251810 2128.1
1251820 2128.1
1251830 2124.4
1251840 2121.4
1251850 2121.4
1251860 2117.7
1251870 2115.7
1251880 2115.7
1251890 2114.9
1251900 2111.8
1251910 2111.8
1251920 2108.5
1251930 2104.9
1251940 2104.9
1251950 2100.8
1251960 2095.8
1251970 2095.8
1251980 2090.4
1251990 2084.9
1252000 2084.9
1252010 2079.6
1252020 2075.8
1252030 2075.8
1252040 2071.3
1252050 2066.4
1252060 2061.0
1252070 2061.0
1252080 2054.4
1252090 2046.9
1252100 2046.9
1252110 2039.9
1252120 2033.5
1252130 2033.5
1252140 2027.4
1252150 2021.6
1252160 2021.6
1252170 2016.3
1252180 2011.7
1252190 2011.7
1252200 2009.0
1252210 2007.7
1252220 2007.7
1252230 2006.2
1252240 2004.3
1252250 2004.3
1252260 2001.9
1252270 1998.7
1252280 1995.2
1252290 1995.2
1252300 1991.7
1252310 1988.0
1252320 1988.0
1252330 1984.5
1252340 1981.1
1252350 1981.1
1252360 1977.7
1252370 1974.6
1252380 1974.6
1252390 1971.4
1252400 1967.8
1252410 1967.8
1252420 1963.1
1252430 1959.1
1252440 1959.1
1252450 1955.6
1252460 1950.9
1252470 1950.9
1252480 1946.6
1252490 1941.4
1252500 1941.4
1252510 1935.0
1252520 1928.3
1252530 1921.7
1252540 1921.7
1252550 1916.4
1252560 1911.9
1252570 1911.9
1252580 1907.7
1252590 1903.2
1252600 1903.2
1252610 1898.6
1252620 1894.4
1252630 1894.4
1252640 1891.1
1252650 1885.5
1252660 1885.5
1252670 1877.9
1252680 1871.4
1252690 1871.4
1252700 1869.0
1252710 1868.9
1252720 1868.9
1252730 1871.7
1252740 1878.7
1252750 1878.7
1252760 1883.3
1252770 1886.4
1252780 1890.7
1252790 1890.7
1252800 1895.7
1252810 1899.9
1252820 1899.9
1252830 1902.8
1252840 1907.5
1252850 1907.5
1252860 1913.8
1252870 1919.3
1252880 1919.3
1252890 1924.3
1252900 1928.1
1252910 1928.1
1252920 1931.9
1252930 1933.7
1252940 1933.7
1252950 1934.6
1252960 1938.8
1252970 1938.8
1252980 1943.1
1252990 1947.3
1253000 1953.6
1253010 1953.6
1253020 1956.0
1253030 1959.3
1253040 1959.3
1253050 1962.7
1253060 1965.8
1253070 1965.8
1253080 1969.2
1253090 1973.9
1253100 1973.9
1253110 1978.8
1253120 1983.2
1253130 1983.2
1253140 1988.0
1253150 1993.8
1253160 1993.8
1253170 1998.4
1253180 2003.6
1253190 2003.6
1253200 2009.8
1253210 2016.2
1253220 2016.2
1253230 2022.1
1253240 2026.8
1253250 2030.8
1253260 2030.8
1253270 2032.8
1253280 2034.4
1253290 2034.4
1253300 2037.0
1253310 2039.7
1253320 2039.7
1253330 2042.9
1253340 2047.0
1253350 2047.0
1253360 2050.4
1253370 2053.6
1253380 2053.6
1253390 2056.5
1253400 2059.3
1253410 2059.3
1253420 2062.4
1253430 2065.9
1253440 2065.9
1253450 2071.1
1253460 2075.8
1253470 2083.5
1253480 2083.5
1253490 2093.7
1253500 2103.0
1253510 2103.0
1253520 2112.6
1253530 2122.5
1253540 2122.4
1253550 2131.1
1253560 2140.0
1253570 2140.0
1253580 2149.9
1253590 2157.4
1253600 2157.4
1253610 2162.3
1253620 2167.2
1253630 2167.2
1253640 2177.7
1253650 2191.0
1253660 2191.0
1253670 2196.5
1253680 2192.8
1253690 2192.8
1253700 2187.6
1253710 2183.1
1253720 2180.0
1253730 2180.0
1253740 2177.6
1253750 2174.1
1253760 2174.1
1253770 2169.1
1253780 2165.3
1253790 2165.3
1253800 2163.7
1253810 2163.4
1253820 2163.4
1253830 2162.8
1253840 2160.2
1253850 2160.2
1253860 2155.9
1253870 2149.2
1253880 2149.2
1253890 2141.7
1253900 2135.3
1253910 2135.3
1253920 2133.1
1253930 2137.8
1253940 2143.8
1253950 2143.8
1253960 2147.2
1253970 2145.3
1253980 2145.3
1253990 2141.2
1254000 2136.8
1254010 2136.8
1254020 2132.3
1254030 2129.8
1254040 2129.8
1254050 2127.4
1254060 2125.6
1254070 2125.6
1254080 2121.7
1254090 2117.7
1254100 2117.7
1254110 2114.0
1254120 2112.1
1254130 2112.1
1254140 2109.1
1254150 2108.5
1254160 2108.5
1254170 2111.8
1254180 2113.0
1254190 2112.6
1254200 2112.6
1254210 2113.3
1254220 2113.9
1254230 2113.9
1254240 2113.1
1254250 2113.1
1254260 2113.1
1254270 2113.2
1254280 2113.3
1254290 2113.3
1254300 2113.3
1254310 2113.2
1254320 2113.2
1254330 2112.6
1254340 2112.2
1254350 2112.2
1254360 2112.8
1254370 2114.1
1254380 2114.1
1254390 2115.1
1254400 2117.1
1254410 2117.1
1254420 2119.2
1254430 2120.1
1254440 2121.8
1254450 2121.8
1254460 2124.0
1254470 2126.2
1254480 2126.2
1254490 2126.5
1254500 2127.3
1254510 2127.3
1254520 2128.9
1254530 2130.7
1254540 2130.7
1254550 2131.2
1254560 2132.0
1254570 2132.0
1254580 2133.7
1254590 2134.6
1254600 2134.6
1254610 2137.9
1254620 2143.0
1254630 2143.0
1254640 2144.9
1254650 2148.2
1254660 2150.0
1254670 2150.0
1254680 2152.1
1254690 2153.8
1254700 2153.8
1254710 2154.1
1254720 2154.8
1254730 2154.8
1254740 2155.4
1254750 2156.1
1254760 2156.1
1254770 2157.4
1254780 2158.0
1254790 2158.0
1254800 2158.8
1254810 2161.7
1254820 2161.7
1254830 2167.9
1254840 2175.2
1254850 2175.2
1254860 2181.9
1254870 2187.2
1254880 2187.2
1254890 2192.5
1254900 2196.7
1254910 2200.2
1254920 2200.2
1254930 2203.6
1254940 2207.3
1254950 2207.3
1254960 2211.2
1254970 2214.9
1254980 2214.9
1254990 2218.6
1255000 2222.4
1255010 2222.4
1255020 2226.3
1255030 2230.6
1255040 2230.6
1255050 2234.9
1255060 2239.1
1255070 2239.1
1255080 2243.5
1255090 2247.9
1255100 2247.9
1255110 2252.0
1255120 2256.0
1255130 2259.6
1255140 2259.6
1255150 2263.8
1255160 2269.0
1255170 2269.0
1255180 2275.2
1255190 2284.6
1255200 2285.6
1255210 2296.7
1255220 2305.9
1255230 2305.9
1255240 2311.1
1255250 2320.3
1255260 2320.3
1255270 2339.4
1255280 2354.2
1255290 2354.2
1255300 2360.2
1255310 2378.8
1255320 2378.8
1255330 2405.3
1255340 2383.3
1255350 2383.3
1255360 2383.5
1255370 2402.2
1255380 2415.1
1255390 2415.1
1255400 2421.6
1255410 2434.4
1255420 2434.4
1255430 2452.9
1255440 2465.7
1255450 2465.7
1255460 2470.0
1255470 2489.2
1255480 2489.2
1255490 2513.8
1255500 2524.8
1255510 2524.8
1255520 2536.2
1255530 2543.3
1255540 2543.3
1255550 2541.3
1255560 2536.9
1255570 2536.9
1255580 2531.2
1255590 2524.5
1255600 2517.3
1255610 2517.3
1255620 2507.2
1255630 2494.6
1255640 2494.6
1255650 2484.2
1255660 2472.2
1255670 2472.2
1255680 2463.4
1255690 2455.4
1255700 2455.4
1255710 2447.6
1255720 2436.1
1255730 2436.1
1255740 2426.1
1255750 2413.1
1255760 2413.1
1255770 2405.7
1255780 2398.6
1255790 2398.6
1255800 2393.7
1255810 2391.1
1255820 2391.1
1255830 2392.7
1255840 2398.2
1255850 2401.2
1255860 2401.2
1255870 2401.3
1255880 2401.4
1255890 2401.4
1255900 2401.1
1255910 2395.5
1255920 2395.5
1255930 2392.3
1255940 2384.9
1255950 2384.9
1255960 2390.0
1255970 2394.1
1255980 2394.1
1255990 2393.7
1256000 2390.9
1256010 2390.9
1256020 2383.8
1256030 2370.7
1256040 2370.7
1256050 2363.6
1256060 2364.3
1256070 2364.3
1256080 2377.9
1256090 2380.6
1256100 2384.2
1256110 2384.2
1256120 2384.5
1256130 2379.8
1256140 2379.8
1256150 2353.6
1256160 2328.5
1256170 2328.5
1256180 2304.7
1256190 2269.1
1256200 2269.1
1256210 2264.3
1256220 2260.2
1256230 2260.2
1256240 2255.6
1256250 2249.1
1256260 2249.1
1256270 2242.3
1256280 2235.8
1256290 2235.8
1256300 2229.9
1256310 2225.1
1256320 2221.2
1256330 2221.2
1256340 2220.0
1256350 2219.8
1256360 2219.8
1256370 2217.9
1256380 2214.4
1256390 2214.4
1256400 2208.9
1256410 2202.8
1256420 2202.8
1256430 2196.8
1256440 2190.9
1256450 2190.9
1256460 2185.2
1256470 2179.7
1256480 2179.7
1256490 2174.2
1256500 2169.3
1256510 2169.3
1256520 2165.3
1256530 2161.6
1256540 2161.6
1256550 2159.3
1256560 2158.3
1256570 2156.2
1256580 2156.2
1256590 2152.8
1256600 2147.9
1256610 2147.9
1256620 2141.1
1256630 2134.0
1256640 2134.0
1256650 2127.2
1256660 2119.5
1256670 2119.5
1256680 2112.5
1256690 2105.9
1256700 2105.9
1256710 2099.1
1256720 2092.3
1256730 2092.3
1256740 2085.4
1256750 2079.4
1256760 2079.4
1256770 2074.2
1256780 2069.9
1256790 2065.6
1256800 2065.6
1256810 2061.4
1256820 2057.0
1256830 2057.0
1256840 2052.5
1256850 2048.0
1256860 2048.0
1256870 2040.9
1256880 2036.1
1256890 2036.1
1256900 2031.2
1256910 2026.4
1256920 2026.4
1256930 2021.8
1256940 2017.2
1256950 2017.2
1256960 2012.8
1256970 2008.5
1256980 2008.5
1256990 2004.7
1257000 2001.4
1257010 2001.4
1257020 2000.0
1257030 2001.8
1257040 2003.7
1257050 2003.7
1257060 2005.2
1257070 2005.8
1257080 2005.8
1257090 2005.7
1257100 2004.3
1257110 2004.3
1257120 2001.9
1257130 1998.6
1257140 1998.6
1257150 1994.7
1257160 1990.2
1257170 1990.2
1257180 1986.5
1257190 1986.6
1257200 1986.6
1257210 1987.0
1257220 1986.8
1257230 1986.8
1257240 1986.5
1257250 1987.0
1257260 1986.4
1257270 1986.4
1257280 1985.2
1257290 1983.5
1257300 1983.5
1257310 1982.4
1257320 1982.0
1257330 1982.0
1257340 1981.7
1257350 1982.0
1257360 1982.0
1257370 1982.0
1257380 1980.0
1257390 1980.0
1257400 1978.9
1257410 1978.5
1257420 1978.5
1257430 1969.3
1257440 1969.1
1257450 1969.1
1257460 1967.7
1257470 1965.0
1257480 1965.0
1257490 1961.9
1257500 1958.8
1257510 1956.7
1257520 1956.7
1257530 1954.7
1257540 1951.7
1257550 1951.7
1257560 1949.5
1257570 1947.5
1257580 1947.5
1257590 1944.7
1257600 1941.3
1257610 1941.3
1257620 1937.9
1257630 1935.0
1257640 1935.0
1257650 1931.2
1257660 1927.1
1257670 1927.1
1257680 1923.3
1257690 1918.3
1257700 1918.3
1257710 1913.0
1257720 1909.5
1257730 1909.5
1257740 1907.4
1257750 1905.8
1257760 1905.5
1257770 1905.5
1257780 1904.9
1257790 1903.7
1257800 1903.7
1257810 1901.6
1257820 1899.4
1257830 1899.4
1257840 1897.1
1257850 1895.1
1257860 1895.1
1257870 1894.0
1257880 1892.2
1257890 1892.2
1257900 1889.3
1257910 1885.2
1257920 1885.2
1257930 1879.5
1257940 1873.3
1257950 1873.3
1257960 1868.7
1257970 1864.8
1257980 1858.7
1257990 1852.1
1258000 1846.8
1258010 1842.5
1258020 1842.5
1258030 1837.8
1258040 1832.4
1258050 1832.4
1258060 1826.8
1258070 1821.9
1258080 1821.9
1258090 1819.4
1258100 1816.3
1258110 1816.3
1258120 1814.4
1258130 1813.1
1258140 1813.1
1258150 1809.9
1258160 1805.3
1258170 1805.3
1258180 1801.7
1258190 1796.2
1258200 1796.2
1258210 1792.5
1258220 1788.1
1258230 1780.2
1258240 1780.2
1258250 1776.0
1258260 1775.4
1258270 1775.4
1258280 1767.5
1258290 1762.5
1258300 1762.5
1258310 1755.2
1258320 1747.7
1258330 1747.7
1258340 1741.8
1258350 1734.5
1258360 1734.5
1258370 1727.2
1258380 1723.7
1258390 1723.7
1258400 1719.8
1258410 1715.2
1258420 1715.2
1258430 1710.6
1258440 1705.1
1258450 1699.2
1258460 1699.2
1258470 1693.5
1258480 1687.6
1258490 1687.6
1258500 1682.3
1258510 1677.7
1258520 1677.7
1258530 1675.4
1258540 1675.4
1258550 1669.0
1258560 1668.0
1258570 1665.5
1258580 1665.5
1258590 1665.3
1258600 1664.1
1258610 1664.1
1258620 1661.3
1258630 1658.3
1258640 1658.3
1258650 1655.2
1258660 1650.5
1258670 1650.5
1258680 1644.8
1258690 1639.7
1258700 1636.1
1258710 1636.1
1258720 1633.6
1258730 1631.4
1258740 1631.4
1258750 1629.9
1258760 1628.9
1258770 1628.9
1258780 1628.1
1258790 1627.1
1258800 1627.1
1258810 1626.5
1258820 1626.4
1258830 1626.4
1258840 1626.1
1258850 1626.0
1258860 1626.0
1258870 1625.0
1258880 1623.6
1258890 1623.6
1258900 1623.6
1258910 1622.2
1258920 1620.1
1258930 1620.1
1258940 1618.7
1258950 1616.6
1258960 1616.6
1258970 1615.5
1258980 1613.9
1258990 1613.9
1259000 1612.9
1259010 1611.3
1259020 1611.3
1259030 1611.0
1259040 1609.8
1259050 1609.8
1259060 1608.8
1259070 1608.4
1259080 1608.4
1259090 1607.4
1259100 1607.8
1259110 1604.3
1259120 1604.0
1259130 1604.2
1259140 1604.2
1259150 1603.6
1259160 1602.8
1259170 1602.6
1259180 1602.6
1259190 1602.6
1259200 1603.1
1259210 1603.1
1259220 1602.4
1259230 1602.2
1259240 1602.2
1259250 1601.9
1259260 1601.3
1259270 1601.3
1259280 1601.0
1259290 1600.6
1259300 1600.6
1259310 1600.1
1259320 1599.5
1259330 1599.5
1259340 1598.8
1259350 1598.0
1259360 1598.0
1259370 1596.6
1259380 1595.8
1259390 1595.3
1259400 1595.3
1259410 1594.6
1259420 1593.0
1259430 1593.0
1259440 1591.2
1259450 1590.9
1259460 1590.9
1259470 1589.5
1259480 1588.1
1259490 1588.1
1259500 1585.7
1259510 1583.9
1259520 1583.9
1259530 1581.5
1259540 1580.2
1259550 1580.2
1259560 1579.4
1259570 1577.5
1259580 1577.5
1259590 1574.9
1259600 1573.7
1259610 1573.7
1259620 1572.1
1259630 1569.4
1259640 1567.7
1259650 1567.7
1259660 1565.0
1259670 1560.4
1259680 1560.4
1259690 1558.2
1259700 1556.4
1259710 1556.4
1259720 1555.7
1259730 1554.5
1259740 1554.5
1259750 1551.8
1259760 1550.8
1259770 1550.8
1259780 1549.5
1259790 1548.0
1259800 1548.0
1259810 1545.8
1259820 1544.5
1259830 1544.5
1259840 1543.6
1259850 1541.4
1259860 1541.4
1259870 1538.2
1259880 1536.1
1259890 1532.3
1259900 1532.3
1259910 1529.1
1259920 1525.5
1259930 1525.5
1259940 1522.6
1259950 1519.8
1259960 1519.8
1259970 1516.8
1259980 1513.3
1259990 1513.3
