1240000 1462.5
1240010 1460.6
1240020 1456.5
1240030 1456.5
1240040 1456.1
1240050 1460.8
1240060 1460.8
1240070 1465.6
1240080 1467.9
1240090 1467.9
1240100 1471.7
1240110 1475.3
1240120 1475.3
1240130 1478.4
1240140 1480.9
1240150 1482.1
1240160 1482.1
1240170 1483.5
1240180 1485.7
1240190 1485.7
1240200 1491.1
1240210 1496.6
1240220 1496.6
1240230 1501.4
1240240 1504.3
1240250 1504.3
1240260 1507.0
1240270 1511.5
1240280 1511.5
1240290 1517.3
1240300 1523.5
1240310 1523.5
1240320 1529.2
1240330 1535.3
1240340 1535.3
1240350 1541.4
1240360 1547.7
1240370 1554.5
1240380 1554.5
1240390 1562.1
1240400 1568.7
1240410 1568.7
1240420 1574.5
1240430 1580.4
1240440 1580.4
1240450 1586.4
1240460 1590.7
1240470 1590.7
1240480 1594.5
1240490 1597.1
1240500 1597.1
1240510 1599.6
1240520 1603.7
1240530 1603.7
1240540 1607.6
1240550 1611.5
1240560 1611.5
1240570 1614.8
1240580 1619.7
1240590 1619.7
1240600 1626.9
1240610 1634.7
1240620 1641.6
1240630 1641.6
1240640 1646.7
1240650 1651.4
1240660 1651.4
1240670 1655.5
1240680 1660.3
1240690 1660.3
1240700 1667.1
1240710 1675.3
1240720 1675.3
1240730 1681.9
1240740 1687.6
1240750 1692.8
1240760 1699.0
1240770 1703.6
1240780 1703.6
1240790 1708.0
1240800 1712.4
1240810 1712.4
1240820 1717.1
1240830 1721.2
1240840 1721.2
1240850 1726.4
1240860 1733.1
1240870 1739.5
1240880 1739.5
1240890 1743.7
1240900 1748.3
1240910 1748.3
1240920 1754.0
1240930 1759.3
1240940 1759.3
1240950 1764.9
1240960 1771.1
1240970 1771.1
1240980 1774.8
1240990 1777.2
1241000 1777.2
1241010 1779.3
1241020 1780.5
1241030 1780.5
1241040 1782.8
1241050 1782.5
1241060 1782.5
1241070 1783.0
1241080 1784.9
1241090 1789.3
1241100 1789.3
1241110 1792.5
1241120 1795.1
1241130 1795.1
1241140 1796.2
1241150 1795.9
1241160 1795.9
1241170 1795.7
1241180 1796.6
1241190 1796.6
1241200 1796.8
1241210 1797.2
1241220 1797.2
1241230 1800.8
1241240 1803.0
1241250 1803.0
1241260 1804.0
1241270 1813.0
1241280 1813.0
1241290 1815.3
1241300 1815.6
1241310 1815.6
1241320 1816.0
1241330 1817.6
1241340 1818.9
1241350 1818.9
1241360 1820.0
1241370 1819.6
1241380 1819.6
1241390 1819.9
1241400 1821.8
1241410 1821.8
1241420 1822.9
1241430 1821.5
1241440 1821.5
1241450 1823.5
1241460 1831.3
1241470 1831.3
1241480 1839.8
1241490 1847.4
1241500 1847.4
1241510 1852.8
1241520 1857.4
1241530 1857.4
1241540 1863.2
1241550 1869.6
1241560 1869.6
1241570 1875.2
1241580 1878.3
1241590 1879.5
1241600 1879.5
1241610 1878.8
1241620 1878.4
1241630 1878.4
1241640 1880.3
1241650 1882.1
1241660 1882.1
1241670 1884.6
1241680 1889.6
1241690 1889.6
1241700 1896.6
1241710 1901.2
1241720 1901.2
1241730 1902.5
1241740 1905.4
1241750 1905.4
1241760 1911.3
1241770 1914.5
1241780 1914.5
1241790 1922.0
1241800 1922.0
1241810 1924.0
1241820 1924.0
1241830 1925.4
1241840 1926.9
1241850 1926.9
1241860 1930.3
1241870 1935.2
1241880 1935.2
1241890 1938.3
1241900 1941.2
1241910 1941.2
1241920 1944.5
1241930 1951.8
1241940 1951.8
1241950 1960.2
1241960 1968.3
1241970 1968.3
1241980 1975.7
1241990 1982.4
1242000 1982.4
1242010 1988.5
1242020 1993.2
1242030 1993.2
1242040 1996.5
1242050 1999.3
1242060 2002.7
1242070 2002.7
1242080 2006.3
1242090 2010.0
1242100 2010.0
1242110 2013.9
1242120 2017.7
1242130 2017.7
1242140 2020.7
1242150 2023.5
1242160 2023.5
1242170 2026.5
1242180 2029.8
1242190 2029.8
1242200 2032.4
1242210 2034.3
1242220 2034.3
1242230 2036.1
1242240 2038.2
1242250 2038.2
1242260 2038.5
1242270 2041.0
1242280 2044.8
1242290 2044.8
1242300 2047.3
1242310 2049.9
1242320 2050.6
1242330 2053.6
1242340 2057.9
1242350 2057.9
1242360 2062.5
1242370 2066.5
1242380 2066.5
1242390 2070.0
1242400 2072.8
1242410 2072.8
1242420 2077.3
1242430 2082.4
1242440 2082.4
1242450 2087.5
1242460 2092.9
1242470 2092.9
1242480 2098.0
1242490 2102.9
1242500 2102.9
1242510 2107.2
1242520 2112.1
1242530 2116.8
1242540 2116.8
1242550 2121.0
1242560 2124.4
1242570 2124.4
1242580 2128.0
1242590 2131.7
1242600 2131.7
1242610 2135.0
1242620 2138.2
1242630 2138.2
1242640 2140.9
1242650 2142.8
1242660 2142.8
1242670 2144.8
1242680 2147.8
1242690 2147.8
1242700 2150.9
1242710 2154.9
1242720 2154.9
1242730 2158.5
1242740 2161.1
1242750 2161.1
1242760 2163.4
1242770 2167.1
1242780 2170.0
1242790 2170.0
1242800 2171.7
1242810 2173.3
1242820 2173.3
1242830 2175.8
1242840 2184.1
1242850 2184.1
1242860 2190.3
1242870 2197.7
1242880 2197.7
1242890 2206.0
1242900 2214.9
1242910 2214.9
1242920 2223.2
1242930 2229.1
1242940 2229.1
1242950 2234.8
1242960 2240.4
1242970 2240.4
1242980 2245.8
1242990 2250.6
1243000 2254.6
1243010 2254.6
1243020 2258.7
1243030 2262.9
1243040 2262.9
1243050 2266.9
1243060 2271.5
1243070 2271.5
1243080 2275.8
1243090 2279.8
1243100 2279.8
1243110 2285.3
1243120 2291.6
1243130 2291.6
1243140 2297.7
1243150 2303.4
1243160 2303.4
1243170 2309.3
1243180 2313.9
1243190 2313.9
1243200 2318.6
1243210 2323.7
1243220 2323.7
1243230 2328.2
1243240 2331.8
1243250 2336.0
1243260 2336.0
1243270 2341.7
1243280 2347.2
1243290 2347.2
1243300 2350.5
1243310 2353.5
1243320 2353.5
1243330 2356.4
1243340 2358.5
1243350 2358.5
1243360 2359.7
1243370 2368.7
1243380 2368.7
1243390 2372.8
1243400 2376.1
1243410 2376.1
1243420 2377.6
1243430 2380.1
1243440 2380.1
1243450 2383.5
1243460 2387.2
1243470 2393.7
1243480 2393.7
1243490 2399.4
1243500 2403.1
1243510 2403.1
1243520 2405.4
1243530 2409.6
1243540 2409.6
1243550 2414.3
1243560 2418.3
1243570 2418.3
1243580 2422.7
1243590 2427.5
1243600 2427.5
1243610 2431.2
1243620 2438.6
1243630 2438.6
1243640 2443.9
1243650 2454.2
1243660 2454.2
1243670 2465.3
1243680 2478.7
1243690 2478.7
1243700 2491.8
1243710 2498.6
1243720 2505.6
1243730 2505.6
1243740 2513.1
1243750 2520.3
1243760 2520.3
1243770 2526.4
1243780 2531.6
1243790 2531.6
1243800 2532.5
1243810 2532.9
1243820 2532.9
1243830 2538.6
1243840 2545.3
1243850 2545.3
1243860 2552.1
1243870 2559.1
1243880 2559.1
1243890 2567.5
1243900 2573.0
1243910 2573.0
1243920 2579.4
1243930 2586.0
1243940 2586.0
1243950 2592.7
1243960 2599.9
1243970 2606.7
1243980 2606.7
1243990 2613.0
1244000 2618.9
1244010 2618.9
1244020 2624.5
1244030 2630.6
1244040 2630.6
1244050 2636.2
1244060 2641.2
1244070 2641.2
1244080 2646.3
1244090 2652.8
1244100 2652.8
1244110 2654.4
1244120 2652.5
1244130 2652.5
1244140 2651.0
1244150 2649.4
1244160 2649.4
1244170 2645.6
1244180 2641.3
1244190 2637.3
1244200 2637.3
1244210 2633.9
1244220 2630.8
1244230 2630.8
1244240 2628.6
1244250 2626.9
1244260 2626.9
1244270 2625.7
1244280 2623.8
1244290 2623.8
1244300 2620.9
1244310 2615.1
1244320 2615.1
1244330 2609.0
1244340 2603.2
1244350 2603.2
1244360 2597.9
1244370 2592.1
1244380 2592.1
1244390 2585.7
1244400 2580.1
1244410 2580.1
1244420 2568.6
1244430 2561.4
1244440 2553.0
1244450 2553.0
1244460 2545.0
1244470 2538.7
1244480 2538.7
1244490 2532.3
1244500 2526.2
1244510 2526.2
1244520 2520.8
1244530 2517.6
1244540 2517.6
1244550 2515.2
1244560 2509.6
1244570 2509.6
1244580 2504.6
1244590 2497.7
1244600 2497.7
1244610 2490.3
1244620 2483.0
1244630 2483.0
1244640 2473.8
1244650 2465.8
1244660 2465.8
1244670 2459.7
1244680 2453.0
1244690 2444.9
1244700 2444.9
1244710 2436.9
1244720 2430.8
1244730 2430.8
1244740 2425.0
1244750 2418.6
1244760 2418.6
1244770 2413.1
1244780 2410.2
1244790 2410.2
1244800 2407.6
1244810 2406.0
1244820 2406.0
1244830 2403.9
1244840 2400.6
1244850 2400.6
1244860 2398.0
1244870 2394.5
1244880 2394.5
1244890 2393.1
1244900 2390.4
1244910 2387.4
1244920 2387.4
1244930 2386.8
1244940 2382.9
1244950 2393.6
1244960 2391.0
1244970 2388.0
1244980 2388.0
1244990 2385.9
1245000 2386.6
1245010 2386.6
1245020 2389.3
1245030 2388.5
1245040 2388.5
1245050 2386.8
1245060 2385.3
1245070 2385.3
1245080 2381.2
1245090 2377.0
1245100 2377.0
1245110 2373.3
1245120 2369.9
1245130 2369.9
1245140 2366.1
1245150 2362.0
1245160 2358.3
1245170 2358.3
1245180 2355.5
1245190 2352.9
1245200 2352.9
1245210 2351.1
1245220 2348.3
1245230 2348.3
1245240 2344.8
1245250 2342.5
1245260 2342.5
1245270 2340.2
1245280 2340.2
1245290 2340.2
1245300 2332.6
1245310 2321.2
1245320 2321.2
1245330 2313.3
1245340 2309.6
1245350 2309.6
1245360 2306.3
1245370 2296.4
1245380 2282.0
1245390 2282.0
1245400 2276.6
1245410 2267.9
1245420 2267.9
1245430 2260.9
1245440 2260.0
1245450 2260.0
1245460 2264.8
1245470 2264.1
1245480 2252.6
1245490 2246.9
1245500 2237.7
1245510 2237.7
1245520 2236.9
1245530 2229.3
1245540 2229.3
1245550 2226.0
1245560 2223.1
1245570 2223.1
1245580 2217.1
1245590 2209.7
1245600 2209.7
1245610 2202.8
1245620 2191.7
1245630 2179.5
1245640 2179.5
1245650 2168.0
1245660 2155.2
1245670 2155.2
1245680 2143.4
1245690 2132.6
1245700 2132.6
1245710 2123.8
1245720 2116.4
1245730 2116.4
1245740 2109.5
1245750 2103.0
1245760 2103.0
1245770 2096.8
1245780 2090.9
1245790 2090.9
1245800 2085.3
1245810 2079.9
1245820 2079.9
1245830 2075.8
1245840 2071.8
1245850 2071.8
1245860 2068.9
1245870 2067.2
1245880 2065.9
1245890 2065.9
1245900 2063.7
1245910 2061.7
1245920 2061.7
1245930 2059.0
1245940 2055.8
1245950 2055.8
1245960 2052.4
1245970 2048.3
1245980 2048.3
1245990 2044.7
1246000 2041.4
1246010 2040.9
1246020 2037.2
1246030 2033.6
1246040 2033.6
1246050 2030.1
1246060 2027.0
1246070 2027.0
1246080 2023.6
1246090 2020.0
1246100 2017.0
1246110 2017.0
1246120 2014.0
1246130 2011.5
1246140 2011.5
1246150 2009.0
1246160 2006.5
1246170 2006.5
1246180 2004.3
1246190 2002.8
1246200 2002.8
1246210 2001.2
1246220 1999.9
1246230 1999.9
1246240 1998.3
1246250 1996.2
1246260 1996.2
1246270 1993.6
1246280 1990.1
1246290 1990.1
1246300 1985.8
1246310 1981.4
1246320 1981.4
1246330 1976.3
1246340 1971.0
1246350 1965.0
1246360 1965.0
1246370 1958.9
1246380 1952.3
1246390 1952.3
1246400 1945.7
1246410 1939.1
1246420 1939.1
1246430 1933.2
1246440 1927.4
1246450 1927.4
1246460 1921.9
1246470 1915.9
1246480 1915.9
1246490 1909.9
1246500 1904.0
1246510 1904.0
1246520 1898.0
1246530 1891.8
1246540 1891.8
1246550 1885.8
1246560 1879.6
1246570 1873.5
1246580 1873.5
1246590 1868.5
1246600 1863.9
1246610 1863.9
1246620 1859.4
1246630 1854.9
1246640 1854.9
1246650 1850.6
1246660 1846.1
1246670 1846.1
1246680 1841.8
1246690 1837.8
1246700 1837.8
1246710 1835.3
1246720 1831.6
1246730 1831.6
1246740 1825.0
1246750 1817.2
1246760 1817.2
1246770 1810.1
1246780 1803.8
1246790 1803.8
1246800 1798.6
1246810 1794.3
1246820 1789.7
1246830 1789.7
1246840 1784.2
1246850 1778.7
1246860 1778.7
1246870 1773.7
1246880 1768.8
1246890 1768.8
1246900 1762.9
1246910 1756.9
1246920 1756.9
1246930 1751.4
1246940 1747.1
1246950 1747.1
1246960 1742.6
1246970 1737.9
1246980 1737.9
1246990 1736.8
1247000 1736.7
1247010 1736.7
1247020 1734.3
1247030 1734.5
1247040 1734.5
1247050 1734.4
1247060 1734.5
1247070 1735.7
1247080 1737.8
1247090 1738.1
1247100 1738.0
1247110 1738.0
1247120 1738.4
1247130 1738.8
1247140 1738.8
1247150 1739.2
1247160 1739.7
1247170 1739.7
1247180 1740.0
1247190 1740.5
1247200 1740.5
1247210 1742.2
1247220 1744.7
1247230 1744.7
1247240 1746.9
1247250 1748.7
1247260 1748.7
1247270 1750.7
1247280 1753.1
1247290 1755.1
1247300 1755.1
1247310 1757.1
1247320 1759.8
1247330 1759.8
1247340 1762.4
1247350 1764.9
1247360 1764.9
1247370 1766.5
1247380 1764.1
1247390 1764.1
1247400 1761.3
1247410 1760.1
1247420 1760.1
1247430 1759.5
1247440 1759.0
1247450 1759.0
1247460 1758.7
1247470 1758.7
1247480 1758.7
1247490 1757.1
1247500 1756.2
1247510 1756.2
1247520 1755.0
1247530 1753.1
1247540 1751.7
1247550 1751.7
1247560 1750.2
1247570 1748.3
1247580 1748.3
1247590 1746.3
1247600 1744.4
1247610 1748.6
1247620 1745.7
1247630 1742.7
1247640 1742.7
1247650 1740.3
1247660 1737.8
1247670 1737.8
1247680 1734.7
1247690 1731.5
1247700 1731.5
1247710 1729.0
1247720 1726.7
1247730 1726.7
1247740 1724.0
1247750 1722.5
1247760 1722.5
1247770 1720.8
1247780 1717.1
1247790 1713.4
1247800 1713.4
1247810 1710.0
1247820 1706.3
1247830 1706.3
1247840 1702.7
1247850 1699.9
1247860 1699.9
1247870 1697.2
1247880 1694.7
1247890 1694.7
1247900 1692.4
1247910 1690.1
1247920 1690.1
1247930 1687.3
1247940 1684.2
1247950 1684.2
1247960 1681.3
1247970 1678.3
1247980 1678.3
1247990 1675.3
1248000 1672.5
1248010 1670.5
1248020 1670.5
1248030 1670.0
1248040 1670.0
1248050 1670.0
1248060 1668.5
1248070 1663.6
1248080 1663.6
1248090 1655.5
1248100 1649.8
1248110 1649.8
1248120 1644.7
1248130 1639.8
1248140 1639.8
1248150 1636.9
1248160 1631.5
1248170 1631.5
1248180 1624.2
1248190 1617.3
1248200 1617.3
1248210 1611.2
1248220 1604.3
1248230 1604.3
1248240 1597.6
1248250 1592.1
1248260 1588.6
1248270 1588.6
1248280 1586.3
1248290 1580.6
1248300 1580.6
1248310 1574.2
1248320 1572.0
1248330 1572.0
1248340 1573.4
1248350 1578.5
1248360 1578.5
1248370 1583.5
1248380 1588.2
1248390 1588.2
1248400 1593.7
1248410 1598.2
1248420 1598.2
1248430 1602.4
1248440 1607.9
1248450 1607.9
1248460 1614.8
1248470 1622.2
1248480 1629.5
1248490 1629.5
1248500 1636.8
1248510 1644.1
1248520 1644.1
1248530 1649.6
1248540 1653.5
1248550 1653.5
1248560 1656.8
1248570 1659.5
1248580 1659.5
1248590 1662.0
1248600 1664.6
1248610 1664.6
1248620 1667.1
1248630 1669.7
1248640 1669.7
1248650 1672.2
1248660 1675.8
1248670 1675.8
1248680 1680.4
1248690 1686.4
1248700 1686.4
1248710 1692.0
1248720 1697.4
1248730 1701.7
1248740 1701.7
1248750 1705.0
1248760 1708.6
1248770 1708.6
1248780 1714.7
1248790 1722.7
1248800 1722.7
1248810 1731.5
1248820 1740.0
1248830 1740.0
1248840 1747.5
1248850 1754.5
1248860 1754.5
1248870 1759.7
1248880 1765.5
1248890 1765.5
1248900 1772.3
1248910 1778.0
1248920 1778.0
1248930 1783.6
1248940 1788.8
1248950 1788.8
1248960 1794.7
1248970 1801.7
1248980 1809.3
1248990 1809.3
1249000 1815.4
1249010 1820.9
1249020 1820.9
1249030 1825.4
1249040 1829.1
1249050 1829.1
1249060 1833.0
1249070 1837.0
1249080 1837.0
1249090 1842.2
1249100 1847.3
1249110 1847.3
1249120 1852.0
1249130 1857.0
1249140 1857.0
1249150 1861.7
1249160 1866.2
1249170 1866.2
1249180 1871.2
1249190 1875.9
1249200 1881.5
1249210 1881.5
1249220 1887.3
1249230 1893.1
1249240 1893.1
1249250 1896.9
1249260 1901.0
1249270 1901.0
1249280 1904.3
1249290 1906.4
1249300 1906.4
1249310 1908.8
1249320 1911.9
1249330 1911.9
1249340 1913.7
1249350 1916.7
1249360 1916.7
1249370 1921.0
1249380 1924.7
1249390 1924.7
1249400 1928.1
1249410 1930.7
1249420 1930.7
1249430 1931.9
1249440 1934.0
1249450 1936.8
1249460 1936.8
1249470 1939.4
1249480 1943.2
1249490 1943.2
1249500 1947.1
1249510 1951.1
1249520 1951.1
1249530 1954.8
1249540 1958.0
1249550 1958.0
1249560 1960.9
1249570 1961.9
1249580 1961.9
1249590 1962.7
1249600 1966.3
1249610 1966.3
1249620 1969.8
1249630 1971.9
1249640 1971.9
1249650 1976.9
1249660 1981.4
1249670 1981.4
1249680 1984.2
1249690 1985.8
1249700 1988.0
1249710 1988.0
1249720 1988.6
1249730 1990.5
1249740 1990.5
1249750 1991.3
1249760 1993.0
1249770 1996.0
1249780 1998.7
1249790 2001.9
1249800 2001.9
1249810 2005.6
1249820 2009.7
1249830 2009.7
1249840 2014.7
1249850 2020.0
1249860 2020.0
1249870 2024.3
1249880 2027.7
1249890 2027.7
1249900 2031.2
1249910 2033.7
1249920 2036.3
1249930 2036.3
1249940 2038.5
1249950 2039.8
1249960 2039.8
1249970 2040.8
1249980 2041.2
1249990 2041.2
1250000 2041.3
1250010 2041.2
1250020 2041.2
1250030 2043.6
1250040 2046.7
1250050 2046.7
1250060 2049.6
1250070 2053.2
1250080 2053.2
1250090 2056.9
1250100 2060.2
1250110 2060.2
1250120 2063.6
1250130 2066.9
1250140 2066.9
1250150 2070.9
1250160 2075.1
1250170 2079.0
1250180 2079.0
1250190 2084.2
1250200 2090.8
1250210 2090.8
1250220 2097.8
1250230 2105.4
1250240 2105.4
1250250 2111.4
1250260 2114.8
1250270 2114.8
1250280 2117.8
1250290 2121.7
1250300 2121.7
1250310 2126.2
1250320 2130.0
1250330 2130.0
1250340 2134.5
1250350 2140.1
1250360 2140.1
1250370 2146.0
1250380 2151.8
1250390 2157.3
1250400 2157.3
1250410 2163.1
1250420 2168.9
1250430 2168.9
1250440 2175.0
1250450 2180.6
1250460 2180.6
1250470 2186.0
1250480 2190.2
1250490 2190.2
1250500 2194.1
1250510 2198.6
1250520 2198.6
1250530 2202.4
1250540 2206.1
1250550 2206.1
1250560 2210.4
1250570 2215.5
1250580 2215.5
1250590 2219.6
1250600 2222.7
1250610 2222.7
1250620 2226.2
1250630 2229.8
1250640 2233.8
1250650 2233.8
1250660 2237.6
1250670 2239.3
1250680 2239.3
1250690 2242.1
1250700 2246.4
1250710 2246.4
1250720 2251.5
1250730 2256.4
1250740 2256.4
1250750 2260.8
1250760 2265.2
1250770 2265.2
1250780 2270.6
1250790 2276.5
1250800 2276.5
1250810 2281.9
1250820 2286.1
1250830 2286.1
1250840 2291.9
1250850 2303.8
1250860 2303.8
1250870 2308.9
1250880 2313.5
1250890 2317.7
1250900 2317.7
1250910 2321.3
1250920 2323.3
1250930 2323.3
1250940 2324.1
1250950 2325.1
1250960 2325.1
1250970 2325.6
1250980 2326.6
1250990 2326.6
1251000 2329.0
1251010 2331.7
1251020 2331.7
1251030 2333.4
1251040 2334.4
1251050 2334.4
1251060 2334.9
1251070 2335.3
1251080 2335.3
1251090 2335.3
1251100 2333.3
1251110 2330.6
1251120 2330.6
1251130 2331.4
1251140 2336.1
1251150 2336.1
1251160 2335.1
1251170 2330.3
1251180 2330.3
1251190 2325.4
1251200 2320.7
1251210 2320.7
1251220 2317.3
1251230 2315.7
1251240 2315.7
1251250 2314.7
1251260 2313.7
1251270 2313.7
1251280 2312.9
1251290 2312.9
1251300 2312.9
1251310 2313.2
1251320 2313.6
1251330 2313.6
1251340 2312.8
1251350 2310.3
1251360 2308.0
1251370 2308.0
1251380 2305.0
1251390 2300.2
1251400 2300.2
1251410 2296.2
1251420 2291.6
1251430 2291.6
1251440 2286.1
1251450 2280.4
1251460 2280.4
1251470 2274.8
1251480 2269.2
1251490 2269.2
1251500 2264.4
1251510 2259.1
1251520 2259.1
1251530 2254.2
1251540 2249.6
1251550 2249.6
1251560 2244.2
1251570 2239.4
1251580 2234.7
1251590 2234.7
1251600 2229.8
1251610 2224.0
1251620 2224.0
1251630 2217.6
1251640 2210.8
1251650 2210.8
1251660 2204.6
1251670 2199.5
1251680 2199.5
1251690 2196.2
1251700 2193.0
1251710 2193.0
1251720 2187.7
1251730 2181.0
1251740 2181.0
1251750 2173.6
1251760 2165.4
1251770 2165.4
1251780 2157.9
1251790 2151.0
1251800 2151.0
1251810 2144.6
1251820 2138.5
1251830 2132.6
1251840 2132.6
1251850 2126.2
1251860 2119.7
1251870 2119.7
1251880 2113.4
1251890 2107.0
1251900 2107.0
1251910 2100.5
1251920 2094.5
1251930 2094.5
1251940 2087.3
1251950 2079.0
1251960 2079.0
1251970 2071.5
1251980 2066.7
1251990 2066.7
1252000 2063.6
1252010 2060.1
1252020 2060.1
1252030 2056.0
1252040 2051.6
1252050 2051.6
1252060 2047.0
1252070 2042.3
1252080 2037.4
1252090 2037.4
1252100 2032.5
1252110 2028.3
1252120 2028.3
1252130 2024.5
1252140 2020.7
1252150 2020.7
1252160 2017.7
1252170 2015.2
1252180 2015.2
1252190 2012.8
1252200 2010.9
1252210 2010.9
1252220 2010.0
1252230 2009.3
1252240 2009.3
1252250 2008.2
1252260 2006.6
1252270 2006.6
1252280 2003.1
1252290 1998.5
1252300 1994.0
1252310 1994.0
1252320 1990.5
1252330 1985.4
1252340 1985.4
1252350 1979.9
1252360 1974.0
1252370 1974.0
1252380 1968.3
1252390 1963.2
1252400 1963.2
1252410 1958.5
1252420 1954.2
1252430 1954.2
1252440 1949.7
1252450 1944.9
1252460 1944.9
1252470 1939.2
1252480 1933.7
1252490 1933.3
1252500 1927.4
1252510 1922.7
1252520 1922.7
1252530 1918.7
1252540 1913.8
1252550 1908.7
1252560 1908.7
1252570 1904.0
1252580 1900.0
1252590 1900.0
1252600 1896.8
1252610 1894.5
1252620 1894.5
1252630 1892.7
1252640 1890.8
1252650 1890.8
1252660 1888.6
1252670 1885.4
1252680 1885.4
1252690 1881.5
1252700 1877.5
1252710 1877.5
1252720 1873.8
1252730 1869.9
1252740 1869.9
1252750 1865.7
1252760 1859.2
1252770 1859.2
1252780 1852.9
1252790 1845.8
1252800 1838.7
1252810 1838.7
1252820 1832.7
1252830 1827.8
1252840 1827.8
1252850 1823.2
1252860 1818.8
1252870 1818.8
1252880 1815.0
1252890 1813.5
1252900 1813.5
1252910 1810.2
1252920 1802.9
1252930 1802.9
1252940 1796.2
1252950 1790.0
1252960 1790.0
1252970 1785.2
1252980 1784.5
1252990 1784.5
1253000 1785.1
1253010 1787.1
1253020 1793.1
1253030 1794.3
1253040 1801.5
1253050 1809.1
1253060 1809.1
1253070 1816.8
1253080 1825.0
1253090 1825.0
1253100 1832.2
1253110 1836.7
1253120 1836.7
1253130 1841.1
1253140 1844.4
1253150 1844.4
1253160 1846.7
1253170 1848.9
1253180 1848.9
1253190 1852.3
1253200 1856.7
1253210 1856.7
1253220 1861.2
1253230 1866.0
1253240 1866.0
1253250 1870.4
1253260 1875.4
1253270 1880.0
1253280 1880.0
1253290 1884.7
1253300 1890.5
1253310 1890.5
1253320 1898.4
1253330 1907.5
1253340 1907.5
1253350 1917.2
1253360 1926.2
1253370 1926.2
1253380 1935.7
1253390 1944.6
1253400 1944.6
1253410 1951.2
1253420 1955.9
1253430 1955.9
1253440 1959.5
1253450 1964.0
1253460 1964.0
1253470 1968.3
1253480 1972.2
1253490 1977.0
1253500 1977.0
1253510 1980.1
1253520 1981.0
1253530 1981.0
1253540 1983.7
1253550 1988.9
1253560 1988.9
1253570 1995.2
1253580 2005.0
1253590 2005.0
1253600 2008.2
1253610 2010.9
1253620 2010.9
1253630 2015.3
1253640 2019.6
1253650 2019.6
1253660 2023.5
1253670 2028.0
1253680 2028.0
1253690 2033.5
1253700 2039.3
1253710 2039.3
1253720 2042.0
1253730 2043.7
1253740 2046.8
1253750 2046.8
1253760 2052.1
1253770 2057.2
1253780 2057.2
1253790 2061.9
1253800 2064.0
1253810 2064.0
1253820 2059.7
1253830 2053.9
1253840 2053.9
1253850 2048.2
1253860 2042.3
1253870 2042.3
1253880 2038.9
1253890 2039.3
1253900 2039.3
1253910 2040.9
1253920 2040.6
1253930 2040.6
1253940 2041.7
1253950 2040.8
1253960 2040.8
1253970 2038.2
1253980 2035.1
1253990 2032.8
1254000 2032.8
1254010 2031.1
1254020 2029.3
1254030 2029.3
1254040 2026.8
1254050 2027.4
1254060 2027.4
1254070 2031.6
1254080 2034.4
1254090 2034.4
1254100 2034.6
1254110 2033.6
1254120 2033.6
1254130 2032.5
1254140 2031.1
1254150 2031.1
1254160 2029.8
1254170 2027.9
1254180 2027.9
1254190 2024.8
1254200 2019.9
1254210 2014.8
1254220 2014.8
1254230 2010.4
1254240 2006.6
1254250 2006.6
1254260 2003.8
1254270 2001.1
1254280 2001.1
1254290 1997.9
1254300 1993.4
1254310 1993.4
1254320 1990.7
1254330 1989.5
1254340 1989.5
1254350 1990.6
1254360 1993.8
1254370 1993.8
1254380 1997.0
1254390 1999.3
1254400 1999.3
1254410 2000.7
1254420 2003.1
1254430 2003.1
1254440 2003.5
1254450 2002.5
1254460 2003.2
1254470 2003.2
1254480 2004.7
1254490 2005.9
1254500 2005.9
1254510 2006.5
1254520 2007.7
1254530 2007.7
1254540 2008.3
1254550 2008.6
1254560 2008.6
1254570 2009.4
1254580 2010.8
1254590 2010.8
1254600 2012.7
1254610 2012.9
1254620 2012.9
1254630 2008.6
1254640 2004.9
1254650 2004.9
1254660 2006.8
1254670 2011.0
1254680 2015.0
1254690 2021.6
1254700 2025.4
1254710 2027.8
1254720 2027.8
1254730 2029.6
1254740 2030.8
1254750 2030.8
1254760 2031.9
1254770 2032.1
1254780 2032.1
1254790 2031.6
1254800 2030.4
1254810 2030.4
1254820 2027.8
1254830 2023.7
1254840 2023.7
1254850 2020.2
1254860 2023.6
1254870 2023.6
1254880 2030.8
1254890 2037.1
1254900 2037.1
1254910 2040.5
1254920 2044.1
1254930 2048.1
1254940 2048.1
1254950 2050.4
1254960 2052.7
1254970 2052.7
1254980 2054.7
1254990 2056.8
1255000 2056.8
1255010 2057.6
1255020 2058.6
1255030 2058.6
1255040 2062.0
1255050 2067.2
1255060 2067.2
1255070 2072.7
1255080 2078.3
1255090 2078.3
1255100 2084.1
1255110 2090.1
1255120 2090.1
1255130 2096.2
1255140 2102.5
1255150 2102.5
1255160 2108.8
1255170 2114.8
1255180 2120.7
1255190 2120.7
1255200 2126.3
1255210 2132.1
1255220 2132.1
1255230 2138.3
1255240 2146.3
1255250 2146.3
1255260 2152.6
1255270 2159.4
1255280 2159.4
1255290 2165.9
1255300 2171.8
1255310 2171.8
1255320 2177.3
1255330 2182.4
1255340 2182.4
1255350 2187.7
1255360 2194.1
1255370 2194.1
1255380 2200.6
1255390 2206.0
1255400 2210.7
1255410 2210.7
1255420 2215.0
1255430 2219.5
1255440 2219.5
1255450 2223.5
1255460 2226.4
1255470 2226.4
1255480 2228.5
1255490 2237.3
1255500 2237.3
1255510 2255.4
1255520 2279.2
1255530 2279.2
1255540 2306.1
1255550 2325.4
1255560 2325.4
1255570 2342.9
1255580 2357.5
1255590 2357.5
1255600 2372.8
1255610 2391.8
1255620 2391.8
1255630 2407.7
1255640 2417.2
1255650 2425.3
1255660 2425.3
1255670 2434.4
1255680 2442.0
1255690 2442.0
1255700 2440.2
1255710 2444.0
1255720 2444.0
1255730 2463.0
1255740 2483.7
1255750 2483.7
1255760 2481.3
1255770 2456.9
1255780 2456.9
1255790 2463.0
1255800 2428.4
1255810 2428.4
1255820 2413.5
1255830 2417.3
1255840 2417.3
1255850 2424.2
1255860 2419.7
1255870 2419.7
1255880 2426.5
1255890 2420.8
1255900 2423.9
1255910 2423.9
1255920 2431.8
1255930 2441.6
1255940 2441.6
1255950 2446.0
1255960 2452.0
1255970 2452.0
1255980 2457.7
1255990 2473.6
1256000 2473.6
1256010 2497.4
1256020 2520.6
1256030 2520.6
1256040 2538.2
1256050 2555.3
1256060 2555.3
1256070 2561.4
1256080 2559.9
1256090 2559.9
1256100 2550.5
1256110 2532.2
1256120 2526.6
1256130 2526.6
1256140 2516.5
1256150 2480.2
1256160 2480.2
1256170 2474.0
1256180 2466.0
1256190 2466.0
1256200 2450.9
1256210 2442.4
1256220 2442.4
1256230 2441.6
1256240 2446.1
1256250 2446.1
1256260 2446.8
1256270 2433.2
1256280 2433.2
1256290 2409.9
1256300 2401.3
1256310 2401.3
1256320 2396.3
1256330 2389.1
1256340 2389.1
1256350 2378.6
1256360 2373.2
1256370 2368.1
1256380 2368.1
1256390 2364.8
1256400 2363.9
1256410 2363.9
1256420 2361.2
1256430 2352.5
1256440 2352.5
1256450 2350.6
1256460 2351.1
1256470 2351.1
1256480 2343.4
1256490 2337.4
1256500 2337.4
1256510 2335.1
1256520 2333.7
1256530 2333.7
1256540 2333.2
1256550 2337.7
1256560 2337.7
1256570 2352.2
1256580 2361.9
1256590 2377.5
1256600 2377.5
1256610 2396.2
1256620 2399.5
1256630 2399.5
1256640 2400.0
1256650 2400.8
1256660 2400.8
1256670 2401.1
1256680 2400.3
1256690 2400.3
1256700 2401.0
1256710 2399.4
1256720 2399.4
1256730 2404.7
1256740 2416.3
1256750 2416.3
1256760 2415.5
1256770 2407.1
1256780 2407.1
1256790 2397.1
1256800 2380.4
1256810 2380.4
1256820 2356.2
1256830 2354.9
1256840 2370.8
1256850 2370.8
1256860 2373.7
1256870 2366.1
1256880 2366.1
1256890 2359.6
1256900 2345.3
1256910 2363.7
1256920 2350.9
1256930 2317.6
1256940 2317.6
1256950 2285.6
1256960 2260.6
1256970 2260.6
1256980 2245.0
1256990 2236.3
1257000 2236.3
1257010 2228.0
1257020 2219.9
1257030 2219.9
1257040 2207.1
1257050 2196.1
1257060 2196.1
1257070 2190.7
1257080 2185.2
1257090 2179.9
1257100 2179.9
1257110 2174.8
1257120 2170.2
1257130 2170.2
1257140 2166.0
1257150 2161.3
1257160 2161.3
1257170 2156.4
1257180 2152.7
1257190 2152.7
1257200 2150.0
1257210 2148.0
1257220 2148.0
1257230 2147.7
1257240 2147.3
1257250 2147.3
1257260 2148.2
1257270 2148.4
1257280 2148.4
1257290 2149.0
1257300 2150.4
1257310 2151.6
1257320 2151.6
1257330 2152.6
1257340 2153.0
1257350 2153.0
1257360 2153.6
1257370 2153.6
1257380 2153.6
1257390 2151.1
1257400 2142.4
1257410 2142.4
1257420 2133.6
1257430 2126.1
1257440 2126.1
1257450 2119.7
1257460 2114.0
1257470 2114.9
1257480 2108.7
1257490 2102.8
1257500 2102.8
1257510 2099.2
1257520 2096.4
1257530 2096.4
1257540 2093.0
1257550 2089.2
1257560 2085.8
1257570 2085.8
1257580 2082.6
1257590 2079.4
1257600 2079.4
1257610 2075.6
1257620 2072.4
1257630 2072.4
1257640 2069.3
1257650 2064.5
1257660 2064.5
1257670 2057.9
1257680 2051.3
1257690 2051.3
1257700 2045.8
1257710 2040.8
1257720 2040.8
1257730 2036.4
1257740 2032.3
1257750 2032.3
1257760 2028.9
1257770 2027.5
1257780 2026.3
1257790 2026.3
1257800 2024.8
1257810 2023.7
1257820 2023.7
1257830 2022.3
1257840 2021.1
1257850 2021.1
1257860 2019.5
1257870 2017.6
1257880 2017.6
1257890 2014.9
1257900 2012.1
1257910 2012.1
1257920 2009.4
1257930 2006.9
1257940 2006.9
1257950 2005.0
1257960 2002.9
1257970 2002.9
1257980 2000.0
1257990 1996.5
1258000 1996.5
1258010 1994.0
1258020 1990.2
1258030 1985.5
1258040 1985.5
1258050 1978.9
1258060 1972.0
1258070 1972.0
1258080 1966.0
1258090 1961.0
1258100 1961.0
1258110 1955.3
1258120 1950.7
1258130 1950.7
1258140 1950.2
1258150 1948.8
1258160 1948.8
1258170 1946.7
1258180 1944.6
1258190 1944.6
1258200 1942.2
1258210 1939.8
1258220 1939.8
1258230 1937.5
1258240 1936.2
1258250 1936.2
1258260 1935.3
1258270 1934.4
1258280 1933.9
1258290 1933.9
1258300 1934.3
1258310 1934.4
1258320 1934.4
1258330 1934.0
1258340 1932.8
1258350 1932.8
1258360 1931.5
1258370 1931.0
1258380 1931.0
1258390 1929.6
1258400 1927.6
1258410 1927.6
1258420 1925.8
1258430 1923.3
1258440 1923.3
1258450 1920.1
1258460 1923.4
1258470 1923.4
1258480 1932.0
1258490 1937.4
1258500 1937.9
1258510 1937.9
1258520 1937.3
1258530 1939.4
1258540 1939.4
1258550 1943.8
1258560 1947.0
1258570 1947.0
1258580 1949.8
1258590 1945.1
1258600 1945.1
1258610 1945.6
1258620 1946.4
1258630 1946.4
1258640 1950.5
1258650 1955.7
1258660 1955.7
1258670 1961.8
1258680 1966.3
1258690 1966.3
1258700 1969.8
1258710 1971.9
1258720 1971.9
1258730 1974.7
1258740 1976.3
1258750 1972.2
1258760 1972.2
1258770 1966.4
1258780 1964.1
1258790 1964.1
1258800 1966.1
1258810 1970.2
1258820 1970.2
1258830 1976.9
1258840 1988.0
1258850 1988.0
1258860 2001.6
1258870 2002.4
1258880 2002.4
1258890 1999.2
1258900 1996.7
1258910 1996.7
1258920 1993.5
1258930 1983.5
1258940 1983.5
1258950 1970.0
1258960 1961.7
1258970 1966.1
1258980 1966.1
1258990 1949.8
1259000 1928.7
1259010 1928.7
1259020 1916.8
1259030 1914.9
1259040 1914.9
1259050 1911.9
1259060 1910.6
1259070 1910.6
1259080 1913.4
1259090 1918.4
1259100 1918.4
1259110 1916.3
1259120 1913.8
1259130 1913.8
1259140 1907.8
1259150 1896.4
1259160 1896.4
1259170 1899.9
1259180 1908.8
1259190 1908.8
1259200 1916.1
1259210 1917.7
1259220 1911.9
1259230 1911.9
1259240 1903.9
1259250 1893.2
1259260 1893.2
1259270 1880.1
1259280 1867.4
1259290 1867.4
1259300 1864.4
1259310 1867.1
1259320 1867.1
1259330 1868.2
1259340 1867.8
1259350 1867.8
1259360 1866.8
1259370 1867.8
1259380 1867.8
1259390 1871.4
1259400 1877.7
1259410 1877.7
1259420 1887.6
1259430 1895.0
1259440 1895.0
1259450 1900.2
1259460 1902.5
1259470 1902.7
1259480 1902.7
1259490 1905.4
1259500 1911.2
1259510 1911.2
1259520 1918.1
1259530 1923.8
1259540 1923.8
1259550 1929.7
1259560 1936.0
1259570 1936.0
1259580 1941.8
1259590 1944.4
1259600 1944.4
1259610 1938.3
1259620 1930.9
1259630 1930.9
1259640 1928.3
1259650 1928.2
1259660 1928.2
1259670 1927.1
1259680 1935.9
1259690 1944.6
1259700 1944.6
1259710 1939.4
1259720 1931.7
1259730 1931.7
1259740 1928.1
1259750 1928.8
1259760 1928.8
1259770 1929.7
1259780 1927.2
1259790 1927.2
1259800 1923.0
1259810 1918.5
1259820 1918.5
1259830 1920.9
1259840 1923.9
1259850 1923.9
1259860 1926.5
1259870 1926.3
1259880 1926.3
1259890 1925.1
1259900 1928.3
1259910 1928.3
1259920 1931.1
1259930 1927.9
1259940 1924.8
1259950 1924.8
1259960 1928.5
1259970 1931.4
1259980 1931.4
1259990 1930.9
