1240000 1590.2
1240010 1582.9
1240020 1576.3
1240030 1576.3
1240040 1568.9
1240050 1562.2
1240060 1562.2
1240070 1554.7
1240080 1542.3
1240090 1542.3
1240100 1528.7
1240110 1515.1
1240120 1515.1
1240130 1506.0
1240140 1498.0
1240150 1498.0
1240160 1490.9
1240170 1483.9
1240180 1483.9
1240190 1477.1
1240200 1470.6
1240210 1470.6
1240220 1463.8
1240230 1456.3
1240240 1456.3
1240250 1449.0
1240260 1442.5
1240270 1436.3
1240280 1436.3
1240290 1430.9
1240300 1425.6
1240310 1425.6
1240320 1420.1
1240330 1414.9
1240340 1414.9
1240350 1410.1
1240360 1405.4
1240370 1405.4
1240380 1400.7
1240390 1396.3
1240400 1396.3
1240410 1391.3
1240420 1386.1
1240430 1386.1
1240440 1380.4
1240450 1374.4
1240460 1374.4
1240470 1368.2
1240480 1361.1
1240490 1361.1
1240500 1354.8
1240510 1350.1
1240520 1346.8
1240530 1346.8
1240540 1344.8
1240550 1343.9
1240560 1343.9
1240570 1342.5
1240580 1337.8
1240590 1337.8
1240600 1335.8
1240610 1335.9
1240620 1335.9
1240630 1336.0
1240640 1336.4
1240650 1336.4
1240660 1339.6
1240670 1345.0
1240680 1345.0
1240690 1349.9
1240700 1354.2
1240710 1354.2
1240720 1355.2
1240730 1355.5
1240740 1355.5
1240750 1357.3
1240760 1357.7
1240770 1358.2
1240780 1358.2
1240790 1358.8
1240800 1359.8
1240810 1359.8
1240820 1360.6
1240830 1362.1
1240840 1362.1
1240850 1363.5
1240860 1364.2
1240870 1364.2
1240880 1366.1
1240890 1367.9
1240900 1367.9
1240910 1368.7
1240920 1369.7
1240930 1369.7
1240940 1370.8
1240950 1371.8
1240960 1371.8
1240970 1372.9
1240980 1374.6
1240990 1376.3
1241000 1376.3
1241010 1378.3
1241020 1380.3
1241030 1380.3
1241040 1382.0
1241050 1383.8
1241060 1383.8
1241070 1385.6
1241080 1387.0
1241090 1387.0
1241100 1389.0
1241110 1390.7
1241120 1390.7
1241130 1392.3
1241140 1393.9
1241150 1393.9
1241160 1395.7
1241170 1398.0
1241180 1398.0
1241190 1400.4
1241200 1402.5
1241210 1402.5
1241220 1404.8
1241230 1406.4
1241240 1406.7
1241250 1406.7
1241260 1407.1
1241270 1413.6
1241280 1413.6
1241290 1415.1
1241300 1416.3
1241310 1416.3
1241320 1417.2
1241330 1418.3
1241340 1418.3
1241350 1421.1
1241360 1424.8
1241370 1424.8
1241380 1429.5
1241390 1434.5
1241400 1434.5
1241410 1439.7
1241420 1444.5
1241430 1444.5
1241440 1449.0
1241450 1453.7
1241460 1453.7
1241470 1458.2
1241480 1463.4
1241490 1469.4
1241500 1469.4
1241510 1476.0
1241520 1483.1
1241530 1483.1
1241540 1490.7
1241550 1498.0
1241560 1498.0
1241570 1505.9
1241580 1514.3
1241590 1514.3
1241600 1522.6
1241610 1531.3
1241620 1531.3
1241630 1540.7
1241640 1551.0
1241650 1551.0
1241660 1561.0
1241670 1571.3
1241680 1571.3
1241690 1581.4
1241700 1590.7
1241710 1600.3
1241720 1600.3
1241730 1610.2
1241740 1617.6
1241750 1617.6
1241760 1622.2
1241770 1623.4
1241780 1623.4
1241790 1621.4
1241800 1629.7
1241810 1629.7
1241820 1629.0
1241830 1626.8
1241840 1626.8
1241850 1626.2
1241860 1629.2
1241870 1629.2
1241880 1633.0
1241890 1636.8
1241900 1636.8
1241910 1637.4
1241920 1635.4
1241930 1635.4
1241940 1635.3
1241950 1633.0
1241960 1629.6
1241970 1629.6
1241980 1628.6
1241990 1629.2
1242000 1629.2
1242010 1635.0
1242020 1639.8
1242030 1639.8
1242040 1642.7
1242050 1649.3
1242060 1649.3
1242070 1655.0
1242080 1656.5
1242090 1656.5
1242100 1654.5
1242110 1650.8
1242120 1650.8
1242130 1650.4
1242140 1652.7
1242150 1652.7
1242160 1659.9
1242170 1662.8
1242180 1662.8
1242190 1668.5
1242200 1673.3
1242210 1678.3
1242220 1678.3
1242230 1681.8
1242240 1687.7
1242250 1687.7
1242260 1690.0
1242270 1688.5
1242280 1688.5
1242290 1687.6
1242300 1688.8
1242310 1688.8
1242320 1706.2
1242330 1707.8
1242340 1707.8
1242350 1711.6
1242360 1713.6
1242370 1713.6
1242380 1714.5
1242390 1717.8
1242400 1717.8
1242410 1724.8
1242420 1734.6
1242430 1734.6
1242440 1739.2
1242450 1742.0
1242460 1742.3
1242470 1742.3
1242480 1742.9
1242490 1745.4
1242500 1745.4
1242510 1748.3
1242520 1752.2
1242530 1752.2
1242540 1756.0
1242550 1760.9
1242560 1760.9
1242570 1767.5
1242580 1774.8
1242590 1774.8
1242600 1783.2
1242610 1792.9
1242620 1792.9
1242630 1801.8
1242640 1809.3
1242650 1809.3
1242660 1816.8
1242670 1824.3
1242680 1830.8
1242690 1830.8
1242700 1837.4
1242710 1841.4
1242720 1841.4
1242730 1846.5
1242740 1849.2
1242750 1849.2
1242760 1855.0
1242770 1862.4
1242780 1862.4
1242790 1865.4
1242800 1869.3
1242810 1869.3
1242820 1874.4
1242830 1879.3
1242840 1879.3
1242850 1891.4
1242860 1896.2
1242870 1896.2
1242880 1901.4
1242890 1906.9
1242900 1906.9
1242910 1913.4
1242920 1920.4
1242930 1927.3
1242940 1927.3
1242950 1934.9
1242960 1942.5
1242970 1942.5
1242980 1949.0
1242990 1954.4
1243000 1954.4
1243010 1959.8
1243020 1965.5
1243030 1965.5
1243040 1970.6
1243050 1976.3
1243060 1976.3
1243070 1982.6
1243080 1989.6
1243090 1989.6
1243100 1996.7
1243110 2003.0
1243120 2003.0
1243130 2008.7
1243140 2014.2
1243150 2014.2
1243160 2019.7
1243170 2024.6
1243180 2029.0
1243190 2029.0
1243200 2033.6
1243210 2038.5
1243220 2038.5
1243230 2043.1
1243240 2047.4
1243250 2047.4
1243260 2051.8
1243270 2056.9
1243280 2056.9
1243290 2062.5
1243300 2068.4
1243310 2068.4
1243320 2074.2
1243330 2079.7
1243340 2079.7
1243350 2084.9
1243360 2090.6
1243370 2088.3
1243380 2095.4
1243390 2102.5
1243400 2109.4
1243410 2109.4
1243420 2116.6
1243430 2123.7
1243440 2123.7
1243450 2130.9
1243460 2138.6
1243470 2138.6
1243480 2147.4
1243490 2156.6
1243500 2156.6
1243510 2165.7
1243520 2172.9
1243530 2172.9
1243540 2178.9
1243550 2185.1
1243560 2185.1
1243570 2192.2
1243580 2199.4
1243590 2199.4
1243600 2206.7
1243610 2213.7
1243620 2213.7
1243630 2220.6
1243640 2227.4
1243650 2233.6
1243660 2233.6
1243670 2238.4
1243680 2242.7
1243690 2242.7
1243700 2246.7
1243710 2253.6
1243720 2253.6
1243730 2257.3
1243740 2260.4
1243750 2260.4
1243760 2263.8
1243770 2266.3
1243780 2266.3
1243790 2268.9
1243800 2273.7
1243810 2273.7
1243820 2280.5
1243830 2287.7
1243840 2287.7
1243850 2295.6
1243860 2302.1
1243870 2302.1
1243880 2308.8
1243890 2315.7
1243900 2326.2
1243910 2326.2
1243920 2332.5
1243930 2339.2
1243940 2339.2
1243950 2346.1
1243960 2353.2
1243970 2353.2
1243980 2361.2
1243990 2369.0
1244000 2369.0
1244010 2376.6
1244020 2384.7
1244030 2384.7
1244040 2392.4
1244050 2398.1
1244060 2398.1
1244070 2405.6
1244080 2415.2
1244090 2415.2
1244100 2423.1
1244110 2430.2
1244120 2430.2
1244130 2437.0
1244140 2441.1
1244150 2444.9
1244160 2444.9
1244170 2449.6
1244180 2455.3
1244190 2455.3
1244200 2461.8
1244210 2466.6
1244220 2466.6
1244230 2470.6
1244240 2476.1
1244250 2476.1
1244260 2481.1
1244270 2484.9
1244280 2484.9
1244290 2487.1
1244300 2489.8
1244310 2489.8
1244320 2492.3
1244330 2495.9
1244340 2495.9
1244350 2499.4
1244360 2503.3
1244370 2507.0
1244380 2507.0
1244390 2510.6
1244400 2515.2
1244410 2515.2
1244420 2520.6
1244430 2523.7
1244440 2523.7
1244450 2524.7
1244460 2520.8
1244470 2520.8
1244480 2517.1
1244490 2516.8
1244500 2516.8
1244510 2522.6
1244520 2528.8
1244530 2528.8
1244540 2534.8
1244550 2538.9
1244560 2538.9
1244570 2543.0
1244580 2547.8
1244590 2547.8
1244600 2551.5
1244610 2549.2
1244620 2542.8
1244630 2542.8
1244640 2536.8
1244650 2533.0
1244660 2533.0
1244670 2529.2
1244680 2524.5
1244690 2524.5
1244700 2520.2
1244710 2516.6
1244720 2516.6
1244730 2512.1
1244740 2508.3
1244750 2508.3
1244760 2505.4
1244770 2502.3
1244780 2502.3
1244790 2498.4
1244800 2494.4
1244810 2494.4
1244820 2490.5
1244830 2485.6
1244840 2485.6
1244850 2479.3
1244860 2473.4
1244870 2469.2
1244880 2469.2
1244890 2464.1
1244900 2459.0
1244910 2459.0
1244920 2454.1
1244930 2450.5
1244940 2450.5
1244950 2447.5
1244960 2453.6
1244970 2453.6
1244980 2451.2
1244990 2447.7
1245000 2447.7
1245010 2442.5
1245020 2435.4
1245030 2435.4
1245040 2429.2
1245050 2423.1
1245060 2423.1
1245070 2417.9
1245080 2416.5
1245090 2413.3
1245100 2413.3
1245110 2408.9
1245120 2403.9
1245130 2403.9
1245140 2400.0
1245150 2397.7
1245160 2397.7
1245170 2392.9
1245180 2387.0
1245190 2387.0
1245200 2381.2
1245210 2374.6
1245220 2374.6
1245230 2367.0
1245240 2357.2
1245250 2357.2
1245260 2352.3
1245270 2351.9
1245280 2351.9
1245290 2349.5
1245300 2338.1
1245310 2338.1
1245320 2324.7
1245330 2318.8
1245340 2313.7
1245350 2313.7
1245360 2309.6
1245370 2305.6
1245380 2305.6
1245390 2303.5
1245400 2300.7
1245410 2300.7
1245420 2298.3
1245430 2292.3
1245440 2292.3
1245450 2280.2
1245460 2272.0
1245470 2272.0
1245480 2267.4
1245490 2271.2
1245500 2271.2
1245510 2266.8
1245520 2263.7
1245530 2263.7
1245540 2261.7
1245550 2259.0
1245560 2259.0
1245570 2254.7
1245580 2250.4
1245590 2246.6
1245600 2246.6
1245610 2242.6
1245620 2238.0
1245630 2238.0
1245640 2233.9
1245650 2230.0
1245660 2230.0
1245670 2225.9
1245680 2222.0
1245690 2222.0
1245700 2219.2
1245710 2215.8
1245720 2215.8
1245730 2211.2
1245740 2206.6
1245750 2206.6
1245760 2202.7
1245770 2198.9
1245780 2198.9
1245790 2195.8
1245800 2193.8
1245810 2190.9
1245820 2190.9
1245830 2187.8
1245840 2185.0
1245850 2185.0
1245860 2181.0
1245870 2177.6
1245880 2177.6
1245890 2173.9
1245900 2168.9
1245910 2168.9
1245920 2164.6
1245930 2161.5
1245940 2161.5
1245950 2157.8
1245960 2155.1
1245970 2155.1
1245980 2152.5
1245990 2149.9
1246000 2149.9
1246010 2146.4
1246020 2145.4
1246030 2145.4
1246040 2139.9
1246050 2135.9
1246060 2133.8
1246070 2133.8
1246080 2131.3
1246090 2127.8
1246100 2127.8
1246110 2124.3
1246120 2120.9
1246130 2120.9
1246140 2117.1
1246150 2113.2
1246160 2113.2
1246170 2109.3
1246180 2105.3
1246190 2105.3
1246200 2100.4
1246210 2095.6
1246220 2095.6
1246230 2091.9
1246240 2088.7
1246250 2088.7
1246260 2085.3
1246270 2082.6
1246280 2082.6
1246290 2080.0
1246300 2078.5
1246310 2077.8
1246320 2077.8
1246330 2076.3
1246340 2074.3
1246350 2074.3
1246360 2071.8
1246370 2069.0
1246380 2069.0
1246390 2066.1
1246400 2063.4
1246410 2063.4
1246420 2060.0
1246430 2056.5
1246440 2056.5
1246450 2052.1
1246460 2048.0
1246470 2048.0
1246480 2043.9
1246490 2040.6
1246500 2040.6
1246510 2036.9
1246520 2033.3
1246530 2033.3
1246540 2030.1
1246550 2024.8
1246560 2021.3
1246570 2021.3
1246580 2018.3
1246590 2013.9
1246600 2013.9
1246610 2006.5
1246620 1998.9
1246630 1998.9
1246640 1992.1
1246650 1986.3
1246660 1986.3
1246670 1979.8
1246680 1974.5
1246690 1974.5
1246700 1972.4
1246710 1971.6
1246720 1971.6
1246730 1970.6
1246740 1968.0
1246750 1968.0
1246760 1964.8
1246770 1959.7
1246780 1954.7
1246790 1954.7
1246800 1950.4
1246810 1945.4
1246820 1945.4
1246830 1941.0
1246840 1936.9
1246850 1936.9
1246860 1933.2
1246870 1929.6
1246880 1929.6
1246890 1926.8
1246900 1923.8
1246910 1923.8
1246920 1920.8
1246930 1916.9
1246940 1916.9
1246950 1913.8
1246960 1910.5
1246970 1910.5
1246980 1907.4
1246990 1904.7
1247000 1904.7
1247010 1901.8
1247020 1899.0
1247030 1896.0
1247040 1896.0
1247050 1892.9
1247060 1889.4
1247070 1889.4
1247080 1886.5
1247090 1886.3
1247100 1886.3
1247110 1884.8
1247120 1882.2
1247130 1882.2
1247140 1879.1
1247150 1875.0
1247160 1875.0
1247170 1870.9
1247180 1867.7
1247190 1867.7
1247200 1865.1
1247210 1863.4
1247220 1863.4
1247230 1861.9
1247240 1859.0
1247250 1859.0
1247260 1854.6
1247270 1850.7
1247280 1848.4
1247290 1848.4
1247300 1845.9
1247310 1843.5
1247320 1843.5
1247330 1841.3
1247340 1838.9
1247350 1838.9
1247360 1837.3
1247370 1835.7
1247380 1835.7
1247390 1833.4
1247400 1830.5
1247410 1830.5
1247420 1827.3
1247430 1823.9
1247440 1823.9
1247450 1820.6
1247460 1817.5
1247470 1817.5
1247480 1813.9
1247490 1811.8
1247500 1809.9
1247510 1809.9
1247520 1806.9
1247530 1801.4
1247540 1801.4
1247550 1796.4
1247560 1791.7
1247570 1791.7
1247580 1785.9
1247590 1780.3
1247600 1780.3
1247610 1776.2
1247620 1772.8
1247630 1772.8
1247640 1768.1
1247650 1764.8
1247660 1764.8
1247670 1761.3
1247680 1757.0
1247690 1757.0
1247700 1753.1
1247710 1750.1
1247720 1750.1
1247730 1746.9
1247740 1742.3
1247750 1736.5
1247760 1736.5
1247770 1731.0
1247780 1725.3
1247790 1725.3
1247800 1719.9
1247810 1715.0
1247820 1715.0
1247830 1710.3
1247840 1705.6
1247850 1705.6
1247860 1700.8
1247870 1696.2
1247880 1696.2
1247890 1692.4
1247900 1688.7
1247910 1688.7
1247920 1683.9
1247930 1678.6
1247940 1678.6
1247950 1674.0
1247960 1670.1
1247970 1670.1
1247980 1666.9
1247990 1663.1
1248000 1659.0
1248010 1659.0
1248020 1656.1
1248030 1654.7
1248040 1654.7
1248050 1652.0
1248060 1649.1
1248070 1649.1
1248080 1646.5
1248090 1643.2
1248100 1643.2
1248110 1639.8
1248120 1636.7
1248130 1636.7
1248140 1633.6
1248150 1630.5
1248160 1628.5
1248170 1624.5
1248180 1620.5
1248190 1620.5
1248200 1617.6
1248210 1615.6
1248220 1615.6
1248230 1612.1
1248240 1606.8
1248250 1601.3
1248260 1601.3
1248270 1596.5
1248280 1592.6
1248290 1592.6
1248300 1588.6
1248310 1582.8
1248320 1582.8
1248330 1578.0
1248340 1573.4
1248350 1573.4
1248360 1568.3
1248370 1564.0
1248380 1564.0
1248390 1560.6
1248400 1557.1
1248410 1557.1
1248420 1552.4
1248430 1548.1
1248440 1548.1
1248450 1543.6
1248460 1539.7
1248470 1536.0
1248480 1536.0
1248490 1533.1
1248500 1530.3
1248510 1530.3
1248520 1527.3
1248530 1524.4
1248540 1524.4
1248550 1521.1
1248560 1518.0
1248570 1518.0
1248580 1515.1
1248590 1512.1
1248600 1512.1
1248610 1509.7
1248620 1507.3
1248630 1507.3
1248640 1504.2
1248650 1501.3
1248660 1501.3
1248670 1497.9
1248680 1494.6
1248690 1494.6
1248700 1489.9
1248710 1487.2
1248720 1485.0
1248730 1485.0
1248740 1482.7
1248750 1480.3
1248760 1480.3
1248770 1477.8
1248780 1475.6
1248790 1475.6
1248800 1473.2
1248810 1470.5
1248820 1470.5
1248830 1467.1
1248840 1463.8
1248850 1463.8
1248860 1461.1
1248870 1458.9
1248880 1458.9
1248890 1456.5
1248900 1452.6
1248910 1452.6
1248920 1448.5
1248930 1444.4
1248940 1444.4
1248950 1440.5
1248960 1435.4
1248970 1430.3
1248980 1430.3
1248990 1425.4
1249000 1423.1
1249010 1423.1
1249020 1424.7
1249030 1429.5
1249040 1429.5
1249050 1433.8
1249060 1436.3
1249070 1436.3
1249080 1438.7
1249090 1441.6
1249100 1441.6
1249110 1445.1
1249120 1448.6
1249130 1448.6
1249140 1451.6
1249150 1455.1
1249160 1455.1
1249170 1459.8
1249180 1464.5
1249190 1468.9
1249200 1468.9
1249210 1473.8
1249220 1478.9
1249230 1477.2
1249240 1481.9
1249250 1487.8
1249260 1487.8
1249270 1494.2
1249280 1500.5
1249290 1500.5
1249300 1508.0
1249310 1514.4
1249320 1514.4
1249330 1519.2
1249340 1524.3
1249350 1524.3
1249360 1529.8
1249370 1535.3
1249380 1535.3
1249390 1539.9
1249400 1544.4
1249410 1544.4
1249420 1549.0
1249430 1553.0
1249440 1556.2
1249450 1556.2
1249460 1559.3
1249470 1562.5
1249480 1562.5
1249490 1566.2
1249500 1569.9
1249510 1569.9
1249520 1574.8
1249530 1579.8
1249540 1579.8
1249550 1583.7
1249560 1586.6
1249570 1586.6
1249580 1590.2
1249590 1593.1
1249600 1593.1
1249610 1595.7
1249620 1598.7
1249630 1598.7
1249640 1603.3
1249650 1608.1
1249660 1608.1
1249670 1612.9
1249680 1617.8
1249690 1621.2
1249700 1621.2
1249710 1625.2
1249720 1628.7
1249730 1628.7
1249740 1632.3
1249750 1635.5
1249760 1635.5
1249770 1640.6
1249780 1644.4
1249790 1644.4
1249800 1647.2
1249810 1650.9
1249820 1650.9
1249830 1655.2
1249840 1658.0
1249850 1658.0
1249860 1659.7
1249870 1660.8
1249880 1660.8
1249890 1662.6
1249900 1665.1
1249910 1665.1
1249920 1666.3
1249930 1667.6
1249940 1670.8
1249950 1670.8
1249960 1674.0
1249970 1675.9
1249980 1675.9
1249990 1677.4
1250000 1680.1
1250010 1680.1
1250020 1684.7
1250030 1688.0
1250040 1688.0
1250050 1691.4
1250060 1694.4
1250070 1694.4
1250080 1697.0
1250090 1699.9
1250100 1699.9
1250110 1703.8
1250120 1707.1
1250130 1707.1
1250140 1711.0
1250150 1718.0
1250160 1724.0
1250170 1724.0
1250180 1727.0
1250190 1731.2
1250200 1731.2
1250210 1731.4
1250220 1731.1
1250230 1731.1
1250240 1731.7
1250250 1733.3
1250260 1733.3
1250270 1738.5
1250280 1742.8
1250290 1742.8
1250300 1746.0
1250310 1748.1
1250320 1750.5
1250330 1751.8
1250340 1753.2
1250350 1753.2
1250360 1754.7
1250370 1756.0
1250380 1756.0
1250390 1758.0
1250400 1760.9
1250410 1765.2
1250420 1765.2
1250430 1768.6
1250440 1771.4
1250450 1771.4
1250460 1773.5
1250470 1774.6
1250480 1774.6
1250490 1777.9
1250500 1781.8
1250510 1781.8
1250520 1786.1
1250530 1791.2
1250540 1791.2
1250550 1794.9
1250560 1797.6
1250570 1797.6
1250580 1801.5
1250590 1804.7
1250600 1804.7
1250610 1808.3
1250620 1812.1
1250630 1812.1
1250640 1815.1
1250650 1817.1
1250660 1818.3
1250670 1818.3
1250680 1820.4
1250690 1823.1
1250700 1823.1
1250710 1826.1
1250720 1829.2
1250730 1829.2
1250740 1831.9
1250750 1834.0
1250760 1834.0
1250770 1836.5
1250780 1839.6
1250790 1839.6
1250800 1842.9
1250810 1847.0
1250820 1847.0
1250830 1850.9
1250840 1855.2
1250850 1855.2
1250860 1861.3
1250870 1865.0
1250880 1869.1
1250890 1869.1
1250900 1873.3
1250910 1878.3
1250920 1878.3
1250930 1883.7
1250940 1888.9
1250950 1888.9
1250960 1894.7
1250970 1900.3
1250980 1900.3
1250990 1905.5
1251000 1911.2
1251010 1911.2
1251020 1916.7
1251030 1921.0
1251040 1921.0
1251050 1924.5
1251060 1927.0
1251070 1927.0
1251080 1929.5
1251090 1931.7
1251100 1931.7
1251110 1937.1
1251120 1944.7
1251130 1953.5
1251140 1953.5
1251150 1961.5
1251160 1969.7
1251170 1969.7
1251180 1980.4
1251190 1993.2
1251200 1993.2
1251210 2001.6
1251220 2004.9
1251230 2004.9
1251240 2011.1
1251250 2016.4
1251260 2016.4
1251270 2021.3
1251280 2026.0
1251290 2026.0
1251300 2030.4
1251310 2035.0
1251320 2035.0
1251330 2039.5
1251340 2045.2
1251350 2045.2
1251360 2052.4
1251370 2059.1
1251380 2067.4
1251390 2067.4
1251400 2084.5
1251410 2092.0
1251420 2092.0
1251430 2097.6
1251440 2104.4
1251450 2104.4
1251460 2111.4
1251470 2118.0
1251480 2118.0
1251490 2126.2
1251500 2135.2
1251510 2135.2
1251520 2143.7
1251530 2150.8
1251540 2150.8
1251550 2157.7
1251560 2163.4
1251570 2163.4
1251580 2169.8
1251590 2175.7
1251600 2181.7
1251610 2181.7
1251620 2188.4
1251630 2196.3
1251640 2196.3
1251650 2204.1
1251660 2211.6
1251670 2211.6
1251680 2218.8
1251690 2226.4
1251700 2226.4
1251710 2233.5
1251720 2240.0
1251730 2240.0
1251740 2245.2
1251750 2250.0
1251760 2250.0
1251770 2253.8
1251780 2254.2
1251790 2254.2
1251800 2250.5
1251810 2245.1
1251820 2245.1
1251830 2241.2
1251840 2239.5
1251850 2234.9
1251860 2234.9
1251870 2229.2
1251880 2223.1
1251890 2223.1
1251900 2216.1
1251910 2208.2
1251920 2208.2
1251930 2200.9
1251940 2193.6
1251950 2195.2
1251960 2187.2
1251970 2179.4
1251980 2179.4
1251990 2172.0
1252000 2164.8
1252010 2164.8
1252020 2157.4
1252030 2149.2
1252040 2149.2
1252050 2140.6
1252060 2132.7
1252070 2132.7
1252080 2126.0
1252090 2119.2
1252100 2111.4
1252110 2111.4
1252120 2104.0
1252130 2098.3
1252140 2098.3
1252150 2093.6
1252160 2088.0
1252170 2088.0
1252180 2084.1
1252190 2082.3
1252200 2082.3
1252210 2079.8
1252220 2075.5
1252230 2075.5
1252240 2070.6
1252250 2066.2
1252260 2066.2
1252270 2063.3
1252280 2059.3
1252290 2059.3
1252300 2054.9
1252310 2050.4
1252320 2050.4
1252330 2046.7
1252340 2042.1
1252350 2037.3
1252360 2037.3
1252370 2032.8
1252380 2028.5
1252390 2028.5
1252400 2023.8
1252410 2018.2
1252420 2018.2
1252430 2012.6
1252440 2007.4
1252450 2007.4
1252460 2002.8
1252470 1998.6
1252480 1998.6
1252490 1991.6
1252500 1988.2
1252510 1988.2
1252520 1984.5
1252530 1979.3
1252540 1979.3
1252550 1974.2
1252560 1968.7
1252570 1963.5
1252580 1963.5
1252590 1958.3
1252600 1953.3
1252610 1953.3
1252620 1947.8
1252630 1941.8
1252640 1941.8
1252650 1936.7
1252660 1932.7
1252670 1932.7
1252680 1929.2
1252690 1925.9
1252700 1925.9
1252710 1922.6
1252720 1919.2
1252730 1919.2
1252740 1915.1
1252750 1909.8
1252760 1909.8
1252770 1904.2
1252780 1897.9
1252790 1897.9
1252800 1890.8
1252810 1882.9
1252820 1875.0
1252830 1875.0
1252840 1868.5
1252850 1862.6
1252860 1862.6
1252870 1857.0
1252880 1852.2
1252890 1852.2
1252900 1848.0
1252910 1844.6
1252920 1844.6
1252930 1841.1
1252940 1837.4
1252950 1837.4
1252960 1834.4
1252970 1831.0
1252980 1831.0
1252990 1826.7
1253000 1823.1
1253010 1823.1
1253020 1820.4
1253030 1817.6
1253040 1816.4
1253050 1813.9
1253060 1811.2
1253070 1807.8
1253080 1807.8
1253090 1804.1
1253100 1800.1
1253110 1800.1
1253120 1796.0
1253130 1791.8
1253140 1791.8
1253150 1786.6
1253160 1781.5
1253170 1781.5
1253180 1776.3
1253190 1771.0
1253200 1771.0
1253210 1766.2
1253220 1761.4
1253230 1761.4
1253240 1757.5
1253250 1754.4
1253260 1754.4
1253270 1751.0
1253280 1746.4
1253290 1741.2
1253300 1741.2
1253310 1735.7
1253320 1730.3
1253330 1730.3
1253340 1726.2
1253350 1722.7
1253360 1722.7
1253370 1718.6
1253380 1714.4
1253390 1714.4
1253400 1710.1
1253410 1705.6
1253420 1705.6
1253430 1702.1
1253440 1699.6
1253450 1699.6
1253460 1695.8
1253470 1690.5
1253480 1690.5
1253490 1686.1
1253500 1683.1
1253510 1683.1
1253520 1680.5
1253530 1678.6
1253540 1676.3
1253550 1676.3
1253560 1672.9
1253570 1669.5
1253580 1669.5
1253590 1663.6
1253600 1656.5
1253610 1656.5
1253620 1650.9
1253630 1647.7
1253640 1647.7
1253650 1645.5
1253660 1644.2
1253670 1644.2
1253680 1643.2
1253690 1641.8
1253700 1641.8
1253710 1639.5
1253720 1638.3
1253730 1638.3
1253740 1636.6
1253750 1637.3
1253760 1637.3
1253770 1640.2
1253780 1641.2
1253790 1643.7
1253800 1643.7
1253810 1647.0
1253820 1649.0
1253830 1649.0
1253840 1648.8
1253850 1647.3
1253860 1647.3
1253870 1647.4
1253880 1649.0
1253890 1649.0
1253900 1650.0
1253910 1652.2
1253920 1652.2
1253930 1651.3
1253940 1650.3
1253950 1650.3
1253960 1650.7
1253970 1651.4
1253980 1651.4
1253990 1652.1
1254000 1653.1
1254010 1653.1
1254020 1657.1
1254030 1662.0
1254040 1665.5
1254050 1665.5
1254060 1668.3
1254070 1669.7
1254080 1669.7
1254090 1670.2
1254100 1670.6
1254110 1670.6
1254120 1671.3
1254130 1672.5
1254140 1673.8
1254150 1676.8
1254160 1678.4
1254170 1678.4
1254180 1679.6
1254190 1681.6
1254200 1681.6
1254210 1683.4
1254220 1684.4
1254230 1684.4
1254240 1685.1
1254250 1686.0
1254260 1687.6
1254270 1687.6
1254280 1689.5
1254290 1691.5
1254300 1691.5
1254310 1693.1
1254320 1694.9
1254330 1694.9
1254340 1697.4
1254350 1700.9
1254360 1700.9
1254370 1704.2
1254380 1708.1
1254390 1708.1
1254400 1712.0
1254410 1715.4
1254420 1715.4
1254430 1718.9
1254440 1722.2
1254450 1722.2
1254460 1726.2
1254470 1730.4
1254480 1730.4
1254490 1734.6
1254500 1739.0
1254510 1743.8
1254520 1743.8
1254530 1747.8
1254540 1751.5
1254550 1751.5
1254560 1755.5
1254570 1759.5
1254580 1759.5
1254590 1763.3
1254600 1768.0
1254610 1768.0
1254620 1772.7
1254630 1776.2
1254640 1776.2
1254650 1779.7
1254660 1783.9
1254670 1783.9
1254680 1788.2
1254690 1787.9
1254700 1787.9
1254710 1792.3
1254720 1798.6
1254730 1798.6
1254740 1803.9
1254750 1806.3
1254760 1809.0
1254770 1809.0
1254780 1814.5
1254790 1820.3
1254800 1820.3
1254810 1824.1
1254820 1826.6
1254830 1826.6
1254840 1829.2
1254850 1833.0
1254860 1833.0
1254870 1838.7
1254880 1844.0
1254890 1844.0
1254900 1848.8
1254910 1852.1
1254920 1852.1
1254930 1854.1
1254940 1856.5
1254950 1856.5
1254960 1859.9
1254970 1864.2
1254980 1868.8
1254990 1868.8
1255000 1873.6
1255010 1878.8
1255020 1878.8
1255030 1884.1
1255040 1890.2
1255050 1890.2
1255060 1895.6
1255070 1899.7
1255080 1899.7
1255090 1903.7
1255100 1909.1
1255110 1909.1
1255120 1914.9
1255130 1919.5
1255140 1919.5
1255150 1923.8
1255160 1928.3
1255170 1928.3
1255180 1933.5
1255190 1939.1
1255200 1939.1
1255210 1944.4
1255220 1949.5
1255230 1954.2
1255240 1954.2
1255250 1954.2
1255260 1958.5
1255270 1958.5
1255280 1963.1
1255290 1967.9
1255300 1967.9
1255310 1972.7
1255320 1977.3
1255330 1977.3
1255340 1982.0
1255350 1986.6
1255360 1986.6
1255370 1991.1
1255380 1996.1
1255390 1996.1
1255400 2001.7
1255410 2007.5
1255420 2007.5
1255430 2012.9
1255440 2018.4
1255450 2018.4
1255460 2023.8
1255470 2029.2
1255480 2035.6
1255490 2035.6
1255500 2042.0
1255510 2047.5
1255520 2047.5
1255530 2052.9
1255540 2058.4
1255550 2058.4
1255560 2063.8
1255570 2068.9
1255580 2068.9
1255590 2073.4
1255600 2077.7
1255610 2077.7
1255620 2082.5
1255630 2088.2
1255640 2088.2
1255650 2095.0
1255660 2102.4
1255670 2102.4
1255680 2109.9
1255690 2117.4
1255700 2123.5
1255710 2123.5
1255720 2127.3
1255730 2129.8
1255740 2129.8
1255750 2132.8
1255760 2136.5
1255770 2136.5
1255780 2141.3
1255790 2147.0
1255800 2142.9
1255810 2149.1
1255820 2155.5
1255830 2155.5
1255840 2161.9
1255850 2168.0
1255860 2168.0
1255870 2173.9
1255880 2180.2
1255890 2180.2
1255900 2187.0
1255910 2194.7
1255920 2194.7
1255930 2202.3
1255940 2207.8
1255950 2212.3
1255960 2212.3
1255970 2216.3
1255980 2220.8
1255990 2220.8
1256000 2226.3
1256010 2232.2
1256020 2232.2
1256030 2237.6
1256040 2243.3
1256050 2243.3
1256060 2250.5
1256070 2258.1
1256080 2258.1
1256090 2266.1
1256100 2274.9
1256110 2274.9
1256120 2285.7
1256130 2294.1
1256140 2294.1
1256150 2298.6
1256160 2302.6
1256170 2302.6
1256180 2307.8
1256190 2312.8
1256200 2312.8
1256210 2312.8
1256220 2308.8
1256230 2304.9
1256240 2304.9
1256250 2301.8
1256260 2300.7
1256270 2300.7
1256280 2300.3
1256290 2293.9
1256300 2293.9
1256310 2285.3
1256320 2282.4
1256330 2282.4
1256340 2284.2
1256350 2286.8
1256360 2294.5
1256370 2297.1
1256380 2300.1
1256390 2300.1
1256400 2297.9
1256410 2290.6
1256420 2290.6
1256430 2286.3
1256440 2287.2
1256450 2288.6
1256460 2288.6
1256470 2289.4
1256480 2288.7
1256490 2288.7
1256500 2280.8
1256510 2278.8
1256520 2278.8
1256530 2282.1
1256540 2283.0
1256550 2283.0
1256560 2283.3
1256570 2279.9
1256580 2279.9
1256590 2275.7
1256600 2270.5
1256610 2270.5
1256620 2265.7
1256630 2258.4
1256640 2258.4
1256650 2247.8
1256660 2244.3
1256670 2240.8
1256680 2240.8
1256690 2236.1
1256700 2231.2
1256710 2231.2
1256720 2227.2
1256730 2218.8
1256740 2218.8
1256750 2212.5
1256760 2206.4
1256770 2206.4
1256780 2199.8
1256790 2195.7
1256800 2195.7
1256810 2192.2
1256820 2187.2
1256830 2187.2
1256840 2181.4
1256850 2175.7
1256860 2175.7
1256870 2170.9
1256880 2166.3
1256890 2166.3
1256900 2160.8
1256910 2159.3
1256920 2154.0
1256930 2154.0
1256940 2148.8
1256950 2145.2
1256960 2145.2
1256970 2144.4
1256980 2144.3
1256990 2144.3
1257000 2143.4
1257010 2144.6
1257020 2144.6
1257030 2142.7
1257040 2141.0
1257050 2141.0
1257060 2141.7
1257070 2142.8
1257080 2142.8
1257090 2144.4
1257100 2148.2
1257110 2148.2
1257120 2152.0
1257130 2156.1
1257140 2156.1
1257150 2161.4
1257160 2167.0
1257170 2172.4
1257180 2172.4
1257190 2178.2
1257200 2182.9
1257210 2182.9
1257220 2186.2
1257230 2186.8
1257240 2186.8
1257250 2186.4
1257260 2183.6
1257270 2183.6
1257280 2179.6
1257290 2178.4
1257300 2178.4
1257310 2178.2
1257320 2174.9
1257330 2174.9
1257340 2175.0
1257350 2179.1
1257360 2179.1
1257370 2182.9
1257380 2183.5
1257390 2183.2
1257400 2183.2
1257410 2183.3
1257420 2182.9
1257430 2182.9
1257440 2185.3
1257450 2188.7
1257460 2188.7
1257470 2192.4
1257480 2196.4
1257490 2196.4
1257500 2200.8
1257510 2205.9
1257520 2205.9
1257530 2211.6
1257540 2217.3
1257550 2217.3
1257560 2224.0
1257570 2230.7
1257580 2230.7
1257590 2237.1
1257600 2243.7
1257610 2243.7
1257620 2249.9
1257630 2256.4
1257640 2262.5
1257650 2262.5
1257660 2265.8
1257670 2263.0
1257680 2263.0
1257690 2258.8
1257700 2255.1
1257710 2255.1
1257720 2251.2
1257730 2247.9
1257740 2247.9
1257750 2243.6
1257760 2237.9
1257770 2237.9
1257780 2232.1
1257790 2225.6
1257800 2225.6
1257810 2219.2
1257820 2212.6
1257830 2212.6
1257840 2206.0
1257850 2200.3
1257860 2200.3
1257870 2194.7
1257880 2189.2
1257890 2184.6
1257900 2184.6
1257910 2179.6
1257920 2176.2
1257930 2176.2
1257940 2172.8
1257950 2167.6
1257960 2167.6
1257970 2163.0
1257980 2160.0
1257990 2160.0
1258000 2156.0
1258010 2153.2
1258020 2153.2
1258030 2150.5
1258040 2148.2
1258050 2148.2
1258060 2146.7
1258070 2145.5
1258080 2145.5
1258090 2143.5
1258100 2143.7
1258110 2144.5
1258120 2144.5
1258130 2145.8
1258140 2145.9
1258150 2145.9
1258160 2144.6
1258170 2142.1
1258180 2142.1
1258190 2140.6
1258200 2140.5
1258210 2140.5
1258220 2139.8
1258230 2140.3
1258240 2140.3
1258250 2139.2
1258260 2137.5
1258270 2137.5
1258280 2135.4
1258290 2133.8
1258300 2133.8
1258310 2132.5
1258320 2130.2
1258330 2130.2
1258340 2128.8
1258350 2128.2
1258360 2126.9
1258370 2126.9
1258380 2125.4
1258390 2124.2
1258400 2124.2
1258410 2123.4
1258420 2121.8
1258430 2121.8
1258440 2120.2
1258450 2118.9
1258460 2118.9
1258470 2116.8
1258480 2115.5
1258490 2115.5
1258500 2114.6
1258510 2113.5
1258520 2113.5
1258530 2111.7
1258540 2108.8
1258550 2108.8
1258560 2105.5
1258570 2103.3
1258580 2103.3
1258590 2106.1
1258600 2107.5
1258610 2110.3
1258620 2110.3
1258630 2112.9
1258640 2115.5
1258650 2115.5
1258660 2118.3
1258670 2121.0
1258680 2121.0
1258690 2123.5
1258700 2125.7
1258710 2125.7
1258720 2127.5
1258730 2129.3
1258740 2129.3
1258750 2132.0
1258760 2134.9
1258770 2134.9
1258780 2138.1
1258790 2141.7
1258800 2141.7
1258810 2145.1
1258820 2148.3
1258830 2148.3
1258840 2151.6
1258850 2154.5
1258860 2157.6
1258870 2157.6
1258880 2161.5
1258890 2165.6
1258900 2165.6
1258910 2169.4
1258920 2173.0
1258930 2173.0
1258940 2177.0
1258950 2179.8
1258960 2179.8
1258970 2182.7
1258980 2185.7
1258990 2185.7
1259000 2188.4
1259010 2190.7
1259020 2190.7
1259030 2193.8
1259040 2199.4
1259050 2199.4
1259060 2205.9
1259070 2214.5
1259080 2251.8
1259090 2251.8
1259100 2273.3
1259110 2284.8
1259120 2284.8
1259130 2271.7
1259140 2276.6
1259150 2276.6
1259160 2281.8
1259170 2303.1
1259180 2303.1
1259190 2330.7
1259200 2345.2
1259210 2345.2
1259220 2355.9
1259230 2368.0
1259240 2368.0
1259250 2396.3
1259260 2417.3
1259270 2417.3
1259280 2424.9
1259290 2431.3
1259300 2431.3
1259310 2439.1
1259320 2445.9
1259330 2451.3
1259340 2451.3
1259350 2450.0
1259360 2443.1
1259370 2443.1
1259380 2432.7
1259390 2418.5
1259400 2418.5
1259410 2413.6
1259420 2418.3
1259430 2418.3
1259440 2412.6
1259450 2402.4
1259460 2402.4
1259470 2385.0
1259480 2374.6
1259490 2374.6
1259500 2362.3
1259510 2345.8
1259520 2345.8
1259530 2328.4
1259540 2330.8
1259550 2330.8
1259560 2331.5
1259570 2323.0
1259580 2313.6
1259590 2313.6
1259600 2303.7
1259610 2291.7
1259620 2291.7
1259630 2280.3
1259640 2266.3
1259650 2266.3
1259660 2252.9
1259670 2245.0
1259680 2245.0
1259690 2238.3
1259700 2228.6
1259710 2228.6
1259720 2226.1
1259730 2219.3
1259740 2219.3
1259750 2213.5
1259760 2206.8
1259770 2206.8
1259780 2198.5
1259790 2186.2
1259800 2176.4
1259810 2176.4
1259820 2167.4
1259830 2156.4
1259840 2156.4
1259850 2143.6
1259860 2134.9
1259870 2134.9
1259880 2127.7
1259890 2120.9
1259900 2120.9
1259910 2113.4
1259920 2105.6
1259930 2105.6
1259940 2099.5
1259950 2094.0
1259960 2094.0
1259970 2087.3
1259980 2081.4
1259990 2081.4
