1240000 1568.0
1240010 1568.0
1240020 1558.9
1240030 1549.8
1240040 1549.8
1240050 1541.3
1240060 1533.4
1240070 1533.4
1240080 1525.5
1240090 1518.0
1240100 1518.0
1240110 1510.0
1240120 1501.6
1240130 1493.5
1240140 1493.5
1240150 1485.7
1240160 1478.6
1240170 1478.6
1240180 1471.6
1240190 1465.2
1240200 1465.2
1240210 1459.0
1240220 1452.2
1240230 1452.2
1240240 1445.5
1240250 1439.1
1240260 1439.1
1240270 1433.1
1240280 1426.9
1240290 1426.9
1240300 1420.7
1240310 1414.9
1240320 1414.9
1240330 1409.6
1240340 1404.4
1240350 1404.4
1240360 1397.7
1240370 1392.3
1240380 1385.0
1240390 1385.0
1240400 1377.9
1240410 1371.6
1240420 1371.6
1240430 1365.1
1240440 1358.9
1240450 1358.9
1240460 1357.4
1240470 1357.7
1240480 1357.7
1240490 1356.4
1240500 1357.7
1240510 1357.7
1240520 1361.2
1240530 1361.9
1240540 1361.9
1240550 1362.9
1240560 1364.2
1240570 1364.2
1240580 1365.6
1240590 1367.2
1240600 1368.7
1240610 1369.8
1240620 1371.2
1240630 1372.6
1240640 1372.6
1240650 1373.7
1240660 1374.5
1240670 1374.5
1240680 1375.5
1240690 1376.2
1240700 1376.2
1240710 1376.8
1240720 1377.9
1240730 1377.9
1240740 1378.8
1240750 1380.0
1240760 1380.0
1240770 1382.1
1240780 1383.1
1240790 1383.1
1240800 1384.5
1240810 1386.5
1240820 1386.5
1240830 1387.5
1240840 1388.2
1240850 1389.2
1240860 1389.2
1240870 1389.7
1240880 1390.9
1240890 1390.9
1240900 1391.7
1240910 1393.1
1240920 1393.1
1240930 1394.8
1240940 1395.6
1240950 1395.6
1240960 1396.0
1240970 1396.9
1240980 1396.9
1240990 1397.9
1241000 1399.2
1241010 1399.2
1241020 1400.4
1241030 1401.7
1241040 1401.7
1241050 1403.2
1241060 1405.8
1241070 1405.8
1241080 1408.5
1241090 1410.4
1241100 1410.4
1241110 1410.4
1241120 1412.3
1241130 1415.7
1241140 1415.7
1241150 1416.8
1241160 1417.8
1241170 1417.8
1241180 1419.6
1241190 1421.8
1241200 1421.8
1241210 1424.2
1241220 1426.4
1241230 1426.4
1241240 1427.9
1241250 1428.4
1241260 1428.4
1241270 1430.3
1241280 1434.8
1241290 1434.8
1241300 1439.9
1241310 1445.3
1241320 1450.5
1241330 1450.5
1241340 1455.8
1241350 1461.6
1241360 1461.6
1241370 1467.1
1241380 1472.3
1241390 1472.3
1241400 1477.4
1241410 1482.3
1241420 1482.3
1241430 1487.7
1241440 1492.2
1241450 1492.2
1241460 1494.8
1241470 1499.8
1241480 1499.8
1241490 1507.9
1241500 1515.2
1241510 1515.2
1241520 1519.7
1241530 1521.4
1241540 1521.4
1241550 1527.2
1241560 1527.2
1241570 1528.3
1241580 1528.3
1241590 1526.9
1241600 1527.4
1241610 1527.4
1241620 1533.2
1241630 1540.0
1241640 1540.0
1241650 1547.3
1241660 1554.6
1241670 1554.6
1241680 1562.2
1241690 1569.5
1241700 1569.5
1241710 1575.9
1241720 1582.6
1241730 1582.6
1241740 1590.0
1241750 1597.9
1241760 1597.9
1241770 1606.9
1241780 1614.8
1241790 1614.8
1241800 1621.1
1241810 1626.9
1241820 1632.8
1241830 1632.8
1241840 1638.2
1241850 1643.6
1241860 1643.6
1241870 1650.3
1241880 1656.3
1241890 1656.3
1241900 1662.7
1241910 1671.6
1241920 1671.6
1241930 1680.6
1241940 1689.0
1241950 1689.0
1241960 1697.4
1241970 1704.9
1241980 1704.9
1241990 1711.6
1242000 1719.3
1242010 1719.3
1242020 1726.7
1242030 1733.1
1242040 1740.1
1242050 1740.1
1242060 1747.8
1242070 1756.3
1242080 1756.3
1242090 1763.6
1242100 1770.1
1242110 1770.1
1242120 1775.2
1242130 1780.0
1242140 1780.0
1242150 1785.5
1242160 1790.4
1242170 1792.4
1242180 1797.8
1242190 1803.1
1242200 1803.1
1242210 1807.1
1242220 1807.8
1242230 1807.8
1242240 1806.8
1242250 1809.5
1242260 1809.5
1242270 1814.5
1242280 1818.9
1242290 1823.8
1242300 1823.8
1242310 1829.5
1242320 1835.1
1242330 1835.1
1242340 1839.2
1242350 1840.6
1242360 1840.6
1242370 1840.8
1242380 1841.1
1242390 1841.1
1242400 1845.0
1242410 1851.4
1242420 1851.4
1242430 1858.2
1242440 1861.9
1242450 1861.9
1242460 1862.4
1242470 1862.4
1242480 1862.4
1242490 1863.2
1242500 1863.7
1242510 1863.7
1242520 1863.4
1242530 1863.9
1242540 1865.7
1242550 1865.7
1242560 1867.2
1242570 1869.4
1242580 1869.4
1242590 1872.6
1242600 1875.9
1242610 1875.9
1242620 1878.1
1242630 1880.0
1242640 1880.0
1242650 1881.4
1242660 1882.6
1242670 1882.6
1242680 1884.1
1242690 1884.6
1242700 1890.8
1242710 1890.8
1242720 1889.3
1242730 1889.3
1242740 1887.2
1242750 1885.9
1242760 1885.9
1242770 1886.1
1242780 1890.2
1242790 1896.8
1242800 1896.8
1242810 1901.9
1242820 1904.2
1242830 1904.2
1242840 1905.9
1242850 1909.4
1242860 1909.4
1242870 1913.4
1242880 1917.3
1242890 1917.3
1242900 1921.9
1242910 1928.0
1242920 1928.0
1242930 1931.3
1242940 1929.5
1242950 1929.5
1242960 1926.0
1242970 1923.4
1242980 1923.4
1242990 1928.7
1243000 1936.7
1243010 1945.6
1243020 1945.6
1243030 1957.6
1243040 1971.3
1243050 1971.3
1243060 1982.6
1243070 1989.1
1243080 1989.1
1243090 1995.1
1243100 2001.5
1243110 2001.5
1243120 2008.9
1243130 2017.4
1243140 2017.4
1243150 2025.5
1243160 2033.9
1243170 2033.9
1243180 2041.5
1243190 2048.9
1243200 2048.9
1243210 2057.2
1243220 2066.6
1243230 2066.6
1243240 2074.3
1243250 2081.7
1243260 2088.7
1243270 2088.7
1243280 2096.2
1243290 2103.2
1243300 2103.2
1243310 2109.8
1243320 2116.0
1243330 2116.0
1243340 2122.4
1243350 2127.1
1243360 2127.1
1243370 2130.0
1243380 2131.6
1243390 2131.6
1243400 2133.4
1243410 2136.1
1243420 2136.1
1243430 2139.9
1243440 2143.8
1243450 2143.8
1243460 2149.0
1243470 2155.7
1243480 2155.7
1243490 2162.6
1243500 2168.2
1243510 2173.6
1243520 2173.6
1243530 2177.7
1243540 2180.9
1243550 2180.9
1243560 2186.4
1243570 2194.2
1243580 2194.2
1243590 2200.7
1243600 2206.9
1243610 2206.9
1243620 2213.3
1243630 2219.6
1243640 2219.6
1243650 2225.5
1243660 2231.3
1243670 2231.3
1243680 2237.6
1243690 2244.0
1243700 2244.0
1243710 2250.1
1243720 2257.8
1243730 2265.9
1243740 2265.9
1243750 2273.1
1243760 2283.0
1243770 2283.0
1243780 2289.9
1243790 2297.2
1243800 2297.2
1243810 2304.8
1243820 2310.8
1243830 2310.8
1243840 2316.7
1243850 2323.0
1243860 2323.0
1243870 2328.8
1243880 2334.4
1243890 2334.4
1243900 2339.6
1243910 2344.6
1243920 2344.6
1243930 2349.1
1243940 2353.7
1243950 2353.7
1243960 2358.1
1243970 2362.2
1243980 2365.7
1243990 2365.7
1244000 2369.4
1244010 2373.2
1244020 2373.2
1244030 2376.3
1244040 2378.6
1244050 2378.6
1244060 2380.5
1244070 2383.3
1244080 2383.3
1244090 2387.1
1244100 2392.3
1244110 2392.3
1244120 2397.1
1244130 2402.0
1244140 2402.0
1244150 2405.7
1244160 2408.7
1244170 2408.7
1244180 2412.2
1244190 2417.6
1244200 2417.6
1244210 2423.2
1244220 2428.1
1244230 2432.5
1244240 2432.5
1244250 2437.0
1244260 2441.6
1244270 2441.6
1244280 2449.1
1244290 2455.2
1244300 2455.2
1244310 2460.5
1244320 2466.1
1244330 2466.1
1244340 2470.8
1244350 2476.6
1244360 2476.6
1244370 2482.5
1244380 2486.5
1244390 2486.5
1244400 2490.5
1244410 2495.2
1244420 2495.2
1244430 2499.9
1244440 2504.8
1244450 2508.8
1244460 2508.8
1244470 2511.0
1244480 2511.7
1244490 2511.7
1244500 2511.4
1244510 2513.1
1244520 2513.1
1244530 2516.9
1244540 2522.3
1244550 2522.3
1244560 2529.0
1244570 2536.9
1244580 2536.9
1244590 2544.3
1244600 2550.0
1244610 2550.0
1244620 2554.2
1244630 2558.2
1244640 2558.2
1244650 2561.7
1244660 2565.4
1244670 2565.4
1244680 2568.4
1244690 2568.2
1244700 2565.8
1244710 2565.8
1244720 2561.8
1244730 2556.7
1244740 2556.7
1244750 2551.5
1244760 2550.8
1244770 2550.8
1244780 2550.9
1244790 2550.4
1244800 2550.4
1244810 2544.0
1244820 2542.9
1244830 2542.9
1244840 2541.1
1244850 2538.2
1244860 2538.2
1244870 2534.2
1244880 2530.6
1244890 2530.6
1244900 2527.3
1244910 2525.0
1244920 2525.0
1244930 2522.3
1244940 2518.1
1244950 2512.7
1244960 2512.7
1244970 2507.7
1244980 2503.7
1244990 2503.7
1245000 2499.0
1245010 2492.9
1245020 2492.9
1245030 2486.6
1245040 2481.6
1245050 2481.6
1245060 2478.6
1245070 2474.3
1245080 2474.3
1245090 2469.4
1245100 2466.0
1245110 2466.0
1245120 2460.5
1245130 2457.2
1245140 2457.2
1245150 2451.5
1245160 2443.9
1245170 2443.9
1245180 2436.2
1245190 2428.1
1245200 2420.7
1245210 2420.7
1245220 2411.6
1245230 2402.4
1245240 2402.4
1245250 2393.6
1245260 2386.9
1245270 2386.9
1245280 2380.1
1245290 2372.2
1245300 2372.2
1245310 2363.2
1245320 2355.5
1245330 2355.5
1245340 2348.3
1245350 2341.5
1245360 2341.5
1245370 2335.1
1245380 2330.0
1245390 2330.0
1245400 2324.3
1245410 2320.3
1245420 2317.3
1245430 2317.3
1245440 2313.9
1245450 2310.6
1245460 2310.6
1245470 2307.9
1245480 2305.7
1245490 2305.7
1245500 2303.4
1245510 2300.1
1245520 2300.1
1245530 2296.2
1245540 2291.5
1245550 2291.5
1245560 2287.0
1245570 2283.1
1245580 2283.1
1245590 2279.5
1245600 2276.5
1245610 2276.5
1245620 2272.3
1245630 2268.0
1245640 2268.0
1245650 2263.9
1245660 2260.5
1245670 2256.1
1245680 2256.1
1245690 2251.0
1245700 2247.5
1245710 2247.5
1245720 2244.7
1245730 2241.4
1245740 2241.4
1245750 2238.0
1245760 2233.8
1245770 2233.8
1245780 2229.5
1245790 2224.4
1245800 2224.4
1245810 2220.0
1245820 2215.7
1245830 2215.7
1245840 2211.0
1245850 2205.6
1245860 2205.6
1245870 2201.7
1245880 2199.3
1245890 2199.3
1245900 2196.4
1245910 2192.5
1245920 2188.1
1245930 2188.1
1245940 2184.6
1245950 2181.3
1245960 2181.3
1245970 2177.8
1245980 2173.2
1245990 2173.2
1246000 2167.7
1246010 2163.5
1246020 2163.5
1246030 2159.4
1246040 2155.2
1246050 2155.2
1246060 2150.4
1246070 2145.9
1246080 2145.9
1246090 2142.3
1246100 2138.9
1246110 2138.9
1246120 2134.6
1246130 2129.9
1246140 2125.1
1246150 2125.1
1246160 2121.0
1246170 2116.9
1246180 2116.9
1246190 2112.8
1246200 2108.3
1246210 2108.3
1246220 2104.5
1246230 2101.0
1246240 2101.0
1246250 2097.3
1246260 2093.7
1246270 2093.7
1246280 2089.8
1246290 2085.7
1246300 2085.7
1246310 2081.5
1246320 2077.5
1246330 2077.5
1246340 2072.5
1246350 2067.2
1246360 2067.2
1246370 2062.2
1246380 2058.2
1246390 2053.6
1246400 2053.4
1246410 2049.7
1246420 2046.7
1246430 2046.7
1246440 2044.1
1246450 2041.9
1246460 2041.9
1246470 2039.7
1246480 2037.6
1246490 2037.6
1246500 2035.7
1246510 2033.3
1246520 2033.3
1246530 2030.9
1246540 2028.0
1246550 2028.0
1246560 2025.4
1246570 2022.7
1246580 2022.7
1246590 2019.4
1246600 2016.1
1246610 2016.1
1246620 2013.4
1246630 2011.1
1246640 2008.5
1246650 2008.5
1246660 2005.3
1246670 2001.7
1246680 2001.7
1246690 1998.0
1246700 1994.9
1246710 1994.9
1246720 1991.4
1246730 1987.2
1246740 1987.2
1246750 1982.8
1246760 1978.6
1246770 1978.6
1246780 1974.8
1246790 1971.6
1246800 1971.6
1246810 1968.0
1246820 1964.8
1246830 1964.8
1246840 1961.6
1246850 1957.3
1246860 1952.7
1246870 1952.7
1246880 1948.5
1246890 1944.5
1246900 1944.5
1246910 1940.5
1246920 1937.5
1246930 1937.5
1246940 1935.0
1246950 1932.1
1246960 1932.1
1246970 1930.0
1246980 1926.8
1246990 1926.8
1247000 1923.2
1247010 1919.3
1247020 1919.3
1247030 1916.2
1247040 1914.2
1247050 1914.2
1247060 1911.6
1247070 1909.3
1247080 1909.3
1247090 1905.5
1247100 1901.0
1247110 1897.3
1247120 1897.3
1247130 1892.8
1247140 1888.5
1247150 1888.5
1247160 1884.4
1247170 1880.6
1247180 1880.6
1247190 1876.7
1247200 1874.2
1247210 1874.2
1247220 1872.4
1247230 1870.0
1247240 1870.0
1247250 1866.9
1247260 1863.8
1247270 1863.8
1247280 1861.0
1247290 1859.1
1247300 1859.1
1247310 1857.8
1247320 1856.6
1247330 1856.6
1247340 1855.7
1247350 1854.2
1247360 1851.3
1247370 1851.3
1247380 1847.0
1247390 1843.4
1247400 1843.4
1247410 1839.1
1247420 1836.3
1247430 1836.3
1247440 1833.9
1247450 1831.2
1247460 1831.2
1247470 1828.3
1247480 1825.3
1247490 1825.3
1247500 1822.1
1247510 1819.6
1247520 1819.6
1247530 1817.1
1247540 1814.0
1247550 1814.0
1247560 1811.5
1247570 1808.2
1247580 1808.2
1247590 1804.4
1247600 1800.8
1247610 1796.7
1247620 1796.7
1247630 1792.1
1247640 1785.7
1247650 1785.7
1247660 1779.7
1247670 1773.9
1247680 1773.9
1247690 1768.0
1247700 1762.9
1247710 1762.9
1247720 1757.0
1247730 1751.1
1247740 1751.1
1247750 1745.2
1247760 1738.9
1247770 1738.9
1247780 1733.0
1247790 1727.9
1247800 1727.9
1247810 1723.0
1247820 1718.5
1247830 1713.2
1247840 1713.2
1247850 1708.0
1247860 1704.5
1247870 1704.5
1247880 1701.8
1247890 1697.8
1247900 1697.8
1247910 1693.0
1247920 1688.4
1247930 1688.4
1247940 1683.3
1247950 1679.2
1247960 1679.2
1247970 1675.7
1247980 1671.8
1247990 1671.8
1248000 1666.5
1248010 1663.4
1248020 1663.4
1248030 1657.3
1248040 1652.2
1248050 1652.2
1248060 1647.8
1248070 1641.9
1248080 1638.0
1248090 1638.0
1248100 1631.9
1248110 1624.6
1248120 1624.6
1248130 1618.2
1248140 1611.5
1248150 1611.5
1248160 1606.1
1248170 1601.0
1248180 1601.0
1248190 1595.9
1248200 1590.9
1248210 1590.9
1248220 1585.8
1248230 1581.0
1248240 1581.0
1248250 1576.3
1248260 1570.9
1248270 1570.9
1248280 1564.5
1248290 1558.1
1248300 1558.1
1248310 1552.1
1248320 1547.2
1248330 1541.7
1248340 1541.7
1248350 1535.6
1248360 1529.5
1248370 1529.5
1248380 1524.2
1248390 1519.3
1248400 1519.3
1248410 1514.2
1248420 1508.8
1248430 1508.8
1248440 1504.5
1248450 1501.1
1248460 1501.1
1248470 1497.1
1248480 1492.9
1248490 1492.9
1248500 1489.0
1248510 1485.4
1248520 1485.4
1248530 1482.6
1248540 1478.1
1248550 1475.2
1248560 1475.2
1248570 1472.1
1248580 1469.2
1248590 1469.2
1248600 1466.4
1248610 1464.0
1248620 1464.0
1248630 1461.8
1248640 1459.1
1248650 1459.1
1248660 1455.1
1248670 1453.4
1248680 1453.4
1248690 1452.9
1248700 1452.5
1248710 1452.5
1248720 1452.5
1248730 1452.9
1248740 1452.9
1248750 1454.5
1248760 1455.3
1248770 1455.3
1248780 1452.8
1248790 1446.9
1248800 1441.0
1248810 1441.0
1248820 1437.2
1248830 1435.4
1248840 1435.4
1248850 1435.1
1248860 1434.9
1248870 1434.9
1248880 1434.4
1248890 1434.1
1248900 1434.1
1248910 1434.1
1248920 1436.3
1248930 1436.3
1248940 1441.5
1248950 1443.6
1248960 1443.6
1248970 1445.5
1248980 1448.1
1248990 1448.1
1249000 1450.4
1249010 1453.3
1249020 1453.3
1249030 1456.5
1249040 1459.3
1249050 1461.8
1249060 1461.8
1249070 1464.2
1249080 1467.9
1249090 1467.9
1249100 1470.5
1249110 1473.3
1249120 1473.3
1249130 1476.1
1249140 1479.2
1249150 1479.2
1249160 1482.4
1249170 1485.9
1249180 1485.9
1249190 1489.5
1249200 1495.3
1249210 1495.3
1249220 1501.9
1249230 1507.4
1249240 1507.4
1249250 1511.8
1249260 1516.4
1249270 1520.5
1249280 1520.5
1249290 1524.4
1249300 1527.8
1249310 1527.8
1249320 1529.1
1249330 1531.3
1249340 1531.3
1249350 1535.3
1249360 1538.3
1249370 1538.3
1249380 1540.8
1249390 1543.8
1249400 1543.8
1249410 1548.1
1249420 1552.8
1249430 1552.8
1249440 1556.2
1249450 1559.9
1249460 1559.9
1249470 1565.5
1249480 1571.0
1249490 1571.0
1249500 1576.5
1249510 1582.6
1249520 1589.0
1249530 1589.0
1249540 1595.5
1249550 1603.6
1249560 1603.6
1249570 1611.0
1249580 1615.2
1249590 1615.2
1249600 1619.1
1249610 1623.7
1249620 1624.0
1249630 1629.4
1249640 1634.6
1249650 1634.6
1249660 1639.8
1249670 1644.7
1249680 1644.7
1249690 1648.3
1249700 1650.9
1249710 1650.9
1249720 1653.0
1249730 1655.1
1249740 1655.1
1249750 1656.6
1249760 1658.7
1249770 1661.4
1249780 1661.4
1249790 1664.2
1249800 1668.0
1249810 1668.0
1249820 1672.2
1249830 1674.5
1249840 1674.5
1249850 1674.8
1249860 1675.7
1249870 1675.7
1249880 1676.4
1249890 1678.9
1249900 1678.9
1249910 1684.3
1249920 1690.6
1249930 1690.6
1249940 1697.3
1249950 1703.3
1249960 1703.3
1249970 1708.6
1249980 1712.8
1249990 1714.5
1250000 1714.5
1250010 1716.4
1250020 1719.3
1250030 1719.3
1250040 1723.2
1250050 1727.5
1250060 1727.5
1250070 1732.0
1250080 1736.4
1250090 1736.4
1250100 1744.0
1250110 1750.4
1250120 1750.4
1250130 1754.3
1250140 1757.9
1250150 1757.9
1250160 1767.0
1250170 1768.3
1250180 1768.3
1250190 1767.9
1250200 1768.6
1250210 1768.6
1250220 1770.2
1250230 1770.8
1250240 1772.1
1250250 1772.1
1250260 1775.4
1250270 1778.5
1250280 1778.5
1250290 1782.2
1250300 1787.1
1250310 1787.1
1250320 1790.9
1250330 1794.1
1250340 1794.1
1250350 1797.5
1250360 1801.3
1250370 1801.3
1250380 1806.2
1250390 1810.0
1250400 1810.0
1250410 1813.3
1250420 1817.0
1250430 1817.0
1250440 1822.0
1250450 1827.3
1250460 1827.3
1250470 1833.1
1250480 1837.5
1250490 1841.5
1250500 1841.5
1250510 1847.4
1250520 1851.7
1250530 1851.7
1250540 1854.8
1250550 1858.4
1250560 1858.4
1250570 1862.3
1250580 1865.8
1250590 1865.8
1250600 1869.3
1250610 1872.8
1250620 1872.8
1250630 1877.3
1250640 1883.7
1250650 1883.7
1250660 1888.2
1250670 1892.0
1250680 1892.0
1250690 1896.4
1250700 1900.8
1250710 1904.4
1250720 1909.6
1250730 1914.0
1250740 1917.8
1250750 1917.8
1250760 1921.1
1250770 1925.3
1250780 1925.3
1250790 1929.0
1250800 1931.5
1250810 1931.5
1250820 1935.2
1250830 1938.4
1250840 1938.4
1250850 1939.5
1250860 1939.7
1250870 1939.7
1250880 1940.3
1250890 1941.5
1250900 1941.5
1250910 1943.6
1250920 1945.6
1250930 1945.6
1250940 1947.9
1250950 1950.9
1250960 1955.0
1250970 1955.0
1250980 1960.8
1250990 1968.6
1251000 1968.6
1251010 1976.7
1251020 1984.2
1251030 1984.2
1251040 1990.6
1251050 1996.8
1251060 1996.8
1251070 2002.7
1251080 2008.4
1251090 2008.4
1251100 2014.9
1251110 2021.9
1251120 2021.9
1251130 2028.8
1251140 2034.2
1251150 2034.2
1251160 2038.0
1251170 2041.8
1251180 2041.8
1251190 2047.3
1251200 2054.2
1251210 2061.5
1251220 2061.5
1251230 2068.6
1251240 2074.0
1251250 2076.0
1251260 2082.1
1251270 2088.4
1251280 2088.4
1251290 2093.8
1251300 2100.6
1251310 2100.6
1251320 2107.7
1251330 2112.4
1251340 2112.4
1251350 2117.6
1251360 2127.8
1251370 2127.8
1251380 2136.1
1251390 2139.1
1251400 2139.1
1251410 2142.4
1251420 2147.1
1251430 2147.1
1251440 2153.5
1251450 2159.5
1251460 2163.7
1251470 2163.7
1251480 2167.6
1251490 2171.8
1251500 2171.8
1251510 2177.0
1251520 2183.8
1251530 2183.8
1251540 2190.9
1251550 2196.7
1251560 2196.7
1251570 2203.2
1251580 2210.5
1251590 2210.5
1251600 2217.4
1251610 2223.6
1251620 2223.6
1251630 2231.4
1251640 2240.3
1251650 2240.3
1251660 2250.2
1251670 2258.0
1251680 2261.6
1251690 2261.6
1251700 2261.9
1251710 2262.0
1251720 2262.0
1251730 2258.9
1251740 2253.9
1251750 2253.9
1251760 2248.7
1251770 2243.4
1251780 2243.4
1251790 2233.2
1251800 2227.5
1251810 2227.5
1251820 2222.3
1251830 2216.9
1251840 2216.9
1251850 2211.1
1251860 2205.0
1251870 2205.0
1251880 2198.3
1251890 2191.8
1251900 2191.8
1251910 2185.3
1251920 2179.9
1251930 2176.7
1251940 2176.7
1251950 2174.8
1251960 2172.9
1251970 2172.9
1251980 2171.1
1251990 2167.8
1252000 2167.8
1252010 2163.8
1252020 2159.4
1252030 2159.4
1252040 2153.1
1252050 2146.3
1252060 2146.3
1252070 2139.7
1252080 2132.5
1252090 2132.5
1252100 2125.5
1252110 2117.2
1252120 2117.2
1252130 2109.8
1252140 2102.0
1252150 2102.0
1252160 2093.8
1252170 2087.1
1252180 2081.2
1252190 2081.2
1252200 2075.3
1252210 2069.2
1252220 2069.2
1252230 2063.0
1252240 2057.3
1252250 2057.3
1252260 2051.9
1252270 2046.9
1252280 2046.9
1252290 2042.3
1252300 2037.8
1252310 2037.8
1252320 2032.8
1252330 2028.0
1252340 2025.0
1252350 2020.9
1252360 2016.8
1252370 2016.8
1252380 2012.1
1252390 2007.0
1252400 2002.4
1252410 2002.4
1252420 1998.3
1252430 1994.9
1252440 1994.9
1252450 1989.6
1252460 1983.8
1252470 1983.8
1252480 1977.7
1252490 1971.9
1252500 1971.9
1252510 1968.1
1252520 1964.5
1252530 1964.5
1252540 1959.9
1252550 1955.3
1252560 1955.3
1252570 1952.0
1252580 1948.7
1252590 1948.7
1252600 1944.8
1252610 1941.5
1252620 1941.5
1252630 1939.3
1252640 1937.1
1252650 1934.0
1252660 1934.0
1252670 1930.7
1252680 1926.5
1252690 1926.5
1252700 1923.1
1252710 1919.1
1252720 1919.1
1252730 1914.0
1252740 1909.5
1252750 1909.5
1252760 1905.5
1252770 1900.8
1252780 1900.8
1252790 1895.8
1252800 1892.3
1252810 1892.3
1252820 1888.6
1252830 1885.2
1252840 1885.2
1252850 1883.6
1252860 1880.9
1252870 1880.9
1252880 1877.7
1252890 1872.6
1252900 1867.5
1252910 1867.5
1252920 1861.2
1252930 1854.4
1252940 1854.4
1252950 1849.0
1252960 1844.6
1252970 1844.6
1252980 1839.5
1252990 1831.9
1253000 1831.9
1253010 1823.6
1253020 1816.7
1253030 1816.7
1253040 1811.3
1253050 1805.8
1253060 1805.8
1253070 1799.8
1253080 1793.3
1253090 1793.3
1253100 1786.9
1253110 1780.5
1253120 1780.5
1253130 1774.6
1253140 1769.9
1253150 1765.8
1253160 1765.8
1253170 1761.4
1253180 1756.5
1253190 1756.5
1253200 1752.0
1253210 1747.8
1253220 1747.8
1253230 1742.8
1253240 1737.4
1253250 1737.4
1253260 1732.1
1253270 1725.3
1253280 1725.3
1253290 1717.8
1253300 1711.7
1253310 1711.7
1253320 1706.8
1253330 1701.9
1253340 1701.9
1253350 1697.4
1253360 1692.9
1253370 1688.9
1253380 1688.9
1253390 1685.6
1253400 1683.0
1253410 1683.0
1253420 1681.3
1253430 1679.2
1253440 1677.4
1253450 1674.3
1253460 1670.4
1253470 1670.4
1253480 1666.6
1253490 1663.3
1253500 1663.3
1253510 1660.7
1253520 1658.6
1253530 1658.6
1253540 1656.6
1253550 1655.6
1253560 1655.6
1253570 1655.4
1253580 1655.1
1253590 1655.1
1253600 1654.2
1253610 1653.5
1253620 1653.5
1253630 1653.5
1253640 1652.5
1253650 1654.8
1253660 1654.8
1253670 1656.9
1253680 1656.9
1253690 1656.9
1253700 1656.7
1253710 1657.9
1253720 1657.9
1253730 1659.4
1253740 1660.9
1253750 1660.9
1253760 1663.3
1253770 1666.2
1253780 1666.2
1253790 1668.9
1253800 1671.3
1253810 1671.3
1253820 1673.6
1253830 1676.0
1253840 1676.0
1253850 1678.3
1253860 1681.8
1253870 1685.2
1253880 1685.2
1253890 1688.1
1253900 1690.1
1253910 1690.1
1253920 1690.9
1253930 1690.7
1253940 1690.7
1253950 1689.5
1253960 1688.4
1253970 1688.4
1253980 1688.5
1253990 1691.7
1254000 1691.7
1254010 1692.6
1254020 1692.9
1254030 1692.9
1254040 1692.0
1254050 1691.6
1254060 1691.6
1254070 1691.2
1254080 1690.9
1254090 1690.3
1254100 1690.3
1254110 1690.1
1254120 1689.2
1254130 1689.2
1254140 1688.9
1254150 1689.0
1254160 1689.0
1254170 1689.0
1254180 1686.9
1254190 1686.9
1254200 1684.9
1254210 1684.1
1254220 1684.1
1254230 1684.0
1254240 1684.6
1254250 1684.6
1254260 1685.8
1254270 1687.0
1254280 1687.0
1254290 1688.2
1254300 1689.1
1254310 1689.1
1254320 1690.4
1254330 1692.4
1254340 1695.1
1254350 1695.1
1254360 1699.8
1254370 1705.5
1254380 1705.5
1254390 1710.6
1254400 1714.5
1254410 1714.5
1254420 1717.9
1254430 1721.0
1254440 1721.0
1254450 1723.6
1254460 1726.1
1254470 1726.1
1254480 1728.8
1254490 1731.6
1254500 1731.6
1254510 1734.5
1254520 1737.4
1254530 1737.4
1254540 1739.5
1254550 1742.0
1254560 1742.0
1254570 1744.2
1254580 1746.3
1254590 1747.7
1254600 1747.7
1254610 1748.7
1254620 1749.6
1254630 1749.6
1254640 1750.8
1254650 1752.5
1254660 1752.5
1254670 1754.7
1254680 1757.2
1254690 1757.2
1254700 1759.5
1254710 1761.3
1254720 1761.3
1254730 1762.9
1254740 1764.8
1254750 1764.8
1254760 1767.3
1254770 1770.9
1254780 1770.9
1254790 1774.5
1254800 1778.0
1254810 1781.9
1254820 1781.9
1254830 1786.2
1254840 1790.6
1254850 1790.6
1254860 1794.8
1254870 1798.1
1254880 1798.1
1254890 1802.0
1254900 1806.1
1254910 1806.1
1254920 1810.0
1254930 1813.9
1254940 1813.9
1254950 1817.4
1254960 1820.5
1254970 1820.5
1254980 1823.1
1254990 1826.0
1255000 1826.0
1255010 1830.2
1255020 1834.2
1255030 1834.2
1255040 1838.4
1255050 1842.9
1255060 1847.2
1255070 1847.2
1255080 1851.2
1255090 1854.6
1255100 1854.6
1255110 1861.0
1255120 1867.0
1255130 1867.0
1255140 1872.5
1255150 1877.1
1255160 1877.1
1255170 1882.2
1255180 1888.3
1255190 1888.3
1255200 1894.2
1255210 1898.0
1255220 1898.0
1255230 1901.7
1255240 1905.4
1255250 1905.4
1255260 1908.7
1255270 1912.1
1255280 1912.1
1255290 1915.0
1255300 1917.9
1255310 1920.6
1255320 1920.6
1255330 1923.5
1255340 1926.8
1255350 1926.8
1255360 1931.3
1255370 1936.2
1255380 1936.2
1255390 1941.0
1255400 1944.9
1255410 1944.9
1255420 1948.8
1255430 1952.4
1255440 1952.4
1255450 1955.6
1255460 1958.4
1255470 1958.4
1255480 1961.3
1255490 1966.1
1255500 1966.1
1255510 1973.5
1255520 1980.2
1255530 1984.8
1255540 1984.8
1255550 1988.9
1255560 1994.8
1255570 1994.8
1255580 2000.9
1255590 2005.8
1255600 2005.8
1255610 2010.8
1255620 2018.3
1255630 2018.3
1255640 2022.4
1255650 2023.1
1255660 2023.1
1255670 2030.3
1255680 2040.7
1255690 2040.7
1255700 2050.5
1255710 2057.9
1255720 2057.9
1255730 2065.0
1255740 2071.2
1255750 2071.2
1255760 2078.5
1255770 2085.3
1255780 2090.6
1255790 2090.6
1255800 2099.6
1255810 2107.1
1255820 2107.1
1255830 2113.6
1255840 2121.3
1255850 2121.3
1255860 2128.9
1255870 2135.8
1255880 2135.8
1255890 2142.7
1255900 2149.6
1255910 2149.6
1255920 2156.8
1255930 2163.5
1255940 2163.5
1255950 2170.5
1255960 2177.2
1255970 2177.2
1255980 2184.5
1255990 2193.4
1256000 2193.4
1256010 2202.4
1256020 2212.3
1256030 2220.2
1256040 2220.2
1256050 2228.0
1256060 2236.7
1256070 2236.7
1256080 2245.3
1256090 2255.5
1256100 2255.5
1256110 2265.3
1256120 2272.6
1256130 2272.6
1256140 2279.0
1256150 2286.5
1256160 2286.5
1256170 2295.3
1256180 2303.5
1256190 2303.5
1256200 2309.6
1256210 2316.6
1256220 2316.6
1256230 2322.4
1256240 2329.0
1256250 2329.0
1256260 2337.9
1256270 2346.6
1256280 2352.9
1256290 2352.9
1256300 2358.3
1256310 2363.2
1256320 2363.2
1256330 2366.6
1256340 2368.5
1256350 2368.5
1256360 2369.9
1256370 2371.0
1256380 2371.0
1256390 2371.6
1256400 2371.9
1256410 2371.9
1256420 2371.6
1256430 2371.1
1256440 2371.1
1256450 2370.3
1256460 2369.8
1256470 2369.8
1256480 2368.9
1256490 2368.7
1256500 2368.8
1256510 2368.8
1256520 2368.1
1256530 2365.0
1256540 2365.0
1256550 2358.8
1256560 2351.8
1256570 2351.8
1256580 2344.9
1256590 2338.0
1256600 2338.0
1256610 2331.4
1256620 2327.7
1256630 2327.7
1256640 2325.4
1256650 2322.5
1256660 2322.5
1256670 2320.2
1256680 2319.9
1256690 2319.9
1256700 2318.3
1256710 2312.4
1256720 2312.4
1256730 2303.2
1256740 2294.5
1256750 2284.8
1256760 2282.0
1256770 2271.9
1256780 2261.8
1256790 2261.8
1256800 2252.4
1256810 2244.4
1256820 2244.4
1256830 2237.3
1256840 2230.4
1256850 2230.4
1256860 2223.5
1256870 2217.0
1256880 2217.0
1256890 2210.9
1256900 2205.3
1256910 2205.3
1256920 2200.8
1256930 2197.6
1256940 2197.6
1256950 2194.9
1256960 2195.9
1256970 2195.9
1256980 2197.1
1256990 2198.4
1257000 2200.3
1257010 2200.3
1257020 2202.9
1257030 2204.4
1257040 2204.4
1257050 2205.7
1257060 2206.9
1257070 2206.9
1257080 2207.2
1257090 2207.4
1257100 2207.4
1257110 2206.3
1257120 2204.1
1257130 2204.1
1257140 2203.5
1257150 2201.9
1257160 2201.9
1257170 2199.4
1257180 2196.1
1257190 2196.1
1257200 2191.4
1257210 2186.5
1257220 2183.6
1257230 2183.6
1257240 2185.4
1257250 2187.5
1257260 2187.5
1257270 2190.3
1257280 2194.2
1257290 2194.2
1257300 2197.8
1257310 2200.8
1257320 2206.3
1257330 2209.8
1257340 2213.5
1257350 2213.5
1257360 2218.0
1257370 2222.3
1257380 2222.3
1257390 2226.4
1257400 2230.6
1257410 2230.6
1257420 2233.3
1257430 2235.6
1257440 2235.6
1257450 2237.4
1257460 2238.9
1257470 2240.3
1257480 2240.3
1257490 2244.4
1257500 2250.6
1257510 2250.6
1257520 2259.9
1257530 2269.4
1257540 2269.4
1257550 2273.7
1257560 2279.2
1257570 2279.2
1257580 2286.5
1257590 2287.6
1257600 2287.6
1257610 2284.8
1257620 2274.5
1257630 2274.5
1257640 2261.1
1257650 2249.6
1257660 2249.6
1257670 2241.9
1257680 2236.0
1257690 2236.0
1257700 2231.8
1257710 2228.5
1257720 2224.5
1257730 2224.5
1257740 2219.9
1257750 2215.0
1257760 2215.0
1257770 2209.9
1257780 2204.6
1257790 2204.6
1257800 2199.2
1257810 2193.8
1257820 2193.8
1257830 2188.3
1257840 2182.7
1257850 2182.7
1257860 2177.2
1257870 2174.7
1257880 2174.7
1257890 2169.3
1257900 2164.1
1257910 2164.1
1257920 2159.4
1257930 2155.2
1257940 2152.1
1257950 2152.1
1257960 2150.7
1257970 2149.9
1257980 2149.9
1257990 2148.6
1258000 2149.1
1258010 2149.1
1258020 2153.3
1258030 2157.5
1258040 2157.5
1258050 2158.5
1258060 2156.2
1258070 2156.2
1258080 2156.2
1258090 2156.7
1258100 2156.7
1258110 2157.3
1258120 2157.0
1258130 2157.0
1258140 2155.6
1258150 2154.0
1258160 2154.0
1258170 2152.6
1258180 2151.8
1258190 2151.3
1258200 2151.3
1258210 2151.1
1258220 2149.5
1258230 2149.5
1258240 2147.0
1258250 2144.7
1258260 2144.7
1258270 2143.3
1258280 2142.0
1258290 2142.0
1258300 2140.8
1258310 2140.7
1258320 2140.7
1258330 2140.2
1258340 2139.9
1258350 2139.9
1258360 2141.3
1258370 2145.6
1258380 2145.6
1258390 2149.3
1258400 2151.7
1258410 2151.7
1258420 2154.7
1258430 2158.2
1258440 2166.2
1258450 2166.2
1258460 2169.2
1258470 2171.7
1258480 2171.7
1258490 2173.5
1258500 2174.8
1258510 2174.8
1258520 2176.3
1258530 2178.1
1258540 2178.1
1258550 2179.5
1258560 2179.5
1258570 2179.5
1258580 2180.2
1258590 2181.6
1258600 2181.6
1258610 2182.4
1258620 2183.2
1258630 2183.2
1258640 2184.1
1258650 2185.2
1258660 2185.9
1258670 2185.9
1258680 2188.9
1258690 2192.9
1258700 2192.9
1258710 2197.3
1258720 2202.1
1258730 2202.1
1258740 2206.9
1258750 2211.0
1258760 2211.0
1258770 2214.7
1258780 2218.3
1258790 2218.3
1258800 2222.1
1258810 2226.1
1258820 2226.1
1258830 2230.1
1258840 2233.3
1258850 2233.3
1258860 2237.0
1258870 2242.3
1258880 2242.3
1258890 2247.8
1258900 2255.6
1258910 2263.1
1258920 2263.1
1258930 2268.6
1258940 2265.4
1258950 2265.4
1258960 2268.6
1258970 2281.3
1258980 2281.3
1258990 2278.4
1259000 2286.9
1259010 2286.9
1259020 2290.6
1259030 2295.5
1259040 2295.5
1259050 2299.8
1259060 2305.9
1259070 2305.9
1259080 2313.7
1259090 2327.9
1259100 2327.9
1259110 2342.0
1259120 2335.8
1259130 2335.8
1259140 2342.7
1259150 2346.5
1259160 2351.8
1259170 2351.8
1259180 2360.3
1259190 2369.6
1259200 2369.6
1259210 2376.6
1259220 2393.3
1259230 2393.3
1259240 2412.9
1259250 2426.3
1259260 2426.3
1259270 2435.9
1259280 2447.1
1259290 2447.1
1259300 2457.4
1259310 2474.6
1259320 2474.6
1259330 2485.9
1259340 2494.1
1259350 2494.1
1259360 2502.7
1259370 2499.0
1259380 2486.5
1259390 2486.5
1259400 2477.3
1259410 2468.5
1259420 2468.5
1259430 2460.4
1259440 2451.7
1259450 2451.7
1259460 2443.2
1259470 2434.4
1259480 2434.4
1259490 2423.6
1259500 2412.0
1259510 2412.0
1259520 2409.5
1259530 2402.6
1259540 2402.6
1259550 2395.3
1259560 2390.5
1259570 2390.5
1259580 2380.1
1259590 2367.8
1259600 2367.8
1259610 2362.0
1259620 2356.9
1259630 2345.3
1259640 2345.3
1259650 2338.6
1259660 2329.8
1259670 2329.8
1259680 2322.6
1259690 2314.7
1259700 2314.7
1259710 2307.4
1259720 2299.1
1259730 2299.1
1259740 2287.1
1259750 2276.5
1259760 2276.5
1259770 2267.7
1259780 2258.0
1259790 2258.0
1259800 2251.0
1259810 2242.6
1259820 2242.6
1259830 2237.5
1259840 2230.4
1259850 2230.4
1259860 2222.2
1259870 2209.5
1259880 2194.3
1259890 2194.3
1259900 2179.1
1259910 2166.3
1259920 2166.3
1259930 2158.2
1259940 2138.4
1259950 2138.4
1259960 2120.7
1259970 2111.2
1259980 2111.2
1259990 2101.5
