1240000 1508.2
1240010 1504.4
1240020 1499.1
1240030 1499.1
1240040 1492.0
1240050 1484.1
1240060 1484.1
1240070 1476.4
1240080 1472.8
1240090 1472.8
1240100 1469.9
1240110 1471.4
1240120 1471.4
1240130 1468.5
1240140 1464.8
1240150 1464.8
1240160 1461.3
1240170 1458.4
1240180 1458.4
1240190 1456.2
1240200 1454.5
1240210 1454.5
1240220 1451.1
1240230 1446.5
1240240 1441.6
1240250 1441.6
1240260 1436.2
1240270 1430.6
1240280 1430.6
1240290 1425.1
1240300 1419.8
1240310 1419.8
1240320 1415.1
1240330 1411.4
1240340 1411.4
1240350 1410.5
1240360 1408.9
1240370 1408.9
1240380 1405.6
1240390 1401.0
1240400 1401.0
1240410 1394.9
1240420 1387.6
1240430 1387.6
1240440 1382.7
1240450 1379.4
1240460 1376.5
1240470 1376.5
1240480 1374.8
1240490 1374.1
1240500 1374.1
1240510 1374.1
1240520 1375.1
1240530 1375.1
1240540 1376.3
1240550 1379.1
1240560 1379.1
1240570 1382.0
1240580 1383.7
1240590 1383.7
1240600 1385.3
1240610 1389.3
1240620 1389.3
1240630 1394.2
1240640 1394.7
1240650 1394.7
1240660 1395.9
1240670 1396.9
1240680 1396.9
1240690 1397.1
1240700 1397.6
1240710 1397.9
1240720 1397.9
1240730 1400.1
1240740 1404.6
1240750 1404.6
1240760 1409.7
1240770 1413.2
1240780 1413.2
1240790 1415.2
1240800 1417.0
1240810 1417.0
1240820 1419.2
1240830 1420.9
1240840 1420.9
1240850 1421.9
1240860 1423.3
1240870 1423.3
1240880 1424.8
1240890 1426.4
1240900 1426.4
1240910 1427.3
1240920 1428.9
1240930 1428.9
1240940 1430.2
1240950 1430.5
1240960 1431.3
1240970 1431.3
1240980 1431.8
1240990 1433.1
1241000 1433.1
1241010 1434.8
1241020 1436.0
1241030 1436.0
1241040 1437.8
1241050 1439.7
1241060 1439.7
1241070 1441.4
1241080 1443.8
1241090 1443.8
1241100 1444.4
1241110 1447.2
1241120 1447.2
1241130 1449.6
1241140 1451.8
1241150 1454.2
1241160 1456.4
1241170 1457.8
1241180 1460.0
1241190 1460.0
1241200 1462.6
1241210 1465.7
1241220 1465.7
1241230 1468.8
1241240 1471.6
1241250 1471.6
1241260 1476.0
1241270 1481.5
1241280 1481.5
1241290 1486.7
1241300 1492.6
1241310 1492.6
1241320 1498.4
1241330 1504.2
1241340 1504.2
1241350 1510.0
1241360 1516.2
1241370 1516.2
1241380 1522.2
1241390 1527.6
1241400 1527.6
1241410 1533.2
1241420 1540.0
1241430 1547.4
1241440 1547.4
1241450 1554.6
1241460 1563.6
1241470 1563.6
1241480 1575.2
1241490 1583.6
1241500 1583.6
1241510 1590.3
1241520 1596.5
1241530 1596.5
1241540 1602.0
1241550 1607.0
1241560 1607.0
1241570 1611.6
1241580 1615.9
1241590 1615.9
1241600 1619.4
1241610 1622.0
1241620 1622.0
1241630 1623.6
1241640 1626.0
1241650 1626.0
1241660 1631.9
1241670 1643.1
1241680 1651.0
1241690 1651.0
1241700 1659.4
1241710 1666.6
1241720 1666.6
1241730 1673.0
1241740 1679.2
1241750 1679.2
1241760 1685.4
1241770 1691.7
1241780 1691.7
1241790 1696.9
1241800 1697.3
1241810 1697.3
1241820 1697.6
1241830 1697.7
1241840 1697.7
1241850 1696.1
1241860 1695.4
1241870 1695.4
1241880 1694.4
1241890 1688.7
1241900 1688.7
1241910 1685.2
1241920 1688.2
1241930 1695.2
1241940 1695.2
1241950 1702.9
1241960 1711.8
1241970 1711.8
1241980 1721.0
1241990 1729.5
1242000 1729.5
1242010 1737.8
1242020 1746.8
1242030 1746.8
1242040 1756.0
1242050 1764.4
1242060 1764.4
1242070 1772.5
1242080 1779.5
1242090 1779.5
1242100 1786.1
1242110 1793.4
1242120 1793.4
1242130 1800.4
1242140 1808.3
1242150 1815.6
1242160 1815.6
1242170 1822.3
1242180 1829.1
1242190 1829.1
1242200 1835.2
1242210 1842.8
1242220 1842.8
1242230 1850.7
1242240 1858.7
1242250 1858.7
1242260 1867.2
1242270 1875.8
1242280 1875.8
1242290 1884.1
1242300 1892.6
1242310 1892.6
1242320 1900.4
1242330 1907.2
1242340 1907.2
1242350 1914.7
1242360 1922.7
1242370 1922.7
1242380 1930.1
1242390 1935.9
1242400 1942.3
1242410 1942.3
1242420 1947.8
1242430 1951.7
1242440 1951.7
1242450 1955.5
1242460 1959.4
1242470 1959.4
1242480 1961.7
1242490 1962.6
1242500 1962.6
1242510 1964.5
1242520 1966.2
1242530 1966.2
1242540 1968.0
1242550 1969.1
1242560 1969.1
1242570 1970.0
1242580 1970.6
1242590 1970.6
1242600 1971.6
1242610 1973.5
1242620 1973.5
1242630 1974.7
1242640 1977.3
1242650 1979.5
1242660 1979.5
1242670 1979.5
1242680 1979.0
1242690 1979.0
1242700 1979.3
1242710 1980.9
1242720 1986.5
1242730 1987.9
1242740 1989.3
1242750 1989.3
1242760 1991.2
1242770 1994.1
1242780 1994.1
1242790 1996.9
1242800 1999.1
1242810 1999.1
1242820 2000.9
1242830 2002.2
1242840 2002.2
1242850 2003.7
1242860 2003.6
1242870 2001.3
1242880 2001.3
1242890 2001.4
1242900 2003.8
1242910 2003.8
1242920 2001.9
1242930 1997.9
1242940 1997.9
1242950 1998.9
1242960 2003.1
1242970 2003.1
1242980 2008.5
1242990 2013.9
1243000 2013.9
1243010 2016.3
1243020 2017.2
1243030 2017.2
1243040 2019.6
1243050 2022.7
1243060 2022.7
1243070 2024.4
1243080 2021.6
1243090 2021.6
1243100 2018.1
1243110 2017.3
1243120 2017.8
1243130 2017.8
1243140 2024.2
1243150 2033.3
1243160 2033.3
1243170 2040.2
1243180 2046.7
1243190 2046.7
1243200 2057.0
1243210 2065.3
1243220 2065.3
1243230 2071.2
1243240 2076.3
1243250 2075.4
1243260 2083.1
1243270 2090.1
1243280 2090.1
1243290 2096.2
1243300 2101.9
1243310 2101.9
1243320 2108.0
1243330 2113.9
1243340 2113.9
1243350 2119.7
1243360 2125.3
1243370 2133.3
1243380 2133.3
1243390 2143.1
1243400 2151.7
1243410 2151.7
1243420 2157.7
1243430 2162.9
1243440 2162.9
1243450 2168.7
1243460 2174.6
1243470 2174.6
1243480 2179.7
1243490 2185.0
1243500 2185.0
1243510 2190.5
1243520 2196.7
1243530 2196.7
1243540 2202.9
1243550 2209.2
1243560 2209.2
1243570 2215.7
1243580 2222.0
1243590 2227.9
1243600 2227.9
1243610 2234.4
1243620 2240.6
1243630 2240.6
1243640 2247.0
1243650 2253.5
1243660 2253.5
1243670 2259.8
1243680 2265.7
1243690 2265.7
1243700 2271.4
1243710 2277.0
1243720 2277.0
1243730 2280.9
1243740 2283.7
1243750 2283.7
1243760 2287.4
1243770 2294.3
1243780 2294.3
1243790 2297.0
1243800 2302.1
1243810 2302.1
1243820 2307.4
1243830 2313.1
1243840 2319.8
1243850 2319.8
1243860 2325.7
1243870 2329.6
1243880 2329.6
1243890 2332.1
1243900 2333.9
1243910 2333.9
1243920 2335.0
1243930 2336.9
1243940 2336.9
1243950 2339.7
1243960 2343.0
1243970 2343.0
1243980 2346.8
1243990 2351.3
1244000 2351.3
1244010 2355.7
1244020 2360.3
1244030 2360.3
1244040 2365.4
1244050 2370.0
1244060 2370.0
1244070 2374.4
1244080 2378.7
1244090 2383.5
1244100 2383.5
1244110 2389.6
1244120 2395.3
1244130 2395.3
1244140 2399.9
1244150 2404.3
1244160 2404.3
1244170 2409.1
1244180 2413.4
1244190 2413.4
1244200 2417.5
1244210 2422.4
1244220 2422.4
1244230 2427.4
1244240 2432.8
1244250 2432.8
1244260 2438.7
1244270 2444.0
1244280 2444.0
1244290 2448.3
1244300 2454.5
1244310 2459.8
1244320 2459.8
1244330 2465.3
1244340 2470.5
1244350 2470.5
1244360 2475.5
1244370 2478.6
1244380 2478.6
1244390 2483.4
1244400 2488.9
1244410 2488.9
1244420 2495.3
1244430 2501.3
1244440 2501.3
1244450 2506.6
1244460 2511.0
1244470 2511.0
1244480 2515.6
1244490 2520.5
1244500 2520.5
1244510 2525.4
1244520 2531.0
1244530 2531.0
1244540 2536.8
1244550 2541.7
1244560 2546.1
1244570 2546.1
1244580 2550.7
1244590 2555.4
1244600 2555.4
1244610 2555.3
1244620 2550.7
1244630 2550.7
1244640 2542.6
1244650 2535.0
1244660 2535.0
1244670 2527.1
1244680 2521.7
1244690 2521.7
1244700 2515.8
1244710 2509.7
1244720 2509.7
1244730 2503.9
1244740 2498.6
1244750 2498.6
1244760 2492.9
1244770 2488.5
1244780 2488.5
1244790 2484.2
1244800 2481.2
1244810 2478.5
1244820 2478.5
1244830 2468.3
1244840 2461.8
1244850 2461.8
1244860 2455.8
1244870 2450.6
1244880 2450.6
1244890 2446.0
1244900 2441.3
1244910 2441.3
1244920 2437.6
1244930 2434.6
1244940 2434.6
1244950 2432.8
1244960 2432.2
1244970 2432.2
1244980 2430.8
1244990 2427.8
1245000 2427.8
1245010 2425.2
1245020 2423.4
1245030 2421.2
1245040 2421.2
1245050 2416.6
1245060 2410.8
1245070 2410.8
1245080 2404.5
1245090 2398.0
1245100 2398.0
1245110 2392.8
1245120 2389.5
1245130 2389.5
1245140 2387.6
1245150 2385.3
1245160 2385.3
1245170 2382.6
1245180 2379.5
1245190 2379.5
1245200 2375.6
1245210 2371.1
1245220 2371.1
1245230 2365.3
1245240 2360.5
1245250 2360.5
1245260 2357.1
1245270 2354.0
1245280 2350.0
1245290 2350.0
1245300 2346.3
1245310 2341.8
1245320 2341.8
1245330 2337.3
1245340 2333.1
1245350 2333.1
1245360 2324.7
1245370 2319.5
1245380 2319.5
1245390 2314.2
1245400 2309.0
1245410 2309.0
1245420 2304.1
1245430 2300.7
1245440 2300.7
1245450 2297.0
1245460 2294.3
1245470 2294.3
1245480 2288.7
1245490 2283.7
1245500 2283.7
1245510 2279.7
1245520 2273.3
1245530 2268.5
1245540 2268.5
1245550 2265.8
1245560 2263.4
1245570 2263.4
1245580 2259.3
1245590 2254.3
1245600 2254.3
1245610 2248.6
1245620 2244.0
1245630 2244.0
1245640 2240.0
1245650 2235.1
1245660 2235.1
1245670 2229.6
1245680 2224.9
1245690 2224.9
1245700 2220.7
1245710 2216.3
1245720 2216.3
1245730 2211.6
1245740 2207.4
1245750 2207.4
1245760 2205.1
1245770 2202.0
1245780 2198.6
1245790 2198.6
1245800 2195.5
1245810 2192.6
1245820 2192.6
1245830 2190.2
1245840 2187.7
1245850 2187.7
1245860 2185.5
1245870 2183.4
1245880 2183.4
1245890 2179.1
1245900 2175.8
1245910 2175.8
1245920 2171.1
1245930 2165.2
1245940 2165.2
1245950 2159.6
1245960 2155.2
1245970 2155.2
1245980 2150.9
1245990 2146.7
1246000 2142.4
1246010 2142.4
1246020 2137.5
1246030 2133.3
1246040 2133.3
1246050 2130.3
1246060 2127.6
1246070 2127.6
1246080 2124.4
1246090 2120.5
1246100 2120.5
1246110 2117.2
1246120 2113.9
1246130 2113.9
1246140 2110.5
1246150 2107.3
1246160 2107.3
1246170 2104.3
1246180 2102.3
1246190 2102.3
1246200 2100.3
1246210 2098.1
1246220 2098.1
1246230 2095.9
1246240 2092.3
1246250 2088.7
1246260 2088.7
1246270 2085.6
1246280 2082.2
1246290 2082.2
1246300 2078.4
1246310 2074.0
1246320 2074.0
1246330 2068.8
1246340 2064.2
1246350 2064.2
1246360 2060.4
1246370 2056.1
1246380 2056.1
1246390 2051.9
1246400 2048.1
1246410 2048.1
1246420 2045.1
1246430 2041.2
1246440 2041.2
1246450 2037.7
1246460 2035.3
1246470 2035.3
1246480 2033.8
1246490 2032.0
1246500 2029.9
1246510 2029.9
1246520 2027.1
1246530 2025.0
1246540 2025.0
1246550 2023.4
1246560 2021.4
1246570 2021.4
1246580 2019.2
1246590 2017.2
1246600 2017.2
1246610 2014.2
1246620 2010.3
1246630 2010.3
1246640 2007.4
1246650 2003.6
1246660 2003.6
1246670 1998.8
1246680 1994.6
1246690 1994.6
1246700 1990.1
1246710 1986.9
1246720 1983.8
1246730 1983.8
1246740 1980.3
1246750 1976.4
1246760 1976.4
1246770 1972.1
1246780 1967.9
1246790 1967.9
1246800 1963.3
1246810 1958.3
1246820 1958.3
1246830 1955.6
1246840 1953.9
1246850 1953.9
1246860 1949.4
1246870 1943.5
1246880 1943.5
1246890 1938.0
1246900 1931.9
1246910 1931.9
1246920 1925.8
1246930 1920.9
1246940 1920.9
1246950 1916.7
1246960 1908.7
1246970 1903.7
1246980 1903.7
1246990 1902.2
1247000 1900.2
1247010 1900.2
1247020 1896.9
1247030 1894.2
1247040 1894.2
1247050 1892.7
1247060 1891.4
1247070 1891.4
1247080 1889.0
1247090 1887.0
1247100 1887.0
1247110 1885.2
1247120 1880.7
1247130 1880.7
1247140 1874.8
1247150 1869.4
1247160 1869.4
1247170 1866.1
1247180 1863.3
1247190 1863.3
1247200 1860.4
1247210 1858.2
1247220 1856.3
1247230 1856.3
1247240 1852.9
1247250 1849.6
1247260 1849.6
1247270 1846.7
1247280 1843.9
1247290 1843.9
1247300 1841.1
1247310 1839.6
1247320 1839.6
1247330 1838.4
1247340 1836.0
1247350 1836.0
1247360 1832.3
1247370 1828.9
1247380 1828.9
1247390 1826.2
1247400 1823.3
1247410 1823.3
1247420 1820.7
1247430 1817.8
1247440 1814.6
1247450 1814.6
1247460 1811.1
1247470 1806.7
1247480 1806.7
1247490 1801.0
1247500 1798.3
1247510 1798.3
1247520 1795.4
1247530 1792.1
1247540 1792.1
1247550 1788.7
1247560 1785.9
1247570 1785.9
1247580 1781.3
1247590 1777.5
1247600 1777.5
1247610 1775.0
1247620 1772.1
1247630 1772.1
1247640 1769.6
1247650 1767.6
1247660 1767.6
1247670 1764.9
1247680 1760.9
1247690 1756.5
1247700 1756.5
1247710 1752.8
1247720 1749.1
1247730 1749.1
1247740 1745.6
1247750 1741.9
1247760 1741.9
1247770 1738.3
1247780 1735.1
1247790 1735.1
1247800 1731.5
1247810 1727.1
1247820 1727.1
1247830 1721.7
1247840 1716.3
1247850 1716.3
1247860 1710.8
1247870 1705.0
1247880 1705.0
1247890 1699.2
1247900 1693.2
1247910 1693.2
1247920 1687.0
1247930 1680.8
1247940 1674.6
1247950 1674.6
1247960 1668.6
1247970 1662.6
1247980 1662.6
1247990 1656.4
1248000 1650.6
1248010 1650.6
1248020 1644.5
1248030 1637.4
1248040 1637.4
1248050 1630.8
1248060 1624.9
1248070 1624.9
1248080 1619.2
1248090 1613.8
1248100 1613.8
1248110 1608.1
1248120 1603.0
1248130 1603.0
1248140 1598.2
1248150 1593.3
1248160 1588.1
1248170 1588.1
1248180 1582.6
1248190 1577.5
1248200 1577.5
1248210 1571.6
1248220 1564.6
1248230 1564.6
1248240 1557.8
1248250 1552.1
1248260 1552.1
1248270 1546.5
1248280 1541.5
1248290 1541.5
1248300 1536.8
1248310 1532.1
1248320 1532.1
1248330 1527.5
1248340 1522.8
1248350 1522.8
1248360 1518.0
1248370 1512.9
1248380 1512.9
1248390 1507.4
1248400 1501.2
1248410 1495.5
1248420 1495.5
1248430 1490.0
1248440 1484.9
1248450 1484.9
1248460 1479.7
1248470 1474.2
1248480 1474.2
1248490 1470.7
1248500 1469.4
1248510 1469.4
1248520 1469.1
1248530 1468.8
1248540 1468.8
1248550 1469.6
1248560 1473.7
1248570 1476.2
1248580 1477.1
1248590 1472.4
1248600 1472.4
1248610 1464.9
1248620 1457.8
1248630 1457.8
1248640 1452.3
1248650 1450.3
1248660 1449.4
1248670 1449.4
1248680 1448.5
1248690 1448.2
1248700 1448.2
1248710 1448.7
1248720 1450.5
1248730 1450.5
1248740 1454.3
1248750 1455.9
1248760 1455.9
1248770 1457.2
1248780 1458.3
1248790 1458.3
1248800 1459.2
1248810 1460.4
1248820 1460.4
1248830 1460.5
1248840 1461.6
1248850 1461.6
1248860 1462.8
1248870 1463.7
1248880 1465.2
1248890 1465.2
1248900 1466.9
1248910 1468.3
1248920 1468.3
1248930 1470.0
1248940 1471.3
1248950 1471.3
1248960 1471.7
1248970 1473.6
1248980 1473.6
1248990 1476.8
1249000 1480.4
1249010 1480.4
1249020 1484.7
1249030 1489.3
1249040 1489.3
1249050 1493.8
1249060 1498.0
1249070 1498.0
1249080 1501.2
1249090 1504.3
1249100 1507.2
1249110 1509.9
1249120 1512.2
1249130 1515.3
1249140 1515.3
1249150 1518.5
1249160 1522.3
1249170 1522.3
1249180 1525.9
1249190 1529.7
1249200 1529.7
1249210 1533.6
1249220 1536.8
1249230 1536.8
1249240 1539.9
1249250 1542.5
1249260 1542.5
1249270 1544.6
1249280 1546.6
1249290 1546.6
1249300 1549.9
1249310 1552.7
1249320 1552.7
1249330 1554.7
1249340 1556.9
1249350 1556.9
1249360 1559.3
1249370 1561.7
1249380 1564.6
1249390 1564.6
1249400 1568.0
1249410 1571.5
1249420 1571.5
1249430 1574.9
1249440 1578.9
1249450 1578.9
1249460 1585.0
1249470 1592.0
1249480 1592.0
1249490 1598.5
1249500 1605.6
1249510 1605.6
1249520 1612.2
1249530 1618.5
1249540 1618.5
1249550 1625.1
1249560 1631.4
1249570 1631.4
1249580 1637.7
1249590 1643.5
1249600 1643.5
1249610 1648.3
1249620 1652.8
1249630 1657.4
1249640 1661.0
1249650 1665.4
1249660 1668.0
1249670 1668.0
1249680 1669.9
1249690 1671.7
1249700 1671.7
1249710 1673.9
1249720 1676.5
1249730 1676.5
1249740 1678.9
1249750 1682.5
1249760 1682.5
1249770 1687.5
1249780 1693.3
1249790 1693.3
1249800 1699.0
1249810 1704.2
1249820 1704.2
1249830 1708.7
1249840 1713.1
1249850 1717.8
1249860 1717.8
1249870 1722.9
1249880 1728.3
1249890 1728.3
1249900 1732.7
1249910 1738.9
1249920 1738.9
1249930 1743.6
1249940 1748.5
1249950 1748.5
1249960 1753.5
1249970 1758.6
1249980 1758.6
1249990 1762.9
1250000 1767.1
1250010 1767.1
1250020 1771.3
1250030 1774.9
1250040 1774.9
1250050 1779.0
1250060 1782.8
1250070 1782.8
1250080 1785.5
1250090 1787.0
1250100 1788.5
1250110 1788.5
1250120 1790.2
1250130 1791.6
1250140 1791.6
1250150 1794.7
1250160 1797.6
1250170 1797.6
1250180 1803.4
1250190 1807.3
1250200 1807.3
1250210 1810.7
1250220 1813.3
1250230 1813.3
1250240 1815.4
1250250 1817.5
1250260 1817.5
1250270 1820.6
1250280 1825.1
1250290 1825.1
1250300 1829.2
1250310 1831.4
1250320 1831.4
1250330 1834.5
1250340 1839.4
1250350 1844.6
1250360 1844.6
1250370 1848.8
1250380 1853.2
1250390 1853.2
1250400 1859.5
1250410 1866.5
1250420 1866.5
1250430 1873.1
1250440 1877.7
1250450 1877.7
1250460 1881.8
1250470 1888.3
1250480 1888.3
1250490 1896.1
1250500 1902.6
1250510 1902.6
1250520 1906.4
1250530 1912.2
1250540 1912.2
1250550 1918.6
1250560 1924.1
1250570 1927.6
1250580 1927.6
1250590 1932.5
1250600 1937.9
1250610 1937.9
1250620 1944.6
1250630 1948.1
1250640 1948.1
1250650 1950.8
1250660 1954.0
1250670 1954.0
1250680 1958.5
1250690 1960.0
1250700 1960.0
1250710 1962.8
1250720 1965.4
1250730 1965.8
1250740 1967.2
1250750 1968.3
1250760 1968.3
1250770 1970.5
1250780 1973.3
1250790 1973.3
1250800 1975.9
1250810 1978.2
1250820 1982.7
1250830 1982.7
1250840 1988.9
1250850 1991.4
1250860 1991.4
1250870 1994.1
1250880 1998.9
1250890 1998.9
1250900 2002.4
1250910 2005.5
1250920 2005.5
1250930 2010.6
1250940 2016.2
1250950 2016.2
1250960 2021.5
1250970 2025.5
1250980 2025.5
1250990 2026.8
1251000 2028.6
1251010 2028.6
1251020 2031.4
1251030 2033.1
1251040 2033.1
1251050 2035.8
1251060 2039.4
1251070 2041.3
1251080 2041.3
1251090 2043.4
1251100 2045.9
1251110 2045.9
1251120 2048.9
1251130 2053.6
1251140 2053.6
1251150 2057.8
1251160 2063.5
1251170 2063.5
1251180 2070.0
1251190 2077.3
1251200 2077.3
1251210 2085.7
1251220 2093.0
1251230 2093.0
1251240 2099.4
1251250 2104.9
1251260 2104.9
1251270 2114.7
1251280 2121.2
1251290 2127.1
1251300 2127.1
1251310 2131.8
1251320 2135.6
1251330 2135.6
1251340 2139.9
1251350 2144.1
1251360 2144.1
1251370 2148.5
1251380 2153.7
1251390 2153.7
1251400 2158.3
1251410 2162.3
1251420 2162.3
1251430 2166.8
1251440 2171.9
1251450 2171.9
1251460 2175.8
1251470 2179.4
1251480 2179.4
1251490 2186.4
1251500 2193.1
1251510 2193.1
1251520 2199.6
1251530 2206.1
1251540 2213.4
1251550 2213.4
1251560 2222.5
1251570 2229.2
1251580 2229.2
1251590 2229.7
1251600 2232.0
1251610 2232.0
1251620 2234.0
1251630 2235.2
1251640 2235.2
1251650 2236.9
1251660 2236.6
1251670 2236.6
1251680 2233.7
1251690 2230.7
1251700 2230.7
1251710 2227.5
1251720 2222.4
1251730 2222.4
1251740 2217.0
1251750 2214.0
1251760 2214.0
1251770 2210.0
1251780 2205.7
1251790 2203.0
1251800 2203.0
1251810 2199.0
1251820 2192.3
1251830 2192.3
1251840 2187.3
1251850 2181.0
1251860 2181.0
1251870 2173.5
1251880 2166.4
1251890 2166.4
1251900 2159.4
1251910 2152.1
1251920 2152.1
1251930 2143.8
1251940 2136.1
1251950 2136.1
1251960 2129.8
1251970 2122.7
1251980 2122.7
1251990 2114.8
1252000 2107.3
1252010 2100.1
1252020 2100.1
1252030 2091.9
1252040 2083.8
1252050 2083.8
1252060 2075.5
1252070 2069.1
1252080 2069.1
1252090 2063.5
1252100 2058.0
1252110 2058.0
1252120 2053.2
1252130 2048.8
1252140 2048.8
1252150 2044.1
1252160 2039.5
1252170 2039.5
1252180 2035.5
1252190 2033.5
1252200 2033.5
1252210 2032.3
1252220 2031.3
1252230 2031.3
1252240 2029.7
1252250 2027.2
1252260 2024.3
1252270 2024.3
1252280 2021.2
1252290 2018.1
1252300 2018.1
1252310 2015.2
1252320 2012.6
1252330 2012.6
1252340 2011.3
1252350 2012.2
1252360 2014.2
1252370 2012.0
1252380 2007.3
1252390 2007.3
1252400 2000.9
1252410 1995.4
1252420 1995.4
1252430 1989.8
1252440 1983.0
1252450 1983.0
1252460 1977.4
1252470 1973.4
1252480 1973.4
1252490 1969.8
1252500 1966.9
1252510 1964.2
1252520 1964.2
1252530 1961.5
1252540 1959.4
1252550 1959.4
1252560 1955.6
1252570 1950.7
1252580 1950.7
1252590 1946.5
1252600 1943.2
1252610 1943.2
1252620 1939.4
1252630 1935.6
1252640 1935.6
1252650 1931.6
1252660 1927.1
1252670 1927.1
1252680 1922.2
1252690 1918.1
1252700 1918.1
1252710 1914.8
1252720 1911.4
1252730 1908.2
1252740 1908.2
1252750 1905.3
1252760 1902.3
1252770 1902.3
1252780 1898.9
1252790 1895.3
1252800 1895.3
1252810 1891.1
1252820 1886.7
1252830 1886.7
1252840 1882.2
1252850 1877.5
1252860 1877.5
1252870 1872.0
1252880 1865.7
1252890 1865.7
1252900 1860.1
1252910 1852.9
1252920 1852.9
1252930 1846.7
1252940 1840.7
1252950 1840.7
1252960 1834.7
1252970 1828.1
1252980 1822.4
1252990 1822.4
1253000 1816.4
1253010 1810.8
1253020 1810.8
1253030 1804.9
1253040 1798.6
1253050 1798.6
1253060 1792.3
1253070 1786.3
1253080 1786.3
1253090 1781.1
1253100 1776.8
1253110 1776.8
1253120 1773.4
1253130 1770.8
1253140 1770.8
1253150 1768.1
1253160 1763.6
1253170 1763.6
1253180 1758.3
1253190 1752.6
1253200 1752.6
1253210 1747.3
1253220 1742.9
1253230 1739.5
1253240 1739.5
1253250 1736.2
1253260 1732.5
1253270 1732.5
1253280 1728.2
1253290 1724.3
1253300 1724.3
1253310 1721.4
1253320 1718.5
1253330 1718.5
1253340 1714.8
1253350 1709.9
1253360 1709.9
1253370 1705.1
1253380 1700.9
1253390 1700.9
1253400 1695.4
1253410 1687.5
1253420 1687.5
1253430 1680.2
1253440 1674.8
1253450 1671.9
1253460 1673.1
1253470 1672.8
1253480 1672.3
1253490 1672.3
1253500 1670.5
1253510 1670.5
1253520 1670.5
1253530 1670.2
1253540 1671.0
1253550 1671.0
1253560 1672.4
1253570 1673.4
1253580 1673.4
1253590 1675.1
1253600 1676.7
1253610 1676.7
1253620 1678.7
1253630 1682.2
1253640 1682.2
1253650 1685.2
1253660 1688.2
1253670 1688.2
1253680 1691.5
1253690 1694.0
1253700 1696.2
1253710 1696.2
1253720 1699.0
1253730 1702.3
1253740 1702.3
1253750 1705.1
1253760 1707.0
1253770 1707.0
1253780 1708.6
1253790 1710.6
1253800 1710.6
1253810 1713.0
1253820 1715.4
1253830 1715.4
1253840 1718.9
1253850 1724.1
1253860 1724.1
1253870 1729.7
1253880 1735.3
1253890 1735.3
1253900 1739.4
1253910 1742.8
1253920 1742.8
1253930 1747.0
1253940 1751.3
1253950 1754.1
1253960 1754.1
1253970 1755.9
1253980 1757.2
1253990 1757.2
1254000 1758.8
1254010 1766.7
1254020 1766.7
1254030 1767.7
1254040 1769.9
1254050 1769.9
1254060 1770.0
1254070 1769.5
1254080 1769.5
1254090 1770.1
1254100 1768.9
1254110 1768.9
1254120 1767.3
1254130 1767.1
1254140 1767.1
1254150 1767.3
1254160 1767.8
1254170 1767.7
1254180 1767.7
1254190 1768.3
1254200 1768.2
1254210 1768.2
1254220 1768.1
1254230 1768.3
1254240 1768.3
1254250 1768.7
1254260 1768.2
1254270 1768.2
1254280 1767.1
1254290 1767.0
1254300 1767.0
1254310 1766.6
1254320 1766.5
1254330 1766.5
1254340 1765.4
1254350 1764.4
1254360 1764.4
1254370 1763.6
1254380 1763.5
1254390 1763.5
1254400 1763.7
1254410 1764.8
1254420 1765.2
1254430 1765.2
1254440 1765.9
1254450 1766.5
1254460 1766.5
1254470 1767.1
1254480 1767.3
1254490 1767.3
1254500 1766.9
1254510 1766.6
1254520 1766.6
1254530 1764.7
1254540 1762.8
1254550 1762.8
1254560 1766.9
1254570 1765.4
1254580 1765.4
1254590 1763.9
1254600 1762.4
1254610 1762.4
1254620 1760.0
1254630 1757.4
1254640 1757.4
1254650 1753.9
1254660 1749.8
1254670 1749.3
1254680 1749.3
1254690 1753.0
1254700 1756.1
1254710 1756.1
1254720 1758.3
1254730 1760.5
1254740 1760.5
1254750 1762.9
1254760 1765.3
1254770 1765.3
1254780 1767.8
1254790 1770.2
1254800 1770.2
1254810 1772.7
1254820 1775.1
1254830 1775.1
1254840 1777.3
1254850 1779.5
1254860 1779.5
1254870 1781.9
1254880 1785.0
1254890 1785.0
1254900 1788.6
1254910 1791.4
1254920 1793.7
1254930 1793.7
1254940 1796.1
1254950 1798.7
1254960 1798.7
1254970 1801.8
1254980 1805.6
1254990 1805.6
1255000 1809.5
1255010 1813.6
1255020 1813.6
1255030 1817.4
1255040 1821.8
1255050 1821.8
1255060 1826.1
1255070 1830.9
1255080 1830.9
1255090 1835.8
1255100 1841.1
1255110 1845.7
1255120 1851.1
1255130 1855.7
1255140 1860.2
1255150 1860.2
1255160 1865.2
1255170 1870.3
1255180 1870.3
1255190 1875.0
1255200 1880.1
1255210 1880.1
1255220 1884.9
1255230 1889.7
1255240 1889.7
1255250 1894.7
1255260 1900.4
1255270 1900.4
1255280 1904.4
1255290 1905.9
1255300 1905.9
1255310 1907.4
1255320 1909.0
1255330 1909.0
1255340 1912.0
1255350 1914.9
1255360 1914.9
1255370 1918.1
1255380 1922.2
1255390 1927.1
1255400 1927.1
1255410 1931.9
1255420 1935.7
1255430 1935.7
1255440 1939.9
1255450 1944.1
1255460 1944.1
1255470 1947.7
1255480 1950.6
1255490 1950.6
1255500 1957.1
1255510 1967.5
1255520 1967.5
1255530 1977.6
1255540 1987.7
1255550 1987.7
1255560 1995.5
1255570 2002.1
1255580 2002.1
1255590 2009.3
1255600 2018.6
1255610 2018.6
1255620 2025.9
1255630 2033.5
1255640 2041.0
1255650 2041.0
1255660 2048.9
1255670 2058.9
1255680 2058.9
1255690 2066.9
1255700 2074.7
1255710 2074.7
1255720 2082.1
1255730 2089.0
1255740 2089.0
1255750 2095.8
1255760 2102.3
1255770 2102.3
1255780 2109.8
1255790 2117.1
1255800 2117.1
1255810 2124.1
1255820 2131.4
1255830 2131.4
1255840 2138.7
1255850 2145.8
1255860 2152.9
1255870 2152.9
1255880 2159.3
1255890 2165.8
1255900 2165.8
1255910 2172.5
1255920 2179.5
1255930 2179.5
1255940 2185.8
1255950 2191.9
1255960 2191.9
1255970 2198.9
1255980 2207.2
1255990 2207.2
1256000 2212.7
1256010 2218.5
1256020 2218.5
1256030 2225.5
1256040 2228.3
1256050 2228.3
1256060 2229.3
1256070 2230.0
1256080 2230.0
1256090 2230.0
1256100 2231.3
1256110 2234.4
1256120 2234.4
1256130 2239.2
1256140 2244.0
1256150 2244.0
1256160 2248.0
1256170 2254.4
1256180 2254.4
1256190 2263.5
1256200 2272.1
1256210 2272.1
1256220 2276.2
1256230 2283.8
1256240 2283.8
1256250 2291.6
1256260 2298.2
1256270 2298.2
1256280 2304.8
1256290 2311.0
1256300 2311.0
1256310 2317.5
1256320 2324.7
1256330 2324.7
1256340 2332.6
1256350 2340.9
1256360 2348.8
1256370 2348.8
1256380 2356.7
1256390 2364.5
1256400 2364.5
1256410 2372.0
1256420 2379.9
1256430 2379.9
1256440 2385.7
1256450 2388.7
1256460 2388.7
1256470 2391.9
1256480 2395.2
1256490 2395.2
1256500 2398.0
1256510 2399.4
1256520 2399.4
1256530 2400.2
1256540 2390.6
1256550 2390.6
1256560 2366.4
1256570 2353.9
1256580 2345.6
1256590 2345.6
1256600 2337.3
1256610 2329.0
1256620 2329.0
1256630 2320.9
1256640 2313.0
1256650 2313.0
1256660 2305.5
1256670 2298.7
1256680 2298.7
1256690 2292.4
1256700 2286.3
1256710 2286.3
1256720 2280.2
1256730 2274.1
1256740 2274.1
1256750 2268.5
1256760 2263.7
1256770 2263.7
1256780 2262.9
1256790 2259.4
1256800 2259.4
1256810 2256.5
1256820 2254.0
1256830 2250.9
1256840 2250.9
1256850 2247.2
1256860 2243.4
1256870 2243.4
1256880 2239.8
1256890 2236.3
1256900 2236.3
1256910 2232.8
1256920 2229.5
1256930 2229.5
1256940 2227.1
1256950 2225.1
1256960 2225.1
1256970 2223.5
1256980 2224.1
1256990 2224.1
1257000 2226.8
1257010 2229.4
1257020 2229.4
1257030 2232.2
1257040 2234.9
1257050 2234.9
1257060 2237.6
1257070 2240.0
1257080 2242.0
1257090 2242.0
1257100 2244.2
1257110 2246.4
1257120 2246.4
1257130 2248.9
1257140 2251.9
1257150 2251.9
1257160 2255.2
1257170 2258.4
1257180 2258.4
1257190 2261.2
1257200 2263.5
1257210 2263.5
1257220 2265.8
1257230 2268.7
1257240 2268.7
1257250 2272.4
1257260 2275.9
1257270 2275.9
1257280 2302.7
1257290 2345.8
1257300 2355.9
1257310 2355.9
1257320 2344.6
1257330 2323.4
1257340 2334.4
1257350 2328.0
1257360 2337.9
1257370 2337.9
1257380 2349.2
1257390 2366.3
1257400 2366.3
1257410 2408.3
1257420 2428.0
1257430 2428.0
1257440 2436.3
1257450 2444.7
1257460 2444.7
1257470 2454.6
1257480 2461.8
1257490 2461.8
1257500 2462.2
1257510 2463.6
1257520 2463.6
1257530 2457.3
1257540 2429.5
1257550 2427.5
1257560 2427.5
1257570 2426.8
1257580 2395.1
1257590 2395.1
1257600 2365.8
1257610 2361.7
1257620 2361.7
1257630 2384.2
1257640 2418.8
1257650 2418.8
1257660 2412.9
1257670 2402.0
1257680 2402.0
1257690 2388.8
1257700 2354.8
1257710 2354.8
1257720 2326.5
1257730 2295.5
1257740 2295.5
1257750 2274.1
1257760 2271.5
1257770 2271.5
1257780 2268.6
1257790 2264.6
1257800 2261.1
1257810 2261.1
1257820 2256.5
1257830 2251.0
1257840 2251.0
1257850 2246.4
1257860 2243.7
1257870 2243.7
1257880 2242.0
1257890 2240.3
1257900 2246.6
1257910 2244.3
1257920 2241.3
1257930 2241.3
1257940 2238.1
1257950 2234.6
1257960 2234.6
1257970 2231.4
1257980 2228.1
1257990 2228.1
1258000 2224.6
1258010 2221.2
1258020 2218.7
1258030 2218.7
1258040 2218.1
1258050 2218.3
1258060 2218.3
1258070 2217.4
1258080 2217.1
1258090 2217.1
1258100 2217.0
1258110 2219.1
1258120 2219.1
1258130 2222.9
1258140 2227.4
1258150 2227.4
1258160 2229.5
1258170 2230.8
1258180 2230.8
1258190 2232.4
1258200 2233.9
1258210 2233.9
1258220 2236.0
1258230 2238.1
1258240 2238.1
1258250 2239.6
1258260 2240.4
1258270 2240.8
1258280 2240.8
1258290 2240.2
1258300 2239.2
1258310 2239.2
1258320 2238.4
1258330 2237.9
1258340 2237.9
1258350 2239.9
1258360 2241.9
1258370 2241.9
1258380 2244.6
1258390 2245.9
1258400 2245.9
1258410 2249.9
1258420 2251.1
1258430 2251.1
1258440 2254.8
1258450 2261.9
1258460 2265.3
1258470 2272.3
1258480 2282.7
1258490 2282.7
1258500 2295.6
1258510 2298.8
1258520 2287.7
1258530 2287.7
1258540 2287.1
1258550 2287.5
1258560 2287.5
1258570 2289.2
1258580 2289.9
1258590 2289.9
1258600 2299.0
1258610 2314.0
1258620 2314.0
1258630 2338.9
1258640 2359.4
1258650 2359.4
1258660 2395.1
1258670 2405.6
1258680 2405.6
1258690 2425.0
1258700 2429.1
1258710 2429.1
1258720 2421.6
1258730 2419.1
1258740 2429.2
1258750 2429.2
1258760 2432.2
1258770 2444.5
1258780 2444.5
1258790 2455.5
1258800 2470.4
1258810 2470.4
1258820 2482.8
1258830 2478.1
1258840 2478.1
1258850 2469.6
1258860 2453.9
1258870 2453.9
1258880 2434.3
1258890 2403.5
1258900 2403.5
1258910 2376.8
1258920 2389.6
1258930 2389.6
1258940 2375.1
1258950 2376.3
1258960 2376.3
1258970 2380.0
1258980 2368.5
1258990 2371.9
1259000 2371.9
1259010 2375.8
1259020 2386.0
1259030 2386.0
1259040 2396.0
1259050 2422.7
1259060 2422.7
1259070 2435.6
1259080 2455.4
1259090 2455.4
1259100 2452.6
1259110 2432.6
1259120 2432.6
1259130 2424.2
1259140 2427.8
1259150 2427.8
1259160 2436.5
1259170 2440.4
1259180 2440.4
1259190 2438.5
1259200 2440.6
1259210 2440.6
1259220 2445.6
1259230 2452.2
1259240 2459.2
1259250 2459.2
1259260 2463.9
1259270 2468.5
1259280 2468.5
1259290 2474.7
1259300 2481.0
1259310 2481.0
1259320 2488.7
1259330 2498.1
1259340 2498.1
1259350 2507.3
1259360 2516.7
1259370 2516.7
1259380 2523.3
1259390 2525.1
1259400 2525.1
1259410 2523.1
1259420 2520.2
1259430 2520.2
1259440 2515.8
1259450 2514.6
1259460 2512.7
1259470 2512.7
1259480 2509.2
1259490 2506.6
1259500 2506.6
1259510 2500.9
1259520 2491.7
1259530 2491.7
1259540 2483.8
1259550 2473.7
1259560 2473.7
1259570 2458.7
1259580 2451.8
1259590 2451.8
1259600 2435.7
1259610 2430.6
1259620 2430.6
1259630 2429.2
1259640 2433.3
1259650 2433.3
1259660 2423.4
1259670 2408.9
1259680 2408.9
1259690 2395.0
1259700 2383.4
1259710 2371.5
1259720 2371.5
1259730 2362.3
1259740 2353.3
1259750 2353.3
1259760 2331.6
1259770 2329.0
1259780 2329.0
1259790 2322.5
1259800 2318.3
1259810 2318.3
1259820 2305.7
1259830 2293.7
1259840 2293.7
1259850 2283.4
1259860 2272.8
1259870 2272.8
1259880 2255.8
1259890 2235.6
1259900 2235.6
1259910 2213.9
1259920 2203.1
1259930 2203.1
1259940 2193.5
1259950 2180.2
1259960 2173.5
1259970 2173.5
1259980 2164.6
1259990 2145.9
