1240000 1520.0
1240010 1520.0
1240020 1515.2
1240030 1510.2
1240040 1510.2
1240050 1504.8
1240060 1499.4
1240070 1493.3
1240080 1493.3
1240090 1488.8
1240100 1483.0
1240110 1483.0
1240120 1477.3
1240130 1471.9
1240140 1471.9
1240150 1466.2
1240160 1462.6
1240170 1462.6
1240180 1459.3
1240190 1456.1
1240200 1456.1
1240210 1451.0
1240220 1444.2
1240230 1444.2
1240240 1438.1
1240250 1432.0
1240260 1432.0
1240270 1424.8
1240280 1419.2
1240290 1414.9
1240300 1414.9
1240310 1411.3
1240320 1409.2
1240330 1409.2
1240340 1406.1
1240350 1403.9
1240360 1403.9
1240370 1404.2
1240380 1404.8
1240390 1404.8
1240400 1402.4
1240410 1398.6
1240420 1398.6
1240430 1401.8
1240440 1407.2
1240450 1407.2
1240460 1408.4
1240470 1409.2
1240480 1409.2
1240490 1409.8
1240500 1410.3
1240510 1410.3
1240520 1410.2
1240530 1410.9
1240540 1411.3
1240550 1411.3
1240560 1411.0
1240570 1411.8
1240580 1411.8
1240590 1412.6
1240600 1413.6
1240610 1413.6
1240620 1415.7
1240630 1417.4
1240640 1417.4
1240650 1417.1
1240660 1415.7
1240670 1418.5
1240680 1418.5
1240690 1420.1
1240700 1420.1
1240710 1424.2
1240720 1429.3
1240730 1429.3
1240740 1434.9
1240750 1439.4
1240760 1439.4
1240770 1443.6
1240780 1446.1
1240790 1447.4
1240800 1447.4
1240810 1449.9
1240820 1450.9
1240830 1450.9
1240840 1452.5
1240850 1454.0
1240860 1454.0
1240870 1455.2
1240880 1457.0
1240890 1457.0
1240900 1459.4
1240910 1462.9
1240920 1462.9
1240930 1466.8
1240940 1468.1
1240950 1468.1
1240960 1467.5
1240970 1469.7
1240980 1469.7
1240990 1473.1
1241000 1477.2
1241010 1481.0
1241020 1481.0
1241030 1483.9
1241040 1485.5
1241050 1485.5
1241060 1487.3
1241070 1488.6
1241080 1488.6
1241090 1490.3
1241100 1492.2
1241110 1492.2
1241120 1494.5
1241130 1496.0
1241140 1496.0
1241150 1498.2
1241160 1501.4
1241170 1501.4
1241180 1505.8
1241190 1513.2
1241200 1513.2
1241210 1518.3
1241220 1523.5
1241230 1523.5
1241240 1528.5
1241250 1532.9
1241260 1537.7
1241270 1537.7
1241280 1539.1
1241290 1543.1
1241300 1543.1
1241310 1550.1
1241320 1558.1
1241330 1558.1
1241340 1567.0
1241350 1576.5
1241360 1576.5
1241370 1584.0
1241380 1593.9
1241390 1593.9
1241400 1605.0
1241410 1616.6
1241420 1616.6
1241430 1625.7
1241440 1633.6
1241450 1633.6
1241460 1642.3
1241470 1649.3
1241480 1649.3
1241490 1657.2
1241500 1665.6
1241510 1673.0
1241520 1673.0
1241530 1680.1
1241540 1686.1
1241550 1686.1
1241560 1691.3
1241570 1696.5
1241580 1696.5
1241590 1702.6
1241600 1708.9
1241610 1708.9
1241620 1709.7
1241630 1705.5
1241640 1705.5
1241650 1711.1
1241660 1718.5
1241670 1718.5
1241680 1724.8
1241690 1729.9
1241700 1729.9
1241710 1743.6
1241720 1752.3
1241730 1759.3
1241740 1759.3
1241750 1765.3
1241760 1770.4
1241770 1770.4
1241780 1774.2
1241790 1776.7
1241800 1776.7
1241810 1781.7
1241820 1786.8
1241830 1786.8
1241840 1791.4
1241850 1794.9
1241860 1794.9
1241870 1797.3
1241880 1798.9
1241890 1798.9
1241900 1799.5
1241910 1799.2
1241920 1799.2
1241930 1800.2
1241940 1803.6
1241950 1803.6
1241960 1807.3
1241970 1807.6
1241980 1804.7
1241990 1804.7
1242000 1805.4
1242010 1810.9
1242020 1810.9
1242030 1817.0
1242040 1820.0
1242050 1820.0
1242060 1819.2
1242070 1816.9
1242080 1816.9
1242090 1817.5
1242100 1822.4
1242110 1822.4
1242120 1824.4
1242130 1827.1
1242140 1827.1
1242150 1829.0
1242160 1830.8
1242170 1830.8
1242180 1834.4
1242190 1836.8
1242200 1836.8
1242210 1841.6
1242220 1846.7
1242230 1856.5
1242240 1856.5
1242250 1861.8
1242260 1868.3
1242270 1868.3
1242280 1874.5
1242290 1880.2
1242300 1880.2
1242310 1885.2
1242320 1889.4
1242330 1889.4
1242340 1893.7
1242350 1898.4
1242360 1898.4
1242370 1902.9
1242380 1908.4
1242390 1908.4
1242400 1915.2
1242410 1921.8
1242420 1921.8
1242430 1928.3
1242440 1935.0
1242450 1941.6
1242460 1941.6
1242470 1948.1
1242480 1954.5
1242490 1954.5
1242500 1960.9
1242510 1967.4
1242520 1967.4
1242530 1973.3
1242540 1978.7
1242550 1978.7
1242560 1984.4
1242570 1990.1
1242580 1990.1
1242590 1995.7
1242600 2001.4
1242610 2001.4
1242620 2006.6
1242630 2011.8
1242640 2011.8
1242650 2017.4
1242660 2023.2
1242670 2023.2
1242680 2029.1
1242690 2034.5
1242700 2039.7
1242710 2039.7
1242720 2045.2
1242730 2049.5
1242740 2049.5
1242750 2053.5
1242760 2055.8
1242770 2055.8
1242780 2059.3
1242790 2063.4
1242800 2063.4
1242810 2067.8
1242820 2071.3
1242830 2071.3
1242840 2074.4
1242850 2077.4
1242860 2077.4
1242870 2081.3
1242880 2082.9
1242890 2082.9
1242900 2081.9
1242910 2080.5
1242920 2080.5
1242930 2078.5
1242940 2076.1
1242950 2074.6
1242960 2074.6
1242970 2074.7
1242980 2076.6
1242990 2076.6
1243000 2079.8
1243010 2084.5
1243020 2084.5
1243030 2090.1
1243040 2095.7
1243050 2095.7
1243060 2099.8
1243070 2102.6
1243080 2102.6
1243090 2105.7
1243100 2109.9
1243110 2109.9
1243120 2113.4
1243130 2113.5
1243140 2113.5
1243150 2111.3
1243160 2108.5
1243170 2105.0
1243180 2105.0
1243190 2100.7
1243200 2097.8
1243210 2097.8
1243220 2097.2
1243230 2098.9
1243240 2098.9
1243250 2103.2
1243260 2110.4
1243270 2110.4
1243280 2113.5
1243290 2121.2
1243300 2121.2
1243310 2130.0
1243320 2139.3
1243330 2139.3
1243340 2148.1
1243350 2155.9
1243360 2155.9
1243370 2162.7
1243380 2168.5
1243390 2168.5
1243400 2173.7
1243410 2179.2
1243420 2184.8
1243430 2184.8
1243440 2191.1
1243450 2197.4
1243460 2197.4
1243470 2203.5
1243480 2209.4
1243490 2209.4
1243500 2215.6
1243510 2221.8
1243520 2221.8
1243530 2226.8
1243540 2230.6
1243550 2230.6
1243560 2235.3
1243570 2240.2
1243580 2240.2
1243590 2244.8
1243600 2249.7
1243610 2249.7
1243620 2254.2
1243630 2258.4
1243640 2258.4
1243650 2261.9
1243660 2265.7
1243670 2270.3
1243680 2270.3
1243690 2275.4
1243700 2279.9
1243710 2279.9
1243720 2284.4
1243730 2288.6
1243740 2288.6
1243750 2292.4
1243760 2295.8
1243770 2295.8
1243780 2300.0
1243790 2304.3
1243800 2304.3
1243810 2310.9
1243820 2315.0
1243830 2315.0
1243840 2319.3
1243850 2323.3
1243860 2323.3
1243870 2328.4
1243880 2334.4
1243890 2339.5
1243900 2339.5
1243910 2344.2
1243920 2348.6
1243930 2348.6
1243940 2352.8
1243950 2357.3
1243960 2357.3
1243970 2361.3
1243980 2364.7
1243990 2364.7
1244000 2369.6
1244010 2374.8
1244020 2374.8
1244030 2379.5
1244040 2383.9
1244050 2383.9
1244060 2388.0
1244070 2392.5
1244080 2392.5
1244090 2397.1
1244100 2401.5
1244110 2401.5
1244120 2406.2
1244130 2411.2
1244140 2416.2
1244150 2416.2
1244160 2420.6
1244170 2424.3
1244180 2424.3
1244190 2427.9
1244200 2431.9
1244210 2431.9
1244220 2436.7
1244230 2441.4
1244240 2441.4
1244250 2445.3
1244260 2448.9
1244270 2448.9
1244280 2453.0
1244290 2457.6
1244300 2457.6
1244310 2462.7
1244320 2467.1
1244330 2467.1
1244340 2473.3
1244350 2478.2
1244360 2478.2
1244370 2482.0
1244380 2485.7
1244390 2490.2
1244400 2490.2
1244410 2495.3
1244420 2500.3
1244430 2500.3
1244440 2505.0
1244450 2508.5
1244460 2508.5
1244470 2512.0
1244480 2516.2
1244490 2516.2
1244500 2519.9
1244510 2523.7
1244520 2523.7
1244530 2527.6
1244540 2526.5
1244550 2526.5
1244560 2523.6
1244570 2517.2
1244580 2517.2
1244590 2511.6
1244600 2508.3
1244610 2502.8
1244620 2502.8
1244630 2496.4
1244640 2489.7
1244650 2489.7
1244660 2482.7
1244670 2475.7
1244680 2475.7
1244690 2469.5
1244700 2463.2
1244710 2463.2
1244720 2455.2
1244730 2449.0
1244740 2449.0
1244750 2443.6
1244760 2438.0
1244770 2438.0
1244780 2432.5
1244790 2426.6
1244800 2426.6
1244810 2421.0
1244820 2416.7
1244830 2416.7
1244840 2412.4
1244850 2409.2
1244860 2407.6
1244870 2403.2
1244880 2402.2
1244890 2401.3
1244900 2401.3
1244910 2400.1
1244920 2397.9
1244930 2397.9
1244940 2395.5
1244950 2392.1
1244960 2392.1
1244970 2389.5
1244980 2388.6
1244990 2388.6
1245000 2388.5
1245010 2388.0
1245020 2388.0
1245030 2387.0
1245040 2385.7
1245050 2385.7
1245060 2382.3
1245070 2379.6
1245080 2379.6
1245090 2379.0
1245100 2377.7
1245110 2374.1
1245120 2374.1
1245130 2370.7
1245140 2365.5
1245150 2365.5
1245160 2359.0
1245170 2352.7
1245180 2352.7
1245190 2346.2
1245200 2341.4
1245210 2341.4
1245220 2336.9
1245230 2331.1
1245240 2331.1
1245250 2325.3
1245260 2319.4
1245270 2319.4
1245280 2313.3
1245290 2307.3
1245300 2307.3
1245310 2301.5
1245320 2296.4
1245330 2292.0
1245340 2292.0
1245350 2286.9
1245360 2281.6
1245370 2281.6
1245380 2278.2
1245390 2275.2
1245400 2273.1
1245410 2269.2
1245420 2264.7
1245430 2264.7
1245440 2259.7
1245450 2255.0
1245460 2255.0
1245470 2250.0
1245480 2245.2
1245490 2245.2
1245500 2241.5
1245510 2238.4
1245520 2238.4
1245530 2234.0
1245540 2230.1
1245550 2230.1
1245560 2225.9
1245570 2221.7
1245580 2216.6
1245590 2216.6
1245600 2212.7
1245610 2210.1
1245620 2210.1
1245630 2208.8
1245640 2208.4
1245650 2208.4
1245660 2207.3
1245670 2205.7
1245680 2205.7
1245690 2204.1
1245700 2201.6
1245710 2201.6
1245720 2198.2
1245730 2193.9
1245740 2193.9
1245750 2191.3
1245760 2187.2
1245770 2187.2
1245780 2182.1
1245790 2178.6
1245800 2178.6
1245810 2175.7
1245820 2172.2
1245830 2169.1
1245840 2169.1
1245850 2165.8
1245860 2163.0
1245870 2163.0
1245880 2160.8
1245890 2158.5
1245900 2158.5
1245910 2155.9
1245920 2152.4
1245930 2153.6
1245940 2150.6
1245950 2147.6
1245960 2147.6
1245970 2144.4
1245980 2140.6
1245990 2140.6
1246000 2136.9
1246010 2133.4
1246020 2133.4
1246030 2130.1
1246040 2126.5
1246050 2123.1
1246060 2123.1
1246070 2120.9
1246080 2118.2
1246090 2118.2
1246100 2115.1
1246110 2110.1
1246120 2110.1
1246130 2104.4
1246140 2098.6
1246150 2098.6
1246160 2093.2
1246170 2089.3
1246180 2089.3
1246190 2086.4
1246200 2084.0
1246210 2084.0
1246220 2082.3
1246230 2081.0
1246240 2081.0
1246250 2078.7
1246260 2075.7
1246270 2075.7
1246280 2072.6
1246290 2069.0
1246300 2066.1
1246310 2066.1
1246320 2063.0
1246330 2059.0
1246340 2059.0
1246350 2053.9
1246360 2049.1
1246370 2049.1
1246380 2044.3
1246390 2038.5
1246400 2038.5
1246410 2033.5
1246420 2028.5
1246430 2028.5
1246440 2023.0
1246450 2018.2
1246460 2018.6
1246470 2014.6
1246480 2010.3
1246490 2010.3
1246500 2005.0
1246510 1999.4
1246520 1999.4
1246530 1994.5
1246540 1989.1
1246550 1983.3
1246560 1983.3
1246570 1978.8
1246580 1975.1
1246590 1975.1
1246600 1969.9
1246610 1964.5
1246620 1964.5
1246630 1962.2
1246640 1958.2
1246650 1958.2
1246660 1953.4
1246670 1949.2
1246680 1949.2
1246690 1945.1
1246700 1940.3
1246710 1940.3
1246720 1934.1
1246730 1928.5
1246740 1928.5
1246750 1925.3
1246760 1924.5
1246770 1922.5
1246780 1922.5
1246790 1919.5
1246800 1915.3
1246810 1915.3
1246820 1912.3
1246830 1910.8
1246840 1910.8
1246850 1906.5
1246860 1899.7
1246870 1899.7
1246880 1893.8
1246890 1891.3
1246900 1891.3
1246910 1888.5
1246920 1885.0
1246930 1885.0
1246940 1881.6
1246950 1877.4
1246960 1877.4
1246970 1871.8
1246980 1867.0
1246990 1867.0
1247000 1861.8
1247010 1859.8
1247020 1857.2
1247030 1857.2
1247040 1854.2
1247050 1850.9
1247060 1850.9
1247070 1849.0
1247080 1846.9
1247090 1846.9
1247100 1844.4
1247110 1841.4
1247120 1841.4
1247130 1838.0
1247140 1835.4
1247150 1835.4
1247160 1833.1
1247170 1830.4
1247180 1830.4
1247190 1827.1
1247200 1824.3
1247210 1824.3
1247220 1820.4
1247230 1815.5
1247240 1815.5
1247250 1811.2
1247260 1807.1
1247270 1803.1
1247280 1803.1
1247290 1800.7
1247300 1799.6
1247310 1799.6
1247320 1797.1
1247330 1792.0
1247340 1792.0
1247350 1787.1
1247360 1782.0
1247370 1782.0
1247380 1777.4
1247390 1773.7
1247400 1773.7
1247410 1770.9
1247420 1768.7
1247430 1768.7
1247440 1766.8
1247450 1765.6
1247460 1765.6
1247470 1764.6
1247480 1762.6
1247490 1759.0
1247500 1759.0
1247510 1755.7
1247520 1752.8
1247530 1750.3
1247540 1747.8
1247550 1744.5
1247560 1744.5
1247570 1742.2
1247580 1740.1
1247590 1740.1
1247600 1736.8
1247610 1733.0
1247620 1733.0
1247630 1729.2
1247640 1726.2
1247650 1726.2
1247660 1723.9
1247670 1720.2
1247680 1720.2
1247690 1716.8
1247700 1713.7
1247710 1713.7
1247720 1710.5
1247730 1707.4
1247740 1705.5
1247750 1705.5
1247760 1703.2
1247770 1700.4
1247780 1700.4
1247790 1696.6
1247800 1692.6
1247810 1692.6
1247820 1688.5
1247830 1683.4
1247840 1683.4
1247850 1678.2
1247860 1674.1
1247870 1674.1
1247880 1669.4
1247890 1664.7
1247900 1664.7
1247910 1659.4
1247920 1654.7
1247930 1654.7
1247940 1648.8
1247950 1643.0
1247960 1643.0
1247970 1638.4
1247980 1633.1
1247990 1628.3
1248000 1628.3
1248010 1622.7
1248020 1616.8
1248030 1616.8
1248040 1609.7
1248050 1603.8
1248060 1603.8
1248070 1597.3
1248080 1593.6
1248090 1593.6
1248100 1589.9
1248110 1585.1
1248120 1585.1
1248130 1579.3
1248140 1572.8
1248150 1572.8
1248160 1567.7
1248170 1563.5
1248180 1563.5
1248190 1558.5
1248200 1552.5
1248210 1546.7
1248220 1546.7
1248230 1543.0
1248240 1539.9
1248250 1539.9
1248260 1536.8
1248270 1533.5
1248280 1533.5
1248290 1529.7
1248300 1525.5
1248310 1525.5
1248320 1521.5
1248330 1517.3
1248340 1517.3
1248350 1512.9
1248360 1508.0
1248370 1508.0
1248380 1502.5
1248390 1497.6
1248400 1497.6
1248410 1492.9
1248420 1488.1
1248430 1488.1
1248440 1485.3
1248450 1484.7
1248460 1485.1
1248470 1485.1
1248480 1485.7
1248490 1485.5
1248500 1485.5
1248510 1484.1
1248520 1480.7
1248530 1480.7
1248540 1475.0
1248550 1468.4
1248560 1468.4
1248570 1463.3
1248580 1461.1
1248590 1461.1
1248600 1460.0
1248610 1460.3
1248620 1460.3
1248630 1460.7
1248640 1462.3
1248650 1462.3
1248660 1466.6
1248670 1469.7
1248680 1469.7
1248690 1470.9
1248700 1473.2
1248710 1475.5
1248720 1475.5
1248730 1477.0
1248740 1478.2
1248750 1478.2
1248760 1479.1
1248770 1480.2
1248780 1480.2
1248790 1481.8
1248800 1483.9
1248810 1483.9
1248820 1486.3
1248830 1489.2
1248840 1489.2
1248850 1491.7
1248860 1494.4
1248870 1494.4
1248880 1497.7
1248890 1500.2
1248900 1500.2
1248910 1500.9
1248920 1503.7
1248930 1503.7
1248940 1508.0
1248950 1510.5
1248960 1512.5
1248970 1512.5
1248980 1514.9
1248990 1516.5
1249000 1516.5
1249010 1520.2
1249020 1524.9
1249030 1524.9
1249040 1529.6
1249050 1533.1
1249060 1533.1
1249070 1535.6
1249080 1537.7
1249090 1537.7
1249100 1540.7
1249110 1543.5
1249120 1543.5
1249130 1546.0
1249140 1551.5
1249150 1551.5
1249160 1554.5
1249170 1556.7
1249180 1558.5
1249190 1558.5
1249200 1560.3
1249210 1561.8
1249220 1561.8
1249230 1564.4
1249240 1567.6
1249250 1567.6
1249260 1572.5
1249270 1577.4
1249280 1577.4
1249290 1583.2
1249300 1588.4
1249310 1588.4
1249320 1592.3
1249330 1595.8
1249340 1595.8
1249350 1599.5
1249360 1603.0
1249370 1603.0
1249380 1606.5
1249390 1611.2
1249400 1611.2
1249410 1616.7
1249420 1622.7
1249430 1627.3
1249440 1627.3
1249450 1631.8
1249460 1636.1
1249470 1636.1
1249480 1640.3
1249490 1643.4
1249500 1643.4
1249510 1645.8
1249520 1649.6
1249530 1649.6
1249540 1656.1
1249550 1663.6
1249560 1663.6
1249570 1669.6
1249580 1674.9
1249590 1674.9
1249600 1679.3
1249610 1683.7
1249620 1683.7
1249630 1687.9
1249640 1690.8
1249650 1690.8
1249660 1694.6
1249670 1700.3
1249680 1711.5
1249690 1711.5
1249700 1714.0
1249710 1715.9
1249720 1715.9
1249730 1718.4
1249740 1721.4
1249750 1721.4
1249760 1727.4
1249770 1734.4
1249780 1734.4
1249790 1739.4
1249800 1743.8
1249810 1743.8
1249820 1749.0
1249830 1753.6
1249840 1753.6
1249850 1757.1
1249860 1760.7
1249870 1760.7
1249880 1764.1
1249890 1766.6
1249900 1769.9
1249910 1769.9
1249920 1774.2
1249930 1779.2
1249940 1779.2
1249950 1783.9
1249960 1789.1
1249970 1789.1
1249980 1794.8
1249990 1800.9
1250000 1800.9
1250010 1807.7
1250020 1813.4
1250030 1813.4
1250040 1819.7
1250050 1825.8
1250060 1825.8
1250070 1830.8
1250080 1837.0
1250090 1837.0
1250100 1840.9
1250110 1843.7
1250120 1843.7
1250130 1846.4
1250140 1849.7
1250150 1852.4
1250160 1852.4
1250170 1855.1
1250180 1857.4
1250190 1857.4
1250200 1859.8
1250210 1861.3
1250220 1867.7
1250230 1869.6
1250240 1872.4
1250250 1872.4
1250260 1876.4
1250270 1880.5
1250280 1880.5
1250290 1883.0
1250300 1885.6
1250310 1885.6
1250320 1889.5
1250330 1894.2
1250340 1894.2
1250350 1898.9
1250360 1903.4
1250370 1903.4
1250380 1908.2
1250390 1913.4
1250400 1919.1
1250410 1919.1
1250420 1923.1
1250430 1927.4
1250440 1927.4
1250450 1933.1
1250460 1938.7
1250470 1938.7
1250480 1942.4
1250490 1945.9
1250500 1945.9
1250510 1949.8
1250520 1953.9
1250530 1953.9
1250540 1957.3
1250550 1960.8
1250560 1960.8
1250570 1964.9
1250580 1968.7
1250590 1968.7
1250600 1972.0
1250610 1975.1
1250620 1979.2
1250630 1979.2
1250640 1983.6
1250650 1987.3
1250660 1987.3
1250670 1990.4
1250680 1992.1
1250690 1992.1
1250700 1994.4
1250710 1998.6
1250720 1998.6
1250730 2002.9
1250740 2007.0
1250750 2007.0
1250760 2009.6
1250770 2012.1
1250780 2012.1
1250790 2014.9
1250800 2017.5
1250810 2017.5
1250820 2020.9
1250830 2023.4
1250840 2023.4
1250850 2025.4
1250860 2027.6
1250870 2030.2
1250880 2030.2
1250890 2032.6
1250900 2034.6
1250910 2034.6
1250920 2035.7
1250930 2034.6
1250940 2034.6
1250950 2033.8
1250960 2033.6
1250970 2033.6
1250980 2034.5
1250990 2036.1
1251000 2036.1
1251010 2038.6
1251020 2042.0
1251030 2042.0
1251040 2047.3
1251050 2054.3
1251060 2054.3
1251070 2059.7
1251080 2063.9
1251090 2063.9
1251100 2069.2
1251110 2075.7
1251120 2084.1
1251130 2084.1
1251140 2093.6
1251150 2102.7
1251160 2102.7
1251170 2109.9
1251180 2115.7
1251190 2115.7
1251200 2121.2
1251210 2127.2
1251220 2127.2
1251230 2134.0
1251240 2136.4
1251250 2136.4
1251260 2140.5
1251270 2143.7
1251280 2143.7
1251290 2145.3
1251300 2145.6
1251310 2146.0
1251320 2146.5
1251330 2149.4
1251340 2149.4
1251350 2149.4
1251360 2150.0
1251370 2153.4
1251380 2153.4
1251390 2156.9
1251400 2160.2
1251410 2160.2
1251420 2162.8
1251430 2165.8
1251440 2165.8
1251450 2169.7
1251460 2174.4
1251470 2174.4
1251480 2179.8
1251490 2185.6
1251500 2185.6
1251510 2192.3
1251520 2200.1
1251530 2200.1
1251540 2209.0
1251550 2219.2
1251560 2219.2
1251570 2228.3
1251580 2239.3
1251590 2253.4
1251600 2253.4
1251610 2258.6
1251620 2255.3
1251630 2255.3
1251640 2250.3
1251650 2244.6
1251660 2244.6
1251670 2237.0
1251680 2229.2
1251690 2229.2
1251700 2222.6
1251710 2216.1
1251720 2216.1
1251730 2209.4
1251740 2203.1
1251750 2203.1
1251760 2197.1
1251770 2192.6
1251780 2192.6
1251790 2188.9
1251800 2183.2
1251810 2183.2
1251820 2175.5
1251830 2168.2
1251840 2162.2
1251850 2162.2
1251860 2158.1
1251870 2152.8
1251880 2152.8
1251890 2148.6
1251900 2144.0
1251910 2144.0
1251920 2139.3
1251930 2134.0
1251940 2134.0
1251950 2128.3
1251960 2122.4
1251970 2122.4
1251980 2116.8
1251990 2110.8
1252000 2110.8
1252010 2104.8
1252020 2098.8
1252030 2098.8
1252040 2093.4
1252050 2088.8
1252060 2084.5
1252070 2084.5
1252080 2080.5
1252090 2076.7
1252100 2076.7
1252110 2073.9
1252120 2072.1
1252130 2072.1
1252140 2069.4
1252150 2065.4
1252160 2065.4
1252170 2060.4
1252180 2056.9
1252190 2056.9
1252200 2053.9
1252210 2051.5
1252220 2051.5
1252230 2048.3
1252240 2044.0
1252250 2044.0
1252260 2038.3
1252270 2032.4
1252280 2032.4
1252290 2026.6
1252300 2021.5
1252310 2017.4
1252320 2017.4
1252330 2013.6
1252340 2009.4
1252350 2009.4
1252360 2005.4
1252370 2001.3
1252380 2001.3
1252390 1997.6
1252400 1994.8
1252410 1994.8
1252420 1991.3
1252430 1988.4
1252440 1988.4
1252450 1986.0
1252460 1983.7
1252470 1983.7
1252480 1979.9
1252490 1973.8
1252500 1973.8
1252510 1966.3
1252520 1959.4
1252530 1959.4
1252540 1954.2
1252550 1949.4
1252560 1944.5
1252570 1944.5
1252580 1941.0
1252590 1938.1
1252600 1938.1
1252610 1934.4
1252620 1929.3
1252630 1929.3
1252640 1924.5
1252650 1919.3
1252660 1919.3
1252670 1912.9
1252680 1905.9
1252690 1905.9
1252700 1899.0
1252710 1893.3
1252720 1893.3
1252730 1887.0
1252740 1881.4
1252750 1881.4
1252760 1876.1
1252770 1870.7
1252780 1865.3
1252790 1865.3
1252800 1859.9
1252810 1854.2
1252820 1854.2
1252830 1848.5
1252840 1843.5
1252850 1843.5
1252860 1839.5
1252870 1835.3
1252880 1835.3
1252890 1831.6
1252900 1828.0
1252910 1828.0
1252920 1823.9
1252930 1819.8
1252940 1819.8
1252950 1814.7
1252960 1812.1
1252970 1812.1
1252980 1809.6
1252990 1806.0
1253000 1806.0
1253010 1801.9
1253020 1797.5
1253030 1793.6
1253040 1793.6
1253050 1790.0
1253060 1786.1
1253070 1786.1
1253080 1781.8
1253090 1777.8
1253100 1777.8
1253110 1773.5
1253120 1769.2
1253130 1769.2
1253140 1764.3
1253150 1759.0
1253160 1759.0
1253170 1753.5
1253180 1748.2
1253190 1748.2
1253200 1742.8
1253210 1737.4
1253220 1737.4
1253230 1732.5
1253240 1728.6
1253250 1728.6
1253260 1726.1
1253270 1723.0
1253280 1718.7
1253290 1718.7
1253300 1713.7
1253310 1707.2
1253320 1707.2
1253330 1700.7
1253340 1695.2
1253350 1695.2
1253360 1689.9
1253370 1686.2
1253380 1686.2
1253390 1685.1
1253400 1685.7
1253410 1685.7
1253420 1686.5
1253430 1687.4
1253440 1687.4
1253450 1689.2
1253460 1691.0
1253470 1691.0
1253480 1693.2
1253490 1695.7
1253500 1702.1
1253510 1702.1
1253520 1705.2
1253530 1709.2
1253540 1709.2
1253550 1713.6
1253560 1717.8
1253570 1717.8
1253580 1721.3
1253590 1726.2
1253600 1726.2
1253610 1729.9
1253620 1734.0
1253630 1734.0
1253640 1738.9
1253650 1743.7
1253660 1743.7
1253670 1748.8
1253680 1754.4
1253690 1754.4
1253700 1759.8
1253710 1765.6
1253720 1765.6
1253730 1771.0
1253740 1776.2
1253750 1782.0
1253760 1782.0
1253770 1787.0
1253780 1790.9
1253790 1790.9
1253800 1795.8
1253810 1803.4
1253820 1803.4
1253830 1810.3
1253840 1816.8
1253850 1816.8
1253860 1822.7
1253870 1828.3
1253880 1828.3
1253890 1833.1
1253900 1837.3
1253910 1837.3
1253920 1842.6
1253930 1848.4
1253940 1848.4
1253950 1854.3
1253960 1860.3
1253970 1860.3
1253980 1865.5
1253990 1870.3
1254000 1874.1
1254010 1874.1
1254020 1875.5
1254030 1874.7
1254040 1874.7
1254050 1879.8
1254060 1876.8
1254070 1876.8
1254080 1872.0
1254090 1871.0
1254100 1871.0
1254110 1876.5
1254120 1882.7
1254130 1882.7
1254140 1884.3
1254150 1882.7
1254160 1882.7
1254170 1880.9
1254180 1881.7
1254190 1881.7
1254200 1880.7
1254210 1877.6
1254220 1876.7
1254230 1876.7
1254240 1877.2
1254250 1875.2
1254260 1875.2
1254270 1872.6
1254280 1872.2
1254290 1872.2
1254300 1868.6
1254310 1870.2
1254320 1870.2
1254330 1873.7
1254340 1874.1
1254350 1874.1
1254360 1872.9
1254370 1872.4
1254380 1872.4
1254390 1872.3
1254400 1871.8
1254410 1871.8
1254420 1870.7
1254430 1870.0
1254440 1870.0
1254450 1868.9
1254460 1867.8
1254470 1866.4
1254480 1866.4
1254490 1862.9
1254500 1857.9
1254510 1857.9
1254520 1851.7
1254530 1845.2
1254540 1845.2
1254550 1838.8
1254560 1833.7
1254570 1833.7
1254580 1830.4
1254590 1827.4
1254600 1829.6
1254610 1826.6
1254620 1822.8
1254630 1822.8
1254640 1818.0
1254650 1812.1
1254660 1812.1
1254670 1805.9
1254680 1801.0
1254690 1801.0
1254700 1796.6
1254710 1790.7
1254720 1785.0
1254730 1785.0
1254740 1779.3
1254750 1775.4
1254760 1775.4
1254770 1779.1
1254780 1783.3
1254790 1783.3
1254800 1785.4
1254810 1787.1
1254820 1787.1
1254830 1788.8
1254840 1791.2
1254850 1791.2
1254860 1793.6
1254870 1795.9
1254880 1795.9
1254890 1797.9
1254900 1799.3
1254910 1799.3
1254920 1800.7
1254930 1803.4
1254940 1806.1
1254950 1806.1
1254960 1808.3
1254970 1810.0
1254980 1810.0
1254990 1812.6
1255000 1816.2
1255010 1816.2
1255020 1819.8
1255030 1822.6
1255040 1822.6
1255050 1827.4
1255060 1833.2
1255070 1833.2
1255080 1839.3
1255090 1845.6
1255100 1845.6
1255110 1852.0
1255120 1858.0
1255130 1858.0
1255140 1864.7
1255150 1870.6
1255160 1870.6
1255170 1877.5
1255180 1884.4
1255190 1891.2
1255200 1891.2
1255210 1897.9
1255220 1904.3
1255230 1904.3
1255240 1911.1
1255250 1918.3
1255260 1918.3
1255270 1925.4
1255280 1932.1
1255290 1932.1
1255300 1939.0
1255310 1946.1
1255320 1946.1
1255330 1953.3
1255340 1960.0
1255350 1960.0
1255360 1967.0
1255370 1974.3
1255380 1974.3
1255390 1981.5
1255400 1988.6
1255410 1988.6
1255420 1995.8
1255430 2003.1
1255440 2010.4
1255450 2010.4
1255460 2017.7
1255470 2024.0
1255480 2024.0
1255490 2028.8
1255500 2034.1
1255510 2034.1
1255520 2040.4
1255530 2047.2
1255540 2047.2
1255550 2053.8
1255560 2059.1
1255570 2059.1
1255580 2063.8
1255590 2068.4
1255600 2068.4
1255610 2072.5
1255620 2075.7
1255630 2075.7
1255640 2078.1
1255650 2079.5
1255660 2080.7
1255670 2080.7
1255680 2083.1
1255690 2085.7
1255700 2085.7
1255710 2092.5
1255720 2094.2
1255730 2094.2
1255740 2094.9
1255750 2096.6
1255760 2096.6
1255770 2098.8
1255780 2101.6
1255790 2101.6
1255800 2104.3
1255810 2107.3
1255820 2107.3
1255830 2110.9
1255840 2114.4
1255850 2114.4
1255860 2118.2
1255870 2122.2
1255880 2122.2
1255890 2126.4
1255900 2130.7
1255910 2135.0
1255920 2135.0
1255930 2139.3
1255940 2143.5
1255950 2143.5
1255960 2147.7
1255970 2152.4
1255980 2152.4
1255990 2157.7
1256000 2162.7
1256010 2162.7
1256020 2167.7
1256030 2172.6
1256040 2172.6
1256050 2177.6
1256060 2182.7
1256070 2182.7
1256080 2187.7
1256090 2193.0
1256100 2193.0
1256110 2198.7
1256120 2204.5
1256130 2204.5
1256140 2210.5
1256150 2217.1
1256160 2223.2
1256170 2223.2
1256180 2228.9
1256190 2234.5
1256200 2234.5
1256210 2240.0
1256220 2245.4
1256230 2245.4
1256240 2250.8
1256250 2256.9
1256260 2255.9
1256270 2262.0
1256280 2268.4
1256290 2268.4
1256300 2275.0
1256310 2281.7
1256320 2281.7
1256330 2288.9
1256340 2296.2
1256350 2296.2
1256360 2303.6
1256370 2311.9
1256380 2321.1
1256390 2321.1
1256400 2332.9
1256410 2343.0
1256420 2343.0
1256430 2358.0
1256440 2368.7
1256450 2368.7
1256460 2382.7
1256470 2394.8
1256480 2394.8
1256490 2401.8
1256500 2413.7
1256510 2413.7
1256520 2420.2
1256530 2425.2
1256540 2425.2
1256550 2428.3
1256560 2422.0
1256570 2422.0
1256580 2413.6
1256590 2406.9
1256600 2406.9
1256610 2397.0
1256620 2390.4
1256630 2389.7
1256640 2389.7
1256650 2390.3
1256660 2384.7
1256670 2384.7
1256680 2370.3
1256690 2363.8
1256700 2363.8
1256710 2358.0
1256720 2351.4
1256730 2351.4
1256740 2348.6
1256750 2346.9
1256760 2346.9
1256770 2344.1
1256780 2339.9
1256790 2339.9
1256800 2335.0
1256810 2329.6
1256820 2333.4
1256830 2326.9
1256840 2320.6
1256850 2320.6
1256860 2315.4
1256870 2310.4
1256880 2306.2
1256890 2306.2
1256900 2305.4
1256910 2305.2
1256920 2305.2
1256930 2304.2
1256940 2304.9
1256950 2304.9
1256960 2309.1
1256970 2312.5
1256980 2312.5
1256990 2315.1
1257000 2316.6
1257010 2316.6
1257020 2316.9
1257030 2315.4
1257040 2315.4
1257050 2312.9
1257060 2311.2
1257070 2311.2
1257080 2308.9
1257090 2307.6
1257100 2310.8
1257110 2310.8
1257120 2314.0
1257130 2317.3
1257140 2317.3
1257150 2320.1
1257160 2322.9
1257170 2322.9
1257180 2327.5
1257190 2331.9
1257200 2331.9
1257210 2335.8
1257220 2339.7
1257230 2339.7
1257240 2344.1
1257250 2349.3
1257260 2349.3
1257270 2354.8
1257280 2360.4
1257290 2360.4
1257300 2365.9
1257310 2370.8
1257320 2370.8
1257330 2375.8
1257340 2383.9
1257350 2397.0
1257360 2397.0
1257370 2426.1
1257380 2441.6
1257390 2441.6
1257400 2454.5
1257410 2440.9
1257420 2440.9
1257430 2423.0
1257440 2423.1
1257450 2423.1
1257460 2430.4
1257470 2436.3
1257480 2436.3
1257490 2440.5
1257500 2444.4
1257510 2444.4
1257520 2450.5
1257530 2457.4
1257540 2457.4
1257550 2464.4
1257560 2471.7
1257570 2471.7
1257580 2479.3
1257590 2483.8
1257600 2477.5
1257610 2477.5
1257620 2476.1
1257630 2480.7
1257640 2480.7
1257650 2479.2
1257660 2474.8
1257670 2474.8
1257680 2464.1
1257690 2455.3
1257700 2455.3
1257710 2459.1
1257720 2453.2
1257730 2453.2
1257740 2453.8
1257750 2441.3
1257760 2441.3
1257770 2420.2
1257780 2420.9
1257790 2420.9
1257800 2398.1
1257810 2364.5
1257820 2350.6
1257830 2350.6
1257840 2346.8
1257850 2350.0
1257860 2350.0
1257870 2359.4
1257880 2352.6
1257890 2352.6
1257900 2341.7
1257910 2342.5
1257920 2342.5
1257930 2338.3
1257940 2348.0
1257950 2348.0
1257960 2325.6
1257970 2321.6
1257980 2321.6
1257990 2319.2
1258000 2317.0
1258010 2317.0
1258020 2315.5
1258030 2314.0
1258040 2314.0
1258050 2313.8
1258060 2315.5
1258070 2317.3
1258080 2317.3
1258090 2320.5
1258100 2324.9
1258110 2324.9
1258120 2323.3
1258130 2327.0
1258140 2327.0
1258150 2331.6
1258160 2332.8
1258170 2332.8
1258180 2332.6
1258190 2332.3
1258200 2332.3
1258210 2334.7
1258220 2339.3
1258230 2339.3
1258240 2346.0
1258250 2351.8
1258260 2351.8
1258270 2350.5
1258280 2348.7
1258290 2348.7
1258300 2350.5
1258310 2355.0
1258320 2362.2
1258330 2362.2
1258340 2371.7
1258350 2384.4
1258360 2384.4
1258370 2418.7
1258380 2435.9
1258390 2435.9
1258400 2441.7
1258410 2443.6
1258420 2443.6
1258430 2448.4
1258440 2457.0
1258450 2457.0
1258460 2461.5
1258470 2469.2
1258480 2469.2
1258490 2474.4
1258500 2477.7
1258510 2477.7
1258520 2463.2
1258530 2441.4
1258540 2414.6
1258550 2414.6
1258560 2398.2
1258570 2398.2
1258580 2398.2
1258590 2399.7
1258600 2402.2
1258610 2402.2
1258620 2410.6
1258630 2427.9
1258640 2427.9
1258650 2444.5
1258660 2454.3
1258670 2454.3
1258680 2470.0
1258690 2511.7
1258700 2511.7
1258710 2527.5
1258720 2535.8
1258730 2535.8
1258740 2546.0
1258750 2554.3
1258760 2554.3
1258770 2563.5
1258780 2576.8
1258790 2585.4
1258800 2585.4
1258810 2591.4
1258820 2598.2
1258830 2598.2
1258840 2607.2
1258850 2611.0
1258860 2611.0
1258870 2610.3
1258880 2607.4
1258890 2607.4
1258900 2606.5
1258910 2597.5
1258920 2597.5
1258930 2586.4
1258940 2575.6
1258950 2575.6
1258960 2564.6
1258970 2554.2
1258980 2554.2
1258990 2541.3
1259000 2514.0
1259010 2514.0
1259020 2513.1
1259030 2494.5
1259040 2479.6
1259050 2479.6
1259060 2467.6
1259070 2461.8
1259080 2461.8
1259090 2458.1
1259100 2455.1
1259110 2455.1
1259120 2457.0
1259130 2472.9
1259140 2472.9
1259150 2477.9
1259160 2474.5
1259170 2474.5
1259180 2468.9
1259190 2464.4
1259200 2464.4
1259210 2458.6
1259220 2450.8
1259230 2450.8
1259240 2452.8
1259250 2440.1
1259260 2430.4
1259270 2430.4
1259280 2432.2
1259290 2438.2
1259300 2438.2
1259310 2444.1
1259320 2446.4
1259330 2446.4
1259340 2450.8
1259350 2455.6
1259360 2455.6
1259370 2461.5
1259380 2468.8
1259390 2468.8
1259400 2474.2
1259410 2479.9
1259420 2479.9
1259430 2480.9
1259440 2476.4
1259450 2476.4
1259460 2468.6
1259470 2460.1
1259480 2460.1
1259490 2451.2
1259500 2439.9
1259510 2428.8
1259520 2428.8
1259530 2419.7
1259540 2409.5
1259550 2409.5
1259560 2398.7
1259570 2390.0
1259580 2390.0
1259590 2381.0
1259600 2371.5
1259610 2371.5
1259620 2364.1
1259630 2351.7
1259640 2351.7
1259650 2342.6
1259660 2337.7
1259670 2337.7
1259680 2331.3
1259690 2323.1
1259700 2323.1
1259710 2317.9
1259720 2317.8
1259730 2317.8
1259740 2302.3
1259750 2282.9
1259760 2268.4
1259770 2268.4
1259780 2260.2
1259790 2261.4
1259800 2261.4
1259810 2264.0
1259820 2263.4
1259830 2263.4
1259840 2252.0
1259850 2246.1
1259860 2246.1
1259870 2240.1
1259880 2236.8
1259890 2236.8
1259900 2227.5
1259910 2213.5
1259920 2213.5
1259930 2196.5
1259940 2187.3
1259950 2187.3
1259960 2177.2
1259970 2162.4
1259980 2146.1
1259990 2146.1
