1240000 1830.6
1240010 1830.6
1240020 1823.4
1240030 1816.6
1240040 1816.6
1240050 1810.1
1240060 1802.7
1240070 1802.7
1240080 1797.5
1240090 1789.9
1240100 1789.7
1240110 1780.7
1240120 1770.6
1240130 1770.6
1240140 1762.4
1240150 1754.6
1240160 1754.6
1240170 1746.8
1240180 1738.7
1240190 1738.7
1240200 1730.0
1240210 1722.3
1240220 1716.2
1240230 1716.2
1240240 1710.1
1240250 1703.7
1240260 1703.7
1240270 1697.5
1240280 1691.6
1240290 1691.6
1240300 1685.6
1240310 1679.7
1240320 1679.7
1240330 1672.8
1240340 1663.3
1240350 1663.3
1240360 1652.4
1240370 1643.0
1240380 1643.0
1240390 1635.4
1240400 1627.1
1240410 1627.1
1240420 1619.0
1240430 1612.1
1240440 1612.1
1240450 1603.8
1240460 1596.1
1240470 1587.4
1240480 1587.4
1240490 1579.7
1240500 1571.0
1240510 1571.0
1240520 1561.5
1240530 1553.2
1240540 1553.2
1240550 1545.2
1240560 1537.8
1240570 1537.8
1240580 1529.9
1240590 1521.8
1240600 1521.8
1240610 1514.5
1240620 1504.4
1240630 1504.4
1240640 1497.1
1240650 1489.8
1240660 1489.8
1240670 1482.2
1240680 1474.9
1240690 1467.4
1240700 1467.4
1240710 1460.2
1240720 1453.1
1240730 1453.1
1240740 1445.9
1240750 1438.4
1240760 1438.4
1240770 1430.4
1240780 1422.7
1240790 1422.7
1240800 1414.7
1240810 1406.9
1240820 1406.9
1240830 1399.3
1240840 1392.0
1240850 1392.0
1240860 1384.9
1240870 1377.7
1240880 1377.7
1240890 1370.5
1240900 1363.3
1240910 1363.3
1240920 1356.5
1240930 1350.3
1240940 1344.6
1240950 1344.6
1240960 1339.1
1240970 1334.0
1240980 1334.0
1240990 1329.0
1241000 1324.1
1241010 1324.1
1241020 1319.1
1241030 1314.1
1241040 1314.1
1241050 1309.5
1241060 1304.9
1241070 1304.9
1241080 1300.2
1241090 1295.9
1241100 1295.9
1241110 1291.2
1241120 1286.6
1241130 1286.6
1241140 1279.2
1241150 1275.6
1241160 1275.6
1241170 1272.6
1241180 1269.4
1241190 1265.3
1241200 1265.3
1241210 1261.4
1241220 1256.6
1241230 1256.6
1241240 1255.3
1241250 1253.4
1241260 1253.4
1241270 1247.9
1241280 1243.3
1241290 1243.3
1241300 1240.6
1241310 1237.4
1241320 1237.4
1241330 1234.2
1241340 1234.0
1241350 1234.0
1241360 1241.5
1241370 1237.5
1241380 1237.5
1241390 1232.3
1241400 1231.5
1241410 1231.5
1241420 1231.1
1241430 1229.3
1241440 1227.0
1241450 1227.0
1241460 1228.3
1241470 1229.3
1241480 1229.3
1241490 1229.0
1241500 1229.3
1241510 1229.3
1241520 1231.5
1241530 1236.1
1241540 1236.1
1241550 1243.7
1241560 1251.7
1241570 1251.7
1241580 1258.4
1241590 1265.7
1241600 1265.7
1241610 1273.1
1241620 1280.5
1241630 1280.5
1241640 1286.2
1241650 1287.4
1241660 1287.5
1241670 1289.2
1241680 1290.5
1241690 1292.4
1241700 1292.4
1241710 1294.1
1241720 1296.8
1241730 1296.8
1241740 1300.5
1241750 1305.2
1241760 1305.2
1241770 1310.4
1241780 1316.2
1241790 1316.2
1241800 1322.3
1241810 1328.3
1241820 1328.3
1241830 1333.7
1241840 1338.8
1241850 1338.8
1241860 1344.0
1241870 1349.1
1241880 1349.1
1241890 1354.2
1241900 1359.9
1241910 1365.9
1241920 1365.9
1241930 1372.2
1241940 1378.4
1241950 1378.4
1241960 1384.9
1241970 1391.7
1241980 1391.7
1241990 1398.9
1242000 1406.4
1242010 1406.4
1242020 1413.2
1242030 1420.2
1242040 1420.2
1242050 1426.8
1242060 1433.0
1242070 1433.0
1242080 1438.9
1242090 1444.5
1242100 1444.5
1242110 1450.4
1242120 1456.0
1242130 1456.0
1242140 1460.6
1242150 1464.5
1242160 1467.8
1242170 1467.8
1242180 1474.6
1242190 1477.8
1242200 1477.8
1242210 1477.9
1242220 1475.1
1242230 1475.1
1242240 1469.8
1242250 1464.3
1242260 1464.3
1242270 1460.5
1242280 1461.5
1242290 1461.5
1242300 1468.3
1242310 1478.1
1242320 1478.1
1242330 1487.6
1242340 1496.1
1242350 1496.1
1242360 1504.1
1242370 1511.9
1242380 1511.9
1242390 1519.9
1242400 1527.6
1242410 1534.9
1242420 1534.9
1242430 1541.0
1242440 1549.5
1242450 1549.5
1242460 1561.5
1242470 1574.1
1242480 1574.1
1242490 1582.7
1242500 1589.7
1242510 1589.7
1242520 1596.5
1242530 1603.4
1242540 1603.4
1242550 1610.3
1242560 1617.4
1242570 1617.4
1242580 1625.2
1242590 1634.1
1242600 1634.1
1242610 1642.1
1242620 1649.8
1242630 1649.8
1242640 1657.1
1242650 1664.4
1242660 1672.3
1242670 1672.3
1242680 1680.5
1242690 1689.2
1242700 1689.2
1242710 1700.1
1242720 1708.3
1242730 1708.3
1242740 1716.1
1242750 1724.3
1242760 1724.3
1242770 1732.1
1242780 1739.0
1242790 1739.0
1242800 1744.8
1242810 1750.6
1242820 1750.6
1242830 1756.4
1242840 1761.4
1242850 1761.4
1242860 1765.4
1242870 1768.6
1242880 1768.6
1242890 1770.9
1242900 1772.9
1242910 1775.0
1242920 1775.0
1242930 1775.7
1242940 1773.8
1242950 1773.8
1242960 1773.6
1242970 1775.5
1242980 1775.5
1242990 1774.4
1243000 1773.4
1243010 1773.4
1243020 1776.2
1243030 1780.3
1243040 1780.3
1243050 1783.8
1243060 1788.0
1243070 1788.0
1243080 1789.3
1243090 1786.0
1243100 1786.0
1243110 1783.7
1243120 1782.4
1243130 1779.2
1243140 1779.2
1243150 1771.1
1243160 1762.6
1243170 1762.6
1243180 1752.9
1243190 1750.1
1243200 1750.1
1243210 1746.6
1243220 1746.0
1243230 1757.7
1243240 1763.4
1243250 1769.6
1243260 1769.6
1243270 1779.0
1243280 1788.0
1243290 1788.0
1243300 1792.0
1243310 1798.1
1243320 1798.1
1243330 1805.0
1243340 1812.5
1243350 1812.5
1243360 1820.1
1243370 1827.8
1243380 1835.6
1243390 1835.6
1243400 1842.4
1243410 1849.9
1243420 1849.9
1243430 1856.5
1243440 1862.6
1243450 1862.6
1243460 1867.8
1243470 1870.6
1243480 1870.6
1243490 1874.7
1243500 1877.0
1243510 1877.0
1243520 1880.0
1243530 1882.8
1243540 1882.8
1243550 1883.0
1243560 1883.9
1243570 1883.9
1243580 1888.0
1243590 1890.9
1243600 1890.9
1243610 1895.4
1243620 1898.8
1243630 1904.1
1243640 1904.1
1243650 1909.7
1243660 1916.1
1243670 1916.1
1243680 1923.2
1243690 1931.4
1243700 1931.4
1243710 1939.0
1243720 1946.2
1243730 1946.2
1243740 1953.6
1243750 1961.3
1243760 1964.1
1243770 1971.0
1243780 1976.5
1243790 1976.5
1243800 1981.9
1243810 1987.1
1243820 1987.1
1243830 1991.8
1243840 1995.9
1243850 1995.9
1243860 2000.4
1243870 2004.4
1243880 2008.6
1243890 2008.6
1243900 2011.8
1243910 2016.0
1243920 2016.0
1243930 2020.1
1243940 2025.3
1243950 2025.3
1243960 2030.9
1243970 2035.5
1243980 2035.5
1243990 2038.5
1244000 2041.2
1244010 2041.2
1244020 2044.6
1244030 2045.5
1244040 2045.5
1244050 2046.1
1244060 2048.4
1244070 2048.4
1244080 2050.6
1244090 2052.9
1244100 2052.9
1244110 2054.7
1244120 2055.2
1244130 2055.3
1244140 2055.3
1244150 2055.8
1244160 2055.9
1244170 2055.9
1244180 2054.6
1244190 2051.9
1244200 2051.9
1244210 2049.2
1244220 2046.4
1244230 2046.4
1244240 2042.3
1244250 2037.7
1244260 2037.7
1244270 2033.4
1244280 2029.9
1244290 2034.6
1244300 2030.3
1244310 2025.2
1244320 2025.2
1244330 2019.7
1244340 2015.5
1244350 2015.0
1244360 2015.0
1244370 2017.8
1244380 2021.5
1244390 2021.5
1244400 2022.7
1244410 2023.2
1244420 2023.2
1244430 2022.7
1244440 2022.2
1244450 2022.2
1244460 2022.0
1244470 2023.8
1244480 2023.8
1244490 2024.5
1244500 2025.0
1244510 2025.0
1244520 2024.4
1244530 2023.8
1244540 2023.8
1244550 2023.7
1244560 2023.1
1244570 2023.1
1244580 2022.9
1244590 2023.1
1244600 2024.4
1244610 2024.4
1244620 2026.1
1244630 2027.2
1244640 2027.2
1244650 2028.8
1244660 2033.2
1244670 2033.2
1244680 2038.4
1244690 2043.6
1244700 2043.6
1244710 2048.5
1244720 2053.7
1244730 2053.7
1244740 2061.7
1244750 2069.6
1244760 2069.6
1244770 2076.5
1244780 2082.7
1244790 2082.7
1244800 2089.8
1244810 2097.4
1244820 2102.4
1244830 2110.5
1244840 2120.6
1244850 2131.2
1244860 2131.2
1244870 2136.1
1244880 2145.0
1244890 2145.0
1244900 2155.4
1244910 2162.6
1244920 2162.6
1244930 2169.3
1244940 2176.1
1244950 2176.1
1244960 2183.9
1244970 2191.4
1244980 2191.4
1244990 2194.2
1245000 2196.3
1245010 2196.3
1245020 2198.8
1245030 2196.8
1245040 2196.8
1245050 2193.3
1245060 2194.8
1245070 2194.8
1245080 2192.8
1245090 2186.1
1245100 2185.8
1245110 2185.8
1245120 2193.5
1245130 2204.2
1245140 2204.2
1245150 2204.6
1245160 2201.1
1245170 2201.1
1245180 2197.8
1245190 2194.6
1245200 2194.6
1245210 2191.7
1245220 2188.9
1245230 2188.9
1245240 2187.5
1245250 2186.4
1245260 2186.4
1245270 2184.9
1245280 2181.5
1245290 2181.5
1245300 2177.4
1245310 2174.3
1245320 2174.3
1245330 2173.1
1245340 2173.1
1245350 2178.7
1245360 2178.7
1245370 2180.2
1245380 2183.1
1245390 2183.1
1245400 2187.2
1245410 2192.6
1245420 2192.6
1245430 2198.3
1245440 2205.3
1245450 2205.3
1245460 2211.3
1245470 2216.9
1245480 2216.9
1245490 2222.4
1245500 2224.2
1245510 2224.2
1245520 2221.6
1245530 2216.5
1245540 2216.5
1245550 2210.0
1245560 2203.0
1245570 2196.3
1245580 2196.3
1245590 2190.0
1245600 2183.5
1245610 2183.5
1245620 2176.8
1245630 2170.4
1245640 2170.4
1245650 2163.9
1245660 2158.1
1245670 2158.1
1245680 2152.8
1245690 2147.8
1245700 2147.8
1245710 2142.7
1245720 2137.6
1245730 2137.6
1245740 2132.0
1245750 2126.5
1245760 2126.5
1245770 2122.2
1245780 2117.7
1245790 2117.7
1245800 2113.5
1245810 2109.0
1245820 2104.1
1245830 2104.1
1245840 2100.2
1245850 2096.8
1245860 2096.8
1245870 2093.4
1245880 2093.0
1245890 2093.0
1245900 2089.9
1245910 2086.8
1245920 2086.8
1245930 2082.9
1245940 2080.6
1245950 2080.6
1245960 2077.5
1245970 2073.6
1245980 2073.6
1245990 2069.7
1246000 2065.9
1246010 2065.9
1246020 2062.7
1246030 2058.7
1246040 2058.7
1246050 2054.1
1246060 2049.3
1246070 2043.7
1246080 2043.7
1246090 2036.6
1246100 2028.9
1246110 2028.9
1246120 2023.4
1246130 2018.8
1246140 2018.8
1246150 2013.7
1246160 2008.4
1246170 2008.4
1246180 2003.8
1246190 1998.9
1246200 1998.9
1246210 1994.2
1246220 1989.6
1246230 1989.6
1246240 1985.3
1246250 1980.0
1246260 1980.0
1246270 1974.7
1246280 1969.4
1246290 1969.4
1246300 1964.1
1246310 1959.1
1246320 1954.4
1246330 1954.4
1246340 1949.9
1246350 1945.4
1246360 1945.4
1246370 1941.2
1246380 1937.7
1246390 1937.7
1246400 1934.0
1246410 1932.4
1246420 1932.4
1246430 1928.2
1246440 1923.7
1246450 1923.7
1246460 1919.2
1246470 1914.7
1246480 1914.7
1246490 1910.4
1246500 1906.8
1246510 1906.8
1246520 1903.4
1246530 1900.8
1246540 1900.8
1246550 1899.3
1246560 1897.8
1246570 1896.0
1246580 1896.0
1246590 1894.5
1246600 1892.3
1246610 1892.3
1246620 1890.1
1246630 1888.1
1246640 1888.1
1246650 1886.2
1246660 1884.9
1246670 1884.9
1246680 1883.8
1246690 1882.8
1246700 1882.8
1246710 1881.9
1246720 1881.1
1246730 1881.1
1246740 1880.3
1246750 1879.7
1246760 1879.7
1246770 1878.9
1246780 1878.2
1246790 1877.0
1246800 1877.0
1246810 1875.3
1246820 1874.0
1246830 1874.0
1246840 1873.7
1246850 1873.6
1246860 1873.6
1246870 1872.9
1246880 1871.6
1246890 1871.6
1246900 1870.6
1246910 1869.8
1246920 1869.8
1246930 1868.9
1246940 1867.4
1246950 1870.7
1246960 1869.5
1246970 1868.3
1246980 1868.3
1246990 1866.7
1247000 1865.1
1247010 1865.1
1247020 1863.4
1247030 1861.6
1247040 1859.2
1247050 1859.2
1247060 1856.2
1247070 1853.4
1247080 1853.4
1247090 1851.0
1247100 1849.2
1247110 1849.2
1247120 1847.5
1247130 1844.5
1247140 1844.5
1247150 1841.1
1247160 1838.6
1247170 1838.6
1247180 1836.7
1247190 1834.5
1247200 1834.5
1247210 1832.3
1247220 1830.4
1247230 1830.4
1247240 1828.2
1247250 1826.1
1247260 1826.1
1247270 1824.0
1247280 1822.1
1247290 1820.6
1247300 1820.6
1247310 1819.2
1247320 1817.7
1247330 1817.7
1247340 1816.4
1247350 1815.6
1247360 1815.6
1247370 1815.1
1247380 1814.5
1247390 1814.5
1247400 1813.9
1247410 1813.3
1247420 1813.3
1247430 1811.9
1247440 1806.5
1247450 1806.5
1247460 1801.1
1247470 1795.7
1247480 1796.1
1247490 1789.2
1247500 1783.5
1247510 1783.5
1247520 1783.5
1247530 1788.4
1247540 1793.5
1247550 1793.5
1247560 1798.9
1247570 1803.0
1247580 1803.0
1247590 1807.4
1247600 1811.1
1247610 1811.1
1247620 1814.0
1247630 1816.6
1247640 1816.6
1247650 1818.9
1247660 1821.0
1247670 1821.0
1247680 1823.1
1247690 1824.5
1247700 1824.5
1247710 1825.3
1247720 1826.5
1247730 1826.5
1247740 1828.3
1247750 1830.3
1247760 1832.1
1247770 1832.1
1247780 1833.7
1247790 1835.0
1247800 1835.0
1247810 1836.9
1247820 1839.9
1247830 1839.9
1247840 1843.4
1247850 1847.1
1247860 1847.1
1247870 1851.2
1247880 1855.3
1247890 1855.3
1247900 1858.9
1247910 1861.4
1247920 1861.4
1247930 1861.9
1247940 1860.8
1247950 1860.8
1247960 1858.4
1247970 1854.6
1247980 1854.6
1247990 1849.6
1248000 1844.5
1248010 1837.3
1248020 1834.1
1248030 1824.2
1248040 1815.8
1248050 1815.8
1248060 1808.4
1248070 1801.8
1248080 1801.8
1248090 1795.1
1248100 1789.5
1248110 1789.5
1248120 1783.8
1248130 1777.3
1248140 1777.3
1248150 1770.1
1248160 1763.5
1248170 1763.5
1248180 1757.9
1248190 1753.2
1248200 1753.2
1248210 1747.2
1248220 1737.9
1248230 1737.9
1248240 1729.9
1248250 1723.2
1248260 1717.2
1248270 1717.2
1248280 1711.3
1248290 1704.8
1248300 1704.8
1248310 1697.9
1248320 1691.5
1248330 1691.5
1248340 1685.0
1248350 1678.5
1248360 1678.5
1248370 1671.6
1248380 1664.3
1248390 1664.3
1248400 1656.0
1248410 1647.1
1248420 1647.1
1248430 1639.5
1248440 1631.1
1248450 1631.1
1248460 1623.5
1248470 1616.4
1248480 1616.4
1248490 1609.7
1248500 1603.0
1248510 1596.5
1248520 1596.5
1248530 1589.9
1248540 1583.9
1248550 1583.9
1248560 1576.6
1248570 1570.5
1248580 1570.5
1248590 1565.3
1248600 1559.7
1248610 1559.7
1248620 1553.6
1248630 1547.1
1248640 1547.1
1248650 1540.8
1248660 1534.2
1248670 1534.2
1248680 1527.6
1248690 1521.5
1248700 1521.5
1248710 1515.7
1248720 1509.1
1248730 1509.1
1248740 1502.4
1248750 1496.1
1248760 1489.4
1248770 1489.4
1248780 1483.3
1248790 1477.5
1248800 1477.5
1248810 1471.9
1248820 1466.2
1248830 1466.2
1248840 1459.8
1248850 1453.7
1248860 1453.7
1248870 1447.4
1248880 1441.9
1248890 1441.9
1248900 1436.5
1248910 1430.0
1248920 1430.0
1248930 1424.6
1248940 1419.6
1248950 1419.6
1248960 1414.2
1248970 1408.1
1248980 1401.7
1248990 1401.7
1249000 1395.0
1249010 1387.7
1249020 1387.7
1249030 1381.2
1249040 1375.0
1249050 1375.0
1249060 1368.4
1249070 1362.5
1249080 1362.5
1249090 1364.3
1249100 1358.2
1249110 1358.2
1249120 1352.0
1249130 1346.3
1249140 1346.3
1249150 1340.7
1249160 1336.5
1249170 1336.5
1249180 1332.6
1249190 1328.7
1249200 1328.7
1249210 1323.8
1249220 1318.4
1249230 1313.2
1249240 1313.2
1249250 1307.5
1249260 1301.7
1249270 1301.7
1249280 1295.6
1249290 1291.5
1249300 1291.5
1249310 1288.0
1249320 1283.2
1249330 1283.2
1249340 1276.7
1249350 1273.3
1249360 1273.3
1249370 1273.0
1249380 1275.0
1249390 1275.0
1249400 1278.2
1249410 1281.1
1249420 1281.1
1249430 1282.7
1249440 1286.7
1249450 1286.7
1249460 1290.3
1249470 1293.6
1249480 1298.2
1249490 1298.2
1249500 1301.8
1249510 1303.8
1249520 1303.8
1249530 1305.3
1249540 1307.5
1249550 1307.5
1249560 1311.1
1249570 1315.3
1249580 1315.3
1249590 1318.3
1249600 1320.7
1249610 1320.7
1249620 1324.1
1249630 1327.8
1249640 1327.8
1249650 1332.1
1249660 1337.9
1249670 1337.9
1249680 1344.3
1249690 1349.3
1249700 1349.3
1249710 1353.0
1249720 1356.1
1249730 1358.7
1249740 1358.7
1249750 1361.8
1249760 1365.6
1249770 1365.6
1249780 1369.4
1249790 1373.1
1249800 1373.1
1249810 1376.9
1249820 1380.8
1249830 1380.8
1249840 1385.0
1249850 1389.5
1249860 1389.5
1249870 1393.9
1249880 1398.2
1249890 1398.2
1249900 1402.4
1249910 1406.9
1249920 1406.9
1249930 1411.6
1249940 1416.4
1249950 1416.4
1249960 1421.0
1249970 1425.7
1249980 1430.5
1249990 1430.5
1250000 1435.4
1250010 1440.5
1250020 1440.5
1250030 1445.2
1250040 1449.8
1250050 1449.8
1250060 1454.7
1250070 1460.3
1250080 1460.3
1250090 1466.6
1250100 1471.8
1250110 1471.8
1250120 1475.2
1250130 1480.7
1250140 1480.7
1250150 1488.2
1250160 1495.8
1250170 1495.2
1250180 1503.7
1250190 1510.1
1250200 1518.2
1250210 1518.2
1250220 1527.1
1250230 1534.6
1250240 1534.6
1250250 1541.5
1250260 1548.1
1250270 1548.1
1250280 1554.3
1250290 1560.8
1250300 1560.8
1250310 1567.6
1250320 1574.8
1250330 1574.8
1250340 1582.0
1250350 1589.5
1250360 1589.5
1250370 1596.9
1250380 1604.0
1250390 1604.0
1250400 1610.9
1250410 1616.7
1250420 1616.7
1250430 1622.5
1250440 1628.6
1250450 1635.2
1250460 1635.2
1250470 1641.2
1250480 1648.0
1250490 1648.0
1250500 1655.1
1250510 1661.8
1250520 1661.8
1250530 1668.1
1250540 1674.1
1250550 1674.1
1250560 1679.3
1250570 1682.8
1250580 1682.8
1250590 1683.7
1250600 1686.5
1250610 1686.5
1250620 1690.7
1250630 1695.9
1250640 1695.9
1250650 1702.0
1250660 1706.8
1250670 1706.8
1250680 1711.8
1250690 1716.5
1250700 1721.0
1250710 1721.0
1250720 1723.9
1250730 1726.9
1250740 1726.9
1250750 1728.5
1250760 1730.0
1250770 1730.0
1250780 1731.9
1250790 1733.5
1250800 1733.5
1250810 1735.0
1250820 1736.6
1250830 1736.6
1250840 1738.1
1250850 1739.6
1250860 1739.6
1250870 1742.2
1250880 1745.3
1250890 1745.3
1250900 1751.6
1250910 1758.4
1250920 1758.4
1250930 1766.2
1250940 1774.2
1250950 1780.1
1250960 1780.1
1250970 1784.2
1250980 1789.4
1250990 1789.4
1251000 1795.1
1251010 1798.6
1251020 1798.6
1251030 1802.0
1251040 1808.9
1251050 1808.9
1251060 1815.9
1251070 1820.3
1251080 1820.3
1251090 1827.1
1251100 1834.3
1251110 1834.3
1251120 1837.4
1251130 1839.6
1251140 1839.6
1251150 1842.8
1251160 1846.7
1251170 1846.7
1251180 1850.8
1251190 1856.3
1251200 1862.4
1251210 1862.4
1251220 1868.2
1251230 1874.1
1251240 1874.1
1251250 1881.4
1251260 1889.3
1251270 1889.3
1251280 1898.9
1251290 1907.2
1251300 1907.2
1251310 1916.5
1251320 1925.9
1251330 1925.9
1251340 1934.3
1251350 1942.6
1251360 1942.6
1251370 1950.7
1251380 1958.5
1251390 1958.5
1251400 1965.8
1251410 1973.3
1251420 1980.5
1251430 1980.5
1251440 1987.8
1251450 1994.9
1251460 1994.9
1251470 2002.2
1251480 2009.8
1251490 2009.8
1251500 2017.5
1251510 2024.9
1251520 2024.9
1251530 2032.0
1251540 2039.2
1251550 2039.2
1251560 2046.9
1251570 2054.6
1251580 2054.6
1251590 2062.6
1251600 2070.3
1251610 2070.3
1251620 2078.0
1251630 2086.0
1251640 2086.0
1251650 2092.8
1251660 2099.7
1251670 2107.2
1251680 2107.2
1251690 2114.7
1251700 2121.6
1251710 2121.6
1251720 2127.5
1251730 2133.0
1251740 2133.0
1251750 2138.2
1251760 2142.4
1251770 2142.4
1251780 2145.9
1251790 2148.4
1251800 2148.4
1251810 2143.2
1251820 2136.8
1251830 2136.8
1251840 2130.6
1251850 2123.8
1251860 2123.8
1251870 2116.0
1251880 2109.8
1251890 2109.8
1251900 2105.7
1251910 2099.8
1251920 2092.2
1251930 2092.2
1251940 2085.3
1251950 2078.2
1251960 2078.2
1251970 2070.7
1251980 2063.4
1251990 2063.4
1252000 2056.3
1252010 2049.1
1252020 2049.1
1252030 2042.3
1252040 2035.3
1252050 2035.3
1252060 2028.1
1252070 2021.3
1252080 2021.3
1252090 2014.3
1252100 2007.3
1252110 2007.3
1252120 1999.5
1252130 1992.1
1252140 1992.1
1252150 1985.6
1252160 1979.0
1252170 1971.5
1252180 1971.5
1252190 1963.5
1252200 1955.7
1252210 1955.7
1252220 1948.3
1252230 1942.0
1252240 1942.0
1252250 1935.6
1252260 1928.7
1252270 1928.7
1252280 1921.0
1252290 1913.0
1252300 1913.0
1252310 1905.5
1252320 1897.9
1252330 1897.9
1252340 1889.7
1252350 1882.4
1252360 1882.4
1252370 1873.3
1252380 1864.1
1252390 1855.7
1252400 1855.7
1252410 1848.5
1252420 1842.7
1252430 1842.7
1252440 1836.7
1252450 1829.5
1252460 1829.5
1252470 1822.7
1252480 1815.1
1252490 1815.1
1252500 1808.6
1252510 1802.5
1252520 1802.5
1252530 1797.0
1252540 1790.2
1252550 1790.2
1252560 1783.7
1252570 1777.1
1252580 1777.1
1252590 1770.5
1252600 1764.6
1252610 1764.6
1252620 1759.6
1252630 1755.3
1252640 1750.4
1252650 1750.4
1252660 1744.7
1252670 1738.8
1252680 1738.8
1252690 1733.0
1252700 1727.6
1252710 1727.6
1252720 1723.4
1252730 1719.8
1252740 1719.8
1252750 1716.6
1252760 1712.4
1252770 1712.4
1252780 1708.0
1252790 1703.0
1252800 1703.0
1252810 1698.9
1252820 1694.8
1252830 1694.8
1252840 1690.4
1252850 1686.2
1252860 1686.2
1252870 1681.6
1252880 1676.9
1252890 1672.3
1252900 1676.1
1252910 1670.7
1252920 1666.0
1252930 1666.0
1252940 1661.4
1252950 1657.0
1252960 1657.0
1252970 1652.9
1252980 1649.0
1252990 1649.0
1253000 1644.3
1253010 1641.1
1253020 1641.1
1253030 1635.7
1253040 1630.7
1253050 1630.7
1253060 1625.9
1253070 1621.2
1253080 1621.2
1253090 1615.9
1253100 1610.1
1253110 1610.1
1253120 1604.6
1253130 1599.7
1253140 1594.6
1253150 1594.6
1253160 1588.8
1253170 1582.2
1253180 1582.2
1253190 1577.0
1253200 1573.9
1253210 1573.9
1253220 1570.4
1253230 1566.8
1253240 1566.8
1253250 1563.0
1253260 1558.6
1253270 1558.6
1253280 1553.7
1253290 1548.2
1253300 1548.2
1253310 1544.0
1253320 1540.6
1253330 1540.6
1253340 1537.9
1253350 1534.4
1253360 1534.4
1253370 1532.0
1253380 1528.5
1253390 1522.9
1253400 1522.9
1253410 1518.1
1253420 1515.3
1253430 1515.3
1253440 1513.2
1253450 1511.3
1253460 1511.3
1253470 1509.5
1253480 1509.5
1253490 1509.5
1253500 1512.3
1253510 1514.0
1253520 1514.0
1253530 1515.0
1253540 1516.0
1253550 1516.0
1253560 1516.6
1253570 1517.0
1253580 1517.0
1253590 1517.1
1253600 1516.3
1253610 1515.5
1253620 1515.5
1253630 1512.1
1253640 1503.2
1253650 1503.2
1253660 1495.7
1253670 1491.6
1253680 1491.6
1253690 1489.4
1253700 1488.1
1253710 1488.1
1253720 1489.3
1253730 1491.9
1253740 1491.9
1253750 1496.9
1253760 1503.4
1253770 1503.4
1253780 1510.2
1253790 1516.0
1253800 1516.0
1253810 1522.0
1253820 1527.3
1253830 1527.3
1253840 1531.2
1253850 1534.0
1253860 1536.5
1253870 1536.5
1253880 1539.0
1253890 1541.5
1253900 1541.5
1253910 1543.9
1253920 1546.3
1253930 1546.3
1253940 1548.9
1253950 1551.8
1253960 1551.8
1253970 1554.4
1253980 1557.7
1253990 1557.7
1254000 1561.1
1254010 1565.1
1254020 1565.1
1254030 1568.5
1254040 1571.5
1254050 1571.5
1254060 1574.5
1254070 1577.8
1254080 1577.8
1254090 1582.0
1254100 1586.2
1254110 1589.7
1254120 1589.7
1254130 1593.4
1254140 1597.1
1254150 1597.1
1254160 1600.5
1254170 1604.0
1254180 1604.0
1254190 1607.8
1254200 1611.9
1254210 1611.9
1254220 1616.7
1254230 1621.3
1254240 1621.3
1254250 1626.4
1254260 1631.8
1254270 1631.8
1254280 1637.1
1254290 1642.2
1254300 1642.2
1254310 1646.4
1254320 1650.2
1254330 1650.2
1254340 1654.7
1254350 1660.0
1254360 1665.3
1254370 1665.3
1254380 1670.6
1254390 1675.7
1254400 1675.7
1254410 1679.9
1254420 1683.9
1254430 1683.9
1254440 1689.3
1254450 1696.1
1254460 1696.1
1254470 1703.6
1254480 1710.6
1254490 1710.6
1254500 1717.7
1254510 1724.6
1254520 1724.6
1254530 1730.2
1254540 1737.0
1254550 1740.4
1254560 1748.1
1254570 1753.0
1254580 1753.0
1254590 1758.8
1254600 1766.5
1254610 1773.0
1254620 1773.0
1254630 1780.3
1254640 1786.3
1254650 1786.3
1254660 1792.0
1254670 1800.3
1254680 1800.3
1254690 1810.4
1254700 1818.6
1254710 1818.6
1254720 1824.3
1254730 1831.5
1254740 1831.5
1254750 1839.2
1254760 1845.9
1254770 1845.9
1254780 1851.4
1254790 1857.8
1254800 1857.8
1254810 1863.9
1254820 1868.9
1254830 1874.1
1254840 1874.1
1254850 1881.1
1254860 1887.9
1254870 1887.9
1254880 1894.2
1254890 1899.2
1254900 1899.2
1254910 1903.6
1254920 1907.0
1254930 1907.0
1254940 1909.1
1254950 1910.8
1254960 1910.8
1254970 1912.9
1254980 1914.6
1254990 1914.6
1255000 1916.4
1255010 1918.7
1255020 1918.7
1255030 1920.0
1255040 1921.4
1255050 1921.4
1255060 1920.7
1255070 1921.3
1255080 1922.1
1255090 1922.1
1255100 1926.3
1255110 1927.7
1255120 1927.7
1255130 1928.6
1255140 1931.1
1255150 1931.1
1255160 1936.1
1255170 1942.1
1255180 1942.1
1255190 1947.2
1255200 1952.4
1255210 1952.4
1255220 1958.3
1255230 1962.7
1255240 1962.7
1255250 1968.2
1255260 1976.3
1255270 1976.3
1255280 1984.6
1255290 1994.8
1255300 1994.8
1255310 2004.2
1255320 2011.2
1255330 2015.5
1255340 2015.5
1255350 2020.3
1255360 2026.4
1255370 2026.4
1255380 2033.3
1255390 2041.1
1255400 2041.1
1255410 2049.3
1255420 2057.9
1255430 2057.9
1255440 2066.8
1255450 2075.3
1255460 2075.3
1255470 2083.2
1255480 2091.2
1255490 2091.2
1255500 2098.5
1255510 2105.6
1255520 2105.6
1255530 2110.8
1255540 2115.9
1255550 2115.9
1255560 2122.2
1255570 2129.7
1255580 2137.1
1255590 2137.1
1255600 2143.1
1255610 2150.3
1255620 2150.3
1255630 2158.3
1255640 2165.8
1255650 2165.8
1255660 2174.5
1255670 2181.4
1255680 2181.4
1255690 2189.8
1255700 2193.2
1255710 2193.2
1255720 2189.7
1255730 2185.6
1255740 2185.6
1255750 2180.1
1255760 2173.7
1255770 2173.7
1255780 2167.1
1255790 2160.2
1255800 2154.3
1255810 2154.3
1255820 2149.3
1255830 2143.9
1255840 2143.9
1255850 2138.7
1255860 2135.1
1255870 2135.1
1255880 2131.2
1255890 2128.9
1255900 2128.9
1255910 2128.7
1255920 2129.1
1255930 2129.1
1255940 2129.5
1255950 2129.1
1255960 2129.1
1255970 2128.1
1255980 2126.9
1255990 2126.9
1256000 2125.9
1256010 2126.0
1256020 2126.0
1256030 2126.0
1256040 2125.8
1256050 2124.9
1256060 2124.9
1256070 2124.0
1256080 2123.1
1256090 2123.1
1256100 2123.3
1256110 2124.9
1256120 2124.9
1256130 2125.2
1256140 2122.7
1256150 2122.7
1256160 2117.8
1256170 2112.7
1256180 2112.7
1256190 2108.0
1256200 2103.5
1256210 2107.5
1256220 2103.0
1256230 2100.1
1256240 2100.1
1256250 2098.1
1256260 2095.6
1256270 2095.6
1256280 2094.0
1256290 2092.4
1256300 2090.1
1256310 2090.1
1256320 2086.8
1256330 2083.5
1256340 2083.5
1256350 2080.9
1256360 2078.8
1256370 2078.8
1256380 2077.4
1256390 2076.0
1256400 2076.0
1256410 2073.7
1256420 2070.4
1256430 2070.4
1256440 2066.7
1256450 2063.8
1256460 2063.8
1256470 2061.1
1256480 2058.2
1256490 2058.2
1256500 2055.1
1256510 2051.9
1256520 2051.9
1256530 2048.6
1256540 2046.2
1256550 2044.7
1256560 2044.7
1256570 2042.6
1256580 2040.4
1256590 2040.4
1256600 2039.7
1256610 2038.9
1256620 2038.9
1256630 2038.3
1256640 2039.1
1256650 2039.1
1256660 2041.4
1256670 2043.5
1256680 2043.5
1256690 2047.5
1256700 2049.5
1256710 2049.5
1256720 2048.6
1256730 2047.7
1256740 2047.7
1256750 2044.6
1256760 2042.1
1256770 2041.2
1256780 2036.4
1256790 2031.7
1256800 2027.0
1256810 2027.0
1256820 2022.9
1256830 2018.6
1256840 2018.6
1256850 2016.7
1256860 2014.6
1256870 2014.6
1256880 2011.3
1256890 2005.8
1256900 2005.8
1256910 2001.0
1256920 1998.3
1256930 1998.3
1256940 1997.1
1256950 1994.2
1256960 1994.2
1256970 1988.9
1256980 1984.9
1256990 1984.9
1257000 1980.3
1257010 1977.6
1257020 1974.2
1257030 1974.2
1257040 1968.5
1257050 1962.2
1257060 1962.2
1257070 1956.9
1257080 1952.9
1257090 1952.9
1257100 1949.9
1257110 1947.4
1257120 1947.4
1257130 1944.0
1257140 1939.5
1257150 1939.5
1257160 1935.3
1257170 1931.3
1257180 1931.3
1257190 1927.0
1257200 1921.8
1257210 1921.8
1257220 1916.4
1257230 1911.0
1257240 1911.0
1257250 1906.3
1257260 1902.2
1257270 1898.0
1257280 1898.0
1257290 1893.1
1257300 1887.9
1257310 1887.9
1257320 1883.2
1257330 1875.7
1257340 1875.7
1257350 1869.7
1257360 1863.7
1257370 1863.7
1257380 1858.9
1257390 1855.3
1257400 1855.3
1257410 1852.1
1257420 1848.1
1257430 1848.1
1257440 1842.8
1257450 1835.4
1257460 1835.4
1257470 1828.3
1257480 1822.5
1257490 1822.5
1257500 1816.6
1257510 1810.5
1257520 1806.6
1257530 1806.6
1257540 1803.8
1257550 1800.4
1257560 1800.4
1257570 1795.9
1257580 1790.3
1257590 1790.3
1257600 1784.8
1257610 1780.4
1257620 1780.4
1257630 1776.4
1257640 1772.4
1257650 1772.4
1257660 1768.6
1257670 1764.7
1257680 1764.7
1257690 1760.8
1257700 1756.7
1257710 1756.7
1257720 1752.4
1257730 1747.8
1257740 1747.8
1257750 1742.9
1257760 1738.0
1257770 1733.2
1257780 1733.2
1257790 1728.5
1257800 1723.5
1257810 1723.5
1257820 1719.5
1257830 1716.3
1257840 1716.3
1257850 1713.0
1257860 1709.3
1257870 1709.3
1257880 1705.4
1257890 1702.6
1257900 1702.6
1257910 1697.7
1257920 1692.5
1257930 1692.5
1257940 1687.5
1257950 1683.3
1257960 1683.3
1257970 1680.9
1257980 1679.7
1257990 1679.2
1258000 1679.2
1258010 1678.8
1258020 1677.9
1258030 1677.9
1258040 1677.1
1258050 1676.6
1258060 1676.6
1258070 1676.3
1258080 1677.6
1258090 1677.6
1258100 1680.1
1258110 1683.0
1258120 1683.0
1258130 1685.4
1258140 1687.6
1258150 1687.6
1258160 1689.8
1258170 1689.9
1258180 1689.9
1258190 1690.4
1258200 1689.0
1258210 1689.0
1258220 1683.1
1258230 1676.4
1258240 1670.3
1258250 1670.3
1258260 1665.2
1258270 1663.1
1258280 1663.1
1258290 1665.3
1258300 1666.9
1258310 1666.9
1258320 1668.1
1258330 1670.9
1258340 1670.9
1258350 1674.1
1258360 1678.5
1258370 1678.5
1258380 1684.4
1258390 1690.8
1258400 1690.8
1258410 1696.9
1258420 1703.5
1258430 1703.5
1258440 1710.6
1258450 1724.8
1258460 1724.8
1258470 1732.6
1258480 1738.8
1258490 1742.4
1258500 1742.4
1258510 1746.0
1258520 1741.5
1258530 1741.5
1258540 1753.0
1258550 1773.6
1258560 1773.6
1258570 1783.9
1258580 1792.6
1258590 1792.6
1258600 1801.8
1258610 1816.1
1258620 1816.1
1258630 1832.0
1258640 1849.5
1258650 1849.5
1258660 1862.8
1258670 1872.0
1258680 1872.0
1258690 1878.7
1258700 1884.7
1258710 1884.7
1258720 1890.6
1258730 1896.0
1258740 1901.4
1258750 1901.4
1258760 1906.5
1258770 1910.9
1258780 1910.9
1258790 1914.8
1258800 1918.4
1258810 1918.4
1258820 1921.2
1258830 1923.6
1258840 1923.6
1258850 1926.0
1258860 1927.7
1258870 1927.7
1258880 1929.0
1258890 1929.5
1258900 1929.5
1258910 1929.6
1258920 1928.7
1258930 1928.7
1258940 1927.1
1258950 1926.0
1258960 1926.0
1258970 1924.7
1258980 1922.1
1258990 1919.3
1259000 1919.3
1259010 1919.2
1259020 1917.4
1259030 1917.4
1259040 1915.0
1259050 1912.7
1259060 1912.7
1259070 1911.3
1259080 1908.4
1259090 1908.4
1259100 1905.6
1259110 1902.9
1259120 1902.9
1259130 1900.3
1259140 1899.1
1259150 1899.1
1259160 1898.8
1259170 1897.5
1259180 1897.5
1259190 1895.2
1259200 1892.7
1259210 1894.1
1259220 1894.1
1259230 1893.8
1259240 1890.9
1259250 1890.9
1259260 1884.7
1259270 1880.0
1259280 1880.0
1259290 1875.9
1259300 1876.2
1259310 1876.2
1259320 1882.5
1259330 1892.9
1259340 1892.9
1259350 1902.7
1259360 1911.3
1259370 1911.3
1259380 1920.5
1259390 1929.3
1259400 1929.3
1259410 1936.2
1259420 1941.2
1259430 1941.2
1259440 1946.7
1259450 1952.8
1259460 1958.8
1259470 1958.8
1259480 1963.8
1259490 1968.9
1259500 1968.9
1259510 1973.5
1259520 1978.0
1259530 1978.0
1259540 1983.8
1259550 1992.3
1259560 1992.3
1259570 2000.2
1259580 2008.9
1259590 2008.9
1259600 2017.0
1259610 2024.7
1259620 2024.7
1259630 2030.5
1259640 2037.0
1259650 2037.0
1259660 2043.1
1259670 2048.4
1259680 2048.4
1259690 2053.7
1259700 2059.7
1259710 2065.9
1259720 2065.9
1259730 2071.7
1259740 2077.8
1259750 2077.8
1259760 2083.1
1259770 2088.0
1259780 2088.0
1259790 2092.1
1259800 2096.0
1259810 2096.0
1259820 2100.0
1259830 2106.0
1259840 2106.0
1259850 2112.9
1259860 2118.4
1259870 2118.4
1259880 2123.8
1259890 2129.8
1259900 2129.8
1259910 2136.1
1259920 2142.5
1259930 2142.5
1259940 2149.1
1259950 2155.4
1259960 2161.3
1259970 2161.3
1259980 2167.1
1259990 2172.8
