1240000 1771.7
1240010 1771.7
1240020 1766.9
1240030 1763.0
1240040 1758.8
1240050 1758.8
1240060 1753.8
1240070 1746.3
1240080 1746.3
1240090 1738.7
1240100 1731.6
1240110 1731.6
1240120 1723.6
1240130 1716.5
1240140 1716.5
1240150 1710.9
1240160 1705.2
1240170 1705.2
1240180 1698.2
1240190 1691.0
1240200 1691.0
1240210 1681.8
1240220 1672.0
1240230 1672.0
1240240 1661.5
1240250 1649.9
1240260 1649.9
1240270 1640.9
1240280 1633.6
1240290 1626.0
1240300 1626.0
1240310 1618.8
1240320 1611.7
1240330 1611.7
1240340 1604.6
1240350 1597.6
1240360 1597.6
1240370 1590.6
1240380 1586.9
1240390 1586.9
1240400 1581.7
1240410 1575.9
1240420 1575.9
1240430 1568.7
1240440 1560.6
1240450 1560.6
1240460 1552.8
1240470 1545.5
1240480 1545.5
1240490 1537.0
1240500 1525.5
1240510 1515.9
1240520 1515.9
1240530 1506.5
1240540 1497.6
1240550 1497.6
1240560 1489.6
1240570 1481.3
1240580 1481.3
1240590 1473.3
1240600 1465.5
1240610 1465.5
1240620 1457.2
1240630 1449.1
1240640 1449.1
1240650 1441.3
1240660 1433.9
1240670 1433.9
1240680 1427.0
1240690 1420.3
1240700 1420.3
1240710 1413.7
1240720 1407.0
1240730 1407.0
1240740 1400.3
1240750 1393.5
1240760 1386.8
1240770 1386.8
1240780 1380.2
1240790 1373.8
1240800 1373.8
1240810 1367.2
1240820 1360.8
1240830 1360.8
1240840 1354.6
1240850 1348.3
1240860 1348.3
1240870 1342.4
1240880 1336.4
1240890 1336.4
1240900 1328.9
1240910 1323.4
1240920 1323.4
1240930 1317.9
1240940 1313.2
1240950 1313.2
1240960 1308.2
1240970 1303.3
1240980 1303.3
1240990 1298.4
1241000 1292.9
1241010 1288.2
1241020 1288.2
1241030 1281.4
1241040 1278.5
1241050 1278.5
1241060 1280.3
1241070 1283.1
1241080 1283.1
1241090 1280.3
1241100 1274.5
1241110 1274.5
1241120 1269.9
1241130 1266.8
1241140 1266.8
1241150 1264.0
1241160 1261.5
1241170 1261.5
1241180 1259.6
1241190 1258.4
1241200 1258.4
1241210 1257.3
1241220 1256.0
1241230 1256.0
1241240 1255.7
1241250 1255.9
1241260 1253.9
1241270 1253.9
1241280 1252.1
1241290 1249.5
1241300 1249.5
1241310 1247.9
1241320 1247.4
1241330 1247.4
1241340 1249.1
1241350 1252.0
1241360 1252.0
1241370 1253.6
1241380 1255.2
1241390 1255.2
1241400 1257.0
1241410 1259.5
1241420 1260.4
1241430 1263.6
1241440 1265.6
1241450 1265.6
1241460 1267.1
1241470 1269.5
1241480 1273.0
1241490 1273.0
1241500 1278.1
1241510 1282.4
1241520 1282.4
1241530 1286.5
1241540 1290.4
1241550 1290.4
1241560 1294.5
1241570 1299.3
1241580 1299.3
1241590 1303.8
1241600 1308.9
1241610 1308.9
1241620 1313.4
1241630 1316.1
1241640 1316.1
1241650 1319.5
1241660 1324.9
1241670 1324.9
1241680 1330.7
1241690 1338.8
1241700 1338.8
1241710 1347.1
1241720 1354.7
1241730 1361.7
1241740 1361.7
1241750 1368.7
1241760 1374.6
1241770 1374.6
1241780 1380.4
1241790 1386.2
1241800 1386.2
1241810 1393.0
1241820 1399.9
1241830 1399.9
1241840 1407.3
1241850 1415.0
1241860 1415.0
1241870 1423.0
1241880 1430.0
1241890 1430.0
1241900 1436.8
1241910 1443.1
1241920 1443.1
1241930 1449.6
1241940 1456.4
1241950 1457.7
1241960 1464.1
1241970 1470.1
1241980 1474.5
1241990 1474.5
1242000 1479.3
1242010 1484.1
1242020 1484.1
1242030 1489.5
1242040 1496.6
1242050 1496.6
1242060 1503.4
1242070 1510.0
1242080 1510.0
1242090 1515.8
1242100 1522.1
1242110 1522.1
1242120 1527.9
1242130 1532.5
1242140 1532.5
1242150 1538.1
1242160 1543.8
1242170 1543.8
1242180 1548.8
1242190 1553.8
1242200 1553.8
1242210 1558.9
1242220 1563.6
1242230 1569.3
1242240 1569.3
1242250 1576.6
1242260 1583.6
1242270 1583.6
1242280 1590.0
1242290 1596.4
1242300 1596.4
1242310 1602.4
1242320 1608.4
1242330 1608.4
1242340 1614.2
1242350 1620.5
1242360 1620.5
1242370 1626.6
1242380 1632.8
1242390 1632.8
1242400 1638.9
1242410 1644.1
1242420 1644.1
1242430 1647.8
1242440 1648.5
1242450 1648.5
1242460 1647.9
1242470 1656.3
1242480 1657.4
1242490 1657.4
1242500 1658.8
1242510 1660.3
1242520 1660.3
1242530 1661.1
1242540 1666.1
1242550 1666.1
1242560 1674.5
1242570 1683.1
1242580 1683.1
1242590 1692.3
1242600 1701.0
1242610 1701.0
1242620 1708.6
1242630 1716.4
1242640 1716.4
1242650 1724.4
1242660 1732.8
1242670 1732.8
1242680 1740.8
1242690 1748.6
1242700 1756.3
1242710 1756.3
1242720 1764.8
1242730 1774.4
1242740 1774.4
1242750 1783.3
1242760 1792.5
1242770 1792.5
1242780 1801.6
1242790 1809.5
1242800 1809.5
1242810 1816.6
1242820 1823.3
1242830 1823.3
1242840 1830.6
1242850 1837.3
1242860 1837.3
1242870 1843.7
1242880 1851.1
1242890 1851.1
1242900 1859.0
1242910 1866.5
1242920 1866.5
1242930 1874.6
1242940 1882.8
1242950 1889.5
1242960 1889.5
1242970 1893.6
1242980 1898.7
1242990 1898.7
1243000 1907.8
1243010 1913.1
1243020 1913.1
1243030 1918.8
1243040 1926.0
1243050 1926.0
1243060 1933.2
1243070 1940.3
1243080 1940.3
1243090 1947.3
1243100 1954.1
1243110 1954.1
1243120 1960.8
1243130 1967.0
1243140 1967.0
1243150 1972.0
1243160 1975.3
1243170 1975.3
1243180 1978.1
1243190 1981.2
1243200 1984.6
1243210 1984.6
1243220 1987.5
1243230 1989.6
1243240 1989.6
1243250 1990.4
1243260 1990.3
1243270 1990.3
1243280 1991.5
1243290 1991.8
1243300 1991.8
1243310 1989.2
1243320 1985.1
1243330 1985.1
1243340 1981.5
1243350 1978.1
1243360 1978.1
1243370 1974.7
1243380 1969.6
1243390 1969.6
1243400 1962.4
1243410 1962.9
1243420 1962.9
1243430 1967.1
1243440 1971.5
1243450 1976.8
1243460 1976.8
1243470 1982.7
1243480 1990.4
1243490 1990.4
1243500 1998.2
1243510 2004.6
1243520 2008.9
1243530 2015.5
1243540 2019.6
1243550 2019.6
1243560 2022.0
1243570 2025.5
1243580 2025.5
1243590 2028.1
1243600 2030.5
1243610 2030.5
1243620 2033.9
1243630 2034.8
1243640 2034.8
1243650 2037.8
1243660 2044.0
1243670 2050.5
1243680 2050.5
1243690 2056.7
1243700 2063.1
1243710 2063.1
1243720 2070.2
1243730 2077.9
1243740 2077.9
1243750 2085.2
1243760 2091.9
1243770 2091.9
1243780 2098.5
1243790 2104.9
1243800 2104.9
1243810 2111.2
1243820 2118.3
1243830 2118.3
1243840 2126.2
1243850 2134.5
1243860 2134.5
1243870 2142.3
1243880 2149.8
1243890 2149.8
1243900 2156.5
1243910 2163.3
1243920 2170.0
1243930 2170.0
1243940 2176.6
1243950 2183.1
1243960 2183.1
1243970 2189.3
1243980 2194.9
1243990 2194.9
1244000 2200.4
1244010 2203.9
1244020 2203.9
1244030 2204.8
1244040 2202.3
1244050 2207.6
1244060 2202.6
1244070 2196.3
1244080 2196.3
1244090 2190.3
1244100 2185.1
1244110 2185.1
1244120 2180.2
1244130 2176.8
1244140 2176.8
1244150 2173.9
1244160 2171.3
1244170 2167.3
1244180 2167.3
1244190 2163.0
1244200 2158.8
1244210 2158.8
1244220 2154.8
1244230 2151.2
1244240 2151.2
1244250 2148.3
1244260 2146.4
1244270 2146.4
1244280 2146.0
1244290 2147.1
1244300 2147.1
1244310 2149.1
1244320 2149.8
1244330 2149.8
1244340 2149.2
1244350 2147.6
1244360 2147.6
1244370 2145.0
1244380 2141.2
1244390 2141.2
1244400 2139.3
1244410 2138.8
1244420 2138.1
1244430 2138.1
1244440 2137.1
1244450 2135.5
1244460 2135.5
1244470 2134.4
1244480 2131.9
1244490 2131.9
1244500 2130.9
1244510 2131.2
1244520 2131.2
1244530 2132.5
1244540 2134.2
1244550 2134.2
1244560 2134.6
1244570 2137.8
1244580 2152.6
1244590 2162.5
1244600 2167.5
1244610 2167.5
1244620 2169.2
1244630 2162.8
1244640 2159.2
1244650 2159.2
1244660 2162.4
1244670 2169.8
1244680 2169.8
1244690 2178.1
1244700 2184.9
1244710 2184.9
1244720 2190.3
1244730 2194.7
1244740 2194.7
1244750 2199.8
1244760 2204.6
1244770 2204.6
1244780 2209.3
1244790 2215.0
1244800 2215.0
1244810 2221.8
1244820 2230.1
1244830 2230.1
1244840 2239.1
1244850 2249.0
1244860 2249.0
1244870 2257.6
1244880 2265.6
1244890 2273.0
1244900 2273.0
1244910 2279.4
1244920 2286.0
1244930 2286.0
1244940 2292.2
1244950 2297.3
1244960 2297.3
1244970 2301.4
1244980 2304.9
1244990 2304.9
1245000 2308.5
1245010 2312.0
1245020 2312.0
1245030 2314.7
1245040 2316.4
1245050 2316.4
1245060 2317.4
1245070 2319.8
1245080 2319.8
1245090 2322.5
1245100 2323.0
1245110 2321.5
1245120 2315.2
1245130 2309.4
1245140 2305.4
1245150 2305.4
1245160 2300.9
1245170 2296.0
1245180 2296.0
1245190 2291.7
1245200 2286.5
1245210 2286.5
1245220 2281.1
1245230 2278.8
1245240 2278.8
1245250 2278.2
1245260 2277.1
1245270 2277.1
1245280 2276.7
1245290 2275.7
1245300 2275.7
1245310 2272.8
1245320 2268.8
1245330 2268.8
1245340 2264.8
1245350 2260.4
1245360 2260.4
1245370 2256.9
1245380 2254.0
1245390 2250.7
1245400 2250.7
1245410 2247.3
1245420 2243.3
1245430 2243.3
1245440 2238.6
1245450 2235.0
1245460 2235.0
1245470 2232.2
1245480 2230.1
1245490 2230.1
1245500 2228.8
1245510 2225.4
1245520 2225.4
1245530 2221.3
1245540 2217.4
1245550 2217.4
1245560 2213.7
1245570 2210.2
1245580 2210.2
1245590 2206.2
1245600 2201.7
1245610 2201.7
1245620 2197.2
1245630 2192.8
1245640 2187.2
1245650 2187.2
1245660 2182.3
1245670 2177.4
1245680 2177.4
1245690 2172.5
1245700 2167.9
1245710 2167.9
1245720 2163.9
1245730 2160.7
1245740 2160.7
1245750 2158.1
1245760 2155.1
1245770 2155.1
1245780 2151.8
1245790 2148.3
1245800 2148.3
1245810 2144.8
1245820 2140.6
1245830 2140.6
1245840 2135.6
1245850 2130.3
1245860 2125.3
1245870 2125.3
1245880 2121.0
1245890 2116.3
1245900 2116.3
1245910 2111.5
1245920 2107.1
1245930 2107.1
1245940 2103.5
1245950 2100.9
1245960 2100.9
1245970 2097.5
1245980 2094.3
1245990 2094.3
1246000 2090.6
1246010 2086.5
1246020 2086.5
1246030 2082.0
1246040 2077.2
1246050 2077.2
1246060 2072.9
1246070 2068.4
1246080 2068.4
1246090 2064.8
1246100 2062.0
1246110 2059.4
1246120 2059.4
1246130 2056.2
1246140 2052.1
1246150 2052.1
1246160 2048.7
1246170 2044.8
1246180 2044.8
1246190 2041.9
1246200 2039.8
1246210 2039.8
1246220 2035.8
1246230 2030.5
1246240 2030.5
1246250 2025.1
1246260 2020.4
1246270 2020.4
1246280 2016.9
1246290 2013.5
1246300 2013.5
1246310 2008.7
1246320 2003.7
1246330 2003.7
1246340 1999.3
1246350 1995.0
1246360 1991.2
1246370 1991.2
1246380 1988.2
1246390 1985.8
1246400 1985.8
1246410 1983.2
1246420 1980.7
1246430 1980.7
1246440 1979.1
1246450 1977.2
1246460 1977.2
1246470 1974.8
1246480 1972.6
1246490 1972.6
1246500 1970.3
1246510 1968.0
1246520 1968.0
1246530 1965.4
1246540 1962.5
1246550 1962.5
1246560 1960.0
1246570 1957.9
1246580 1957.9
1246590 1956.1
1246600 1954.3
1246610 1952.0
1246620 1952.0
1246630 1950.1
1246640 1948.5
1246650 1948.5
1246660 1946.8
1246670 1944.1
1246680 1944.1
1246690 1941.3
1246700 1939.3
1246710 1939.6
1246720 1937.2
1246730 1934.4
1246740 1934.4
1246750 1931.1
1246760 1927.4
1246770 1927.4
1246780 1923.2
1246790 1918.5
1246800 1918.5
1246810 1914.2
1246820 1910.3
1246830 1907.3
1246840 1907.3
1246850 1906.5
1246860 1906.3
1246870 1906.3
1246880 1906.1
1246890 1905.5
1246900 1905.5
1246910 1903.7
1246920 1902.2
1246930 1902.2
1246940 1900.6
1246950 1898.0
1246960 1898.0
1246970 1895.9
1246980 1893.7
1246990 1893.7
1247000 1890.9
1247010 1888.2
1247020 1888.2
1247030 1884.7
1247040 1881.6
1247050 1881.6
1247060 1878.5
1247070 1875.8
1247080 1874.1
1247090 1874.1
1247100 1870.5
1247110 1865.0
1247120 1865.0
1247130 1862.8
1247140 1863.1
1247150 1863.1
1247160 1863.4
1247170 1863.1
1247180 1863.1
1247190 1862.5
1247200 1861.6
1247210 1861.6
1247220 1860.5
1247230 1859.1
1247240 1858.9
1247250 1857.3
1247260 1855.9
1247270 1855.9
1247280 1855.0
1247290 1854.8
1247300 1854.8
1247310 1856.0
1247320 1857.6
1247330 1859.1
1247340 1859.1
1247350 1860.4
1247360 1861.8
1247370 1861.8
1247380 1863.2
1247390 1864.0
1247400 1864.0
1247410 1864.0
1247420 1863.4
1247430 1863.4
1247440 1862.1
1247450 1859.8
1247460 1859.8
1247470 1857.2
1247480 1854.4
1247490 1854.4
1247500 1851.5
1247510 1848.9
1247520 1848.9
1247530 1847.2
1247540 1846.0
1247550 1846.0
1247560 1845.7
1247570 1845.7
1247580 1846.1
1247590 1846.1
1247600 1847.3
1247610 1849.5
1247620 1849.5
1247630 1851.4
1247640 1852.3
1247650 1852.3
1247660 1852.1
1247670 1850.6
1247680 1850.6
1247690 1849.4
1247700 1848.9
1247710 1848.9
1247720 1847.8
1247730 1846.7
1247740 1846.7
1247750 1845.9
1247760 1844.4
1247770 1844.4
1247780 1840.3
1247790 1837.0
1247800 1837.0
1247810 1831.4
1247820 1825.3
1247830 1820.5
1247840 1820.5
1247850 1818.0
1247860 1816.2
1247870 1816.2
1247880 1812.9
1247890 1808.3
1247900 1808.3
1247910 1803.1
1247920 1796.9
1247930 1796.9
1247940 1790.2
1247950 1783.4
1247960 1783.4
1247970 1775.3
1247980 1767.4
1247990 1767.4
1248000 1761.5
1248010 1755.3
1248020 1755.3
1248030 1749.4
1248040 1744.4
1248050 1739.4
1248060 1739.4
1248070 1734.6
1248080 1730.3
1248090 1730.3
1248100 1726.3
1248110 1722.1
1248120 1722.1
1248130 1718.4
1248140 1715.0
1248150 1715.0
1248160 1711.6
1248170 1708.5
1248180 1708.5
1248190 1707.1
1248200 1704.0
1248210 1704.0
1248220 1698.4
1248230 1692.7
1248240 1692.7
1248250 1687.7
1248260 1681.2
1248270 1681.2
1248280 1674.2
1248290 1666.6
1248300 1659.8
1248310 1658.9
1248320 1652.2
1248330 1645.9
1248340 1645.9
1248350 1639.0
1248360 1632.4
1248370 1632.4
1248380 1625.5
1248390 1618.1
1248400 1618.1
1248410 1611.4
1248420 1606.4
1248430 1606.4
1248440 1602.4
1248450 1599.9
1248460 1599.9
1248470 1596.1
1248480 1589.2
1248490 1589.2
1248500 1581.9
1248510 1574.2
1248520 1574.2
1248530 1567.7
1248540 1561.2
1248550 1556.5
1248560 1556.5
1248570 1551.5
1248580 1545.5
1248590 1545.5
1248600 1540.7
1248610 1534.4
1248620 1534.4
1248630 1527.4
1248640 1520.2
1248650 1520.2
1248660 1512.2
1248670 1504.2
1248680 1504.2
1248690 1497.7
1248700 1494.6
1248710 1494.6
1248720 1492.0
1248730 1488.2
1248740 1488.2
1248750 1483.7
1248760 1478.4
1248770 1478.4
1248780 1474.0
1248790 1469.9
1248800 1465.5
1248810 1465.5
1248820 1460.6
1248830 1454.0
1248840 1454.0
1248850 1447.4
1248860 1440.6
1248870 1440.6
1248880 1433.6
1248890 1426.7
1248900 1426.7
1248910 1421.6
1248920 1416.6
1248930 1416.6
1248940 1410.6
1248950 1404.8
1248960 1404.8
1248970 1399.0
1248980 1392.7
1248990 1392.7
1249000 1386.2
1249010 1380.1
1249020 1374.2
1249030 1374.2
1249040 1368.2
1249050 1362.2
1249060 1362.2
1249070 1356.7
1249080 1351.1
1249090 1351.1
1249100 1344.1
1249110 1336.5
1249120 1336.5
1249130 1329.4
1249140 1322.8
1249150 1322.8
1249160 1315.8
1249170 1308.7
1249180 1308.7
1249190 1304.5
1249200 1303.1
1249210 1303.1
1249220 1303.6
1249230 1303.0
1249240 1303.0
1249250 1302.7
1249260 1306.1
1249270 1310.8
1249280 1310.8
1249290 1313.9
1249300 1316.0
1249310 1316.0
1249320 1317.4
1249330 1318.2
1249340 1318.2
1249350 1319.5
1249360 1322.6
1249370 1322.6
1249380 1325.7
1249390 1329.8
1249400 1329.8
1249410 1332.4
1249420 1334.8
1249430 1334.8
1249440 1340.5
1249450 1348.9
1249460 1348.9
1249470 1355.8
1249480 1360.4
1249490 1360.4
1249500 1364.3
1249510 1367.6
1249520 1371.1
1249530 1371.1
1249540 1375.9
1249550 1381.3
1249560 1381.3
1249570 1386.1
1249580 1390.5
1249590 1390.5
1249600 1395.1
1249610 1400.1
1249620 1400.1
1249630 1405.5
1249640 1411.0
1249650 1411.0
1249660 1415.9
1249670 1420.3
1249680 1420.3
1249690 1424.4
1249700 1428.9
1249710 1428.9
1249720 1433.5
1249730 1437.5
1249740 1437.5
1249750 1441.4
1249760 1445.9
1249770 1450.1
1249780 1450.1
1249790 1454.2
1249800 1458.4
1249810 1458.4
1249820 1462.0
1249830 1464.3
1249840 1464.3
1249850 1466.1
1249860 1467.8
1249870 1467.8
1249880 1469.9
1249890 1473.1
1249900 1473.1
1249910 1476.3
1249920 1479.4
1249930 1483.7
1249940 1486.9
1249950 1490.3
1249960 1490.3
1249970 1496.4
1249980 1502.2
1249990 1502.2
1250000 1507.6
1250010 1511.9
1250020 1516.6
1250030 1516.6
1250040 1521.6
1250050 1526.2
1250060 1526.2
1250070 1530.1
1250080 1536.7
1250090 1536.7
1250100 1542.8
1250110 1548.4
1250120 1548.4
1250130 1554.2
1250140 1559.6
1250150 1559.6
1250160 1564.3
1250170 1569.1
1250180 1569.1
1250190 1574.0
1250200 1579.0
1250210 1579.0
1250220 1583.7
1250230 1588.9
1250240 1594.0
1250250 1594.0
1250260 1599.8
1250270 1605.5
1250280 1605.5
1250290 1610.7
1250300 1614.6
1250310 1614.6
1250320 1618.3
1250330 1622.6
1250340 1622.6
1250350 1627.5
1250360 1632.2
1250370 1632.2
1250380 1637.4
1250390 1642.9
1250400 1642.9
1250410 1647.4
1250420 1652.4
1250430 1652.4
1250440 1658.1
1250450 1664.1
1250460 1664.1
1250470 1670.5
1250480 1676.1
1250490 1682.8
1250500 1682.8
1250510 1689.9
1250520 1696.0
1250530 1696.0
1250540 1699.8
1250550 1703.8
1250560 1703.8
1250570 1708.5
1250580 1711.7
1250590 1711.7
1250600 1713.7
1250610 1715.4
1250620 1715.4
1250630 1718.0
1250640 1722.0
1250650 1722.0
1250660 1725.6
1250670 1730.0
1250680 1730.0
1250690 1735.3
1250700 1740.3
1250710 1740.3
1250720 1744.4
1250730 1748.5
1250740 1751.9
1250750 1751.9
1250760 1756.9
1250770 1762.0
1250780 1762.0
1250790 1765.9
1250800 1769.7
1250810 1769.7
1250820 1773.8
1250830 1777.8
1250840 1777.8
1250850 1781.3
1250860 1785.0
1250870 1785.0
1250880 1789.2
1250890 1793.5
1250900 1793.5
1250910 1798.0
1250920 1802.4
1250930 1802.4
1250940 1806.4
1250950 1811.8
1250960 1811.8
1250970 1816.7
1250980 1821.4
1250990 1826.2
1251000 1826.2
1251010 1835.8
1251020 1840.9
1251030 1840.9
1251040 1845.5
1251050 1849.1
1251060 1849.1
1251070 1853.0
1251080 1856.9
1251090 1856.9
1251100 1861.0
1251110 1866.1
1251120 1866.1
1251130 1871.5
1251140 1879.2
1251150 1879.2
1251160 1886.2
1251170 1891.5
1251180 1891.5
1251190 1896.5
1251200 1901.8
1251210 1907.5
1251220 1907.5
1251230 1913.4
1251240 1919.4
1251250 1919.4
1251260 1925.4
1251270 1931.5
1251280 1931.5
1251290 1935.2
1251300 1938.4
1251310 1938.4
1251320 1942.3
1251330 1946.2
1251340 1946.2
1251350 1950.6
1251360 1955.1
1251370 1955.1
1251380 1960.2
1251390 1965.9
1251400 1965.9
1251410 1972.2
1251420 1978.1
1251430 1978.1
1251440 1983.9
1251450 1989.6
1251460 1997.4
1251470 1997.4
1251480 2006.2
1251490 2014.8
1251500 2014.8
1251510 2023.3
1251520 2031.3
1251530 2031.3
1251540 2038.6
1251550 2045.5
1251560 2044.7
1251570 2050.8
1251580 2055.2
1251590 2055.2
1251600 2061.1
1251610 2068.9
1251620 2068.9
1251630 2075.3
1251640 2079.9
1251650 2079.9
1251660 2084.0
1251670 2088.6
1251680 2088.6
1251690 2093.6
1251700 2099.0
1251710 2106.0
1251720 2106.0
1251730 2113.9
1251740 2121.3
1251750 2121.3
1251760 2128.0
1251770 2131.7
1251780 2131.7
1251790 2126.7
1251800 2120.1
1251810 2120.1
1251820 2114.0
1251830 2107.1
1251840 2107.1
1251850 2099.3
1251860 2092.1
1251870 2092.1
1251880 2085.2
1251890 2077.4
1251900 2077.4
1251910 2070.5
1251920 2063.5
1251930 2063.5
1251940 2055.6
1251950 2047.9
1251960 2040.5
1251970 2040.5
1251980 2035.3
1251990 2028.9
1252000 2028.9
1252010 2021.0
1252020 2013.8
1252030 2013.8
1252040 2010.4
1252050 2008.2
1252060 2008.2
1252070 2005.6
1252080 2002.3
1252090 2002.3
1252100 1998.9
1252110 1993.8
1252120 1993.8
1252130 1989.8
1252140 1985.6
1252150 1985.6
1252160 1981.7
1252170 1978.6
1252180 1973.9
1252190 1973.9
1252200 1965.6
1252210 1958.0
1252220 1958.0
1252230 1952.5
1252240 1944.7
1252250 1944.7
1252260 1939.0
1252270 1935.7
1252280 1935.7
1252290 1933.0
1252300 1929.3
1252310 1929.3
1252320 1923.8
1252330 1916.6
1252340 1916.6
1252350 1911.4
1252360 1907.3
1252370 1907.3
1252380 1903.9
1252390 1900.5
1252400 1900.5
1252410 1896.7
1252420 1893.3
1252430 1888.4
1252440 1888.4
1252450 1883.3
1252460 1878.4
1252470 1878.4
1252480 1872.0
1252490 1865.3
1252500 1865.3
1252510 1859.9
1252520 1854.9
1252530 1854.9
1252540 1852.1
1252550 1850.6
1252560 1850.6
1252570 1848.3
1252580 1843.8
1252590 1843.8
1252600 1839.7
1252610 1835.8
1252620 1835.8
1252630 1831.7
1252640 1827.2
1252650 1826.1
1252660 1821.6
1252670 1817.2
1252680 1811.6
1252690 1811.6
1252700 1806.9
1252710 1801.7
1252720 1801.7
1252730 1796.5
1252740 1791.4
1252750 1791.4
1252760 1786.4
1252770 1781.5
1252780 1781.5
1252790 1776.8
1252800 1772.3
1252810 1772.3
1252820 1766.2
1252830 1759.9
1252840 1759.9
1252850 1753.5
1252860 1746.8
1252870 1746.8
1252880 1741.3
1252890 1736.7
1252900 1736.7
1252910 1731.1
1252920 1725.5
1252930 1721.1
1252940 1721.1
1252950 1716.1
1252960 1710.8
1252970 1710.8
1252980 1705.6
1252990 1701.4
1253000 1701.4
1253010 1698.0
1253020 1694.9
1253030 1694.9
1253040 1691.9
1253050 1688.9
1253060 1688.9
1253070 1685.0
1253080 1681.5
1253090 1681.5
1253100 1677.8
1253110 1674.4
1253120 1674.4
1253130 1670.1
1253140 1664.9
1253150 1658.4
1253160 1658.4
1253170 1652.6
1253180 1647.4
1253190 1647.4
1253200 1645.1
1253210 1640.7
1253220 1640.7
1253230 1635.8
1253240 1630.8
1253250 1630.8
1253260 1626.0
1253270 1621.8
1253280 1621.8
1253290 1617.4
1253300 1613.0
1253310 1613.0
1253320 1608.4
1253330 1603.1
1253340 1603.1
1253350 1597.5
1253360 1590.9
1253370 1590.9
1253380 1584.9
1253390 1578.8
1253400 1571.0
1253410 1571.0
1253420 1565.6
1253430 1562.6
1253440 1562.6
1253450 1560.3
1253460 1558.1
1253470 1558.1
1253480 1554.1
1253490 1550.6
1253500 1550.6
1253510 1549.2
1253520 1549.0
1253530 1549.0
1253540 1550.3
1253550 1554.8
1253560 1554.8
1253570 1556.7
1253580 1554.4
1253590 1554.4
1253600 1552.9
1253610 1552.6
1253620 1552.6
1253630 1546.5
1253640 1538.0
1253650 1530.8
1253660 1530.8
1253670 1524.9
1253680 1521.3
1253690 1521.3
1253700 1519.2
1253710 1521.7
1253720 1521.7
1253730 1526.8
1253740 1535.5
1253750 1539.4
1253760 1547.3
1253770 1553.4
1253780 1553.4
1253790 1555.1
1253800 1556.5
1253810 1556.5
1253820 1557.5
1253830 1558.7
1253840 1558.7
1253850 1561.4
1253860 1564.5
1253870 1564.5
1253880 1568.2
1253890 1572.8
1253900 1576.1
1253910 1576.1
1253920 1577.7
1253930 1578.8
1253940 1578.8
1253950 1579.6
1253960 1580.9
1253970 1580.9
1253980 1582.6
1253990 1584.9
1254000 1584.9
1254010 1587.5
1254020 1591.6
1254030 1591.6
1254040 1597.3
1254050 1603.5
1254060 1603.5
1254070 1609.9
1254080 1616.8
1254090 1616.8
1254100 1623.5
1254110 1630.5
1254120 1630.5
1254130 1637.6
1254140 1644.8
1254150 1651.6
1254160 1651.6
1254170 1658.0
1254180 1663.1
1254190 1663.1
1254200 1666.1
1254210 1669.4
1254220 1669.4
1254230 1674.4
1254240 1680.4
1254250 1680.4
1254260 1686.0
1254270 1691.2
1254280 1691.2
1254290 1695.3
1254300 1703.0
1254310 1703.0
1254320 1707.3
1254330 1712.8
1254340 1712.8
1254350 1718.5
1254360 1722.2
1254370 1725.6
1254380 1725.6
1254390 1731.4
1254400 1737.5
1254410 1737.5
1254420 1743.9
1254430 1751.1
1254440 1751.1
1254450 1757.4
1254460 1764.8
1254470 1764.8
1254480 1772.5
1254490 1779.4
1254500 1779.4
1254510 1786.5
1254520 1793.6
1254530 1793.6
1254540 1802.4
1254550 1811.2
1254560 1811.2
1254570 1819.4
1254580 1827.2
1254590 1827.2
1254600 1834.6
1254610 1841.2
1254620 1847.7
1254630 1847.7
1254640 1854.3
1254650 1861.4
1254660 1861.4
1254670 1868.7
1254680 1876.6
1254690 1876.6
1254700 1884.8
1254710 1893.2
1254720 1893.2
1254730 1900.5
1254740 1907.9
1254750 1907.9
1254760 1915.5
1254770 1922.1
1254780 1922.1
1254790 1928.4
1254800 1934.8
1254810 1934.8
1254820 1942.2
1254830 1953.4
1254840 1953.4
1254850 1963.3
1254860 1970.7
1254870 1976.7
1254880 1976.7
1254890 1982.4
1254900 1988.1
1254910 1988.1
1254920 1992.6
1254930 1996.4
1254940 1996.4
1254950 2000.0
1254960 2001.9
1254970 2001.9
1254980 2001.8
1254990 2001.4
1255000 2001.4
1255010 2000.0
1255020 2001.1
1255030 2001.1
1255040 2003.7
1255050 2005.8
1255060 2005.8
1255070 2007.8
1255080 2009.6
1255090 2009.6
1255100 2011.5
1255110 2014.9
1255120 2022.8
1255130 2022.8
1255140 2031.0
1255150 2037.9
1255160 2037.9
1255170 2041.9
1255180 2045.0
1255190 2045.0
1255200 2048.3
1255210 2052.1
1255220 2052.1
1255230 2057.2
1255240 2063.4
1255250 2063.4
1255260 2068.5
1255270 2072.1
1255280 2072.1
1255290 2074.4
1255300 2077.5
1255310 2077.5
1255320 2082.8
1255330 2088.8
1255340 2093.9
1255350 2093.9
1255360 2099.0
1255370 2103.8
1255380 2103.8
1255390 2109.2
1255400 2115.3
1255410 2118.7
1255420 2122.8
1255430 2126.8
1255440 2126.8
1255450 2130.9
1255460 2135.6
1255470 2135.6
1255480 2141.6
1255490 2148.6
1255500 2148.6
1255510 2156.0
1255520 2162.8
1255530 2162.8
1255540 2169.3
1255550 2176.1
1255560 2176.1
1255570 2183.2
1255580 2190.5
1255590 2198.7
1255600 2198.7
1255610 2207.0
1255620 2213.1
1255630 2213.1
1255640 2219.2
1255650 2225.8
1255660 2225.8
1255670 2233.1
1255680 2241.0
1255690 2241.0
1255700 2249.5
1255710 2256.4
1255720 2256.4
1255730 2259.4
1255740 2257.9
1255750 2257.9
1255760 2256.1
1255770 2253.2
1255780 2253.2
1255790 2246.8
1255800 2241.1
1255810 2241.1
1255820 2235.6
1255830 2230.1
1255840 2225.2
1255850 2225.2
1255860 2221.8
1255870 2218.8
1255880 2218.8
1255890 2215.5
1255900 2212.2
1255910 2212.2
1255920 2209.7
1255930 2208.0
1255940 2208.0
1255950 2207.6
1255960 2209.1
1255970 2209.1
1255980 2209.0
1255990 2208.7
1256000 2208.7
1256010 2207.9
1256020 2207.2
1256030 2207.2
1256040 2207.5
1256050 2207.7
1256060 2207.7
1256070 2206.9
1256080 2205.5
1256090 2203.0
1256100 2203.0
1256110 2200.6
1256120 2198.1
1256130 2198.1
1256140 2195.6
1256150 2192.4
1256160 2192.4
1256170 2188.9
1256180 2187.9
1256190 2187.9
1256200 2189.2
1256210 2191.3
1256220 2191.3
1256230 2193.1
1256240 2195.5
1256250 2195.5
1256260 2197.1
1256270 2199.3
1256280 2199.3
1256290 2201.6
1256300 2206.5
1256310 2209.6
1256320 2209.6
1256330 2208.0
1256340 2203.1
1256350 2203.1
1256360 2197.4
1256370 2192.4
1256380 2192.4
1256390 2188.1
1256400 2184.8
1256410 2184.8
1256420 2182.8
1256430 2181.4
1256440 2181.4
1256450 2180.0
1256460 2176.9
1256470 2176.9
1256480 2173.3
1256490 2170.3
1256500 2170.3
1256510 2164.1
1256520 2161.5
1256530 2161.5
1256540 2157.1
1256550 2153.0
1256560 2148.5
1256570 2148.5
1256580 2144.3
1256590 2141.0
1256600 2141.0
1256610 2138.3
1256620 2136.3
1256630 2136.3
1256640 2133.8
1256650 2131.3
1256660 2131.3
1256670 2128.4
1256680 2125.5
1256690 2125.5
1256700 2122.0
1256710 2118.3
1256720 2118.3
1256730 2114.1
1256740 2108.9
1256750 2108.9
1256760 2103.9
1256770 2097.8
1256780 2097.8
1256790 2089.9
1256800 2081.8
1256810 2074.3
1256820 2074.3
1256830 2066.7
1256840 2058.5
1256850 2058.5
1256860 2050.0
1256870 2040.3
1256880 2040.3
1256890 2031.4
1256900 2023.7
1256910 2023.7
1256920 2016.0
1256930 2007.8
1256940 2007.8
1256950 1999.7
1256960 1991.2
1256970 1991.2
1256980 1983.0
1256990 1975.5
1257000 1975.5
1257010 1967.8
1257020 1960.2
1257030 1960.2
1257040 1953.0
1257050 1946.2
1257060 1938.7
1257070 1939.2
1257080 1931.6
1257090 1925.2
1257100 1925.2
1257110 1918.1
1257120 1911.5
1257130 1911.5
1257140 1905.2
1257150 1899.5
1257160 1899.5
1257170 1894.0
1257180 1888.9
1257190 1888.9
1257200 1885.3
1257210 1886.2
1257220 1886.2
1257230 1887.9
1257240 1884.5
1257250 1884.5
1257260 1881.5
1257270 1880.1
1257280 1880.1
1257290 1878.8
1257300 1877.7
1257310 1876.4
1257320 1876.4
1257330 1874.9
1257340 1873.3
1257350 1873.3
1257360 1872.1
1257370 1871.2
1257380 1871.2
1257390 1870.3
1257400 1866.0
1257410 1866.0
1257420 1858.8
1257430 1851.8
1257440 1851.8
1257450 1845.0
1257460 1837.9
1257470 1837.9
1257480 1831.6
1257490 1826.8
1257500 1826.8
1257510 1823.6
1257520 1821.7
1257530 1820.0
1257540 1820.0
1257550 1817.3
1257560 1816.0
1257570 1816.0
1257580 1814.4
1257590 1812.4
1257600 1812.4
1257610 1809.4
1257620 1806.0
1257630 1811.3
1257640 1807.7
1257650 1803.7
1257660 1803.7
1257670 1799.8
1257680 1797.2
1257690 1797.2
1257700 1796.7
1257710 1796.2
1257720 1796.2
1257730 1794.7
1257740 1793.7
1257750 1793.7
1257760 1792.1
1257770 1788.8
1257780 1784.1
1257790 1784.1
1257800 1784.8
1257810 1783.0
1257820 1783.0
1257830 1779.5
1257840 1775.8
1257850 1775.8
1257860 1772.6
1257870 1771.9
1257880 1771.9
1257890 1771.0
1257900 1770.4
1257910 1770.4
1257920 1769.6
1257930 1769.2
1257940 1769.2
1257950 1768.3
1257960 1767.9
1257970 1767.9
1257980 1768.9
1257990 1769.5
1258000 1769.5
1258010 1769.9
1258020 1771.9
1258030 1772.6
1258040 1772.6
1258050 1772.6
1258060 1773.0
1258070 1773.0
1258080 1773.5
1258090 1773.1
1258100 1773.1
1258110 1771.9
1258120 1771.3
1258130 1771.3
1258140 1771.2
1258150 1772.7
1258160 1772.7
1258170 1774.3
1258180 1774.8
1258190 1780.5
1258200 1783.6
1258210 1787.6
1258220 1787.6
1258230 1791.6
1258240 1796.1
1258250 1796.1
1258260 1799.5
1258270 1801.2
1258280 1802.8
1258290 1802.8
1258300 1804.4
1258310 1805.6
1258320 1805.6
1258330 1807.7
1258340 1812.3
1258350 1812.3
1258360 1817.2
1258370 1823.4
1258380 1823.4
1258390 1829.5
1258400 1835.6
1258410 1835.6
1258420 1841.7
1258430 1846.5
1258440 1846.5
1258450 1851.1
1258460 1855.8
1258470 1855.8
1258480 1860.7
1258490 1866.5
1258500 1872.7
1258510 1872.7
1258520 1877.8
1258530 1881.9
1258540 1881.9
1258550 1884.1
1258560 1887.2
1258570 1887.2
1258580 1892.0
1258590 1897.1
1258600 1897.1
1258610 1902.9
1258620 1908.1
1258630 1908.1
1258640 1913.8
1258650 1919.7
1258660 1919.7
1258670 1926.4
1258680 1933.5
1258690 1933.5
1258700 1942.7
1258710 1960.8
1258720 1960.8
1258730 1982.2
1258740 2002.7
1258750 2025.4
1258760 2016.2
1258770 2072.7
1258780 2127.1
1258790 2127.1
1258800 2137.3
1258810 2142.0
1258820 2142.0
1258830 2140.2
1258840 2133.9
1258850 2133.9
1258860 2132.1
1258870 2137.8
1258880 2137.8
1258890 2136.7
1258900 2135.7
1258910 2135.7
1258920 2136.0
1258930 2135.1
1258940 2135.1
1258950 2130.3
1258960 2124.0
1258970 2124.0
1258980 2116.8
1258990 2108.9
1259000 2101.2
1259010 2101.2
1259020 2093.9
1259030 2086.6
1259040 2086.6
1259050 2080.1
1259060 2074.1
1259070 2074.1
1259080 2069.5
1259090 2068.9
1259100 2068.9
1259110 2069.4
1259120 2069.2
1259130 2069.2
1259140 2070.7
1259150 2073.1
1259160 2073.1
1259170 2075.4
1259180 2079.4
1259190 2079.4
1259200 2079.6
1259210 2075.6
1259220 2075.6
1259230 2068.3
1259240 2060.3
1259250 2055.8
1259260 2055.8
1259270 2053.6
1259280 2049.4
1259290 2049.4
1259300 2044.3
1259310 2039.1
1259320 2046.1
1259330 2042.5
1259340 2038.7
1259350 2038.7
1259360 2034.0
1259370 2029.5
1259380 2029.5
1259390 2025.0
1259400 2020.2
1259410 2020.2
1259420 2015.8
1259430 2011.7
1259440 2011.7
1259450 2007.8
1259460 2003.9
1259470 1999.3
1259480 1999.3
1259490 1994.5
1259500 1987.3
1259510 1987.3
1259520 1984.3
1259530 1987.0
1259540 1987.0
1259550 1988.9
1259560 1988.9
1259570 1988.9
1259580 1991.5
1259590 1994.3
1259600 1994.3
1259610 1994.7
1259620 1993.0
1259630 1993.0
1259640 1991.3
1259650 1990.6
1259660 1990.6
1259670 1990.3
1259680 1991.3
1259690 1991.3
1259700 1992.2
1259710 1991.9
1259720 1991.8
1259730 1991.8
1259740 1994.7
1259750 1998.9
1259760 1998.9
1259770 2002.4
1259780 2006.4
1259790 2006.4
1259800 2009.9
1259810 2012.2
1259820 2012.2
1259830 2013.3
1259840 2016.6
1259850 2016.6
1259860 2018.7
1259870 2020.6
1259880 2015.3
1259890 2016.9
1259900 2018.8
1259910 2018.8
1259920 2020.5
1259930 2021.8
1259940 2021.8
1259950 2022.7
1259960 2023.0
1259970 2023.0
1259980 2023.0
1259990 2023.5
