1240000 1648.4
1240010 1642.9
1240020 1640.3
1240030 1640.3
1240040 1635.8
1240050 1629.1
1240060 1629.1
1240070 1619.9
1240080 1606.8
1240090 1606.8
1240100 1593.1
1240110 1582.1
1240120 1582.1
1240130 1578.7
1240140 1578.4
1240150 1578.4
1240160 1576.9
1240170 1575.3
1240180 1575.3
1240190 1573.2
1240200 1570.5
1240210 1570.5
1240220 1567.8
1240230 1565.8
1240240 1563.4
1240250 1563.4
1240260 1561.0
1240270 1561.4
1240280 1561.4
1240290 1562.9
1240300 1561.3
1240310 1561.3
1240320 1557.5
1240330 1552.4
1240340 1552.4
1240350 1547.3
1240360 1541.4
1240370 1541.4
1240380 1535.7
1240390 1530.2
1240400 1530.2
1240410 1524.3
1240420 1519.0
1240430 1519.0
1240440 1516.3
1240450 1513.6
1240460 1513.6
1240470 1505.1
1240480 1491.9
1240490 1483.5
1240500 1483.5
1240510 1473.1
1240520 1461.5
1240530 1461.5
1240540 1453.0
1240550 1445.2
1240560 1445.2
1240570 1438.0
1240580 1430.6
1240590 1430.6
1240600 1423.5
1240610 1416.5
1240620 1416.5
1240630 1409.2
1240640 1402.0
1240650 1402.0
1240660 1394.8
1240670 1387.6
1240680 1387.6
1240690 1380.1
1240700 1373.1
1240710 1366.6
1240720 1366.6
1240730 1359.3
1240740 1351.6
1240750 1351.6
1240760 1344.1
1240770 1337.5
1240780 1337.5
1240790 1331.0
1240800 1324.6
1240810 1324.6
1240820 1319.0
1240830 1314.5
1240840 1314.5
1240850 1309.8
1240860 1306.5
1240870 1306.5
1240880 1303.6
1240890 1300.4
1240900 1300.4
1240910 1297.7
1240920 1296.0
1240930 1296.0
1240940 1294.5
1240950 1293.2
1240960 1291.9
1240970 1291.9
1240980 1290.7
1240990 1289.3
1241000 1289.3
1241010 1287.7
1241020 1284.7
1241030 1284.7
1241040 1280.0
1241050 1277.2
1241060 1275.9
1241070 1273.2
1241080 1271.7
1241090 1271.7
1241100 1271.8
1241110 1273.9
1241120 1273.9
1241130 1274.3
1241140 1273.8
1241150 1273.8
1241160 1273.4
1241170 1273.3
1241180 1273.3
1241190 1273.4
1241200 1273.7
1241210 1273.8
1241220 1273.8
1241230 1274.3
1241240 1274.8
1241250 1274.8
1241260 1275.4
1241270 1276.1
1241280 1276.1
1241290 1275.7
1241300 1275.5
1241310 1275.5
1241320 1276.7
1241330 1277.9
1241340 1277.9
1241350 1278.3
1241360 1278.7
1241370 1278.7
1241380 1279.2
1241390 1279.4
1241400 1279.4
1241410 1279.6
1241420 1280.5
1241430 1280.5
1241440 1282.0
1241450 1286.0
1241460 1292.1
1241470 1292.1
1241480 1298.6
1241490 1305.0
1241500 1305.0
1241510 1309.8
1241520 1312.1
1241530 1312.1
1241540 1313.4
1241550 1316.5
1241560 1316.5
1241570 1321.3
1241580 1328.4
1241590 1328.4
1241600 1335.3
1241610 1342.8
1241620 1342.8
1241630 1350.7
1241640 1358.2
1241650 1358.2
1241660 1367.4
1241670 1375.4
1241680 1383.0
1241690 1383.0
1241700 1394.2
1241710 1405.9
1241720 1405.9
1241730 1413.2
1241740 1420.0
1241750 1420.0
1241760 1426.0
1241770 1430.1
1241780 1430.1
1241790 1432.9
1241800 1437.2
1241810 1437.2
1241820 1442.5
1241830 1448.1
1241840 1448.1
1241850 1453.7
1241860 1459.9
1241870 1459.9
1241880 1466.7
1241890 1477.5
1241900 1477.5
1241910 1489.2
1241920 1497.0
1241930 1505.6
1241940 1505.6
1241950 1513.8
1241960 1521.0
1241970 1521.0
1241980 1528.2
1241990 1534.9
1242000 1534.9
1242010 1541.3
1242020 1546.9
1242030 1546.9
1242040 1553.1
1242050 1557.5
1242060 1557.5
1242070 1562.8
1242080 1568.3
1242090 1568.3
1242100 1579.9
1242110 1584.2
1242120 1584.2
1242130 1592.8
1242140 1599.8
1242150 1599.8
1242160 1608.9
1242170 1620.5
1242180 1629.6
1242190 1629.6
1242200 1636.4
1242210 1643.5
1242220 1643.5
1242230 1650.4
1242240 1657.7
1242250 1657.7
1242260 1662.3
1242270 1663.4
1242280 1663.4
1242290 1666.3
1242300 1672.7
1242310 1672.7
1242320 1682.6
1242330 1691.7
1242340 1691.7
1242350 1698.6
1242360 1704.0
1242370 1704.0
1242380 1707.1
1242390 1714.2
1242400 1714.2
1242410 1720.6
1242420 1727.5
1242430 1733.1
1242440 1733.1
1242450 1740.8
1242460 1750.3
1242470 1750.3
1242480 1758.8
1242490 1772.4
1242500 1772.4
1242510 1784.1
1242520 1794.2
1242530 1794.2
1242540 1795.2
1242550 1791.4
1242560 1791.4
1242570 1797.3
1242580 1810.6
1242590 1810.6
1242600 1818.3
1242610 1825.4
1242620 1825.4
1242630 1851.4
1242640 1859.6
1242650 1859.6
1242660 1865.4
1242670 1871.8
1242680 1878.0
1242690 1878.0
1242700 1884.1
1242710 1889.9
1242720 1889.9
1242730 1893.8
1242740 1894.8
1242750 1894.8
1242760 1898.7
1242770 1904.1
1242780 1904.1
1242790 1908.0
1242800 1912.5
1242810 1912.5
1242820 1920.3
1242830 1928.7
1242840 1928.7
1242850 1937.5
1242860 1945.6
1242870 1945.6
1242880 1952.4
1242890 1957.7
1242900 1962.6
1242910 1962.6
1242920 1968.0
1242930 1973.9
1242940 1973.9
1242950 1979.3
1242960 1982.8
1242970 1982.8
1242980 1988.4
1242990 1995.0
1243000 1995.0
1243010 2002.9
1243020 2010.3
1243030 2010.3
1243040 2017.6
1243050 2025.6
1243060 2025.6
1243070 2033.5
1243080 2039.6
1243090 2039.6
1243100 2044.8
1243110 2049.7
1243120 2049.7
1243130 2054.8
1243140 2059.9
1243150 2072.5
1243160 2072.5
1243170 2077.9
1243180 2082.1
1243190 2082.1
1243200 2085.6
1243210 2088.9
1243220 2088.9
1243230 2092.4
1243240 2095.2
1243250 2095.2
1243260 2096.4
1243270 2096.2
1243280 2096.2
1243290 2093.6
1243300 2089.9
1243310 2089.9
1243320 2086.2
1243330 2082.6
1243340 2082.6
1243350 2080.5
1243360 2080.8
1243370 2080.8
1243380 2082.0
1243390 2082.8
1243400 2084.7
1243410 2084.7
1243420 2086.3
1243430 2088.4
1243440 2088.4
1243450 2089.5
1243460 2090.7
1243470 2090.7
1243480 2092.3
1243490 2096.3
1243500 2096.3
1243510 2102.8
1243520 2109.0
1243530 2109.0
1243540 2114.7
1243550 2120.2
1243560 2120.2
1243570 2126.7
1243580 2133.9
1243590 2133.9
1243600 2140.1
1243610 2146.6
1243620 2146.6
1243630 2153.2
1243640 2159.0
1243650 2164.6
1243660 2164.6
1243670 2169.9
1243680 2178.1
1243690 2178.1
1243700 2183.6
1243710 2189.6
1243720 2189.6
1243730 2195.4
1243740 2201.0
1243750 2201.0
1243760 2207.0
1243770 2213.4
1243780 2213.4
1243790 2219.6
1243800 2224.7
1243810 2224.7
1243820 2228.8
1243830 2232.6
1243840 2232.6
1243850 2236.8
1243860 2241.3
1243870 2246.5
1243880 2246.5
1243890 2250.6
1243900 2253.6
1243910 2253.6
1243920 2255.2
1243930 2256.9
1243940 2256.9
1243950 2260.7
1243960 2263.4
1243970 2263.4
1243980 2264.0
1243990 2266.2
1244000 2266.2
1244010 2271.0
1244020 2275.3
1244030 2275.3
1244040 2278.9
1244050 2282.9
1244060 2282.9
1244070 2289.4
1244080 2295.3
1244090 2295.3
1244100 2301.2
1244110 2307.7
1244120 2313.6
1244130 2313.6
1244140 2320.6
1244150 2327.6
1244160 2327.6
1244170 2333.5
1244180 2338.3
1244190 2338.3
1244200 2339.5
1244210 2346.8
1244220 2346.8
1244230 2341.3
1244240 2334.5
1244250 2334.5
1244260 2328.5
1244270 2323.0
1244280 2323.0
1244290 2318.3
1244300 2313.6
1244310 2313.6
1244320 2307.8
1244330 2304.0
1244340 2304.0
1244350 2300.1
1244360 2298.7
1244370 2301.1
1244380 2301.1
1244390 2299.2
1244400 2297.8
1244410 2297.8
1244420 2298.4
1244430 2300.7
1244440 2300.7
1244450 2303.5
1244460 2309.8
1244470 2309.8
1244480 2316.6
1244490 2320.9
1244500 2320.9
1244510 2325.3
1244520 2327.1
1244530 2327.1
1244540 2328.4
1244550 2331.3
1244560 2331.3
1244570 2334.8
1244580 2333.1
1244590 2333.1
1244600 2329.0
1244610 2326.1
1244620 2323.9
1244630 2323.9
1244640 2318.7
1244650 2312.6
1244660 2312.6
1244670 2309.2
1244680 2308.1
1244690 2308.1
1244700 2307.9
1244710 2308.8
1244720 2308.8
1244730 2312.4
1244740 2322.9
1244750 2322.9
1244760 2328.9
1244770 2336.0
1244780 2336.0
1244790 2343.4
1244800 2348.2
1244810 2348.2
1244820 2352.8
1244830 2358.1
1244840 2363.3
1244850 2363.3
1244860 2366.7
1244870 2370.5
1244880 2370.5
1244890 2375.4
1244900 2377.0
1244910 2377.0
1244920 2372.1
1244930 2366.4
1244940 2366.4
1244950 2360.1
1244960 2353.1
1244970 2353.1
1244980 2345.5
1244990 2338.4
1245000 2338.4
1245010 2330.3
1245020 2321.0
1245030 2321.0
1245040 2313.3
1245050 2305.8
1245060 2305.8
1245070 2297.5
1245080 2291.0
1245090 2285.9
1245100 2285.9
1245110 2281.0
1245120 2277.4
1245130 2277.4
1245140 2274.4
1245150 2273.4
1245160 2273.4
1245170 2271.2
1245180 2267.5
1245190 2267.5
1245200 2264.6
1245210 2263.2
1245220 2263.2
1245230 2262.9
1245240 2264.5
1245250 2264.5
1245260 2263.3
1245270 2259.8
1245280 2259.8
1245290 2257.0
1245300 2253.3
1245310 2253.3
1245320 2249.8
1245330 2245.9
1245340 2241.8
1245350 2241.8
1245360 2238.5
1245370 2235.2
1245380 2235.2
1245390 2231.1
1245400 2227.6
1245410 2227.6
1245420 2223.6
1245430 2218.7
1245440 2218.7
1245450 2212.9
1245460 2207.0
1245470 2207.0
1245480 2201.6
1245490 2196.5
1245500 2196.5
1245510 2191.7
1245520 2187.2
1245530 2187.2
1245540 2183.1
1245550 2178.9
1245560 2178.9
1245570 2174.9
1245580 2170.8
1245590 2165.9
1245600 2165.9
1245610 2160.7
1245620 2156.6
1245630 2156.6
1245640 2154.0
1245650 2151.8
1245660 2151.8
1245670 2149.3
1245680 2147.2
1245690 2147.2
1245700 2145.9
1245710 2143.3
1245720 2143.3
1245730 2140.3
1245740 2137.5
1245750 2137.5
1245760 2133.3
1245770 2129.2
1245780 2129.2
1245790 2125.8
1245800 2117.7
1245810 2113.1
1245820 2113.1
1245830 2107.9
1245840 2102.8
1245850 2102.8
1245860 2098.3
1245870 2093.8
1245880 2093.8
1245890 2088.7
1245900 2084.8
1245910 2084.8
1245920 2081.0
1245930 2077.6
1245940 2077.6
1245950 2074.7
1245960 2072.9
1245970 2072.9
1245980 2071.8
1245990 2070.4
1246000 2070.4
1246010 2068.6
1246020 2066.4
1246030 2066.4
1246040 2063.4
1246050 2060.1
1246060 2057.5
1246070 2057.5
1246080 2054.8
1246090 2051.6
1246100 2051.6
1246110 2047.6
1246120 2044.4
1246130 2044.4
1246140 2041.0
1246150 2038.1
1246160 2038.1
1246170 2035.4
1246180 2032.8
1246190 2032.8
1246200 2030.6
1246210 2028.1
1246220 2028.1
1246230 2025.5
1246240 2022.8
1246250 2022.8
1246260 2019.5
1246270 2016.5
1246280 2016.5
1246290 2014.2
1246300 2012.0
1246310 2009.8
1246320 2009.8
1246330 2006.6
1246340 2004.7
1246350 2004.7
1246360 2002.6
1246370 2000.4
1246380 2000.4
1246390 1997.6
1246400 1995.0
1246410 1995.0
1246420 1992.8
1246430 1991.6
1246440 1991.6
1246450 1992.0
1246460 1991.1
1246470 1991.1
1246480 1988.1
1246490 1987.2
1246500 1987.2
1246510 1986.3
1246520 1985.2
1246530 1985.2
1246540 1985.7
1246550 1985.6
1246560 1986.6
1246570 1986.6
1246580 1987.8
1246590 1985.5
1246600 1985.5
1246610 1985.1
1246620 1984.2
1246630 1984.2
1246640 1982.0
1246650 1979.8
1246660 1979.8
1246670 1977.6
1246680 1975.5
1246690 1975.5
1246700 1973.5
1246710 1971.2
1246720 1971.2
1246730 1969.2
1246740 1969.2
1246750 1969.2
1246760 1964.4
1246770 1957.5
1246780 1952.1
1246790 1952.1
1246800 1950.5
1246810 1949.8
1246820 1949.8
1246830 1948.8
1246840 1947.5
1246850 1947.5
1246860 1951.0
1246870 1950.3
1246880 1950.3
1246890 1950.5
1246900 1951.4
1246910 1951.4
1246920 1952.7
1246930 1953.6
1246940 1953.6
1246950 1953.5
1246960 1952.6
1246970 1952.6
1246980 1951.4
1246990 1950.2
1247000 1950.2
1247010 1947.9
1247020 1944.5
1247030 1939.8
1247040 1939.8
1247050 1933.6
1247060 1927.8
1247070 1927.8
1247080 1922.8
1247090 1919.6
1247100 1919.6
1247110 1917.7
1247120 1915.6
1247130 1915.6
1247140 1913.6
1247150 1911.3
1247160 1911.3
1247170 1908.7
1247180 1905.5
1247190 1905.5
1247200 1903.4
1247210 1902.1
1247220 1902.1
1247230 1900.3
1247240 1897.0
1247250 1897.0
1247260 1894.5
1247270 1891.7
1247280 1888.3
1247290 1888.3
1247300 1883.9
1247310 1878.8
1247320 1878.8
1247330 1874.4
1247340 1870.8
1247350 1870.8
1247360 1867.2
1247370 1863.4
1247380 1863.4
1247390 1859.6
1247400 1853.2
1247410 1853.2
1247420 1846.7
1247430 1840.0
1247440 1840.0
1247450 1833.3
1247460 1825.7
1247470 1825.7
1247480 1818.4
1247490 1812.7
1247500 1812.7
1247510 1808.9
1247520 1805.7
1247530 1801.2
1247540 1801.2
1247550 1796.2
1247560 1790.8
1247570 1790.8
1247580 1786.5
1247590 1781.5
1247600 1781.5
1247610 1777.4
1247620 1773.3
1247630 1773.3
1247640 1770.6
1247650 1770.5
1247660 1770.5
1247670 1771.4
1247680 1771.9
1247690 1771.9
1247700 1772.2
1247710 1772.2
1247720 1772.2
1247730 1771.4
1247740 1769.5
1247750 1766.0
1247760 1766.0
1247770 1762.5
1247780 1758.8
1247790 1758.8
1247800 1755.7
1247810 1753.9
1247820 1753.9
1247830 1752.4
1247840 1749.9
1247850 1749.9
1247860 1745.7
1247870 1742.0
1247880 1742.0
1247890 1737.6
1247900 1733.6
1247910 1733.6
1247920 1729.7
1247930 1725.1
1247940 1725.1
1247950 1721.5
1247960 1718.8
1247970 1718.8
1247980 1716.6
1247990 1713.0
1248000 1709.8
1248010 1709.8
1248020 1706.7
1248030 1703.2
1248040 1703.2
1248050 1699.8
1248060 1695.7
1248070 1695.7
1248080 1690.8
1248090 1685.5
1248100 1685.5
1248110 1679.9
1248120 1674.3
1248130 1674.3
1248140 1669.3
1248150 1664.4
1248160 1664.4
1248170 1659.5
1248180 1654.9
1248190 1654.9
1248200 1651.1
1248210 1647.7
1248220 1647.7
1248230 1645.5
1248240 1642.8
1248250 1639.3
1248260 1639.3
1248270 1635.4
1248280 1631.8
1248290 1631.8
1248300 1627.1
1248310 1621.3
1248320 1621.3
1248330 1614.9
1248340 1608.4
1248350 1608.4
1248360 1602.0
1248370 1595.1
1248380 1595.1
1248390 1588.4
1248400 1581.5
1248410 1581.5
1248420 1575.3
1248430 1569.2
1248440 1569.2
1248450 1563.8
1248460 1559.1
1248470 1558.2
1248480 1553.1
1248490 1548.6
1248500 1543.9
1248510 1543.9
1248520 1539.7
1248530 1535.1
1248540 1535.1
1248550 1530.9
1248560 1525.8
1248570 1525.8
1248580 1519.9
1248590 1514.2
1248600 1514.2
1248610 1509.0
1248620 1504.9
1248630 1504.9
1248640 1500.4
1248650 1495.2
1248660 1495.2
1248670 1490.3
1248680 1485.0
1248690 1485.0
1248700 1478.9
1248710 1473.4
1248720 1473.4
1248730 1466.4
1248740 1458.6
1248750 1451.3
1248760 1451.3
1248770 1445.0
1248780 1439.5
1248790 1439.5
1248800 1434.6
1248810 1431.2
1248820 1431.2
1248830 1429.2
1248840 1427.8
1248850 1427.8
1248860 1426.0
1248870 1423.5
1248880 1423.5
1248890 1420.2
1248900 1415.3
1248910 1415.3
1248920 1408.7
1248930 1402.3
1248940 1402.3
1248950 1395.3
1248960 1388.7
1248970 1382.7
1248980 1382.7
1248990 1375.9
1249000 1368.0
1249010 1365.6
1249020 1358.5
1249030 1352.0
1249040 1352.0
1249050 1346.4
1249060 1341.8
1249070 1341.8
1249080 1338.9
1249090 1336.8
1249100 1336.8
1249110 1335.8
1249120 1339.0
1249130 1339.0
1249140 1343.3
1249150 1344.2
1249160 1344.2
1249170 1345.0
1249180 1347.2
1249190 1347.2
1249200 1348.0
1249210 1348.9
1249220 1351.5
1249230 1351.5
1249240 1354.3
1249250 1355.7
1249260 1355.7
1249270 1356.6
1249280 1358.4
1249290 1358.4
1249300 1360.5
1249310 1364.1
1249320 1364.1
1249330 1367.5
1249340 1370.7
1249350 1370.7
1249360 1374.8
1249370 1378.9
1249380 1378.9
1249390 1384.4
1249400 1389.1
1249410 1389.1
1249420 1393.0
1249430 1398.2
1249440 1398.2
1249450 1402.5
1249460 1406.8
1249470 1410.2
1249480 1410.2
1249490 1413.1
1249500 1416.1
1249510 1416.1
1249520 1419.4
1249530 1422.9
1249540 1422.9
1249550 1429.7
1249560 1434.8
1249570 1434.8
1249580 1440.1
1249590 1444.6
1249600 1444.6
1249610 1449.8
1249620 1455.9
1249630 1455.9
1249640 1463.1
1249650 1468.2
1249660 1468.2
1249670 1472.7
1249680 1478.6
1249690 1478.6
1249700 1482.9
1249710 1488.0
1249720 1494.0
1249730 1494.0
1249740 1499.2
1249750 1504.8
1249760 1504.8
1249770 1511.3
1249780 1516.8
1249790 1516.8
1249800 1522.1
1249810 1527.2
1249820 1527.2
1249830 1530.1
1249840 1531.4
1249850 1531.4
1249860 1532.7
1249870 1535.1
1249880 1535.1
1249890 1538.0
1249900 1540.6
1249910 1540.6
1249920 1543.1
1249930 1545.9
1249940 1549.8
1249950 1549.8
1249960 1553.8
1249970 1558.1
1249980 1558.1
1249990 1563.6
1250000 1568.6
1250010 1568.6
1250020 1573.2
1250030 1579.0
1250040 1579.0
1250050 1585.0
1250060 1590.4
1250070 1590.4
1250080 1595.5
1250090 1597.7
1250100 1597.7
1250110 1603.0
1250120 1607.3
1250130 1607.3
1250140 1612.1
1250150 1617.5
1250160 1617.5
1250170 1622.3
1250180 1627.2
1250190 1632.1
1250200 1632.1
1250210 1637.8
1250220 1642.2
1250230 1642.2
1250240 1646.1
1250250 1650.4
1250260 1650.4
1250270 1654.3
1250280 1658.5
1250290 1658.5
1250300 1663.9
1250310 1669.7
1250320 1669.7
1250330 1675.3
1250340 1680.8
1250350 1680.8
1250360 1685.1
1250370 1688.7
1250380 1688.7
1250390 1693.2
1250400 1697.3
1250410 1697.3
1250420 1700.7
1250430 1704.2
1250440 1710.9
1250450 1710.9
1250460 1716.7
1250470 1721.3
1250480 1721.3
1250490 1724.3
1250500 1726.5
1250510 1726.5
1250520 1728.2
1250530 1729.6
1250540 1729.6
1250550 1730.9
1250560 1733.2
1250570 1733.2
1250580 1735.9
1250590 1738.6
1250600 1738.6
1250610 1740.9
1250620 1744.8
1250630 1744.1
1250640 1750.6
1250650 1757.4
1250660 1757.4
1250670 1765.6
1250680 1774.3
1250690 1782.5
1250700 1782.5
1250710 1789.9
1250720 1796.6
1250730 1796.6
1250740 1802.6
1250750 1807.7
1250760 1807.7
1250770 1812.3
1250780 1816.7
1250790 1816.7
1250800 1821.1
1250810 1825.2
1250820 1825.2
1250830 1828.8
1250840 1833.0
1250850 1833.0
1250860 1837.5
1250870 1841.3
1250880 1841.3
1250890 1844.7
1250900 1848.3
1250910 1852.4
1250920 1852.4
1250930 1856.4
1250940 1860.4
1250950 1860.4
1250960 1864.4
1250970 1868.4
1250980 1868.4
1250990 1872.0
1251000 1875.1
1251010 1875.1
1251020 1878.0
1251030 1882.1
1251040 1882.1
1251050 1886.4
1251060 1890.7
1251070 1890.7
1251080 1894.5
1251090 1897.5
1251100 1897.5
1251110 1900.2
1251120 1902.8
1251130 1902.8
1251140 1905.0
1251150 1907.1
1251160 1909.6
1251170 1908.6
1251180 1911.6
1251190 1914.9
1251200 1914.9
1251210 1917.6
1251220 1920.8
1251230 1920.8
1251240 1924.3
1251250 1927.3
1251260 1927.3
1251270 1929.9
1251280 1932.9
1251290 1932.9
1251300 1935.7
1251310 1937.9
1251320 1937.9
1251330 1939.7
1251340 1941.2
1251350 1941.2
1251360 1945.4
1251370 1952.0
1251380 1952.0
1251390 1960.0
1251400 1967.4
1251410 1972.5
1251420 1972.5
1251430 1979.9
1251440 1986.9
1251450 1986.9
1251460 1995.2
1251470 2003.1
1251480 2003.1
1251490 2010.0
1251500 2015.0
1251510 2015.0
1251520 2019.1
1251530 2022.7
1251540 2022.7
1251550 2026.6
1251560 2030.8
1251570 2030.8
1251580 2035.6
1251590 2041.0
1251600 2041.0
1251610 2046.3
1251620 2051.1
1251630 2051.1
1251640 2055.8
1251650 2060.7
1251660 2066.5
1251670 2066.5
1251680 2071.9
1251690 2076.2
1251700 2076.2
1251710 2081.7
1251720 2088.3
1251730 2088.3
1251740 2096.1
1251750 2104.2
1251760 2104.2
1251770 2111.7
1251780 2119.1
1251790 2119.1
1251800 2122.5
1251810 2120.4
1251820 2120.4
1251830 2115.5
1251840 2111.2
1251850 2111.2
1251860 2107.2
1251870 2101.4
1251880 2095.4
1251890 2095.4
1251900 2090.2
1251910 2085.0
1251920 2085.0
1251930 2079.6
1251940 2074.3
1251950 2074.3
1251960 2069.1
1251970 2064.3
1251980 2064.3
1251990 2059.0
1252000 2053.4
1252010 2053.4
1252020 2047.7
1252030 2042.0
1252040 2042.0
1252050 2036.4
1252060 2030.5
1252070 2030.5
1252080 2024.2
1252090 2017.1
1252100 2017.1
1252110 2009.9
1252120 2003.2
1252130 1998.7
1252140 1998.7
1252150 1995.4
1252160 1992.0
1252170 1992.0
1252180 1986.4
1252190 1981.0
1252200 1981.0
1252210 1977.7
1252220 1972.4
1252230 1972.4
1252240 1964.3
1252250 1957.1
1252260 1957.1
1252270 1948.5
1252280 1943.7
1252290 1943.7
1252300 1937.4
1252310 1932.5
1252320 1932.5
1252330 1928.3
1252340 1924.0
1252350 1924.0
1252360 1919.2
1252370 1914.4
1252380 1909.2
1252390 1909.2
1252400 1905.5
1252410 1900.4
1252420 1900.4
1252430 1895.1
1252440 1890.5
1252450 1890.5
1252460 1885.0
1252470 1879.6
1252480 1879.6
1252490 1875.5
1252500 1870.1
1252510 1870.1
1252520 1862.1
1252530 1855.2
1252540 1855.2
1252550 1850.4
1252560 1846.5
1252570 1846.5
1252580 1842.5
1252590 1838.8
1252600 1838.8
1252610 1834.6
1252620 1829.3
1252630 1824.0
1252640 1824.0
1252650 1818.5
1252660 1813.5
1252670 1813.5
1252680 1808.6
1252690 1802.4
1252700 1802.4
1252710 1796.1
1252720 1791.5
1252730 1791.5
1252740 1787.1
1252750 1783.0
1252760 1783.0
1252770 1777.9
1252780 1773.0
1252790 1773.0
1252800 1769.3
1252810 1765.4
1252820 1765.4
1252830 1762.0
1252840 1758.9
1252850 1756.0
1252860 1756.0
1252870 1752.3
1252880 1748.4
1252890 1748.4
1252900 1745.2
1252910 1741.5
1252920 1741.5
1252930 1737.4
1252940 1733.2
1252950 1733.2
1252960 1728.5
1252970 1723.5
1252980 1723.5
1252990 1718.6
1253000 1714.8
1253010 1714.8
1253020 1711.6
1253030 1708.6
1253040 1708.6
1253050 1705.3
1253060 1701.8
1253070 1701.8
1253080 1697.6
1253090 1692.4
1253100 1687.5
1253110 1687.5
1253120 1682.5
1253130 1679.8
1253140 1679.8
1253150 1677.0
1253160 1674.5
1253170 1674.5
1253180 1675.6
1253190 1675.3
1253200 1675.3
1253210 1673.3
1253220 1670.0
1253230 1670.0
1253240 1666.1
1253250 1662.9
1253260 1662.9
1253270 1660.4
1253280 1658.3
1253290 1658.3
1253300 1656.2
1253310 1654.0
1253320 1654.0
1253330 1650.0
1253340 1643.2
1253350 1636.9
1253360 1637.8
1253370 1631.3
1253380 1624.2
1253390 1624.2
1253400 1617.4
1253410 1611.0
1253420 1611.0
1253430 1604.3
1253440 1599.7
1253450 1599.7
1253460 1595.9
1253470 1592.3
1253480 1592.3
1253490 1589.5
1253500 1587.0
1253510 1587.0
1253520 1583.4
1253530 1581.5
1253540 1581.5
1253550 1581.1
1253560 1581.3
1253570 1581.3
1253580 1580.5
1253590 1578.3
1253600 1580.5
1253610 1580.5
1253620 1582.1
1253630 1582.5
1253640 1582.5
1253650 1582.3
1253660 1578.1
1253670 1578.1
1253680 1571.8
1253690 1565.2
1253700 1565.2
1253710 1559.7
1253720 1555.6
1253730 1555.6
1253740 1553.0
1253750 1552.0
1253760 1552.0
1253770 1552.0
1253780 1554.4
1253790 1554.4
1253800 1559.1
1253810 1565.7
1253820 1572.8
1253830 1572.8
1253840 1579.9
1253850 1588.0
1253860 1588.0
1253870 1594.5
1253880 1596.1
1253890 1596.1
1253900 1596.4
1253910 1598.8
1253920 1598.8
1253930 1599.9
1253940 1602.2
1253950 1602.2
1253960 1605.8
1253970 1609.7
1253980 1609.7
1253990 1613.2
1254000 1616.6
1254010 1616.6
1254020 1619.8
1254030 1622.7
1254040 1622.7
1254050 1625.6
1254060 1629.1
1254070 1633.1
1254080 1633.1
1254090 1637.6
1254100 1642.5
1254110 1642.5
1254120 1647.9
1254130 1653.5
1254140 1653.5
1254150 1659.6
1254160 1665.8
1254170 1665.8
1254180 1672.1
1254190 1678.0
1254200 1678.0
1254210 1684.1
1254220 1690.7
1254230 1690.7
1254240 1696.9
1254250 1703.4
1254260 1703.4
1254270 1710.0
1254280 1716.6
1254290 1716.6
1254300 1723.5
1254310 1730.0
1254320 1737.1
1254330 1737.1
1254340 1744.4
1254350 1752.6
1254360 1752.6
1254370 1760.2
1254380 1766.4
1254390 1766.4
1254400 1773.1
1254410 1780.9
1254420 1780.9
1254430 1789.2
1254440 1797.1
1254450 1797.1
1254460 1807.1
1254470 1815.3
1254480 1815.3
1254490 1823.6
1254500 1831.5
1254510 1831.5
1254520 1838.7
1254530 1846.4
1254540 1846.4
1254550 1854.3
1254560 1861.3
1254570 1869.0
1254580 1869.0
1254590 1876.2
1254600 1883.0
1254610 1883.0
1254620 1890.2
1254630 1897.8
1254640 1897.8
1254650 1905.4
1254660 1913.0
1254670 1913.0
1254680 1920.7
1254690 1928.2
1254700 1928.2
1254710 1935.8
1254720 1943.7
1254730 1943.7
1254740 1951.6
1254750 1959.0
1254760 1959.0
1254770 1966.3
1254780 1973.7
1254790 1980.7
1254800 1980.7
1254810 1987.6
1254820 1994.6
1254830 1994.6
1254840 2001.8
1254850 2008.1
1254860 2008.1
1254870 2013.6
1254880 2018.6
1254890 2018.6
1254900 2023.1
1254910 2027.8
1254920 2027.8
1254930 2032.7
1254940 2037.2
1254950 2037.2
1254960 2041.5
1254970 2047.2
1254980 2047.2
1254990 2053.3
1255000 2059.9
1255010 2059.9
1255020 2067.9
1255030 2074.7
1255040 2081.1
1255050 2081.1
1255060 2086.5
1255070 2092.1
1255080 2092.1
1255090 2097.9
1255100 2104.0
1255110 2104.0
1255120 2109.5
1255130 2115.3
1255140 2115.3
1255150 2121.7
1255160 2127.4
1255170 2127.4
1255180 2132.7
1255190 2138.0
1255200 2138.0
1255210 2143.0
1255220 2147.6
1255230 2147.6
1255240 2153.5
1255250 2160.5
1255260 2160.5
1255270 2166.1
1255280 2170.2
1255290 2173.3
1255300 2173.3
1255310 2176.3
1255320 2180.4
1255330 2180.4
1255340 2182.5
1255350 2185.4
1255360 2185.4
1255370 2189.3
1255380 2193.1
1255390 2193.1
1255400 2195.7
1255410 2197.5
1255420 2197.5
1255430 2199.1
1255440 2201.4
1255450 2201.4
1255460 2204.2
1255470 2206.8
1255480 2206.8
1255490 2209.2
1255500 2212.9
1255510 2212.9
1255520 2216.9
1255530 2219.9
1255540 2222.8
1255550 2222.8
1255560 2226.0
1255570 2233.4
1255580 2233.4
1255590 2238.2
1255600 2243.7
1255610 2243.7
1255620 2249.7
1255630 2257.4
1255640 2257.4
1255650 2266.1
1255660 2273.8
1255670 2273.8
1255680 2280.8
1255690 2287.4
1255700 2287.4
1255710 2294.5
1255720 2301.3
1255730 2301.3
1255740 2307.5
1255750 2313.5
1255760 2318.6
1255770 2318.6
1255780 2325.2
1255790 2328.7
1255800 2328.7
1255810 2328.8
1255820 2331.4
1255830 2331.4
1255840 2334.6
1255850 2336.2
1255860 2336.2
1255870 2335.4
1255880 2331.3
1255890 2331.3
1255900 2327.9
1255910 2325.2
1255920 2325.2
1255930 2322.8
1255940 2320.3
1255950 2320.3
1255960 2318.0
1255970 2316.4
1255980 2316.4
1255990 2314.3
1256000 2311.5
1256010 2309.0
1256020 2309.0
1256030 2305.6
1256040 2301.7
1256050 2301.7
1256060 2296.6
1256070 2290.6
1256080 2290.6
1256090 2284.1
1256100 2277.7
1256110 2277.7
1256120 2270.6
1256130 2264.4
1256140 2264.4
1256150 2259.3
1256160 2255.6
1256170 2255.6
1256180 2251.5
1256190 2245.4
1256200 2245.4
1256210 2238.8
1256220 2233.1
1256230 2233.1
1256240 2227.6
1256250 2221.7
1256260 2215.0
1256270 2215.0
1256280 2208.6
1256290 2202.4
1256300 2202.4
1256310 2196.6
1256320 2190.7
1256330 2190.7
1256340 2185.0
1256350 2178.9
1256360 2178.9
1256370 2172.4
1256380 2165.8
1256390 2165.8
1256400 2158.9
1256410 2152.4
1256420 2152.4
1256430 2145.9
1256440 2139.5
1256450 2139.5
1256460 2133.2
1256470 2127.1
1256480 2127.1
1256490 2121.3
1256500 2115.3
1256510 2109.1
1256520 2109.1
1256530 2103.1
1256540 2097.4
1256550 2097.4
1256560 2092.1
1256570 2086.8
1256580 2086.8
1256590 2081.5
1256600 2075.9
1256610 2075.9
1256620 2070.5
1256630 2065.2
1256640 2065.2
1256650 2060.6
1256660 2056.3
1256670 2056.3
1256680 2048.0
1256690 2043.5
1256700 2043.5
1256710 2038.9
1256720 2034.5
1256730 2030.6
1256740 2030.6
1256750 2027.3
1256760 2023.6
1256770 2023.6
1256780 2020.2
1256790 2016.9
1256800 2016.9
1256810 2014.7
1256820 2014.0
1256830 2014.0
1256840 2011.2
1256850 2008.2
1256860 2008.2
1256870 2005.0
1256880 2000.6
1256890 2000.6
1256900 1996.3
1256910 1990.7
1256920 1990.7
1256930 1984.4
1256940 1978.9
1256950 1978.9
1256960 1973.6
1256970 1967.5
1256980 1962.1
1256990 1962.1
1257000 1960.7
1257010 1958.5
1257020 1958.5
1257030 1954.6
1257040 1950.2
1257050 1950.2
1257060 1946.1
1257070 1942.7
1257080 1942.7
1257090 1940.1
1257100 1937.4
1257110 1937.4
1257120 1934.8
1257130 1932.4
1257140 1932.4
1257150 1931.1
1257160 1932.0
1257170 1932.0
1257180 1934.2
1257190 1935.8
1257200 1935.8
1257210 1935.9
1257220 1935.3
1257230 1933.7
1257240 1936.1
1257250 1934.3
1257260 1934.2
1257270 1934.2
1257280 1936.2
1257290 1938.2
1257300 1938.2
1257310 1939.7
1257320 1941.7
1257330 1941.7
1257340 1944.7
1257350 1948.2
1257360 1948.2
1257370 1952.0
1257380 1956.2
1257390 1956.2
1257400 1960.6
1257410 1964.3
1257420 1964.3
1257430 1967.3
1257440 1968.9
1257450 1968.9
1257460 1970.6
1257470 1981.5
1257480 2000.3
1257490 2000.3
1257500 2029.1
1257510 2036.4
1257520 2036.4
1257530 2029.3
1257540 2027.2
1257550 2027.2
1257560 2048.6
1257570 2053.0
1257580 2053.0
1257590 2044.6
1257600 2036.6
1257610 2036.6
1257620 2024.3
1257630 2000.0
1257640 2000.0
1257650 1977.9
1257660 1966.0
1257670 1966.0
1257680 1957.7
1257690 1953.4
1257700 1950.8
1257710 1950.8
1257720 1945.6
1257730 1938.4
1257740 1938.4
1257750 1930.7
1257760 1925.5
1257770 1925.5
1257780 1918.3
1257790 1912.1
1257800 1919.3
1257810 1911.3
1257820 1901.7
1257830 1901.7
1257840 1894.6
1257850 1894.3
1257860 1894.3
1257870 1897.5
1257880 1897.0
1257890 1897.0
1257900 1893.7
1257910 1890.7
1257920 1890.7
1257930 1888.9
1257940 1886.8
1257950 1883.5
1257960 1883.5
1257970 1877.6
1257980 1873.7
1257990 1873.7
1258000 1875.8
1258010 1877.4
1258020 1877.4
1258030 1877.7
1258040 1879.2
1258050 1879.2
1258060 1882.9
1258070 1887.6
1258080 1887.6
1258090 1891.6
1258100 1893.2
1258110 1893.2
1258120 1890.0
1258130 1892.2
1258140 1892.2
1258150 1896.1
1258160 1897.5
1258170 1897.5
1258180 1899.3
1258190 1899.7
1258200 1900.0
1258210 1900.0
1258220 1899.9
1258230 1898.7
1258240 1898.7
1258250 1897.1
1258260 1896.6
1258270 1896.6
1258280 1898.4
1258290 1901.3
1258300 1901.3
1258310 1904.2
1258320 1905.3
1258330 1905.3
1258340 1905.9
1258350 1905.8
1258360 1910.5
1258370 1910.5
1258380 1912.9
1258390 1912.9
1258400 1914.9
1258410 1915.3
1258420 1915.3
1258430 1913.7
1258440 1911.6
1258450 1910.1
1258460 1910.1
1258470 1910.2
1258480 1908.9
1258490 1908.9
1258500 1908.2
1258510 1907.3
1258520 1907.3
1258530 1907.0
1258540 1906.1
1258550 1906.1
1258560 1906.0
1258570 1906.3
1258580 1906.3
1258590 1906.4
1258600 1904.8
1258610 1904.8
1258620 1902.8
1258630 1904.9
1258640 1904.9
1258650 1909.5
1258660 1913.6
1258670 1917.0
1258680 1917.0
1258690 1920.6
1258700 1925.1
1258710 1925.1
1258720 1931.0
1258730 1938.1
1258740 1938.1
1258750 1946.1
1258760 1954.2
1258770 1954.2
1258780 1972.2
1258790 2002.7
1258800 2002.7
1258810 2026.8
1258820 2044.5
1258830 2044.5
1258840 2054.1
1258850 2061.5
1258860 2061.5
1258870 2067.4
1258880 2071.3
1258890 2071.3
1258900 2079.2
1258910 2085.1
1258920 2081.2
1258930 2081.2
1258940 2080.9
1258950 2079.8
1258960 2079.8
1258970 2080.9
1258980 2084.9
1258990 2084.9
1259000 2089.5
1259010 2094.6
1259020 2094.6
1259030 2099.7
1259040 2105.4
1259050 2105.4
1259060 2111.0
1259070 2116.3
1259080 2116.3
1259090 2122.0
1259100 2126.9
1259110 2126.9
1259120 2128.4
1259130 2125.9
1259140 2125.9
1259150 2122.2
1259160 2117.6
1259170 2112.4
1259180 2112.4
1259190 2107.4
1259200 2102.5
1259210 2102.5
1259220 2098.0
1259230 2094.5
1259240 2094.5
1259250 2092.1
1259260 2090.6
1259270 2090.6
1259280 2089.7
1259290 2088.5
1259300 2088.5
1259310 2087.9
1259320 2087.6
1259330 2087.6
1259340 2086.2
1259350 2083.5
1259360 2083.5
1259370 2081.9
1259380 2081.4
1259390 2081.4
1259400 2081.9
1259410 2083.4
1259420 2083.9
1259430 2083.9
1259440 2083.9
1259450 2084.5
1259460 2084.5
1259470 2085.8
1259480 2086.2
1259490 2096.2
1259500 2095.6
1259510 2094.9
1259520 2094.9
1259530 2092.5
1259540 2093.0
1259550 2093.0
1259560 2095.5
1259570 2097.4
1259580 2097.4
1259590 2098.5
1259600 2099.2
1259610 2099.2
1259620 2099.3
1259630 2097.0
1259640 2089.5
1259650 2089.5
1259660 2081.0
1259670 2073.2
1259680 2073.2
1259690 2065.6
1259700 2058.2
1259710 2058.2
1259720 2051.4
1259730 2044.7
1259740 2044.7
1259750 2038.7
1259760 2032.1
1259770 2032.1
1259780 2021.3
1259790 2012.0
1259800 2012.0
1259810 2004.2
1259820 1997.1
1259830 1997.1
1259840 1990.4
1259850 1983.8
1259860 1983.8
1259870 1977.1
1259880 1969.9
1259890 1963.0
1259900 1963.0
1259910 1955.5
1259920 1949.3
1259930 1949.3
1259940 1943.1
1259950 1936.6
1259960 1936.6
1259970 1930.9
1259980 1925.4
1259990 1925.4
