1240000 1771.7
1240010 1771.7
1240020 1766.9
1240030 1755.1
1240040 1750.9
1240050 1750.9
1240060 1747.1
1240070 1740.7
1240080 1740.7
1240090 1731.9
1240100 1725.7
1240110 1725.7
1240120 1719.7
1240130 1710.4
1240140 1710.4
1240150 1703.4
1240160 1697.5
1240170 1697.5
1240180 1691.2
1240190 1686.1
1240200 1686.1
1240210 1680.7
1240220 1674.3
1240230 1674.3
1240240 1666.1
1240250 1655.2
1240260 1655.2
1240270 1639.8
1240280 1631.7
1240290 1625.0
1240300 1625.0
1240310 1618.0
1240320 1611.2
1240330 1611.2
1240340 1605.0
1240350 1598.8
1240360 1598.8
1240370 1593.1
1240380 1586.9
1240390 1586.9
1240400 1581.7
1240410 1575.9
1240420 1575.9
1240430 1568.7
1240440 1560.6
1240450 1560.6
1240460 1552.8
1240470 1545.5
1240480 1545.5
1240490 1537.0
1240500 1525.5
1240510 1525.5
1240520 1515.9
1240530 1506.5
1240540 1497.6
1240550 1493.1
1240560 1484.9
1240570 1477.0
1240580 1477.0
1240590 1468.8
1240600 1460.6
1240610 1460.6
1240620 1452.7
1240630 1445.1
1240640 1445.1
1240650 1437.7
1240660 1430.4
1240670 1430.4
1240680 1423.6
1240690 1417.0
1240700 1417.0
1240710 1410.4
1240720 1403.8
1240730 1403.8
1240740 1397.3
1240750 1390.6
1240760 1390.6
1240770 1384.0
1240780 1377.4
1240790 1370.9
1240800 1370.9
1240810 1364.4
1240820 1358.3
1240830 1358.3
1240840 1352.3
1240850 1346.1
1240860 1346.1
1240870 1340.1
1240880 1334.5
1240890 1334.5
1240900 1328.9
1240910 1323.4
1240920 1323.4
1240930 1317.9
1240940 1313.2
1240950 1313.2
1240960 1308.2
1240970 1303.3
1240980 1303.3
1240990 1298.4
1241000 1292.9
1241010 1288.2
1241020 1288.2
1241030 1281.4
1241040 1278.5
1241050 1278.5
1241060 1280.3
1241070 1282.4
1241080 1282.4
1241090 1276.6
1241100 1271.8
1241110 1271.8
1241120 1269.2
1241130 1266.8
1241140 1266.8
1241150 1264.7
1241160 1262.5
1241170 1262.5
1241180 1260.6
1241190 1259.2
1241200 1259.2
1241210 1258.0
1241220 1257.0
1241230 1257.0
1241240 1257.6
1241250 1255.7
1241260 1253.9
1241270 1253.9
1241280 1250.8
1241290 1249.0
1241300 1249.0
1241310 1248.1
1241320 1249.6
1241330 1249.6
1241340 1252.3
1241350 1253.5
1241360 1253.5
1241370 1254.4
1241380 1255.9
1241390 1255.9
1241400 1257.7
1241410 1260.4
1241420 1260.4
1241430 1263.6
1241440 1265.6
1241450 1265.6
1241460 1267.1
1241470 1269.5
1241480 1269.5
1241490 1273.0
1241500 1278.1
1241510 1282.4
1241520 1282.4
1241530 1286.5
1241540 1290.4
1241550 1290.4
1241560 1294.5
1241570 1299.3
1241580 1299.3
1241590 1303.6
1241600 1308.8
1241610 1308.8
1241620 1314.3
1241630 1319.7
1241640 1319.7
1241650 1324.0
1241660 1327.0
1241670 1327.0
1241680 1330.6
1241690 1337.1
1241700 1337.1
1241710 1344.6
1241720 1352.9
1241730 1352.9
1241740 1360.6
1241750 1368.1
1241760 1375.0
1241770 1375.0
1241780 1381.0
1241790 1387.7
1241800 1387.7
1241810 1395.0
1241820 1402.0
1241830 1402.0
1241840 1409.1
1241850 1416.3
1241860 1416.3
1241870 1423.8
1241880 1430.9
1241890 1430.9
1241900 1438.3
1241910 1444.8
1241920 1444.8
1241930 1450.9
1241940 1457.7
1241950 1457.7
1241960 1464.1
1241970 1470.1
1241980 1474.5
1241990 1474.5
1242000 1479.3
1242010 1484.1
1242020 1484.1
1242030 1489.5
1242040 1496.6
1242050 1496.6
1242060 1503.4
1242070 1510.0
1242080 1510.0
1242090 1515.8
1242100 1522.1
1242110 1522.1
1242120 1530.3
1242130 1535.9
1242140 1535.9
1242150 1541.7
1242160 1547.1
1242170 1547.1
1242180 1551.8
1242190 1556.8
1242200 1556.8
1242210 1562.0
1242220 1566.7
1242230 1571.7
1242240 1571.7
1242250 1578.4
1242260 1585.7
1242270 1585.7
1242280 1592.0
1242290 1598.3
1242300 1598.3
1242310 1604.3
1242320 1610.5
1242330 1610.5
1242340 1616.5
1242350 1622.9
1242360 1622.9
1242370 1629.0
1242380 1635.4
1242390 1635.4
1242400 1641.3
1242410 1646.5
1242420 1646.5
1242430 1651.9
1242440 1656.0
1242450 1656.0
1242460 1656.7
1242470 1656.3
1242480 1657.4
1242490 1657.4
1242500 1658.8
1242510 1660.3
1242520 1660.3
1242530 1661.1
1242540 1666.1
1242550 1666.1
1242560 1674.5
1242570 1683.1
1242580 1683.1
1242590 1692.3
1242600 1701.0
1242610 1701.0
1242620 1708.6
1242630 1716.4
1242640 1720.0
1242650 1730.2
1242660 1740.0
1242670 1740.0
1242680 1746.5
1242690 1753.1
1242700 1753.1
1242710 1760.4
1242720 1768.1
1242730 1776.1
1242740 1776.1
1242750 1784.2
1242760 1793.3
1242770 1793.3
1242780 1802.2
1242790 1810.2
1242800 1810.2
1242810 1818.3
1242820 1825.7
1242830 1825.7
1242840 1833.0
1242850 1840.8
1242860 1840.8
1242870 1848.4
1242880 1856.2
1242890 1856.2
1242900 1864.3
1242910 1871.8
1242920 1871.8
1242930 1879.3
1242940 1886.9
1242950 1886.9
1242960 1892.5
1242970 1897.1
1242980 1902.4
1242990 1902.4
1243000 1907.8
1243010 1913.1
1243020 1913.1
1243030 1918.8
1243040 1926.0
1243050 1926.0
1243060 1933.2
1243070 1940.3
1243080 1940.3
1243090 1947.3
1243100 1954.1
1243110 1954.1
1243120 1960.8
1243130 1967.0
1243140 1967.0
1243150 1972.0
1243160 1975.3
1243170 1978.5
1243180 1981.6
1243190 1984.8
1243200 1988.3
1243210 1988.3
1243220 1991.2
1243230 1993.3
1243240 1993.3
1243250 1994.5
1243260 1996.0
1243270 1996.0
1243280 1998.1
1243290 1997.7
1243300 1997.7
1243310 1994.6
1243320 1990.4
1243330 1990.4
1243340 1986.7
1243350 1983.2
1243360 1983.2
1243370 1979.7
1243380 1975.0
1243390 1975.0
1243400 1968.7
1243410 1969.6
1243420 1969.6
1243430 1973.9
1243440 1978.1
1243450 1984.1
1243460 1984.1
1243470 1990.2
1243480 1996.5
1243490 1996.5
1243500 2003.0
1243510 2008.9
1243520 2008.9
1243530 2015.5
1243540 2019.6
1243550 2019.6
1243560 2022.0
1243570 2025.5
1243580 2025.5
1243590 2028.1
1243600 2030.5
1243610 2030.5
1243620 2033.9
1243630 2034.8
1243640 2034.8
1243650 2037.8
1243660 2044.0
1243670 2044.0
1243680 2050.5
1243690 2060.3
1243700 2065.4
1243710 2065.4
1243720 2071.2
1243730 2077.7
1243740 2077.7
1243750 2084.3
1243760 2091.3
1243770 2091.3
1243780 2098.6
1243790 2105.5
1243800 2105.5
1243810 2112.1
1243820 2119.4
1243830 2119.4
1243840 2127.2
1243850 2135.0
1243860 2135.0
1243870 2142.5
1243880 2149.9
1243890 2149.9
1243900 2156.7
1243910 2163.5
1243920 2163.5
1243930 2170.8
1243940 2178.4
1243950 2184.8
1243960 2184.8
1243970 2190.5
1243980 2197.2
1243990 2197.2
1244000 2204.4
1244010 2208.7
1244020 2208.7
1244030 2209.9
1244040 2207.6
1244050 2207.6
1244060 2202.6
1244070 2196.3
1244080 2196.3
1244090 2190.3
1244100 2185.1
1244110 2185.1
1244120 2180.2
1244130 2176.8
1244140 2176.8
1244150 2173.9
1244160 2171.3
1244170 2167.3
1244180 2167.3
1244190 2163.0
1244200 2158.8
1244210 2158.8
1244220 2162.1
1244230 2158.7
1244240 2158.7
1244250 2156.0
1244260 2153.7
1244270 2153.7
1244280 2152.4
1244290 2153.6
1244300 2153.6
1244310 2155.7
1244320 2156.6
1244330 2156.6
1244340 2155.9
1244350 2153.9
1244360 2153.9
1244370 2151.5
1244380 2147.7
1244390 2147.7
1244400 2145.4
1244410 2144.9
1244420 2144.3
1244430 2144.3
1244440 2143.2
1244450 2141.7
1244460 2141.7
1244470 2139.3
1244480 2137.8
1244490 2137.8
1244500 2137.9
1244510 2137.8
1244520 2137.8
1244530 2138.9
1244540 2141.2
1244550 2141.2
1244560 2143.9
1244570 2152.6
1244580 2152.6
1244590 2162.5
1244600 2167.5
1244610 2167.5
1244620 2169.2
1244630 2162.8
1244640 2162.8
1244650 2159.2
1244660 2162.4
1244670 2169.8
1244680 2169.8
1244690 2178.1
1244700 2184.9
1244710 2184.9
1244720 2190.3
1244730 2194.7
1244740 2194.7
1244750 2204.1
1244760 2209.0
1244770 2209.0
1244780 2214.4
1244790 2220.6
1244800 2220.6
1244810 2227.7
1244820 2234.4
1244830 2234.4
1244840 2241.7
1244850 2250.1
1244860 2250.1
1244870 2258.1
1244880 2265.7
1244890 2265.7
1244900 2272.8
1244910 2279.5
1244920 2286.3
1244930 2286.3
1244940 2292.6
1244950 2298.8
1244960 2298.8
1244970 2304.8
1244980 2310.5
1244990 2310.5
1245000 2314.7
1245010 2318.4
1245020 2318.4
1245030 2321.0
1245040 2322.1
1245050 2322.1
1245060 2323.1
1245070 2324.7
1245080 2324.7
1245090 2325.4
1245100 2321.5
1245110 2321.5
1245120 2315.2
1245130 2309.4
1245140 2305.4
1245150 2305.4
1245160 2300.9
1245170 2296.0
1245180 2296.0
1245190 2291.7
1245200 2286.5
1245210 2286.5
1245220 2281.1
1245230 2278.8
1245240 2278.8
1245250 2278.2
1245260 2277.1
1245270 2277.1
1245280 2275.1
1245290 2273.8
1245300 2273.8
1245310 2271.1
1245320 2267.1
1245330 2267.1
1245340 2262.3
1245350 2257.0
1245360 2257.0
1245370 2252.9
1245380 2249.6
1245390 2246.1
1245400 2246.1
1245410 2243.0
1245420 2239.2
1245430 2239.2
1245440 2235.1
1245450 2231.6
1245460 2231.6
1245470 2228.9
1245480 2227.3
1245490 2227.3
1245500 2226.5
1245510 2224.1
1245520 2224.1
1245530 2220.9
1245540 2217.3
1245550 2217.3
1245560 2213.6
1245570 2210.1
1245580 2210.1
1245590 2206.0
1245600 2201.4
1245610 2201.4
1245620 2196.7
1245630 2192.2
1245640 2187.2
1245650 2187.2
1245660 2182.3
1245670 2177.4
1245680 2177.4
1245690 2172.5
1245700 2167.9
1245710 2167.9
1245720 2163.9
1245730 2160.7
1245740 2160.7
1245750 2158.1
1245760 2155.1
1245770 2155.1
1245780 2151.8
1245790 2148.3
1245800 2148.3
1245810 2141.6
1245820 2137.6
1245830 2137.6
1245840 2132.5
1245850 2127.4
1245860 2127.4
1245870 2123.0
1245880 2119.1
1245890 2114.6
1245900 2114.6
1245910 2110.0
1245920 2106.1
1245930 2106.1
1245940 2102.3
1245950 2099.4
1245960 2099.4
1245970 2096.1
1245980 2092.9
1245990 2092.9
1246000 2089.3
1246010 2085.3
1246020 2085.3
1246030 2081.1
1246040 2076.6
1246050 2076.6
1246060 2072.2
1246070 2067.9
1246080 2067.9
1246090 2064.7
1246100 2062.0
1246110 2062.0
1246120 2059.1
1246130 2055.9
1246140 2051.7
1246150 2051.7
1246160 2048.3
1246170 2044.8
1246180 2044.8
1246190 2041.9
1246200 2039.8
1246210 2039.8
1246220 2035.8
1246230 2030.5
1246240 2030.5
1246250 2025.1
1246260 2020.4
1246270 2020.4
1246280 2016.9
1246290 2013.5
1246300 2013.5
1246310 2008.7
1246320 2003.7
1246330 2003.7
1246340 1999.0
1246350 1994.8
1246360 1991.4
1246370 1991.4
1246380 1988.5
1246390 1985.8
1246400 1985.8
1246410 1983.4
1246420 1980.7
1246430 1980.7
1246440 1979.0
1246450 1977.3
1246460 1977.3
1246470 1975.0
1246480 1972.8
1246490 1972.8
1246500 1970.6
1246510 1968.0
1246520 1968.0
1246530 1964.9
1246540 1961.8
1246550 1961.8
1246560 1959.4
1246570 1957.4
1246580 1957.4
1246590 1955.8
1246600 1953.9
1246610 1951.7
1246620 1951.7
1246630 1950.1
1246640 1948.7
1246650 1948.7
1246660 1947.1
1246670 1944.9
1246680 1944.9
1246690 1942.0
1246700 1939.6
1246710 1939.6
1246720 1937.2
1246730 1934.4
1246740 1934.4
1246750 1931.1
1246760 1927.4
1246770 1927.4
1246780 1923.2
1246790 1918.5
1246800 1918.5
1246810 1914.2
1246820 1910.3
1246830 1910.3
1246840 1907.3
1246850 1906.5
1246860 1906.3
1246870 1906.3
1246880 1911.2
1246890 1909.1
1246900 1909.1
1246910 1906.3
1246920 1903.8
1246930 1903.8
1246940 1902.1
1246950 1899.1
1246960 1899.1
1246970 1896.7
1246980 1894.5
1246990 1894.5
1247000 1891.1
1247010 1887.8
1247020 1887.8
1247030 1884.5
1247040 1881.5
1247050 1881.5
1247060 1879.4
1247070 1876.8
1247080 1876.8
1247090 1873.8
1247100 1869.7
1247110 1865.3
1247120 1865.3
1247130 1863.9
1247140 1864.7
1247150 1864.7
1247160 1864.6
1247170 1864.0
1247180 1864.0
1247190 1863.1
1247200 1861.9
1247210 1861.9
1247220 1860.6
1247230 1858.9
1247240 1858.9
1247250 1857.3
1247260 1855.9
1247270 1855.9
1247280 1855.0
1247290 1854.8
1247300 1854.8
1247310 1856.0
1247320 1857.6
1247330 1859.1
1247340 1859.1
1247350 1860.4
1247360 1861.8
1247370 1861.8
1247380 1863.2
1247390 1864.0
1247400 1864.0
1247410 1866.5
1247420 1865.2
1247430 1865.2
1247440 1863.4
1247450 1860.8
1247460 1860.8
1247470 1857.6
1247480 1854.4
1247490 1854.4
1247500 1851.2
1247510 1848.3
1247520 1848.3
1247530 1846.5
1247540 1845.4
1247550 1845.4
1247560 1845.0
1247570 1844.9
1247580 1845.4
1247590 1845.4
1247600 1846.7
1247610 1848.8
1247620 1848.8
1247630 1850.8
1247640 1852.1
1247650 1852.1
1247660 1852.1
1247670 1850.5
1247680 1850.5
1247690 1849.0
1247700 1848.1
1247710 1848.1
1247720 1847.1
1247730 1845.9
1247740 1845.9
1247750 1844.4
1247760 1842.4
1247770 1842.4
1247780 1840.3
1247790 1837.0
1247800 1837.0
1247810 1831.4
1247820 1825.3
1247830 1820.5
1247840 1820.5
1247850 1818.0
1247860 1816.2
1247870 1816.2
1247880 1812.9
1247890 1808.3
1247900 1808.3
1247910 1803.1
1247920 1796.9
1247930 1796.9
1247940 1790.2
1247950 1777.2
1247960 1777.2
1247970 1769.3
1247980 1762.1
1247990 1762.1
1248000 1757.0
1248010 1751.8
1248020 1751.8
1248030 1746.5
1248040 1741.2
1248050 1741.2
1248060 1736.1
1248070 1731.7
1248080 1727.7
1248090 1727.7
1248100 1723.6
1248110 1719.9
1248120 1719.9
1248130 1716.1
1248140 1712.7
1248150 1712.7
1248160 1709.3
1248170 1707.3
1248180 1707.3
1248190 1706.6
1248200 1701.7
1248210 1701.7
1248220 1695.8
1248230 1690.1
1248240 1690.1
1248250 1685.2
1248260 1679.2
1248270 1679.2
1248280 1673.5
1248290 1666.2
1248300 1666.2
1248310 1658.9
1248320 1652.2
1248330 1645.9
1248340 1645.9
1248350 1639.0
1248360 1632.4
1248370 1632.4
1248380 1625.5
1248390 1618.1
1248400 1618.1
1248410 1611.4
1248420 1606.4
1248430 1606.4
1248440 1602.4
1248450 1599.9
1248460 1599.9
1248470 1596.1
1248480 1589.2
1248490 1587.7
1248500 1579.9
1248510 1572.2
1248520 1572.2
1248530 1565.3
1248540 1559.3
1248550 1554.7
1248560 1554.7
1248570 1549.4
1248580 1543.4
1248590 1543.4
1248600 1538.2
1248610 1531.6
1248620 1531.6
1248630 1525.0
1248640 1517.8
1248650 1517.8
1248660 1509.0
1248670 1500.3
1248680 1500.3
1248690 1494.5
1248700 1490.0
1248710 1490.0
1248720 1487.0
1248730 1483.2
1248740 1483.2
1248750 1479.0
1248760 1474.5
1248770 1474.5
1248780 1470.4
1248790 1466.5
1248800 1462.9
1248810 1462.9
1248820 1458.7
1248830 1453.5
1248840 1453.5
1248850 1447.4
1248860 1440.6
1248870 1440.6
1248880 1433.6
1248890 1426.7
1248900 1426.7
1248910 1421.6
1248920 1416.6
1248930 1416.6
1248940 1410.6
1248950 1404.8
1248960 1404.8
1248970 1399.0
1248980 1392.7
1248990 1392.7
1249000 1386.2
1249010 1380.1
1249020 1379.7
1249030 1372.8
1249040 1365.5
1249050 1359.0
1249060 1359.0
1249070 1353.0
1249080 1347.6
1249090 1347.6
1249100 1340.9
1249110 1332.8
1249120 1332.8
1249130 1326.0
1249140 1319.7
1249150 1319.7
1249160 1312.8
1249170 1307.8
1249180 1307.8
1249190 1304.7
1249200 1305.4
1249210 1305.4
1249220 1306.2
1249230 1304.5
1249240 1304.5
1249250 1305.4
1249260 1309.3
1249270 1309.3
1249280 1313.2
1249290 1315.5
1249300 1317.2
1249310 1317.2
1249320 1318.6
1249330 1319.5
1249340 1319.5
1249350 1320.8
1249360 1323.4
1249370 1323.4
1249380 1326.8
1249390 1329.8
1249400 1329.8
1249410 1332.4
1249420 1334.8
1249430 1334.8
1249440 1340.5
1249450 1348.9
1249460 1348.9
1249470 1355.8
1249480 1360.4
1249490 1360.4
1249500 1364.3
1249510 1367.6
1249520 1371.1
1249530 1371.1
1249540 1375.9
1249550 1381.3
1249560 1379.7
1249570 1385.3
1249580 1390.3
1249590 1390.3
1249600 1396.0
1249610 1400.9
1249620 1400.9
1249630 1406.4
1249640 1412.8
1249650 1412.8
1249660 1417.8
1249670 1422.1
1249680 1422.1
1249690 1426.3
1249700 1430.9
1249710 1430.9
1249720 1435.8
1249730 1440.0
1249740 1440.0
1249750 1443.9
1249760 1447.8
1249770 1452.0
1249780 1452.0
1249790 1456.6
1249800 1461.2
1249810 1461.2
1249820 1464.2
1249830 1466.2
1249840 1466.2
1249850 1468.7
1249860 1471.9
1249870 1471.9
1249880 1474.4
1249890 1476.4
1249900 1476.4
1249910 1479.8
1249920 1483.7
1249930 1483.7
1249940 1486.9
1249950 1490.3
1249960 1490.3
1249970 1496.4
1249980 1502.2
1249990 1502.2
1250000 1507.6
1250010 1511.9
1250020 1516.6
1250030 1516.6
1250040 1521.6
1250050 1526.2
1250060 1526.2
1250070 1530.1
1250080 1536.7
1250090 1536.7
1250100 1547.0
1250110 1553.0
1250120 1553.0
1250130 1557.9
1250140 1562.9
1250150 1562.9
1250160 1567.6
1250170 1573.5
1250180 1573.5
1250190 1578.6
1250200 1583.2
1250210 1583.2
1250220 1587.9
1250230 1592.1
1250240 1592.1
1250250 1596.4
1250260 1601.4
1250270 1606.4
1250280 1606.4
1250290 1611.6
1250300 1616.0
1250310 1616.0
1250320 1619.7
1250330 1624.4
1250340 1624.4
1250350 1630.0
1250360 1635.2
1250370 1635.2
1250380 1640.2
1250390 1645.3
1250400 1645.3
1250410 1650.2
1250420 1655.9
1250430 1655.9
1250440 1661.0
1250450 1665.6
1250460 1665.6
1250470 1670.5
1250480 1676.1
1250490 1682.8
1250500 1682.8
1250510 1689.9
1250520 1696.0
1250530 1696.0
1250540 1699.8
1250550 1703.8
1250560 1703.8
1250570 1708.5
1250580 1711.7
1250590 1711.7
1250600 1713.7
1250610 1715.4
1250620 1715.4
1250630 1718.0
1250640 1722.0
1250650 1725.2
1250660 1729.1
1250670 1733.9
1250680 1733.9
1250690 1739.1
1250700 1744.4
1250710 1744.4
1250720 1749.1
1250730 1753.3
1250740 1756.8
1250750 1756.8
1250760 1761.1
1250770 1765.8
1250780 1765.8
1250790 1770.2
1250800 1776.2
1250810 1776.2
1250820 1782.0
1250830 1786.9
1250840 1786.9
1250850 1791.1
1250860 1794.3
1250870 1794.3
1250880 1797.0
1250890 1800.6
1250900 1800.6
1250910 1805.5
1250920 1809.3
1250930 1809.3
1250940 1812.9
1250950 1816.7
1250960 1816.7
1250970 1821.7
1250980 1826.4
1250990 1830.8
1251000 1830.8
1251010 1835.8
1251020 1840.9
1251030 1840.9
1251040 1845.5
1251050 1849.1
1251060 1849.1
1251070 1853.0
1251080 1856.9
1251090 1856.9
1251100 1861.0
1251110 1866.1
1251120 1866.1
1251130 1871.5
1251140 1879.2
1251150 1879.2
1251160 1886.2
1251170 1891.5
1251180 1891.5
1251190 1899.8
1251200 1904.7
1251210 1904.7
1251220 1910.5
1251230 1916.9
1251240 1923.3
1251250 1923.3
1251260 1929.7
1251270 1934.5
1251280 1934.5
1251290 1936.8
1251300 1939.7
1251310 1939.7
1251320 1943.2
1251330 1947.0
1251340 1947.0
1251350 1951.4
1251360 1955.6
1251370 1955.6
1251380 1959.9
1251390 1964.9
1251400 1964.9
1251410 1970.4
1251420 1976.0
1251430 1976.0
1251440 1981.2
1251450 1987.3
1251460 1987.3
1251470 1995.6
1251480 2004.7
1251490 2013.3
1251500 2013.3
1251510 2021.4
1251520 2029.4
1251530 2029.4
1251540 2036.9
1251550 2044.7
1251560 2044.7
1251570 2050.8
1251580 2055.2
1251590 2055.2
1251600 2061.1
1251610 2068.9
1251620 2068.9
1251630 2075.3
1251640 2079.9
1251650 2079.9
1251660 2084.0
1251670 2088.6
1251680 2088.6
1251690 2093.6
1251700 2099.0
1251710 2106.0
1251720 2106.0
1251730 2113.1
1251740 2121.5
1251750 2121.5
1251760 2127.6
1251770 2130.1
1251780 2130.1
1251790 2123.9
1251800 2117.8
1251810 2117.8
1251820 2113.4
1251830 2105.9
1251840 2105.9
1251850 2098.6
1251860 2091.4
1251870 2091.4
1251880 2084.8
1251890 2077.5
1251900 2077.5
1251910 2071.6
1251920 2064.7
1251930 2064.7
1251940 2056.4
1251950 2048.2
1251960 2041.0
1251970 2041.0
1251980 2035.9
1251990 2030.2
1252000 2030.2
1252010 2023.1
1252020 2017.6
1252030 2017.6
1252040 2013.7
1252050 2010.7
1252060 2010.7
1252070 2007.6
1252080 2003.6
1252090 2003.6
1252100 1998.9
1252110 1993.8
1252120 1993.8
1252130 1989.8
1252140 1985.6
1252150 1985.6
1252160 1981.7
1252170 1978.6
1252180 1978.6
1252190 1973.9
1252200 1965.6
1252210 1958.0
1252220 1958.0
1252230 1952.5
1252240 1944.7
1252250 1944.7
1252260 1939.0
1252270 1935.7
1252280 1934.7
1252290 1931.5
1252300 1927.6
1252310 1927.6
1252320 1921.7
1252330 1914.0
1252340 1914.0
1252350 1908.7
1252360 1905.2
1252370 1905.2
1252380 1901.4
1252390 1898.7
1252400 1898.7
1252410 1894.8
1252420 1892.1
1252430 1892.1
1252440 1887.8
1252450 1881.6
1252460 1876.4
1252470 1876.4
1252480 1871.5
1252490 1865.0
1252500 1865.0
1252510 1859.4
1252520 1854.2
1252530 1854.2
1252540 1850.1
1252550 1846.8
1252560 1846.8
1252570 1844.2
1252580 1840.8
1252590 1840.8
1252600 1836.7
1252610 1833.0
1252620 1833.0
1252630 1829.9
1252640 1826.1
1252650 1826.1
1252660 1821.6
1252670 1817.2
1252680 1811.6
1252690 1811.6
1252700 1806.9
1252710 1801.7
1252720 1801.7
1252730 1796.5
1252740 1791.4
1252750 1791.4
1252760 1786.4
1252770 1781.5
1252780 1781.5
1252790 1776.8
1252800 1772.3
1252810 1772.3
1252820 1766.2
1252830 1762.4
1252840 1762.4
1252850 1756.3
1252860 1749.2
1252870 1749.2
1252880 1743.7
1252890 1739.2
1252900 1739.2
1252910 1734.9
1252920 1730.4
1252930 1724.6
1252940 1724.6
1252950 1718.7
1252960 1712.8
1252970 1712.8
1252980 1708.0
1252990 1703.6
1253000 1703.6
1253010 1699.8
1253020 1696.4
1253030 1696.4
1253040 1693.2
1253050 1690.0
1253060 1690.0
1253070 1686.7
1253080 1683.0
1253090 1683.0
1253100 1679.5
1253110 1676.2
1253120 1676.2
1253130 1672.1
1253140 1667.0
1253150 1667.0
1253160 1660.8
1253170 1655.6
1253180 1649.8
1253190 1649.8
1253200 1645.1
1253210 1640.7
1253220 1640.7
1253230 1635.8
1253240 1630.8
1253250 1630.8
1253260 1626.0
1253270 1621.8
1253280 1621.8
1253290 1617.4
1253300 1613.0
1253310 1613.0
1253320 1608.4
1253330 1603.1
1253340 1603.1
1253350 1597.5
1253360 1590.9
1253370 1590.9
1253380 1585.3
1253390 1578.8
1253400 1578.8
1253410 1572.3
1253420 1568.1
1253430 1564.8
1253440 1564.8
1253450 1562.3
1253460 1559.7
1253470 1559.7
1253480 1556.0
1253490 1552.6
1253500 1552.6
1253510 1550.7
1253520 1549.9
1253530 1549.9
1253540 1550.0
1253550 1553.2
1253560 1553.2
1253570 1557.2
1253580 1556.7
1253590 1556.7
1253600 1555.4
1253610 1553.8
1253620 1553.8
1253630 1548.0
1253640 1539.8
1253650 1532.0
1253660 1532.0
1253670 1525.8
1253680 1522.0
1253690 1522.0
1253700 1521.0
1253710 1524.5
1253720 1524.5
1253730 1529.7
1253740 1539.4
1253750 1539.4
1253760 1547.3
1253770 1553.4
1253780 1553.4
1253790 1555.1
1253800 1556.5
1253810 1556.5
1253820 1557.5
1253830 1558.7
1253840 1558.7
1253850 1561.4
1253860 1564.5
1253870 1564.5
1253880 1568.2
1253890 1572.8
1253900 1576.1
1253910 1576.1
1253920 1577.7
1253930 1580.5
1253940 1580.5
1253950 1581.4
1253960 1582.9
1253970 1582.9
1253980 1584.6
1253990 1586.8
1254000 1586.8
1254010 1589.6
1254020 1593.6
1254030 1593.6
1254040 1599.1
1254050 1605.2
1254060 1605.2
1254070 1611.8
1254080 1618.8
1254090 1618.8
1254100 1625.3
1254110 1631.7
1254120 1631.7
1254130 1638.2
1254140 1644.6
1254150 1651.1
1254160 1651.1
1254170 1657.7
1254180 1663.1
1254190 1663.1
1254200 1667.2
1254210 1671.6
1254220 1671.6
1254230 1676.9
1254240 1682.5
1254250 1682.5
1254260 1688.5
1254270 1694.2
1254280 1694.2
1254290 1698.9
1254300 1703.0
1254310 1703.0
1254320 1707.3
1254330 1712.8
1254340 1712.8
1254350 1718.5
1254360 1722.2
1254370 1722.2
1254380 1725.6
1254390 1731.4
1254400 1737.5
1254410 1737.5
1254420 1743.9
1254430 1751.1
1254440 1751.1
1254450 1757.4
1254460 1764.8
1254470 1764.8
1254480 1770.9
1254490 1777.9
1254500 1777.9
1254510 1786.2
1254520 1794.3
1254530 1794.3
1254540 1802.2
1254550 1811.7
1254560 1811.7
1254570 1820.6
1254580 1828.7
1254590 1828.7
1254600 1836.3
1254610 1843.5
1254620 1843.5
1254630 1850.7
1254640 1857.6
1254650 1864.4
1254660 1864.4
1254670 1871.5
1254680 1879.0
1254690 1879.0
1254700 1887.1
1254710 1895.5
1254720 1895.5
1254730 1903.3
1254740 1910.7
1254750 1910.7
1254760 1918.2
1254770 1925.4
1254780 1925.4
1254790 1932.1
1254800 1938.3
1254810 1938.3
1254820 1944.4
1254830 1952.8
1254840 1952.8
1254850 1963.3
1254860 1970.7
1254870 1976.7
1254880 1976.7
1254890 1982.4
1254900 1988.1
1254910 1988.1
1254920 1992.6
1254930 1996.4
1254940 1996.4
1254950 2000.0
1254960 2001.9
1254970 2001.9
1254980 2001.8
1254990 2001.4
1255000 2001.4
1255010 2000.0
1255020 2001.1
1255030 2006.0
1255040 2007.9
1255050 2010.0
1255060 2010.0
1255070 2011.3
1255080 2013.0
1255090 2013.0
1255100 2015.0
1255110 2018.0
1255120 2024.8
1255130 2024.8
1255140 2033.5
1255150 2040.7
1255160 2040.7
1255170 2045.2
1255180 2047.9
1255190 2047.9
1255200 2051.0
1255210 2055.1
1255220 2055.1
1255230 2060.1
1255240 2065.9
1255250 2065.9
1255260 2071.9
1255270 2075.8
1255280 2075.8
1255290 2079.0
1255300 2082.2
1255310 2082.2
1255320 2087.8
1255330 2093.3
1255340 2093.3
1255350 2098.7
1255360 2103.3
1255370 2107.2
1255380 2107.2
1255390 2112.7
1255400 2118.7
1255410 2118.7
1255420 2122.8
1255430 2126.8
1255440 2126.8
1255450 2130.9
1255460 2135.6
1255470 2135.6
1255480 2141.6
1255490 2148.6
1255500 2148.6
1255510 2156.0
1255520 2162.8
1255530 2162.8
1255540 2169.3
1255550 2176.1
1255560 2176.1
1255570 2183.2
1255580 2190.7
1255590 2190.7
1255600 2198.2
1255610 2205.9
1255620 2212.8
1255630 2212.8
1255640 2219.8
1255650 2227.1
1255660 2227.1
1255670 2234.0
1255680 2241.8
1255690 2241.8
1255700 2250.5
1255710 2257.6
1255720 2257.6
1255730 2261.5
1255740 2260.8
1255750 2260.8
1255760 2259.2
1255770 2256.4
1255780 2256.4
1255790 2249.9
1255800 2244.2
1255810 2244.2
1255820 2239.6
1255830 2235.1
1255840 2230.7
1255850 2230.7
1255860 2227.2
1255870 2223.3
1255880 2223.3
1255890 2218.8
1255900 2214.7
1255910 2214.7
1255920 2211.7
1255930 2210.1
1255940 2210.1
1255950 2209.4
1255960 2209.1
1255970 2209.1
1255980 2209.0
1255990 2208.7
1256000 2208.7
1256010 2207.9
1256020 2207.2
1256030 2207.2
1256040 2207.5
1256050 2207.7
1256060 2207.7
1256070 2206.9
1256080 2205.5
1256090 2203.0
1256100 2203.0
1256110 2200.6
1256120 2198.1
1256130 2198.1
1256140 2197.9
1256150 2194.8
1256160 2194.8
1256170 2193.5
1256180 2192.8
1256190 2192.8
1256200 2193.5
1256210 2196.2
1256220 2196.2
1256230 2198.9
1256240 2202.0
1256250 2202.0
1256260 2204.6
1256270 2206.8
1256280 2206.8
1256290 2209.4
1256300 2213.2
1256310 2213.2
1256320 2213.5
1256330 2210.4
1256340 2206.9
1256350 2206.9
1256360 2202.3
1256370 2197.2
1256380 2197.2
1256390 2193.9
1256400 2191.2
1256410 2191.2
1256420 2189.4
1256430 2189.2
1256440 2189.2
1256450 2187.4
1256460 2182.8
1256470 2182.8
1256480 2178.3
1256490 2173.3
1256500 2173.3
1256510 2167.3
1256520 2161.5
1256530 2161.5
1256540 2157.1
1256550 2153.0
1256560 2153.0
1256570 2148.5
1256580 2144.3
1256590 2141.0
1256600 2141.0
1256610 2138.3
1256620 2136.3
1256630 2136.3
1256640 2133.8
1256650 2131.3
1256660 2131.3
1256670 2128.4
1256680 2125.5
1256690 2125.5
1256700 2125.4
1256710 2120.9
1256720 2120.9
1256730 2116.5
1256740 2111.3
1256750 2111.3
1256760 2105.9
1256770 2099.2
1256780 2099.2
1256790 2091.2
1256800 2083.4
1256810 2076.6
1256820 2076.6
1256830 2068.6
1256840 2059.6
1256850 2059.6
1256860 2049.9
1256870 2039.3
1256880 2039.3
1256890 2030.5
1256900 2021.8
1256910 2021.8
1256920 2013.1
1256930 2004.9
1256940 2004.9
1256950 1996.9
1256960 1988.9
1256970 1988.9
1256980 1981.2
1256990 1973.8
1257000 1973.8
1257010 1966.3
1257020 1959.4
1257030 1959.4
1257040 1953.2
1257050 1946.5
1257060 1939.2
1257070 1939.2
1257080 1931.6
1257090 1925.2
1257100 1925.2
1257110 1918.1
1257120 1911.5
1257130 1911.5
1257140 1905.2
1257150 1899.5
1257160 1899.5
1257170 1894.0
1257180 1888.9
1257190 1888.9
1257200 1885.3
1257210 1886.2
1257220 1886.2
1257230 1887.9
1257240 1884.5
1257250 1885.6
1257260 1884.3
1257270 1883.2
1257280 1883.2
1257290 1882.0
1257300 1880.9
1257310 1879.6
1257320 1879.6
1257330 1878.1
1257340 1876.7
1257350 1876.7
1257360 1875.6
1257370 1874.6
1257380 1874.6
1257390 1873.1
1257400 1867.4
1257410 1867.4
1257420 1860.2
1257430 1853.3
1257440 1853.3
1257450 1846.7
1257460 1840.2
1257470 1840.2
1257480 1835.0
1257490 1830.7
1257500 1830.7
1257510 1828.1
1257520 1826.4
1257530 1826.4
1257540 1825.0
1257550 1822.7
1257560 1822.0
1257570 1822.0
1257580 1820.9
1257590 1818.7
1257600 1818.7
1257610 1815.1
1257620 1811.3
1257630 1811.3
1257640 1807.7
1257650 1803.7
1257660 1803.7
1257670 1799.8
1257680 1797.2
1257690 1797.2
1257700 1796.7
1257710 1796.2
1257720 1796.2
1257730 1794.7
1257740 1793.7
1257750 1793.7
1257760 1792.1
1257770 1788.8
1257780 1784.1
1257790 1784.1
1257800 1784.8
1257810 1788.3
1257820 1788.3
1257830 1784.7
1257840 1780.5
1257850 1780.5
1257860 1777.3
1257870 1776.5
1257880 1776.5
1257890 1775.7
1257900 1775.3
1257910 1775.3
1257920 1773.9
1257930 1773.7
1257940 1773.7
1257950 1772.4
1257960 1772.1
1257970 1772.1
1257980 1773.5
1257990 1774.1
1258000 1774.1
1258010 1774.5
1258020 1776.1
1258030 1777.4
1258040 1777.4
1258050 1777.5
1258060 1777.9
1258070 1777.9
1258080 1778.6
1258090 1778.3
1258100 1778.3
1258110 1777.2
1258120 1776.3
1258130 1776.3
1258140 1776.4
1258150 1777.9
1258160 1777.9
1258170 1779.5
1258180 1780.5
1258190 1780.5
1258200 1783.6
1258210 1787.6
1258220 1787.6
1258230 1791.6
1258240 1796.1
1258250 1796.1
1258260 1799.5
1258270 1801.2
1258280 1802.8
1258290 1802.8
1258300 1804.4
1258310 1805.6
1258320 1805.6
1258330 1807.7
1258340 1812.3
1258350 1812.3
1258360 1817.2
1258370 1827.0
1258380 1827.0
1258390 1833.5
1258400 1839.6
1258410 1839.6
1258420 1845.8
1258430 1851.7
1258440 1851.7
1258450 1856.6
1258460 1861.3
1258470 1861.3
1258480 1864.9
1258490 1868.5
1258500 1868.5
1258510 1873.4
1258520 1878.9
1258530 1883.3
1258540 1883.3
1258550 1885.6
1258560 1888.4
1258570 1888.4
1258580 1892.9
1258590 1898.1
1258600 1898.1
1258610 1904.1
1258620 1909.7
1258630 1909.7
1258640 1915.5
1258650 1921.6
1258660 1921.6
1258670 1928.2
1258680 1935.6
1258690 1935.6
1258700 1943.5
1258710 1956.8
1258720 1956.8
1258730 1981.1
1258740 2000.1
1258750 2000.1
1258760 2016.2
1258770 2072.7
1258780 2127.1
1258790 2127.1
1258800 2137.3
1258810 2142.0
1258820 2142.0
1258830 2140.2
1258840 2133.9
1258850 2133.9
1258860 2132.1
1258870 2137.8
1258880 2137.8
1258890 2136.7
1258900 2135.7
1258910 2135.7
1258920 2136.0
1258930 2135.1
1258940 2133.6
1258950 2128.3
1258960 2122.2
1258970 2122.2
1258980 2115.6
1258990 2108.5
1259000 2101.4
1259010 2101.4
1259020 2094.6
1259030 2088.1
1259040 2088.1
1259050 2082.1
1259060 2077.4
1259070 2077.4
1259080 2076.2
1259090 2076.1
1259100 2076.1
1259110 2076.9
1259120 2076.9
1259130 2076.9
1259140 2078.5
1259150 2080.9
1259160 2080.9
1259170 2083.4
1259180 2086.7
1259190 2086.7
1259200 2085.7
1259210 2081.1
1259220 2081.1
1259230 2075.6
1259240 2068.6
1259250 2064.3
1259260 2064.3
1259270 2060.6
1259280 2056.2
1259290 2056.2
1259300 2051.4
1259310 2046.1
1259320 2046.1
1259330 2042.5
1259340 2038.7
1259350 2038.7
1259360 2034.0
1259370 2029.5
1259380 2029.5
1259390 2025.0
1259400 2020.2
1259410 2020.2
1259420 2015.8
1259430 2011.7
1259440 2011.7
1259450 2007.8
1259460 2003.9
1259470 2003.9
1259480 1999.3
1259490 1994.5
1259500 1989.9
1259510 1989.9
1259520 1990.4
1259530 1991.7
1259540 1991.7
1259550 1993.3
1259560 1993.2
1259570 1993.2
1259580 1994.6
1259590 1997.5
1259600 1997.5
1259610 1998.8
1259620 1997.7
1259630 1997.7
1259640 1996.9
1259650 1996.9
1259660 1996.9
1259670 1996.7
1259680 1996.4
1259690 1996.4
1259700 1996.4
1259710 1995.5
1259720 1995.5
1259730 1993.8
1259740 1993.3
1259750 1995.1
1259760 1995.1
1259770 1998.1
1259780 2001.6
1259790 2001.6
1259800 2004.6
1259810 2006.3
1259820 2006.3
1259830 2007.9
1259840 2011.2
1259850 2011.2
1259860 2013.5
1259870 2015.3
1259880 2015.3
1259890 2016.9
1259900 2018.8
1259910 2018.8
1259920 2020.5
1259930 2021.8
1259940 2021.8
1259950 2022.7
1259960 2023.0
1259970 2023.0
1259980 2023.0
1259990 2023.5
