1240000 1847.0
1240010 1839.6
1240020 1832.5
1240030 1832.5
1240040 1825.2
1240050 1818.6
1240060 1818.6
1240070 1813.4
1240080 1807.9
1240090 1807.9
1240100 1798.9
1240110 1795.3
1240120 1795.3
1240130 1784.9
1240140 1775.5
1240150 1775.5
1240160 1767.5
1240170 1760.2
1240180 1760.2
1240190 1752.5
1240200 1743.6
1240210 1743.6
1240220 1733.9
1240230 1725.3
1240240 1725.3
1240250 1717.4
1240260 1710.1
1240270 1702.7
1240280 1702.7
1240290 1694.4
1240300 1686.9
1240310 1686.9
1240320 1679.9
1240330 1672.9
1240340 1672.9
1240350 1665.6
1240360 1657.0
1240370 1657.0
1240380 1648.9
1240390 1641.6
1240400 1641.6
1240410 1633.6
1240420 1625.3
1240430 1625.3
1240440 1617.7
1240450 1610.5
1240460 1610.5
1240470 1602.6
1240480 1593.6
1240490 1593.6
1240500 1585.8
1240510 1578.5
1240520 1571.5
1240530 1571.5
1240540 1564.0
1240550 1557.0
1240560 1557.0
1240570 1551.7
1240580 1547.6
1240590 1547.6
1240600 1542.9
1240610 1535.8
1240620 1535.8
1240630 1517.6
1240640 1511.7
1240650 1511.7
1240660 1506.8
1240670 1503.3
1240680 1503.3
1240690 1499.7
1240700 1489.6
1240710 1489.6
1240720 1478.4
1240730 1467.8
1240740 1467.8
1240750 1455.2
1240760 1445.8
1240770 1436.7
1240780 1436.7
1240790 1427.9
1240800 1420.2
1240810 1420.2
1240820 1412.9
1240830 1406.0
1240840 1406.0
1240850 1398.6
1240860 1391.2
1240870 1391.2
1240880 1384.3
1240890 1377.6
1240900 1377.6
1240910 1371.2
1240920 1364.7
1240930 1364.7
1240940 1358.5
1240950 1352.3
1240960 1352.3
1240970 1346.0
1240980 1340.3
1240990 1334.3
1241000 1334.3
1241010 1328.7
1241020 1323.1
1241030 1323.1
1241040 1317.6
1241050 1312.2
1241060 1312.2
1241070 1307.0
1241080 1301.4
1241090 1301.4
1241100 1296.1
1241110 1291.0
1241120 1291.0
1241130 1285.8
1241140 1281.0
1241150 1282.6
1241160 1277.6
1241170 1271.8
1241180 1271.8
1241190 1266.4
1241200 1261.1
1241210 1261.1
1241220 1256.1
1241230 1251.7
1241240 1247.7
1241250 1247.7
1241260 1244.5
1241270 1241.2
1241280 1241.2
1241290 1236.9
1241300 1230.9
1241310 1230.9
1241320 1225.9
1241330 1230.1
1241340 1230.1
1241350 1230.5
1241360 1223.1
1241370 1223.1
1241380 1218.3
1241390 1218.0
1241400 1218.0
1241410 1218.1
1241420 1217.9
1241430 1217.9
1241440 1217.5
1241450 1217.2
1241460 1217.2
1241470 1216.8
1241480 1215.6
1241490 1215.1
1241500 1215.1
1241510 1215.0
1241520 1214.9
1241530 1214.9
1241540 1215.3
1241550 1213.9
1241560 1213.9
1241570 1214.0
1241580 1214.5
1241590 1214.5
1241600 1217.6
1241610 1225.3
1241620 1225.3
1241630 1231.0
1241640 1234.6
1241650 1234.6
1241660 1238.8
1241670 1246.8
1241680 1246.8
1241690 1251.1
1241700 1252.7
1241710 1252.7
1241720 1254.0
1241730 1257.0
1241740 1259.6
1241750 1259.6
1241760 1263.0
1241770 1266.9
1241780 1266.9
1241790 1270.0
1241800 1272.6
1241810 1272.6
1241820 1275.5
1241830 1278.8
1241840 1278.8
1241850 1282.5
1241860 1286.1
1241870 1286.1
1241880 1289.9
1241890 1294.2
1241900 1294.2
1241910 1299.2
1241920 1303.5
1241930 1303.5
1241940 1307.5
1241950 1311.3
1241960 1311.3
1241970 1315.1
1241980 1318.6
1241990 1321.8
1242000 1321.8
1242010 1323.0
1242020 1321.2
1242030 1321.2
1242040 1319.4
1242050 1318.5
1242060 1318.5
1242070 1322.4
1242080 1329.7
1242090 1329.7
1242100 1338.0
1242110 1346.3
1242120 1346.3
1242130 1351.9
1242140 1356.9
1242150 1356.9
1242160 1360.9
1242170 1364.9
1242180 1364.9
1242190 1368.5
1242200 1377.7
1242210 1382.5
1242220 1382.5
1242230 1387.2
1242240 1392.2
1242250 1392.2
1242260 1397.9
1242270 1404.8
1242280 1404.8
1242290 1412.9
1242300 1421.4
1242310 1421.4
1242320 1430.6
1242330 1438.2
1242340 1438.2
1242350 1446.4
1242360 1455.2
1242370 1455.2
1242380 1463.1
1242390 1470.0
1242400 1470.0
1242410 1476.9
1242420 1484.9
1242430 1484.9
1242440 1492.5
1242450 1499.4
1242460 1506.6
1242470 1506.6
1242480 1513.7
1242490 1519.9
1242500 1519.9
1242510 1524.2
1242520 1526.6
1242530 1526.6
1242540 1525.4
1242550 1522.4
1242560 1522.4
1242570 1523.3
1242580 1527.5
1242590 1527.5
1242600 1533.4
1242610 1539.7
1242620 1539.7
1242630 1548.3
1242640 1557.5
1242650 1557.5
1242660 1566.9
1242670 1576.1
1242680 1576.1
1242690 1585.0
1242700 1593.0
1242710 1602.8
1242720 1610.6
1242730 1619.2
1242740 1627.6
1242750 1627.6
1242760 1635.8
1242770 1642.9
1242780 1642.9
1242790 1649.2
1242800 1650.5
1242810 1650.5
1242820 1648.8
1242830 1646.5
1242840 1646.5
1242850 1644.3
1242860 1642.2
1242870 1642.2
1242880 1641.3
1242890 1641.8
1242900 1641.8
1242910 1640.6
1242920 1637.6
1242930 1637.6
1242940 1633.7
1242950 1629.1
1242960 1624.1
1242970 1624.1
1242980 1619.7
1242990 1614.9
1243000 1614.9
1243010 1614.0
1243020 1622.6
1243030 1622.6
1243040 1627.9
1243050 1626.2
1243060 1626.2
1243070 1625.7
1243080 1623.6
1243090 1623.6
1243100 1617.7
1243110 1618.4
1243120 1618.4
1243130 1628.1
1243140 1638.6
1243150 1638.6
1243160 1650.3
1243170 1660.7
1243180 1660.7
1243190 1667.7
1243200 1672.3
1243210 1676.8
1243220 1676.8
1243230 1680.5
1243240 1683.6
1243250 1687.9
1243260 1691.7
1243270 1695.2
1243280 1695.2
1243290 1698.2
1243300 1701.0
1243310 1701.0
1243320 1701.7
1243330 1699.4
1243340 1699.4
1243350 1696.2
1243360 1698.5
1243370 1698.5
1243380 1705.7
1243390 1715.7
1243400 1715.7
1243410 1726.1
1243420 1733.5
1243430 1733.5
1243440 1740.8
1243450 1745.9
1243460 1749.7
1243470 1749.7
1243480 1752.8
1243490 1755.9
1243500 1755.9
1243510 1761.1
1243520 1766.2
1243530 1766.2
1243540 1771.5
1243550 1777.5
1243560 1777.5
1243570 1782.4
1243580 1787.4
1243590 1787.4
1243600 1791.8
1243610 1796.5
1243620 1796.5
1243630 1801.7
1243640 1806.8
1243650 1806.8
1243660 1811.3
1243670 1816.1
1243680 1822.0
1243690 1822.0
1243700 1827.6
1243710 1833.0
1243720 1833.0
1243730 1838.5
1243740 1842.7
1243750 1842.7
1243760 1846.0
1243770 1847.6
1243780 1855.3
1243790 1856.8
1243800 1854.3
1243810 1854.3
1243820 1854.0
1243830 1860.1
1243840 1860.1
1243850 1862.5
1243860 1864.6
1243870 1864.6
1243880 1866.7
1243890 1867.1
1243900 1867.1
1243910 1865.1
1243920 1863.2
1243930 1865.1
1243940 1865.1
1243950 1865.8
1243960 1869.0
1243970 1869.0
1243980 1871.1
1243990 1870.4
1244000 1870.4
1244010 1867.8
1244020 1870.1
1244030 1870.1
1244040 1871.7
1244050 1875.8
1244060 1875.8
1244070 1881.3
1244080 1886.4
1244090 1886.4
1244100 1890.8
1244110 1895.7
1244120 1895.7
1244130 1900.9
1244140 1905.0
1244150 1905.0
1244160 1909.8
1244170 1914.4
1244180 1917.5
1244190 1917.5
1244200 1918.7
1244210 1922.1
1244220 1922.1
1244230 1927.4
1244240 1931.7
1244250 1931.7
1244260 1937.5
1244270 1942.7
1244280 1942.7
1244290 1945.5
1244300 1952.0
1244310 1952.0
1244320 1952.6
1244330 1950.4
1244340 1950.4
1244350 1946.3
1244360 1939.0
1244370 1939.0
1244380 1926.9
1244390 1918.2
1244400 1918.2
1244410 1928.4
1244420 1935.9
1244430 1937.2
1244440 1937.2
1244450 1933.5
1244460 1932.5
1244470 1932.5
1244480 1935.8
1244490 1932.2
1244500 1932.2
1244510 1926.6
1244520 1920.5
1244530 1920.5
1244540 1916.5
1244550 1913.6
1244560 1913.6
1244570 1913.6
1244580 1915.5
1244590 1915.5
1244600 1919.9
1244610 1925.6
1244620 1925.6
1244630 1932.2
1244640 1939.0
1244650 1939.0
1244660 1946.0
1244670 1955.0
1244680 1966.3
1244690 1966.3
1244700 1975.3
1244710 1982.2
1244720 1982.2
1244730 1986.9
1244740 1989.2
1244750 1989.2
1244760 1986.4
1244770 1986.5
1244780 1986.5
1244790 1983.6
1244800 1980.8
1244810 1980.8
1244820 1981.7
1244830 2001.0
1244840 2001.0
1244850 1996.7
1244860 2004.0
1244870 2004.0
1244880 2011.1
1244890 2013.5
1244900 2012.7
1244910 2012.7
1244920 2018.0
1244930 2023.4
1244940 2023.4
1244950 2024.7
1244960 2023.1
1244970 2023.1
1244980 2017.6
1244990 2010.7
1245000 2010.7
1245010 2001.2
1245020 1991.8
1245030 1991.8
1245040 1998.3
1245050 2011.1
1245060 2011.1
1245070 2020.2
1245080 2026.9
1245090 2026.9
1245100 2032.6
1245110 2041.9
1245120 2041.9
1245130 2049.1
1245140 2057.2
1245150 2063.3
1245160 2063.3
1245170 2063.6
1245180 2060.4
1245190 2060.4
1245200 2055.5
1245210 2054.9
1245220 2054.9
1245230 2060.7
1245240 2064.7
1245250 2064.7
1245260 2067.8
1245270 2069.1
1245280 2069.1
1245290 2068.8
1245300 2068.1
1245310 2068.1
1245320 2066.8
1245330 2065.8
1245340 2065.8
1245350 2066.2
1245360 2065.0
1245370 2065.0
1245380 2057.6
1245390 2060.6
1245400 2068.4
1245410 2068.4
1245420 2066.4
1245430 2058.2
1245440 2058.2
1245450 2064.1
1245460 2071.0
1245470 2071.0
1245480 2080.0
1245490 2085.6
1245500 2085.6
1245510 2082.5
1245520 2082.6
1245530 2082.6
1245540 2083.3
1245550 2085.0
1245560 2085.0
1245570 2092.2
1245580 2099.3
1245590 2099.3
1245600 2108.2
1245610 2113.7
1245620 2113.7
1245630 2110.9
1245640 2105.8
1245650 2106.2
1245660 2106.2
1245670 2112.5
1245680 2115.2
1245690 2115.2
1245700 2114.2
1245710 2109.5
1245720 2109.5
1245730 2104.2
1245740 2098.1
1245750 2098.1
1245760 2091.7
1245770 2085.7
1245780 2085.7
1245790 2082.0
1245800 2080.3
1245810 2080.3
1245820 2079.6
1245830 2076.4
1245840 2076.4
1245850 2071.1
1245860 2064.6
1245870 2064.6
1245880 2058.0
1245890 2051.1
1245900 2044.4
1245910 2044.4
1245920 2038.1
1245930 2032.9
1245940 2032.9
1245950 2027.6
1245960 2021.6
1245970 2021.6
1245980 2015.8
1245990 2011.1
1246000 2011.1
1246010 2007.1
1246020 2002.7
1246030 2002.7
1246040 1997.9
1246050 1992.8
1246060 1992.8
1246070 1987.5
1246080 1982.2
1246090 1982.2
1246100 1977.2
1246110 1972.4
1246120 1967.2
1246130 1967.2
1246140 1962.2
1246150 1957.3
1246160 1957.3
1246170 1951.7
1246180 1946.2
1246190 1946.2
1246200 1940.6
1246210 1935.8
1246220 1935.8
1246230 1930.3
1246240 1924.4
1246250 1924.4
1246260 1918.3
1246270 1912.1
1246280 1912.1
1246290 1905.5
1246300 1899.3
1246310 1899.3
1246320 1894.6
1246330 1889.5
1246340 1889.5
1246350 1884.5
1246360 1880.5
1246370 1876.6
1246380 1876.6
1246390 1872.6
1246400 1868.9
1246410 1868.9
1246420 1865.2
1246430 1866.1
1246440 1866.1
1246450 1862.4
1246460 1858.7
1246470 1858.7
1246480 1855.2
1246490 1851.8
1246500 1851.8
1246510 1848.4
1246520 1845.1
1246530 1845.1
1246540 1842.1
1246550 1839.0
1246560 1839.0
1246570 1835.9
1246580 1832.8
1246590 1832.8
1246600 1830.3
1246610 1827.8
1246620 1824.5
1246630 1824.5
1246640 1821.3
1246650 1818.4
1246660 1818.4
1246670 1816.1
1246680 1814.4
1246690 1814.4
1246700 1812.9
1246710 1811.2
1246720 1811.2
1246730 1810.0
1246740 1808.6
1246750 1808.6
1246760 1807.0
1246770 1805.8
1246780 1805.8
1246790 1804.5
1246800 1802.8
1246810 1802.8
1246820 1801.3
1246830 1799.9
1246840 1799.9
1246850 1798.1
1246860 1796.4
1246870 1795.0
1246880 1795.0
1246890 1793.7
1246900 1792.7
1246910 1792.7
1246920 1791.8
1246930 1791.2
1246940 1791.2
1246950 1790.6
1246960 1793.3
1246970 1793.3
1246980 1793.1
1246990 1792.9
1247000 1792.9
1247010 1792.5
1247020 1792.0
1247030 1792.0
1247040 1791.7
1247050 1791.7
1247060 1791.7
1247070 1791.9
1247080 1792.1
1247090 1792.1
1247100 1792.4
1247110 1792.7
1247120 1792.8
1247130 1792.8
1247140 1792.5
1247150 1792.3
1247160 1792.3
1247170 1792.8
1247180 1791.8
1247190 1791.8
1247200 1790.4
1247210 1789.1
1247220 1789.1
1247230 1787.7
1247240 1786.2
1247250 1786.2
1247260 1784.5
1247270 1781.7
1247280 1781.7
1247290 1779.1
1247300 1777.1
1247310 1777.1
1247320 1775.9
1247330 1774.8
1247340 1773.9
1247350 1773.9
1247360 1773.2
1247370 1772.4
1247380 1772.4
1247390 1771.6
1247400 1770.7
1247410 1770.7
1247420 1769.5
1247430 1768.8
1247440 1768.8
1247450 1768.6
1247460 1768.6
1247470 1768.6
1247480 1768.8
1247490 1768.2
1247500 1768.7
1247510 1761.0
1247520 1753.1
1247530 1753.1
1247540 1746.9
1247550 1739.5
1247560 1739.5
1247570 1732.5
1247580 1728.8
1247590 1731.1
1247600 1731.1
1247610 1736.4
1247620 1742.3
1247630 1742.3
1247640 1748.0
1247650 1752.6
1247660 1752.6
1247670 1756.5
1247680 1758.9
1247690 1758.9
1247700 1762.6
1247710 1767.5
1247720 1767.5
1247730 1772.9
1247740 1776.2
1247750 1776.2
1247760 1778.9
1247770 1781.1
1247780 1781.1
1247790 1781.8
1247800 1783.2
1247810 1783.2
1247820 1784.8
1247830 1786.9
1247840 1789.6
1247850 1789.6
1247860 1792.8
1247870 1796.4
1247880 1796.4
1247890 1799.9
1247900 1803.2
1247910 1803.2
1247920 1806.1
1247930 1809.6
1247940 1809.6
1247950 1814.3
1247960 1819.7
1247970 1819.7
1247980 1825.0
1247990 1830.4
1248000 1830.4
1248010 1834.8
1248020 1836.2
1248030 1835.9
1248040 1829.2
1248050 1821.5
1248060 1821.5
1248070 1817.7
1248080 1810.5
1248090 1801.0
1248100 1801.0
1248110 1793.3
1248120 1783.8
1248130 1783.8
1248140 1773.7
1248150 1764.0
1248160 1764.0
1248170 1754.7
1248180 1746.1
1248190 1746.1
1248200 1737.1
1248210 1728.6
1248220 1728.6
1248230 1721.0
1248240 1714.0
1248250 1714.0
1248260 1706.4
1248270 1698.8
1248280 1698.8
1248290 1691.4
1248300 1683.3
1248310 1683.3
1248320 1676.1
1248330 1668.6
1248340 1662.2
1248350 1662.2
1248360 1654.1
1248370 1647.1
1248380 1647.1
1248390 1641.3
1248400 1634.2
1248410 1634.2
1248420 1626.1
1248430 1618.7
1248440 1618.7
1248450 1612.5
1248460 1605.8
1248470 1605.8
1248480 1599.4
1248490 1593.1
1248500 1593.1
1248510 1587.0
1248520 1581.4
1248530 1581.4
1248540 1575.0
1248550 1569.1
1248560 1563.3
1248570 1562.8
1248580 1556.6
1248590 1550.3
1248600 1550.3
1248610 1543.7
1248620 1537.1
1248630 1537.1
1248640 1531.3
1248650 1526.1
1248660 1526.1
1248670 1520.2
1248680 1513.9
1248690 1513.9
1248700 1507.6
1248710 1500.9
1248720 1500.9
1248730 1494.4
1248740 1488.2
1248750 1488.2
1248760 1481.5
1248770 1475.3
1248780 1475.3
1248790 1468.3
1248800 1460.5
1248810 1453.1
1248820 1453.1
1248830 1447.5
1248840 1442.1
1248850 1442.1
1248860 1436.8
1248870 1431.4
1248880 1431.4
1248890 1426.0
1248900 1420.6
1248910 1420.6
1248920 1415.6
1248930 1410.5
1248940 1410.5
1248950 1406.1
1248960 1401.0
1248970 1401.0
1248980 1396.0
1248990 1391.0
1249000 1391.0
1249010 1385.4
1249020 1379.5
1249030 1379.5
1249040 1373.1
1249050 1367.2
1249060 1361.3
1249070 1361.3
1249080 1355.9
1249090 1351.2
1249100 1351.2
1249110 1352.7
1249120 1346.8
1249130 1346.8
1249140 1341.4
1249150 1336.7
1249160 1336.7
1249170 1330.9
1249180 1327.1
1249190 1327.1
1249200 1323.4
1249210 1319.4
1249220 1319.4
1249230 1315.5
1249240 1311.9
1249250 1311.9
1249260 1307.8
1249270 1303.1
1249280 1303.1
1249290 1297.8
1249300 1291.1
1249310 1283.7
1249320 1283.7
1249330 1276.9
1249340 1270.7
1249350 1270.7
1249360 1264.9
1249370 1260.0
1249380 1260.0
1249390 1256.0
1249400 1252.7
1249410 1252.7
1249420 1254.2
1249430 1255.7
1249440 1255.7
1249450 1256.4
1249460 1256.8
1249470 1256.8
1249480 1258.7
1249490 1261.4
1249500 1261.4
1249510 1262.5
1249520 1265.1
1249530 1265.1
1249540 1269.7
1249550 1274.8
1249560 1279.3
1249570 1279.3
1249580 1282.5
1249590 1285.7
1249600 1285.7
1249610 1289.1
1249620 1292.8
1249630 1292.8
1249640 1296.2
1249650 1301.3
1249660 1301.3
1249670 1304.1
1249680 1307.6
1249690 1307.6
1249700 1311.0
1249710 1315.2
1249720 1315.2
1249730 1319.9
1249740 1324.5
1249750 1324.5
1249760 1328.9
1249770 1333.4
1249780 1337.8
1249790 1337.8
1249800 1342.9
1249810 1348.8
1249820 1348.8
1249830 1354.8
1249840 1360.2
1249850 1360.2
1249860 1365.6
1249870 1371.1
1249880 1371.1
1249890 1376.5
1249900 1382.5
1249910 1382.5
1249920 1388.6
1249930 1394.4
1249940 1394.4
1249950 1400.2
1249960 1406.5
1249970 1406.5
1249980 1413.6
1249990 1419.7
1250000 1419.7
1250010 1425.0
1250020 1429.7
1250030 1435.2
1250040 1435.2
1250050 1440.7
1250060 1446.4
1250070 1446.4
1250080 1451.8
1250090 1457.2
1250100 1457.2
1250110 1462.4
1250120 1467.6
1250130 1467.6
1250140 1472.8
1250150 1477.9
1250160 1477.9
1250170 1483.7
1250180 1489.3
1250190 1492.3
1250200 1497.5
1250210 1504.6
1250220 1504.6
1250230 1510.4
1250240 1516.2
1250250 1516.2
1250260 1521.7
1250270 1526.9
1250280 1532.2
1250290 1532.2
1250300 1536.3
1250310 1540.7
1250320 1540.7
1250330 1546.3
1250340 1552.8
1250350 1552.8
1250360 1558.7
1250370 1564.5
1250380 1564.5
1250390 1569.7
1250400 1575.4
1250410 1575.4
1250420 1581.3
1250430 1587.2
1250440 1587.2
1250450 1593.4
1250460 1600.4
1250470 1600.4
1250480 1607.5
1250490 1614.8
1250500 1614.8
1250510 1622.1
1250520 1629.3
1250530 1636.9
1250540 1636.9
1250550 1644.1
1250560 1650.3
1250570 1650.3
1250580 1655.7
1250590 1659.0
1250600 1659.0
1250610 1661.5
1250620 1663.6
1250630 1663.6
1250640 1665.0
1250650 1666.2
1250660 1666.2
1250670 1667.6
1250680 1669.6
1250690 1669.6
1250700 1672.7
1250710 1676.8
1250720 1676.8
1250730 1684.5
1250740 1688.4
1250750 1688.4
1250760 1692.1
1250770 1694.6
1250780 1696.6
1250790 1696.6
1250800 1698.8
1250810 1700.9
1250820 1700.9
1250830 1703.7
1250840 1706.3
1250850 1706.3
1250860 1709.1
1250870 1711.8
1250880 1711.8
1250890 1715.2
1250900 1718.8
1250910 1718.8
1250920 1722.7
1250930 1727.5
1250940 1727.5
1250950 1733.7
1250960 1740.0
1250970 1740.0
1250980 1745.8
1250990 1751.4
1251000 1751.4
1251010 1756.3
1251020 1760.6
1251030 1765.2
1251040 1765.2
1251050 1769.9
1251060 1774.0
1251070 1774.0
1251080 1778.5
1251090 1783.2
1251100 1783.2
1251110 1788.8
1251120 1795.6
1251130 1795.6
1251140 1802.1
1251150 1808.0
1251160 1808.0
1251170 1814.7
1251180 1821.7
1251190 1821.7
1251200 1829.6
1251210 1837.9
1251220 1837.9
1251230 1846.5
1251240 1854.5
1251250 1860.4
1251260 1860.4
1251270 1867.8
1251280 1874.2
1251290 1874.2
1251300 1880.7
1251310 1887.5
1251320 1887.5
1251330 1893.5
1251340 1898.7
1251350 1898.7
1251360 1904.4
1251370 1911.9
1251380 1911.9
1251390 1918.9
1251400 1923.8
1251410 1923.8
1251420 1928.2
1251430 1933.8
1251440 1933.8
1251450 1940.9
1251460 1948.5
1251470 1948.5
1251480 1956.5
1251490 1964.7
1251500 1971.5
1251510 1971.5
1251520 1977.6
1251530 1983.1
1251540 1983.1
1251550 1988.5
1251560 1995.4
1251570 1995.4
1251580 2002.9
1251590 2011.0
1251600 2011.0
1251610 2019.1
1251620 2026.4
1251630 2026.4
1251640 2033.6
1251650 2040.2
1251660 2040.2
1251670 2046.5
1251680 2053.1
1251690 2053.1
1251700 2060.1
1251710 2067.3
1251720 2067.3
1251730 2074.5
1251740 2081.1
1251750 2087.2
1251760 2087.2
1251770 2092.2
1251780 2094.3
1251790 2094.3
1251800 2093.4
1251810 2089.3
1251820 2096.6
1251830 2093.0
1251840 2089.7
1251850 2089.7
1251860 2085.4
1251870 2080.1
1251880 2080.1
1251890 2074.6
1251900 2066.7
1251910 2066.7
1251920 2058.9
1251930 2050.8
1251940 2050.8
1251950 2042.5
1251960 2035.0
1251970 2035.0
1251980 2029.1
1251990 2023.3
1252000 2018.5
1252010 2018.5
1252020 2011.9
1252030 2003.5
1252040 2003.5
1252050 1996.4
1252060 1989.7
1252070 1989.7
1252080 1983.3
1252090 1977.1
1252100 1977.1
1252110 1971.1
1252120 1963.9
1252130 1963.9
1252140 1955.7
1252150 1947.8
1252160 1947.8
1252170 1943.6
1252180 1941.5
1252190 1941.5
1252200 1937.8
1252210 1931.7
1252220 1924.0
1252230 1924.0
1252240 1916.9
1252250 1909.8
1252260 1909.8
1252270 1902.1
1252280 1894.1
1252290 1894.1
1252300 1886.5
1252310 1879.7
1252320 1879.7
1252330 1873.6
1252340 1866.9
1252350 1866.9
1252360 1859.9
1252370 1853.7
1252380 1853.7
1252390 1846.6
1252400 1839.4
1252410 1839.4
1252420 1831.9
1252430 1824.1
1252440 1824.1
1252450 1817.1
1252460 1809.9
1252470 1802.5
1252480 1802.5
1252490 1795.7
1252500 1788.9
1252510 1788.9
1252520 1782.4
1252530 1776.3
1252540 1776.3
1252550 1771.4
1252560 1767.2
1252570 1767.2
1252580 1762.7
1252590 1757.6
1252600 1757.6
1252610 1752.0
1252620 1746.6
1252630 1746.6
1252640 1741.1
1252650 1735.1
1252660 1735.1
1252670 1729.7
1252680 1724.3
1252690 1724.3
1252700 1718.7
1252710 1712.4
1252720 1706.2
1252730 1706.2
1252740 1699.9
1252750 1694.0
1252760 1694.0
1252770 1688.8
1252780 1683.5
1252790 1683.5
1252800 1677.9
1252810 1672.5
1252820 1672.5
1252830 1667.5
1252840 1662.7
1252850 1662.7
1252860 1658.1
1252870 1653.7
1252880 1653.7
1252890 1648.8
1252900 1643.8
1252910 1646.5
1252920 1641.5
1252930 1637.5
1252940 1637.5
1252950 1633.8
1252960 1629.4
1252970 1624.2
1252980 1624.2
1252990 1619.0
1253000 1613.6
1253010 1613.6
1253020 1608.3
1253030 1602.8
1253040 1602.8
1253050 1597.8
1253060 1594.1
1253070 1594.1
1253080 1591.0
1253090 1587.8
1253100 1587.8
1253110 1584.3
1253120 1580.5
1253130 1580.5
1253140 1576.9
1253150 1573.3
1253160 1573.3
1253170 1569.7
1253180 1565.4
1253190 1565.4
1253200 1559.8
1253210 1555.0
1253220 1551.1
1253230 1551.1
1253240 1547.8
1253250 1544.5
1253260 1544.5
1253270 1541.7
1253280 1538.6
1253290 1538.6
1253300 1535.3
1253310 1532.3
1253320 1532.3
1253330 1530.0
1253340 1527.4
1253350 1527.4
1253360 1524.9
1253370 1521.9
1253380 1521.9
1253390 1519.1
1253400 1516.8
1253410 1516.8
1253420 1514.5
1253430 1510.2
1253440 1505.1
1253450 1505.1
1253460 1503.9
1253470 1501.7
1253480 1501.7
1253490 1499.4
1253500 1494.5
1253510 1494.5
1253520 1489.9
1253530 1486.9
1253540 1486.9
1253550 1481.4
1253560 1477.8
1253570 1477.8
1253580 1476.2
1253590 1475.1
1253600 1475.1
1253610 1472.0
1253620 1467.3
1253630 1467.3
1253640 1465.8
1253650 1465.3
1253660 1465.3
1253670 1464.3
1253680 1464.5
1253690 1467.6
1253700 1467.6
1253710 1472.9
1253720 1477.8
1253730 1477.8
1253740 1482.6
1253750 1488.8
1253760 1488.8
1253770 1496.2
1253780 1503.3
1253790 1503.3
1253800 1508.5
1253810 1510.1
1253820 1510.1
1253830 1511.0
1253840 1511.7
1253850 1511.7
1253860 1513.3
1253870 1516.2
1253880 1516.2
1253890 1517.5
1253900 1518.3
1253910 1518.3
1253920 1519.5
1253930 1521.3
1253940 1523.9
1253950 1523.9
1253960 1528.6
1253970 1534.7
1253980 1534.7
1253990 1540.9
1254000 1546.2
1254010 1549.2
1254020 1551.9
1254030 1554.3
1254040 1554.3
1254050 1559.3
1254060 1564.7
1254070 1564.7
1254080 1569.0
1254090 1571.2
1254100 1571.2
1254110 1573.1
1254120 1576.3
1254130 1576.3
1254140 1579.3
1254150 1582.2
1254160 1582.2
1254170 1585.8
1254180 1588.8
1254190 1592.3
1254200 1592.3
1254210 1597.6
1254220 1603.6
1254230 1603.6
1254240 1609.2
1254250 1613.1
1254260 1613.1
1254270 1616.9
1254280 1620.3
1254290 1620.3
1254300 1623.0
1254310 1625.5
1254320 1625.5
1254330 1628.7
1254340 1631.8
1254350 1631.8
1254360 1635.8
1254370 1640.5
1254380 1640.5
1254390 1645.2
1254400 1649.6
1254410 1649.6
1254420 1654.1
1254430 1658.1
1254440 1662.2
1254450 1662.2
1254460 1666.0
1254470 1669.5
1254480 1669.5
1254490 1673.2
1254500 1677.1
1254510 1677.1
1254520 1681.0
1254530 1685.6
1254540 1685.6
1254550 1690.6
1254560 1704.7
1254570 1704.7
1254580 1710.5
1254590 1716.0
1254600 1716.0
1254610 1721.6
1254620 1727.1
1254630 1727.1
1254640 1734.1
1254650 1742.6
1254660 1747.5
1254670 1747.5
1254680 1750.5
1254690 1753.8
1254700 1753.8
1254710 1756.4
1254720 1757.5
1254730 1757.5
1254740 1758.7
1254750 1759.0
1254760 1759.0
1254770 1761.0
1254780 1763.9
1254790 1763.9
1254800 1765.1
1254810 1768.3
1254820 1768.3
1254830 1772.1
1254840 1776.1
1254850 1776.1
1254860 1780.1
1254870 1784.3
1254880 1784.3
1254890 1791.9
1254900 1802.3
1254910 1811.4
1254920 1811.4
1254930 1819.0
1254940 1826.1
1254950 1826.1
1254960 1833.3
1254970 1839.5
1254980 1839.5
1254990 1845.3
1255000 1851.7
1255010 1851.7
1255020 1858.9
1255030 1865.7
1255040 1865.7
1255050 1871.8
1255060 1877.3
1255070 1877.3
1255080 1883.2
1255090 1889.4
1255100 1889.4
1255110 1895.4
1255120 1901.9
1255130 1901.9
1255140 1908.9
1255150 1916.2
1255160 1923.2
1255170 1923.2
1255180 1930.5
1255190 1937.7
1255200 1937.7
1255210 1944.6
1255220 1951.6
1255230 1951.6
1255240 1958.7
1255250 1965.6
1255260 1965.6
1255270 1973.0
1255280 1980.8
1255290 1980.8
1255300 1988.8
1255310 1997.1
1255320 1997.1
1255330 2005.1
1255340 2013.3
1255350 2013.3
1255360 2021.9
1255370 2031.6
1255380 2031.6
1255390 2040.8
1255400 2048.7
1255410 2056.6
1255420 2056.6
1255430 2064.3
1255440 2071.9
1255450 2071.9
1255460 2079.4
1255470 2087.0
1255480 2087.0
1255490 2096.1
1255500 2106.8
1255510 2106.8
1255520 2115.0
1255530 2122.3
1255540 2122.3
1255550 2128.8
1255560 2134.3
1255570 2134.3
1255580 2140.5
1255590 2148.5
1255600 2148.5
1255610 2156.8
1255620 2164.7
1255630 2164.7
1255640 2173.4
1255650 2181.5
1255660 2188.9
1255670 2183.6
1255680 2189.7
1255690 2194.4
1255700 2194.4
1255710 2190.9
1255720 2184.7
1255730 2184.7
1255740 2177.3
1255750 2169.7
1255760 2169.7
1255770 2162.0
1255780 2153.8
1255790 2153.8
1255800 2145.1
1255810 2136.6
1255820 2136.6
1255830 2129.1
1255840 2122.3
1255850 2122.3
1255860 2115.7
1255870 2109.5
1255880 2105.3
1255890 2105.3
1255900 2103.4
1255910 2101.1
1255920 2101.1
1255930 2099.8
1255940 2096.6
1255950 2096.6
1255960 2091.7
1255970 2088.5
1255980 2088.5
1255990 2087.1
1256000 2085.9
1256010 2085.9
1256020 2084.6
1256030 2083.3
1256040 2083.3
1256050 2082.1
1256060 2081.0
1256070 2081.0
1256080 2080.6
1256090 2079.9
1256100 2079.9
1256110 2078.5
1256120 2076.6
1256130 2073.5
1256140 2073.5
1256150 2069.7
1256160 2066.0
1256170 2066.0
1256180 2062.1
1256190 2058.3
1256200 2058.3
1256210 2055.1
1256220 2052.8
1256230 2053.6
1256240 2051.7
1256250 2049.6
1256260 2049.6
1256270 2047.3
1256280 2045.4
1256290 2045.4
1256300 2043.2
1256310 2040.4
1256320 2040.4
1256330 2037.6
1256340 2034.6
1256350 2034.6
1256360 2031.6
1256370 2028.9
1256380 2026.9
1256390 2026.9
1256400 2025.5
1256410 2024.4
1256420 2024.4
1256430 2022.8
1256440 2020.7
1256450 2020.7
1256460 2017.9
1256470 2014.2
1256480 2014.2
1256490 2010.4
1256500 2006.0
1256510 2006.0
1256520 2002.3
1256530 1999.5
1256540 1999.5
1256550 1996.7
1256560 1994.0
1256570 1994.0
1256580 1991.1
1256590 1988.6
1256600 1988.6
1256610 1986.6
1256620 1985.0
1256630 1983.2
1256640 1983.2
1256650 1981.1
1256660 1979.5
1256670 1979.5
1256680 1977.5
1256690 1975.4
1256700 1975.4
1256710 1973.7
1256720 1972.8
1256730 1972.8
1256740 1972.3
1256750 1972.3
1256760 1972.3
1256770 1972.8
1256780 1974.2
1256790 1974.2
1256800 1973.5
1256810 1970.4
1256820 1970.4
1256830 1966.3
1256840 1962.0
1256850 1962.0
1256860 1957.4
1256870 1951.1
1256880 1945.8
1256890 1945.8
1256900 1947.2
1256910 1948.0
1256920 1948.0
1256930 1948.3
1256940 1949.1
1256950 1949.1
1256960 1950.4
1256970 1951.6
1256980 1951.6
1256990 1952.6
1257000 1954.1
1257010 1954.1
1257020 1955.9
1257030 1957.5
1257040 1957.5
1257050 1958.1
1257060 1957.5
1257070 1957.5
1257080 1955.7
1257090 1953.2
1257100 1950.7
1257110 1950.7
1257120 1948.5
1257130 1946.6
1257140 1946.6
1257150 1944.9
1257160 1943.4
1257170 1943.4
1257180 1942.2
1257190 1940.6
1257200 1940.6
1257210 1938.6
1257220 1935.6
1257230 1935.6
1257240 1932.5
1257250 1930.0
1257260 1930.0
1257270 1927.1
1257280 1923.4
1257290 1923.4
1257300 1920.7
1257310 1918.0
1257320 1918.0
1257330 1914.5
1257340 1910.4
1257350 1903.6
1257360 1903.6
1257370 1897.3
1257380 1891.3
1257390 1891.3
1257400 1885.9
1257410 1880.3
1257420 1880.3
1257430 1875.0
1257440 1870.4
1257450 1870.4
1257460 1865.9
1257470 1860.8
1257480 1860.8
1257490 1855.7
1257500 1851.3
1257510 1851.3
1257520 1847.6
1257530 1844.1
1257540 1844.1
1257550 1840.2
1257560 1836.8
1257570 1836.8
1257580 1833.5
1257590 1829.0
1257600 1824.1
1257610 1824.1
1257620 1818.8
1257630 1813.1
1257640 1813.1
1257650 1807.2
1257660 1801.5
1257670 1801.5
1257680 1795.6
1257690 1789.5
1257700 1789.5
1257710 1783.4
1257720 1777.5
1257730 1777.5
1257740 1772.1
1257750 1766.7
1257760 1766.7
1257770 1760.9
1257780 1754.8
1257790 1754.8
1257800 1750.7
1257810 1745.6
1257820 1745.6
1257830 1740.3
1257840 1735.0
1257850 1729.8
1257860 1729.8
1257870 1724.4
1257880 1717.4
1257890 1717.4
1257900 1710.2
1257910 1703.7
1257920 1703.7
1257930 1698.3
1257940 1693.1
1257950 1693.1
1257960 1687.4
1257970 1682.4
1257980 1682.4
1257990 1677.0
1258000 1670.7
1258010 1670.7
1258020 1664.6
1258030 1658.8
1258040 1658.8
1258050 1653.3
1258060 1648.4
1258070 1648.4
1258080 1644.0
1258090 1641.1
1258100 1636.7
1258110 1636.7
1258120 1631.1
1258130 1626.8
1258140 1626.8
1258150 1624.0
1258160 1622.7
1258170 1622.7
1258180 1621.1
1258190 1619.5
1258200 1619.5
1258210 1617.8
1258220 1616.2
1258230 1616.2
1258240 1614.4
1258250 1613.2
1258260 1613.2
1258270 1613.2
1258280 1613.1
1258290 1613.1
1258300 1613.5
1258310 1614.3
1258320 1614.0
1258330 1614.0
1258340 1614.5
1258350 1615.6
1258360 1615.6
1258370 1616.7
1258380 1617.3
1258390 1617.3
1258400 1619.5
1258410 1623.1
1258420 1623.1
1258430 1627.9
1258440 1632.4
1258450 1632.4
1258460 1641.8
1258470 1646.3
1258480 1646.3
1258490 1651.2
1258500 1656.0
1258510 1656.0
1258520 1661.1
1258530 1666.8
1258540 1666.8
1258550 1696.7
1258560 1737.7
1258570 1746.3
1258580 1746.3
1258590 1771.0
1258600 1782.5
1258610 1782.5
1258620 1788.4
1258630 1792.5
1258640 1792.5
1258650 1794.6
1258660 1795.6
1258670 1795.6
1258680 1796.4
1258690 1796.9
1258700 1796.9
1258710 1798.7
1258720 1800.6
1258730 1800.6
1258740 1801.9
1258750 1803.4
1258760 1803.4
1258770 1806.7
1258780 1808.2
1258790 1808.2
1258800 1810.1
1258810 1812.3
1258820 1812.4
1258830 1812.4
1258840 1811.9
1258850 1811.2
1258860 1811.2
1258870 1810.5
1258880 1809.3
1258890 1809.3
1258900 1808.0
1258910 1807.9
1258920 1807.9
1258930 1807.2
1258940 1805.8
1258950 1805.8
1258960 1800.7
1258970 1793.4
1258980 1793.4
1258990 1785.2
1259000 1776.5
1259010 1776.5
1259020 1779.5
1259030 1775.0
1259040 1775.0
1259050 1780.6
1259060 1788.1
1259070 1793.9
1259080 1793.9
1259090 1800.9
1259100 1808.5
1259110 1808.5
1259120 1815.2
1259130 1821.3
1259140 1821.3
1259150 1826.1
1259160 1830.6
1259170 1830.6
1259180 1836.6
1259190 1843.1
1259200 1843.1
1259210 1851.6
1259220 1857.8
1259230 1857.8
1259240 1865.2
1259250 1871.2
1259260 1871.2
1259270 1876.6
1259280 1881.7
1259290 1881.7
1259300 1886.6
1259310 1891.0
1259320 1895.0
1259330 1895.0
1259340 1899.8
1259350 1904.8
1259360 1904.8
1259370 1910.1
1259380 1915.7
1259390 1915.7
1259400 1922.1
1259410 1929.9
1259420 1929.9
1259430 1937.0
1259440 1943.9
1259450 1943.9
1259460 1950.2
1259470 1956.4
1259480 1956.4
1259490 1963.0
1259500 1971.4
1259510 1971.4
1259520 1979.8
1259530 1987.6
1259540 1995.0
1259550 1995.0
1259560 2003.6
1259570 2013.3
1259580 2013.3
1259590 2021.4
1259600 2030.4
1259610 2030.4
1259620 2037.9
1259630 2045.4
1259640 2045.4
1259650 2053.2
1259660 2060.9
1259670 2060.9
1259680 2069.2
1259690 2078.2
1259700 2078.2
1259710 2087.6
1259720 2097.0
1259730 2097.0
1259740 2103.7
1259750 2107.6
1259760 2107.6
1259770 2112.9
1259780 2118.7
1259790 2123.4
1259800 2123.4
1259810 2128.5
1259820 2133.6
1259830 2133.6
1259840 2135.5
1259850 2140.4
1259860 2140.4
1259870 2147.5
1259880 2152.7
1259890 2152.7
1259900 2158.0
1259910 2164.0
1259920 2164.0
1259930 2170.2
1259940 2176.0
1259950 2176.0
1259960 2182.4
1259970 2189.1
1259980 2189.1
1259990 2195.6
