1240000 1316.1
1240010 1315.2
1240020 1315.2
1240030 1314.9
1240040 1315.2
1240050 1315.2
1240060 1316.3
1240070 1317.1
1240080 1317.1
1240090 1315.8
1240100 1313.3
1240110 1313.3
1240120 1310.2
1240130 1307.4
1240140 1307.4
1240150 1304.8
1240160 1302.7
1240170 1302.7
1240180 1301.3
1240190 1300.0
1240200 1298.9
1240210 1298.9
1240220 1297.7
1240230 1296.7
1240240 1296.7
1240250 1295.6
1240260 1294.4
1240270 1294.4
1240280 1292.9
1240290 1291.5
1240300 1291.5
1240310 1289.4
1240320 1286.9
1240330 1286.9
1240340 1285.9
1240350 1285.6
1240360 1285.6
1240370 1284.2
1240380 1282.7
1240390 1282.7
1240400 1282.9
1240410 1282.4
1240420 1282.4
1240430 1281.5
1240440 1280.6
1240450 1277.0
1240460 1277.0
1240470 1275.9
1240480 1275.3
1240490 1275.3
1240500 1275.0
1240510 1274.3
1240520 1274.3
1240530 1273.2
1240540 1272.2
1240550 1272.2
1240560 1271.1
1240570 1270.0
1240580 1270.0
1240590 1268.8
1240600 1267.9
1240610 1267.9
1240620 1266.7
1240630 1265.3
1240640 1265.3
1240650 1264.3
1240660 1263.9
1240670 1263.9
1240680 1263.2
1240690 1262.2
1240700 1261.1
1240710 1261.1
1240720 1260.1
1240730 1259.4
1240740 1259.4
1240750 1259.1
1240760 1259.7
1240770 1259.7
1240780 1260.7
1240790 1262.2
1240800 1262.2
1240810 1263.2
1240820 1262.8
1240830 1262.8
1240840 1261.9
1240850 1262.2
1240860 1262.2
1240870 1264.8
1240880 1268.1
1240890 1268.1
1240900 1270.6
1240910 1272.1
1240920 1272.1
1240930 1273.7
1240940 1275.8
1240950 1278.2
1240960 1278.2
1240970 1278.0
1240980 1280.3
1240990 1280.3
1241000 1281.0
1241010 1282.8
1241020 1282.8
1241030 1286.2
1241040 1290.1
1241050 1290.1
1241060 1292.2
1241070 1293.5
1241080 1293.5
1241090 1294.7
1241100 1296.0
1241110 1296.0
1241120 1297.9
1241130 1299.4
1241140 1299.4
1241150 1299.1
1241160 1298.0
1241170 1298.0
1241180 1296.8
1241190 1295.7
1241200 1294.8
1241210 1294.8
1241220 1294.3
1241230 1293.2
1241240 1293.2
1241250 1292.0
1241260 1292.0
1241270 1292.0
1241280 1292.9
1241290 1294.0
1241300 1294.0
1241310 1295.3
1241320 1297.1
1241330 1297.1
1241340 1299.4
1241350 1301.8
1241360 1301.8
1241370 1303.9
1241380 1305.5
1241390 1305.5
1241400 1306.0
1241410 1302.1
1241420 1296.1
1241430 1296.1
1241440 1293.2
1241450 1292.3
1241460 1292.3
1241470 1293.2
1241480 1294.0
1241490 1286.3
1241500 1290.6
1241510 1293.3
1241520 1293.3
1241530 1294.7
1241540 1295.5
1241550 1295.5
1241560 1295.2
1241570 1295.0
1241580 1295.0
1241590 1294.5
1241600 1293.4
1241610 1293.4
1241620 1291.6
1241630 1289.3
1241640 1289.3
1241650 1286.6
1241660 1284.8
1241670 1284.0
1241680 1284.0
1241690 1283.5
1241700 1282.8
1241710 1282.8
1241720 1282.5
1241730 1281.8
1241740 1281.8
1241750 1280.2
1241760 1278.7
1241770 1278.7
1241780 1277.5
1241790 1275.7
1241800 1275.7
1241810 1273.6
1241820 1272.1
1241830 1272.1
1241840 1271.0
1241850 1270.2
1241860 1270.2
1241870 1269.8
1241880 1268.5
1241890 1268.5
1241900 1266.0
1241910 1265.0
1241920 1265.4
1241930 1265.4
1241940 1266.0
1241950 1265.8
1241960 1265.8
1241970 1265.3
1241980 1264.3
1241990 1264.3
1242000 1262.6
1242010 1258.5
1242020 1258.5
1242030 1258.5
1242040 1258.9
1242050 1258.9
1242060 1259.8
1242070 1260.7
1242080 1260.7
1242090 1261.4
1242100 1262.8
1242110 1262.8
1242120 1264.6
1242130 1266.4
1242140 1266.4
1242150 1266.9
1242160 1267.0
1242170 1267.4
1242180 1267.4
1242190 1267.5
1242200 1267.6
1242210 1267.6
1242220 1264.9
1242230 1257.3
1242240 1257.3
1242250 1252.5
1242260 1251.6
1242270 1251.6
1242280 1251.7
1242290 1252.0
1242300 1252.0
1242310 1249.8
1242320 1244.8
1242330 1244.8
1242340 1250.1
1242350 1255.9
1242360 1255.9
1242370 1259.3
1242380 1258.7
1242390 1258.7
1242400 1257.7
1242410 1256.1
1242420 1254.2
1242430 1254.2
1242440 1252.6
1242450 1251.4
1242460 1251.4
1242470 1250.1
1242480 1248.2
1242490 1248.2
1242500 1246.1
1242510 1244.3
1242520 1244.3
1242530 1241.9
1242540 1237.5
1242550 1237.5
1242560 1236.2
1242570 1234.6
1242580 1234.6
1242590 1232.5
1242600 1230.0
1242610 1230.0
1242620 1227.4
1242630 1225.9
1242640 1225.9
1242650 1225.6
1242660 1222.7
1242670 1219.3
1242680 1219.3
1242690 1214.1
1242700 1206.2
1242710 1206.2
1242720 1200.4
1242730 1196.4
1242740 1196.4
1242750 1192.0
1242760 1188.1
1242770 1188.1
1242780 1184.5
1242790 1182.0
1242800 1182.0
1242810 1180.7
1242820 1179.3
1242830 1179.3
1242840 1176.6
1242850 1173.3
1242860 1173.3
1242870 1170.6
1242880 1167.9
1242890 1167.9
1242900 1165.5
1242910 1162.2
1242920 1160.2
1242930 1160.2
1242940 1160.3
1242950 1160.6
1242960 1160.6
1242970 1159.5
1242980 1158.6
1242990 1158.6
1243000 1157.2
1243010 1156.4
1243020 1156.4
1243030 1155.2
1243040 1153.8
1243050 1153.8
1243060 1151.2
1243070 1150.0
1243080 1150.0
1243090 1149.5
1243100 1148.9
1243110 1148.9
1243120 1147.9
1243130 1146.9
1243140 1146.9
1243150 1146.1
1243160 1145.3
1243170 1144.5
1243180 1144.5
1243190 1144.2
1243200 1143.9
1243210 1143.9
1243220 1143.3
1243230 1142.8
1243240 1142.8
1243250 1142.2
1243260 1141.9
1243270 1141.9
1243280 1141.1
1243290 1140.8
1243300 1140.8
1243310 1140.7
1243320 1140.3
1243330 1140.3
1243340 1139.9
1243350 1139.4
1243360 1139.4
1243370 1138.9
1243380 1138.5
1243390 1138.1
1243400 1138.1
1243410 1137.6
1243420 1137.2
1243430 1137.2
1243440 1136.8
1243450 1136.5
1243460 1136.5
1243470 1136.6
1243480 1137.3
1243490 1137.3
1243500 1138.0
1243510 1139.2
1243520 1139.2
1243530 1141.3
1243540 1140.8
1243550 1140.8
1243560 1142.5
1243570 1144.0
1243580 1144.0
1243590 1147.4
1243600 1147.3
1243610 1147.3
1243620 1148.1
1243630 1150.0
1243640 1151.4
1243650 1151.4
1243660 1152.2
1243670 1153.9
1243680 1153.9
1243690 1156.3
1243700 1159.2
1243710 1159.2
1243720 1161.6
1243730 1162.8
1243740 1162.8
1243750 1164.8
1243760 1167.9
1243770 1167.9
1243780 1171.8
1243790 1174.6
1243800 1174.6
1243810 1176.8
1243820 1179.0
1243830 1179.0
1243840 1182.4
1243850 1185.0
1243860 1185.0
1243870 1188.3
1243880 1192.3
1243890 1195.8
1243900 1195.8
1243910 1198.3
1243920 1200.5
1243930 1200.5
1243940 1202.9
1243950 1204.2
1243960 1204.2
1243970 1202.5
1243980 1199.0
1243990 1199.0
1244000 1198.3
1244010 1201.9
1244020 1201.9
1244030 1207.5
1244040 1211.6
1244050 1211.6
1244060 1214.1
1244070 1217.2
1244080 1217.2
1244090 1220.4
1244100 1223.8
1244110 1223.8
1244120 1230.8
1244130 1231.9
1244140 1229.4
1244150 1229.4
1244160 1222.7
1244170 1217.1
1244180 1217.1
1244190 1217.3
1244200 1220.4
1244210 1220.4
1244220 1220.0
1244230 1218.7
1244240 1218.7
1244250 1218.3
1244260 1220.5
1244270 1220.5
1244280 1224.1
1244290 1229.0
1244300 1229.0
1244310 1235.4
1244320 1242.0
1244330 1242.0
1244340 1249.3
1244350 1256.8
1244360 1256.8
1244370 1262.8
1244380 1264.8
1244390 1265.0
1244400 1265.0
1244410 1264.8
1244420 1263.5
1244430 1263.5
1244440 1264.7
1244450 1268.5
1244460 1268.5
1244470 1273.7
1244480 1279.1
1244490 1279.1
1244500 1284.0
1244510 1287.4
1244520 1287.4
1244530 1288.3
1244540 1286.7
1244550 1286.7
1244560 1284.4
1244570 1283.8
1244580 1283.8
1244590 1284.9
1244600 1289.7
1244610 1289.7
1244620 1292.8
1244630 1293.2
1244640 1290.9
1244650 1308.3
1244660 1305.4
1244670 1305.2
1244680 1305.2
1244690 1306.2
1244700 1306.1
1244710 1306.1
1244720 1305.9
1244730 1305.5
1244740 1305.5
1244750 1303.7
1244760 1306.0
1244770 1306.0
1244780 1309.8
1244790 1312.2
1244800 1312.2
1244810 1314.9
1244820 1316.7
1244830 1316.7
1244840 1318.4
1244850 1321.6
1244860 1321.6
1244870 1324.7
1244880 1330.9
1244890 1334.8
1244900 1334.8
1244910 1335.4
1244920 1335.1
1244930 1335.1
1244940 1335.5
1244950 1335.3
1244960 1335.3
1244970 1335.1
1244980 1335.7
1244990 1335.7
1245000 1334.3
1245010 1328.8
1245020 1328.8
1245030 1318.8
1245040 1308.6
1245050 1308.6
1245060 1303.5
1245070 1308.5
1245080 1308.5
1245090 1313.5
1245100 1320.3
1245110 1320.3
1245120 1329.4
1245130 1338.8
1245140 1345.1
1245150 1345.1
1245160 1350.9
1245170 1357.0
1245180 1361.0
1245190 1367.7
1245200 1374.5
1245210 1374.5
1245220 1380.7
1245230 1385.8
1245240 1385.8
1245250 1391.4
1245260 1397.4
1245270 1397.4
1245280 1403.0
1245290 1407.7
1245300 1407.7
1245310 1411.5
1245320 1415.1
1245330 1415.1
1245340 1419.1
1245350 1421.2
1245360 1421.5
1245370 1421.5
1245380 1423.2
1245390 1425.8
1245400 1425.8
1245410 1428.0
1245420 1429.6
1245430 1429.6
1245440 1428.6
1245450 1427.9
1245460 1427.9
1245470 1428.3
1245480 1428.4
1245490 1428.4
1245500 1428.1
1245510 1426.6
1245520 1426.6
1245530 1427.1
1245540 1430.3
1245550 1430.3
1245560 1425.7
1245570 1420.1
1245580 1420.1
1245590 1434.2
1245600 1437.9
1245610 1444.3
1245620 1444.3
1245630 1451.7
1245640 1457.7
1245650 1457.7
1245660 1461.9
1245670 1466.7
1245680 1466.7
1245690 1468.8
1245700 1469.8
1245710 1480.9
1245720 1484.8
1245730 1491.1
1245740 1491.1
1245750 1493.6
1245760 1496.7
1245770 1496.7
1245780 1498.0
1245790 1496.4
1245800 1496.4
1245810 1494.6
1245820 1491.9
1245830 1491.9
1245840 1489.0
1245850 1486.1
1245860 1479.7
1245870 1479.7
1245880 1472.0
1245890 1464.7
1245900 1464.7
1245910 1459.7
1245920 1460.7
1245930 1460.7
1245940 1463.8
1245950 1460.6
1245960 1460.6
1245970 1464.4
1245980 1473.8
1245990 1473.8
1246000 1480.4
1246010 1487.3
1246020 1487.3
1246030 1494.1
1246040 1499.7
1246050 1499.7
1246060 1507.2
1246070 1514.3
1246080 1514.3
1246090 1523.1
1246100 1529.7
1246110 1534.3
1246120 1534.3
1246130 1538.9
1246140 1541.9
1246150 1541.9
1246160 1545.2
1246170 1546.8
1246180 1546.8
1246190 1549.8
1246200 1559.0
1246210 1559.0
1246220 1566.0
1246230 1577.6
1246240 1585.6
1246250 1595.4
1246260 1600.2
1246270 1600.2
1246280 1593.9
1246290 1596.5
1246300 1596.5
1246310 1597.7
1246320 1592.5
1246330 1592.5
1246340 1597.2
1246350 1602.5
1246360 1608.9
1246370 1608.9
1246380 1616.6
1246390 1623.4
1246400 1623.4
1246410 1630.5
1246420 1636.2
1246430 1636.2
1246440 1638.8
1246450 1638.8
1246460 1638.8
1246470 1636.1
1246480 1631.1
1246490 1631.1
1246500 1627.3
1246510 1625.4
1246520 1625.4
1246530 1624.3
1246540 1623.6
1246550 1623.6
1246560 1623.5
1246570 1623.8
1246580 1623.8
1246590 1623.8
1246600 1624.1
1246610 1624.2
1246620 1624.2
1246630 1624.5
1246640 1624.2
1246650 1624.2
1246660 1623.8
1246670 1623.2
1246680 1623.2
1246690 1622.8
1246700 1622.1
1246710 1622.1
1246720 1622.0
1246730 1622.0
1246740 1622.0
1246750 1621.6
1246760 1621.5
1246770 1621.5
1246780 1628.0
1246790 1627.5
1246800 1627.5
1246810 1627.1
1246820 1626.6
1246830 1626.6
1246840 1625.6
1246850 1623.9
1246860 1621.4
1246870 1621.4
1246880 1618.1
1246890 1614.1
1246900 1614.1
1246910 1608.7
1246920 1603.2
1246930 1603.2
1246940 1598.2
1246950 1593.2
1246960 1593.2
1246970 1587.3
1246980 1580.8
1246990 1580.8
1247000 1574.0
1247010 1567.5
1247020 1567.5
1247030 1560.8
1247040 1554.1
1247050 1554.1
1247060 1547.4
1247070 1541.1
1247080 1541.1
1247090 1535.1
1247100 1529.0
1247110 1522.9
1247120 1522.9
1247130 1517.3
1247140 1511.9
1247150 1511.9
1247160 1506.5
1247170 1500.7
1247180 1500.7
1247190 1494.7
1247200 1487.4
1247210 1487.4
1247220 1480.7
1247230 1473.9
1247240 1473.9
1247250 1466.9
1247260 1459.3
1247270 1459.3
1247280 1452.7
1247290 1444.6
1247300 1444.6
1247310 1436.7
1247320 1429.0
1247330 1421.8
1247340 1421.8
1247350 1414.4
1247360 1407.6
1247370 1407.6
1247380 1401.0
1247390 1394.5
1247400 1394.5
1247410 1389.1
1247420 1385.4
1247430 1385.4
1247440 1386.2
1247450 1391.4
1247460 1391.4
1247470 1397.9
1247480 1404.7
1247490 1404.7
1247500 1411.3
1247510 1419.0
1247520 1419.0
1247530 1427.1
1247540 1433.7
1247550 1433.7
1247560 1440.8
1247570 1448.3
1247580 1456.0
1247590 1456.0
1247600 1457.3
1247610 1456.7
1247620 1456.7
1247630 1457.3
1247640 1458.5
1247650 1458.5
1247660 1460.7
1247670 1464.1
1247680 1464.1
1247690 1467.5
1247700 1470.7
1247710 1470.7
1247720 1474.6
1247730 1478.5
1247740 1478.5
1247750 1483.2
1247760 1487.7
1247770 1487.7
1247780 1491.4
1247790 1495.3
1247800 1495.3
1247810 1499.8
1247820 1505.8
1247830 1511.5
1247840 1511.5
1247850 1521.3
1247860 1526.9
1247870 1526.9
1247880 1532.5
1247890 1538.0
1247900 1538.0
1247910 1543.6
1247920 1548.8
1247930 1548.8
1247940 1552.8
1247950 1557.4
1247960 1557.4
1247970 1562.1
1247980 1566.6
1247990 1566.6
1248000 1571.1
1248010 1576.2
1248020 1576.2
1248030 1581.4
1248040 1585.6
1248050 1585.6
1248060 1589.6
1248070 1593.9
1248080 1598.2
1248090 1598.2
1248100 1601.0
1248110 1603.4
1248120 1603.4
1248130 1606.7
1248140 1609.3
1248150 1609.3
1248160 1611.5
1248170 1613.8
1248180 1613.8
1248190 1615.4
1248200 1616.5
1248210 1616.5
1248220 1617.0
1248230 1616.7
1248240 1616.7
1248250 1615.1
1248260 1611.9
1248270 1611.9
1248280 1608.3
1248290 1605.3
1248300 1605.3
1248310 1600.7
1248320 1593.7
1248330 1566.4
1248340 1566.4
1248350 1536.0
1248360 1525.6
1248370 1525.6
1248380 1525.3
1248390 1516.5
1248400 1516.5
1248410 1509.5
1248420 1501.2
1248430 1501.2
1248440 1493.6
1248450 1486.4
1248460 1486.4
1248470 1476.3
1248480 1474.5
1248490 1474.5
1248500 1469.4
1248510 1463.0
1248520 1463.0
1248530 1457.4
1248540 1452.4
1248550 1452.4
1248560 1447.8
1248570 1439.6
1248580 1428.3
1248590 1428.3
1248600 1420.0
1248610 1411.9
1248620 1411.9
1248630 1403.1
1248640 1393.5
1248650 1393.5
1248660 1383.6
1248670 1375.8
1248680 1375.8
1248690 1369.1
1248700 1362.4
1248710 1362.4
1248720 1355.1
1248730 1347.7
1248740 1347.7
1248750 1340.4
1248760 1333.0
1248770 1333.0
1248780 1326.4
1248790 1320.2
1248800 1320.2
1248810 1314.7
1248820 1309.3
1248830 1304.6
1248840 1304.6
1248850 1300.2
1248860 1295.5
1248870 1295.5
1248880 1290.5
1248890 1284.5
1248900 1284.5
1248910 1276.9
1248920 1271.9
1248930 1271.9
1248940 1269.3
1248950 1266.4
1248960 1266.4
1248970 1258.9
1248980 1252.0
1248990 1252.0
1249000 1246.4
1249010 1239.7
1249020 1239.7
1249030 1235.3
1249040 1232.7
1249050 1232.7
1249060 1230.4
1249070 1229.2
1249080 1223.3
1249090 1223.3
1249100 1215.2
1249110 1210.0
1249120 1210.0
1249130 1209.2
1249140 1209.0
1249150 1209.0
1249160 1206.7
1249170 1202.7
1249180 1202.7
1249190 1197.9
1249200 1192.4
1249210 1192.4
1249220 1187.0
1249230 1182.2
1249240 1182.2
1249250 1178.8
1249260 1175.2
1249270 1175.2
1249280 1172.7
1249290 1171.0
1249300 1168.7
1249310 1168.7
1249320 1164.8
1249330 1159.1
1249340 1159.1
1249350 1154.5
1249360 1152.9
1249370 1152.9
1249380 1153.0
1249390 1152.1
1249400 1152.1
1249410 1150.6
1249420 1151.7
1249430 1151.7
1249440 1154.1
1249450 1160.2
1249460 1159.3
1249470 1165.6
1249480 1171.3
1249490 1171.3
1249500 1177.7
1249510 1184.4
1249520 1184.4
1249530 1191.0
1249540 1198.2
1249550 1205.7
1249560 1205.7
1249570 1212.4
1249580 1218.8
1249590 1218.8
1249600 1225.7
1249610 1233.0
1249620 1233.0
1249630 1239.3
1249640 1245.3
1249650 1245.3
1249660 1251.3
1249670 1257.2
1249680 1257.2
1249690 1263.8
1249700 1270.1
1249710 1270.1
1249720 1275.9
1249730 1282.0
1249740 1282.0
1249750 1288.0
1249760 1293.0
1249770 1293.0
1249780 1298.3
1249790 1303.9
1249800 1309.8
1249810 1309.8
1249820 1315.7
1249830 1320.9
1249840 1320.9
1249850 1326.3
1249860 1331.8
1249870 1331.8
1249880 1337.5
1249890 1343.5
1249900 1343.5
1249910 1349.8
1249920 1356.5
1249930 1356.5
1249940 1363.1
1249950 1369.2
1249960 1369.2
1249970 1375.2
1249980 1380.8
1249990 1380.8
1250000 1385.3
1250010 1390.6
1250020 1390.6
1250030 1396.1
1250040 1402.2
1250050 1408.1
1250060 1408.1
1250070 1414.3
1250080 1420.3
1250090 1420.3
1250100 1425.6
1250110 1431.3
1250120 1431.3
1250130 1437.2
1250140 1442.9
1250150 1442.9
1250160 1448.6
1250170 1454.6
1250180 1454.6
1250190 1460.3
1250200 1466.3
1250210 1466.3
1250220 1472.2
1250230 1478.1
1250240 1478.1
1250250 1483.8
1250260 1489.7
1250270 1489.7
1250280 1495.5
1250290 1501.7
1250300 1508.1
1250310 1508.1
1250320 1514.8
1250330 1521.2
1250340 1521.2
1250350 1527.1
1250360 1533.2
1250370 1533.2
1250380 1539.1
1250390 1545.1
1250400 1545.1
1250410 1551.5
1250420 1557.8
1250430 1557.8
1250440 1564.4
1250450 1570.8
1250460 1570.8
1250470 1576.1
1250480 1579.5
1250490 1579.5
1250500 1583.2
1250510 1586.0
1250520 1586.0
1250530 1588.4
1250540 1585.8
1250550 1590.5
1250560 1590.5
1250570 1595.0
1250580 1598.6
1250590 1598.6
1250600 1600.8
1250610 1602.9
1250620 1602.9
1250630 1606.2
1250640 1609.2
1250650 1609.2
1250660 1614.2
1250670 1621.2
1250680 1621.2
1250690 1629.0
1250700 1637.2
1250710 1637.2
1250720 1644.3
1250730 1653.1
1250740 1653.1
1250750 1661.8
1250760 1670.3
1250770 1670.3
1250780 1679.0
1250790 1686.2
1250800 1693.6
1250810 1693.6
1250820 1701.7
1250830 1710.4
1250840 1710.4
1250850 1718.7
1250860 1726.8
1250870 1726.8
1250880 1735.6
1250890 1744.4
1250900 1744.4
1250910 1752.0
1250920 1759.2
1250930 1759.2
1250940 1767.2
1250950 1774.4
1250960 1774.4
1250970 1779.9
1250980 1784.7
1250990 1784.7
1251000 1790.1
1251010 1797.0
1251020 1797.0
1251030 1805.2
1251040 1814.3
1251050 1822.2
1251060 1822.2
1251070 1828.7
1251080 1835.5
1251090 1837.8
1251100 1845.5
1251110 1852.7
1251120 1852.7
1251130 1859.8
1251140 1866.4
1251150 1866.4
1251160 1872.6
1251170 1878.9
1251180 1878.9
1251190 1886.0
1251200 1893.6
1251210 1893.6
1251220 1901.0
1251230 1906.9
1251240 1906.9
1251250 1913.1
1251260 1919.4
1251270 1926.1
1251280 1926.1
1251290 1932.6
1251300 1939.2
1251310 1939.2
1251320 1945.2
1251330 1951.0
1251340 1951.0
1251350 1956.3
1251360 1961.0
1251370 1961.0
1251380 1967.0
1251390 1973.0
1251400 1973.0
1251410 1978.5
1251420 1984.4
1251430 1984.4
1251440 1990.7
1251450 1997.5
1251460 1997.5
1251470 2002.5
1251480 2006.2
1251490 2006.2
1251500 2009.3
1251510 2009.2
1251520 2004.2
1251530 2004.2
1251540 1997.8
1251550 1991.2
1251560 1991.2
1251570 1990.4
1251580 1992.0
1251590 1992.0
1251600 1993.8
1251610 1995.7
1251620 1995.7
1251630 1996.6
1251640 1998.9
1251650 1998.9
1251660 2001.0
1251670 1999.7
1251680 1999.7
1251690 1997.4
1251700 1995.5
1251710 1995.5
1251720 1992.6
1251730 1989.8
1251740 1989.8
1251750 1987.1
1251760 1984.2
1251770 1979.8
1251780 1979.8
1251790 1976.2
1251800 1972.4
1251810 1972.4
1251820 1968.7
1251830 1965.2
1251840 1965.2
1251850 1959.8
1251860 1953.3
1251870 1953.3
1251880 1945.6
1251890 1938.2
1251900 1938.2
1251910 1932.0
1251920 1927.5
1251930 1927.5
1251940 1924.8
1251950 1921.6
1251960 1921.6
1251970 1918.5
1251980 1916.0
1251990 1916.0
1252000 1912.8
1252010 1909.4
1252020 1904.6
1252030 1904.6
1252040 1899.4
1252050 1894.7
1252060 1894.7
1252070 1889.7
1252080 1883.9
1252090 1883.9
1252100 1877.9
1252110 1871.5
1252120 1871.5
1252130 1865.8
1252140 1860.7
1252150 1860.7
1252160 1856.0
1252170 1851.6
1252180 1853.3
1252190 1849.6
1252200 1845.8
1252210 1845.8
1252220 1842.2
1252230 1837.4
1252240 1837.4
1252250 1829.6
1252260 1821.7
1252270 1814.4
1252280 1814.4
1252290 1808.2
1252300 1802.7
1252310 1802.7
1252320 1797.7
1252330 1792.8
1252340 1792.8
1252350 1787.6
1252360 1782.0
1252370 1782.0
1252380 1776.1
1252390 1769.4
1252400 1769.4
1252410 1760.7
1252420 1753.5
1252430 1753.5
1252440 1747.3
1252450 1740.4
1252460 1740.4
1252470 1734.4
1252480 1728.7
1252490 1728.7
1252500 1723.1
1252510 1716.5
1252520 1708.9
1252530 1708.9
1252540 1702.1
1252550 1695.5
1252560 1695.5
1252570 1690.4
1252580 1687.3
1252590 1687.3
1252600 1684.3
1252610 1678.7
1252620 1678.7
1252630 1671.8
1252640 1665.1
1252650 1665.1
1252660 1658.5
1252670 1652.1
1252680 1652.1
1252690 1645.4
1252700 1638.4
1252710 1638.4
1252720 1632.7
1252730 1626.1
1252740 1626.1
1252750 1619.9
1252760 1613.6
1252770 1607.1
1252780 1607.1
1252790 1600.6
1252800 1594.4
1252810 1594.4
1252820 1588.1
1252830 1582.0
1252840 1582.0
1252850 1576.0
1252860 1570.2
1252870 1570.2
1252880 1564.7
1252890 1559.6
1252900 1559.6
1252910 1554.6
1252920 1549.9
1252930 1549.9
1252940 1544.7
1252950 1539.0
1252960 1539.0
1252970 1533.3
1252980 1527.6
1252990 1522.2
1253000 1522.2
1253010 1517.0
1253020 1511.1
1253030 1511.1
1253040 1504.7
1253050 1497.5
1253060 1497.5
1253070 1490.9
1253080 1485.5
1253090 1485.5
1253100 1480.1
1253110 1474.3
1253120 1474.3
1253130 1468.9
1253140 1462.8
1253150 1462.8
1253160 1456.1
1253170 1450.2
1253180 1450.2
1253190 1444.3
1253200 1437.6
1253210 1437.6
1253220 1427.9
1253230 1416.5
1253240 1405.4
1253250 1405.4
1253260 1396.5
1253270 1394.0
1253280 1394.0
1253290 1390.0
1253300 1387.6
1253310 1387.6
1253320 1386.3
1253330 1382.3
1253340 1382.3
1253350 1376.3
1253360 1368.2
1253370 1368.2
1253380 1359.0
1253390 1351.0
1253400 1351.0
1253410 1344.2
1253420 1340.8
1253430 1340.8
1253440 1339.5
1253450 1338.8
1253460 1338.8
1253470 1339.6
1253480 1343.0
1253490 1350.8
1253500 1350.8
1253510 1358.3
1253520 1364.5
1253530 1364.5
1253540 1368.3
1253550 1371.3
1253560 1371.3
1253570 1374.7
1253580 1379.1
1253590 1379.1
1253600 1384.5
1253610 1390.4
1253620 1390.4
1253630 1395.8
1253640 1400.6
1253650 1400.6
1253660 1406.6
1253670 1413.2
1253680 1413.2
1253690 1418.4
1253700 1422.5
1253710 1422.5
1253720 1426.8
1253730 1431.0
1253740 1435.2
1253750 1435.2
1253760 1439.7
1253770 1445.0
1253780 1445.0
1253790 1451.0
1253800 1456.1
1253810 1456.1
1253820 1462.1
1253830 1467.0
1253840 1467.0
1253850 1472.7
1253860 1478.7
1253870 1478.7
1253880 1484.9
1253890 1490.4
1253900 1490.4
1253910 1495.2
1253920 1500.0
1253930 1500.0
1253940 1504.9
1253950 1510.0
1253960 1510.0
1253970 1515.1
1253980 1521.3
1253990 1526.7
1254000 1526.7
1254010 1533.2
1254020 1540.2
1254030 1540.2
1254040 1546.6
1254050 1552.6
1254060 1552.6
1254070 1559.6
1254080 1566.6
1254090 1566.6
1254100 1573.0
1254110 1579.1
1254120 1579.1
1254130 1585.6
1254140 1592.0
1254150 1592.0
1254160 1598.6
1254170 1604.3
1254180 1604.3
1254190 1609.7
1254200 1616.0
1254210 1616.0
1254220 1621.7
1254230 1627.6
1254240 1633.5
1254250 1633.5
1254260 1637.2
1254270 1639.2
1254280 1639.2
1254290 1642.9
1254300 1647.6
1254310 1647.6
1254320 1652.4
1254330 1656.6
1254340 1656.6
1254350 1661.1
1254360 1665.1
1254370 1668.4
1254380 1672.1
1254390 1675.9
1254400 1675.9
1254410 1680.0
1254420 1683.8
1254430 1683.8
1254440 1688.0
1254450 1691.9
1254460 1691.9
1254470 1694.7
1254480 1697.2
1254490 1701.0
1254500 1701.0
1254510 1704.6
1254520 1709.0
1254530 1709.0
1254540 1714.2
1254550 1720.2
1254560 1720.2
1254570 1726.5
1254580 1732.3
1254590 1732.3
1254600 1737.1
1254610 1741.4
1254620 1741.4
1254630 1745.3
1254640 1749.1
1254650 1749.1
1254660 1752.8
1254670 1756.9
1254680 1756.9
1254690 1761.5
1254700 1766.8
1254710 1766.8
1254720 1772.2
1254730 1777.6
1254740 1783.6
1254750 1783.6
1254760 1789.4
1254770 1793.7
1254780 1793.7
1254790 1799.1
1254800 1805.7
1254810 1805.7
1254820 1812.5
1254830 1819.4
1254840 1819.4
1254850 1826.0
1254860 1832.2
1254870 1832.2
1254880 1839.1
1254890 1846.6
1254900 1846.6
1254910 1853.6
1254920 1859.9
1254930 1859.6
1254940 1865.4
1254950 1871.0
1254960 1877.0
1254970 1877.0
1254980 1882.3
1254990 1887.2
1255000 1887.2
1255010 1892.1
1255020 1897.3
1255030 1897.3
1255040 1903.2
1255050 1909.3
1255060 1909.3
1255070 1916.0
1255080 1924.3
1255090 1924.3
1255100 1935.3
1255110 1947.5
1255120 1947.5
1255130 1957.7
1255140 1966.8
1255150 1966.8
1255160 1975.8
1255170 1985.2
1255180 1985.2
1255190 1993.1
1255200 2000.2
1255210 2007.4
1255220 2007.4
1255230 2015.2
1255240 2022.8
1255250 2022.8
1255260 2030.7
1255270 2038.7
1255280 2038.7
1255290 2047.7
1255300 2056.7
1255310 2056.7
1255320 2067.0
1255330 2078.4
1255340 2078.4
1255350 2087.5
1255360 2094.1
1255370 2094.1
1255380 2098.1
1255390 2099.5
1255400 2099.5
1255410 2102.9
1255420 2107.9
1255430 2107.9
1255440 2112.1
1255450 2114.4
1255460 2115.3
1255470 2115.3
1255480 2117.2
1255490 2117.3
1255500 2117.3
1255510 2116.7
1255520 2114.4
1255530 2114.4
1255540 2111.7
1255550 2109.3
1255560 2109.3
1255570 2106.7
1255580 2102.1
1255590 2102.1
1255600 2096.1
1255610 2091.7
1255620 2091.7
1255630 2089.0
1255640 2086.5
1255650 2086.5
1255660 2085.0
1255670 2083.4
1255680 2083.4
1255690 2081.0
1255700 2076.9
1255710 2073.6
1255720 2073.6
1255730 2069.0
1255740 2065.5
1255750 2065.5
1255760 2063.4
1255770 2060.4
1255780 2060.4
1255790 2056.3
1255800 2052.1
1255810 2052.1
1255820 2049.0
1255830 2045.8
1255840 2045.8
1255850 2042.6
1255860 2041.0
1255870 2041.0
1255880 2039.3
1255890 2036.5
1255900 2036.5
1255910 2034.0
1255920 2032.1
1255930 2032.1
1255940 2029.7
1255950 2025.7
1255960 2021.4
1255970 2021.4
1255980 2016.4
1255990 2011.4
1256000 2011.4
1256010 2006.2
1256020 2000.6
1256030 2000.6
1256040 1996.7
1256050 1990.9
1256060 1990.9
1256070 1985.4
1256080 1980.0
1256090 1980.0
1256100 1975.3
1256110 1971.4
1256120 1971.4
1256130 1967.2
1256140 1962.2
1256150 1962.2
1256160 1956.4
1256170 1951.8
1256180 1951.8
1256190 1947.4
1256200 1942.3
1256210 1936.3
1256220 1936.3
1256230 1929.5
1256240 1923.6
1256250 1923.6
1256260 1918.8
1256270 1914.4
1256280 1914.4
1256290 1911.3
1256300 1908.0
1256310 1908.0
1256320 1903.4
1256330 1897.9
1256340 1897.9
1256350 1894.2
1256360 1893.2
1256370 1893.2
1256380 1890.4
1256390 1887.5
1256400 1887.5
1256410 1887.1
1256420 1885.5
1256430 1885.5
1256440 1883.2
1256450 1879.9
1256460 1876.9
1256470 1876.9
1256480 1874.1
1256490 1871.3
1256500 1871.3
1256510 1868.1
1256520 1864.5
1256530 1864.5
1256540 1861.0
1256550 1858.0
1256560 1858.0
1256570 1854.7
1256580 1851.9
1256590 1854.2
1256600 1851.7
1256610 1848.7
1256620 1848.7
1256630 1844.8
1256640 1837.8
1256650 1837.8
1256660 1827.7
1256670 1817.8
1256680 1809.3
1256690 1809.3
1256700 1804.2
1256710 1801.1
1256720 1801.1
1256730 1798.7
1256740 1796.6
1256750 1796.6
1256760 1794.6
1256770 1792.9
1256780 1792.9
1256790 1791.1
1256800 1788.4
1256810 1788.4
1256820 1785.0
1256830 1782.1
1256840 1782.1
1256850 1780.3
1256860 1778.9
1256870 1778.9
1256880 1775.5
1256890 1770.5
1256900 1770.5
1256910 1764.8
1256920 1760.2
1256930 1757.7
1256940 1757.7
1256950 1756.0
1256960 1754.3
1256970 1754.3
1256980 1752.1
1256990 1749.6
1257000 1749.6
1257010 1746.0
1257020 1742.2
1257030 1742.2
1257040 1738.2
1257050 1733.7
1257060 1733.7
1257070 1729.3
1257080 1726.4
1257090 1726.4
1257100 1723.0
1257110 1719.0
1257120 1719.0
1257130 1715.2
1257140 1711.2
1257150 1713.2
1257160 1708.9
1257170 1703.9
1257180 1699.5
1257190 1699.5
1257200 1696.4
1257210 1694.4
1257220 1694.4
1257230 1692.0
1257240 1689.5
1257250 1689.5
1257260 1687.1
1257270 1685.0
1257280 1685.0
1257290 1682.1
1257300 1678.5
1257310 1678.5
1257320 1676.0
1257330 1673.4
1257340 1673.4
1257350 1670.6
1257360 1669.0
1257370 1669.0
1257380 1668.0
1257390 1666.5
1257400 1666.5
1257410 1663.7
1257420 1659.2
1257430 1653.6
1257440 1653.6
1257450 1647.8
1257460 1644.1
1257470 1644.1
1257480 1641.0
1257490 1636.8
1257500 1636.8
1257510 1632.1
1257520 1626.0
1257530 1626.0
1257540 1619.5
1257550 1613.8
1257560 1613.8
1257570 1608.4
1257580 1603.0
1257590 1603.0
1257600 1598.5
1257610 1594.6
1257620 1594.6
1257630 1590.3
1257640 1587.0
1257650 1587.0
1257660 1584.6
1257670 1580.3
1257680 1575.8
1257690 1575.8
1257700 1570.7
1257710 1572.0
1257720 1572.0
1257730 1575.5
1257740 1572.8
1257750 1572.8
1257760 1569.3
1257770 1568.0
1257780 1568.0
1257790 1564.3
1257800 1559.1
1257810 1559.1
1257820 1554.0
1257830 1551.5
1257840 1551.5
1257850 1548.6
1257860 1542.6
1257870 1542.6
1257880 1537.3
1257890 1534.8
1257900 1534.8
1257910 1531.5
1257920 1528.0
1257930 1523.3
1257940 1523.3
1257950 1518.4
1257960 1517.0
1257970 1517.0
1257980 1516.2
1257990 1515.3
1258000 1515.3
1258010 1514.7
1258020 1513.6
1258030 1513.6
1258040 1512.5
1258050 1511.3
1258060 1511.3
1258070 1509.9
1258080 1507.4
1258090 1507.4
1258100 1503.9
1258110 1504.0
1258120 1504.0
1258130 1509.0
1258140 1515.7
1258150 1515.7
1258160 1521.0
1258170 1528.5
1258180 1536.4
1258190 1536.4
1258200 1544.8
1258210 1551.2
1258220 1551.2
1258230 1554.7
1258240 1554.9
1258250 1554.9
1258260 1555.3
1258270 1560.8
1258280 1560.8
1258290 1566.1
1258300 1569.3
1258310 1569.3
1258320 1572.2
1258330 1575.8
1258340 1575.8
1258350 1579.6
1258360 1583.7
1258370 1583.7
1258380 1588.1
1258390 1592.9
1258400 1592.9
1258410 1597.9
1258420 1602.9
1258430 1607.8
1258440 1607.8
1258450 1612.6
1258460 1617.3
1258470 1617.3
1258480 1622.0
1258490 1627.0
1258500 1627.0
1258510 1632.1
1258520 1637.5
1258530 1637.5
1258540 1642.3
1258550 1646.8
1258560 1646.8
1258570 1651.6
1258580 1657.3
1258590 1657.3
1258600 1664.2
1258610 1671.2
1258620 1671.2
1258630 1678.2
1258640 1685.4
1258650 1692.1
1258660 1692.1
1258670 1698.5
1258680 1704.7
1258690 1704.7
1258700 1710.9
1258710 1717.2
1258720 1717.2
1258730 1723.2
1258740 1729.0
1258750 1729.0
1258760 1734.5
1258770 1740.9
1258780 1740.9
1258790 1746.9
1258800 1752.8
1258810 1752.8
1258820 1759.7
1258830 1765.0
1258840 1765.0
1258850 1771.7
1258860 1778.9
1258870 1778.9
1258880 1786.5
1258890 1794.1
1258900 1801.4
1258910 1801.4
1258920 1808.2
1258930 1814.2
1258940 1814.2
1258950 1820.4
1258960 1826.9
1258970 1826.9
1258980 1833.5
1258990 1840.6
1259000 1840.6
1259010 1848.3
1259020 1855.1
1259030 1855.1
1259040 1860.6
1259050 1867.5
1259060 1867.5
1259070 1874.8
1259080 1881.0
1259090 1881.0
1259100 1887.3
1259110 1893.7
1259120 1893.7
1259130 1900.4
1259140 1907.1
1259150 1913.4
1259160 1913.4
1259170 1919.3
1259180 1924.5
1259190 1924.5
1259200 1928.8
1259210 1932.6
1259220 1932.6
1259230 1936.1
1259240 1939.8
1259250 1939.8
1259260 1944.0
1259270 1947.9
1259280 1947.9
1259290 1951.7
1259300 1955.5
1259310 1955.5
1259320 1959.3
1259330 1961.8
1259340 1961.8
1259350 1961.8
1259360 1960.3
1259370 1960.3
1259380 1958.2
1259390 1951.5
1259400 1951.1
1259410 1951.1
1259420 1951.6
1259430 1952.6
1259440 1952.6
1259450 1954.2
1259460 1956.0
1259470 1956.0
1259480 1958.3
1259490 1960.3
1259500 1960.3
1259510 1961.9
1259520 1962.8
1259530 1962.8
1259540 1962.3
1259550 1961.6
1259560 1961.6
1259570 1962.0
1259580 1962.4
1259590 1962.4
1259600 1964.5
1259610 1963.3
1259620 1963.3
1259630 1958.6
1259640 1955.2
1259650 1951.7
1259660 1951.7
1259670 1946.4
1259680 1939.4
1259690 1939.4
1259700 1932.9
1259710 1928.2
1259720 1928.2
1259730 1927.0
1259740 1925.3
1259750 1925.3
1259760 1922.3
1259770 1919.6
1259780 1919.6
1259790 1918.0
1259800 1916.7
1259810 1916.7
1259820 1914.5
1259830 1910.6
1259840 1910.6
1259850 1905.9
1259860 1904.0
1259870 1904.0
1259880 1903.5
1259890 1902.5
1259900 1902.0
1259910 1902.0
1259920 1905.4
1259930 1907.9
1259940 1907.9
1259950 1907.6
1259960 1912.2
1259970 1912.2
1259980 1914.7
1259990 1917.1
