1240000 1391.8
1240010 1391.8
1240020 1391.2
1240030 1390.8
1240040 1390.8
1240050 1388.5
1240060 1387.2
1240070 1387.2
1240080 1388.0
1240090 1392.2
1240100 1392.2
1240110 1396.1
1240120 1397.9
1240130 1397.9
1240140 1392.4
1240150 1383.9
1240160 1383.9
1240170 1374.6
1240180 1368.3
1240190 1368.3
1240200 1370.3
1240210 1372.8
1240220 1372.8
1240230 1375.3
1240240 1374.8
1240250 1371.6
1240260 1371.6
1240270 1369.8
1240280 1367.3
1240290 1367.3
1240300 1364.7
1240310 1362.5
1240320 1368.5
1240330 1366.5
1240340 1361.9
1240350 1361.9
1240360 1354.3
1240370 1352.0
1240380 1352.0
1240390 1353.1
1240400 1351.5
1240410 1351.5
1240420 1347.7
1240430 1343.7
1240440 1343.7
1240450 1339.7
1240460 1335.5
1240470 1335.5
1240480 1331.3
1240490 1327.4
1240500 1324.0
1240510 1324.0
1240520 1320.5
1240530 1317.4
1240540 1317.4
1240550 1313.9
1240560 1310.8
1240570 1310.8
1240580 1308.2
1240590 1305.4
1240600 1305.4
1240610 1302.5
1240620 1300.7
1240630 1300.7
1240640 1298.8
1240650 1296.2
1240660 1296.2
1240670 1293.5
1240680 1292.0
1240690 1292.0
1240700 1290.3
1240710 1283.5
1240720 1283.5
1240730 1278.8
1240740 1277.5
1240750 1274.1
1240760 1274.1
1240770 1270.1
1240780 1266.9
1240790 1266.9
1240800 1263.9
1240810 1260.4
1240820 1260.4
1240830 1257.2
1240840 1256.6
1240850 1256.6
1240860 1252.8
1240870 1247.5
1240880 1247.5
1240890 1243.6
1240900 1241.1
1240910 1241.1
1240920 1239.2
1240930 1237.1
1240940 1237.1
1240950 1236.9
1240960 1238.8
1240970 1238.8
1240980 1239.2
1240990 1238.8
1241000 1239.0
1241010 1239.0
1241020 1239.9
1241030 1240.7
1241040 1240.7
1241050 1240.4
1241060 1239.6
1241070 1239.6
1241080 1238.1
1241090 1236.6
1241100 1236.6
1241110 1236.3
1241120 1237.6
1241130 1237.6
1241140 1241.2
1241150 1244.8
1241160 1244.8
1241170 1244.9
1241180 1241.0
1241190 1241.0
1241200 1236.6
1241210 1234.5
1241220 1234.5
1241230 1232.8
1241240 1231.3
1241250 1229.8
1241260 1229.8
1241270 1228.3
1241280 1226.5
1241290 1226.5
1241300 1225.2
1241310 1224.1
1241320 1224.1
1241330 1223.2
1241340 1222.0
1241350 1222.0
1241360 1220.8
1241370 1215.7
1241380 1215.7
1241390 1215.3
1241400 1215.7
1241410 1215.7
1241420 1217.0
1241430 1219.2
1241440 1219.2
1241450 1221.4
1241460 1222.7
1241470 1222.8
1241480 1222.8
1241490 1223.3
1241500 1223.5
1241510 1223.5
1241520 1222.8
1241530 1221.0
1241540 1221.0
1241550 1218.6
1241560 1216.5
1241570 1216.5
1241580 1215.4
1241590 1214.5
1241600 1214.5
1241610 1214.0
1241620 1213.7
1241630 1213.7
1241640 1213.4
1241650 1213.2
1241660 1213.2
1241670 1213.4
1241680 1213.9
1241690 1213.9
1241700 1214.3
1241710 1214.7
1241720 1214.8
1241730 1214.8
1241740 1214.6
1241750 1214.5
1241760 1214.5
1241770 1213.5
1241780 1213.0
1241790 1213.0
1241800 1213.0
1241810 1213.0
1241820 1213.0
1241830 1213.9
1241840 1215.6
1241850 1215.6
1241860 1217.4
1241870 1218.9
1241880 1218.9
1241890 1213.9
1241900 1216.5
1241910 1216.5
1241920 1219.9
1241930 1222.5
1241940 1222.5
1241950 1223.5
1241960 1224.4
1241970 1224.8
1241980 1224.8
1241990 1225.0
1242000 1226.5
1242010 1226.5
1242020 1228.6
1242030 1227.1
1242040 1227.1
1242050 1221.5
1242060 1216.5
1242070 1216.5
1242080 1212.5
1242090 1213.0
1242100 1213.0
1242110 1215.9
1242120 1218.9
1242130 1218.9
1242140 1221.1
1242150 1220.7
1242160 1220.7
1242170 1219.9
1242180 1219.4
1242190 1219.4
1242200 1219.5
1242210 1219.8
1242220 1220.8
1242230 1220.8
1242240 1221.9
1242250 1222.4
1242260 1222.4
1242270 1223.0
1242280 1223.1
1242290 1223.1
1242300 1223.4
1242310 1223.8
1242320 1223.8
1242330 1224.5
1242340 1224.7
1242350 1224.7
1242360 1224.2
1242370 1223.2
1242380 1223.2
1242390 1219.7
1242400 1217.7
1242410 1217.8
1242420 1214.7
1242430 1213.0
1242440 1213.0
1242450 1212.2
1242460 1211.9
1242470 1211.5
1242480 1211.5
1242490 1211.2
1242500 1209.4
1242510 1209.4
1242520 1206.9
1242530 1204.8
1242540 1204.8
1242550 1202.7
1242560 1201.6
1242570 1201.6
1242580 1198.9
1242590 1196.5
1242600 1196.5
1242610 1194.6
1242620 1192.5
1242630 1192.5
1242640 1190.3
1242650 1188.5
1242660 1188.5
1242670 1187.0
1242680 1185.7
1242690 1185.7
1242700 1184.2
1242710 1182.6
1242720 1180.9
1242730 1180.9
1242740 1179.2
1242750 1177.2
1242760 1177.2
1242770 1175.3
1242780 1172.9
1242790 1172.9
1242800 1169.7
1242810 1167.9
1242820 1167.9
1242830 1166.5
1242840 1165.1
1242850 1165.1
1242860 1164.0
1242870 1163.6
1242880 1163.6
1242890 1163.8
1242900 1162.4
1242910 1162.4
1242920 1159.8
1242930 1158.5
1242940 1160.0
1242950 1162.0
1242960 1162.3
1242970 1159.1
1242980 1159.1
1242990 1156.2
1243000 1155.7
1243010 1155.7
1243020 1154.8
1243030 1153.0
1243040 1153.0
1243050 1152.6
1243060 1152.6
1243070 1152.6
1243080 1152.1
1243090 1154.5
1243100 1154.5
1243110 1160.0
1243120 1164.1
1243130 1164.1
1243140 1166.0
1243150 1167.0
1243160 1167.0
1243170 1167.1
1243180 1166.9
1243190 1165.1
1243200 1165.1
1243210 1163.9
1243220 1163.0
1243230 1163.0
1243240 1163.5
1243250 1165.4
1243260 1165.4
1243270 1167.8
1243280 1169.9
1243290 1169.9
1243300 1171.8
1243310 1173.7
1243320 1173.7
1243330 1177.0
1243340 1178.5
1243350 1178.5
1243360 1180.3
1243370 1181.9
1243380 1181.9
1243390 1184.3
1243400 1184.3
1243410 1184.3
1243420 1186.9
1243430 1193.8
1243440 1199.1
1243450 1199.1
1243460 1201.3
1243470 1209.1
1243480 1209.1
1243490 1209.3
1243500 1208.3
1243510 1208.3
1243520 1207.0
1243530 1207.2
1243540 1207.2
1243550 1210.0
1243560 1214.2
1243570 1214.2
1243580 1217.7
1243590 1220.5
1243600 1220.5
1243610 1222.8
1243620 1225.7
1243630 1225.7
1243640 1227.3
1243650 1231.2
1243660 1231.2
1243670 1234.4
1243680 1237.4
1243690 1239.4
1243700 1239.4
1243710 1241.9
1243720 1244.5
1243730 1244.5
1243740 1249.1
1243750 1254.0
1243760 1254.0
1243770 1256.9
1243780 1257.7
1243790 1257.7
1243800 1258.4
1243810 1261.7
1243820 1261.7
1243830 1265.9
1243840 1270.3
1243850 1270.3
1243860 1272.6
1243870 1274.3
1243880 1274.3
1243890 1276.6
1243900 1281.7
1243910 1281.7
1243920 1286.6
1243930 1291.2
1243940 1295.2
1243950 1295.2
1243960 1292.4
1243970 1291.8
1243980 1291.8
1243990 1301.5
1244000 1308.1
1244010 1308.1
1244020 1325.1
1244030 1345.9
1244040 1345.9
1244050 1351.7
1244060 1352.2
1244070 1352.2
1244080 1349.2
1244090 1346.8
1244100 1346.8
1244110 1342.0
1244120 1333.2
1244130 1333.2
1244140 1341.9
1244150 1352.0
1244160 1352.0
1244170 1362.2
1244180 1370.1
1244190 1373.8
1244200 1373.8
1244210 1377.5
1244220 1379.2
1244230 1379.2
1244240 1369.8
1244250 1358.5
1244260 1358.5
1244270 1356.5
1244280 1350.4
1244290 1350.4
1244300 1341.8
1244310 1341.6
1244320 1341.6
1244330 1348.8
1244340 1360.2
1244350 1360.2
1244360 1374.1
1244370 1381.0
1244380 1381.0
1244390 1388.6
1244400 1396.3
1244410 1396.3
1244420 1403.7
1244430 1410.6
1244440 1416.8
1244450 1416.8
1244460 1422.7
1244470 1427.9
1244480 1427.9
1244490 1431.7
1244500 1434.7
1244510 1434.7
1244520 1454.6
1244530 1461.7
1244540 1461.7
1244550 1466.0
1244560 1467.6
1244570 1467.6
1244580 1475.1
1244590 1483.1
1244600 1483.1
1244610 1489.7
1244620 1495.8
1244630 1495.8
1244640 1498.5
1244650 1498.9
1244660 1498.9
1244670 1495.2
1244680 1489.1
1244690 1477.6
1244700 1477.6
1244710 1466.5
1244720 1470.7
1244730 1470.7
1244740 1472.3
1244750 1468.3
1244760 1468.3
1244770 1466.6
1244780 1470.9
1244790 1470.9
1244800 1468.6
1244810 1462.0
1244820 1462.0
1244830 1456.4
1244840 1456.3
1244850 1456.3
1244860 1457.2
1244870 1455.9
1244880 1455.9
1244890 1452.7
1244900 1447.9
1244910 1447.9
1244920 1442.0
1244930 1435.4
1244940 1428.2
1244950 1428.2
1244960 1422.1
1244970 1423.6
1244980 1423.6
1244990 1421.3
1245000 1416.5
1245010 1416.5
1245020 1411.5
1245030 1405.8
1245040 1405.8
1245050 1411.0
1245060 1401.0
1245070 1401.0
1245080 1389.2
1245090 1386.3
1245100 1386.3
1245110 1396.5
1245120 1406.4
1245130 1406.4
1245140 1408.8
1245150 1413.6
1245160 1420.7
1245170 1420.7
1245180 1431.1
1245190 1444.3
1245200 1444.3
1245210 1455.6
1245220 1464.7
1245230 1464.7
1245240 1472.4
1245250 1479.3
1245260 1479.3
1245270 1484.5
1245280 1489.1
1245290 1489.1
1245300 1494.0
1245310 1498.2
1245320 1498.2
1245330 1503.6
1245340 1510.4
1245350 1510.4
1245360 1516.8
1245370 1523.5
1245380 1523.5
1245390 1529.6
1245400 1535.0
1245410 1540.3
1245420 1540.3
1245430 1545.9
1245440 1551.5
1245450 1551.5
1245460 1557.2
1245470 1561.0
1245480 1561.0
1245490 1562.8
1245500 1564.3
1245510 1564.3
1245520 1566.0
1245530 1567.3
1245540 1567.3
1245550 1568.8
1245560 1571.1
1245570 1571.1
1245580 1582.1
1245590 1585.1
1245600 1585.1
1245610 1588.8
1245620 1593.1
1245630 1593.1
1245640 1598.0
1245650 1603.0
1245660 1608.0
1245670 1608.0
1245680 1612.3
1245690 1616.8
1245700 1616.8
1245710 1621.4
1245720 1624.9
1245730 1624.9
1245740 1628.1
1245750 1629.9
1245760 1629.9
1245770 1630.1
1245780 1628.7
1245790 1628.7
1245800 1627.3
1245810 1625.7
1245820 1625.7
1245830 1623.4
1245840 1618.8
1245850 1618.8
1245860 1611.6
1245870 1603.0
1245880 1603.0
1245890 1594.2
1245900 1585.8
1245910 1578.6
1245920 1578.6
1245930 1569.7
1245940 1558.6
1245950 1558.6
1245960 1554.2
1245970 1558.6
1245980 1558.6
1245990 1567.2
1246000 1575.3
1246010 1575.3
1246020 1583.9
1246030 1592.8
1246040 1592.8
1246050 1601.0
1246060 1605.5
1246070 1605.5
1246080 1605.0
1246090 1609.6
1246100 1609.6
1246110 1623.8
1246120 1629.9
1246130 1629.9
1246140 1634.8
1246150 1640.6
1246160 1645.5
1246170 1645.5
1246180 1650.6
1246190 1658.0
1246200 1658.0
1246210 1666.7
1246220 1674.0
1246230 1674.0
1246240 1679.8
1246250 1685.9
1246260 1685.9
1246270 1693.2
1246280 1700.7
1246290 1700.7
1246300 1707.0
1246310 1711.4
1246320 1711.4
1246330 1714.9
1246340 1718.8
1246350 1718.8
1246360 1723.9
1246370 1730.5
1246380 1730.5
1246390 1735.8
1246400 1740.1
1246410 1743.9
1246420 1743.9
1246430 1745.7
1246440 1745.9
1246450 1745.9
1246460 1743.3
1246470 1741.0
1246480 1741.0
1246490 1741.0
1246500 1741.0
1246510 1741.0
1246520 1740.8
1246530 1739.6
1246540 1739.6
1246550 1737.6
1246560 1734.6
1246570 1734.6
1246580 1732.0
1246590 1730.5
1246600 1730.5
1246610 1728.9
1246620 1727.5
1246630 1727.5
1246640 1726.0
1246650 1729.2
1246660 1725.0
1246670 1725.0
1246680 1719.3
1246690 1713.5
1246700 1713.5
1246710 1707.5
1246720 1701.0
1246730 1701.0
1246740 1694.1
1246750 1687.4
1246760 1687.4
1246770 1680.8
1246780 1673.7
1246790 1673.7
1246800 1666.5
1246810 1659.2
1246820 1659.2
1246830 1652.3
1246840 1645.2
1246850 1645.2
1246860 1638.4
1246870 1631.4
1246880 1624.7
1246890 1624.7
1246900 1617.8
1246910 1611.2
1246920 1611.2
1246930 1604.7
1246940 1598.3
1246950 1598.3
1246960 1592.0
1246970 1585.7
1246980 1585.7
1246990 1579.9
1247000 1574.1
1247010 1574.1
1247020 1568.4
1247030 1563.1
1247040 1563.1
1247050 1558.2
1247060 1553.4
1247070 1553.4
1247080 1548.9
1247090 1544.6
1247100 1544.6
1247110 1540.2
1247120 1536.2
1247130 1532.4
1247140 1532.4
1247150 1528.8
1247160 1524.6
1247170 1524.6
1247180 1516.7
1247190 1508.6
1247200 1508.6
1247210 1500.8
1247220 1493.4
1247230 1493.4
1247240 1486.7
1247250 1479.3
1247260 1479.3
1247270 1470.2
1247280 1461.9
1247290 1461.9
1247300 1454.1
1247310 1446.1
1247320 1446.1
1247330 1436.8
1247340 1430.4
1247350 1430.4
1247360 1428.8
1247370 1430.4
1247380 1430.5
1247390 1430.5
1247400 1427.7
1247410 1424.4
1247420 1424.4
1247430 1423.3
1247440 1427.5
1247450 1427.5
1247460 1435.0
1247470 1442.9
1247480 1442.9
1247490 1450.8
1247500 1459.5
1247510 1459.5
1247520 1468.1
1247530 1475.5
1247540 1475.5
1247550 1481.6
1247560 1487.7
1247570 1487.7
1247580 1493.5
1247590 1497.1
1247600 1497.1
1247610 1500.3
1247620 1503.7
1247630 1507.2
1247640 1507.2
1247650 1510.7
1247660 1513.9
1247670 1513.9
1247680 1517.6
1247690 1522.3
1247700 1522.3
1247710 1527.1
1247720 1536.3
1247730 1536.3
1247740 1541.5
1247750 1546.8
1247760 1546.8
1247770 1552.0
1247780 1557.1
1247790 1557.1
1247800 1562.7
1247810 1568.8
1247820 1568.8
1247830 1574.6
1247840 1580.4
1247850 1580.4
1247860 1584.9
1247870 1589.1
1247880 1595.6
1247890 1595.6
1247900 1601.1
1247910 1604.8
1247920 1604.8
1247930 1608.7
1247940 1613.2
1247950 1613.2
1247960 1617.8
1247970 1623.2
1247980 1623.2
1247990 1629.0
1248000 1635.3
1248010 1635.3
1248020 1640.3
1248030 1644.7
1248040 1644.7
1248050 1649.4
1248060 1653.0
1248070 1653.0
1248080 1656.1
1248090 1659.4
1248100 1659.4
1248110 1661.4
1248120 1661.8
1248130 1661.7
1248140 1661.7
1248150 1661.1
1248160 1659.2
1248170 1659.2
1248180 1656.6
1248190 1652.8
1248200 1652.8
1248210 1647.9
1248220 1642.8
1248230 1642.8
1248240 1636.9
1248250 1629.1
1248260 1629.1
1248270 1620.4
1248280 1611.2
1248290 1611.2
1248300 1603.2
1248310 1596.0
1248320 1596.0
1248330 1589.9
1248340 1583.9
1248350 1583.9
1248360 1577.4
1248370 1570.9
1248380 1564.8
1248390 1564.8
1248400 1557.9
1248410 1547.0
1248420 1547.0
1248430 1531.1
1248440 1520.1
1248450 1520.1
1248460 1513.2
1248470 1507.3
1248480 1507.3
1248490 1503.1
1248500 1499.3
1248510 1499.3
1248520 1494.8
1248530 1489.0
1248540 1489.0
1248550 1483.7
1248560 1477.5
1248570 1477.5
1248580 1470.5
1248590 1462.6
1248600 1462.6
1248610 1454.8
1248620 1448.1
1248630 1441.2
1248640 1441.2
1248650 1434.0
1248660 1425.9
1248670 1425.9
1248680 1417.4
1248690 1409.7
1248700 1409.7
1248710 1403.2
1248720 1397.8
1248730 1397.8
1248740 1393.1
1248750 1387.9
1248760 1387.9
1248770 1382.2
1248780 1375.9
1248790 1379.4
1248800 1374.8
1248810 1369.3
1248820 1369.3
1248830 1363.5
1248840 1358.1
1248850 1353.7
1248860 1353.7
1248870 1348.7
1248880 1344.1
1248890 1344.1
1248900 1338.9
1248910 1332.9
1248920 1332.9
1248930 1327.3
1248940 1321.7
1248950 1321.7
1248960 1316.4
1248970 1311.2
1248980 1311.2
1248990 1306.1
1249000 1301.3
1249010 1301.3
1249020 1296.3
1249030 1291.1
1249040 1291.1
1249050 1286.6
1249060 1281.3
1249070 1281.3
1249080 1274.9
1249090 1268.6
1249100 1262.7
1249110 1262.7
1249120 1258.2
1249130 1254.0
1249140 1254.0
1249150 1249.5
1249160 1245.3
1249170 1245.3
1249180 1240.3
1249190 1234.5
1249200 1234.5
1249210 1229.1
1249220 1224.4
1249230 1224.4
1249240 1220.1
1249250 1215.6
1249260 1215.6
1249270 1211.5
1249280 1207.1
1249290 1207.1
1249300 1202.6
1249310 1198.3
1249320 1198.3
1249330 1196.0
1249340 1189.6
1249350 1183.1
1249360 1183.1
1249370 1176.9
1249380 1171.7
1249390 1171.7
1249400 1167.8
1249410 1166.2
1249420 1166.2
1249430 1165.1
1249440 1167.2
1249450 1167.2
1249460 1169.7
1249470 1171.6
1249480 1171.6
1249490 1173.8
1249500 1175.9
1249510 1175.9
1249520 1176.7
1249530 1178.8
1249540 1178.8
1249550 1185.2
1249560 1191.9
1249570 1191.9
1249580 1197.9
1249590 1203.8
1249600 1210.4
1249610 1210.4
1249620 1217.2
1249630 1223.6
1249640 1223.6
1249650 1230.1
1249660 1236.3
1249670 1236.3
1249680 1242.3
1249690 1248.0
1249700 1248.0
1249710 1253.2
1249720 1258.5
1249730 1258.5
1249740 1264.3
1249750 1270.2
1249760 1270.2
1249770 1276.5
1249780 1282.6
1249790 1282.6
1249800 1289.1
1249810 1295.7
1249820 1295.7
1249830 1302.5
1249840 1309.1
1249850 1314.6
1249860 1314.6
1249870 1316.7
1249880 1321.7
1249890 1321.7
1249900 1326.9
1249910 1332.9
1249920 1332.9
1249930 1339.4
1249940 1345.5
1249950 1345.5
1249960 1351.5
1249970 1358.0
1249980 1358.0
1249990 1364.5
1250000 1369.6
1250010 1369.6
1250020 1373.0
1250030 1378.5
1250040 1378.5
1250050 1383.3
1250060 1386.4
1250070 1386.4
1250080 1389.4
1250090 1392.6
1250100 1396.3
1250110 1396.3
1250120 1401.7
1250130 1408.3
1250140 1408.3
1250150 1413.5
1250160 1421.1
1250170 1421.1
1250180 1428.1
1250190 1434.9
1250200 1434.9
1250210 1443.0
1250220 1450.4
1250230 1450.4
1250240 1457.4
1250250 1465.1
1250260 1465.1
1250270 1472.6
1250280 1478.9
1250290 1478.9
1250300 1485.0
1250310 1491.3
1250320 1491.3
1250330 1497.8
1250340 1504.8
1250350 1510.7
1250360 1510.7
1250370 1514.6
1250380 1518.7
1250390 1518.7
1250400 1524.1
1250410 1527.9
1250420 1527.9
1250430 1531.9
1250440 1535.8
1250450 1535.8
1250460 1542.2
1250470 1548.4
1250480 1548.4
1250490 1553.8
1250500 1558.4
1250510 1558.4
1250520 1564.0
1250530 1572.0
1250540 1572.0
1250550 1579.4
1250560 1586.3
1250570 1592.7
1250580 1592.7
1250590 1599.5
1250600 1605.3
1250610 1605.3
1250620 1611.6
1250630 1617.1
1250640 1617.1
1250650 1623.5
1250660 1629.9
1250670 1629.9
1250680 1636.8
1250690 1644.9
1250700 1644.9
1250710 1652.8
1250720 1660.1
1250730 1660.1
1250740 1667.4
1250750 1675.0
1250760 1675.0
1250770 1681.2
1250780 1685.8
1250790 1685.8
1250800 1691.5
1250810 1697.3
1250820 1703.1
1250830 1703.1
1250840 1709.1
1250850 1715.0
1250860 1715.0
1250870 1720.6
1250880 1726.2
1250890 1726.2
1250900 1732.6
1250910 1739.0
1250920 1739.0
1250930 1745.8
1250940 1753.5
1250950 1753.5
1250960 1756.7
1250970 1762.1
1250980 1762.1
1250990 1766.8
1251000 1771.0
1251010 1771.0
1251020 1775.5
1251030 1780.4
1251040 1780.4
1251050 1785.9
1251060 1791.4
1251070 1795.6
1251080 1795.6
1251090 1798.8
1251100 1803.1
1251110 1803.1
1251120 1808.3
1251130 1813.2
1251140 1813.2
1251150 1817.6
1251160 1821.9
1251170 1821.9
1251180 1827.3
1251190 1833.2
1251200 1833.2
1251210 1839.3
1251220 1846.0
1251230 1846.0
1251240 1853.1
1251250 1860.4
1251260 1860.4
1251270 1867.4
1251280 1874.8
1251290 1874.8
1251300 1881.3
1251310 1887.4
1251320 1893.5
1251330 1893.5
1251340 1899.8
1251350 1906.2
1251360 1906.2
1251370 1912.1
1251380 1917.9
1251390 1917.9
1251400 1923.4
1251410 1928.6
1251420 1928.6
1251430 1933.8
1251440 1938.9
1251450 1938.9
1251460 1944.1
1251470 1949.1
1251480 1949.1
1251490 1954.3
1251500 1956.7
1251510 1956.7
1251520 1963.8
1251530 1970.5
1251540 1970.5
1251550 1978.0
1251560 1985.2
1251570 1991.6
1251580 1991.6
1251590 1997.3
1251600 2001.9
1251610 2001.9
1251620 2005.1
1251630 2006.1
1251640 2006.1
1251650 2003.9
1251660 2001.1
1251670 2001.1
1251680 1999.3
1251690 2001.6
1251700 2001.6
1251710 2002.2
1251720 2000.6
1251730 2000.6
1251740 1995.8
1251750 1994.6
1251760 1994.6
1251770 1995.1
1251780 1993.7
1251790 1993.7
1251800 1990.7
1251810 1986.2
1251820 1979.7
1251830 1979.7
1251840 1971.5
1251850 1964.9
1251860 1964.9
1251870 1959.5
1251880 1957.2
1251890 1957.2
1251900 1956.3
1251910 1956.3
1251920 1956.3
1251930 1957.0
1251940 1956.1
1251950 1956.1
1251960 1954.0
1251970 1951.2
1251980 1951.2
1251990 1947.9
1252000 1943.9
1252010 1943.9
1252020 1939.2
1252030 1934.2
1252040 1934.2
1252050 1928.9
1252060 1922.4
1252070 1915.5
1252080 1915.5
1252090 1908.8
1252100 1902.8
1252110 1902.8
1252120 1896.2
1252130 1890.0
1252140 1890.0
1252150 1884.0
1252160 1876.9
1252170 1876.9
1252180 1869.9
1252190 1863.7
1252200 1863.7
1252210 1858.3
1252220 1852.9
1252230 1852.9
1252240 1847.9
1252250 1842.6
1252260 1842.6
1252270 1836.6
1252280 1829.3
1252290 1821.0
1252300 1821.0
1252310 1812.7
1252320 1804.9
1252330 1804.9
1252340 1798.0
1252350 1791.8
1252360 1791.8
1252370 1786.5
1252380 1781.5
1252390 1781.5
1252400 1776.2
1252410 1770.3
1252420 1770.3
1252430 1764.0
1252440 1757.6
1252450 1757.6
1252460 1751.9
1252470 1747.1
1252480 1747.1
1252490 1743.6
1252500 1740.9
1252510 1740.9
1252520 1737.4
1252530 1731.0
1252540 1724.0
1252550 1724.0
1252560 1716.8
1252570 1709.7
1252580 1709.7
1252590 1703.1
1252600 1696.1
1252610 1696.1
1252620 1688.7
1252630 1681.6
1252640 1681.6
1252650 1674.8
1252660 1667.9
1252670 1667.9
1252680 1661.1
1252690 1653.9
1252700 1653.9
1252710 1646.8
1252720 1640.3
1252730 1640.3
1252740 1634.3
1252750 1628.3
1252760 1628.3
1252770 1622.5
1252780 1617.0
1252790 1611.3
1252800 1611.3
1252810 1605.9
1252820 1600.2
1252830 1600.2
1252840 1594.3
1252850 1588.5
1252860 1588.5
1252870 1582.3
1252880 1575.9
1252890 1575.9
1252900 1569.0
1252910 1561.1
1252920 1561.1
1252930 1553.5
1252940 1546.2
1252950 1546.2
1252960 1539.4
1252970 1533.0
1252980 1533.0
1252990 1526.5
1253000 1520.1
1253010 1520.1
1253020 1513.6
1253030 1505.9
1253040 1498.3
1253050 1498.3
1253060 1491.2
1253070 1485.0
1253080 1485.0
1253090 1479.5
1253100 1474.0
1253110 1474.0
1253120 1468.5
1253130 1463.0
1253140 1467.5
1253150 1460.9
1253160 1454.9
1253170 1454.9
1253180 1449.3
1253190 1444.4
1253200 1444.4
1253210 1439.0
1253220 1431.4
1253230 1431.4
1253240 1424.7
1253250 1420.0
1253260 1420.0
1253270 1415.7
1253280 1410.5
1253290 1404.6
1253300 1404.6
1253310 1400.7
1253320 1397.7
1253330 1397.7
1253340 1397.3
1253350 1395.5
1253360 1395.5
1253370 1391.0
1253380 1385.2
1253390 1385.2
1253400 1377.6
1253410 1370.3
1253420 1370.3
1253430 1363.2
1253440 1359.5
1253450 1359.5
1253460 1358.5
1253470 1357.2
1253480 1357.2
1253490 1357.7
1253500 1358.6
1253510 1358.6
1253520 1364.3
1253530 1367.7
1253540 1368.8
1253550 1368.8
1253560 1371.1
1253570 1374.4
1253580 1374.4
1253590 1378.4
1253600 1381.9
1253610 1381.9
1253620 1386.1
1253630 1390.9
1253640 1390.9
1253650 1395.8
1253660 1401.0
1253670 1401.0
1253680 1407.2
1253690 1415.3
1253700 1415.3
1253710 1422.5
1253720 1429.9
1253730 1429.9
1253740 1436.8
1253750 1442.6
1253760 1442.6
1253770 1447.6
1253780 1453.4
1253790 1459.9
1253800 1459.9
1253810 1465.4
1253820 1469.7
1253830 1469.7
1253840 1473.5
1253850 1477.1
1253860 1477.1
1253870 1480.7
1253880 1485.0
1253890 1485.0
1253900 1489.7
1253910 1494.7
1253920 1494.7
1253930 1499.5
1253940 1504.2
1253950 1504.2
1253960 1509.0
1253970 1512.9
1253980 1512.9
1253990 1516.7
1254000 1522.8
1254010 1529.1
1254020 1529.1
1254030 1535.7
1254040 1542.6
1254050 1542.6
1254060 1549.2
1254070 1556.4
1254080 1556.4
1254090 1563.7
1254100 1570.7
1254110 1570.7
1254120 1577.4
1254130 1584.6
1254140 1584.6
1254150 1591.3
1254160 1598.3
1254170 1598.3
1254180 1605.0
1254190 1611.2
1254200 1611.2
1254210 1617.4
1254220 1623.0
1254230 1623.0
1254240 1627.8
1254250 1633.5
1254260 1638.8
1254270 1638.8
1254280 1644.0
1254290 1649.0
1254300 1649.0
1254310 1653.6
1254320 1657.8
1254330 1657.8
1254340 1662.3
1254350 1667.2
1254360 1667.2
1254370 1672.2
1254380 1677.4
1254390 1677.4
1254400 1683.1
1254410 1689.1
1254420 1689.1
1254430 1694.9
1254440 1701.0
1254450 1701.0
1254460 1707.4
1254470 1713.9
1254480 1713.9
1254490 1720.4
1254500 1726.9
1254510 1733.8
1254520 1733.8
1254530 1740.4
1254540 1746.9
1254550 1746.9
1254560 1753.2
1254570 1758.7
1254580 1758.7
1254590 1763.3
1254600 1768.2
1254610 1768.2
1254620 1773.2
1254630 1777.9
1254640 1777.9
1254650 1781.4
1254660 1784.8
1254670 1784.8
1254680 1788.4
1254690 1793.4
1254700 1793.4
1254710 1798.6
1254720 1803.7
1254730 1803.7
1254740 1809.7
1254750 1815.9
1254760 1822.2
1254770 1822.2
1254780 1827.4
1254790 1836.5
1254800 1836.5
1254810 1842.4
1254820 1848.3
1254830 1848.3
1254840 1854.2
1254850 1859.3
1254860 1859.3
1254870 1863.5
1254880 1867.7
1254890 1867.7
1254900 1871.2
1254910 1874.3
1254920 1874.3
1254930 1877.1
1254940 1880.0
1254950 1880.0
1254960 1884.0
1254970 1889.0
1254980 1889.0
1254990 1894.4
1255000 1899.4
1255010 1904.4
1255020 1904.4
1255030 1909.9
1255040 1915.4
1255050 1915.4
1255060 1921.4
1255070 1928.4
1255080 1928.4
1255090 1936.1
1255100 1944.8
1255110 1944.8
1255120 1954.0
1255130 1962.7
1255140 1962.7
1255150 1971.6
1255160 1982.2
1255170 1982.2
1255180 1994.5
1255190 2004.8
1255200 2004.8
1255210 2014.9
1255220 2028.0
1255230 2028.0
1255240 2038.8
1255250 2047.7
1255260 2056.5
1255270 2056.5
1255280 2065.1
1255290 2068.9
1255300 2068.9
1255310 2070.8
1255320 2076.8
1255330 2076.8
1255340 2084.4
1255350 2086.5
1255360 2086.5
1255370 2093.4
1255380 2102.1
1255390 2102.1
1255400 2111.4
1255410 2120.3
1255420 2120.3
1255430 2127.7
1255440 2132.9
1255450 2132.9
1255460 2134.2
1255470 2135.6
1255480 2135.6
1255490 2138.9
1255500 2144.2
1255510 2147.3
1255520 2147.3
1255530 2145.8
1255540 2146.2
1255550 2146.2
1255560 2146.6
1255570 2146.5
1255580 2146.5
1255590 2146.1
1255600 2144.5
1255610 2144.5
1255620 2142.3
1255630 2140.1
1255640 2140.1
1255650 2138.0
1255660 2136.8
1255670 2136.8
1255680 2136.4
1255690 2135.2
1255700 2135.2
1255710 2135.6
1255720 2136.9
1255730 2137.0
1255740 2137.0
1255750 2136.4
1255760 2134.9
1255770 2134.9
1255780 2132.9
1255790 2129.4
1255800 2129.4
1255810 2124.3
1255820 2118.2
1255830 2118.2
1255840 2111.9
1255850 2105.8
1255860 2105.8
1255870 2100.6
1255880 2094.7
1255890 2094.7
1255900 2087.2
1255910 2080.8
1255920 2080.8
1255930 2074.6
1255940 2069.4
1255950 2069.4
1255960 2064.9
1255970 2060.5
1255980 2056.1
1255990 2056.1
1256000 2051.1
1256010 2046.8
1256020 2046.8
1256030 2043.4
1256040 2039.4
1256050 2039.4
1256060 2035.2
1256070 2032.0
1256080 2032.0
1256090 2029.0
1256100 2026.1
1256110 2026.1
1256120 2022.3
1256130 2018.0
1256140 2018.0
1256150 2013.9
1256160 2010.2
1256170 2010.2
1256180 2007.6
1256190 2004.0
1256200 2004.0
1256210 2000.5
1256220 1996.0
1256230 1990.4
1256240 1990.4
1256250 1984.4
1256260 1977.3
1256270 1977.3
1256280 1970.1
1256290 1963.1
1256300 1963.1
1256310 1957.5
1256320 1952.3
1256330 1952.3
1256340 1947.3
1256350 1942.5
1256360 1942.5
1256370 1937.3
1256380 1932.2
1256390 1932.2
1256400 1929.0
1256410 1925.8
1256420 1925.8
1256430 1921.8
1256440 1919.0
1256450 1919.0
1256460 1918.0
1256470 1914.8
1256480 1911.2
1256490 1911.2
1256500 1907.2
1256510 1901.8
1256520 1901.8
1256530 1894.6
1256540 1887.8
1256550 1887.8
1256560 1883.6
1256570 1880.6
1256580 1880.6
1256590 1877.7
1256600 1875.2
1256610 1875.2
1256620 1872.7
1256630 1870.0
1256640 1870.0
1256650 1868.4
1256660 1866.4
1256670 1866.4
1256680 1863.5
1256690 1860.4
1256700 1860.4
1256710 1857.8
1256720 1854.5
1256730 1850.9
1256740 1850.9
1256750 1848.2
1256760 1846.0
1256770 1846.0
1256780 1843.5
1256790 1840.9
1256800 1840.9
1256810 1837.2
1256820 1834.4
1256830 1834.4
1256840 1831.9
1256850 1828.2
1256860 1828.2
1256870 1824.4
1256880 1819.7
1256890 1819.7
1256900 1815.1
1256910 1810.3
1256920 1810.3
1256930 1806.5
1256940 1802.7
1256950 1802.7
1256960 1798.2
1256970 1793.6
1256980 1789.6
1256990 1789.6
1257000 1785.4
1257010 1781.2
1257020 1782.8
1257030 1778.6
1257040 1774.2
1257050 1774.2
1257060 1770.0
1257070 1765.9
1257080 1765.9
1257090 1761.7
1257100 1757.8
1257110 1757.8
1257120 1754.6
1257130 1751.5
1257140 1751.5
1257150 1748.5
1257160 1745.5
1257170 1745.5
1257180 1742.7
1257190 1738.6
1257200 1738.6
1257210 1734.9
1257220 1731.1
1257230 1727.7
1257240 1727.7
1257250 1724.2
1257260 1721.0
1257270 1721.0
1257280 1718.0
1257290 1715.2
1257300 1715.2
1257310 1712.1
1257320 1709.0
1257330 1709.0
1257340 1706.6
1257350 1704.8
1257360 1704.8
1257370 1702.9
1257380 1699.1
1257390 1699.1
1257400 1694.7
1257410 1690.3
1257420 1690.3
1257430 1683.9
1257440 1678.1
1257450 1674.4
1257460 1674.4
1257470 1672.3
1257480 1670.6
1257490 1670.6
1257500 1667.2
1257510 1662.4
1257520 1662.4
1257530 1658.2
1257540 1654.1
1257550 1654.1
1257560 1649.7
1257570 1647.8
1257580 1647.8
1257590 1642.7
1257600 1637.9
1257610 1637.9
1257620 1632.7
1257630 1626.6
1257640 1626.6
1257650 1620.1
1257660 1614.8
1257670 1614.8
1257680 1612.2
1257690 1610.5
1257700 1608.7
1257710 1608.7
1257720 1606.5
1257730 1603.6
1257740 1603.6
1257750 1602.4
1257760 1599.0
1257770 1599.0
1257780 1592.2
1257790 1585.1
1257800 1585.1
1257810 1577.7
1257820 1570.3
1257830 1570.3
1257840 1563.6
1257850 1560.9
1257860 1560.9
1257870 1560.1
1257880 1559.6
1257890 1559.6
1257900 1559.6
1257910 1560.3
1257920 1560.3
1257930 1561.7
1257940 1561.9
1257950 1559.7
1257960 1559.7
1257970 1556.4
1257980 1551.8
1257990 1551.8
1258000 1548.1
1258010 1542.3
1258020 1542.3
1258030 1534.6
1258040 1527.9
1258050 1527.9
1258060 1525.7
1258070 1529.7
1258080 1529.7
1258090 1532.8
1258100 1534.5
1258110 1534.5
1258120 1534.8
1258130 1534.9
1258140 1534.9
1258150 1536.2
1258160 1540.3
1258170 1540.3
1258180 1543.8
1258190 1547.5
1258200 1551.1
1258210 1551.1
1258220 1551.6
1258230 1551.9
1258240 1551.9
1258250 1552.1
1258260 1552.3
1258270 1552.3
1258280 1553.0
1258290 1557.8
1258300 1557.8
1258310 1564.5
1258320 1571.5
1258330 1571.5
1258340 1577.9
1258350 1583.4
1258360 1583.4
1258370 1587.2
1258380 1590.1
1258390 1590.1
1258400 1592.3
1258410 1595.2
1258420 1595.2
1258430 1599.4
1258440 1603.6
1258450 1608.4
1258460 1608.4
1258470 1613.3
1258480 1618.1
1258490 1618.1
1258500 1623.3
1258510 1629.2
1258520 1629.2
1258530 1634.0
1258540 1637.9
1258550 1637.9
1258560 1641.7
1258570 1645.6
1258580 1645.6
1258590 1650.1
1258600 1655.1
1258610 1655.1
1258620 1660.0
1258630 1665.5
1258640 1665.5
1258650 1671.2
1258660 1677.1
1258670 1677.1
1258680 1682.5
1258690 1687.8
1258700 1693.1
1258710 1693.1
1258720 1699.2
1258730 1703.7
1258740 1703.7
1258750 1709.1
1258760 1715.6
1258770 1715.6
1258780 1721.6
1258790 1727.2
1258800 1727.2
1258810 1733.1
1258820 1739.4
1258830 1739.4
1258840 1745.6
1258850 1751.8
1258860 1751.8
1258870 1757.7
1258880 1763.7
1258890 1763.7
1258900 1769.5
1258910 1775.4
1258920 1775.4
1258930 1781.4
1258940 1787.6
1258950 1794.8
1258960 1794.8
1258970 1802.4
1258980 1809.1
1258990 1809.1
1259000 1815.4
1259010 1821.5
1259020 1821.5
1259030 1826.9
1259040 1832.2
1259050 1832.2
1259060 1836.4
1259070 1841.1
1259080 1841.1
1259090 1847.1
1259100 1853.0
1259110 1853.0
1259120 1858.3
1259130 1864.1
1259140 1864.1
1259150 1869.2
1259160 1873.7
1259170 1878.8
1259180 1878.8
1259190 1884.6
1259200 1890.8
1259210 1890.8
1259220 1897.0
1259230 1903.0
1259240 1903.0
1259250 1908.4
1259260 1914.8
1259270 1914.8
1259280 1920.8
1259290 1926.3
1259300 1926.3
1259310 1931.0
1259320 1935.5
1259330 1935.5
1259340 1940.6
1259350 1946.5
1259360 1946.5
1259370 1952.1
1259380 1956.6
1259390 1956.6
1259400 1961.8
1259410 1967.8
1259420 1974.0
1259430 1974.0
1259440 1979.5
1259450 1984.3
1259460 1984.3
1259470 1989.0
1259480 1993.6
1259490 1993.6
1259500 1997.1
1259510 1997.3
1259520 1997.3
1259530 1996.1
1259540 1994.7
1259550 1994.7
1259560 1993.6
1259570 1993.2
1259580 1993.2
1259590 1992.1
1259600 1988.6
1259610 1988.6
1259620 1982.9
1259630 1976.2
1259640 1976.2
1259650 1968.4
1259660 1961.4
1259670 1954.7
1259680 1954.7
1259690 1951.0
1259700 1950.4
1259710 1950.4
1259720 1948.2
1259730 1948.9
1259740 1948.9
1259750 1949.8
1259760 1950.5
1259770 1950.5
1259780 1951.0
1259790 1950.5
1259800 1950.5
1259810 1949.3
1259820 1951.0
1259830 1951.0
1259840 1950.7
1259850 1951.1
1259860 1951.1
1259870 1951.8
1259880 1953.0
1259890 1953.0
1259900 1953.6
1259910 1955.7
1259920 1961.9
1259930 1961.9
1259940 1968.9
1259950 1974.3
1259960 1974.3
1259970 1976.3
1259980 1977.5
1259990 1977.5
