1240000 1818.2
1240010 1818.2
1240020 1811.4
1240030 1804.2
1240040 1797.7
1240050 1791.1
1240060 1786.8
1240070 1786.8
1240080 1782.0
1240090 1781.1
1240100 1781.1
1240110 1782.3
1240120 1784.1
1240130 1784.1
1240140 1789.8
1240150 1796.6
1240160 1796.6
1240170 1802.5
1240180 1807.7
1240190 1807.7
1240200 1813.6
1240210 1820.0
1240220 1820.0
1240230 1827.2
1240240 1835.2
1240250 1842.8
1240260 1842.8
1240270 1850.4
1240280 1856.5
1240290 1856.5
1240300 1856.6
1240310 1854.1
1240320 1854.1
1240330 1851.5
1240340 1850.7
1240350 1850.7
1240360 1849.3
1240370 1847.2
1240380 1847.2
1240390 1848.4
1240400 1852.0
1240410 1852.0
1240420 1854.2
1240430 1854.5
1240440 1854.5
1240450 1857.1
1240460 1863.0
1240470 1863.0
1240480 1870.6
1240490 1874.1
1240500 1872.9
1240510 1872.9
1240520 1869.1
1240530 1864.2
1240540 1864.2
1240550 1859.3
1240560 1849.5
1240570 1849.5
1240580 1845.5
1240590 1843.3
1240600 1843.3
1240610 1845.6
1240620 1848.8
1240630 1848.8
1240640 1852.5
1240650 1856.7
1240660 1856.7
1240670 1862.4
1240680 1868.3
1240690 1868.3
1240700 1872.0
1240710 1874.5
1240720 1874.5
1240730 1877.5
1240740 1880.0
1240750 1881.2
1240760 1881.2
1240770 1882.5
1240780 1884.3
1240790 1884.3
1240800 1886.1
1240810 1888.1
1240820 1888.1
1240830 1889.5
1240840 1890.3
1240850 1890.3
1240860 1890.6
1240870 1890.8
1240880 1890.8
1240890 1890.7
1240900 1890.7
1240910 1890.7
1240920 1890.7
1240930 1890.2
1240940 1890.2
1240950 1889.4
1240960 1886.8
1240970 1886.8
1240980 1882.3
1240990 1879.5
1241000 1877.5
1241010 1877.5
1241020 1876.2
1241030 1874.7
1241040 1874.7
1241050 1873.1
1241060 1871.9
1241070 1871.9
1241080 1867.1
1241090 1865.0
1241100 1865.0
1241110 1863.4
1241120 1861.1
1241130 1861.1
1241140 1856.7
1241150 1852.0
1241160 1852.0
1241170 1846.0
1241180 1839.4
1241190 1839.4
1241200 1834.1
1241210 1835.8
1241220 1835.8
1241230 1840.5
1241240 1844.5
1241250 1846.7
1241260 1846.7
1241270 1847.2
1241280 1846.3
1241290 1846.3
1241300 1845.5
1241310 1843.8
1241320 1843.8
1241330 1842.0
1241340 1840.1
1241350 1840.1
1241360 1837.8
1241370 1835.0
1241380 1835.0
1241390 1832.9
1241400 1832.3
1241410 1832.3
1241420 1831.1
1241430 1829.7
1241440 1829.7
1241450 1828.1
1241460 1825.9
1241470 1825.9
1241480 1824.3
1241490 1823.1
1241500 1822.2
1241510 1822.2
1241520 1821.4
1241530 1821.6
1241540 1821.6
1241550 1821.6
1241560 1819.6
1241570 1819.6
1241580 1816.8
1241590 1812.5
1241600 1809.5
1241610 1804.9
1241620 1800.2
1241630 1800.2
1241640 1794.9
1241650 1790.2
1241660 1790.2
1241670 1787.2
1241680 1784.4
1241690 1784.4
1241700 1780.6
1241710 1775.4
1241720 1775.4
1241730 1769.4
1241740 1762.7
1241750 1755.4
1241760 1755.4
1241770 1748.2
1241780 1740.7
1241790 1740.7
1241800 1733.0
1241810 1726.1
1241820 1726.1
1241830 1720.5
1241840 1716.0
1241850 1716.0
1241860 1711.8
1241870 1706.2
1241880 1706.2
1241890 1699.7
1241900 1693.3
1241910 1693.3
1241920 1685.2
1241930 1677.3
1241940 1677.3
1241950 1670.0
1241960 1662.8
1241970 1662.8
1241980 1665.9
1241990 1675.0
1242000 1681.3
1242010 1681.3
1242020 1686.8
1242030 1687.9
1242040 1687.9
1242050 1690.1
1242060 1693.2
1242070 1693.2
1242080 1691.5
1242090 1688.3
1242100 1688.3
1242110 1682.5
1242120 1673.1
1242130 1668.9
1242140 1657.1
1242150 1645.9
1242160 1645.9
1242170 1647.3
1242180 1654.5
1242190 1654.5
1242200 1661.7
1242210 1668.8
1242220 1677.9
1242230 1677.9
1242240 1687.0
1242250 1696.1
1242260 1696.1
1242270 1705.9
1242280 1716.3
1242290 1716.3
1242300 1724.9
1242310 1728.3
1242320 1728.3
1242330 1730.0
1242340 1734.2
1242350 1734.2
1242360 1736.8
1242370 1736.8
1242380 1736.8
1242390 1735.5
1242400 1734.3
1242410 1734.3
1242420 1733.0
1242430 1732.1
1242440 1732.1
1242450 1731.5
1242460 1730.6
1242470 1729.5
1242480 1729.5
1242490 1728.6
1242500 1727.6
1242510 1727.6
1242520 1726.4
1242530 1725.2
1242540 1725.2
1242550 1723.4
1242560 1721.7
1242570 1721.7
1242580 1719.7
1242590 1717.2
1242600 1717.2
1242610 1713.8
1242620 1710.7
1242630 1710.7
1242640 1709.2
1242650 1703.1
1242660 1703.1
1242670 1700.4
1242680 1696.3
1242690 1696.3
1242700 1690.9
1242710 1685.1
1242720 1682.8
1242730 1682.8
1242740 1682.9
1242750 1681.3
1242760 1681.3
1242770 1678.1
1242780 1676.8
1242790 1676.8
1242800 1675.1
1242810 1672.9
1242820 1672.9
1242830 1671.6
1242840 1671.5
1242850 1671.5
1242860 1672.4
1242870 1673.0
1242880 1673.0
1242890 1672.7
1242900 1671.3
1242910 1671.3
1242920 1668.0
1242930 1663.5
1242940 1663.5
1242950 1658.7
1242960 1654.0
1242970 1651.1
1242980 1651.1
1242990 1650.3
1243000 1650.3
1243010 1650.3
1243020 1650.0
1243030 1649.2
1243040 1649.2
1243050 1648.2
1243060 1646.7
1243070 1646.7
1243080 1644.7
1243090 1642.1
1243100 1642.1
1243110 1640.6
1243120 1639.3
1243130 1639.3
1243140 1636.7
1243150 1634.0
1243160 1634.0
1243170 1631.2
1243180 1625.1
1243190 1625.1
1243200 1622.1
1243210 1617.9
1243220 1611.1
1243230 1611.1
1243240 1602.1
1243250 1592.2
1243260 1592.2
1243270 1581.6
1243280 1571.6
1243290 1571.6
1243300 1561.6
1243310 1550.7
1243320 1550.7
1243330 1541.8
1243340 1541.8
1243350 1541.8
1243360 1547.2
1243370 1547.5
1243380 1547.5
1243390 1542.3
1243400 1540.4
1243410 1540.4
1243420 1546.1
1243430 1552.2
1243440 1552.2
1243450 1559.0
1243460 1565.6
1243470 1571.4
1243480 1571.4
1243490 1575.5
1243500 1574.1
1243510 1574.1
1243520 1569.9
1243530 1565.8
1243540 1565.8
1243550 1561.3
1243560 1559.0
1243570 1559.0
1243580 1557.4
1243590 1555.7
1243600 1555.7
1243610 1551.3
1243620 1544.6
1243630 1544.6
1243640 1539.4
1243650 1537.3
1243660 1537.3
1243670 1533.6
1243680 1527.6
1243690 1527.6
1243700 1514.9
1243710 1511.3
1243720 1508.5
1243730 1508.5
1243740 1504.3
1243750 1500.9
1243760 1500.9
1243770 1497.0
1243780 1492.1
1243790 1492.1
1243800 1486.9
1243810 1481.8
1243820 1481.8
1243830 1477.0
1243840 1472.6
1243850 1472.6
1243860 1468.9
1243870 1462.2
1243880 1462.2
1243890 1453.6
1243900 1443.6
1243910 1443.6
1243920 1436.3
1243930 1436.6
1243940 1436.6
1243950 1438.5
1243960 1438.0
1243970 1434.5
1243980 1434.5
1243990 1431.2
1244000 1429.6
1244010 1429.6
1244020 1426.3
1244030 1422.9
1244040 1422.9
1244050 1420.6
1244060 1419.1
1244070 1419.1
1244080 1417.3
1244090 1415.2
1244100 1415.2
1244110 1412.9
1244120 1410.0
1244130 1410.0
1244140 1406.2
1244150 1401.9
1244160 1401.9
1244170 1397.1
1244180 1391.3
1244190 1391.3
1244200 1386.0
1244210 1384.5
1244220 1382.9
1244230 1376.5
1244240 1373.8
1244250 1370.0
1244260 1370.0
1244270 1365.7
1244280 1361.4
1244290 1361.4
1244300 1357.4
1244310 1354.1
1244320 1354.1
1244330 1350.6
1244340 1347.1
1244350 1347.1
1244360 1347.1
1244370 1345.3
1244380 1345.3
1244390 1341.9
1244400 1335.5
1244410 1335.5
1244420 1329.0
1244430 1327.6
1244440 1327.6
1244450 1328.6
1244460 1325.5
1244470 1323.3
1244480 1323.3
1244490 1322.0
1244500 1320.0
1244510 1320.0
1244520 1318.0
1244530 1315.9
1244540 1315.9
1244550 1313.5
1244560 1310.9
1244570 1310.9
1244580 1308.7
1244590 1307.1
1244600 1307.1
1244610 1304.6
1244620 1301.2
1244630 1301.2
1244640 1298.2
1244650 1295.7
1244660 1295.7
1244670 1294.6
1244680 1294.2
1244690 1294.2
1244700 1293.1
1244710 1291.3
1244720 1289.9
1244730 1289.9
1244740 1290.3
1244750 1292.0
1244760 1287.6
1244770 1289.8
1244780 1289.8
1244790 1289.8
1244800 1289.9
1244810 1290.6
1244820 1290.6
1244830 1290.2
1244840 1288.6
1244850 1288.6
1244860 1284.9
1244870 1280.9
1244880 1280.9
1244890 1277.1
1244900 1273.7
1244910 1273.7
1244920 1271.1
1244930 1269.5
1244940 1269.5
1244950 1268.8
1244960 1268.3
1244970 1268.3
1244980 1268.3
1244990 1268.4
1245000 1269.0
1245010 1269.0
1245020 1270.3
1245030 1271.3
1245040 1271.3
1245050 1269.7
1245060 1267.4
1245070 1267.4
1245080 1265.5
1245090 1264.3
1245100 1264.3
1245110 1263.5
1245120 1261.8
1245130 1261.8
1245140 1259.7
1245150 1258.6
1245160 1258.6
1245170 1258.4
1245180 1257.4
1245190 1257.4
1245200 1255.7
1245210 1253.4
1245220 1251.0
1245230 1251.0
1245240 1249.2
1245250 1247.4
1245260 1247.4
1245270 1244.9
1245280 1242.3
1245290 1239.7
1245300 1239.5
1245310 1240.6
1245320 1240.6
1245330 1240.7
1245340 1239.2
1245350 1239.2
1245360 1237.0
1245370 1234.7
1245380 1234.7
1245390 1232.8
1245400 1232.0
1245410 1232.0
1245420 1230.9
1245430 1228.4
1245440 1228.4
1245450 1224.6
1245460 1220.1
1245470 1216.2
1245480 1216.2
1245490 1212.6
1245500 1208.4
1245510 1208.4
1245520 1202.5
1245530 1197.1
1245540 1197.1
1245550 1192.2
1245560 1185.5
1245570 1185.5
1245580 1178.3
1245590 1170.8
1245600 1170.8
1245610 1162.4
1245620 1154.5
1245630 1154.5
1245640 1146.2
1245650 1136.6
1245660 1136.6
1245670 1129.9
1245680 1128.8
1245690 1128.8
1245700 1127.5
1245710 1126.0
1245720 1123.7
1245730 1123.7
1245740 1127.0
1245750 1132.6
1245760 1132.6
1245770 1139.5
1245780 1147.5
1245790 1147.5
1245800 1156.3
1245810 1163.0
1245820 1155.6
1245830 1162.0
1245840 1164.3
1245850 1164.3
1245860 1162.9
1245870 1160.5
1245880 1160.5
1245890 1157.2
1245900 1153.5
1245910 1153.5
1245920 1147.5
1245930 1140.1
1245940 1140.1
1245950 1132.9
1245960 1126.6
1245970 1121.6
1245980 1121.6
1245990 1117.1
1246000 1112.3
1246010 1112.3
1246020 1107.9
1246030 1104.1
1246040 1104.1
1246050 1100.9
1246060 1098.0
1246070 1098.0
1246080 1095.5
1246090 1093.2
1246100 1093.2
1246110 1090.4
1246120 1086.9
1246130 1086.9
1246140 1083.0
1246150 1079.5
1246160 1079.5
1246170 1077.2
1246180 1075.3
1246190 1075.3
1246200 1072.9
1246210 1071.1
1246220 1069.7
1246230 1069.7
1246240 1068.2
1246250 1066.1
1246260 1066.1
1246270 1062.5
1246280 1055.9
1246290 1055.9
1246300 1049.7
1246310 1045.4
1246320 1045.4
1246330 1041.5
1246340 1037.6
1246350 1037.6
1246360 1035.2
1246370 1034.1
1246380 1034.1
1246390 1033.3
1246400 1032.9
1246410 1032.9
1246420 1031.8
1246430 1030.7
1246440 1029.9
1246450 1029.9
1246460 1029.1
1246470 1028.7
1246480 1028.7
1246490 1028.2
1246500 1026.3
1246510 1026.3
1246520 1025.0
1246530 1026.3
1246540 1026.3
1246550 1026.5
1246560 1027.5
1246570 1027.5
1246580 1027.5
1246590 1028.0
1246600 1028.0
1246610 1030.5
1246620 1033.7
1246630 1033.7
1246640 1035.5
1246650 1037.8
1246660 1037.8
1246670 1041.9
1246680 1045.3
1246690 1047.7
1246700 1047.7
1246710 1050.8
1246720 1054.2
1246730 1054.2
1246740 1058.5
1246750 1062.9
1246760 1062.9
1246770 1065.7
1246780 1063.5
1246790 1063.5
1246800 1064.8
1246810 1071.9
1246820 1071.9
1246830 1080.3
1246840 1086.5
1246850 1086.5
1246860 1089.1
1246870 1090.0
1246880 1090.0
1246890 1100.6
1246900 1106.0
1246910 1106.0
1246920 1110.4
1246930 1113.6
1246940 1117.1
1246950 1117.1
1246960 1120.3
1246970 1123.8
1246980 1123.8
1246990 1127.1
1247000 1129.3
1247010 1129.3
1247020 1132.0
1247030 1136.4
1247040 1136.4
1247050 1139.0
1247060 1141.0
1247070 1141.0
1247080 1142.5
1247090 1144.3
1247100 1144.3
1247110 1146.9
1247120 1149.4
1247130 1149.4
1247140 1152.1
1247150 1155.1
1247160 1155.1
1247170 1157.5
1247180 1157.7
1247190 1160.2
1247200 1160.2
1247210 1165.0
1247220 1166.2
1247230 1166.2
1247240 1168.5
1247250 1172.3
1247260 1172.3
1247270 1175.5
1247280 1176.3
1247290 1176.3
1247300 1176.3
1247310 1176.9
1247320 1176.9
1247330 1178.4
1247340 1181.4
1247350 1181.4
1247360 1183.6
1247370 1185.3
1247380 1185.3
1247390 1187.3
1247400 1189.1
1247410 1189.1
1247420 1193.0
1247430 1198.6
1247440 1191.3
1247450 1191.3
1247460 1184.2
1247470 1178.5
1247480 1178.5
1247490 1174.4
1247500 1167.7
1247510 1167.7
1247520 1158.3
1247530 1153.5
1247540 1153.5
1247550 1158.2
1247560 1167.5
1247570 1167.5
1247580 1177.3
1247590 1187.2
1247600 1187.2
1247610 1196.0
1247620 1204.8
1247630 1204.8
1247640 1212.4
1247650 1215.0
1247660 1215.0
1247670 1214.5
1247680 1213.2
1247690 1212.5
1247700 1212.5
1247710 1211.9
1247720 1211.1
1247730 1211.1
1247740 1211.5
1247750 1211.4
1247760 1211.4
1247770 1211.6
1247780 1212.3
1247790 1212.3
1247800 1212.9
1247810 1213.8
1247820 1213.8
1247830 1214.6
1247840 1215.4
1247850 1215.4
1247860 1216.1
1247870 1216.5
1247880 1216.5
1247890 1217.1
1247900 1217.7
1247910 1217.7
1247920 1218.0
1247930 1218.1
1247940 1217.7
1247950 1217.7
1247960 1222.2
1247970 1222.3
1247980 1222.3
1247990 1221.9
1248000 1220.8
1248010 1220.8
1248020 1220.1
1248030 1219.7
1248040 1219.7
1248050 1218.6
1248060 1217.3
1248070 1217.3
1248080 1215.2
1248090 1211.5
1248100 1211.5
1248110 1207.7
1248120 1203.2
1248130 1203.2
1248140 1198.6
1248150 1193.8
1248160 1193.8
1248170 1189.2
1248180 1185.1
1248190 1181.1
1248200 1181.1
1248210 1176.1
1248220 1170.3
1248230 1170.3
1248240 1164.8
1248250 1158.6
1248260 1158.6
1248270 1151.2
1248280 1143.0
1248290 1143.0
1248300 1134.3
1248310 1124.3
1248320 1124.3
1248330 1110.5
1248340 1099.7
1248350 1099.7
1248360 1090.8
1248370 1080.7
1248380 1080.7
1248390 1074.9
1248400 1072.4
1248410 1072.4
1248420 1069.3
1248430 1065.9
1248440 1061.4
1248450 1061.4
1248460 1056.0
1248470 1051.6
1248480 1051.6
1248490 1047.0
1248500 1046.3
1248510 1046.3
1248520 1039.5
1248530 1033.3
1248540 1033.3
1248550 1028.2
1248560 1025.6
1248570 1025.6
1248580 1024.8
1248590 1021.4
1248600 1021.4
1248610 1022.0
1248620 1025.6
1248630 1025.6
1248640 1029.0
1248650 1035.6
1248660 1035.6
1248670 1043.5
1248680 1050.3
1248690 1056.6
1248700 1056.6
1248710 1063.2
1248720 1069.6
1248730 1069.6
1248740 1075.5
1248750 1079.7
1248760 1079.7
1248770 1083.0
1248780 1085.4
1248790 1085.4
1248800 1089.8
1248810 1095.1
1248820 1095.1
1248830 1102.0
1248840 1109.2
1248850 1109.2
1248860 1117.1
1248870 1126.4
1248880 1126.4
1248890 1134.2
1248900 1142.9
1248910 1142.9
1248920 1150.2
1248930 1157.4
1248940 1163.7
1248950 1163.7
1248960 1168.6
1248970 1174.9
1248980 1174.9
1248990 1181.6
1249000 1185.9
1249010 1185.9
1249020 1188.3
1249030 1191.7
1249040 1192.5
1249050 1196.5
1249060 1201.0
1249070 1201.0
1249080 1205.5
1249090 1210.0
1249100 1210.0
1249110 1214.3
1249120 1219.2
1249130 1219.2
1249140 1224.7
1249150 1230.7
1249160 1230.7
1249170 1236.4
1249180 1242.3
1249190 1248.0
1249200 1248.0
1249210 1253.5
1249220 1259.2
1249230 1259.2
1249240 1264.7
1249250 1269.5
1249260 1269.5
1249270 1274.4
1249280 1279.3
1249290 1279.3
1249300 1284.1
1249310 1289.3
1249320 1289.3
1249330 1294.6
1249340 1300.0
1249350 1300.0
1249360 1304.8
1249370 1309.7
1249380 1309.7
1249390 1314.2
1249400 1318.5
1249410 1318.5
1249420 1322.7
1249430 1327.2
1249440 1331.6
1249450 1331.6
1249460 1335.5
1249470 1340.0
1249480 1340.0
1249490 1344.2
1249500 1347.9
1249510 1347.9
1249520 1350.7
1249530 1353.6
1249540 1353.6
1249550 1356.9
1249560 1360.3
1249570 1360.3
1249580 1366.2
1249590 1369.9
1249600 1369.9
1249610 1373.7
1249620 1376.9
1249630 1376.9
1249640 1379.3
1249650 1382.5
1249660 1382.5
1249670 1386.3
1249680 1390.2
1249690 1394.2
1249700 1394.2
1249710 1398.7
1249720 1403.5
1249730 1403.5
1249740 1408.1
1249750 1412.3
1249760 1412.3
1249770 1415.5
1249780 1419.1
1249790 1419.1
1249800 1423.2
1249810 1427.3
1249820 1427.3
1249830 1431.2
1249840 1435.3
1249850 1435.3
1249860 1439.2
1249870 1442.9
1249880 1442.9
1249890 1446.8
1249900 1450.7
1249910 1450.7
1249920 1453.9
1249930 1456.9
1249940 1460.9
1249950 1460.9
1249960 1465.5
1249970 1469.9
1249980 1469.9
1249990 1474.5
1250000 1478.8
1250010 1478.8
1250020 1482.7
1250030 1486.9
1250040 1486.9
1250050 1491.0
1250060 1495.1
1250070 1495.1
1250080 1499.4
1250090 1503.1
1250100 1503.1
1250110 1506.8
1250120 1518.0
1250130 1518.0
1250140 1519.2
1250150 1522.4
1250160 1522.4
1250170 1524.7
1250180 1526.5
1250190 1528.6
1250200 1528.6
1250210 1532.1
1250220 1536.5
1250230 1536.5
1250240 1541.8
1250250 1546.5
1250260 1546.5
1250270 1551.0
1250280 1554.9
1250290 1554.9
1250300 1558.6
1250310 1561.0
1250320 1561.0
1250330 1559.8
1250340 1556.8
1250350 1556.8
1250360 1554.9
1250370 1554.7
1250380 1554.7
1250390 1555.7
1250400 1555.6
1250410 1552.4
1250420 1552.4
1250430 1551.6
1250440 1554.0
1250450 1554.0
1250460 1558.2
1250470 1562.0
1250480 1562.0
1250490 1564.1
1250500 1564.3
1250510 1564.3
1250520 1563.6
1250530 1561.7
1250540 1561.7
1250550 1559.4
1250560 1558.5
1250570 1558.5
1250580 1557.1
1250590 1554.9
1250600 1554.9
1250610 1557.0
1250620 1563.4
1250630 1563.4
1250640 1572.2
1250650 1581.0
1250660 1589.9
1250670 1589.9
1250680 1598.7
1250690 1607.1
1250700 1607.1
1250710 1614.5
1250720 1620.7
1250730 1620.7
1250740 1626.9
1250750 1632.8
1250760 1632.8
1250770 1637.9
1250780 1643.1
1250790 1643.1
1250800 1648.5
1250810 1653.0
1250820 1653.0
1250830 1657.5
1250840 1662.2
1250850 1662.2
1250860 1666.1
1250870 1669.7
1250880 1669.7
1250890 1673.7
1250900 1678.4
1250910 1683.6
1250920 1683.6
1250930 1689.2
1250940 1694.9
1250950 1694.9
1250960 1699.7
1250970 1704.2
1250980 1704.2
1250990 1708.5
1251000 1712.4
1251010 1712.4
1251020 1717.1
1251030 1721.8
1251040 1721.8
1251050 1726.3
1251060 1727.8
1251070 1727.8
1251080 1726.4
1251090 1726.6
1251100 1726.6
1251110 1727.4
1251120 1729.3
1251130 1729.3
1251140 1732.2
1251150 1736.8
1251160 1741.5
1251170 1741.5
1251180 1745.0
1251190 1747.6
1251200 1753.5
1251210 1753.5
1251220 1750.4
1251230 1750.4
1251240 1747.7
1251250 1746.1
1251260 1746.1
1251270 1745.8
1251280 1745.3
1251290 1745.3
1251300 1744.3
1251310 1742.4
1251320 1742.4
1251330 1744.6
1251340 1752.1
1251350 1752.1
1251360 1761.9
1251370 1770.3
1251380 1770.3
1251390 1776.6
1251400 1780.2
1251410 1783.5
1251420 1783.5
1251430 1786.6
1251440 1790.1
1251450 1790.1
1251460 1793.6
1251470 1796.6
1251480 1796.6
1251490 1800.7
1251500 1805.8
1251510 1805.8
1251520 1811.1
1251530 1816.1
1251540 1816.1
1251550 1820.9
1251560 1825.9
1251570 1825.9
1251580 1831.6
1251590 1837.3
1251600 1837.3
1251610 1843.0
1251620 1848.9
1251630 1848.9
1251640 1854.3
1251650 1858.2
1251660 1861.0
1251670 1861.0
1251680 1861.4
1251690 1859.1
1251700 1859.1
1251710 1854.7
1251720 1850.5
1251730 1850.5
1251740 1846.8
1251750 1849.5
1251760 1849.5
1251770 1848.6
1251780 1847.8
1251790 1847.8
1251800 1846.0
1251810 1844.1
1251820 1844.1
1251830 1842.3
1251840 1839.9
1251850 1839.9
1251860 1834.7
1251870 1827.8
1251880 1827.8
1251890 1821.1
1251900 1813.9
1251910 1808.1
1251920 1808.1
1251930 1802.7
1251940 1797.2
1251950 1797.2
1251960 1790.9
1251970 1784.4
1251980 1784.4
1251990 1778.2
1252000 1771.5
1252010 1771.5
1252020 1764.8
1252030 1758.3
1252040 1758.3
1252050 1753.4
1252060 1750.2
1252070 1750.2
1252080 1747.3
1252090 1743.0
1252100 1743.0
1252110 1738.8
1252120 1736.0
1252130 1736.0
1252140 1734.1
1252150 1729.6
1252160 1721.5
1252170 1721.5
1252180 1713.3
1252190 1706.9
1252200 1706.9
1252210 1701.1
1252220 1696.0
1252230 1696.0
1252240 1690.3
1252250 1685.4
1252260 1685.4
1252270 1679.6
1252280 1672.7
1252290 1672.7
1252300 1672.5
1252310 1666.6
1252320 1666.6
1252330 1661.3
1252340 1655.2
1252350 1655.2
1252360 1648.7
1252370 1642.1
1252380 1642.1
1252390 1635.5
1252400 1628.3
1252410 1621.1
1252420 1621.1
1252430 1613.8
1252440 1604.8
1252450 1604.8
1252460 1593.7
1252470 1583.5
1252480 1583.5
1252490 1574.6
1252500 1566.3
1252510 1566.3
1252520 1558.6
1252530 1549.6
1252540 1549.6
1252550 1539.8
1252560 1531.2
1252570 1531.2
1252580 1523.1
1252590 1514.9
1252600 1514.9
1252610 1507.0
1252620 1499.4
1252630 1499.4
1252640 1492.6
1252650 1486.4
1252660 1480.2
1252670 1480.2
1252680 1473.6
1252690 1466.9
1252700 1466.9
1252710 1460.6
1252720 1454.4
1252730 1454.4
1252740 1448.1
1252750 1441.4
1252760 1441.4
1252770 1433.8
1252780 1426.2
1252790 1426.2
1252800 1418.2
1252810 1410.7
1252820 1410.7
1252830 1404.0
1252840 1402.0
1252850 1402.0
1252860 1396.6
1252870 1390.3
1252880 1390.3
1252890 1384.1
1252900 1377.0
1252910 1369.3
1252920 1369.3
1252930 1361.7
1252940 1353.9
1252950 1353.9
1252960 1346.7
1252970 1339.7
1252980 1339.7
1252990 1331.7
1253000 1324.2
1253010 1324.2
1253020 1318.1
1253030 1311.1
1253040 1311.1
1253050 1304.7
1253060 1298.5
1253070 1298.5
1253080 1292.0
1253090 1285.7
1253100 1285.7
1253110 1279.9
1253120 1274.5
1253130 1274.5
1253140 1269.2
1253150 1264.6
1253160 1261.2
1253170 1261.2
1253180 1258.6
1253190 1256.0
1253200 1256.0
1253210 1253.8
1253220 1252.2
1253230 1252.2
1253240 1248.4
1253250 1242.9
1253260 1242.9
1253270 1237.8
1253280 1233.2
1253290 1233.2
1253300 1229.2
1253310 1225.1
1253320 1225.1
1253330 1220.7
1253340 1214.5
1253350 1214.5
1253360 1207.1
1253370 1205.0
1253380 1205.0
1253390 1205.9
1253400 1204.3
1253410 1202.8
1253420 1202.8
1253430 1203.5
1253440 1204.4
1253450 1204.4
1253460 1204.7
1253470 1207.2
1253480 1207.2
1253490 1213.8
1253500 1221.5
1253510 1221.5
1253520 1229.1
1253530 1236.7
1253540 1236.7
1253550 1244.0
1253560 1252.4
1253570 1252.4
1253580 1260.3
1253590 1265.8
1253600 1265.8
1253610 1271.4
1253620 1276.2
1253630 1276.2
1253640 1281.0
1253650 1285.6
1253660 1290.6
1253670 1290.6
1253680 1296.4
1253690 1302.1
1253700 1302.1
1253710 1307.5
1253720 1313.0
1253730 1313.0
1253740 1318.1
1253750 1323.7
1253760 1323.7
1253770 1329.2
1253780 1333.9
1253790 1333.9
1253800 1338.8
1253810 1344.1
1253820 1344.1
1253830 1349.3
1253840 1355.1
1253850 1355.1
1253860 1361.0
1253870 1368.2
1253880 1375.3
1253890 1375.3
1253900 1382.3
1253910 1389.3
1253920 1389.3
1253930 1396.3
1253940 1402.3
1253950 1402.3
1253960 1410.0
1253970 1418.2
1253980 1418.2
1253990 1426.7
1254000 1434.8
1254010 1434.8
1254020 1443.2
1254030 1450.9
1254040 1450.9
1254050 1458.1
1254060 1464.9
1254070 1464.9
1254080 1472.0
1254090 1478.9
1254100 1478.9
1254110 1485.5
1254120 1492.3
1254130 1499.3
1254140 1499.3
1254150 1506.6
1254160 1513.6
1254170 1513.6
1254180 1520.7
1254190 1528.0
1254200 1528.0
1254210 1535.5
1254220 1543.1
1254230 1543.1
1254240 1550.6
1254250 1558.3
1254260 1558.3
1254270 1566.1
1254280 1574.1
1254290 1574.1
1254300 1582.1
1254310 1590.8
1254320 1590.8
1254330 1598.7
1254340 1606.6
1254350 1606.6
1254360 1615.0
1254370 1624.1
1254380 1632.1
1254390 1632.1
1254400 1638.3
1254410 1645.3
1254420 1645.3
1254430 1653.7
1254440 1660.4
1254450 1660.4
1254460 1664.8
1254470 1668.8
1254480 1668.8
1254490 1674.6
1254500 1679.9
1254510 1679.9
1254520 1682.9
1254530 1681.5
1254540 1681.5
1254550 1681.7
1254560 1682.0
1254570 1682.0
1254580 1683.1
1254590 1686.1
1254600 1686.1
1254610 1688.8
1254620 1689.7
1254630 1690.2
1254640 1690.2
1254650 1691.0
1254660 1692.1
1254670 1692.1
1254680 1693.0
1254690 1692.1
1254700 1692.1
1254710 1692.9
1254720 1694.4
1254730 1694.4
1254740 1696.5
1254750 1698.5
1254760 1698.5
1254770 1699.5
1254780 1699.9
1254790 1699.9
1254800 1698.4
1254810 1695.4
1254820 1695.4
1254830 1692.8
1254840 1689.2
1254850 1689.2
1254860 1684.1
1254870 1679.5
1254880 1675.9
1254890 1675.9
1254900 1673.2
1254910 1670.6
1254920 1670.6
1254930 1667.6
1254940 1664.6
1254950 1664.6
1254960 1661.5
1254970 1658.5
1254980 1658.5
1254990 1655.5
1255000 1652.5
1255010 1652.5
1255020 1648.8
1255030 1644.3
1255040 1644.3
1255050 1644.0
1255060 1640.9
1255070 1640.9
1255080 1640.1
1255090 1639.4
1255100 1639.4
1255110 1637.2
1255120 1635.0
1255130 1633.5
1255140 1633.5
1255150 1631.9
1255160 1630.2
1255170 1630.2
1255180 1628.9
1255190 1627.4
1255200 1627.4
1255210 1624.9
1255220 1622.4
1255230 1622.4
1255240 1619.9
1255250 1617.0
1255260 1617.0
1255270 1613.9
1255280 1610.4
1255290 1610.4
1255300 1606.9
1255310 1605.4
1255320 1605.4
1255330 1604.5
1255340 1602.4
1255350 1602.4
1255360 1599.4
1255370 1596.5
1255380 1594.2
1255390 1594.2
1255400 1592.2
1255410 1590.6
1255420 1590.6
1255430 1589.9
1255440 1590.9
1255450 1590.9
1255460 1591.0
1255470 1589.9
1255480 1589.9
1255490 1589.3
1255500 1588.5
1255510 1588.5
1255520 1587.5
1255530 1586.9
1255540 1586.9
1255550 1586.1
1255560 1584.7
1255570 1584.7
1255580 1582.3
1255590 1578.8
1255600 1582.0
1255610 1578.7
1255620 1576.9
1255630 1578.0
1255640 1578.0
1255650 1578.9
1255660 1578.1
1255670 1578.1
1255680 1576.3
1255690 1574.2
1255700 1574.2
1255710 1572.6
1255720 1570.9
1255730 1570.9
1255740 1568.7
1255750 1565.6
1255760 1565.6
1255770 1562.9
1255780 1562.0
1255790 1562.0
1255800 1561.7
1255810 1560.6
1255820 1560.6
1255830 1558.5
1255840 1556.6
1255850 1556.6
1255860 1555.4
1255870 1555.8
1255880 1555.5
1255890 1555.5
1255900 1553.4
1255910 1553.0
1255920 1553.0
1255930 1554.1
1255940 1555.4
1255950 1555.4
1255960 1555.7
1255970 1555.9
1255980 1555.9
1255990 1555.9
1256000 1555.4
1256010 1555.4
1256020 1554.4
1256030 1552.1
1256040 1552.1
1256050 1550.1
1256060 1548.4
1256070 1548.4
1256080 1546.3
1256090 1545.9
1256100 1545.9
1256110 1545.7
1256120 1545.6
1256130 1546.8
1256140 1546.8
1256150 1545.6
1256160 1546.0
1256170 1546.0
1256180 1546.2
1256190 1549.5
1256200 1549.5
1256210 1550.5
1256220 1552.8
1256230 1552.8
1256240 1557.3
1256250 1562.2
1256260 1562.2
1256270 1565.9
1256280 1568.6
1256290 1568.6
1256300 1571.8
1256310 1574.2
1256320 1574.2
1256330 1577.6
1256340 1582.6
1256350 1582.6
1256360 1587.4
1256370 1591.6
1256380 1595.1
1256390 1595.1
1256400 1598.9
1256410 1602.4
1256420 1602.4
1256430 1605.3
1256440 1608.0
1256450 1608.0
1256460 1610.6
1256470 1613.0
1256480 1613.0
1256490 1614.5
1256500 1614.6
1256510 1614.6
1256520 1612.8
1256530 1608.8
1256540 1608.8
1256550 1605.1
1256560 1601.3
1256570 1601.3
1256580 1597.0
1256590 1591.9
1256600 1591.9
1256610 1586.6
1256620 1581.3
1256630 1576.2
1256640 1576.2
1256650 1571.0
1256660 1565.4
1256670 1565.4
1256680 1560.0
1256690 1555.2
1256700 1555.2
1256710 1553.5
1256720 1548.6
1256730 1548.6
1256740 1543.9
1256750 1538.6
1256760 1538.6
1256770 1533.6
1256780 1528.9
1256790 1528.9
1256800 1524.8
1256810 1520.0
1256820 1520.0
1256830 1515.5
1256840 1511.1
1256850 1511.1
1256860 1506.7
1256870 1502.1
1256880 1497.6
1256890 1497.6
1256900 1492.7
1256910 1487.9
1256920 1487.9
1256930 1483.3
1256940 1478.1
1256950 1478.1
1256960 1473.9
1256970 1470.4
1256980 1470.4
1256990 1466.4
1257000 1461.4
1257010 1461.4
1257020 1453.9
1257030 1445.4
1257040 1445.4
1257050 1437.5
1257060 1428.6
1257070 1428.6
1257080 1419.9
1257090 1416.6
1257100 1416.6
1257110 1416.5
1257120 1418.5
1257130 1420.5
1257140 1420.5
1257150 1420.4
1257160 1425.1
1257170 1425.1
1257180 1425.8
1257190 1422.4
1257200 1422.4
1257210 1415.3
1257220 1408.4
1257230 1408.4
1257240 1402.2
1257250 1396.1
1257260 1396.1
1257270 1393.8
1257280 1387.5
1257290 1387.5
1257300 1381.2
1257310 1375.9
1257320 1375.9
1257330 1371.9
1257340 1368.2
1257350 1364.8
1257360 1364.8
1257370 1361.9
1257380 1359.3
1257390 1359.3
1257400 1356.5
1257410 1354.5
1257420 1354.5
1257430 1353.7
1257440 1352.3
1257450 1352.3
1257460 1349.8
1257470 1346.0
1257480 1346.0
1257490 1340.7
1257500 1338.6
1257510 1338.6
1257520 1342.3
1257530 1344.4
1257540 1344.4
1257550 1349.1
1257560 1355.7
1257570 1355.7
1257580 1361.7
1257590 1366.0
1257600 1370.7
1257610 1370.7
1257620 1375.5
1257630 1381.1
1257640 1381.1
1257650 1386.2
1257660 1390.6
1257670 1390.6
1257680 1395.2
1257690 1401.4
1257700 1401.4
1257710 1409.2
1257720 1417.7
1257730 1417.7
1257740 1425.4
1257750 1432.4
1257760 1432.4
1257770 1441.2
1257780 1449.6
1257790 1449.6
1257800 1456.5
1257810 1462.3
1257820 1462.3
1257830 1466.9
1257840 1472.0
1257850 1478.8
1257860 1478.8
1257870 1485.8
1257880 1491.5
1257890 1491.5
1257900 1495.0
1257910 1500.7
1257920 1500.7
1257930 1507.8
1257940 1513.2
1257950 1513.2
1257960 1518.6
1257970 1523.9
1257980 1523.9
1257990 1529.2
1258000 1535.2
1258010 1535.2
1258020 1541.1
1258030 1546.1
1258040 1546.1
1258050 1552.2
1258060 1559.3
1258070 1559.3
1258080 1565.1
1258090 1570.2
1258100 1574.5
1258110 1574.5
1258120 1579.2
1258130 1583.9
1258140 1583.9
1258150 1588.6
1258160 1592.9
1258170 1592.9
1258180 1598.0
1258190 1605.0
1258200 1605.0
1258210 1612.5
1258220 1620.3
1258230 1620.3
1258240 1628.2
1258250 1635.1
1258260 1635.1
1258270 1641.5
1258280 1647.9
1258290 1647.9
1258300 1654.4
1258310 1660.9
1258320 1660.9
1258330 1666.9
1258340 1672.9
1258350 1678.8
1258360 1678.8
1258370 1684.4
1258380 1690.2
1258390 1689.9
1258400 1695.9
1258410 1702.1
1258420 1702.1
1258430 1707.4
1258440 1712.2
1258450 1712.2
1258460 1716.7
1258470 1721.7
1258480 1721.7
1258490 1725.3
1258500 1725.3
1258510 1725.3
1258520 1727.1
1258530 1729.3
1258540 1729.3
1258550 1730.7
1258560 1731.8
1258570 1731.8
1258580 1732.6
1258590 1733.4
1258600 1733.9
1258610 1733.9
1258620 1734.2
1258630 1734.6
1258640 1734.6
1258650 1735.8
1258660 1736.5
1258670 1736.5
1258680 1736.7
1258690 1736.9
1258700 1736.9
1258710 1737.6
1258720 1738.4
1258730 1738.4
1258740 1739.0
1258750 1739.4
1258760 1739.4
1258770 1739.8
1258780 1739.7
1258790 1739.7
1258800 1739.2
1258810 1737.9
1258820 1737.9
1258830 1735.3
1258840 1731.5
1258850 1727.6
1258860 1727.6
1258870 1723.0
1258880 1717.2
1258890 1717.2
1258900 1710.7
1258910 1705.1
1258920 1705.1
1258930 1700.8
1258940 1698.3
1258950 1698.3
1258960 1701.2
1258970 1699.5
1258980 1699.5
1258990 1694.7
1259000 1694.9
1259010 1694.9
1259020 1699.9
1259030 1700.9
1259040 1700.9
1259050 1700.8
1259060 1699.2
1259070 1699.2
1259080 1695.1
1259090 1692.2
1259100 1695.7
1259110 1695.7
1259120 1700.6
1259130 1703.8
1259140 1703.8
1259150 1708.0
1259160 1714.0
1259170 1714.0
1259180 1721.0
1259190 1727.6
1259200 1727.6
1259210 1732.1
1259220 1734.4
1259230 1734.4
1259240 1734.8
1259250 1733.6
1259260 1733.6
1259270 1731.3
1259280 1728.4
1259290 1728.4
1259300 1725.4
1259310 1722.0
1259320 1722.0
1259330 1718.9
1259340 1715.8
1259350 1712.1
1259360 1712.1
1259370 1707.8
1259380 1701.5
1259390 1701.5
1259400 1698.2
1259410 1704.2
1259420 1704.2
1259430 1708.8
1259440 1712.4
1259450 1712.4
1259460 1716.2
1259470 1719.6
1259480 1719.6
1259490 1722.5
1259500 1724.4
1259510 1724.4
1259520 1729.4
1259530 1728.2
1259540 1728.2
1259550 1725.4
1259560 1722.8
1259570 1722.8
1259580 1719.8
1259590 1716.3
1259600 1713.0
1259610 1713.0
1259620 1715.9
1259630 1720.4
1259640 1720.4
1259650 1723.2
1259660 1727.2
1259670 1727.2
1259680 1731.4
1259690 1733.1
1259700 1733.1
1259710 1732.9
1259720 1731.7
1259730 1731.7
1259740 1730.5
1259750 1728.6
1259760 1728.6
1259770 1726.3
1259780 1724.1
1259790 1724.1
1259800 1721.5
1259810 1719.0
1259820 1719.0
1259830 1716.3
1259840 1713.0
1259850 1709.7
1259860 1709.7
1259870 1706.2
1259880 1702.7
1259890 1702.7
1259900 1699.4
1259910 1696.4
1259920 1696.4
1259930 1694.1
1259940 1692.5
1259950 1692.5
1259960 1690.3
1259970 1687.7
1259980 1687.7
1259990 1685.4
