1240000 1996.4
1240010 1997.7
1240020 1997.6
1240030 1997.6
1240040 1996.7
1240050 1996.3
1240060 1996.3
1240070 1995.7
1240080 1989.0
1240090 1989.0
1240100 1987.7
1240110 1984.7
1240120 1984.7
1240130 1982.3
1240140 1979.0
1240150 1979.0
1240160 1973.6
1240170 1967.4
1240180 1967.4
1240190 1965.0
1240200 1971.5
1240210 1976.1
1240220 1976.1
1240230 1980.7
1240240 1986.7
1240250 1986.7
1240260 1992.8
1240270 1999.0
1240280 1999.0
1240290 2003.4
1240300 2006.5
1240310 2006.5
1240320 2010.9
1240330 2015.2
1240340 2015.2
1240350 2018.1
1240360 2019.9
1240370 2019.9
1240380 2021.3
1240390 2022.2
1240400 2022.2
1240410 2022.6
1240420 2022.9
1240430 2022.9
1240440 2023.4
1240450 2024.1
1240460 2024.4
1240470 2024.4
1240480 2025.0
1240490 2024.7
1240500 2024.7
1240510 2024.5
1240520 2024.5
1240530 2024.5
1240540 2025.6
1240550 2026.9
1240560 2026.9
1240570 2027.6
1240580 2028.6
1240590 2028.6
1240600 2024.0
1240610 2027.3
1240620 2027.3
1240630 2029.5
1240640 2029.9
1240650 2029.9
1240660 2029.9
1240670 2030.1
1240680 2030.1
1240690 2030.3
1240700 2030.7
1240710 2030.5
1240720 2030.5
1240730 2030.2
1240740 2029.0
1240750 2029.0
1240760 2026.1
1240770 2021.6
1240780 2021.6
1240790 2016.2
1240800 2013.7
1240810 2013.7
1240820 2013.0
1240830 2012.4
1240840 2012.4
1240850 2009.4
1240860 2005.2
1240870 2005.2
1240880 2002.4
1240890 2000.3
1240900 2000.3
1240910 1998.5
1240920 1995.7
1240930 1995.7
1240940 1990.4
1240950 1984.9
1240960 1979.2
1240970 1979.2
1240980 1971.6
1240990 1963.8
1241000 1963.8
1241010 1959.6
1241020 1962.3
1241030 1962.3
1241040 1966.6
1241050 1968.7
1241060 1968.7
1241070 1970.1
1241080 1971.2
1241090 1971.2
1241100 1972.6
1241110 1973.8
1241120 1967.9
1241130 1968.2
1241140 1968.3
1241150 1968.3
1241160 1968.6
1241170 1967.9
1241180 1967.9
1241190 1966.1
1241200 1965.3
1241210 1964.4
1241220 1964.4
1241230 1963.0
1241240 1960.7
1241250 1960.7
1241260 1958.2
1241270 1955.3
1241280 1955.3
1241290 1952.0
1241300 1948.9
1241310 1948.9
1241320 1946.4
1241330 1943.9
1241340 1943.9
1241350 1939.9
1241360 1934.0
1241370 1934.0
1241380 1928.2
1241390 1923.3
1241400 1923.3
1241410 1918.8
1241420 1914.9
1241430 1914.9
1241440 1910.9
1241450 1907.2
1241460 1903.8
1241470 1903.8
1241480 1900.0
1241490 1895.4
1241500 1895.4
1241510 1890.9
1241520 1886.6
1241530 1886.6
1241540 1882.2
1241550 1878.0
1241560 1878.0
1241570 1875.0
1241580 1873.1
1241590 1873.1
1241600 1871.7
1241610 1870.0
1241620 1870.0
1241630 1867.3
1241640 1859.7
1241650 1859.7
1241660 1855.5
1241670 1851.4
1241680 1851.4
1241690 1846.7
1241700 1842.4
1241710 1836.5
1241720 1836.5
1241730 1829.5
1241740 1826.7
1241750 1826.7
1241760 1828.6
1241770 1829.9
1241780 1829.9
1241790 1830.5
1241800 1830.7
1241810 1830.7
1241820 1830.8
1241830 1827.6
1241840 1827.6
1241850 1820.2
1241860 1811.3
1241870 1811.3
1241880 1802.0
1241890 1792.5
1241900 1792.5
1241910 1788.7
1241920 1794.4
1241930 1794.4
1241940 1798.9
1241950 1799.9
1241960 1801.2
1241970 1801.2
1241980 1804.5
1241990 1809.7
1242000 1809.7
1242010 1807.5
1242020 1801.1
1242030 1801.1
1242040 1796.5
1242050 1799.2
1242060 1799.2
1242070 1806.2
1242080 1812.7
1242090 1812.7
1242100 1817.8
1242110 1822.8
1242120 1822.8
1242130 1829.0
1242140 1832.9
1242150 1832.9
1242160 1836.0
1242170 1832.7
1242180 1832.7
1242190 1834.5
1242200 1836.0
1242210 1837.9
1242220 1837.9
1242230 1839.7
1242240 1841.2
1242250 1841.2
1242260 1842.7
1242270 1842.3
1242280 1842.3
1242290 1845.0
1242300 1847.0
1242310 1847.0
1242320 1847.9
1242330 1848.9
1242340 1848.9
1242350 1849.3
1242360 1849.6
1242370 1849.6
1242380 1850.0
1242390 1850.0
1242400 1850.0
1242410 1850.2
1242420 1850.5
1242430 1850.5
1242440 1850.0
1242450 1849.0
1242460 1847.5
1242470 1847.5
1242480 1845.7
1242490 1844.1
1242500 1844.1
1242510 1842.5
1242520 1840.9
1242530 1840.9
1242540 1839.4
1242550 1838.5
1242560 1838.5
1242570 1838.3
1242580 1838.0
1242590 1838.0
1242600 1837.2
1242610 1836.2
1242620 1836.2
1242630 1835.2
1242640 1834.2
1242650 1834.2
1242660 1833.2
1242670 1832.7
1242680 1832.7
1242690 1826.1
1242700 1825.3
1242710 1824.2
1242720 1824.2
1242730 1823.3
1242740 1822.6
1242750 1822.6
1242760 1821.7
1242770 1820.7
1242780 1820.7
1242790 1819.2
1242800 1818.1
1242810 1818.1
1242820 1816.8
1242830 1815.2
1242840 1815.2
1242850 1813.4
1242860 1811.6
1242870 1811.6
1242880 1809.6
1242890 1807.6
1242900 1807.6
1242910 1805.6
1242920 1803.2
1242930 1803.2
1242940 1800.9
1242950 1798.2
1242960 1795.2
1242970 1795.2
1242980 1791.5
1242990 1787.0
1243000 1787.0
1243010 1780.6
1243020 1773.0
1243030 1773.0
1243040 1766.0
1243050 1761.1
1243060 1761.1
1243070 1758.2
1243080 1755.3
1243090 1755.3
1243100 1750.1
1243110 1742.8
1243120 1742.8
1243130 1736.6
1243140 1733.1
1243150 1733.1
1243160 1732.6
1243170 1733.0
1243180 1733.0
1243190 1732.2
1243200 1729.3
1243210 1726.3
1243220 1720.1
1243230 1717.4
1243240 1714.4
1243250 1714.4
1243260 1709.7
1243270 1705.6
1243280 1705.6
1243290 1704.9
1243300 1706.2
1243310 1706.2
1243320 1707.9
1243330 1709.7
1243340 1709.7
1243350 1711.9
1243360 1714.1
1243370 1714.1
1243380 1716.3
1243390 1718.6
1243400 1718.6
1243410 1720.8
1243420 1720.6
1243430 1720.6
1243440 1717.9
1243450 1714.9
1243460 1712.1
1243470 1712.1
1243480 1709.5
1243490 1706.7
1243500 1706.7
1243510 1703.8
1243520 1700.5
1243530 1700.5
1243540 1697.5
1243550 1694.8
1243560 1694.8
1243570 1691.7
1243580 1688.4
1243590 1688.4
1243600 1686.2
1243610 1683.3
1243620 1683.3
1243630 1679.5
1243640 1675.7
1243650 1675.7
1243660 1672.1
1243670 1669.3
1243680 1669.3
1243690 1667.0
1243700 1665.0
1243710 1663.0
1243720 1663.0
1243730 1660.9
1243740 1657.6
1243750 1651.9
1243760 1645.8
1243770 1638.4
1243780 1638.4
1243790 1633.0
1243800 1630.9
1243810 1630.9
1243820 1630.1
1243830 1630.2
1243840 1630.2
1243850 1630.6
1243860 1629.9
1243870 1629.9
1243880 1627.2
1243890 1624.4
1243900 1624.4
1243910 1622.2
1243920 1620.0
1243930 1620.0
1243940 1617.8
1243950 1615.1
1243960 1611.5
1243970 1611.5
1243980 1608.0
1243990 1605.0
1244000 1605.0
1244010 1601.5
1244020 1597.8
1244030 1597.8
1244040 1594.3
1244050 1590.4
1244060 1590.4
1244070 1586.1
1244080 1580.5
1244090 1580.5
1244100 1574.8
1244110 1568.3
1244120 1568.3
1244130 1563.3
1244140 1560.4
1244150 1560.4
1244160 1553.4
1244170 1544.5
1244180 1544.5
1244190 1536.3
1244200 1530.9
1244210 1531.8
1244220 1531.8
1244230 1535.6
1244240 1537.8
1244250 1537.8
1244260 1536.8
1244270 1532.2
1244280 1525.1
1244290 1520.6
1244300 1516.6
1244310 1516.6
1244320 1514.0
1244330 1511.8
1244340 1511.8
1244350 1507.7
1244360 1505.0
1244370 1505.0
1244380 1502.6
1244390 1500.6
1244400 1500.6
1244410 1497.7
1244420 1494.3
1244430 1494.3
1244440 1491.0
1244450 1488.4
1244460 1485.9
1244470 1485.9
1244480 1483.3
1244490 1480.7
1244500 1480.7
1244510 1477.9
1244520 1474.7
1244530 1474.7
1244540 1470.5
1244550 1467.2
1244560 1467.2
1244570 1465.4
1244580 1462.0
1244590 1462.0
1244600 1458.0
1244610 1453.1
1244620 1453.1
1244630 1447.3
1244640 1441.2
1244650 1441.2
1244660 1436.0
1244670 1431.2
1244680 1426.4
1244690 1426.4
1244700 1421.7
1244710 1417.2
1244720 1417.2
1244730 1412.7
1244740 1407.2
1244750 1407.2
1244760 1399.6
1244770 1391.0
1244780 1391.0
1244790 1382.2
1244800 1375.1
1244810 1376.8
1244820 1369.6
1244830 1362.2
1244840 1362.2
1244850 1355.1
1244860 1347.2
1244870 1347.2
1244880 1337.6
1244890 1328.7
1244900 1328.7
1244910 1322.0
1244920 1314.8
1244930 1307.5
1244940 1307.5
1244950 1304.4
1244960 1307.4
1244970 1307.4
1244980 1315.6
1244990 1324.0
1245000 1324.0
1245010 1328.8
1245020 1329.9
1245030 1329.9
1245040 1328.4
1245050 1326.8
1245060 1326.8
1245070 1326.2
1245080 1325.3
1245090 1325.3
1245100 1317.3
1245110 1307.9
1245120 1307.9
1245130 1301.0
1245140 1294.6
1245150 1294.6
1245160 1287.2
1245170 1279.1
1245180 1274.2
1245190 1274.2
1245200 1268.7
1245210 1264.4
1245220 1264.4
1245230 1261.4
1245240 1262.6
1245250 1262.6
1245260 1269.0
1245270 1273.4
1245280 1273.4
1245290 1274.6
1245300 1277.3
1245310 1277.3
1245320 1283.0
1245330 1288.4
1245340 1275.7
1245350 1279.6
1245360 1278.5
1245370 1278.5
1245380 1275.4
1245390 1272.3
1245400 1272.3
1245410 1269.1
1245420 1266.2
1245430 1263.3
1245440 1263.3
1245450 1261.3
1245460 1259.9
1245470 1259.9
1245480 1258.0
1245490 1255.1
1245500 1255.1
1245510 1251.2
1245520 1248.3
1245530 1248.3
1245540 1245.3
1245550 1242.6
1245560 1242.6
1245570 1239.6
1245580 1235.9
1245590 1235.9
1245600 1231.8
1245610 1228.3
1245620 1228.3
1245630 1225.3
1245640 1222.8
1245650 1222.8
1245660 1220.6
1245670 1218.0
1245680 1215.2
1245690 1215.2
1245700 1212.2
1245710 1209.6
1245720 1209.6
1245730 1206.7
1245740 1204.3
1245750 1204.3
1245760 1203.2
1245770 1203.0
1245780 1203.0
1245790 1203.0
1245800 1202.9
1245810 1202.9
1245820 1202.9
1245830 1203.0
1245840 1203.0
1245850 1202.7
1245860 1202.1
1245870 1199.8
1245880 1199.3
1245890 1198.7
1245900 1198.7
1245910 1196.7
1245920 1194.9
1245930 1193.9
1245940 1193.9
1245950 1192.5
1245960 1191.0
1245970 1191.0
1245980 1189.5
1245990 1187.7
1246000 1187.7
1246010 1184.6
1246020 1181.8
1246030 1181.8
1246040 1179.9
1246050 1178.3
1246060 1178.3
1246070 1176.1
1246080 1173.5
1246090 1173.5
1246100 1170.8
1246110 1168.2
1246120 1168.2
1246130 1164.7
1246140 1161.1
1246150 1161.1
1246160 1155.7
1246170 1149.8
1246180 1145.6
1246190 1145.6
1246200 1141.5
1246210 1137.2
1246220 1137.2
1246230 1132.3
1246240 1128.1
1246250 1128.1
1246260 1123.7
1246270 1118.4
1246280 1118.4
1246290 1113.1
1246300 1108.7
1246310 1108.7
1246320 1105.6
1246330 1102.5
1246340 1102.5
1246350 1097.9
1246360 1093.0
1246370 1093.0
1246380 1088.2
1246390 1084.0
1246400 1080.0
1246410 1076.3
1246420 1072.8
1246430 1071.0
1246440 1071.0
1246450 1069.3
1246460 1065.5
1246470 1065.5
1246480 1064.1
1246490 1061.7
1246500 1061.7
1246510 1057.7
1246520 1054.6
1246530 1054.6
1246540 1052.0
1246550 1050.5
1246560 1050.5
1246570 1050.3
1246580 1049.8
1246590 1049.8
1246600 1048.4
1246610 1046.3
1246620 1046.3
1246630 1045.3
1246640 1044.5
1246650 1044.5
1246660 1044.2
1246670 1042.7
1246680 1039.6
1246690 1039.6
1246700 1036.3
1246710 1035.3
1246720 1035.3
1246730 1033.4
1246740 1031.9
1246750 1031.9
1246760 1030.2
1246770 1028.3
1246780 1028.3
1246790 1024.9
1246800 1020.0
1246810 1020.0
1246820 1016.4
1246830 1014.2
1246840 1014.2
1246850 1012.2
1246860 1010.5
1246870 1010.5
1246880 1008.9
1246890 1007.4
1246900 1007.4
1246910 1006.4
1246920 1004.4
1246930 1002.7
1246940 1001.5
1246950 1001.3
1246960 1002.3
1246970 1002.3
1246980 1002.6
1246990 1002.2
1247000 1002.2
1247010 1001.6
1247020 1001.4
1247030 1001.4
1247040 1002.5
1247050 1005.4
1247060 1005.4
1247070 1009.2
1247080 1015.3
1247090 1015.3
1247100 1020.4
1247110 1021.1
1247120 1021.1
1247130 1020.2
1247140 1023.4
1247150 1023.4
1247160 1029.1
1247170 1031.1
1247180 1035.4
1247190 1035.4
1247200 1037.1
1247210 1040.6
1247220 1040.6
1247230 1042.5
1247240 1044.5
1247250 1044.5
1247260 1050.3
1247270 1055.9
1247280 1055.9
1247290 1059.3
1247300 1062.9
1247310 1062.9
1247320 1066.2
1247330 1068.3
1247340 1068.3
1247350 1069.6
1247360 1070.3
1247370 1070.3
1247380 1072.1
1247390 1067.9
1247400 1067.9
1247410 1076.5
1247420 1079.3
1247430 1081.8
1247440 1081.8
1247450 1084.8
1247460 1086.3
1247470 1092.5
1247480 1092.1
1247490 1093.6
1247500 1093.6
1247510 1096.6
1247520 1099.9
1247530 1099.9
1247540 1102.6
1247550 1105.5
1247560 1105.5
1247570 1108.4
1247580 1108.5
1247590 1108.5
1247600 1108.3
1247610 1110.5
1247620 1110.5
1247630 1114.3
1247640 1116.8
1247650 1116.8
1247660 1118.0
1247670 1116.7
1247680 1113.4
1247690 1113.4
1247700 1112.5
1247710 1114.5
1247720 1114.5
1247730 1116.4
1247740 1118.0
1247750 1118.0
1247760 1119.6
1247770 1120.7
1247780 1120.7
1247790 1122.1
1247800 1123.0
1247810 1123.0
1247820 1124.1
1247830 1125.0
1247840 1125.0
1247850 1125.8
1247860 1126.8
1247870 1126.8
1247880 1127.6
1247890 1127.9
1247900 1127.9
1247910 1126.9
1247920 1125.7
1247930 1126.1
1247940 1126.1
1247950 1125.9
1247960 1125.1
1247970 1125.1
1247980 1125.3
1247990 1129.0
1248000 1129.0
1248010 1135.5
1248020 1135.6
1248030 1135.6
1248040 1134.1
1248050 1134.8
1248060 1134.8
1248070 1137.8
1248080 1138.7
1248090 1138.7
1248100 1138.8
1248110 1138.6
1248120 1138.6
1248130 1137.8
1248140 1136.5
1248150 1136.5
1248160 1135.4
1248170 1133.2
1248180 1127.5
1248190 1127.5
1248200 1120.4
1248210 1113.3
1248220 1113.3
1248230 1106.0
1248240 1098.5
1248250 1098.5
1248260 1091.4
1248270 1084.4
1248280 1084.4
1248290 1077.8
1248300 1071.8
1248310 1071.8
1248320 1066.7
1248330 1061.1
1248340 1061.1
1248350 1054.5
1248360 1047.1
1248370 1047.1
1248380 1040.4
1248390 1033.7
1248400 1033.7
1248410 1026.0
1248420 1017.8
1248430 1008.7
1248440 1008.7
1248450 1000.5
1248460 995.1
1248470 995.1
1248480 990.9
1248490 989.5
1248500 989.5
1248510 992.5
1248520 996.5
1248530 996.5
1248540 1004.1
1248550 1008.6
1248560 1008.6
1248570 1012.7
1248580 1019.2
1248590 1019.2
1248600 1027.0
1248610 1035.3
1248620 1035.3
1248630 1043.2
1248640 1050.4
1248650 1050.4
1248660 1056.9
1248670 1062.7
1248680 1068.2
1248690 1068.2
1248700 1073.6
1248710 1079.7
1248720 1079.7
1248730 1085.5
1248740 1091.7
1248750 1091.7
1248760 1098.1
1248770 1104.1
1248780 1104.1
1248790 1108.7
1248800 1115.9
1248810 1115.9
1248820 1122.7
1248830 1129.3
1248840 1129.3
1248850 1137.0
1248860 1144.8
1248870 1144.8
1248880 1151.4
1248890 1156.8
1248900 1156.8
1248910 1159.7
1248920 1160.2
1248930 1160.1
1248940 1160.1
1248950 1159.3
1248960 1158.3
1248970 1158.3
1248980 1157.8
1248990 1157.8
1249000 1157.8
1249010 1157.6
1249020 1157.1
1249030 1157.1
1249040 1156.9
1249050 1158.8
1249060 1158.8
1249070 1159.9
1249080 1160.6
1249090 1163.4
1249100 1163.8
1249110 1163.9
1249120 1163.9
1249130 1163.7
1249140 1165.1
1249150 1165.1
1249160 1168.2
1249170 1171.2
1249180 1174.9
1249190 1174.9
1249200 1178.2
1249210 1181.8
1249220 1181.8
1249230 1185.9
1249240 1189.4
1249250 1189.4
1249260 1192.9
1249270 1196.4
1249280 1196.4
1249290 1199.5
1249300 1203.3
1249310 1203.3
1249320 1207.3
1249330 1211.1
1249340 1211.1
1249350 1214.9
1249360 1219.0
1249370 1219.0
1249380 1222.7
1249390 1226.4
1249400 1226.4
1249410 1230.1
1249420 1234.2
1249430 1238.2
1249440 1238.2
1249450 1241.7
1249460 1245.0
1249470 1245.0
1249480 1249.2
1249490 1253.1
1249500 1253.1
1249510 1256.6
1249520 1259.7
1249530 1259.7
1249540 1263.3
1249550 1266.9
1249560 1266.9
1249570 1270.2
1249580 1273.2
1249590 1273.2
1249600 1276.5
1249610 1279.2
1249620 1279.2
1249630 1286.9
1249640 1289.8
1249650 1289.8
1249660 1292.0
1249670 1294.6
1249680 1298.1
1249690 1298.1
1249700 1300.7
1249710 1303.3
1249720 1303.3
1249730 1305.9
1249740 1309.5
1249750 1309.5
1249760 1311.9
1249770 1313.8
1249780 1313.8
1249790 1315.1
1249800 1317.7
1249810 1317.7
1249820 1320.7
1249830 1323.5
1249840 1323.5
1249850 1326.4
1249860 1328.8
1249870 1328.8
1249880 1331.1
1249890 1332.4
1249900 1332.4
1249910 1336.1
1249920 1338.3
1249930 1341.8
1249940 1341.8
1249950 1343.4
1249960 1345.1
1249970 1345.1
1249980 1349.8
1249990 1353.0
1250000 1353.0
1250010 1355.1
1250020 1357.3
1250030 1357.3
1250040 1359.6
1250050 1361.4
1250060 1361.4
1250070 1362.2
1250080 1362.5
1250090 1362.5
1250100 1365.4
1250110 1368.7
1250120 1368.7
1250130 1371.4
1250140 1372.2
1250150 1372.2
1250160 1374.3
1250170 1381.5
1250180 1383.3
1250190 1383.3
1250200 1385.2
1250210 1386.3
1250220 1386.3
1250230 1385.9
1250240 1386.8
1250250 1386.8
1250260 1388.6
1250270 1389.1
1250280 1389.1
1250290 1388.7
1250300 1390.1
1250310 1390.1
1250320 1391.2
1250330 1389.4
1250340 1389.4
1250350 1386.3
1250360 1386.2
1250370 1386.2
1250380 1391.7
1250390 1399.4
1250400 1406.7
1250410 1406.7
1250420 1412.8
1250430 1416.9
1250440 1416.9
1250450 1418.5
1250460 1419.0
1250470 1419.0
1250480 1423.4
1250490 1429.2
1250500 1429.2
1250510 1437.0
1250520 1444.9
1250530 1444.9
1250540 1451.0
1250550 1455.4
1250560 1455.4
1250570 1460.2
1250580 1465.7
1250590 1465.7
1250600 1471.4
1250610 1476.6
1250620 1476.6
1250630 1481.8
1250640 1487.1
1250650 1491.8
1250660 1491.8
1250670 1496.6
1250680 1502.2
1250690 1502.2
1250700 1507.7
1250710 1517.4
1250720 1517.4
1250730 1523.4
1250740 1529.4
1250750 1529.4
1250760 1534.5
1250770 1538.6
1250780 1538.6
1250790 1542.9
1250800 1546.7
1250810 1546.7
1250820 1550.6
1250830 1555.0
1250840 1555.0
1250850 1559.8
1250860 1562.9
1250870 1562.9
1250880 1563.6
1250890 1564.0
1250900 1562.7
1250910 1562.7
1250920 1558.4
1250930 1556.8
1250940 1556.8
1250950 1557.0
1250960 1558.5
1250970 1558.5
1250980 1559.5
1250990 1557.6
1251000 1557.6
1251010 1554.4
1251020 1554.2
1251030 1554.2
1251040 1556.0
1251050 1560.8
1251060 1560.8
1251070 1565.9
1251080 1569.4
1251090 1569.4
1251100 1572.3
1251110 1574.3
1251120 1574.3
1251130 1575.9
1251140 1577.3
1251150 1578.6
1251160 1578.6
1251170 1580.1
1251180 1580.0
1251190 1580.0
1251200 1578.6
1251210 1582.6
1251220 1582.6
1251230 1589.3
1251240 1595.5
1251250 1598.4
1251260 1604.8
1251270 1610.8
1251280 1610.8
1251290 1616.2
1251300 1621.5
1251310 1621.5
1251320 1627.1
1251330 1632.6
1251340 1632.6
1251350 1637.7
1251360 1641.8
1251370 1641.8
1251380 1646.0
1251390 1650.8
1251400 1655.8
1251410 1655.8
1251420 1660.3
1251430 1665.6
1251440 1665.6
1251450 1671.7
1251460 1678.4
1251470 1678.4
1251480 1685.4
1251490 1692.2
1251500 1692.2
1251510 1699.3
1251520 1706.3
1251530 1706.3
1251540 1713.0
1251550 1719.8
1251560 1719.8
1251570 1726.3
1251580 1732.8
1251590 1732.8
1251600 1739.6
1251610 1746.9
1251620 1746.9
1251630 1754.5
1251640 1762.1
1251650 1769.4
1251660 1769.4
1251670 1776.3
1251680 1781.9
1251690 1781.9
1251700 1786.5
1251710 1790.0
1251720 1790.0
1251730 1792.1
1251740 1792.8
1251750 1792.8
1251760 1792.4
1251770 1790.6
1251780 1790.6
1251790 1787.6
1251800 1779.7
1251810 1779.7
1251820 1772.1
1251830 1764.7
1251840 1764.7
1251850 1755.9
1251860 1748.8
1251870 1748.8
1251880 1741.2
1251890 1734.0
1251900 1726.9
1251910 1726.9
1251920 1720.3
1251930 1714.1
1251940 1714.1
1251950 1706.9
1251960 1700.4
1251970 1700.4
1251980 1693.4
1251990 1685.7
1252000 1685.7
1252010 1678.0
1252020 1670.6
1252030 1670.6
1252040 1662.7
1252050 1655.3
1252060 1655.3
1252070 1648.1
1252080 1641.4
1252090 1641.4
1252100 1635.0
1252110 1628.5
1252120 1628.5
1252130 1621.6
1252140 1615.1
1252150 1608.8
1252160 1608.8
1252170 1603.0
1252180 1596.5
1252190 1596.5
1252200 1590.6
1252210 1585.4
1252220 1585.4
1252230 1579.5
1252240 1573.3
1252250 1573.3
1252260 1567.0
1252270 1560.4
1252280 1560.4
1252290 1553.1
1252300 1544.5
1252310 1544.5
1252320 1534.9
1252330 1525.2
1252340 1521.9
1252350 1512.5
1252360 1503.6
1252370 1503.6
1252380 1495.8
1252390 1488.4
1252400 1479.5
1252410 1479.5
1252420 1471.9
1252430 1465.5
1252440 1465.5
1252450 1459.4
1252460 1453.7
1252470 1453.7
1252480 1448.4
1252490 1442.5
1252500 1442.5
1252510 1436.5
1252520 1432.0
1252530 1432.0
1252540 1427.0
1252550 1423.0
1252560 1423.0
1252570 1418.9
1252580 1414.1
1252590 1414.1
1252600 1408.7
1252610 1401.8
1252620 1401.8
1252630 1394.4
1252640 1388.2
1252650 1382.3
1252660 1382.3
1252670 1377.1
1252680 1371.7
1252690 1371.7
1252700 1367.0
1252710 1362.7
1252720 1362.7
1252730 1358.3
1252740 1354.9
1252750 1354.9
1252760 1352.4
1252770 1348.4
1252780 1348.4
1252790 1342.9
1252800 1336.9
1252810 1336.9
1252820 1330.4
1252830 1323.8
1252840 1323.8
1252850 1318.3
1252860 1311.9
1252870 1311.9
1252880 1305.1
1252890 1299.0
1252900 1292.6
1252910 1292.6
1252920 1286.5
1252930 1280.4
1252940 1280.4
1252950 1275.3
1252960 1270.2
1252970 1270.2
1252980 1265.2
1252990 1260.0
1253000 1260.0
1253010 1254.8
1253020 1249.4
1253030 1249.4
1253040 1243.8
1253050 1238.2
1253060 1238.2
1253070 1232.5
1253080 1226.9
1253090 1226.9
1253100 1221.6
1253110 1216.6
1253120 1216.6
1253130 1211.6
1253140 1206.8
1253150 1201.9
1253160 1201.9
1253170 1196.9
1253180 1191.6
1253190 1191.6
1253200 1185.2
1253210 1178.3
1253220 1178.3
1253230 1171.8
1253240 1169.2
1253250 1169.2
1253260 1169.3
1253270 1169.7
1253280 1169.7
1253290 1169.6
1253300 1169.2
1253310 1169.2
1253320 1169.3
1253330 1168.5
1253340 1168.5
1253350 1168.6
1253360 1169.9
1253370 1169.9
1253380 1172.9
1253390 1179.4
1253400 1185.2
1253410 1185.2
1253420 1188.0
1253430 1193.4
1253440 1190.4
1253450 1197.8
1253460 1204.8
1253470 1204.8
1253480 1210.8
1253490 1215.9
1253500 1215.9
1253510 1221.6
1253520 1227.4
1253530 1227.4
1253540 1233.4
1253550 1239.6
1253560 1239.6
1253570 1246.3
1253580 1253.4
1253590 1253.4
1253600 1261.5
1253610 1269.8
1253620 1269.8
1253630 1277.0
1253640 1283.1
1253650 1287.3
1253660 1287.3
1253670 1291.6
1253680 1297.0
1253690 1297.0
1253700 1302.9
1253710 1309.4
1253720 1309.4
1253730 1316.2
1253740 1322.9
1253750 1322.9
1253760 1328.9
1253770 1334.4
1253780 1334.4
1253790 1340.4
1253800 1346.0
1253810 1346.0
1253820 1352.2
1253830 1358.7
1253840 1358.7
1253850 1365.4
1253860 1371.5
1253870 1371.5
1253880 1378.1
1253890 1385.7
1253900 1394.0
1253910 1394.0
1253920 1400.5
1253930 1406.4
1253940 1406.4
1253950 1412.7
1253960 1420.3
1253970 1420.3
1253980 1427.7
1253990 1436.2
1254000 1436.2
1254010 1444.6
1254020 1453.9
1254030 1453.9
1254040 1463.4
1254050 1471.7
1254060 1471.7
1254070 1480.0
1254080 1488.0
1254090 1488.0
1254100 1496.3
1254110 1505.6
1254120 1505.6
1254130 1515.5
1254140 1524.2
1254150 1532.5
1254160 1532.5
1254170 1540.4
1254180 1548.9
1254190 1548.9
1254200 1557.7
1254210 1566.8
1254220 1566.8
1254230 1575.8
1254240 1584.5
1254250 1584.5
1254260 1591.7
1254270 1597.6
1254280 1597.6
1254290 1602.6
1254300 1607.7
1254310 1607.7
1254320 1612.4
1254330 1615.8
1254340 1615.8
1254350 1618.1
1254360 1620.2
1254370 1620.2
1254380 1622.8
1254390 1626.1
1254400 1627.4
1254410 1627.4
1254420 1625.3
1254430 1622.2
1254440 1622.2
1254450 1621.3
1254460 1620.7
1254470 1620.7
1254480 1620.8
1254490 1621.0
1254500 1621.0
1254510 1621.7
1254520 1622.7
1254530 1622.7
1254540 1625.6
1254550 1626.4
1254560 1626.4
1254570 1625.8
1254580 1624.1
1254590 1624.1
1254600 1623.0
1254610 1622.6
1254620 1622.6
1254630 1622.9
1254640 1623.3
1254650 1621.0
1254660 1621.0
1254670 1618.5
1254680 1615.2
1254690 1615.2
1254700 1611.1
1254710 1606.8
1254720 1606.8
1254730 1602.7
1254740 1600.3
1254750 1600.3
1254760 1599.6
1254770 1599.2
1254780 1599.2
1254790 1598.0
1254800 1595.9
1254810 1595.9
1254820 1593.8
1254830 1592.3
1254840 1592.3
1254850 1590.8
1254860 1589.4
1254870 1589.4
1254880 1587.0
1254890 1585.0
1254900 1583.2
1254910 1583.2
1254920 1581.3
1254930 1579.2
1254940 1579.2
1254950 1576.7
1254960 1573.4
1254970 1573.4
1254980 1571.0
1254990 1569.5
1255000 1569.5
1255010 1567.4
1255020 1564.3
1255030 1564.3
1255040 1560.3
1255050 1556.4
1255060 1556.4
1255070 1552.9
1255080 1549.3
1255090 1550.5
1255100 1547.3
1255110 1545.7
1255120 1545.1
1255130 1545.1
1255140 1544.1
1255150 1541.9
1255160 1541.9
1255170 1538.8
1255180 1534.3
1255190 1534.3
1255200 1530.4
1255210 1529.8
1255220 1529.8
1255230 1529.8
1255240 1528.3
1255250 1528.3
1255260 1526.1
1255270 1525.0
1255280 1525.0
1255290 1523.0
1255300 1520.0
1255310 1520.0
1255320 1517.0
1255330 1515.4
1255340 1515.4
1255350 1513.6
1255360 1510.4
1255370 1507.6
1255380 1507.6
1255390 1504.9
1255400 1503.6
1255410 1503.6
1255420 1502.0
1255430 1502.2
1255440 1502.2
1255450 1501.3
1255460 1500.9
1255470 1500.9
1255480 1501.6
1255490 1502.9
1255500 1502.9
1255510 1503.3
1255520 1503.0
1255530 1503.0
1255540 1501.8
1255550 1500.2
1255560 1500.2
1255570 1498.7
1255580 1497.9
1255590 1497.9
1255600 1497.5
1255610 1497.5
1255620 1498.2
1255630 1498.2
1255640 1498.8
1255650 1502.1
1255660 1502.1
1255670 1501.1
1255680 1500.6
1255690 1500.6
1255700 1500.1
1255710 1499.8
1255720 1499.8
1255730 1499.1
1255740 1496.1
1255750 1496.1
1255760 1491.9
1255770 1489.1
1255780 1489.1
1255790 1489.5
1255800 1492.4
1255810 1492.4
1255820 1495.4
1255830 1497.8
1255840 1497.8
1255850 1497.8
1255860 1496.5
1255870 1493.9
1255880 1493.9
1255890 1490.5
1255900 1488.0
1255910 1488.0
1255920 1487.1
1255930 1484.8
1255940 1484.8
1255950 1480.6
1255960 1477.6
1255970 1477.6
1255980 1478.2
1255990 1479.4
1256000 1479.4
1256010 1481.0
1256020 1481.4
1256030 1481.4
1256040 1480.2
1256050 1477.8
1256060 1477.8
1256070 1473.9
1256080 1467.2
1256090 1467.2
1256100 1461.6
1256110 1457.1
1256120 1453.9
1256130 1453.9
1256140 1450.2
1256150 1447.5
1256160 1447.5
1256170 1450.9
1256180 1456.2
1256190 1456.2
1256200 1465.7
1256210 1471.4
1256220 1471.4
1256230 1478.3
1256240 1484.9
1256250 1484.9
1256260 1490.9
1256270 1496.8
1256280 1496.8
1256290 1502.3
1256300 1507.6
1256310 1507.6
1256320 1512.3
1256330 1516.8
1256340 1516.8
1256350 1520.7
1256360 1523.6
1256370 1526.2
1256380 1526.2
1256390 1528.6
1256400 1529.9
1256410 1529.9
1256420 1530.2
1256430 1529.6
1256440 1529.6
1256450 1528.3
1256460 1526.5
1256470 1526.5
1256480 1524.1
1256490 1520.8
1256500 1520.8
1256510 1517.4
1256520 1513.5
1256530 1513.5
1256540 1508.9
1256550 1504.0
1256560 1504.0
1256570 1499.6
1256580 1495.8
1256590 1495.8
1256600 1491.4
1256610 1486.8
1256620 1481.7
1256630 1481.7
1256640 1477.2
1256650 1472.2
1256660 1472.2
1256670 1467.7
1256680 1462.8
1256690 1462.8
1256700 1457.7
1256710 1453.1
1256720 1453.1
1256730 1448.3
1256740 1442.6
1256750 1442.6
1256760 1442.8
1256770 1439.1
1256780 1439.1
1256790 1435.0
1256800 1431.2
1256810 1431.2
1256820 1425.7
1256830 1418.0
1256840 1418.0
1256850 1412.2
1256860 1408.1
1256870 1404.0
1256880 1404.0
1256890 1398.4
1256900 1392.7
1256910 1392.7
1256920 1386.9
1256930 1380.5
1256940 1380.5
1256950 1373.9
1256960 1368.2
1256970 1368.2
1256980 1363.1
1256990 1359.1
1257000 1359.1
1257010 1356.7
1257020 1354.9
1257030 1354.9
1257040 1354.8
1257050 1355.0
1257060 1355.0
1257070 1354.5
1257080 1353.8
1257090 1353.8
1257100 1350.1
1257110 1342.1
1257120 1335.1
1257130 1335.1
1257140 1331.6
1257150 1331.3
1257160 1331.3
1257170 1329.2
1257180 1327.1
1257190 1327.1
1257200 1323.6
1257210 1317.7
1257220 1317.7
1257230 1315.2
1257240 1313.8
1257250 1313.8
1257260 1309.2
1257270 1305.8
1257280 1305.8
1257290 1303.9
1257300 1301.5
1257310 1301.5
1257320 1300.9
1257330 1300.3
1257340 1300.3
1257350 1302.5
1257360 1303.2
1257370 1305.5
1257380 1305.5
1257390 1310.4
1257400 1315.7
1257410 1315.7
1257420 1322.8
1257430 1334.3
1257440 1334.3
1257450 1345.4
1257460 1353.8
1257470 1353.8
1257480 1361.2
1257490 1368.8
1257500 1368.8
1257510 1376.8
1257520 1384.8
1257530 1384.8
1257540 1391.8
1257550 1398.5
1257560 1398.5
1257570 1405.1
1257580 1410.6
1257590 1410.6
1257600 1416.2
1257610 1422.1
1257620 1427.8
1257630 1427.8
1257640 1433.3
1257650 1437.6
1257660 1437.6
1257670 1441.8
1257680 1446.5
1257690 1446.5
1257700 1452.1
1257710 1457.6
1257720 1457.6
1257730 1462.5
1257740 1466.9
1257750 1466.9
1257760 1470.2
1257770 1477.0
1257780 1477.0
1257790 1483.1
1257800 1489.1
1257810 1489.1
1257820 1494.6
1257830 1500.0
1257840 1500.0
1257850 1505.6
1257860 1511.7
1257870 1518.2
1257880 1516.6
1257890 1522.7
1257900 1528.7
1257910 1528.7
1257920 1534.7
1257930 1540.5
1257940 1540.5
1257950 1546.3
1257960 1552.6
1257970 1552.6
1257980 1559.5
1257990 1566.0
1258000 1566.0
1258010 1572.1
1258020 1578.2
1258030 1578.2
1258040 1584.5
1258050 1591.2
1258060 1591.2
1258070 1598.0
1258080 1604.5
1258090 1604.5
1258100 1611.0
1258110 1617.0
1258120 1622.5
1258130 1622.5
1258140 1626.9
1258150 1631.5
1258160 1631.5
1258170 1637.0
1258180 1642.3
1258190 1642.3
1258200 1647.8
1258210 1653.2
1258220 1653.2
1258230 1656.5
1258240 1658.6
1258250 1658.6
1258260 1660.9
1258270 1663.0
1258280 1663.0
1258290 1664.6
1258300 1666.1
1258310 1666.1
1258320 1667.4
1258330 1668.6
1258340 1668.6
1258350 1670.1
1258360 1671.4
1258370 1672.0
1258380 1672.0
1258390 1671.6
1258400 1672.6
1258410 1672.6
1258420 1672.5
1258430 1672.0
1258440 1674.0
1258450 1673.5
1258460 1673.1
1258470 1673.1
1258480 1673.0
1258490 1672.9
1258500 1672.9
1258510 1673.1
1258520 1673.6
1258530 1673.6
1258540 1673.6
1258550 1672.9
1258560 1672.9
1258570 1672.1
1258580 1670.9
1258590 1670.9
1258600 1670.3
1258610 1669.6
1258620 1669.0
1258630 1669.0
1258640 1669.4
1258650 1669.9
1258660 1669.9
1258670 1669.3
1258680 1667.2
1258690 1667.2
1258700 1663.8
1258710 1660.7
1258720 1660.7
1258730 1658.5
1258740 1656.9
1258750 1656.9
1258760 1655.7
1258770 1654.3
1258780 1654.3
1258790 1651.9
1258800 1648.1
1258810 1648.1
1258820 1643.2
1258830 1637.6
1258840 1637.6
1258850 1631.8
1258860 1627.1
1258870 1622.6
1258880 1622.6
1258890 1618.1
1258900 1613.7
1258910 1613.7
1258920 1610.0
1258930 1605.5
1258940 1605.5
1258950 1600.7
1258960 1595.9
1258970 1595.9
1258980 1592.5
1258990 1588.6
1259000 1592.1
1259010 1587.2
1259020 1582.4
1259030 1582.4
1259040 1578.5
1259050 1574.0
1259060 1574.0
1259070 1570.6
1259080 1564.4
1259090 1564.4
1259100 1557.2
1259110 1557.7
1259120 1567.5
1259130 1567.5
1259140 1572.9
1259150 1575.3
1259160 1575.3
1259170 1576.8
1259180 1576.7
1259190 1576.7
1259200 1579.3
1259210 1582.8
1259220 1582.8
1259230 1583.3
1259240 1582.9
1259250 1582.9
1259260 1581.9
1259270 1580.8
1259280 1580.8
1259290 1580.4
1259300 1578.9
1259310 1578.9
1259320 1576.9
1259330 1576.1
1259340 1576.1
1259350 1576.1
1259360 1570.6
1259370 1571.0
1259380 1571.0
1259390 1581.9
1259400 1591.2
1259410 1591.2
1259420 1600.2
1259430 1608.7
1259440 1608.7
1259450 1616.5
1259460 1623.2
1259470 1623.2
1259480 1629.0
1259490 1634.2
1259500 1634.2
1259510 1638.4
1259520 1642.0
1259530 1642.0
1259540 1645.1
1259550 1648.2
1259560 1648.2
1259570 1651.9
1259580 1652.7
1259590 1652.3
1259600 1652.3
1259610 1650.7
1259620 1648.4
1259630 1648.4
1259640 1646.1
1259650 1643.9
1259660 1643.9
1259670 1641.2
1259680 1638.8
1259690 1638.8
1259700 1636.0
1259710 1633.4
1259720 1633.4
1259730 1631.4
1259740 1629.6
1259750 1629.6
1259760 1627.8
1259770 1626.1
1259780 1626.1
1259790 1624.6
1259800 1622.9
1259810 1622.9
1259820 1621.0
1259830 1619.7
1259840 1618.6
1259850 1618.6
1259860 1616.7
1259870 1614.3
1259880 1614.3
1259890 1612.3
1259900 1612.0
1259910 1612.0
1259920 1612.0
1259930 1611.6
1259940 1611.6
1259950 1610.8
1259960 1609.9
1259970 1609.9
1259980 1609.0
1259990 1608.1
