1240000 2231.8
1240010 2228.8
1240020 2228.8
1240030 2224.3
1240040 2216.9
1240050 2216.9
1240060 2208.5
1240070 2199.1
1240080 2199.1
1240090 2191.4
1240100 2185.6
1240110 2185.6
1240120 2185.5
1240130 2189.1
1240140 2187.5
1240150 2187.5
1240160 2187.8
1240170 2183.5
1240180 2183.5
1240190 2175.2
1240200 2168.1
1240210 2168.1
1240220 2168.5
1240230 2176.7
1240240 2176.7
1240250 2186.2
1240260 2188.4
1240270 2188.4
1240280 2187.5
1240290 2190.7
1240300 2190.7
1240310 2194.9
1240320 2194.1
1240330 2194.1
1240340 2196.5
1240350 2199.1
1240360 2199.1
1240370 2200.4
1240380 2202.3
1240390 2205.3
1240400 2205.3
1240410 2208.8
1240420 2213.0
1240430 2213.0
1240440 2216.2
1240450 2218.8
1240460 2218.8
1240470 2220.5
1240480 2221.3
1240490 2216.0
1240500 2216.7
1240510 2217.2
1240520 2217.2
1240530 2218.2
1240540 2217.9
1240550 2217.9
1240560 2215.7
1240570 2213.4
1240580 2213.4
1240590 2210.4
1240600 2207.0
1240610 2207.0
1240620 2203.3
1240630 2199.9
1240640 2195.8
1240650 2195.8
1240660 2193.2
1240670 2189.6
1240680 2189.6
1240690 2183.8
1240700 2178.3
1240710 2178.3
1240720 2174.3
1240730 2171.4
1240740 2171.4
1240750 2167.8
1240760 2162.9
1240770 2162.9
1240780 2158.6
1240790 2155.9
1240800 2155.9
1240810 2153.0
1240820 2149.9
1240830 2149.9
1240840 2146.7
1240850 2142.6
1240860 2142.6
1240870 2138.4
1240880 2133.7
1240890 2128.9
1240900 2128.9
1240910 2130.0
1240920 2134.0
1240930 2134.0
1240940 2136.5
1240950 2137.6
1240960 2137.6
1240970 2137.8
1240980 2137.5
1240990 2137.5
1241000 2138.2
1241010 2133.6
1241020 2133.6
1241030 2134.1
1241040 2135.6
1241050 2135.6
1241060 2136.2
1241070 2136.0
1241080 2136.0
1241090 2134.9
1241100 2132.6
1241110 2132.6
1241120 2130.1
1241130 2128.0
1241140 2125.9
1241150 2125.9
1241160 2123.5
1241170 2117.9
1241180 2117.9
1241190 2112.5
1241200 2105.8
1241210 2105.8
1241220 2101.7
1241230 2098.9
1241240 2098.9
1241250 2095.9
1241260 2093.0
1241270 2093.0
1241280 2089.4
1241290 2083.9
1241300 2083.9
1241310 2082.5
1241320 2083.9
1241330 2083.9
1241340 2078.7
1241350 2071.2
1241360 2071.2
1241370 2065.2
1241380 2061.0
1241390 2058.1
1241400 2058.1
1241410 2054.9
1241420 2051.2
1241430 2051.2
1241440 2046.1
1241450 2039.1
1241460 2039.1
1241470 2032.3
1241480 2024.2
1241490 2024.2
1241500 2017.4
1241510 2013.3
1241520 2013.3
1241530 2011.8
1241540 2004.4
1241550 2004.4
1241560 2004.5
1241570 2003.5
1241580 2003.5
1241590 2001.1
1241600 1998.2
1241610 1998.2
1241620 1995.5
1241630 1992.5
1241640 1989.2
1241650 1989.2
1241660 1985.5
1241670 1981.4
1241680 1981.4
1241690 1976.6
1241700 1971.7
1241710 1971.7
1241720 1967.3
1241730 1963.5
1241740 1963.5
1241750 1958.8
1241760 1952.8
1241770 1952.8
1241780 1947.1
1241790 1947.2
1241800 1947.2
1241810 1950.5
1241820 1951.9
1241830 1951.9
1241840 1955.4
1241850 1959.4
1241860 1959.4
1241870 1957.9
1241880 1955.3
1241890 1952.8
1241900 1952.8
1241910 1950.4
1241920 1947.2
1241930 1947.2
1241940 1942.8
1241950 1941.0
1241960 1941.0
1241970 1940.3
1241980 1940.3
1241990 1940.3
1242000 1938.4
1242010 1933.3
1242020 1933.3
1242030 1932.5
1242040 1934.7
1242050 1934.7
1242060 1929.7
1242070 1929.2
1242080 1929.2
1242090 1931.0
1242100 1933.5
1242110 1935.9
1242120 1935.9
1242130 1939.6
1242140 1942.8
1242150 1942.8
1242160 1945.8
1242170 1948.8
1242180 1948.8
1242190 1952.4
1242200 1956.2
1242210 1956.2
1242220 1960.0
1242230 1963.5
1242240 1963.5
1242250 1967.4
1242260 1971.5
1242270 1971.5
1242280 1974.5
1242290 1977.8
1242300 1977.8
1242310 1981.2
1242320 1984.2
1242330 1984.2
1242340 1986.9
1242350 1989.2
1242360 1991.5
1242370 1991.5
1242380 1994.2
1242390 1996.6
1242400 1996.6
1242410 1998.6
1242420 2000.6
1242430 2000.6
1242440 2002.4
1242450 2003.9
1242460 2003.9
1242470 2005.5
1242480 2007.0
1242490 2007.0
1242500 2008.2
1242510 2009.4
1242520 2009.4
1242530 2010.2
1242540 2010.8
1242550 2010.8
1242560 2010.2
1242570 2006.5
1242580 2006.5
1242590 1998.2
1242600 1998.0
1242610 1996.2
1242620 1996.2
1242630 1993.5
1242640 1990.3
1242650 1990.3
1242660 1989.6
1242670 1987.8
1242680 1987.8
1242690 1984.7
1242700 1981.9
1242710 1981.9
1242720 1979.3
1242730 1976.2
1242740 1976.2
1242750 1972.8
1242760 1969.6
1242770 1969.6
1242780 1967.2
1242790 1965.0
1242800 1965.0
1242810 1962.5
1242820 1959.8
1242830 1959.8
1242840 1956.3
1242850 1952.6
1242860 1947.6
1242870 1947.6
1242880 1942.5
1242890 1939.0
1242900 1939.0
1242910 1935.2
1242920 1931.5
1242930 1931.5
1242940 1929.6
1242950 1927.9
1242960 1927.9
1242970 1925.7
1242980 1923.6
1242990 1923.6
1243000 1921.7
1243010 1920.4
1243020 1920.4
1243030 1919.2
1243040 1917.6
1243050 1917.6
1243060 1916.6
1243070 1916.0
1243080 1916.0
1243090 1915.3
1243100 1912.9
1243110 1902.1
1243120 1902.1
1243130 1896.9
1243140 1892.7
1243150 1892.7
1243160 1892.0
1243170 1892.7
1243180 1892.7
1243190 1893.5
1243200 1893.6
1243210 1893.6
1243220 1892.6
1243230 1891.4
1243240 1891.4
1243250 1889.3
1243260 1886.1
1243270 1886.1
1243280 1882.4
1243290 1878.6
1243300 1878.6
1243310 1874.8
1243320 1870.9
1243330 1870.9
1243340 1867.2
1243350 1863.6
1243360 1859.5
1243370 1859.5
1243380 1856.0
1243390 1852.7
1243400 1852.7
1243410 1849.0
1243420 1845.6
1243430 1845.6
1243440 1843.3
1243450 1841.5
1243460 1841.5
1243470 1839.7
1243480 1838.2
1243490 1838.2
1243500 1836.3
1243510 1833.4
1243520 1833.4
1243530 1830.1
1243540 1826.7
1243550 1826.7
1243560 1823.5
1243570 1820.2
1243580 1820.2
1243590 1817.1
1243600 1813.7
1243610 1810.7
1243620 1810.7
1243630 1807.8
1243640 1802.0
1243650 1802.0
1243660 1799.5
1243670 1796.9
1243680 1796.9
1243690 1794.0
1243700 1790.9
1243710 1790.9
1243720 1788.1
1243730 1785.0
1243740 1785.0
1243750 1781.6
1243760 1778.1
1243770 1778.1
1243780 1774.6
1243790 1771.1
1243800 1771.1
1243810 1767.9
1243820 1764.7
1243830 1764.7
1243840 1761.2
1243850 1756.8
1243860 1751.9
1243870 1751.9
1243880 1748.3
1243890 1745.0
1243900 1745.0
1243910 1741.8
1243920 1738.0
1243930 1738.0
1243940 1734.3
1243950 1730.8
1243960 1730.8
1243970 1727.3
1243980 1723.5
1243990 1723.5
1244000 1719.6
1244010 1715.8
1244020 1715.8
1244030 1712.1
1244040 1708.0
1244050 1708.0
1244060 1703.0
1244070 1697.4
1244080 1697.4
1244090 1691.3
1244100 1685.6
1244110 1680.6
1244120 1680.6
1244130 1676.1
1244140 1671.1
1244150 1671.1
1244160 1665.8
1244170 1660.1
1244180 1660.1
1244190 1654.6
1244200 1648.5
1244210 1648.5
1244220 1642.5
1244230 1636.0
1244240 1636.0
1244250 1628.9
1244260 1622.0
1244270 1622.0
1244280 1615.3
1244290 1608.4
1244300 1608.4
1244310 1601.6
1244320 1595.2
1244330 1595.2
1244340 1588.4
1244350 1581.6
1244360 1575.6
1244370 1575.6
1244380 1570.3
1244390 1565.9
1244400 1565.9
1244410 1561.5
1244420 1555.9
1244430 1555.9
1244440 1549.8
1244450 1543.5
1244460 1543.5
1244470 1537.3
1244480 1531.2
1244490 1531.2
1244500 1525.1
1244510 1518.7
1244520 1518.7
1244530 1512.1
1244540 1506.1
1244550 1506.1
1244560 1500.2
1244570 1494.7
1244580 1494.7
1244590 1489.2
1244600 1482.8
1244610 1477.7
1244620 1477.7
1244630 1472.8
1244640 1466.3
1244650 1466.3
1244660 1460.5
1244670 1456.4
1244680 1456.4
1244690 1451.7
1244700 1442.4
1244710 1442.4
1244720 1436.5
1244730 1429.8
1244740 1429.8
1244750 1422.8
1244760 1414.4
1244770 1414.4
1244780 1406.1
1244790 1397.2
1244800 1397.2
1244810 1392.9
1244820 1399.2
1244830 1399.2
1244840 1407.6
1244850 1415.9
1244860 1425.2
1244870 1425.2
1244880 1433.8
1244890 1439.9
1244900 1439.9
1244910 1448.1
1244920 1456.0
1244930 1456.0
1244940 1465.3
1244950 1471.9
1244960 1471.9
1244970 1475.6
1244980 1479.2
1244990 1479.2
1245000 1483.2
1245010 1486.2
1245020 1486.2
1245030 1486.7
1245040 1485.3
1245050 1485.3
1245060 1483.5
1245070 1480.7
1245080 1480.7
1245090 1478.3
1245100 1475.8
1245110 1473.5
1245120 1473.5
1245130 1471.6
1245140 1469.5
1245150 1469.5
1245160 1467.0
1245170 1464.5
1245180 1464.5
1245190 1461.7
1245200 1458.8
1245210 1458.8
1245220 1456.1
1245230 1450.3
1245240 1450.3
1245250 1447.0
1245260 1443.7
1245270 1443.7
1245280 1439.9
1245290 1436.7
1245300 1436.7
1245310 1433.7
1245320 1430.4
1245330 1430.4
1245340 1426.7
1245350 1423.3
1245360 1420.5
1245370 1420.5
1245380 1417.4
1245390 1414.1
1245400 1414.1
1245410 1410.6
1245420 1406.4
1245430 1406.4
1245440 1401.6
1245450 1396.5
1245460 1396.5
1245470 1391.2
1245480 1385.6
1245490 1385.6
1245500 1379.7
1245510 1373.8
1245520 1373.8
1245530 1368.4
1245540 1363.0
1245550 1363.0
1245560 1357.4
1245570 1352.6
1245580 1352.6
1245590 1347.7
1245600 1341.5
1245610 1334.5
1245620 1334.5
1245630 1327.6
1245640 1321.2
1245650 1321.2
1245660 1314.2
1245670 1307.2
1245680 1307.2
1245690 1299.1
1245700 1287.2
1245710 1287.2
1245720 1270.6
1245730 1256.6
1245740 1256.6
1245750 1246.1
1245760 1244.6
1245770 1244.6
1245780 1229.7
1245790 1215.6
1245800 1215.6
1245810 1213.1
1245820 1224.1
1245830 1224.1
1245840 1226.7
1245850 1228.1
1245860 1227.6
1245870 1227.6
1245880 1231.9
1245890 1240.5
1245900 1240.5
1245910 1244.5
1245920 1243.8
1245930 1243.8
1245940 1241.5
1245950 1239.9
1245960 1239.9
1245970 1239.7
1245980 1239.5
1245990 1239.5
1246000 1235.0
1246010 1228.4
1246020 1228.4
1246030 1223.3
1246040 1219.4
1246050 1219.4
1246060 1214.7
1246070 1208.5
1246080 1208.5
1246090 1202.3
1246100 1197.9
1246110 1195.3
1246120 1195.3
1246130 1192.2
1246140 1186.6
1246150 1186.6
1246160 1182.5
1246170 1181.9
1246180 1181.9
1246190 1181.6
1246200 1175.7
1246210 1175.7
1246220 1165.8
1246230 1162.6
1246240 1162.6
1246250 1166.5
1246260 1169.2
1246270 1169.2
1246280 1169.0
1246290 1161.2
1246300 1161.2
1246310 1159.1
1246320 1154.0
1246330 1154.0
1246340 1147.7
1246350 1141.4
1246360 1136.1
1246370 1136.1
1246380 1132.0
1246390 1126.1
1246400 1126.1
1246410 1123.1
1246420 1122.8
1246430 1122.8
1246440 1126.0
1246450 1131.5
1246460 1131.5
1246470 1138.3
1246480 1145.0
1246490 1145.0
1246500 1151.2
1246510 1151.6
1246520 1151.6
1246530 1147.7
1246540 1141.1
1246550 1141.1
1246560 1134.5
1246570 1125.5
1246580 1125.5
1246590 1116.8
1246600 1111.2
1246610 1102.7
1246620 1102.7
1246630 1096.8
1246640 1094.1
1246650 1094.1
1246660 1093.3
1246670 1094.7
1246680 1094.7
1246690 1096.8
1246700 1099.5
1246710 1099.5
1246720 1104.6
1246730 1108.0
1246740 1108.0
1246750 1110.6
1246760 1112.3
1246770 1112.3
1246780 1108.1
1246790 1102.4
1246800 1102.4
1246810 1096.6
1246820 1091.3
1246830 1089.2
1246840 1084.2
1246850 1079.7
1246860 1077.1
1246870 1077.1
1246880 1074.1
1246890 1070.4
1246900 1070.4
1246910 1067.6
1246920 1065.3
1246930 1065.3
1246940 1063.3
1246950 1059.8
1246960 1059.8
1246970 1052.5
1246980 1045.3
1246990 1045.3
1247000 1039.0
1247010 1032.5
1247020 1032.5
1247030 1027.2
1247040 1022.4
1247050 1022.4
1247060 1018.1
1247070 1013.2
1247080 1013.2
1247090 1008.0
1247100 1003.1
1247110 999.5
1247120 999.5
1247130 996.9
1247140 994.1
1247150 994.1
1247160 989.7
1247170 986.5
1247180 986.5
1247190 984.2
1247200 981.1
1247210 981.1
1247220 979.0
1247230 979.2
1247240 979.2
1247250 982.7
1247260 987.2
1247270 987.2
1247280 987.8
1247290 987.4
1247300 987.4
1247310 987.4
1247320 986.6
1247330 986.6
1247340 985.8
1247350 984.4
1247360 984.8
1247370 984.8
1247380 984.7
1247390 984.5
1247400 984.5
1247410 983.5
1247420 984.0
1247430 984.0
1247440 983.8
1247450 983.6
1247460 983.6
1247470 982.9
1247480 982.0
1247490 982.0
1247500 981.1
1247510 980.3
1247520 980.3
1247530 979.5
1247540 978.7
1247550 978.7
1247560 978.0
1247570 977.7
1247580 977.7
1247590 977.1
1247600 976.3
1247610 975.3
1247620 975.3
1247630 974.3
1247640 973.0
1247650 973.0
1247660 972.0
1247670 971.1
1247680 971.1
1247690 969.9
1247700 969.0
1247710 969.0
1247720 968.4
1247730 968.1
1247740 968.1
1247750 968.2
1247760 968.2
1247770 968.2
1247780 968.1
1247790 967.7
1247800 967.7
1247810 966.7
1247820 966.1
1247830 966.1
1247840 966.4
1247850 967.5
1247860 968.7
1247870 968.7
1247880 970.4
1247890 973.5
1247900 978.4
1247910 981.8
1247920 984.4
1247930 984.4
1247940 985.3
1247950 988.3
1247960 988.3
1247970 990.7
1247980 992.0
1247990 992.0
1248000 992.6
1248010 993.1
1248020 993.1
1248030 993.1
1248040 993.5
1248050 993.5
1248060 993.4
1248070 993.1
1248080 993.1
1248090 992.4
1248100 992.4
1248110 992.4
1248120 992.4
1248130 992.2
1248140 991.9
1248150 991.9
1248160 991.7
1248170 993.5
1248180 993.5
1248190 995.2
1248200 996.1
1248210 996.1
1248220 994.8
1248230 991.3
1248240 991.3
1248250 987.7
1248260 984.7
1248270 984.7
1248280 982.7
1248290 981.2
1248300 981.2
1248310 980.3
1248320 979.8
1248330 979.8
1248340 979.6
1248350 979.1
1248360 978.7
1248370 978.7
1248380 978.3
1248390 974.1
1248400 974.1
1248410 968.6
1248420 959.3
1248430 959.3
1248440 958.4
1248450 959.0
1248460 959.0
1248470 960.4
1248480 962.7
1248490 962.7
1248500 965.2
1248510 972.7
1248520 972.7
1248530 980.7
1248540 987.2
1248550 987.2
1248560 993.0
1248570 998.4
1248580 998.4
1248590 1003.8
1248600 1008.9
1248610 1014.8
1248620 1014.8
1248630 1018.3
1248640 1020.8
1248650 1020.8
1248660 1024.2
1248670 1028.6
1248680 1028.6
1248690 1034.7
1248700 1042.0
1248710 1042.0
1248720 1050.6
1248730 1058.3
1248740 1058.3
1248750 1064.2
1248760 1068.4
1248770 1068.4
1248780 1072.9
1248790 1080.2
1248800 1080.2
1248810 1088.0
1248820 1095.2
1248830 1095.2
1248840 1101.8
1248850 1107.0
1248860 1108.7
1248870 1108.7
1248880 1108.7
1248890 1108.6
1248900 1108.6
1248910 1107.8
1248920 1106.1
1248930 1106.1
1248940 1103.4
1248950 1101.9
1248960 1101.9
1248970 1101.9
1248980 1105.3
1248990 1105.3
1249000 1105.1
1249010 1104.5
1249020 1104.5
1249030 1103.9
1249040 1103.3
1249050 1103.3
1249060 1103.0
1249070 1102.7
1249080 1102.7
1249090 1102.0
1249100 1101.7
1249110 1101.7
1249120 1101.7
1249130 1102.2
1249140 1102.6
1249150 1102.6
1249160 1103.1
1249170 1104.1
1249180 1104.1
1249190 1105.2
1249200 1106.9
1249210 1106.9
1249220 1109.0
1249230 1110.3
1249240 1110.3
1249250 1111.5
1249260 1112.9
1249270 1112.9
1249280 1114.4
1249290 1116.7
1249300 1116.7
1249310 1119.3
1249320 1121.4
1249330 1121.4
1249340 1123.5
1249350 1125.6
1249360 1127.9
1249370 1127.9
1249380 1130.0
1249390 1131.8
1249400 1131.8
1249410 1134.2
1249420 1136.9
1249430 1136.9
1249440 1139.1
1249450 1141.3
1249460 1141.3
1249470 1143.3
1249480 1145.3
1249490 1145.3
1249500 1147.5
1249510 1149.1
1249520 1151.6
1249530 1153.0
1249540 1153.9
1249550 1153.9
1249560 1155.9
1249570 1159.2
1249580 1159.2
1249590 1163.5
1249600 1167.4
1249610 1169.9
1249620 1169.9
1249630 1171.9
1249640 1172.7
1249650 1172.7
1249660 1173.4
1249670 1171.1
1249680 1171.1
1249690 1170.6
1249700 1174.1
1249710 1174.1
1249720 1180.4
1249730 1184.3
1249740 1184.3
1249750 1188.3
1249760 1192.4
1249770 1192.4
1249780 1195.4
1249790 1198.0
1249800 1198.0
1249810 1200.3
1249820 1202.9
1249830 1202.9
1249840 1206.1
1249850 1209.3
1249860 1212.0
1249870 1212.0
1249880 1215.4
1249890 1217.3
1249900 1217.3
1249910 1216.2
1249920 1217.3
1249930 1217.3
1249940 1223.4
1249950 1229.6
1249960 1229.6
1249970 1231.2
1249980 1230.9
1249990 1230.9
1250000 1228.5
1250010 1224.2
1250020 1224.2
1250030 1223.1
1250040 1224.4
1250050 1224.4
1250060 1229.1
1250070 1228.4
1250080 1228.4
1250090 1224.5
1250100 1229.8
1250110 1239.4
1250120 1239.4
1250130 1246.1
1250140 1251.9
1250150 1251.9
1250160 1257.6
1250170 1262.9
1250180 1262.9
1250190 1264.9
1250200 1263.6
1250210 1263.6
1250220 1260.6
1250230 1259.2
1250240 1259.2
1250250 1263.5
1250260 1269.8
1250270 1269.8
1250280 1276.5
1250290 1281.0
1250300 1281.0
1250310 1284.2
1250320 1287.2
1250330 1287.2
1250340 1289.9
1250350 1293.3
1250360 1296.8
1250370 1296.8
1250380 1300.8
1250390 1305.1
1250400 1305.1
1250410 1309.2
1250420 1311.9
1250430 1311.9
1250440 1315.4
1250450 1320.3
1250460 1320.3
1250470 1325.2
1250480 1329.0
1250490 1329.0
1250500 1332.3
1250510 1335.0
1250520 1335.0
1250530 1338.3
1250540 1343.2
1250550 1343.2
1250560 1348.9
1250570 1354.2
1250580 1354.2
1250590 1357.8
1250600 1364.8
1250610 1367.0
1250620 1367.0
1250630 1368.6
1250640 1370.9
1250650 1370.9
1250660 1374.0
1250670 1378.4
1250680 1378.4
1250690 1383.4
1250700 1387.4
1250710 1387.4
1250720 1389.9
1250730 1389.8
1250740 1389.8
1250750 1388.7
1250760 1389.4
1250770 1389.4
1250780 1388.5
1250790 1387.3
1250800 1387.3
1250810 1388.5
1250820 1387.8
1250830 1387.8
1250840 1384.1
1250850 1383.9
1250860 1391.6
1250870 1391.6
1250880 1398.3
1250890 1403.7
1250900 1403.7
1250910 1409.2
1250920 1414.3
1250930 1414.3
1250940 1418.8
1250950 1425.1
1250960 1425.1
1250970 1433.4
1250980 1441.4
1250990 1441.4
1251000 1448.8
1251010 1455.2
1251020 1455.2
1251030 1460.6
1251040 1466.4
1251050 1466.4
1251060 1472.2
1251070 1478.2
1251080 1478.2
1251090 1484.6
1251100 1490.8
1251110 1497.1
1251120 1497.1
1251130 1503.8
1251140 1511.4
1251150 1511.4
1251160 1518.0
1251170 1524.7
1251180 1524.7
1251190 1532.1
1251200 1540.0
1251210 1540.0
1251220 1547.9
1251230 1555.7
1251240 1555.7
1251250 1563.2
1251260 1569.9
1251270 1569.9
1251280 1575.5
1251290 1580.7
1251300 1580.7
1251310 1586.2
1251320 1591.8
1251330 1591.8
1251340 1596.7
1251350 1600.9
1251360 1604.8
1251370 1604.8
1251380 1608.7
1251390 1612.1
1251400 1612.1
1251410 1615.4
1251420 1618.8
1251430 1618.8
1251440 1623.2
1251450 1627.5
1251460 1627.5
1251470 1631.6
1251480 1635.0
1251490 1635.0
1251500 1638.4
1251510 1640.8
1251520 1640.8
1251530 1642.8
1251540 1645.4
1251550 1645.4
1251560 1648.9
1251570 1652.7
1251580 1656.4
1251590 1656.4
1251600 1659.5
1251610 1661.8
1251620 1661.8
1251630 1663.9
1251640 1665.2
1251650 1665.2
1251660 1665.8
1251670 1666.3
1251680 1666.3
1251690 1672.0
1251700 1673.2
1251710 1673.2
1251720 1675.3
1251730 1677.4
1251740 1677.4
1251750 1678.9
1251760 1679.6
1251770 1679.6
1251780 1680.3
1251790 1681.3
1251800 1681.3
1251810 1680.3
1251820 1675.2
1251830 1667.7
1251840 1667.7
1251850 1660.1
1251860 1652.4
1251870 1652.4
1251880 1644.0
1251890 1635.3
1251900 1635.3
1251910 1626.5
1251920 1616.6
1251930 1616.6
1251940 1606.6
1251950 1597.2
1251960 1597.2
1251970 1589.3
1251980 1582.6
1251990 1582.6
1252000 1576.5
1252010 1569.9
1252020 1569.9
1252030 1562.4
1252040 1554.6
1252050 1554.6
1252060 1550.7
1252070 1549.9
1252080 1549.2
1252090 1549.2
1252100 1546.9
1252110 1541.0
1252120 1541.0
1252130 1534.6
1252140 1531.3
1252150 1531.3
1252160 1527.5
1252170 1525.6
1252180 1525.6
1252190 1526.2
1252200 1524.7
1252210 1524.7
1252220 1522.4
1252230 1529.1
1252240 1529.1
1252250 1522.7
1252260 1516.6
1252270 1516.6
1252280 1506.7
1252290 1499.8
1252300 1499.8
1252310 1493.5
1252320 1485.6
1252330 1478.0
1252340 1478.0
1252350 1470.2
1252360 1462.2
1252370 1462.2
1252380 1454.2
1252390 1446.5
1252400 1446.5
1252410 1438.1
1252420 1429.7
1252430 1429.7
1252440 1421.5
1252450 1413.1
1252460 1413.1
1252470 1404.3
1252480 1395.4
1252490 1395.4
1252500 1384.9
1252510 1376.4
1252520 1376.4
1252530 1372.1
1252540 1366.7
1252550 1366.7
1252560 1358.5
1252570 1350.7
1252580 1343.9
1252590 1343.9
1252600 1337.4
1252610 1331.5
1252620 1331.5
1252630 1325.5
1252640 1319.4
1252650 1319.4
1252660 1313.0
1252670 1305.3
1252680 1305.3
1252690 1297.0
1252700 1290.9
1252710 1290.9
1252720 1284.0
1252730 1276.1
1252740 1276.1
1252750 1270.9
1252760 1268.0
1252770 1268.0
1252780 1270.3
1252790 1264.3
1252800 1264.3
1252810 1257.2
1252820 1249.9
1252830 1242.6
1252840 1242.6
1252850 1235.4
1252860 1228.4
1252870 1228.4
1252880 1221.6
1252890 1215.2
1252900 1215.2
1252910 1209.0
1252920 1203.3
1252930 1203.3
1252940 1197.7
1252950 1192.2
1252960 1192.2
1252970 1187.3
1252980 1183.6
1252990 1183.6
1253000 1180.0
1253010 1176.2
1253020 1176.2
1253030 1171.9
1253040 1167.7
1253050 1167.7
1253060 1163.6
1253070 1159.8
1253080 1156.1
1253090 1156.1
1253100 1153.2
1253110 1150.2
1253120 1150.2
1253130 1147.4
1253140 1144.4
1253150 1144.4
1253160 1140.7
1253170 1138.6
1253180 1138.6
1253190 1137.5
1253200 1135.5
1253210 1135.5
1253220 1135.0
1253230 1134.1
1253240 1134.1
1253250 1135.0
1253260 1135.8
1253270 1135.8
1253280 1137.2
1253290 1143.0
1253300 1143.0
1253310 1151.1
1253320 1159.8
1253330 1167.9
1253340 1167.9
1253350 1174.9
1253360 1181.7
1253370 1181.7
1253380 1189.1
1253390 1196.9
1253400 1196.9
1253410 1205.6
1253420 1213.5
1253430 1213.5
1253440 1221.4
1253450 1230.2
1253460 1230.2
1253470 1238.6
1253480 1246.7
1253490 1246.7
1253500 1255.2
1253510 1263.8
1253520 1263.8
1253530 1273.1
1253540 1281.8
1253550 1281.8
1253560 1289.4
1253570 1297.1
1253580 1303.7
1253590 1303.7
1253600 1309.9
1253610 1316.4
1253620 1316.4
1253630 1322.7
1253640 1329.0
1253650 1329.0
1253660 1335.3
1253670 1341.4
1253680 1341.4
1253690 1347.5
1253700 1353.7
1253710 1353.7
1253720 1359.7
1253730 1365.9
1253740 1365.9
1253750 1372.8
1253760 1379.8
1253770 1379.8
1253780 1387.1
1253790 1394.9
1253800 1394.9
1253810 1402.3
1253820 1410.2
1253830 1418.2
1253840 1418.2
1253850 1425.7
1253860 1433.1
1253870 1433.1
1253880 1436.3
1253890 1444.5
1253900 1444.5
1253910 1453.4
1253920 1461.6
1253930 1461.6
1253940 1468.1
1253950 1476.4
1253960 1476.4
1253970 1484.8
1253980 1493.1
1253990 1493.1
1254000 1502.1
1254010 1512.3
1254020 1512.3
1254030 1520.4
1254040 1527.0
1254050 1527.0
1254060 1531.8
1254070 1536.0
1254080 1537.8
1254090 1537.8
1254100 1538.8
1254110 1540.8
1254120 1540.8
1254130 1542.9
1254140 1545.0
1254150 1545.0
1254160 1547.1
1254170 1548.6
1254180 1548.6
1254190 1549.8
1254200 1551.0
1254210 1551.0
1254220 1551.4
1254230 1549.5
1254240 1549.5
1254250 1548.7
1254260 1549.1
1254270 1549.1
1254280 1549.9
1254290 1550.6
1254300 1550.6
1254310 1551.1
1254320 1551.8
1254330 1552.4
1254340 1552.4
1254350 1552.4
1254360 1552.6
1254370 1552.6
1254380 1553.0
1254390 1552.0
1254400 1552.0
1254410 1550.5
1254420 1549.7
1254430 1553.2
1254440 1552.2
1254450 1551.8
1254460 1551.8
1254470 1551.4
1254480 1548.8
1254490 1548.8
1254500 1546.6
1254510 1544.0
1254520 1544.0
1254530 1540.8
1254540 1539.5
1254550 1539.5
1254560 1538.5
1254570 1537.7
1254580 1536.8
1254590 1536.8
1254600 1534.4
1254610 1531.9
1254620 1531.9
1254630 1530.0
1254640 1527.9
1254650 1527.9
1254660 1525.3
1254670 1522.5
1254680 1522.5
1254690 1519.9
1254700 1518.2
1254710 1518.2
1254720 1516.7
1254730 1514.7
1254740 1514.7
1254750 1511.9
1254760 1509.5
1254770 1509.5
1254780 1508.1
1254790 1506.3
1254800 1506.3
1254810 1503.5
1254820 1500.7
1254830 1498.8
1254840 1498.8
1254850 1496.6
1254860 1494.1
1254870 1494.1
1254880 1491.9
1254890 1489.7
1254900 1489.7
1254910 1487.0
1254920 1484.8
1254930 1484.8
1254940 1483.7
1254950 1482.8
1254960 1482.8
1254970 1481.0
1254980 1483.5
1254990 1483.5
1255000 1483.1
1255010 1482.4
1255020 1482.4
1255030 1481.8
1255040 1481.0
1255050 1481.0
1255060 1479.8
1255070 1478.4
1255080 1477.0
1255090 1477.0
1255100 1475.6
1255110 1475.1
1255120 1475.1
1255130 1473.6
1255140 1472.1
1255150 1472.1
1255160 1469.6
1255170 1465.7
1255180 1465.7
1255190 1463.8
1255200 1463.5
1255210 1463.5
1255220 1463.6
1255230 1463.8
1255240 1463.8
1255250 1464.3
1255260 1464.5
1255270 1464.5
1255280 1464.6
1255290 1464.2
1255300 1464.2
1255310 1463.9
1255320 1463.6
1255330 1463.6
1255340 1463.6
1255350 1463.1
1255360 1461.9
1255370 1461.9
1255380 1460.0
1255390 1459.1
1255400 1459.1
1255410 1457.6
1255420 1455.5
1255430 1455.5
1255440 1453.3
1255450 1452.2
1255460 1452.2
1255470 1451.5
1255480 1449.9
1255490 1449.9
1255500 1447.9
1255510 1446.7
1255520 1446.7
1255530 1446.5
1255540 1448.0
1255550 1448.0
1255560 1446.9
1255570 1447.6
1255580 1446.4
1255590 1446.4
1255600 1441.9
1255610 1432.5
1255620 1432.5
1255630 1424.5
1255640 1420.8
1255650 1420.8
1255660 1418.5
1255670 1417.9
1255680 1417.9
1255690 1417.3
1255700 1416.0
1255710 1416.0
1255720 1413.4
1255730 1411.5
1255740 1411.5
1255750 1408.2
1255760 1404.1
1255770 1404.1
1255780 1399.6
1255790 1395.3
1255800 1395.3
1255810 1393.6
1255820 1391.7
1255830 1389.6
1255840 1389.6
1255850 1386.0
1255860 1381.5
1255870 1381.5
1255880 1378.0
1255890 1374.3
1255900 1374.3
1255910 1370.0
1255920 1365.1
1255930 1365.1
1255940 1359.9
1255950 1355.4
1255960 1355.4
1255970 1352.7
1255980 1349.9
1255990 1349.9
1256000 1347.5
1256010 1344.1
1256020 1344.1
1256030 1337.9
1256040 1331.8
1256050 1331.8
1256060 1327.9
1256070 1325.6
1256080 1325.7
1256090 1329.9
1256100 1336.3
1256110 1343.3
1256120 1343.3
1256130 1350.1
1256140 1356.5
1256150 1356.5
1256160 1363.1
1256170 1370.4
1256180 1370.4
1256190 1377.3
1256200 1383.1
1256210 1383.1
1256220 1388.4
1256230 1391.5
1256240 1391.5
1256250 1393.8
1256260 1397.6
1256270 1397.6
1256280 1401.0
1256290 1402.9
1256300 1402.9
1256310 1404.7
1256320 1406.4
1256330 1406.2
1256340 1406.2
1256350 1404.9
1256360 1403.5
1256370 1403.5
1256380 1403.4
1256390 1402.8
1256400 1402.8
1256410 1401.5
1256420 1399.3
1256430 1399.3
1256440 1396.0
1256450 1393.1
1256460 1393.1
1256470 1390.9
1256480 1389.4
1256490 1389.4
1256500 1387.6
1256510 1385.2
1256520 1385.2
1256530 1382.6
1256540 1379.4
1256550 1379.4
1256560 1376.2
1256570 1373.4
1256580 1370.5
1256590 1370.5
1256600 1367.3
1256610 1363.6
1256620 1363.6
1256630 1359.8
1256640 1356.9
1256650 1360.8
1256660 1358.1
1256670 1355.9
1256680 1355.9
1256690 1353.7
1256700 1351.6
1256710 1351.6
1256720 1350.1
1256730 1348.2
1256740 1348.2
1256750 1345.8
1256760 1340.0
1256770 1340.0
1256780 1332.4
1256790 1326.4
1256800 1326.4
1256810 1321.5
1256820 1319.8
1256830 1318.3
1256840 1318.3
1256850 1316.3
1256860 1314.6
1256870 1314.6
1256880 1312.6
1256890 1309.6
1256900 1309.6
1256910 1306.7
1256920 1303.7
1256930 1303.7
1256940 1298.4
1256950 1291.7
1256960 1291.7
1256970 1288.3
1256980 1283.9
1256990 1283.9
1257000 1278.3
1257010 1270.9
1257020 1270.9
1257030 1264.0
1257040 1258.1
1257050 1258.1
1257060 1254.2
1257070 1252.2
1257080 1254.1
1257090 1254.1
1257100 1256.6
1257110 1261.3
1257120 1261.3
1257130 1267.3
1257140 1273.4
1257150 1273.4
1257160 1278.1
1257170 1283.3
1257180 1283.3
1257190 1289.7
1257200 1295.8
1257210 1296.3
1257220 1300.6
1257230 1305.5
1257240 1305.5
1257250 1311.3
1257260 1316.9
1257270 1316.9
1257280 1322.5
1257290 1327.9
1257300 1327.9
1257310 1333.2
1257320 1338.5
1257330 1344.1
1257340 1344.1
1257350 1349.1
1257360 1354.0
1257370 1354.0
1257380 1359.2
1257390 1364.2
1257400 1364.2
1257410 1370.7
1257420 1377.9
1257430 1377.9
1257440 1382.0
1257450 1385.8
1257460 1385.8
1257470 1390.6
1257480 1396.0
1257490 1396.0
1257500 1401.2
1257510 1406.1
1257520 1406.1
1257530 1411.1
1257540 1416.4
1257550 1416.4
1257560 1422.8
1257570 1429.6
1257580 1435.2
1257590 1435.2
1257600 1439.5
1257610 1443.4
1257620 1443.4
1257630 1450.7
1257640 1457.2
1257650 1457.2
1257660 1463.7
1257670 1470.1
1257680 1470.1
1257690 1476.6
1257700 1482.7
1257710 1482.7
1257720 1489.1
1257730 1495.5
1257740 1495.5
1257750 1502.3
1257760 1509.0
1257770 1507.0
1257780 1513.9
1257790 1520.5
1257800 1520.5
1257810 1527.1
1257820 1534.0
1257830 1540.8
1257840 1540.8
1257850 1547.1
1257860 1552.7
1257870 1552.7
1257880 1559.3
1257890 1565.9
1257900 1565.9
1257910 1572.3
1257920 1578.8
1257930 1578.8
1257940 1584.6
1257950 1589.7
1257960 1589.7
1257970 1593.9
1257980 1597.9
1257990 1597.9
1258000 1601.8
1258010 1605.1
1258020 1605.1
1258030 1607.2
1258040 1608.8
1258050 1608.8
1258060 1609.8
1258070 1610.9
1258080 1612.1
1258090 1612.1
1258100 1612.9
1258110 1613.6
1258120 1613.6
1258130 1614.3
1258140 1614.4
1258150 1614.4
1258160 1614.1
1258170 1613.4
1258180 1613.4
1258190 1612.8
1258200 1612.2
1258210 1612.2
1258220 1610.8
1258230 1609.3
1258240 1609.3
1258250 1607.6
1258260 1607.1
1258270 1607.1
1258280 1606.6
1258290 1605.8
1258300 1605.8
1258310 1604.3
1258320 1602.2
1258330 1604.0
1258340 1604.0
1258350 1602.4
1258360 1600.8
1258370 1600.8
1258380 1599.8
1258390 1598.4
1258400 1598.4
1258410 1596.6
1258420 1595.2
1258430 1595.2
1258440 1594.3
1258450 1594.0
1258460 1594.0
1258470 1593.5
1258480 1593.0
1258490 1593.0
1258500 1592.2
1258510 1589.7
1258520 1589.7
1258530 1587.8
1258540 1586.7
1258550 1586.7
1258560 1585.6
1258570 1584.1
1258580 1582.2
1258590 1582.2
1258600 1580.2
1258610 1577.9
1258620 1577.9
1258630 1575.6
1258640 1574.2
1258650 1574.2
1258660 1573.3
1258670 1571.9
1258680 1571.9
1258690 1569.7
1258700 1567.8
1258710 1567.8
1258720 1565.6
1258730 1563.9
1258740 1563.9
1258750 1562.0
1258760 1558.3
1258770 1558.3
1258780 1554.2
1258790 1550.8
1258800 1548.2
1258810 1548.2
1258820 1544.5
1258830 1539.5
1258840 1539.5
1258850 1535.8
1258860 1533.0
1258870 1533.0
1258880 1531.2
1258890 1532.1
1258900 1532.1
1258910 1531.5
1258920 1531.0
1258930 1531.0
1258940 1526.7
1258950 1521.2
1258960 1521.2
1258970 1515.8
1258980 1510.5
1258990 1510.5
1259000 1504.8
1259010 1499.0
1259020 1499.0
1259030 1492.6
1259040 1486.7
1259050 1482.8
1259060 1482.8
1259070 1479.4
1259080 1474.7
1259090 1474.7
1259100 1469.7
1259110 1466.0
1259120 1466.0
1259130 1461.4
1259140 1454.4
1259150 1454.4
1259160 1446.4
1259170 1437.5
1259180 1437.5
1259190 1428.5
1259200 1425.2
1259210 1425.2
1259220 1433.6
1259230 1447.8
1259240 1447.8
1259250 1459.9
1259260 1466.7
1259270 1466.7
1259280 1472.7
1259290 1479.6
1259300 1486.2
1259310 1486.2
1259320 1490.4
1259330 1494.5
1259340 1494.5
1259350 1498.5
1259360 1502.3
1259370 1502.3
1259380 1506.0
1259390 1509.3
1259400 1509.3
1259410 1512.1
1259420 1515.5
1259430 1515.5
1259440 1519.3
1259450 1527.2
1259460 1527.2
1259470 1530.5
1259480 1533.1
1259490 1533.1
1259500 1534.3
1259510 1535.3
1259520 1535.3
1259530 1535.2
1259540 1535.3
1259550 1535.7
1259560 1535.7
1259570 1536.3
1259580 1537.0
1259590 1537.0
1259600 1537.9
1259610 1538.6
1259620 1538.6
1259630 1539.0
1259640 1538.3
1259650 1538.3
1259660 1536.8
1259670 1535.3
1259680 1535.3
1259690 1534.1
1259700 1532.8
1259710 1532.8
1259720 1531.2
1259730 1529.9
1259740 1529.9
1259750 1528.6
1259760 1526.8
1259770 1526.8
1259780 1524.7
1259790 1522.4
1259800 1520.1
1259810 1520.1
1259820 1518.4
1259830 1516.8
1259840 1516.8
1259850 1515.2
1259860 1513.1
1259870 1513.1
1259880 1510.2
1259890 1508.3
1259900 1508.3
1259910 1507.2
1259920 1505.8
1259930 1505.8
1259940 1504.8
1259950 1503.1
1259960 1503.1
1259970 1501.1
1259980 1501.3
1259990 1501.3
