1240000 2327.3
1240010 2332.4
1240020 2337.4
1240030 2337.4
1240040 2341.9
1240050 2346.4
1240060 2346.4
1240070 2350.6
1240080 2355.5
1240090 2355.5
1240100 2362.0
1240110 2368.6
1240120 2374.7
1240130 2374.7
1240140 2381.5
1240150 2391.5
1240160 2391.5
1240170 2404.9
1240180 2417.3
1240190 2417.3
1240200 2428.3
1240210 2439.7
1240220 2439.7
1240230 2449.4
1240240 2457.7
1240250 2457.7
1240260 2465.1
1240270 2473.4
1240280 2473.4
1240290 2482.4
1240300 2489.0
1240310 2489.0
1240320 2483.8
1240330 2474.6
1240340 2474.6
1240350 2464.7
1240360 2455.1
1240370 2445.6
1240380 2445.6
1240390 2436.4
1240400 2427.8
1240410 2427.8
1240420 2420.6
1240430 2413.3
1240440 2413.3
1240450 2406.6
1240460 2398.3
1240470 2398.3
1240480 2388.6
1240490 2378.7
1240500 2378.7
1240510 2366.3
1240520 2356.1
1240530 2356.1
1240540 2346.9
1240550 2338.8
1240560 2338.8
1240570 2330.5
1240580 2319.9
1240590 2319.9
1240600 2310.6
1240610 2305.1
1240620 2297.2
1240630 2297.2
1240640 2288.7
1240650 2277.6
1240660 2277.6
1240670 2267.9
1240680 2262.1
1240690 2262.1
1240700 2257.5
1240710 2253.3
1240720 2253.3
1240730 2249.1
1240740 2246.6
1240750 2246.6
1240760 2245.6
1240770 2245.7
1240780 2245.7
1240790 2245.5
1240800 2246.0
1240810 2246.0
1240820 2247.0
1240830 2248.1
1240840 2248.1
1240850 2249.0
1240860 2248.6
1240870 2248.3
1240880 2248.3
1240890 2251.6
1240900 2256.8
1240910 2256.8
1240920 2262.4
1240930 2268.7
1240940 2269.7
1240950 2276.6
1240960 2283.2
1240970 2283.2
1240980 2296.2
1240990 2312.3
1241000 2312.3
1241010 2328.2
1241020 2340.6
1241030 2340.6
1241040 2348.8
1241050 2355.5
1241060 2355.5
1241070 2362.9
1241080 2376.0
1241090 2376.0
1241100 2388.7
1241110 2396.5
1241120 2404.8
1241130 2404.8
1241140 2414.3
1241150 2424.3
1241160 2424.3
1241170 2435.0
1241180 2446.8
1241190 2446.8
1241200 2454.5
1241210 2454.9
1241220 2454.9
1241230 2450.0
1241240 2438.9
1241250 2438.9
1241260 2426.9
1241270 2432.7
1241280 2432.7
1241290 2434.9
1241300 2432.3
1241310 2432.3
1241320 2422.7
1241330 2418.0
1241340 2418.0
1241350 2421.8
1241360 2427.1
1241370 2434.6
1241380 2434.6
1241390 2436.2
1241400 2428.6
1241410 2428.6
1241420 2420.4
1241430 2410.0
1241440 2410.0
1241450 2397.9
1241460 2404.6
1241470 2404.6
1241480 2392.9
1241490 2387.9
1241500 2387.9
1241510 2392.6
1241520 2401.3
1241530 2401.3
1241540 2416.3
1241550 2419.3
1241560 2419.3
1241570 2421.1
1241580 2428.6
1241590 2428.6
1241600 2427.4
1241610 2428.8
1241620 2428.8
1241630 2434.5
1241640 2442.5
1241650 2453.6
1241660 2453.6
1241670 2463.6
1241680 2472.2
1241690 2472.2
1241700 2479.4
1241710 2482.7
1241720 2482.7
1241730 2480.6
1241740 2479.9
1241750 2479.9
1241760 2473.7
1241770 2467.4
1241780 2467.4
1241790 2462.9
1241800 2461.1
1241810 2461.1
1241820 2458.1
1241830 2450.8
1241840 2450.8
1241850 2443.7
1241860 2437.0
1241870 2437.0
1241880 2429.1
1241890 2420.2
1241900 2413.1
1241910 2413.1
1241920 2411.4
1241930 2412.3
1241940 2412.3
1241950 2412.5
1241960 2409.9
1241970 2409.9
1241980 2403.5
1241990 2392.8
1242000 2392.8
1242010 2383.7
1242020 2371.7
1242030 2371.7
1242040 2356.9
1242050 2341.6
1242060 2341.6
1242070 2330.3
1242080 2321.4
1242090 2321.4
1242100 2312.7
1242110 2303.3
1242120 2303.3
1242130 2293.7
1242140 2284.8
1242150 2277.2
1242160 2277.2
1242170 2271.4
1242180 2265.9
1242190 2265.9
1242200 2260.4
1242210 2254.8
1242220 2254.8
1242230 2249.2
1242240 2243.5
1242250 2243.5
1242260 2237.9
1242270 2232.5
1242280 2232.5
1242290 2227.0
1242300 2221.3
1242310 2221.3
1242320 2215.7
1242330 2211.1
1242340 2211.1
1242350 2207.2
1242360 2202.4
1242370 2202.4
1242380 2198.6
1242390 2195.4
1242400 2191.6
1242410 2191.6
1242420 2187.9
1242430 2184.5
1242440 2184.5
1242450 2180.9
1242460 2178.2
1242470 2178.2
1242480 2176.3
1242490 2174.1
1242500 2174.1
1242510 2176.6
1242520 2177.1
1242530 2177.1
1242540 2177.6
1242550 2177.7
1242560 2177.7
1242570 2177.2
1242580 2176.3
1242590 2176.3
1242600 2175.0
1242610 2173.1
1242620 2173.1
1242630 2171.4
1242640 2173.7
1242650 2177.2
1242660 2177.2
1242670 2178.0
1242680 2177.2
1242690 2177.2
1242700 2176.3
1242710 2177.0
1242720 2177.0
1242730 2173.5
1242740 2167.2
1242750 2167.2
1242760 2160.8
1242770 2152.9
1242780 2152.9
1242790 2144.5
1242800 2138.0
1242810 2138.0
1242820 2131.9
1242830 2127.0
1242840 2127.0
1242850 2121.7
1242860 2117.1
1242870 2117.1
1242880 2113.1
1242890 2108.2
1242900 2102.3
1242910 2102.3
1242920 2096.8
1242930 2089.6
1242940 2089.6
1242950 2081.6
1242960 2076.6
1242970 2076.6
1242980 2069.7
1242990 2061.1
1243000 2061.1
1243010 2054.5
1243020 2049.8
1243030 2049.8
1243040 2051.2
1243050 2046.8
1243060 2046.8
1243070 2043.2
1243080 2039.1
1243090 2039.1
1243100 2034.4
1243110 2030.3
1243120 2030.3
1243130 2026.1
1243140 2022.1
1243150 2019.8
1243160 2019.8
1243170 2017.3
1243180 2014.7
1243190 2014.7
1243200 2013.5
1243210 2014.4
1243220 2014.4
1243230 2016.2
1243240 2018.6
1243250 2018.6
1243260 2022.5
1243270 2026.7
1243280 2026.7
1243290 2031.0
1243300 2034.0
1243310 2034.0
1243320 2033.5
1243330 2031.4
1243340 2031.4
1243350 2027.0
1243360 2022.6
1243370 2022.6
1243380 2018.7
1243390 2015.0
1243400 2011.6
1243410 2011.6
1243420 2008.3
1243430 2004.8
1243440 2004.8
1243450 2002.4
1243460 2000.4
1243470 2000.4
1243480 1998.4
1243490 1996.7
1243500 1996.7
1243510 1997.1
1243520 1997.4
1243530 1997.4
1243540 1997.9
1243550 1999.3
1243560 1999.3
1243570 2007.1
1243580 2008.9
1243590 2008.9
1243600 2011.5
1243610 2013.8
1243620 2013.8
1243630 2017.8
1243640 2020.7
1243650 2022.8
1243660 2022.8
1243670 2022.5
1243680 2025.2
1243690 2025.2
1243700 2027.7
1243710 2029.2
1243720 2029.2
1243730 2032.8
1243740 2034.9
1243750 2034.9
1243760 2036.9
1243770 2041.4
1243780 2041.4
1243790 2044.8
1243800 2046.5
1243810 2046.5
1243820 2051.3
1243830 2056.6
1243840 2056.6
1243850 2061.5
1243860 2064.2
1243870 2064.2
1243880 2064.7
1243890 2064.2
1243900 2061.5
1243910 2061.5
1243920 2056.7
1243930 2051.4
1243940 2051.4
1243950 2046.0
1243960 2040.3
1243970 2040.3
1243980 2034.3
1243990 2027.9
1244000 2027.9
1244010 2021.7
1244020 2015.0
1244030 2015.0
1244040 2008.8
1244050 2003.0
1244060 2003.0
1244070 1997.3
1244080 1991.4
1244090 1991.4
1244100 1987.5
1244110 1981.8
1244120 1981.8
1244130 1976.5
1244140 1971.3
1244150 1965.2
1244160 1965.2
1244170 1960.0
1244180 1955.6
1244190 1955.6
1244200 1950.4
1244210 1945.0
1244220 1945.0
1244230 1939.2
1244240 1933.1
1244250 1933.1
1244260 1928.5
1244270 1924.9
1244280 1924.9
1244290 1920.6
1244300 1916.1
1244310 1916.1
1244320 1911.2
1244330 1905.2
1244340 1905.2
1244350 1900.0
1244360 1895.1
1244370 1895.1
1244380 1890.1
1244390 1886.2
1244400 1886.2
1244410 1882.8
1244420 1879.6
1244430 1875.8
1244440 1875.8
1244450 1870.8
1244460 1866.5
1244470 1866.5
1244480 1864.2
1244490 1862.1
1244500 1862.1
1244510 1862.4
1244520 1863.4
1244530 1863.4
1244540 1859.6
1244550 1856.6
1244560 1856.6
1244570 1855.5
1244580 1857.7
1244590 1857.7
1244600 1856.1
1244610 1854.3
1244620 1854.3
1244630 1859.2
1244640 1859.2
1244650 1859.2
1244660 1859.3
1244670 1859.1
1244680 1859.0
1244690 1859.0
1244700 1858.8
1244710 1858.0
1244720 1858.0
1244730 1856.4
1244740 1855.3
1244750 1855.3
1244760 1854.8
1244770 1853.8
1244780 1853.8
1244790 1853.2
1244800 1853.2
1244810 1853.2
1244820 1852.6
1244830 1851.2
1244840 1851.2
1244850 1850.0
1244860 1848.7
1244870 1848.7
1244880 1847.4
1244890 1846.2
1244900 1846.2
1244910 1844.4
1244920 1842.5
1244930 1842.9
1244940 1842.9
1244950 1843.4
1244960 1843.3
1244970 1843.3
1244980 1841.2
1244990 1839.9
1245000 1839.9
1245010 1839.0
1245020 1837.3
1245030 1837.3
1245040 1836.3
1245050 1835.8
1245060 1835.8
1245070 1834.6
1245080 1834.0
1245090 1834.0
1245100 1833.3
1245110 1832.3
1245120 1832.3
1245130 1832.0
1245140 1831.9
1245150 1831.9
1245160 1836.7
1245170 1835.9
1245180 1835.7
1245190 1835.7
1245200 1836.3
1245210 1836.1
1245220 1836.1
1245230 1836.2
1245240 1836.5
1245250 1836.5
1245260 1836.1
1245270 1836.1
1245280 1836.1
1245290 1834.8
1245300 1832.5
1245310 1832.5
1245320 1831.5
1245330 1830.9
1245340 1830.9
1245350 1830.0
1245360 1828.7
1245370 1828.7
1245380 1827.2
1245390 1824.7
1245400 1824.7
1245410 1821.8
1245420 1819.9
1245430 1817.7
1245440 1817.7
1245450 1815.6
1245460 1814.4
1245470 1814.4
1245480 1812.5
1245490 1809.8
1245500 1809.8
1245510 1807.8
1245520 1806.7
1245530 1806.7
1245540 1806.2
1245550 1805.1
1245560 1805.1
1245570 1803.2
1245580 1801.7
1245590 1801.7
1245600 1800.2
1245610 1798.7
1245620 1798.7
1245630 1796.7
1245640 1795.4
1245650 1795.4
1245660 1795.1
1245670 1794.9
1245680 1794.3
1245690 1798.5
1245700 1796.7
1245710 1794.6
1245720 1794.6
1245730 1793.0
1245740 1792.0
1245750 1792.0
1245760 1791.4
1245770 1790.1
1245780 1790.1
1245790 1788.0
1245800 1785.9
1245810 1785.9
1245820 1784.0
1245830 1782.6
1245840 1782.6
1245850 1781.1
1245860 1779.8
1245870 1779.8
1245880 1778.2
1245890 1777.1
1245900 1777.1
1245910 1775.5
1245920 1772.7
1245930 1769.4
1245940 1769.4
1245950 1766.2
1245960 1764.0
1245970 1764.0
1245980 1762.0
1245990 1759.2
1246000 1759.2
1246010 1755.9
1246020 1752.4
1246030 1752.4
1246040 1749.3
1246050 1746.8
1246060 1746.8
1246070 1743.9
1246080 1741.8
1246090 1741.8
1246100 1739.8
1246110 1737.4
1246120 1737.4
1246130 1733.0
1246140 1728.5
1246150 1728.5
1246160 1725.5
1246170 1724.1
1246180 1723.5
1246190 1723.5
1246200 1722.9
1246210 1721.6
1246220 1721.6
1246230 1726.5
1246240 1724.7
1246250 1724.7
1246260 1722.1
1246270 1719.4
1246280 1719.4
1246290 1716.9
1246300 1715.0
1246310 1715.0
1246320 1712.9
1246330 1711.8
1246340 1711.8
1246350 1712.4
1246360 1714.1
1246370 1714.1
1246380 1715.1
1246390 1715.6
1246400 1715.6
1246410 1715.6
1246420 1717.1
1246430 1720.1
1246440 1720.1
1246450 1723.4
1246460 1725.9
1246470 1725.9
1246480 1728.2
1246490 1729.8
1246500 1729.8
1246510 1731.5
1246520 1732.9
1246530 1732.9
1246540 1733.5
1246550 1733.7
1246560 1733.7
1246570 1732.8
1246580 1730.7
1246590 1730.7
1246600 1728.7
1246610 1727.3
1246620 1727.3
1246630 1725.3
1246640 1723.6
1246650 1723.6
1246660 1721.5
1246670 1718.0
1246680 1713.9
1246690 1713.9
1246700 1710.4
1246710 1706.9
1246720 1706.9
1246730 1702.0
1246740 1696.2
1246750 1696.2
1246760 1695.9
1246770 1689.3
1246780 1689.3
1246790 1684.5
1246800 1681.1
1246810 1681.1
1246820 1676.2
1246830 1669.5
1246840 1669.5
1246850 1662.5
1246860 1656.9
1246870 1656.9
1246880 1653.1
1246890 1651.6
1246900 1651.6
1246910 1650.9
1246920 1649.5
1246930 1645.1
1246940 1645.1
1246950 1639.8
1246960 1634.4
1246970 1634.4
1246980 1628.8
1246990 1623.9
1247000 1623.9
1247010 1621.4
1247020 1618.9
1247030 1618.9
1247040 1616.1
1247050 1614.6
1247060 1614.6
1247070 1614.1
1247080 1614.2
1247090 1614.2
1247100 1613.8
1247110 1614.1
1247120 1614.1
1247130 1615.1
1247140 1616.0
1247150 1616.0
1247160 1616.1
1247170 1613.8
1247180 1613.8
1247190 1609.0
1247200 1603.2
1247210 1597.7
1247220 1597.7
1247230 1593.1
1247240 1589.7
1247250 1589.7
1247260 1587.5
1247270 1587.0
1247280 1587.0
1247290 1586.9
1247300 1594.6
1247310 1594.6
1247320 1594.0
1247330 1592.9
1247340 1592.9
1247350 1591.5
1247360 1590.0
1247370 1590.0
1247380 1589.2
1247390 1589.3
1247400 1589.3
1247410 1588.2
1247420 1585.8
1247430 1585.8
1247440 1583.0
1247450 1579.5
1247460 1575.5
1247470 1575.5
1247480 1571.8
1247490 1568.9
1247500 1568.9
1247510 1566.3
1247520 1563.1
1247530 1563.1
1247540 1559.4
1247550 1555.6
1247560 1555.6
1247570 1551.9
1247580 1547.7
1247590 1547.7
1247600 1543.2
1247610 1538.6
1247620 1538.6
1247630 1534.0
1247640 1529.5
1247650 1529.5
1247660 1524.9
1247670 1520.6
1247680 1520.6
1247690 1515.8
1247700 1511.1
1247710 1506.4
1247720 1506.4
1247730 1502.0
1247740 1497.7
1247750 1497.7
1247760 1493.5
1247770 1488.9
1247780 1488.9
1247790 1483.9
1247800 1478.7
1247810 1478.7
1247820 1474.5
1247830 1476.6
1247840 1476.6
1247850 1472.6
1247860 1468.2
1247870 1468.2
1247880 1463.6
1247890 1459.2
1247900 1459.2
1247910 1454.4
1247920 1449.4
1247930 1449.4
1247940 1444.8
1247950 1440.5
1247960 1436.2
1247970 1436.2
1247980 1431.6
1247990 1427.3
1248000 1427.3
1248010 1422.7
1248020 1417.7
1248030 1417.7
1248040 1412.7
1248050 1408.2
1248060 1408.2
1248070 1403.8
1248080 1399.3
1248090 1399.3
1248100 1394.6
1248110 1390.3
1248120 1390.3
1248130 1386.0
1248140 1381.6
1248150 1381.6
1248160 1377.4
1248170 1373.6
1248180 1373.6
1248190 1369.8
1248200 1366.1
1248210 1362.9
1248220 1362.9
1248230 1359.5
1248240 1356.2
1248250 1356.2
1248260 1353.1
1248270 1350.4
1248280 1350.4
1248290 1348.2
1248300 1344.7
1248310 1344.7
1248320 1340.6
1248330 1336.6
1248340 1336.6
1248350 1332.0
1248360 1327.9
1248370 1333.4
1248380 1328.9
1248390 1325.2
1248400 1325.2
1248410 1322.4
1248420 1319.0
1248430 1319.0
1248440 1315.2
1248450 1312.0
1248460 1309.0
1248470 1309.0
1248480 1305.5
1248490 1302.0
1248500 1302.0
1248510 1298.4
1248520 1294.7
1248530 1294.7
1248540 1291.1
1248550 1287.5
1248560 1287.5
1248570 1284.4
1248580 1281.3
1248590 1281.3
1248600 1278.5
1248610 1275.3
1248620 1275.3
1248630 1271.6
1248640 1267.4
1248650 1267.4
1248660 1262.9
1248670 1258.5
1248680 1258.5
1248690 1254.2
1248700 1249.8
1248710 1245.7
1248720 1245.7
1248730 1241.6
1248740 1237.6
1248750 1237.6
1248760 1233.5
1248770 1229.4
1248780 1229.4
1248790 1225.3
1248800 1221.2
1248810 1221.2
1248820 1217.0
1248830 1212.7
1248840 1212.7
1248850 1208.3
1248860 1204.1
1248870 1204.1
1248880 1200.0
1248890 1196.3
1248900 1196.3
1248910 1191.2
1248920 1186.8
1248930 1186.8
1248940 1182.6
1248950 1178.7
1248960 1174.7
1248970 1174.7
1248980 1170.7
1248990 1166.7
1249000 1166.7
1249010 1162.7
1249020 1158.9
1249030 1158.9
1249040 1154.4
1249050 1150.3
1249060 1150.3
1249070 1146.3
1249080 1142.3
1249090 1142.3
1249100 1138.3
1249110 1133.9
1249120 1133.9
1249130 1129.5
1249140 1125.5
1249150 1125.5
1249160 1121.3
1249170 1116.4
1249180 1116.4
1249190 1112.4
1249200 1108.8
1249210 1104.1
1249220 1104.1
1249230 1100.1
1249240 1095.7
1249250 1095.7
1249260 1090.4
1249270 1086.3
1249280 1086.3
1249290 1082.2
1249300 1078.6
1249310 1078.6
1249320 1075.6
1249330 1072.7
1249340 1072.7
1249350 1070.5
1249360 1068.1
1249370 1068.1
1249380 1065.5
1249390 1062.3
1249400 1062.3
1249410 1058.7
1249420 1055.0
1249430 1055.0
1249440 1051.9
1249450 1048.5
1249460 1045.3
1249470 1045.3
1249480 1042.1
1249490 1038.9
1249500 1038.9
1249510 1036.2
1249520 1034.2
1249530 1034.2
1249540 1030.7
1249550 1028.2
1249560 1028.2
1249570 1026.5
1249580 1025.4
1249590 1025.4
1249600 1024.7
1249610 1023.7
1249620 1023.7
1249630 1021.8
1249640 1019.0
1249650 1019.0
1249660 1015.8
1249670 1012.4
1249680 1012.4
1249690 1009.1
1249700 1005.4
1249710 1001.1
1249720 1001.1
1249730 996.8
1249740 992.3
1249750 992.3
1249760 987.8
1249770 983.5
1249780 983.5
1249790 979.6
1249800 975.8
1249810 975.8
1249820 972.0
1249830 968.7
1249840 968.7
1249850 965.3
1249860 962.6
1249870 962.6
1249880 960.1
1249890 957.4
1249900 957.4
1249910 954.9
1249920 952.7
1249930 952.7
1249940 950.6
1249950 948.7
1249960 946.8
1249970 946.8
1249980 945.0
1249990 941.8
1250000 941.8
1250010 940.3
1250020 938.1
1250030 938.1
1250040 935.0
1250050 931.1
1250060 931.1
1250070 926.7
1250080 921.3
1250090 921.3
1250100 914.8
1250110 909.7
1250120 909.7
1250130 904.5
1250140 899.6
1250150 899.6
1250160 894.7
1250170 889.5
1250180 889.5
1250190 884.1
1250200 879.5
1250210 877.4
1250220 877.4
1250230 876.0
1250240 874.2
1250250 874.2
1250260 872.1
1250270 869.5
1250280 869.5
1250290 866.8
1250300 864.3
1250310 864.3
1250320 861.9
1250330 859.2
1250340 859.2
1250350 857.1
1250360 855.2
1250370 855.2
1250380 852.7
1250390 848.7
1250400 848.7
1250410 845.5
1250420 840.8
1250430 840.8
1250440 831.0
1250450 824.7
1250460 824.7
1250470 820.2
1250480 816.8
1250490 815.7
1250500 815.7
1250510 815.1
1250520 814.5
1250530 812.2
1250540 810.6
1250550 810.3
1250560 810.3
1250570 811.8
1250580 813.1
1250590 813.1
1250600 813.1
1250610 812.8
1250620 812.8
1250630 812.4
1250640 813.3
1250650 813.3
1250660 814.2
1250670 813.3
1250680 813.3
1250690 812.3
1250700 811.6
1250710 811.6
1250720 810.5
1250730 808.8
1250740 805.4
1250750 805.4
1250760 804.0
1250770 803.4
1250780 803.4
1250790 802.9
1250800 802.2
1250810 802.2
1250820 802.0
1250830 803.5
1250840 803.5
1250850 804.3
1250860 805.1
1250870 805.1
1250880 806.3
1250890 808.6
1250900 808.6
1250910 812.4
1250920 815.7
1250930 815.7
1250940 821.5
1250950 830.2
1250960 830.2
1250970 837.5
1250980 841.2
1250990 844.3
1251000 844.3
1251010 848.2
1251020 852.4
1251030 852.4
1251040 855.5
1251050 857.5
1251060 857.5
1251070 862.8
1251080 877.6
1251090 877.6
1251100 882.6
1251110 887.6
1251120 887.6
1251130 891.7
1251140 897.4
1251150 897.4
1251160 902.6
1251170 908.2
1251180 908.2
1251190 913.6
1251200 917.8
1251210 917.8
1251220 918.5
1251230 918.3
1251240 919.5
1251250 919.5
1251260 922.4
1251270 925.5
1251280 925.5
1251290 929.1
1251300 934.2
1251310 934.2
1251320 934.4
1251330 932.3
1251340 932.3
1251350 938.4
1251360 941.9
1251370 941.9
1251380 945.2
1251390 951.5
1251400 951.5
1251410 955.7
1251420 960.2
1251430 960.2
1251440 966.2
1251450 970.8
1251460 970.8
1251470 977.8
1251480 985.6
1251490 989.8
1251500 989.8
1251510 990.8
1251520 992.2
1251530 992.2
1251540 993.8
1251550 995.8
1251560 995.8
1251570 998.6
1251580 998.3
1251590 998.3
1251600 997.9
1251610 996.3
1251620 997.7
1251630 997.6
1251640 998.4
1251650 998.4
1251660 998.8
1251670 999.1
1251680 999.1
1251690 999.6
1251700 1000.7
1251710 1000.7
1251720 1001.8
1251730 1003.2
1251740 1003.7
1251750 1003.7
1251760 1003.8
1251770 1002.9
1251780 1002.9
1251790 1002.8
1251800 1003.1
1251810 1003.1
1251820 1003.8
1251830 1005.1
1251840 1005.1
1251850 1005.9
1251860 1006.4
1251870 1006.4
1251880 1007.1
1251890 1007.8
1251900 1007.8
1251910 1008.4
1251920 1009.0
1251930 1009.0
1251940 1010.0
1251950 1010.1
1251960 1010.1
1251970 1010.7
1251980 1011.7
1251990 1012.5
1252000 1012.5
1252010 1013.1
1252020 1013.5
1252030 1013.5
1252040 1013.7
1252050 1013.2
1252060 1013.2
1252070 1012.9
1252080 1013.4
1252090 1013.4
1252100 1014.5
1252110 1014.6
1252120 1014.6
1252130 1014.7
1252140 1015.0
1252150 1015.0
1252160 1015.1
1252170 1019.4
1252180 1019.4
1252190 1021.0
1252200 1022.4
1252210 1022.4
1252220 1022.9
1252230 1024.0
1252240 1025.1
1252250 1025.1
1252260 1026.0
1252270 1025.7
1252280 1025.7
1252290 1021.9
1252300 1016.7
1252310 1016.7
1252320 1013.0
1252330 1012.2
1252340 1012.2
1252350 1011.7
1252360 1012.8
1252370 1012.8
1252380 1015.6
1252390 1020.0
1252400 1020.0
1252410 1021.5
1252420 1022.0
1252430 1022.0
1252440 1022.4
1252450 1022.7
1252460 1022.7
1252470 1023.7
1252480 1025.7
1252490 1027.3
1252500 1027.3
1252510 1026.9
1252520 1026.1
1252530 1026.1
1252540 1022.7
1252550 1017.0
1252560 1017.0
1252570 1013.2
1252580 1011.4
1252590 1011.4
1252600 1010.7
1252610 1009.8
1252620 1009.8
1252630 1009.2
1252640 1009.5
1252650 1009.5
1252660 1007.4
1252670 1006.0
1252680 1006.0
1252690 1003.4
1252700 1000.3
1252710 1001.3
1252720 997.6
1252730 992.2
1252740 984.1
1252750 984.1
1252760 975.4
1252770 967.9
1252780 967.9
1252790 962.4
1252800 959.6
1252810 959.6
1252820 958.1
1252830 959.4
1252840 959.4
1252850 962.9
1252860 968.2
1252870 968.2
1252880 974.2
1252890 975.6
1252900 975.6
1252910 976.4
1252920 978.3
1252930 978.3
1252940 980.1
1252950 983.8
1252960 983.8
1252970 989.1
1252980 994.2
1252990 996.5
1253000 996.5
1253010 997.3
1253020 999.9
1253030 999.9
1253040 1004.1
1253050 1008.9
1253060 1008.9
1253070 1014.0
1253080 1018.7
1253090 1018.7
1253100 1020.7
1253110 1020.9
1253120 1020.9
1253130 1019.5
1253140 1016.7
1253150 1016.7
1253160 1014.8
1253170 1013.3
1253180 1013.3
1253190 1013.3
1253200 1014.3
1253210 1014.3
1253220 1014.3
1253230 1014.6
1253240 1014.1
1253250 1014.1
1253260 1015.9
1253270 1017.0
1253280 1017.0
1253290 1019.5
1253300 1019.7
1253310 1019.7
1253320 1019.8
1253330 1020.3
1253340 1020.3
1253350 1020.5
1253360 1019.7
1253370 1019.7
1253380 1016.1
1253390 1015.8
1253400 1015.8
1253410 1016.3
1253420 1016.2
1253430 1016.2
1253440 1018.3
1253450 1019.5
1253460 1019.5
1253470 1020.2
1253480 1020.2
1253490 1020.1
1253500 1020.1
1253510 1020.4
1253520 1021.0
1253530 1021.0
1253540 1021.8
1253550 1022.1
1253560 1022.1
1253570 1020.6
1253580 1018.1
1253590 1018.1
1253600 1016.3
1253610 1016.1
1253620 1016.1
1253630 1016.3
1253640 1016.0
1253650 1016.0
1253660 1015.3
1253670 1014.5
1253680 1014.5
1253690 1013.5
1253700 1012.5
1253710 1012.5
1253720 1011.2
1253730 1009.5
1253740 1007.9
1253750 1007.9
1253760 1007.2
1253770 1005.7
1253780 1005.7
1253790 1003.6
1253800 1000.8
1253810 1002.6
1253820 999.6
1253830 996.5
1253840 996.5
1253850 994.5
1253860 992.7
1253870 992.7
1253880 991.0
1253890 989.2
1253900 989.2
1253910 987.2
1253920 985.9
1253930 985.9
1253940 984.9
1253950 983.7
1253960 983.7
1253970 982.6
1253980 981.3
1253990 981.3
1254000 979.5
1254010 977.1
1254020 974.2
1254030 974.2
1254040 971.4
1254050 969.2
1254060 969.2
1254070 967.1
1254080 965.6
1254090 965.6
1254100 963.9
1254110 962.0
1254120 962.0
1254130 960.9
1254140 960.2
1254150 960.2
1254160 959.4
1254170 958.7
1254180 958.7
1254190 958.0
1254200 958.1
1254210 958.1
1254220 958.4
1254230 958.7
1254240 958.7
1254250 959.0
1254260 959.2
1254270 959.7
1254280 959.7
1254290 960.2
1254300 960.2
1254310 960.2
1254320 960.0
1254330 960.1
1254340 960.1
1254350 960.5
1254360 963.0
1254370 963.0
1254380 963.1
1254390 963.3
1254400 963.3
1254410 963.5
1254420 963.5
1254430 963.5
1254440 963.1
1254450 962.6
1254460 962.6
1254470 962.0
1254480 961.4
1254490 961.4
1254500 960.7
1254510 959.8
1254520 958.8
1254530 958.8
1254540 957.7
1254550 956.8
1254560 956.8
1254570 956.4
1254580 956.3
1254590 956.3
1254600 956.0
1254610 956.0
1254620 956.0
1254630 955.9
1254640 956.0
1254650 956.0
1254660 956.2
1254670 956.6
1254680 956.6
1254690 956.9
1254700 957.2
1254710 957.2
1254720 957.2
1254730 957.1
1254740 957.1
1254750 957.0
1254760 957.0
1254770 957.1
1254780 957.1
1254790 957.3
1254800 957.0
1254810 957.0
1254820 956.1
1254830 955.1
1254840 955.1
1254850 954.1
1254860 953.1
1254870 953.1
1254880 952.4
1254890 951.8
1254900 951.8
1254910 950.9
1254920 951.5
1254930 951.5
1254940 950.9
1254950 950.3
1254960 950.3
1254970 949.5
1254980 948.8
1254990 948.8
1255000 947.9
1255010 947.0
1255020 946.3
1255030 946.3
1255040 945.8
1255050 945.1
1255060 945.1
1255070 944.4
1255080 943.9
1255090 943.9
1255100 943.5
1255110 943.0
1255120 943.0
1255130 942.4
1255140 941.6
1255150 941.6
1255160 940.6
1255170 940.1
1255180 940.1
1255190 939.4
1255200 938.1
1255210 938.1
1255220 938.1
1255230 938.1
1255240 938.1
1255250 937.3
1255260 934.9
1255270 932.6
1255280 932.6
1255290 932.2
1255300 931.8
1255310 931.8
1255320 931.3
1255330 930.8
1255340 930.8
1255350 930.8
1255360 930.8
1255370 930.8
1255380 930.7
1255390 930.7
1255400 930.7
1255410 930.7
1255420 930.7
1255430 930.7
1255440 930.5
1255450 930.8
1255460 930.8
1255470 931.7
1255480 930.7
1255490 930.7
1255500 931.7
1255510 931.7
1255520 931.5
1255530 931.5
1255540 931.5
1255550 931.2
1255560 931.2
1255570 930.2
1255580 930.2
1255590 930.2
1255600 930.4
1255610 929.7
1255620 929.7
1255630 929.1
1255640 929.1
1255650 929.1
1255660 928.4
1255670 927.5
1255680 927.5
1255690 927.0
1255700 926.1
1255710 926.1
1255720 925.2
1255730 924.3
1255740 924.3
1255750 923.3
1255760 923.0
1255770 922.5
1255780 922.5
1255790 922.4
1255800 922.1
1255810 922.1
1255820 921.0
1255830 919.8
1255840 919.8
1255850 919.3
1255860 918.2
1255870 918.2
1255880 917.6
1255890 917.3
1255900 917.3
1255910 916.7
1255920 916.3
1255930 916.3
1255940 917.4
1255950 918.1
1255960 918.1
1255970 919.0
1255980 920.3
1255990 920.3
1256000 921.1
1256010 921.4
1256020 921.1
1256030 922.8
1256040 922.6
1256050 923.3
1256060 923.3
1256070 924.1
1256080 923.8
1256090 923.8
1256100 923.5
1256110 923.7
1256120 923.7
1256130 923.1
1256140 922.5
1256150 922.5
1256160 922.1
1256170 921.9
1256180 921.9
1256190 922.3
1256200 922.6
1256210 922.6
1256220 923.0
1256230 923.5
1256240 923.5
1256250 923.4
1256260 923.4
1256270 924.7
1256280 924.7
1256290 925.4
1256300 926.1
1256310 926.1
1256320 926.5
1256330 926.5
1256340 926.5
1256350 926.5
1256360 926.6
1256370 926.6
1256380 927.5
1256390 927.9
1256400 927.9
1256410 928.1
1256420 928.8
1256430 928.8
1256440 928.0
1256450 927.4
1256460 927.4
1256470 927.9
1256480 928.6
1256490 928.6
1256500 929.0
1256510 929.1
1256520 929.0
1256530 929.0
1256540 928.9
1256550 929.1
1256560 929.1
1256570 929.4
1256580 933.1
1256590 933.1
1256600 934.0
1256610 935.3
1256620 935.3
1256630 937.5
1256640 938.6
1256650 938.6
1256660 939.5
1256670 940.1
1256680 940.1
1256690 940.4
1256700 941.3
1256710 941.3
1256720 942.0
1256730 942.3
1256740 942.3
1256750 943.8
1256760 946.4
1256770 947.5
1256780 947.5
1256790 950.3
1256800 952.9
1256810 952.9
1256820 955.0
1256830 955.0
1256840 955.0
1256850 955.5
1256860 955.7
1256870 955.7
1256880 956.1
1256890 956.3
1256900 956.3
1256910 956.6
1256920 957.9
1256930 957.9
1256940 960.9
1256950 963.7
1256960 963.7
1256970 962.3
1256980 962.2
1256990 962.2
1257000 963.0
1257010 964.8
1257020 966.9
1257030 966.9
1257040 967.9
1257050 968.7
1257060 968.7
1257070 970.7
1257080 972.0
1257090 972.0
1257100 973.2
1257110 975.9
1257120 975.9
1257130 979.2
1257140 986.2
1257150 986.2
1257160 988.9
1257170 990.9
1257180 990.9
1257190 992.1
1257200 990.9
1257210 990.9
1257220 990.9
1257230 994.1
1257240 994.1
1257250 996.4
1257260 997.1
1257270 997.1
1257280 998.4
1257290 1001.1
1257300 1003.2
1257310 1003.2
1257320 1003.7
1257330 1004.0
1257340 1004.0
1257350 1004.7
1257360 1006.0
1257370 1006.0
1257380 1005.9
1257390 1003.8
1257400 1003.8
1257410 1004.1
1257420 1007.8
1257430 1007.8
1257440 1011.7
1257450 1014.1
1257460 1014.1
1257470 1015.0
1257480 1017.3
1257490 1017.3
1257500 1019.9
1257510 1019.7
1257520 1019.7
1257530 1016.9
1257540 1015.8
1257550 1017.7
1257560 1017.7
1257570 1020.3
1257580 1019.5
1257590 1019.5
1257600 1017.7
1257610 1017.7
1257620 1017.7
1257630 1019.8
1257640 1023.4
1257650 1023.4
1257660 1026.5
1257670 1027.2
1257680 1027.2
1257690 1030.2
1257700 1035.3
1257710 1035.3
1257720 1034.7
1257730 1035.9
1257740 1035.9
1257750 1036.4
1257760 1037.8
1257770 1037.8
1257780 1037.9
1257790 1039.1
1257800 1040.8
1257810 1040.8
1257820 1042.7
1257830 1044.2
1257840 1044.2
1257850 1045.9
1257860 1046.4
1257870 1046.4
1257880 1045.7
1257890 1045.6
1257900 1045.6
1257910 1045.0
1257920 1049.5
1257930 1049.5
1257940 1055.4
1257950 1060.3
1257960 1060.3
1257970 1064.2
1257980 1065.5
1257990 1065.5
1258000 1064.0
1258010 1063.3
1258020 1063.3
1258030 1064.8
1258040 1065.7
1258050 1063.4
1258060 1063.4
1258070 1063.5
1258080 1063.1
1258090 1063.1
1258100 1064.1
1258110 1064.8
1258120 1064.8
1258130 1058.6
1258140 1056.1
1258150 1056.1
1258160 1061.4
1258170 1067.1
1258180 1067.1
1258190 1069.1
1258200 1069.5
1258210 1069.5
1258220 1068.7
1258230 1069.2
1258240 1069.2
1258250 1070.2
1258260 1074.7
1258270 1074.7
1258280 1075.5
1258290 1076.6
1258300 1077.1
1258310 1077.1
1258320 1076.8
1258330 1077.0
1258340 1077.0
1258350 1076.8
1258360 1075.9
1258370 1075.9
1258380 1076.8
1258390 1077.7
1258400 1077.7
1258410 1077.4
1258420 1077.6
1258430 1077.6
1258440 1077.8
1258450 1079.1
1258460 1079.1
1258470 1081.7
1258480 1082.9
1258490 1082.9
1258500 1083.3
1258510 1083.7
1258520 1083.7
1258530 1084.0
1258540 1084.0
1258550 1084.2
1258560 1084.2
1258570 1084.1
1258580 1083.6
1258590 1083.6
1258600 1083.5
1258610 1083.8
1258620 1083.8
1258630 1083.8
1258640 1083.4
1258650 1083.4
1258660 1083.3
1258670 1083.4
1258680 1083.4
1258690 1083.7
1258700 1083.8
1258710 1083.8
1258720 1083.9
1258730 1084.2
1258740 1084.2
1258750 1084.7
1258760 1084.4
1258770 1084.4
1258780 1084.2
1258790 1084.1
1258800 1083.9
1258810 1083.9
1258820 1085.5
1258830 1085.9
1258840 1085.9
1258850 1085.9
1258860 1085.2
1258870 1085.2
1258880 1084.7
1258890 1084.2
1258900 1084.2
1258910 1083.3
1258920 1083.0
1258930 1083.0
1258940 1082.4
1258950 1077.9
1258960 1077.9
1258970 1073.6
1258980 1075.6
1258990 1075.6
1259000 1071.1
1259010 1072.6
1259020 1072.6
1259030 1079.0
1259040 1085.4
1259050 1086.3
1259060 1086.3
1259070 1085.6
1259080 1084.7
1259090 1084.7
1259100 1084.7
1259110 1085.4
1259120 1085.4
1259130 1084.4
1259140 1081.3
1259150 1081.3
1259160 1076.7
1259170 1070.5
1259180 1070.5
1259190 1064.5
1259200 1059.0
1259210 1059.0
1259220 1050.9
1259230 1042.0
1259240 1042.0
1259250 1035.2
1259260 1032.8
1259270 1032.8
1259280 1032.9
1259290 1034.3
1259300 1035.2
1259310 1035.2
1259320 1036.3
1259330 1042.0
1259340 1042.0
1259350 1050.8
1259360 1056.8
1259370 1056.8
1259380 1058.3
1259390 1060.7
1259400 1060.7
1259410 1061.7
1259420 1063.0
1259430 1063.0
1259440 1064.2
1259450 1065.1
1259460 1065.1
1259470 1068.0
1259480 1073.2
1259490 1073.2
1259500 1078.4
1259510 1080.9
1259520 1080.9
1259530 1082.0
1259540 1082.3
1259550 1082.5
1259560 1082.5
1259570 1082.6
1259580 1082.6
1259590 1082.6
1259600 1082.4
1259610 1081.8
1259620 1081.8
1259630 1081.9
1259640 1082.3
1259650 1082.3
1259660 1082.7
1259670 1082.9
1259680 1082.9
1259690 1083.2
1259700 1083.6
1259710 1083.6
1259720 1084.3
1259730 1084.7
1259740 1084.7
1259750 1084.3
1259760 1085.5
1259770 1085.5
1259780 1088.4
1259790 1090.5
1259800 1093.8
1259810 1093.8
1259820 1096.7
1259830 1100.2
1259840 1100.2
1259850 1104.2
1259860 1106.8
1259870 1106.8
1259880 1109.1
1259890 1110.7
1259900 1110.7
1259910 1113.3
1259920 1116.6
1259930 1116.6
1259940 1118.7
1259950 1122.7
1259960 1122.7
1259970 1123.6
1259980 1125.8
1259990 1125.8
