1240000 2469.8
1240010 2469.8
1240020 2470.6
1240030 2466.4
1240040 2466.4
1240050 2463.2
1240060 2462.6
1240070 2462.6
1240080 2464.1
1240090 2465.5
1240100 2465.5
1240110 2465.1
1240120 2465.3
1240130 2465.3
1240140 2467.1
1240150 2469.1
1240160 2469.1
1240170 2471.9
1240180 2477.7
1240190 2483.6
1240200 2483.6
1240210 2490.3
1240220 2498.8
1240230 2498.8
1240240 2510.8
1240250 2522.3
1240260 2522.3
1240270 2533.4
1240280 2538.0
1240290 2538.0
1240300 2531.4
1240310 2524.7
1240320 2524.7
1240330 2518.7
1240340 2512.9
1240350 2512.9
1240360 2506.7
1240370 2500.6
1240380 2500.6
1240390 2493.8
1240400 2484.7
1240410 2486.2
1240420 2478.0
1240430 2472.2
1240440 2472.2
1240450 2467.1
1240460 2462.0
1240470 2458.0
1240480 2458.0
1240490 2455.5
1240500 2453.0
1240510 2453.0
1240520 2449.0
1240530 2444.2
1240540 2444.2
1240550 2438.8
1240560 2435.7
1240570 2435.7
1240580 2434.4
1240590 2434.8
1240600 2434.8
1240610 2437.6
1240620 2441.8
1240630 2441.8
1240640 2445.9
1240650 2449.4
1240660 2449.4
1240670 2454.2
1240680 2457.3
1240690 2457.3
1240700 2462.5
1240710 2468.5
1240720 2468.6
1240730 2468.6
1240740 2469.9
1240750 2462.8
1240760 2462.8
1240770 2462.1
1240780 2466.8
1240790 2466.8
1240800 2477.3
1240810 2487.4
1240820 2487.4
1240830 2499.5
1240840 2514.1
1240850 2514.1
1240860 2526.6
1240870 2542.4
1240880 2542.4
1240890 2554.3
1240900 2564.3
1240910 2564.3
1240920 2575.4
1240930 2595.1
1240940 2595.1
1240950 2602.2
1240960 2604.4
1240970 2599.1
1240980 2599.1
1240990 2600.7
1241000 2608.1
1241010 2608.1
1241020 2615.8
1241030 2619.4
1241040 2619.4
1241050 2618.5
1241060 2618.3
1241070 2618.3
1241080 2626.8
1241090 2619.8
1241100 2619.8
1241110 2607.9
1241120 2594.0
1241130 2594.0
1241140 2575.1
1241150 2567.0
1241160 2567.0
1241170 2564.3
1241180 2564.7
1241190 2564.7
1241200 2563.6
1241210 2555.8
1241220 2546.8
1241230 2546.8
1241240 2538.1
1241250 2529.1
1241260 2529.1
1241270 2521.1
1241280 2514.4
1241290 2514.4
1241300 2509.3
1241310 2504.9
1241320 2504.9
1241330 2499.1
1241340 2496.7
1241350 2496.7
1241360 2498.0
1241370 2494.0
1241380 2494.0
1241390 2487.3
1241400 2486.4
1241410 2486.4
1241420 2492.0
1241430 2492.0
1241440 2492.0
1241450 2479.9
1241460 2469.5
1241470 2461.9
1241480 2461.9
1241490 2455.5
1241500 2449.2
1241510 2449.2
1241520 2443.8
1241530 2437.8
1241540 2437.8
1241550 2431.5
1241560 2426.2
1241570 2426.2
1241580 2420.4
1241590 2415.0
1241600 2415.0
1241610 2411.8
1241620 2408.0
1241630 2408.0
1241640 2402.3
1241650 2401.3
1241660 2401.3
1241670 2404.4
1241680 2408.9
1241690 2408.9
1241700 2413.4
1241710 2418.9
1241720 2425.0
1241730 2425.0
1241740 2427.4
1241750 2426.6
1241760 2426.6
1241770 2427.3
1241780 2428.8
1241790 2428.8
1241800 2431.7
1241810 2433.4
1241820 2433.4
1241830 2433.5
1241840 2432.8
1241850 2432.8
1241860 2431.0
1241870 2429.2
1241880 2429.2
1241890 2426.3
1241900 2424.0
1241910 2424.0
1241920 2423.6
1241930 2422.0
1241940 2422.0
1241950 2420.9
1241960 2419.3
1241970 2413.3
1241980 2413.3
1241990 2411.2
1242000 2409.7
1242010 2409.7
1242020 2407.9
1242030 2402.6
1242040 2402.6
1242050 2393.6
1242060 2384.9
1242070 2384.9
1242080 2377.3
1242090 2370.6
1242100 2370.6
1242110 2365.6
1242120 2360.0
1242130 2360.0
1242140 2353.9
1242150 2347.6
1242160 2347.6
1242170 2340.6
1242180 2333.0
1242190 2333.0
1242200 2324.9
1242210 2316.4
1242220 2308.0
1242230 2308.0
1242240 2299.6
1242250 2291.6
1242260 2291.6
1242270 2284.0
1242280 2276.6
1242290 2276.6
1242300 2271.2
1242310 2268.0
1242320 2268.0
1242330 2266.5
1242340 2266.6
1242350 2266.6
1242360 2265.6
1242370 2261.0
1242380 2261.0
1242390 2255.5
1242400 2252.0
1242410 2252.0
1242420 2249.7
1242430 2249.7
1242440 2249.7
1242450 2249.3
1242460 2249.3
1242470 2250.1
1242480 2250.1
1242490 2251.3
1242500 2245.0
1242510 2245.0
1242520 2245.9
1242530 2246.4
1242540 2246.4
1242550 2246.0
1242560 2245.9
1242570 2245.9
1242580 2244.6
1242590 2242.5
1242600 2242.5
1242610 2239.8
1242620 2235.1
1242630 2235.1
1242640 2229.4
1242650 2224.0
1242660 2224.0
1242670 2218.6
1242680 2213.4
1242690 2213.4
1242700 2209.1
1242710 2204.5
1242720 2201.5
1242730 2201.5
1242740 2199.6
1242750 2197.3
1242760 2197.3
1242770 2195.1
1242780 2193.5
1242790 2193.5
1242800 2192.1
1242810 2190.2
1242820 2190.2
1242830 2188.5
1242840 2188.2
1242850 2188.2
1242860 2187.7
1242870 2187.3
1242880 2187.3
1242890 2187.3
1242900 2187.4
1242910 2187.4
1242920 2185.2
1242930 2183.4
1242940 2183.4
1242950 2182.5
1242960 2181.9
1242970 2181.6
1242980 2181.6
1242990 2181.4
1243000 2181.7
1243010 2181.7
1243020 2176.8
1243030 2176.9
1243040 2176.9
1243050 2178.1
1243060 2179.5
1243070 2179.5
1243080 2179.0
1243090 2178.0
1243100 2178.0
1243110 2176.8
1243120 2176.1
1243130 2176.1
1243140 2174.3
1243150 2171.5
1243160 2171.5
1243170 2167.4
1243180 2163.8
1243190 2163.8
1243200 2162.6
1243210 2159.4
1243220 2155.2
1243230 2155.2
1243240 2152.0
1243250 2148.7
1243260 2148.7
1243270 2145.5
1243280 2142.3
1243290 2142.3
1243300 2138.0
1243310 2132.0
1243320 2132.0
1243330 2127.8
1243340 2123.1
1243350 2123.1
1243360 2120.0
1243370 2117.8
1243380 2117.8
1243390 2117.2
1243400 2116.6
1243410 2116.6
1243420 2114.2
1243430 2110.2
1243440 2110.2
1243450 2105.0
1243460 2099.5
1243470 2094.4
1243480 2094.4
1243490 2090.3
1243500 2086.9
1243510 2086.9
1243520 2084.3
1243530 2082.9
1243540 2082.9
1243550 2076.6
1243560 2076.9
1243570 2076.9
1243580 2077.3
1243590 2075.1
1243600 2075.1
1243610 2070.9
1243620 2065.7
1243630 2065.7
1243640 2059.5
1243650 2053.4
1243660 2053.4
1243670 2048.6
1243680 2045.6
1243690 2045.6
1243700 2043.2
1243710 2040.8
1243720 2039.2
1243730 2039.2
1243740 2037.7
1243750 2037.1
1243760 2037.1
1243770 2036.8
1243780 2036.6
1243790 2036.6
1243800 2038.3
1243810 2039.0
1243820 2039.0
1243830 2039.2
1243840 2036.4
1243850 2036.4
1243860 2030.6
1243870 2025.7
1243880 2025.7
1243890 2021.3
1243900 2017.3
1243910 2017.3
1243920 2013.5
1243930 2009.4
1243940 2009.4
1243950 2005.5
1243960 2002.1
1243970 1998.8
1243980 1998.8
1243990 1995.6
1244000 1993.1
1244010 1993.1
1244020 1992.4
1244030 1991.8
1244040 1991.8
1244050 1991.1
1244060 1989.6
1244070 1989.6
1244080 1984.5
1244090 1984.5
1244100 1984.5
1244110 1984.4
1244120 1983.1
1244130 1983.1
1244140 1980.4
1244150 1977.4
1244160 1977.4
1244170 1972.9
1244180 1967.4
1244190 1967.4
1244200 1964.4
1244210 1962.1
1244220 1959.4
1244230 1959.4
1244240 1955.6
1244250 1951.3
1244260 1951.3
1244270 1947.3
1244280 1943.4
1244290 1943.4
1244300 1939.4
1244310 1935.8
1244320 1935.8
1244330 1931.0
1244340 1925.8
1244350 1925.8
1244360 1921.7
1244370 1916.9
1244380 1916.9
1244390 1912.5
1244400 1907.4
1244410 1907.4
1244420 1902.0
1244430 1897.1
1244440 1897.1
1244450 1893.8
1244460 1891.0
1244470 1888.1
1244480 1888.1
1244490 1886.3
1244500 1884.8
1244510 1884.8
1244520 1882.9
1244530 1882.0
1244540 1882.0
1244550 1880.3
1244560 1877.4
1244570 1877.4
1244580 1874.2
1244590 1871.6
1244600 1871.6
1244610 1865.3
1244620 1864.3
1244630 1864.3
1244640 1862.9
1244650 1860.3
1244660 1860.3
1244670 1857.1
1244680 1854.2
1244690 1854.2
1244700 1851.6
1244710 1848.7
1244720 1846.5
1244730 1846.5
1244740 1843.4
1244750 1843.1
1244760 1843.1
1244770 1843.0
1244780 1842.6
1244790 1842.6
1244800 1840.8
1244810 1837.7
1244820 1837.7
1244830 1837.4
1244840 1838.8
1244850 1838.8
1244860 1839.9
1244870 1839.6
1244880 1839.6
1244890 1839.0
1244900 1838.7
1244910 1838.7
1244920 1838.3
1244930 1838.1
1244940 1838.1
1244950 1837.4
1244960 1836.0
1244970 1834.4
1244980 1834.4
1244990 1832.0
1245000 1828.8
1245010 1828.8
1245020 1825.0
1245030 1820.2
1245040 1820.2
1245050 1816.9
1245060 1815.2
1245070 1815.2
1245080 1813.6
1245090 1811.7
1245100 1811.7
1245110 1810.4
1245120 1809.6
1245130 1809.6
1245140 1803.9
1245150 1805.3
1245160 1805.3
1245170 1806.5
1245180 1807.5
1245190 1807.5
1245200 1809.4
1245210 1811.6
1245220 1813.2
1245230 1813.2
1245240 1813.9
1245250 1814.4
1245260 1814.4
1245270 1815.2
1245280 1815.1
1245290 1815.1
1245300 1815.2
1245310 1815.0
1245320 1815.0
1245330 1814.4
1245340 1814.6
1245350 1814.6
1245360 1815.2
1245370 1815.2
1245380 1815.2
1245390 1815.0
1245400 1815.5
1245410 1815.5
1245420 1817.3
1245430 1819.6
1245440 1819.6
1245450 1821.3
1245460 1821.9
1245470 1822.0
1245480 1822.0
1245490 1821.6
1245500 1821.2
1245510 1821.2
1245520 1820.2
1245530 1818.4
1245540 1818.4
1245550 1814.9
1245560 1811.1
1245570 1811.1
1245580 1807.6
1245590 1804.4
1245600 1804.4
1245610 1801.8
1245620 1799.3
1245630 1799.3
1245640 1797.2
1245650 1795.4
1245660 1795.4
1245670 1789.1
1245680 1785.7
1245690 1785.7
1245700 1779.1
1245710 1772.0
1245720 1765.1
1245730 1765.1
1245740 1757.7
1245750 1752.4
1245760 1752.4
1245770 1750.8
1245780 1751.9
1245790 1751.9
1245800 1752.4
1245810 1754.2
1245820 1754.2
1245830 1756.8
1245840 1758.7
1245850 1758.7
1245860 1760.4
1245870 1762.3
1245880 1762.3
1245890 1763.3
1245900 1762.8
1245910 1762.8
1245920 1760.8
1245930 1757.6
1245940 1757.6
1245950 1755.4
1245960 1754.3
1245970 1754.3
1245980 1753.0
1245990 1751.1
1246000 1747.3
1246010 1747.3
1246020 1742.2
1246030 1738.7
1246040 1738.7
1246050 1740.9
1246060 1743.3
1246070 1743.3
1246080 1744.4
1246090 1744.1
1246100 1744.1
1246110 1742.7
1246120 1740.2
1246130 1740.2
1246140 1736.0
1246150 1733.2
1246160 1733.2
1246170 1731.3
1246180 1729.6
1246190 1729.6
1246200 1728.0
1246210 1719.8
1246220 1719.8
1246230 1717.7
1246240 1713.8
1246250 1711.4
1246260 1711.4
1246270 1711.2
1246280 1708.8
1246290 1708.8
1246300 1705.5
1246310 1702.2
1246320 1702.2
1246330 1698.2
1246340 1693.6
1246350 1693.6
1246360 1688.6
1246370 1683.7
1246380 1683.7
1246390 1679.4
1246400 1675.5
1246410 1675.5
1246420 1671.6
1246430 1667.6
1246440 1667.6
1246450 1663.3
1246460 1660.1
1246470 1660.1
1246480 1655.7
1246490 1649.6
1246500 1643.7
1246510 1643.7
1246520 1641.7
1246530 1640.3
1246540 1640.3
1246550 1637.5
1246560 1634.4
1246570 1634.4
1246580 1630.9
1246590 1627.9
1246600 1627.9
1246610 1623.3
1246620 1618.4
1246630 1618.4
1246640 1615.9
1246650 1612.4
1246660 1612.4
1246670 1605.9
1246680 1600.5
1246690 1600.5
1246700 1594.9
1246710 1590.8
1246720 1590.8
1246730 1587.8
1246740 1579.0
1246750 1575.7
1246760 1575.7
1246770 1571.5
1246780 1567.2
1246790 1567.2
1246800 1562.1
1246810 1556.5
1246820 1556.5
1246830 1550.5
1246840 1543.8
1246850 1543.8
1246860 1539.0
1246870 1535.9
1246880 1535.9
1246890 1533.2
1246900 1529.7
1246910 1529.7
1246920 1526.1
1246930 1523.1
1246940 1523.1
1246950 1520.0
1246960 1515.7
1246970 1515.7
1246980 1510.7
1246990 1505.4
1247000 1500.5
1247010 1500.5
1247020 1495.0
1247030 1488.8
1247040 1488.8
1247050 1482.4
1247060 1476.7
1247070 1476.7
1247080 1472.5
1247090 1467.8
1247100 1467.8
1247110 1462.3
1247120 1456.4
1247130 1456.4
1247140 1450.2
1247150 1443.8
1247160 1443.8
1247170 1438.4
1247180 1434.1
1247190 1434.1
1247200 1429.7
1247210 1423.3
1247220 1423.3
1247230 1417.8
1247240 1414.1
1247250 1409.9
1247260 1409.9
1247270 1405.0
1247280 1395.3
1247290 1395.3
1247300 1388.7
1247310 1379.0
1247320 1379.0
1247330 1368.8
1247340 1359.7
1247350 1359.7
1247360 1351.1
1247370 1341.0
1247380 1341.0
1247390 1331.4
1247400 1322.6
1247410 1322.6
1247420 1310.4
1247430 1307.6
1247440 1307.6
1247450 1311.0
1247460 1315.7
1247470 1315.7
1247480 1319.5
1247490 1317.0
1247500 1309.2
1247510 1309.2
1247520 1300.8
1247530 1292.5
1247540 1292.5
1247550 1288.0
1247560 1292.4
1247570 1292.4
1247580 1296.7
1247590 1300.4
1247600 1300.4
1247610 1304.3
1247620 1307.9
1247630 1307.9
1247640 1310.1
1247650 1311.6
1247660 1311.6
1247670 1311.5
1247680 1308.9
1247690 1308.9
1247700 1308.2
1247710 1309.2
1247720 1309.2
1247730 1308.8
1247740 1307.4
1247750 1305.7
1247760 1305.7
1247770 1303.5
1247780 1302.1
1247790 1302.1
1247800 1300.8
1247810 1293.5
1247820 1293.5
1247830 1291.3
1247840 1289.0
1247850 1289.0
1247860 1286.5
1247870 1284.1
1247880 1284.1
1247890 1281.7
1247900 1279.2
1247910 1279.2
1247920 1277.0
1247930 1274.7
1247940 1274.7
1247950 1272.1
1247960 1268.9
1247970 1268.9
1247980 1266.0
1247990 1263.5
1248000 1260.9
1248010 1260.9
1248020 1258.2
1248030 1255.5
1248040 1255.5
1248050 1252.5
1248060 1249.9
1248070 1249.9
1248080 1247.4
1248090 1244.2
1248100 1244.2
1248110 1241.2
1248120 1237.0
1248130 1237.0
1248140 1232.8
1248150 1229.7
1248160 1229.7
1248170 1226.9
1248180 1224.1
1248190 1224.1
1248200 1220.7
1248210 1217.2
1248220 1217.2
1248230 1214.2
1248240 1211.5
1248250 1208.8
1248260 1208.8
1248270 1205.9
1248280 1203.0
1248290 1203.0
1248300 1200.1
1248310 1197.1
1248320 1197.1
1248330 1194.2
1248340 1190.5
1248350 1185.8
1248360 1182.8
1248370 1179.7
1248380 1179.7
1248390 1177.1
1248400 1174.6
1248410 1174.6
1248420 1172.1
1248430 1169.2
1248440 1169.2
1248450 1165.4
1248460 1161.9
1248470 1161.9
1248480 1158.8
1248490 1156.4
1248500 1154.1
1248510 1154.1
1248520 1151.6
1248530 1149.1
1248540 1149.1
1248550 1146.8
1248560 1144.0
1248570 1144.0
1248580 1140.4
1248590 1137.0
1248600 1137.0
1248610 1134.1
1248620 1131.5
1248630 1131.5
1248640 1130.1
1248650 1128.6
1248660 1128.6
1248670 1126.2
1248680 1123.7
1248690 1123.7
1248700 1120.9
1248710 1117.1
1248720 1117.1
1248730 1112.4
1248740 1107.5
1248750 1102.0
1248760 1102.0
1248770 1096.6
1248780 1092.5
1248790 1092.5
1248800 1088.2
1248810 1083.6
1248820 1083.6
1248830 1079.2
1248840 1075.0
1248850 1075.0
1248860 1070.9
1248870 1066.5
1248880 1066.5
1248890 1060.4
1248900 1056.0
1248910 1056.0
1248920 1052.6
1248930 1049.1
1248940 1049.1
1248950 1046.0
1248960 1043.6
1248970 1043.6
1248980 1039.7
1248990 1037.2
1249000 1034.9
1249010 1034.9
1249020 1032.5
1249030 1030.8
1249040 1030.8
1249050 1029.0
1249060 1028.3
1249070 1028.3
1249080 1027.0
1249090 1023.2
1249100 1023.2
1249110 1018.6
1249120 1014.3
1249130 1014.3
1249140 1009.7
1249150 1005.0
1249160 1005.0
1249170 999.9
1249180 994.9
1249190 994.9
1249200 990.0
1249210 984.6
1249220 984.6
1249230 977.8
1249240 970.6
1249250 964.3
1249260 964.3
1249270 958.4
1249280 954.4
1249290 954.4
1249300 950.2
1249310 946.3
1249320 946.3
1249330 942.4
1249340 938.3
1249350 938.3
1249360 934.5
1249370 931.5
1249380 931.5
1249390 928.8
1249400 926.6
1249410 926.6
1249420 924.5
1249430 916.1
1249440 916.1
1249450 910.1
1249460 901.6
1249470 901.6
1249480 892.7
1249490 885.6
1249500 877.5
1249510 877.5
1249520 870.3
1249530 868.5
1249540 868.5
1249550 866.2
1249560 863.6
1249570 863.6
1249580 862.0
1249590 861.9
1249600 861.9
1249610 863.5
1249620 864.6
1249630 864.6
1249640 864.3
1249650 864.5
1249660 864.5
1249670 868.7
1249680 877.8
1249690 877.8
1249700 883.3
1249710 885.3
1249720 885.3
1249730 885.9
1249740 887.6
1249750 892.2
1249760 892.2
1249770 900.1
1249780 908.2
1249790 908.2
1249800 916.7
1249810 925.3
1249820 925.3
1249830 934.2
1249840 943.6
1249850 943.6
1249860 952.9
1249870 960.5
1249880 960.5
1249890 966.7
1249900 970.4
1249910 970.4
1249920 974.4
1249930 980.3
1249940 980.3
1249950 985.4
1249960 989.3
1249970 991.7
1249980 998.2
1249990 1002.9
1250000 1002.3
1250010 1002.3
1250020 999.5
1250030 1000.6
1250040 1000.6
1250050 1004.5
1250060 1007.0
1250070 1007.0
1250080 1005.7
1250090 1004.5
1250100 1004.5
1250110 1006.0
1250120 1010.9
1250130 1010.9
1250140 1010.8
1250150 1008.0
1250160 1008.0
1250170 1006.7
1250180 1008.5
1250190 1008.5
1250200 1013.2
1250210 1019.0
1250220 1019.0
1250230 1025.4
1250240 1031.9
1250250 1038.3
1250260 1038.3
1250270 1042.3
1250280 1042.9
1250290 1042.9
1250300 1043.0
1250310 1042.8
1250320 1042.8
1250330 1042.4
1250340 1042.4
1250350 1042.4
1250360 1042.4
1250370 1043.3
1250380 1043.3
1250390 1044.5
1250400 1045.1
1250410 1045.1
1250420 1045.7
1250430 1047.2
1250440 1047.2
1250450 1048.9
1250460 1050.2
1250470 1050.2
1250480 1051.3
1250490 1052.1
1250500 1054.3
1250510 1056.6
1250520 1060.2
1250530 1064.0
1250540 1064.0
1250550 1067.4
1250560 1070.5
1250570 1070.5
1250580 1073.2
1250590 1076.6
1250600 1076.6
1250610 1080.0
1250620 1082.9
1250630 1082.9
1250640 1085.6
1250650 1088.3
1250660 1088.3
1250670 1091.0
1250680 1093.6
1250690 1093.6
1250700 1096.1
1250710 1098.8
1250720 1098.8
1250730 1101.4
1250740 1103.7
1250750 1106.3
1250760 1106.3
1250770 1108.8
1250780 1111.2
1250790 1111.2
1250800 1114.0
1250810 1116.8
1250820 1116.8
1250830 1119.6
1250840 1122.7
1250850 1122.7
1250860 1125.8
1250870 1129.1
1250880 1129.1
1250890 1132.1
1250900 1135.4
1250910 1135.4
1250920 1138.6
1250930 1141.6
1250940 1141.6
1250950 1145.4
1250960 1149.3
1250970 1149.3
1250980 1152.7
1250990 1155.3
1251000 1157.6
1251010 1157.6
1251020 1160.9
1251030 1164.4
1251040 1164.4
1251050 1173.5
1251060 1176.5
1251070 1176.5
1251080 1179.4
1251090 1182.2
1251100 1182.2
1251110 1185.3
1251120 1188.5
1251130 1188.5
1251140 1191.4
1251150 1194.4
1251160 1194.4
1251170 1198.4
1251180 1202.1
1251190 1202.1
1251200 1205.0
1251210 1207.8
1251220 1207.8
1251230 1210.9
1251240 1214.2
1251250 1217.8
1251260 1217.8
1251270 1221.1
1251280 1224.0
1251290 1224.0
1251300 1226.3
1251310 1228.3
1251320 1228.3
1251330 1229.6
1251340 1230.3
1251350 1230.3
1251360 1232.6
1251370 1235.2
1251380 1235.2
1251390 1236.6
1251400 1238.5
1251410 1238.5
1251420 1241.3
1251430 1243.8
1251440 1243.8
1251450 1246.3
1251460 1249.6
1251470 1249.6
1251480 1253.4
1251490 1256.3
1251500 1258.3
1251510 1258.3
1251520 1260.3
1251530 1262.7
1251540 1262.7
1251550 1265.9
1251560 1269.1
1251570 1269.1
1251580 1270.9
1251590 1273.2
1251600 1278.2
1251610 1280.6
1251620 1283.6
1251630 1283.6
1251640 1287.1
1251650 1290.9
1251660 1290.9
1251670 1293.6
1251680 1296.1
1251690 1296.1
1251700 1298.1
1251710 1299.7
1251720 1299.7
1251730 1301.1
1251740 1302.1
1251750 1302.7
1251760 1302.7
1251770 1303.6
1251780 1304.0
1251790 1304.0
1251800 1303.5
1251810 1302.7
1251820 1302.7
1251830 1302.0
1251840 1301.2
1251850 1301.2
1251860 1299.9
1251870 1299.1
1251880 1299.1
1251890 1298.8
1251900 1300.8
1251910 1300.8
1251920 1306.9
1251930 1311.8
1251940 1311.8
1251950 1312.0
1251960 1310.9
1251970 1310.9
1251980 1310.1
1251990 1308.6
1252000 1305.7
1252010 1305.7
1252020 1302.1
1252030 1298.3
1252040 1298.3
1252050 1293.6
1252060 1288.8
1252070 1288.8
1252080 1284.0
1252090 1279.3
1252100 1279.3
1252110 1274.2
1252120 1268.8
1252130 1268.8
1252140 1267.6
1252150 1261.8
1252160 1261.8
1252170 1255.8
1252180 1250.5
1252190 1250.5
1252200 1245.7
1252210 1240.7
1252220 1240.7
1252230 1235.1
1252240 1229.0
1252250 1222.8
1252260 1222.8
1252270 1215.5
1252280 1208.5
1252290 1208.5
1252300 1201.2
1252310 1193.5
1252320 1193.5
1252330 1186.1
1252340 1179.7
1252350 1179.7
1252360 1173.2
1252370 1166.8
1252380 1166.8
1252390 1160.4
1252400 1154.8
1252410 1154.8
1252420 1149.1
1252430 1142.6
1252440 1142.6
1252450 1136.5
1252460 1132.8
1252470 1132.8
1252480 1129.5
1252490 1125.4
1252500 1121.2
1252510 1121.2
1252520 1116.3
1252530 1110.4
1252540 1110.4
1252550 1104.5
1252560 1097.6
1252570 1097.6
1252580 1091.1
1252590 1085.4
1252600 1085.4
1252610 1080.7
1252620 1076.8
1252630 1076.8
1252640 1072.9
1252650 1068.9
1252660 1068.9
1252670 1065.1
1252680 1061.5
1252690 1062.9
1252700 1059.6
1252710 1056.2
1252720 1056.2
1252730 1053.5
1252740 1051.1
1252750 1047.0
1252760 1047.0
1252770 1040.3
1252780 1033.1
1252790 1033.1
1252800 1026.2
1252810 1023.6
1252820 1023.6
1252830 1023.5
1252840 1022.8
1252850 1022.8
1252860 1023.0
1252870 1024.0
1252880 1024.0
1252890 1024.2
1252900 1024.6
1252910 1024.6
1252920 1025.3
1252930 1027.7
1252940 1027.7
1252950 1032.4
1252960 1037.2
1252970 1037.2
1252980 1041.9
1252990 1046.9
1253000 1052.1
1253010 1052.1
1253020 1057.8
1253030 1064.4
1253040 1064.4
1253050 1071.3
1253060 1078.9
1253070 1078.9
1253080 1086.4
1253090 1095.4
1253100 1095.4
1253110 1104.3
1253120 1112.8
1253130 1112.8
1253140 1121.7
1253150 1132.0
1253160 1132.0
1253170 1142.7
1253180 1151.3
1253190 1151.3
1253200 1158.6
1253210 1165.7
1253220 1165.7
1253230 1173.4
1253240 1180.6
1253250 1188.3
1253260 1188.3
1253270 1196.6
1253280 1204.3
1253290 1204.3
1253300 1212.1
1253310 1219.8
1253320 1219.8
1253330 1226.9
1253340 1233.7
1253350 1233.7
1253360 1243.1
1253370 1252.4
1253380 1252.4
1253390 1261.1
1253400 1268.7
1253410 1268.7
1253420 1275.7
1253430 1282.4
1253440 1282.4
1253450 1289.1
1253460 1295.4
1253470 1295.4
1253480 1300.8
1253490 1305.5
1253500 1309.1
1253510 1309.1
1253520 1312.3
1253530 1315.2
1253540 1315.2
1253550 1318.2
1253560 1320.3
1253570 1320.3
1253580 1321.3
1253590 1321.9
1253600 1321.9
1253610 1323.1
1253620 1325.5
1253630 1325.5
1253640 1328.2
1253650 1330.9
1253660 1330.9
1253670 1332.6
1253680 1334.4
1253690 1334.4
1253700 1335.9
1253710 1337.4
1253720 1337.4
1253730 1338.4
1253740 1338.8
1253750 1338.8
1253760 1337.7
1253770 1335.8
1253780 1334.0
1253790 1339.2
1253800 1338.0
1253810 1336.8
1253820 1336.8
1253830 1335.6
1253840 1334.0
1253850 1334.0
1253860 1331.9
1253870 1329.5
1253880 1329.5
1253890 1328.0
1253900 1326.6
1253910 1326.6
1253920 1325.2
1253930 1323.9
1253940 1323.9
1253950 1321.4
1253960 1316.1
1253970 1316.1
1253980 1310.3
1253990 1305.7
1254000 1305.7
1254010 1301.8
1254020 1297.9
1254030 1293.9
1254040 1293.9
1254050 1289.9
1254060 1286.4
1254070 1286.4
1254080 1283.3
1254090 1279.3
1254100 1279.3
1254110 1275.3
1254120 1272.7
1254130 1272.7
1254140 1268.9
1254150 1268.5
1254160 1268.5
1254170 1267.7
1254180 1267.0
1254190 1267.0
1254200 1265.1
1254210 1261.6
1254220 1261.6
1254230 1258.4
1254240 1257.2
1254250 1257.2
1254260 1254.4
1254270 1250.9
1254280 1247.6
1254290 1247.6
1254300 1245.6
1254310 1242.0
1254320 1242.0
1254330 1237.8
1254340 1238.4
1254350 1238.4
1254360 1231.5
1254370 1223.3
1254380 1223.3
1254390 1218.8
1254400 1215.7
1254410 1215.7
1254420 1210.7
1254430 1205.7
1254440 1205.7
1254450 1207.9
1254460 1210.3
1254470 1210.3
1254480 1207.1
1254490 1203.3
1254500 1203.3
1254510 1197.8
1254520 1191.4
1254530 1189.8
1254540 1189.8
1254550 1192.1
1254560 1198.0
1254570 1198.0
1254580 1204.5
1254590 1209.2
1254600 1209.2
1254610 1210.9
1254620 1209.0
1254630 1209.0
1254640 1202.7
1254650 1197.4
1254660 1197.4
1254670 1195.9
1254680 1194.4
1254690 1194.4
1254700 1195.2
1254710 1195.1
1254720 1195.1
1254730 1192.7
1254740 1190.4
1254750 1190.4
1254760 1188.1
1254770 1185.9
1254780 1183.6
1254790 1183.6
1254800 1181.2
1254810 1178.8
1254820 1178.8
1254830 1177.1
1254840 1179.2
1254850 1179.2
1254860 1185.0
1254870 1189.8
1254880 1189.8
1254890 1197.6
1254900 1199.3
1254910 1199.3
1254920 1199.8
1254930 1200.2
1254940 1200.2
1254950 1198.5
1254960 1190.8
1254970 1190.8
1254980 1183.6
1254990 1177.4
1255000 1177.4
1255010 1170.8
1255020 1162.6
1255030 1154.5
1255040 1154.5
1255050 1145.7
1255060 1136.2
1255070 1136.2
1255080 1130.6
1255090 1133.9
1255100 1133.9
1255110 1141.8
1255120 1147.0
1255130 1147.0
1255140 1152.5
1255150 1159.8
1255160 1159.8
1255170 1166.4
1255180 1166.4
1255190 1166.4
1255200 1163.4
1255210 1159.7
1255220 1159.7
1255230 1155.5
1255240 1151.5
1255250 1151.5
1255260 1148.2
1255270 1144.1
1255280 1140.3
1255290 1140.3
1255300 1136.5
1255310 1132.5
1255320 1132.5
1255330 1128.1
1255340 1122.8
1255350 1122.8
1255360 1116.7
1255370 1109.4
1255380 1109.4
1255390 1103.6
1255400 1098.4
1255410 1098.4
1255420 1091.8
1255430 1084.9
1255440 1084.9
1255450 1087.8
1255460 1085.8
1255470 1085.8
1255480 1084.6
1255490 1080.4
1255500 1080.4
1255510 1077.5
1255520 1074.9
1255530 1070.4
1255540 1070.4
1255550 1066.8
1255560 1061.5
1255570 1061.5
1255580 1057.8
1255590 1054.2
1255600 1054.2
1255610 1049.0
1255620 1045.7
1255630 1045.7
1255640 1040.0
1255650 1033.7
1255660 1033.7
1255670 1030.3
1255680 1029.0
1255690 1029.0
1255700 1028.2
1255710 1032.4
1255720 1032.4
1255730 1042.5
1255740 1054.0
1255750 1054.0
1255760 1064.6
1255770 1068.5
1255780 1075.1
1255790 1075.1
1255800 1084.9
1255810 1087.8
1255820 1087.8
1255830 1093.0
1255840 1103.9
1255850 1103.9
1255860 1115.1
1255870 1118.6
1255880 1118.6
1255890 1127.3
1255900 1140.0
1255910 1140.0
1255920 1155.8
1255930 1172.9
1255940 1172.9
1255950 1179.7
1255960 1182.4
1255970 1182.4
1255980 1183.5
1255990 1183.6
1256000 1186.8
1256010 1187.3
1256020 1190.1
1256030 1193.5
1256040 1193.5
1256050 1195.4
1256060 1196.4
1256070 1196.4
1256080 1198.8
1256090 1200.2
1256100 1200.2
1256110 1201.9
1256120 1203.1
1256130 1203.1
1256140 1204.9
1256150 1206.0
1256160 1206.0
1256170 1205.8
1256180 1206.7
1256190 1206.7
1256200 1208.5
1256210 1210.0
1256220 1210.0
1256230 1210.8
1256240 1211.1
1256250 1211.1
1256260 1211.5
1256270 1212.0
1256280 1213.0
1256290 1213.0
1256300 1213.4
1256310 1213.7
1256320 1213.7
1256330 1213.9
1256340 1214.0
1256350 1214.0
1256360 1213.7
1256370 1212.3
1256380 1212.3
1256390 1210.7
1256400 1210.3
1256410 1210.3
1256420 1211.8
1256430 1213.5
1256440 1213.5
1256450 1216.3
1256460 1219.3
1256470 1219.3
1256480 1221.8
1256490 1223.8
1256500 1223.8
1256510 1224.7
1256520 1224.7
1256530 1224.8
1256540 1224.8
1256550 1226.0
1256560 1231.5
1256570 1231.5
1256580 1231.6
1256590 1232.0
1256600 1232.0
1256610 1233.0
1256620 1233.9
1256630 1233.9
1256640 1233.5
1256650 1233.6
1256660 1233.6
1256670 1232.8
1256680 1231.9
1256690 1231.9
1256700 1231.0
1256710 1228.9
1256720 1228.9
1256730 1229.8
1256740 1231.1
1256750 1231.1
1256760 1231.5
1256770 1233.3
1256780 1235.3
1256790 1235.3
1256800 1236.0
1256810 1237.1
1256820 1237.1
1256830 1239.0
1256840 1240.5
1256850 1240.5
1256860 1241.7
1256870 1243.0
1256880 1243.0
1256890 1244.3
1256900 1246.1
1256910 1246.1
1256920 1247.2
1256930 1248.5
1256940 1248.5
1256950 1250.0
1256960 1250.8
1256970 1250.8
1256980 1250.9
1256990 1251.1
1257000 1251.1
1257010 1251.6
1257020 1252.0
1257030 1252.3
1257040 1252.3
1257050 1252.8
1257060 1253.5
1257070 1253.5
1257080 1254.9
1257090 1256.3
1257100 1256.3
1257110 1257.0
1257120 1261.7
1257130 1261.7
1257140 1262.5
1257150 1262.8
1257160 1262.8
1257170 1263.0
1257180 1262.9
1257190 1262.9
1257200 1262.4
1257210 1261.0
1257220 1261.0
1257230 1260.5
1257240 1261.6
1257250 1261.6
1257260 1262.7
1257270 1263.6
1257280 1263.4
1257290 1263.4
1257300 1263.2
1257310 1264.1
1257320 1264.1
1257330 1265.4
1257340 1266.7
1257350 1266.7
1257360 1268.1
1257370 1270.2
1257380 1270.2
1257390 1272.2
1257400 1273.6
1257410 1273.6
1257420 1274.5
1257430 1275.7
1257440 1275.7
1257450 1277.2
1257460 1278.2
1257470 1278.2
1257480 1278.9
1257490 1279.8
1257500 1279.8
1257510 1280.5
1257520 1281.3
1257530 1281.6
1257540 1281.6
1257550 1281.8
1257560 1282.4
1257570 1282.4
1257580 1283.3
1257590 1284.5
1257600 1284.5
1257610 1286.0
1257620 1287.5
1257630 1287.5
1257640 1288.7
1257650 1290.2
1257660 1290.2
1257670 1292.0
1257680 1298.6
1257690 1298.6
1257700 1300.4
1257710 1301.9
1257720 1301.9
1257730 1304.1
1257740 1306.8
1257750 1306.8
1257760 1309.8
1257770 1312.5
1257780 1315.1
1257790 1315.1
1257800 1317.4
1257810 1320.0
1257820 1320.0
1257830 1322.3
1257840 1324.1
1257850 1324.1
1257860 1326.0
1257870 1328.4
1257880 1328.4
1257890 1330.6
1257900 1332.3
1257910 1332.3
1257920 1333.9
1257930 1335.3
1257940 1335.3
1257950 1336.7
1257960 1337.5
1257970 1337.5
1257980 1338.7
1257990 1340.1
1258000 1340.1
1258010 1340.4
1258020 1340.5
1258030 1340.9
1258040 1340.9
1258050 1340.8
1258060 1340.7
1258070 1340.7
1258080 1340.2
1258090 1339.4
1258100 1339.4
1258110 1339.4
1258120 1339.4
1258130 1339.4
1258140 1339.7
1258150 1339.5
1258160 1339.5
1258170 1339.7
1258180 1339.3
1258190 1339.3
1258200 1339.1
1258210 1339.4
1258220 1339.4
1258230 1339.3
1258240 1345.5
1258250 1345.5
1258260 1344.7
1258270 1344.8
1258280 1344.8
1258290 1344.8
1258300 1343.0
1258310 1345.2
1258320 1345.2
1258330 1345.9
1258340 1346.6
1258350 1346.6
1258360 1347.2
1258370 1345.8
1258380 1345.8
1258390 1345.5
1258400 1346.0
1258410 1346.0
1258420 1345.3
1258430 1345.3
1258440 1345.3
1258450 1345.0
1258460 1344.6
1258470 1344.6
1258480 1343.9
1258490 1343.1
1258500 1343.1
1258510 1342.4
1258520 1341.5
1258530 1340.5
1258540 1340.5
1258550 1338.9
1258560 1339.1
1258570 1339.1
1258580 1338.5
1258590 1337.4
1258600 1337.4
1258610 1336.6
1258620 1335.5
1258630 1335.5
1258640 1335.3
1258650 1332.8
1258660 1332.8
1258670 1330.2
1258680 1331.2
1258690 1331.2
1258700 1330.6
1258710 1329.2
1258720 1329.2
1258730 1327.8
1258740 1326.8
1258750 1326.8
1258760 1324.9
1258770 1322.8
1258780 1321.5
1258790 1321.5
1258800 1323.5
1258810 1322.1
1258820 1322.1
1258830 1320.8
1258840 1319.5
1258850 1319.5
1258860 1317.9
1258870 1316.4
1258880 1316.4
1258890 1314.4
1258900 1312.3
1258910 1312.3
1258920 1310.2
1258930 1306.9
1258940 1306.9
1258950 1303.1
1258960 1299.1
1258970 1299.1
1258980 1296.1
1258990 1293.3
1259000 1293.3
1259010 1290.5
1259020 1288.2
1259030 1285.8
1259040 1285.8
1259050 1280.5
1259060 1274.1
1259070 1274.1
1259080 1268.0
1259090 1261.2
1259100 1261.2
1259110 1254.4
1259120 1247.9
1259130 1247.9
1259140 1241.4
1259150 1234.9
1259160 1234.9
1259170 1228.6
1259180 1222.4
1259190 1222.4
1259200 1216.9
1259210 1212.1
1259220 1212.1
1259230 1206.8
1259240 1201.9
1259250 1201.9
1259260 1200.3
1259270 1197.5
1259280 1195.3
1259290 1195.3
1259300 1194.4
1259310 1189.6
1259320 1189.6
1259330 1181.5
1259340 1173.6
1259350 1173.6
1259360 1166.5
1259370 1164.0
1259380 1164.0
1259390 1166.7
1259400 1176.0
1259410 1176.0
1259420 1184.3
1259430 1192.1
1259440 1192.1
1259450 1198.5
1259460 1205.3
1259470 1205.3
1259480 1213.0
1259490 1221.2
1259500 1221.2
1259510 1230.0
1259520 1238.3
1259530 1244.6
1259540 1244.6
1259550 1250.0
1259560 1256.0
1259570 1256.0
1259580 1262.5
1259590 1267.2
1259600 1267.2
1259610 1270.3
1259620 1272.7
1259630 1272.7
1259640 1275.1
1259650 1278.4
1259660 1278.4
1259670 1282.9
1259680 1287.1
1259690 1287.1
1259700 1292.0
1259710 1296.1
1259720 1296.1
1259730 1299.0
1259740 1302.7
1259750 1302.7
1259760 1305.5
1259770 1308.4
1259780 1311.3
1259790 1311.3
1259800 1314.3
1259810 1317.3
1259820 1317.3
1259830 1319.7
1259840 1320.9
1259850 1320.9
1259860 1321.0
1259870 1321.7
1259880 1321.7
1259890 1323.8
1259900 1326.4
1259910 1326.4
1259920 1329.6
1259930 1336.9
1259940 1336.9
1259950 1340.0
1259960 1343.1
1259970 1343.1
1259980 1346.3
1259990 1348.9
