1240000 2082.2
1240010 2079.4
1240020 2079.4
1240030 2075.6
1240040 2072.0
1240050 2072.0
1240060 2069.2
1240070 2065.6
1240080 2065.6
1240090 2060.8
1240100 2057.6
1240110 2057.6
1240120 2057.0
1240130 2055.7
1240140 2055.7
1240150 2054.7
1240160 2053.3
1240170 2051.8
1240180 2051.8
1240190 2051.2
1240200 2050.7
1240210 2050.7
1240220 2050.9
1240230 2053.3
1240240 2053.3
1240250 2057.0
1240260 2059.9
1240270 2059.9
1240280 2061.4
1240290 2062.8
1240300 2062.8
1240310 2072.6
1240320 2077.9
1240330 2077.9
1240340 2084.7
1240350 2090.3
1240360 2090.3
1240370 2090.1
1240380 2120.6
1240390 2120.6
1240400 2126.0
1240410 2125.4
1240420 2123.4
1240430 2123.4
1240440 2115.9
1240450 2098.5
1240460 2098.5
1240470 2092.5
1240480 2088.1
1240490 2088.1
1240500 2087.0
1240510 2092.8
1240520 2092.8
1240530 2101.2
1240540 2115.0
1240550 2115.0
1240560 2127.5
1240570 2130.4
1240580 2130.4
1240590 2120.9
1240600 2108.7
1240610 2108.7
1240620 2099.9
1240630 2095.1
1240640 2095.1
1240650 2094.2
1240660 2094.2
1240670 2093.4
1240680 2093.4
1240690 2092.2
1240700 2090.7
1240710 2090.7
1240720 2088.0
1240730 2084.4
1240740 2084.4
1240750 2080.3
1240760 2073.6
1240770 2073.6
1240780 2068.7
1240790 2067.0
1240800 2067.0
1240810 2064.1
1240820 2060.2
1240830 2060.2
1240840 2057.0
1240850 2053.1
1240860 2053.1
1240870 2048.4
1240880 2043.9
1240890 2043.9
1240900 2039.4
1240910 2039.9
1240920 2036.8
1240930 2036.8
1240940 2037.0
1240950 2040.0
1240960 2040.0
1240970 2041.9
1240980 2042.8
1240990 2042.8
1241000 2043.3
1241010 2043.4
1241020 2043.4
1241030 2044.2
1241040 2045.7
1241050 2045.7
1241060 2048.3
1241070 2050.5
1241080 2050.5
1241090 2051.3
1241100 2051.4
1241110 2051.4
1241120 2052.3
1241130 2054.4
1241140 2054.4
1241150 2056.8
1241160 2059.6
1241170 2061.4
1241180 2061.4
1241190 2061.7
1241200 2060.3
1241210 2060.3
1241220 2059.7
1241230 2061.4
1241240 2061.4
1241250 2064.4
1241260 2067.2
1241270 2067.2
1241280 2067.4
1241290 2064.3
1241300 2064.3
1241310 2061.7
1241320 2060.6
1241330 2060.6
1241340 2058.5
1241350 2055.4
1241360 2055.4
1241370 2052.4
1241380 2049.9
1241390 2049.9
1241400 2043.3
1241410 2038.3
1241420 2036.2
1241430 2042.5
1241440 2040.0
1241450 2035.0
1241460 2035.0
1241470 2028.5
1241480 2030.4
1241490 2030.4
1241500 2037.6
1241510 2046.7
1241520 2046.7
1241530 2054.8
1241540 2057.9
1241550 2057.9
1241560 2058.6
1241570 2064.0
1241580 2064.0
1241590 2073.5
1241600 2080.2
1241610 2080.2
1241620 2086.7
1241630 2093.6
1241640 2093.6
1241650 2098.9
1241660 2105.6
1241670 2105.6
1241680 2109.0
1241690 2110.3
1241700 2112.8
1241710 2112.8
1241720 2119.0
1241730 2127.3
1241740 2127.3
1241750 2135.4
1241760 2143.0
1241770 2143.0
1241780 2150.8
1241790 2159.0
1241800 2159.0
1241810 2167.4
1241820 2176.1
1241830 2176.1
1241840 2185.0
1241850 2194.3
1241860 2194.3
1241870 2202.8
1241880 2208.3
1241890 2208.3
1241900 2211.6
1241910 2216.5
1241920 2216.5
1241930 2221.3
1241940 2226.4
1241950 2238.2
1241960 2238.2
1241970 2242.5
1241980 2242.2
1241990 2242.2
1242000 2239.5
1242010 2235.9
1242020 2235.9
1242030 2231.5
1242040 2226.9
1242050 2226.9
1242060 2222.1
1242070 2217.9
1242080 2217.9
1242090 2213.7
1242100 2209.7
1242110 2209.7
1242120 2205.7
1242130 2201.6
1242140 2201.6
1242150 2197.7
1242160 2193.9
1242170 2193.9
1242180 2189.3
1242190 2184.6
1242200 2179.7
1242210 2179.7
1242220 2173.7
1242230 2167.5
1242240 2167.5
1242250 2161.4
1242260 2155.0
1242270 2155.0
1242280 2148.5
1242290 2141.7
1242300 2141.7
1242310 2134.8
1242320 2128.1
1242330 2128.1
1242340 2121.3
1242350 2114.2
1242360 2114.2
1242370 2107.1
1242380 2100.6
1242390 2100.6
1242400 2094.4
1242410 2088.9
1242420 2088.9
1242430 2083.5
1242440 2078.1
1242450 2072.6
1242460 2072.6
1242470 2066.6
1242480 2061.3
1242490 2061.3
1242500 2056.0
1242510 2050.7
1242520 2050.7
1242530 2045.7
1242540 2041.9
1242550 2041.9
1242560 2039.1
1242570 2037.3
1242580 2037.3
1242590 2035.6
1242600 2032.9
1242610 2032.9
1242620 2029.2
1242630 2025.3
1242640 2025.3
1242650 2020.6
1242660 2015.7
1242670 2015.7
1242680 2010.7
1242690 2005.9
1242700 2001.1
1242710 2001.1
1242720 1996.4
1242730 1993.4
1242740 1993.4
1242750 1991.0
1242760 1988.0
1242770 1988.0
1242780 1985.7
1242790 1984.8
1242800 1984.8
1242810 1983.5
1242820 1980.9
1242830 1980.9
1242840 1977.4
1242850 1974.1
1242860 1974.1
1242870 1971.7
1242880 1969.7
1242890 1969.7
1242900 1968.6
1242910 1967.1
1242920 1967.1
1242930 1964.6
1242940 1961.9
1242950 1961.2
1242960 1961.2
1242970 1961.2
1242980 1961.2
1242990 1961.2
1243000 1962.8
1243010 1960.4
1243020 1960.4
1243030 1956.2
1243040 1953.4
1243050 1953.4
1243060 1951.7
1243070 1950.6
1243080 1950.6
1243090 1949.6
1243100 1948.8
1243110 1948.8
1243120 1947.8
1243130 1945.8
1243140 1945.8
1243150 1943.9
1243160 1943.3
1243170 1943.3
1243180 1943.5
1243190 1942.3
1243200 1941.2
1243210 1941.2
1243220 1941.3
1243230 1941.0
1243240 1941.0
1243250 1940.2
1243260 1940.7
1243270 1940.7
1243280 1941.5
1243290 1943.5
1243300 1943.5
1243310 1944.9
1243320 1946.1
1243330 1946.1
1243340 1946.3
1243350 1945.3
1243360 1945.3
1243370 1943.1
1243380 1941.2
1243390 1941.2
1243400 1939.1
1243410 1936.1
1243420 1936.1
1243430 1932.8
1243440 1930.1
1243450 1930.1
1243460 1928.2
1243470 1922.9
1243480 1916.3
1243490 1916.3
1243500 1911.5
1243510 1909.4
1243520 1909.4
1243530 1906.9
1243540 1904.1
1243550 1904.1
1243560 1900.3
1243570 1895.1
1243580 1895.1
1243590 1890.1
1243600 1885.5
1243610 1885.5
1243620 1881.1
1243630 1877.2
1243640 1877.2
1243650 1874.1
1243660 1871.6
1243670 1871.6
1243680 1869.2
1243690 1866.7
1243700 1866.7
1243710 1864.2
1243720 1862.2
1243730 1860.0
1243740 1860.0
1243750 1857.5
1243760 1855.9
1243770 1855.9
1243780 1854.0
1243790 1851.8
1243800 1851.8
1243810 1849.5
1243820 1847.7
1243830 1847.7
1243840 1845.8
1243850 1842.7
1243860 1842.7
1243870 1839.8
1243880 1836.1
1243890 1836.1
1243900 1831.9
1243910 1830.3
1243920 1830.3
1243930 1830.1
1243940 1829.6
1243950 1829.6
1243960 1828.0
1243970 1826.2
1243980 1823.9
1243990 1823.9
1244000 1820.8
1244010 1818.5
1244020 1818.5
1244030 1816.3
1244040 1813.3
1244050 1813.3
1244060 1811.7
1244070 1808.7
1244080 1808.7
1244090 1805.4
1244100 1801.5
1244110 1801.5
1244120 1797.0
1244130 1790.4
1244140 1790.4
1244150 1784.5
1244160 1778.5
1244170 1778.5
1244180 1774.8
1244190 1773.7
1244200 1773.7
1244210 1773.1
1244220 1771.6
1244230 1769.5
1244240 1769.5
1244250 1767.3
1244260 1766.4
1244270 1766.4
1244280 1765.5
1244290 1764.8
1244300 1764.8
1244310 1764.4
1244320 1764.5
1244330 1764.5
1244340 1761.7
1244350 1759.4
1244360 1759.4
1244370 1756.4
1244380 1755.2
1244390 1755.2
1244400 1754.7
1244410 1753.5
1244420 1753.5
1244430 1750.3
1244440 1749.5
1244450 1749.5
1244460 1749.4
1244470 1748.1
1244480 1744.2
1244490 1744.2
1244500 1740.1
1244510 1736.8
1244520 1736.8
1244530 1733.0
1244540 1729.4
1244550 1729.4
1244560 1725.8
1244570 1722.0
1244580 1722.0
1244590 1713.7
1244600 1712.3
1244610 1712.3
1244620 1710.8
1244630 1711.5
1244640 1711.5
1244650 1710.8
1244660 1709.5
1244670 1709.5
1244680 1709.0
1244690 1708.5
1244700 1708.5
1244710 1708.3
1244720 1707.4
1244730 1706.3
1244740 1706.3
1244750 1704.8
1244760 1702.2
1244770 1702.2
1244780 1698.2
1244790 1694.7
1244800 1694.7
1244810 1691.9
1244820 1688.9
1244830 1688.9
1244840 1685.3
1244850 1680.9
1244860 1680.9
1244870 1676.1
1244880 1672.0
1244890 1672.0
1244900 1668.5
1244910 1664.9
1244920 1664.9
1244930 1659.6
1244940 1654.2
1244950 1654.2
1244960 1648.4
1244970 1643.5
1244980 1639.8
1244990 1639.8
1245000 1636.0
1245010 1631.0
1245020 1631.0
1245030 1625.7
1245040 1620.0
1245050 1620.0
1245060 1615.8
1245070 1612.0
1245080 1612.0
1245090 1605.7
1245100 1600.5
1245110 1600.5
1245120 1589.6
1245130 1584.0
1245140 1584.0
1245150 1578.9
1245160 1574.4
1245170 1574.4
1245180 1569.3
1245190 1563.8
1245200 1563.8
1245210 1557.7
1245220 1553.6
1245230 1551.1
1245240 1551.1
1245250 1548.6
1245260 1546.5
1245270 1546.5
1245280 1545.6
1245290 1544.7
1245300 1544.7
1245310 1543.7
1245320 1542.4
1245330 1542.4
1245340 1541.1
1245350 1541.0
1245360 1541.0
1245370 1539.8
1245380 1536.1
1245390 1536.1
1245400 1529.0
1245410 1524.9
1245420 1524.9
1245430 1528.3
1245440 1534.4
1245450 1534.4
1245460 1537.4
1245470 1536.2
1245480 1536.2
1245490 1536.2
1245500 1533.5
1245510 1533.0
1245520 1533.0
1245530 1534.7
1245540 1538.6
1245550 1538.6
1245560 1538.5
1245570 1533.8
1245580 1533.8
1245590 1532.5
1245600 1533.4
1245610 1533.4
1245620 1532.9
1245630 1532.1
1245640 1532.1
1245650 1537.6
1245660 1537.4
1245670 1537.4
1245680 1535.3
1245690 1530.7
1245700 1530.7
1245710 1527.7
1245720 1522.6
1245730 1522.6
1245740 1516.7
1245750 1514.7
1245760 1514.2
1245770 1514.2
1245780 1516.2
1245790 1516.5
1245800 1516.5
1245810 1517.7
1245820 1516.7
1245830 1516.7
1245840 1511.0
1245850 1507.0
1245860 1507.0
1245870 1507.2
1245880 1507.6
1245890 1507.6
1245900 1508.1
1245910 1507.5
1245920 1507.5
1245930 1508.1
1245940 1508.1
1245950 1508.1
1245960 1506.2
1245970 1505.4
1245980 1505.4
1245990 1503.8
1246000 1499.2
1246010 1496.7
1246020 1496.7
1246030 1496.1
1246040 1495.3
1246050 1495.3
1246060 1493.7
1246070 1491.4
1246080 1491.4
1246090 1488.9
1246100 1486.4
1246110 1486.4
1246120 1484.1
1246130 1482.0
1246140 1482.0
1246150 1480.9
1246160 1479.6
1246170 1479.6
1246180 1476.4
1246190 1480.6
1246200 1480.6
1246210 1479.5
1246220 1479.5
1246230 1479.5
1246240 1479.3
1246250 1478.0
1246260 1476.9
1246270 1476.9
1246280 1476.4
1246290 1475.0
1246300 1475.0
1246310 1472.4
1246320 1469.7
1246330 1469.7
1246340 1467.7
1246350 1465.8
1246360 1465.8
1246370 1464.8
1246380 1462.4
1246390 1462.4
1246400 1457.3
1246410 1451.2
1246420 1451.2
1246430 1445.0
1246440 1440.6
1246450 1440.6
1246460 1439.0
1246470 1436.4
1246480 1436.4
1246490 1431.8
1246500 1426.7
1246510 1423.0
1246520 1423.0
1246530 1419.6
1246540 1415.6
1246550 1415.6
1246560 1410.2
1246570 1404.7
1246580 1404.7
1246590 1401.1
1246600 1397.8
1246610 1397.8
1246620 1394.6
1246630 1390.3
1246640 1390.3
1246650 1386.7
1246660 1387.8
1246670 1387.8
1246680 1389.9
1246690 1391.6
1246700 1391.6
1246710 1391.3
1246720 1389.0
1246730 1389.0
1246740 1385.0
1246750 1381.8
1246760 1379.1
1246770 1379.1
1246780 1377.4
1246790 1376.5
1246800 1376.5
1246810 1375.4
1246820 1373.0
1246830 1373.0
1246840 1370.0
1246850 1365.9
1246860 1365.9
1246870 1362.4
1246880 1359.1
1246890 1359.1
1246900 1355.4
1246910 1352.2
1246920 1352.2
1246930 1351.2
1246940 1350.5
1246950 1350.5
1246960 1347.8
1246970 1343.9
1246980 1343.9
1246990 1340.6
1247000 1339.3
1247010 1339.2
1247020 1339.2
1247030 1337.3
1247040 1336.5
1247050 1336.5
1247060 1335.9
1247070 1331.4
1247080 1331.4
1247090 1327.4
1247100 1325.7
1247110 1325.7
1247120 1322.6
1247130 1317.1
1247140 1317.1
1247150 1309.1
1247160 1301.6
1247170 1301.6
1247180 1295.5
1247190 1289.8
1247200 1289.8
1247210 1284.7
1247220 1278.6
1247230 1278.6
1247240 1270.6
1247250 1263.8
1247260 1268.2
1247270 1266.4
1247280 1264.8
1247290 1265.5
1247300 1265.5
1247310 1264.0
1247320 1258.4
1247330 1258.4
1247340 1253.6
1247350 1253.4
1247360 1253.4
1247370 1250.2
1247380 1243.1
1247390 1243.1
1247400 1234.9
1247410 1228.5
1247420 1228.5
1247430 1225.2
1247440 1223.1
1247450 1223.1
1247460 1221.7
1247470 1218.6
1247480 1218.6
1247490 1219.1
1247500 1220.4
1247510 1220.4
1247520 1216.0
1247530 1215.8
1247540 1218.3
1247550 1218.3
1247560 1218.8
1247570 1219.4
1247580 1219.4
1247590 1222.1
1247600 1223.9
1247610 1223.9
1247620 1223.0
1247630 1225.4
1247640 1225.4
1247650 1225.8
1247660 1224.3
1247670 1224.3
1247680 1220.5
1247690 1219.9
1247700 1219.9
1247710 1218.1
1247720 1212.2
1247730 1212.2
1247740 1212.0
1247750 1211.8
1247760 1211.8
1247770 1208.8
1247780 1206.3
1247790 1202.7
1247800 1202.7
1247810 1196.0
1247820 1194.6
1247830 1194.6
1247840 1194.3
1247850 1194.5
1247860 1194.5
1247870 1194.7
1247880 1191.2
1247890 1191.2
1247900 1184.6
1247910 1181.9
1247920 1181.9
1247930 1182.0
1247940 1180.6
1247950 1180.6
1247960 1175.5
1247970 1172.0
1247980 1172.0
1247990 1172.6
1248000 1168.0
1248010 1168.0
1248020 1164.5
1248030 1163.3
1248040 1159.9
1248050 1159.9
1248060 1154.6
1248070 1148.4
1248080 1148.4
1248090 1143.2
1248100 1139.4
1248110 1139.4
1248120 1136.9
1248130 1134.2
1248140 1134.2
1248150 1130.4
1248160 1125.9
1248170 1125.9
1248180 1123.3
1248190 1121.9
1248200 1121.9
1248210 1118.8
1248220 1116.0
1248230 1116.0
1248240 1113.1
1248250 1110.8
1248260 1110.8
1248270 1108.1
1248280 1106.2
1248290 1105.2
1248300 1105.2
1248310 1105.9
1248320 1107.0
1248330 1111.1
1248340 1110.5
1248350 1109.8
1248360 1109.8
1248370 1109.0
1248380 1107.4
1248390 1107.4
1248400 1106.5
1248410 1107.3
1248420 1107.3
1248430 1109.2
1248440 1110.8
1248450 1110.8
1248460 1112.6
1248470 1113.2
1248480 1113.2
1248490 1111.1
1248500 1107.2
1248510 1107.2
1248520 1102.0
1248530 1094.8
1248540 1089.0
1248550 1089.0
1248560 1083.0
1248570 1076.1
1248580 1076.1
1248590 1070.1
1248600 1064.1
1248610 1064.1
1248620 1057.7
1248630 1050.6
1248640 1050.6
1248650 1041.4
1248660 1037.9
1248670 1037.9
1248680 1039.5
1248690 1043.8
1248700 1043.8
1248710 1045.3
1248720 1046.7
1248730 1046.7
1248740 1048.4
1248750 1049.7
1248760 1049.7
1248770 1050.9
1248780 1051.9
1248790 1052.6
1248800 1052.6
1248810 1053.2
1248820 1053.3
1248830 1053.3
1248840 1053.2
1248850 1053.0
1248860 1053.0
1248870 1046.6
1248880 1046.0
1248890 1046.0
1248900 1045.1
1248910 1042.9
1248920 1042.9
1248930 1040.3
1248940 1036.5
1248950 1036.5
1248960 1030.4
1248970 1025.8
1248980 1025.8
1248990 1021.6
1249000 1019.1
1249010 1019.1
1249020 1016.2
1249030 1012.4
1249040 1007.5
1249050 1007.5
1249060 1004.1
1249070 1001.0
1249080 1001.0
1249090 999.6
1249100 997.7
1249110 997.7
1249120 996.5
1249130 995.9
1249140 995.9
1249150 994.6
1249160 993.4
1249170 993.4
1249180 991.9
1249190 992.3
1249200 992.3
1249210 995.5
1249220 1003.8
1249230 1003.8
1249240 1009.8
1249250 1017.5
1249260 1017.5
1249270 1023.1
1249280 1023.4
1249290 1019.7
1249300 1019.7
1249310 1018.7
1249320 1014.9
1249330 1014.9
1249340 1016.4
1249350 1018.4
1249360 1018.4
1249370 1014.0
1249380 1007.8
1249390 1007.8
1249400 1004.4
1249410 998.6
1249420 998.6
1249430 996.3
1249440 992.0
1249450 992.0
1249460 987.1
1249470 983.8
1249480 983.8
1249490 982.4
1249500 980.2
1249510 980.2
1249520 978.1
1249530 973.2
1249540 973.2
1249550 967.4
1249560 961.7
1249570 956.2
1249580 956.2
1249590 952.7
1249600 949.2
1249610 949.2
1249620 946.0
1249630 945.7
1249640 945.7
1249650 944.8
1249660 943.9
1249670 943.9
1249680 947.5
1249690 953.0
1249700 953.0
1249710 957.6
1249720 963.7
1249730 963.7
1249740 972.8
1249750 980.0
1249760 980.0
1249770 984.1
1249780 988.3
1249790 988.3
1249800 995.8
1249810 1001.7
1249820 1002.0
1249830 1002.0
1249840 1002.0
1249850 1002.6
1249860 1002.6
1249870 1003.6
1249880 1005.3
1249890 1005.3
1249900 1007.3
1249910 1009.6
1249920 1009.6
1249930 1012.2
1249940 1015.0
1249950 1010.6
1249960 1013.6
1249970 1016.2
1249980 1016.2
1249990 1016.5
1250000 1017.1
1250010 1017.1
1250020 1018.4
1250030 1017.1
1250040 1017.1
1250050 1017.1
1250060 1017.0
1250070 1016.2
1250080 1016.2
1250090 1015.9
1250100 1015.2
1250110 1015.2
1250120 1014.0
1250130 1013.0
1250140 1013.0
1250150 1012.2
1250160 1011.3
1250170 1011.3
1250180 1010.2
1250190 1009.3
1250200 1009.3
1250210 1008.5
1250220 1007.8
1250230 1007.8
1250240 1007.2
1250250 1006.4
1250260 1006.4
1250270 1005.6
1250280 1004.8
1250290 1004.8
1250300 1004.1
1250310 1003.7
1250320 1003.1
1250330 1003.1
1250340 1002.2
1250350 999.8
1250360 999.8
1250370 993.6
1250380 987.8
1250390 987.8
1250400 983.6
1250410 978.3
1250420 978.3
1250430 973.8
1250440 970.8
1250450 970.8
1250460 968.6
1250470 966.9
1250480 966.9
1250490 965.6
1250500 965.0
1250510 965.0
1250520 964.7
1250530 964.3
1250540 964.3
1250550 963.4
1250560 962.1
1250570 960.6
1250580 960.6
1250590 959.0
1250600 958.2
1250610 958.2
1250620 957.9
1250630 957.8
1250640 957.8
1250650 956.2
1250660 955.2
1250670 955.2
1250680 954.2
1250690 953.3
1250700 953.3
1250710 952.6
1250720 951.9
1250730 951.9
1250740 951.4
1250750 950.7
1250760 950.7
1250770 949.1
1250780 947.8
1250790 947.8
1250800 946.3
1250810 943.9
1250820 941.4
1250830 941.4
1250840 938.5
1250850 933.9
1250860 933.9
1250870 929.9
1250880 925.9
1250890 925.9
1250900 922.0
1250910 918.5
1250920 918.5
1250930 916.2
1250940 915.1
1250950 915.1
1250960 913.6
1250970 909.3
1250980 909.3
1250990 901.8
1251000 894.5
1251010 894.5
1251020 886.7
1251030 879.2
1251040 880.8
1251050 873.5
1251060 866.4
1251070 858.9
1251080 858.9
1251090 851.6
1251100 844.7
1251110 844.7
1251120 837.8
1251130 830.7
1251140 830.7
1251150 823.4
1251160 815.8
1251170 815.8
1251180 808.7
1251190 803.1
1251200 803.1
1251210 797.9
1251220 790.6
1251230 790.6
1251240 781.2
1251250 773.0
1251260 773.0
1251270 764.2
1251280 761.7
1251290 761.7
1251300 761.9
1251310 762.8
1251320 764.5
1251330 764.5
1251340 771.1
1251350 772.6
1251360 772.6
1251370 774.2
1251380 779.1
1251390 779.1
1251400 790.0
1251410 801.5
1251420 801.5
1251430 812.6
1251440 822.9
1251450 822.9
1251460 832.9
1251470 841.7
1251480 841.7
1251490 848.8
1251500 851.7
1251510 851.7
1251520 850.7
1251530 854.6
1251540 854.6
1251550 862.3
1251560 869.3
1251570 878.2
1251580 884.8
1251590 890.6
1251600 893.9
1251610 893.9
1251620 895.2
1251630 895.8
1251640 895.8
1251650 896.5
1251660 897.7
1251670 897.7
1251680 898.3
1251690 897.9
1251700 897.9
1251710 897.7
1251720 897.7
1251730 897.7
1251740 898.1
1251750 899.3
1251760 899.3
1251770 901.4
1251780 904.2
1251790 904.2
1251800 906.1
1251810 907.6
1251820 907.6
1251830 908.2
1251840 907.8
1251850 907.1
1251860 907.1
1251870 906.1
1251880 905.3
1251890 905.3
1251900 904.9
1251910 904.4
1251920 904.4
1251930 903.6
1251940 902.9
1251950 902.9
1251960 902.2
1251970 901.6
1251980 901.6
1251990 901.3
1252000 901.2
1252010 901.2
1252020 901.1
1252030 901.1
1252040 901.1
1252050 901.3
1252060 901.7
1252070 901.7
1252080 901.9
1252090 902.1
1252100 902.4
1252110 902.4
1252120 902.8
1252130 903.4
1252140 903.4
1252150 904.1
1252160 904.8
1252170 904.8
1252180 905.5
1252190 906.1
1252200 906.1
1252210 906.6
1252220 906.9
1252230 906.9
1252240 907.1
1252250 907.4
1252260 907.4
1252270 907.7
1252280 908.0
1252290 908.0
1252300 908.2
1252310 908.3
1252320 908.3
1252330 908.4
1252340 908.6
1252350 909.2
1252360 909.2
1252370 910.3
1252380 911.8
1252390 911.8
1252400 913.7
1252410 915.9
1252420 915.9
1252430 918.7
1252440 921.8
1252450 921.8
1252460 924.7
1252470 926.7
1252480 926.7
1252490 926.1
1252500 924.1
1252510 924.1
1252520 921.8
1252530 919.7
1252540 919.7
1252550 920.9
1252560 923.2
1252570 923.2
1252580 922.8
1252590 920.9
1252600 918.7
1252610 918.7
1252620 917.1
1252630 916.6
1252640 916.6
1252650 917.7
1252660 918.8
1252670 918.8
1252680 924.7
1252690 924.3
1252700 924.3
1252710 923.6
1252720 923.6
1252730 923.6
1252740 924.3
1252750 925.5
1252760 925.5
1252770 926.7
1252780 927.7
1252790 927.7
1252800 928.6
1252810 929.5
1252820 929.5
1252830 930.1
1252840 930.7
1252850 931.4
1252860 931.4
1252870 932.3
1252880 932.2
1252890 932.2
1252900 931.7
1252910 931.8
1252920 931.8
1252930 932.1
1252940 932.0
1252950 932.0
1252960 931.9
1252970 932.2
1252980 932.2
1252990 932.3
1253000 931.9
1253010 931.9
1253020 932.0
1253030 932.0
1253040 932.0
1253050 932.1
1253060 932.0
1253070 932.0
1253080 931.7
1253090 931.5
1253100 931.4
1253110 931.4
1253120 931.3
1253130 931.2
1253140 931.2
1253150 931.2
1253160 930.7
1253170 930.7
1253180 929.3
1253190 927.9
1253200 927.9
1253210 926.7
1253220 925.9
1253230 925.9
1253240 925.0
1253250 923.0
1253260 923.0
1253270 915.0
1253280 907.6
1253290 907.6
1253300 902.9
1253310 899.4
1253320 899.4
1253330 896.4
1253340 894.3
1253350 894.0
1253360 894.0
1253370 894.2
1253380 893.8
1253390 893.8
1253400 893.4
1253410 893.0
1253420 893.0
1253430 892.4
1253440 892.0
1253450 892.0
1253460 892.6
1253470 893.3
1253480 893.3
1253490 893.9
1253500 895.3
1253510 895.3
1253520 897.0
1253530 899.9
1253540 899.9
1253550 904.8
1253560 909.6
1253570 909.6
1253580 913.3
1253590 917.2
1253600 919.0
1253610 919.0
1253620 918.7
1253630 918.1
1253640 918.1
1253650 917.0
1253660 916.4
1253670 916.4
1253680 915.8
1253690 915.3
1253700 915.3
1253710 915.0
1253720 914.5
1253730 914.5
1253740 914.0
1253750 913.4
1253760 913.4
1253770 913.7
1253780 912.8
1253790 912.8
1253800 911.8
1253810 911.0
1253820 911.0
1253830 910.2
1253840 909.6
1253850 909.6
1253860 908.9
1253870 908.2
1253880 907.5
1253890 907.5
1253900 906.8
1253910 906.1
1253920 906.1
1253930 905.6
1253940 905.0
1253950 905.0
1253960 904.4
1253970 903.8
1253980 903.8
1253990 903.1
1254000 902.3
1254010 902.3
1254020 901.7
1254030 901.0
1254040 901.0
1254050 900.3
1254060 899.7
1254070 899.7
1254080 899.3
1254090 898.8
1254100 898.8
1254110 898.1
1254120 897.6
1254130 897.2
1254140 897.2
1254150 896.9
1254160 896.6
1254170 896.6
1254180 896.2
1254190 895.8
1254200 895.8
1254210 895.4
1254220 894.9
1254230 894.9
1254240 894.5
1254250 893.5
1254260 893.5
1254270 892.6
1254280 891.9
1254290 891.9
1254300 891.3
1254310 890.7
1254320 890.7
1254330 891.6
1254340 891.0
1254350 891.0
1254360 890.3
1254370 889.6
1254380 889.2
1254390 889.2
1254400 889.1
1254410 889.2
1254420 889.2
1254430 889.6
1254440 890.3
1254450 890.3
1254460 890.9
1254470 891.4
1254480 891.4
1254490 892.0
1254500 892.4
1254510 892.4
1254520 892.5
1254530 892.5
1254540 892.5
1254550 892.5
1254560 892.4
1254570 892.4
1254580 892.2
1254590 891.9
1254600 891.9
1254610 891.9
1254620 891.8
1254630 891.0
1254640 891.0
1254650 890.4
1254660 889.9
1254670 889.9
1254680 889.5
1254690 889.1
1254700 889.1
1254710 888.8
1254720 888.5
1254730 888.5
1254740 888.3
1254750 888.2
1254760 888.2
1254770 888.2
1254780 888.4
1254790 888.4
1254800 888.6
1254810 889.1
1254820 889.1
1254830 889.7
1254840 889.8
1254850 889.8
1254860 889.2
1254870 889.1
1254880 889.7
1254890 889.7
1254900 889.6
1254910 889.4
1254920 889.4
1254930 889.2
1254940 888.8
1254950 888.8
1254960 888.1
1254970 887.9
1254980 887.9
1254990 888.3
1255000 888.2
1255010 888.2
1255020 887.8
1255030 887.8
1255040 887.8
1255050 887.8
1255060 887.6
1255070 887.6
1255080 887.5
1255090 887.4
1255100 887.4
1255110 887.3
1255120 887.2
1255130 887.1
1255140 887.1
1255150 887.0
1255160 886.9
1255170 886.9
1255180 886.4
1255190 886.1
1255200 886.1
1255210 886.1
1255220 885.9
1255230 885.9
1255240 885.7
1255250 885.7
1255260 885.7
1255270 885.9
1255280 885.7
1255290 885.7
1255300 885.4
1255310 885.3
1255320 885.3
1255330 885.0
1255340 884.9
1255350 884.9
1255360 884.8
1255370 884.3
1255380 884.0
1255390 884.0
1255400 883.1
1255410 882.3
1255420 882.3
1255430 882.5
1255440 881.9
1255450 881.9
1255460 881.3
1255470 880.1
1255480 880.1
1255490 879.2
1255500 878.1
1255510 878.1
1255520 877.0
1255530 876.0
1255540 876.0
1255550 875.2
1255560 874.7
1255570 874.7
1255580 874.1
1255590 873.4
1255600 873.4
1255610 872.5
1255620 872.3
1255630 871.7
1255640 871.7
1255650 871.3
1255660 871.3
1255670 871.3
1255680 871.0
1255690 870.8
1255700 870.8
1255710 870.3
1255720 869.1
1255730 869.1
1255740 867.3
1255750 865.9
1255760 865.9
1255770 865.4
1255780 865.7
1255790 865.7
1255800 865.7
1255810 866.0
1255820 866.0
1255830 865.7
1255840 866.0
1255850 866.0
1255860 865.6
1255870 865.1
1255880 865.1
1255890 865.1
1255900 865.0
1255910 865.1
1255920 865.1
1255930 865.0
1255940 863.9
1255950 863.9
1255960 863.2
1255970 864.2
1255980 864.2
1255990 864.9
1256000 864.9
1256010 864.9
1256020 864.7
1256030 864.7
1256040 864.7
1256050 864.6
1256060 864.1
1256070 864.1
1256080 863.1
1256090 862.4
1256100 862.4
1256110 862.0
1256120 861.7
1256130 861.7
1256140 861.5
1256150 860.9
1256160 860.7
1256170 860.7
1256180 860.6
1256190 860.4
1256200 860.4
1256210 860.2
1256220 859.9
1256230 859.9
1256240 859.8
1256250 859.8
1256260 859.8
1256270 859.8
1256280 860.8
1256290 860.8
1256300 862.3
1256310 863.1
1256320 863.1
1256330 863.2
1256340 863.2
1256350 863.2
1256360 863.3
1256370 862.9
1256380 862.9
1256390 862.5
1256400 862.4
1256410 862.3
1256420 862.3
1256430 862.1
1256440 861.5
1256450 861.5
1256460 861.6
1256470 861.7
1256480 861.7
1256490 861.8
1256500 861.5
1256510 861.5
1256520 861.4
1256530 861.4
1256540 861.9
1256550 861.9
1256560 861.8
1256570 861.8
1256580 861.8
1256590 861.6
1256600 861.6
1256610 861.4
1256620 861.2
1256630 861.2
1256640 860.9
1256650 860.6
1256660 860.5
1256670 860.5
1256680 860.3
1256690 860.0
1256700 860.0
1256710 859.7
1256720 859.6
1256730 859.6
1256740 859.7
1256750 859.4
1256760 859.4
1256770 859.4
1256780 858.3
1256790 858.3
1256800 858.6
1256810 858.8
1256820 858.8
1256830 858.5
1256840 858.4
1256850 858.4
1256860 858.6
1256870 858.4
1256880 858.4
1256890 857.8
1256900 857.4
1256910 857.2
1256920 857.2
1256930 857.0
1256940 856.9
1256950 856.9
1256960 856.7
1256970 856.6
1256980 856.6
1256990 856.4
1257000 856.3
1257010 856.3
1257020 856.0
1257030 855.9
1257040 855.9
1257050 855.8
1257060 855.6
1257070 855.6
1257080 855.3
1257090 855.1
1257100 855.4
1257110 855.2
1257120 855.1
1257130 855.1
1257140 855.0
1257150 854.9
1257160 854.7
1257170 854.7
1257180 854.6
1257190 854.5
1257200 854.5
1257210 854.4
1257220 854.5
1257230 854.5
1257240 854.7
1257250 854.7
1257260 854.7
1257270 854.9
1257280 855.1
1257290 855.1
1257300 855.3
1257310 855.6
1257320 855.6
1257330 855.8
1257340 855.9
1257350 855.9
1257360 855.9
1257370 855.8
1257380 855.8
1257390 856.0
1257400 856.3
1257410 857.0
1257420 857.0
1257430 858.2
1257440 859.6
1257450 859.6
1257460 860.8
1257470 860.5
1257480 860.5
1257490 859.7
1257500 860.8
1257510 860.8
1257520 861.3
1257530 860.6
1257540 860.6
1257550 860.5
1257560 861.1
1257570 861.1
1257580 861.7
1257590 862.4
1257600 862.4
1257610 863.0
1257620 863.5
1257630 863.5
1257640 863.8
1257650 864.2
1257660 865.3
1257670 865.3
1257680 865.5
1257690 865.8
1257700 865.8
1257710 866.4
1257720 867.1
1257730 867.1
1257740 867.5
1257750 867.7
1257760 867.7
1257770 868.0
1257780 868.4
1257790 868.4
1257800 868.8
1257810 869.2
1257820 869.2
1257830 869.7
1257840 870.1
1257850 870.1
1257860 870.7
1257870 871.3
1257880 871.3
1257890 871.9
1257900 872.6
1257910 873.2
1257920 873.2
1257930 873.7
1257940 874.2
1257950 874.2
1257960 874.7
1257970 875.3
1257980 875.3
1257990 875.8
1258000 876.4
1258010 876.4
1258020 877.0
1258030 877.8
1258040 877.8
1258050 878.6
1258060 879.5
1258070 879.5
1258080 880.2
1258090 881.2
1258100 881.2
1258110 882.2
1258120 883.0
1258130 883.0
1258140 883.6
1258150 884.5
1258160 884.5
1258170 885.4
1258180 886.2
1258190 887.2
1258200 887.2
1258210 888.5
1258220 889.6
1258230 889.6
1258240 890.6
1258250 891.7
1258260 891.7
1258270 892.8
1258280 894.4
1258290 894.4
1258300 895.7
1258310 897.0
1258320 897.0
1258330 898.2
1258340 899.4
1258350 899.4
1258360 900.4
1258370 901.6
1258380 901.6
1258390 902.9
1258400 903.3
1258410 903.3
1258420 904.3
1258430 905.4
1258440 906.6
1258450 906.6
1258460 908.0
1258470 909.3
1258480 909.3
1258490 910.4
1258500 911.6
1258510 911.6
1258520 912.6
1258530 913.3
1258540 913.3
1258550 913.7
1258560 915.0
1258570 915.0
1258580 916.5
1258590 917.9
1258600 917.9
1258610 918.6
1258620 919.2
1258630 919.2
1258640 920.1
1258650 921.3
1258660 921.3
1258670 922.4
1258680 923.2
1258690 923.7
1258700 923.7
1258710 923.7
1258720 924.0
1258730 924.0
1258740 924.6
1258750 924.3
1258760 924.3
1258770 924.4
1258780 924.6
1258790 925.8
1258800 925.8
1258810 925.9
1258820 925.9
1258830 925.5
1258840 925.0
1258850 925.0
1258860 924.9
1258870 925.2
1258880 925.2
1258890 925.7
1258900 926.0
1258910 926.0
1258920 926.3
1258930 925.8
1258940 925.0
1258950 925.0
1258960 924.3
1258970 925.2
1258980 925.2
1258990 928.0
1259000 928.3
1259010 928.3
1259020 927.5
1259030 927.3
1259040 927.3
1259050 926.7
1259060 925.7
1259070 925.7
1259080 923.5
1259090 919.9
1259100 919.9
1259110 917.3
1259120 916.3
1259130 916.3
1259140 916.6
1259150 918.0
1259160 918.0
1259170 918.4
1259180 918.4
1259190 918.6
1259200 918.6
1259210 919.0
1259220 919.4
1259230 919.4
1259240 919.9
1259250 920.3
1259260 920.3
1259270 920.4
1259280 920.7
1259290 920.7
1259300 920.9
1259310 921.3
1259320 921.3
1259330 921.6
1259340 921.7
1259350 923.4
1259360 923.6
1259370 923.7
1259380 923.7
1259390 924.0
1259400 924.9
1259410 924.9
1259420 925.6
1259430 925.8
1259440 927.1
1259450 927.1
1259460 927.8
1259470 927.0
1259480 927.0
1259490 926.6
1259500 927.2
1259510 927.2
1259520 928.3
1259530 929.0
1259540 929.0
1259550 929.2
1259560 929.1
1259570 929.1
1259580 929.3
1259590 930.2
1259600 930.2
1259610 930.8
1259620 931.3
1259630 931.3
1259640 931.8
1259650 931.4
1259660 931.4
1259670 931.8
1259680 932.3
1259690 932.3
1259700 932.3
1259710 932.4
1259720 932.0
1259730 932.0
1259740 932.3
1259750 932.7
1259760 932.7
1259770 933.0
1259780 933.4
1259790 933.4
1259800 933.0
1259810 932.1
1259820 932.1
1259830 931.7
1259840 932.5
1259850 932.5
1259860 933.0
1259870 932.7
1259880 932.7
1259890 931.5
1259900 925.5
1259910 925.5
1259920 928.7
1259930 931.3
1259940 934.5
1259950 934.5
1259960 937.8
1259970 940.8
1259980 940.8
1259990 942.5
