1240000 2105.4
1240010 2103.1
1240020 2103.1
1240030 2098.9
1240040 2095.6
1240050 2095.6
1240060 2092.9
1240070 2090.6
1240080 2090.6
1240090 2088.8
1240100 2087.8
1240110 2087.8
1240120 2087.6
1240130 2088.2
1240140 2088.2
1240150 2088.9
1240160 2096.4
1240170 2096.4
1240180 2100.3
1240190 2113.2
1240200 2113.2
1240210 2122.2
1240220 2132.0
1240230 2132.0
1240240 2139.8
1240250 2143.1
1240260 2143.1
1240270 2151.6
1240280 2162.8
1240290 2176.6
1240300 2176.6
1240310 2177.9
1240320 2176.8
1240330 2176.8
1240340 2178.6
1240350 2176.9
1240360 2176.9
1240370 2182.6
1240380 2190.6
1240390 2190.6
1240400 2190.9
1240410 2187.3
1240420 2187.3
1240430 2182.5
1240440 2178.7
1240450 2178.7
1240460 2177.2
1240470 2173.7
1240480 2173.7
1240490 2169.9
1240500 2158.5
1240510 2158.5
1240520 2144.0
1240530 2136.6
1240540 2135.6
1240550 2135.6
1240560 2137.6
1240570 2134.3
1240580 2134.3
1240590 2130.2
1240600 2129.7
1240610 2129.7
1240620 2128.6
1240630 2125.6
1240640 2125.6
1240650 2122.4
1240660 2119.1
1240670 2119.1
1240680 2115.9
1240690 2117.8
1240700 2117.8
1240710 2114.5
1240720 2114.1
1240730 2114.1
1240740 2115.1
1240750 2115.8
1240760 2115.8
1240770 2113.6
1240780 2108.5
1240790 2102.0
1240800 2102.0
1240810 2095.1
1240820 2088.3
1240830 2088.3
1240840 2082.0
1240850 2077.6
1240860 2077.6
1240870 2075.2
1240880 2074.7
1240890 2074.7
1240900 2074.6
1240910 2074.0
1240920 2074.0
1240930 2072.7
1240940 2070.9
1240950 2070.9
1240960 2069.0
1240970 2066.6
1240980 2066.6
1240990 2063.2
1241000 2060.0
1241010 2060.0
1241020 2058.2
1241030 2057.1
1241040 2056.0
1241050 2056.0
1241060 2056.5
1241070 2056.9
1241080 2056.9
1241090 2059.3
1241100 2063.8
1241110 2063.8
1241120 2068.0
1241130 2072.4
1241140 2072.4
1241150 2076.7
1241160 2080.4
1241170 2080.4
1241180 2082.2
1241190 2081.6
1241200 2081.6
1241210 2078.8
1241220 2077.4
1241230 2077.4
1241240 2078.4
1241250 2079.0
1241260 2079.0
1241270 2080.2
1241280 2081.2
1241290 2081.3
1241300 2081.3
1241310 2080.2
1241320 2079.5
1241330 2079.5
1241340 2078.5
1241350 2077.6
1241360 2077.6
1241370 2076.4
1241380 2074.5
1241390 2074.5
1241400 2071.4
1241410 2067.4
1241420 2067.4
1241430 2065.7
1241440 2059.9
1241450 2059.9
1241460 2055.4
1241470 2059.4
1241480 2059.4
1241490 2062.6
1241500 2066.8
1241510 2066.8
1241520 2072.7
1241530 2078.4
1241540 2086.1
1241550 2086.1
1241560 2094.2
1241570 2100.3
1241580 2100.3
1241590 2103.5
1241600 2105.5
1241610 2105.5
1241620 2109.4
1241630 2116.2
1241640 2116.2
1241650 2121.9
1241660 2127.4
1241670 2127.4
1241680 2134.5
1241690 2142.8
1241700 2142.8
1241710 2152.3
1241720 2160.0
1241730 2168.7
1241740 2174.9
1241750 2175.1
1241760 2175.1
1241770 2174.3
1241780 2176.2
1241790 2181.6
1241800 2181.6
1241810 2190.2
1241820 2200.3
1241830 2200.3
1241840 2207.9
1241850 2214.5
1241860 2214.5
1241870 2220.2
1241880 2223.4
1241890 2223.4
1241900 2228.8
1241910 2235.9
1241920 2235.9
1241930 2242.7
1241940 2248.0
1241950 2248.0
1241960 2248.4
1241970 2244.5
1241980 2244.5
1241990 2240.1
1242000 2235.7
1242010 2235.7
1242020 2230.2
1242030 2224.2
1242040 2224.2
1242050 2218.7
1242060 2213.5
1242070 2208.7
1242080 2208.7
1242090 2203.9
1242100 2199.4
1242110 2199.4
1242120 2195.0
1242130 2191.0
1242140 2191.0
1242150 2187.0
1242160 2182.8
1242170 2182.8
1242180 2178.6
1242190 2174.2
1242200 2174.2
1242210 2169.8
1242220 2165.5
1242230 2165.5
1242240 2160.7
1242250 2155.8
1242260 2154.3
1242270 2149.9
1242280 2144.6
1242290 2144.6
1242300 2138.5
1242310 2132.1
1242320 2125.7
1242330 2125.7
1242340 2119.2
1242350 2113.3
1242360 2113.3
1242370 2108.0
1242380 2102.2
1242390 2102.2
1242400 2097.6
1242410 2093.6
1242420 2093.6
1242430 2088.3
1242440 2083.5
1242450 2083.5
1242460 2079.5
1242470 2074.3
1242480 2074.3
1242490 2068.2
1242500 2063.2
1242510 2063.2
1242520 2059.6
1242530 2055.9
1242540 2055.9
1242550 2051.2
1242560 2047.8
1242570 2044.3
1242580 2044.3
1242590 2040.2
1242600 2037.1
1242610 2037.1
1242620 2034.0
1242630 2030.8
1242640 2030.8
1242650 2026.2
1242660 2021.1
1242670 2021.1
1242680 2016.1
1242690 2011.7
1242700 2011.7
1242710 2007.6
1242720 2003.9
1242730 2003.9
1242740 2000.8
1242750 1999.4
1242760 1999.4
1242770 1998.2
1242780 1997.0
1242790 1997.0
1242800 1995.7
1242810 1993.3
1242820 1989.6
1242830 1989.6
1242840 1985.4
1242850 1982.1
1242860 1982.1
1242870 1979.5
1242880 1977.0
1242890 1977.0
1242900 1975.1
1242910 1973.3
1242920 1973.3
1242930 1971.3
1242940 1969.7
1242950 1969.7
1242960 1968.5
1242970 1967.2
1242980 1967.2
1242990 1966.2
1243000 1965.8
1243010 1965.8
1243020 1966.1
1243030 1965.6
1243040 1965.6
1243050 1963.9
1243060 1963.4
1243070 1963.0
1243080 1963.0
1243090 1960.8
1243100 1959.7
1243110 1959.7
1243120 1959.1
1243130 1958.0
1243140 1958.0
1243150 1957.1
1243160 1957.0
1243170 1957.0
1243180 1956.2
1243190 1956.5
1243200 1956.5
1243210 1956.5
1243220 1956.5
1243230 1956.5
1243240 1956.3
1243250 1955.2
1243260 1955.2
1243270 1953.7
1243280 1952.8
1243290 1952.8
1243300 1952.0
1243310 1951.5
1243320 1949.0
1243330 1949.0
1243340 1946.2
1243350 1943.1
1243360 1943.1
1243370 1939.8
1243380 1936.9
1243390 1936.9
1243400 1935.0
1243410 1933.7
1243420 1933.7
1243430 1931.9
1243440 1928.1
1243450 1928.1
1243460 1922.4
1243470 1916.1
1243480 1916.1
1243490 1911.6
1243500 1909.4
1243510 1909.4
1243520 1907.8
1243530 1906.6
1243540 1906.6
1243550 1905.2
1243560 1903.5
1243570 1900.0
1243580 1900.0
1243590 1895.8
1243600 1891.8
1243610 1891.8
1243620 1888.0
1243630 1884.0
1243640 1884.0
1243650 1880.4
1243660 1877.6
1243670 1877.6
1243680 1874.8
1243690 1872.3
1243700 1872.3
1243710 1869.6
1243720 1867.4
1243730 1867.4
1243740 1865.9
1243750 1863.5
1243760 1863.5
1243770 1860.9
1243780 1859.2
1243790 1859.2
1243800 1857.1
1243810 1854.6
1243820 1854.6
1243830 1852.8
1243840 1852.6
1243850 1850.3
1243860 1850.3
1243870 1847.9
1243880 1844.9
1243890 1844.9
1243900 1842.4
1243910 1838.5
1243920 1838.5
1243930 1834.4
1243940 1829.6
1243950 1829.6
1243960 1824.8
1243970 1820.7
1243980 1820.7
1243990 1816.9
1244000 1814.0
1244010 1814.0
1244020 1811.7
1244030 1809.8
1244040 1809.8
1244050 1808.5
1244060 1807.0
1244070 1807.0
1244080 1805.1
1244090 1802.9
1244100 1800.5
1244110 1800.5
1244120 1798.6
1244130 1796.0
1244140 1796.0
1244150 1793.4
1244160 1791.9
1244170 1791.9
1244180 1790.8
1244190 1789.5
1244200 1789.5
1244210 1787.1
1244220 1784.2
1244230 1784.2
1244240 1780.9
1244250 1777.9
1244260 1777.9
1244270 1774.7
1244280 1769.9
1244290 1769.9
1244300 1766.1
1244310 1761.2
1244320 1761.2
1244330 1755.6
1244340 1751.6
1244350 1748.1
1244360 1748.1
1244370 1747.0
1244380 1743.7
1244390 1743.7
1244400 1740.5
1244410 1736.6
1244420 1736.6
1244430 1732.0
1244440 1727.5
1244450 1727.5
1244460 1723.5
1244470 1719.4
1244480 1719.4
1244490 1715.7
1244500 1711.9
1244510 1711.9
1244520 1708.6
1244530 1705.8
1244540 1705.8
1244550 1702.6
1244560 1699.7
1244570 1699.7
1244580 1696.8
1244590 1692.7
1244600 1688.9
1244610 1688.9
1244620 1686.1
1244630 1683.6
1244640 1683.6
1244650 1682.3
1244660 1681.2
1244670 1681.2
1244680 1681.1
1244690 1681.8
1244700 1681.8
1244710 1681.1
1244720 1680.1
1244730 1680.1
1244740 1679.9
1244750 1679.6
1244760 1679.6
1244770 1678.7
1244780 1678.3
1244790 1678.3
1244800 1679.3
1244810 1679.9
1244820 1679.9
1244830 1676.8
1244840 1669.8
1244850 1663.8
1244860 1663.8
1244870 1659.4
1244880 1655.4
1244890 1655.4
1244900 1646.6
1244910 1641.1
1244920 1641.1
1244930 1634.3
1244940 1628.7
1244950 1628.7
1244960 1622.5
1244970 1615.3
1244980 1615.3
1244990 1609.0
1245000 1602.6
1245010 1602.6
1245020 1597.3
1245030 1593.5
1245040 1593.5
1245050 1591.1
1245060 1588.5
1245070 1588.5
1245080 1586.6
1245090 1585.6
1245100 1584.9
1245110 1584.9
1245120 1584.1
1245130 1583.1
1245140 1583.1
1245150 1584.4
1245160 1584.0
1245170 1584.0
1245180 1583.3
1245190 1582.8
1245200 1582.8
1245210 1582.5
1245220 1582.4
1245230 1582.4
1245240 1578.7
1245250 1579.8
1245260 1579.8
1245270 1581.5
1245280 1580.5
1245290 1580.5
1245300 1576.9
1245310 1569.6
1245320 1569.6
1245330 1562.2
1245340 1554.9
1245350 1548.4
1245360 1548.4
1245370 1546.9
1245380 1549.0
1245390 1549.0
1245400 1551.2
1245410 1553.6
1245420 1553.6
1245430 1563.7
1245440 1568.3
1245450 1568.3
1245460 1570.9
1245470 1567.7
1245480 1567.7
1245490 1566.0
1245500 1566.2
1245510 1566.2
1245520 1565.4
1245530 1563.8
1245540 1563.8
1245550 1562.6
1245560 1562.0
1245570 1562.0
1245580 1562.3
1245590 1561.3
1245600 1560.0
1245610 1560.0
1245620 1559.8
1245630 1559.4
1245640 1559.4
1245650 1556.2
1245660 1551.6
1245670 1551.6
1245680 1548.8
1245690 1543.5
1245700 1543.5
1245710 1541.0
1245720 1543.7
1245730 1543.7
1245740 1546.0
1245750 1547.3
1245760 1547.3
1245770 1546.6
1245780 1544.0
1245790 1544.0
1245800 1538.6
1245810 1532.2
1245820 1532.2
1245830 1529.3
1245840 1529.5
1245850 1529.5
1245860 1530.6
1245870 1532.4
1245880 1533.6
1245890 1533.6
1245900 1533.7
1245910 1532.9
1245920 1532.9
1245930 1530.9
1245940 1527.6
1245950 1527.6
1245960 1527.2
1245970 1524.7
1245980 1524.7
1245990 1523.1
1246000 1521.9
1246010 1521.9
1246020 1521.7
1246030 1521.3
1246040 1521.3
1246050 1519.5
1246060 1517.1
1246070 1517.1
1246080 1515.1
1246090 1512.4
1246100 1512.4
1246110 1509.1
1246120 1504.8
1246130 1501.5
1246140 1501.5
1246150 1499.9
1246160 1497.4
1246170 1497.4
1246180 1494.7
1246190 1491.9
1246200 1491.9
1246210 1489.5
1246220 1487.1
1246230 1487.1
1246240 1485.6
1246250 1484.1
1246260 1484.1
1246270 1482.3
1246280 1480.5
1246290 1480.5
1246300 1478.3
1246310 1476.0
1246320 1476.0
1246330 1473.5
1246340 1471.4
1246350 1471.4
1246360 1468.6
1246370 1465.4
1246380 1461.9
1246390 1461.9
1246400 1458.4
1246410 1453.7
1246420 1453.7
1246430 1449.0
1246440 1445.4
1246450 1445.4
1246460 1442.0
1246470 1439.2
1246480 1439.2
1246490 1436.6
1246500 1436.4
1246510 1436.4
1246520 1433.5
1246530 1430.9
1246540 1430.9
1246550 1426.1
1246560 1420.6
1246570 1420.6
1246580 1419.0
1246590 1419.9
1246600 1419.9
1246610 1419.5
1246620 1417.9
1246630 1416.6
1246640 1416.6
1246650 1415.1
1246660 1413.7
1246670 1413.7
1246680 1412.7
1246690 1412.1
1246700 1412.1
1246710 1411.6
1246720 1410.3
1246730 1410.3
1246740 1406.5
1246750 1401.4
1246760 1401.4
1246770 1396.7
1246780 1393.0
1246790 1393.0
1246800 1389.4
1246810 1386.9
1246820 1386.9
1246830 1384.9
1246840 1382.6
1246850 1382.6
1246860 1380.2
1246870 1378.4
1246880 1376.5
1246890 1376.5
1246900 1374.0
1246910 1371.6
1246920 1371.6
1246930 1369.3
1246940 1367.3
1246950 1367.3
1246960 1365.0
1246970 1362.5
1246980 1362.5
1246990 1360.4
1247000 1359.0
1247010 1359.0
1247020 1357.1
1247030 1357.6
1247040 1357.6
1247050 1355.5
1247060 1353.1
1247070 1353.1
1247080 1350.7
1247090 1348.5
1247100 1348.5
1247110 1345.6
1247120 1341.7
1247130 1334.8
1247140 1334.8
1247150 1327.3
1247160 1320.3
1247170 1320.3
1247180 1313.2
1247190 1307.6
1247200 1307.6
1247210 1305.5
1247220 1305.2
1247230 1305.2
1247240 1305.6
1247250 1303.2
1247260 1303.2
1247270 1298.9
1247280 1292.5
1247290 1292.5
1247300 1284.5
1247310 1275.9
1247320 1275.9
1247330 1268.5
1247340 1261.6
1247350 1261.6
1247360 1256.0
1247370 1252.1
1247380 1248.9
1247390 1248.9
1247400 1246.8
1247410 1246.8
1247420 1246.8
1247430 1248.6
1247440 1249.0
1247450 1249.0
1247460 1250.3
1247470 1251.1
1247480 1251.1
1247490 1246.4
1247500 1243.5
1247510 1243.5
1247520 1247.3
1247530 1252.2
1247540 1252.2
1247550 1254.7
1247560 1254.7
1247570 1261.4
1247580 1260.5
1247590 1261.8
1247600 1261.8
1247610 1261.9
1247620 1260.1
1247630 1258.2
1247640 1258.2
1247650 1256.6
1247660 1252.9
1247670 1252.9
1247680 1248.5
1247690 1246.2
1247700 1246.2
1247710 1246.3
1247720 1243.1
1247730 1243.1
1247740 1236.8
1247750 1230.6
1247760 1230.6
1247770 1225.6
1247780 1224.7
1247790 1224.7
1247800 1226.9
1247810 1227.0
1247820 1227.0
1247830 1223.0
1247840 1222.2
1247850 1222.2
1247860 1218.5
1247870 1212.2
1247880 1212.2
1247890 1209.5
1247900 1209.5
1247910 1207.3
1247920 1207.3
1247930 1202.4
1247940 1199.7
1247950 1199.7
1247960 1200.3
1247970 1198.1
1247980 1198.1
1247990 1195.1
1248000 1191.5
1248010 1191.5
1248020 1186.6
1248030 1181.1
1248040 1181.1
1248050 1175.0
1248060 1167.9
1248070 1167.9
1248080 1160.1
1248090 1155.5
1248100 1155.5
1248110 1165.4
1248120 1165.8
1248130 1165.8
1248140 1160.5
1248150 1157.0
1248160 1155.7
1248170 1155.7
1248180 1154.1
1248190 1151.9
1248200 1151.9
1248210 1149.9
1248220 1147.2
1248230 1147.2
1248240 1145.7
1248250 1144.5
1248260 1144.5
1248270 1143.0
1248280 1141.1
1248290 1141.1
1248300 1138.0
1248310 1137.3
1248320 1137.3
1248330 1136.1
1248340 1133.0
1248350 1133.0
1248360 1131.3
1248370 1129.8
1248380 1129.8
1248390 1128.2
1248400 1126.4
1248410 1121.9
1248420 1121.9
1248430 1117.0
1248440 1112.4
1248450 1112.4
1248460 1108.6
1248470 1105.1
1248480 1105.1
1248490 1098.8
1248500 1091.3
1248510 1091.3
1248520 1083.1
1248530 1079.7
1248540 1079.7
1248550 1078.0
1248560 1075.7
1248570 1075.7
1248580 1075.9
1248590 1075.8
1248600 1075.8
1248610 1074.8
1248620 1073.4
1248630 1073.4
1248640 1074.9
1248650 1072.4
1248660 1067.4
1248670 1067.4
1248680 1061.4
1248690 1055.4
1248700 1055.4
1248710 1047.4
1248720 1039.4
1248730 1039.4
1248740 1034.0
1248750 1029.8
1248760 1029.8
1248770 1027.4
1248780 1025.8
1248790 1025.8
1248800 1024.4
1248810 1022.8
1248820 1022.8
1248830 1021.3
1248840 1020.3
1248850 1020.3
1248860 1019.3
1248870 1018.1
1248880 1018.1
1248890 1016.4
1248900 1015.0
1248910 1013.8
1248920 1013.8
1248930 1013.0
1248940 1013.8
1248950 1013.8
1248960 1015.6
1248970 1016.9
1248980 1016.9
1248990 1020.0
1249000 1025.2
1249010 1025.2
1249020 1028.4
1249030 1029.0
1249040 1029.0
1249050 1028.6
1249060 1027.0
1249070 1027.0
1249080 1027.3
1249090 1024.6
1249100 1024.6
1249110 1023.6
1249120 1025.3
1249130 1025.3
1249140 1024.1
1249150 1021.8
1249160 1018.9
1249170 1018.9
1249180 1020.9
1249190 1018.1
1249200 1018.1
1249210 1015.4
1249220 1008.1
1249230 1008.1
1249240 998.1
1249250 988.8
1249260 988.8
1249270 982.5
1249280 980.7
1249290 980.7
1249300 980.1
1249310 979.1
1249320 979.1
1249330 977.2
1249340 975.7
1249350 975.7
1249360 974.8
1249370 973.4
1249380 973.4
1249390 972.1
1249400 971.3
1249410 970.4
1249420 970.4
1249430 968.8
1249440 967.4
1249450 967.4
1249460 968.0
1249470 970.2
1249480 970.2
1249490 976.1
1249500 982.4
1249510 982.4
1249520 985.9
1249530 986.3
1249540 986.3
1249550 983.2
1249560 983.1
1249570 983.1
1249580 982.2
1249590 984.8
1249600 984.8
1249610 988.3
1249620 984.5
1249630 984.5
1249640 974.0
1249650 956.1
1249660 940.2
1249670 940.2
1249680 930.6
1249690 925.7
1249700 925.7
1249710 925.0
1249720 927.6
1249730 927.6
1249740 940.8
1249750 951.4
1249760 951.4
1249770 958.6
1249780 966.8
1249790 966.8
1249800 973.2
1249810 978.9
1249820 978.9
1249830 984.6
1249840 988.4
1249850 988.4
1249860 990.9
1249870 992.4
1249880 992.4
1249890 992.6
1249900 992.2
1249910 992.1
1249920 992.1
1249930 992.9
1249940 994.3
1249950 994.3
1249960 995.9
1249970 998.5
1249980 998.5
1249990 1002.4
1250000 1006.7
1250010 1006.7
1250020 1008.9
1250030 1009.1
1250040 1009.1
1250050 1008.7
1250060 1008.5
1250070 1008.5
1250080 1008.3
1250090 1008.0
1250100 1008.0
1250110 1008.2
1250120 1008.7
1250130 1008.7
1250140 1009.5
1250150 1009.9
1250160 1009.9
1250170 1009.6
1250180 1009.2
1250190 1008.6
1250200 1008.6
1250210 1008.1
1250220 1007.5
1250230 1007.5
1250240 1006.8
1250250 1006.2
1250260 1006.2
1250270 1005.6
1250280 1005.1
1250290 1005.1
1250300 1004.6
1250310 1004.4
1250320 1004.4
1250330 1003.5
1250340 999.3
1250350 999.3
1250360 995.4
1250370 993.6
1250380 993.6
1250390 989.4
1250400 984.5
1250410 984.5
1250420 980.2
1250430 976.4
1250440 973.0
1250450 973.0
1250460 971.3
1250470 969.6
1250480 969.6
1250490 968.5
1250500 967.0
1250510 967.0
1250520 965.8
1250530 964.9
1250540 964.9
1250550 964.1
1250560 962.1
1250570 962.1
1250580 961.1
1250590 960.4
1250600 960.4
1250610 958.7
1250620 955.3
1250630 955.3
1250640 947.9
1250650 942.5
1250660 942.5
1250670 938.7
1250680 935.1
1250690 932.5
1250700 932.5
1250710 931.8
1250720 930.3
1250730 930.3
1250740 929.5
1250750 931.2
1250760 931.2
1250770 930.1
1250780 926.3
1250790 926.3
1250800 923.7
1250810 919.4
1250820 919.4
1250830 920.3
1250840 919.5
1250850 919.5
1250860 917.6
1250870 914.8
1250880 914.8
1250890 909.6
1250900 901.1
1250910 901.1
1250920 894.0
1250930 888.0
1250940 882.1
1250950 882.1
1250960 877.1
1250970 871.7
1250980 871.7
1250990 868.0
1251000 867.4
1251010 867.4
1251020 866.2
1251030 865.2
1251040 865.2
1251050 863.2
1251060 857.2
1251070 857.2
1251080 851.8
1251090 849.1
1251100 849.1
1251110 847.0
1251120 840.7
1251130 840.7
1251140 833.6
1251150 826.9
1251160 826.9
1251170 819.8
1251180 811.0
1251190 802.9
1251200 802.9
1251210 793.8
1251220 782.1
1251230 782.1
1251240 771.0
1251250 765.9
1251260 765.9
1251270 764.9
1251280 765.7
1251290 765.7
1251300 767.2
1251310 767.5
1251320 767.5
1251330 772.0
1251340 781.1
1251350 784.2
1251360 792.9
1251370 800.7
1251380 800.7
1251390 808.4
1251400 815.9
1251410 815.9
1251420 823.3
1251430 829.8
1251440 835.7
1251450 835.7
1251460 838.6
1251470 840.3
1251480 840.3
1251490 849.5
1251500 858.8
1251510 858.8
1251520 867.3
1251530 875.0
1251540 875.0
1251550 883.4
1251560 892.4
1251570 892.4
1251580 900.3
1251590 904.2
1251600 904.2
1251610 906.3
1251620 906.5
1251630 906.5
1251640 905.6
1251650 905.1
1251660 905.1
1251670 905.6
1251680 906.7
1251690 907.9
1251700 907.9
1251710 909.9
1251720 912.5
1251730 912.5
1251740 913.8
1251750 915.6
1251760 915.6
1251770 918.1
1251780 919.5
1251790 919.5
1251800 918.5
1251810 917.0
1251820 917.0
1251830 914.9
1251840 911.9
1251850 911.9
1251860 908.7
1251870 908.0
1251880 908.0
1251890 907.6
1251900 908.0
1251910 908.0
1251920 907.9
1251930 907.8
1251940 907.7
1251950 907.7
1251960 907.6
1251970 907.3
1251980 907.3
1251990 906.8
1252000 906.3
1252010 906.3
1252020 906.0
1252030 905.5
1252040 905.5
1252050 905.6
1252060 906.0
1252070 906.0
1252080 906.3
1252090 906.7
1252100 906.7
1252110 907.0
1252120 907.3
1252130 907.3
1252140 907.2
1252150 907.2
1252160 907.2
1252170 907.4
1252180 908.1
1252190 909.0
1252200 909.0
1252210 909.7
1252220 910.4
1252230 910.4
1252240 911.1
1252250 911.9
1252260 911.9
1252270 912.7
1252280 913.6
1252290 913.6
1252300 914.2
1252310 914.7
1252320 914.7
1252330 915.7
1252340 916.6
1252350 916.6
1252360 917.5
1252370 918.5
1252380 918.5
1252390 919.2
1252400 919.7
1252410 919.7
1252420 920.4
1252430 921.8
1252440 923.2
1252450 925.3
1252460 926.6
1252470 926.3
1252480 926.3
1252490 925.5
1252500 924.6
1252510 924.6
1252520 923.9
1252530 923.6
1252540 923.6
1252550 923.5
1252560 923.6
1252570 923.6
1252580 923.9
1252590 924.6
1252600 924.6
1252610 926.5
1252620 929.1
1252630 929.1
1252640 930.4
1252650 931.5
1252660 931.5
1252670 932.6
1252680 933.3
1252690 933.3
1252700 933.7
1252710 933.9
1252720 934.0
1252730 934.0
1252740 934.1
1252750 934.0
1252760 934.0
1252770 933.9
1252780 934.2
1252790 934.2
1252800 934.6
1252810 935.3
1252820 935.3
1252830 935.6
1252840 935.8
1252850 935.8
1252860 936.1
1252870 936.4
1252880 936.4
1252890 936.7
1252900 936.7
1252910 936.7
1252920 936.2
1252930 936.3
1252940 936.3
1252950 936.1
1252960 936.1
1252970 936.1
1252980 936.1
1252990 937.1
1253000 937.1
1253010 937.1
1253020 937.0
1253030 937.0
1253040 937.0
1253050 936.9
1253060 936.9
1253070 936.9
1253080 936.6
1253090 936.2
1253100 936.2
1253110 935.2
1253120 933.4
1253130 933.4
1253140 932.0
1253150 931.3
1253160 931.3
1253170 930.7
1253180 930.0
1253190 930.0
1253200 929.3
1253210 927.0
1253220 922.2
1253230 922.2
1253240 916.4
1253250 909.9
1253260 909.9
1253270 906.0
1253280 903.1
1253290 903.1
1253300 900.7
1253310 899.3
1253320 899.3
1253330 900.2
1253340 900.1
1253350 900.1
1253360 900.2
1253370 900.6
1253380 900.6
1253390 900.8
1253400 901.4
1253410 901.4
1253420 901.9
1253430 903.1
1253440 903.1
1253450 904.8
1253460 908.2
1253470 913.3
1253480 913.3
1253490 914.9
1253500 914.7
1253510 914.7
1253520 915.0
1253530 917.0
1253540 919.5
1253550 922.9
1253560 923.6
1253570 923.6
1253580 922.8
1253590 922.4
1253600 922.4
1253610 922.0
1253620 921.6
1253630 921.6
1253640 921.6
1253650 920.8
1253660 920.8
1253670 919.9
1253680 919.2
1253690 919.2
1253700 918.4
1253710 917.8
1253720 917.2
1253730 917.2
1253740 916.6
1253750 915.8
1253760 915.8
1253770 915.0
1253780 914.2
1253790 914.2
1253800 913.6
1253810 913.0
1253820 913.0
1253830 912.6
1253840 912.1
1253850 912.1
1253860 911.5
1253870 910.7
1253880 910.7
1253890 909.9
1253900 909.1
1253910 909.1
1253920 908.3
1253930 907.6
1253940 907.6
1253950 906.8
1253960 906.1
1253970 905.3
1253980 905.3
1253990 904.5
1254000 903.9
1254010 903.9
1254020 903.4
1254030 902.7
1254040 902.7
1254050 902.0
1254060 901.3
1254070 901.3
1254080 900.8
1254090 900.4
1254100 900.4
1254110 900.0
1254120 899.8
1254130 899.8
1254140 899.6
1254150 899.4
1254160 899.4
1254170 899.2
1254180 898.9
1254190 898.9
1254200 898.6
1254210 898.3
1254220 897.9
1254230 897.9
1254240 897.5
1254250 897.1
1254260 897.1
1254270 896.7
1254280 896.4
1254290 896.4
1254300 896.2
1254310 895.8
1254320 895.8
1254330 895.2
1254340 894.7
1254350 894.7
1254360 894.3
1254370 894.1
1254380 894.1
1254390 893.9
1254400 893.9
1254410 893.9
1254420 894.0
1254430 894.3
1254440 894.3
1254450 894.1
1254460 893.8
1254470 893.8
1254480 893.8
1254490 893.9
1254500 894.0
1254510 894.0
1254520 894.1
1254530 894.3
1254540 894.3
1254550 894.4
1254560 894.5
1254570 894.5
1254580 894.4
1254590 894.6
1254600 894.6
1254610 895.6
1254620 897.3
1254630 897.3
1254640 900.5
1254650 900.4
1254660 900.4
1254670 900.3
1254680 900.3
1254690 900.3
1254700 900.2
1254710 900.1
1254720 900.1
1254730 899.7
1254740 898.9
1254750 897.7
1254760 897.7
1254770 895.6
1254780 895.1
1254790 895.1
1254800 894.9
1254810 894.3
1254820 894.3
1254830 893.7
1254840 893.5
1254850 893.5
1254860 893.4
1254870 893.3
1254880 893.3
1254890 893.2
1254900 892.9
1254910 892.9
1254920 892.7
1254930 892.4
1254940 892.4
1254950 892.5
1254960 892.2
1254970 892.2
1254980 891.9
1254990 891.6
1255000 891.5
1255010 891.5
1255020 891.4
1255030 891.4
1255040 891.4
1255050 890.8
1255060 890.7
1255070 890.7
1255080 890.5
1255090 890.3
1255100 890.3
1255110 890.0
1255120 889.8
1255130 889.8
1255140 889.6
1255150 889.3
1255160 889.3
1255170 889.2
1255180 889.1
1255190 889.1
1255200 889.6
1255210 889.5
1255220 889.5
1255230 889.1
1255240 889.1
1255250 889.0
1255260 889.0
1255270 888.6
1255280 888.6
1255290 888.6
1255300 888.4
1255310 888.0
1255320 888.0
1255330 887.7
1255340 887.5
1255350 887.5
1255360 887.3
1255370 887.2
1255380 887.2
1255390 886.8
1255400 886.0
1255410 886.0
1255420 885.5
1255430 884.9
1255440 884.9
1255450 884.2
1255460 883.2
1255470 883.2
1255480 881.7
1255490 880.5
1255500 879.9
1255510 879.9
1255520 879.1
1255530 878.2
1255540 878.2
1255550 877.6
1255560 877.2
1255570 877.2
1255580 876.2
1255590 876.1
1255600 876.1
1255610 875.5
1255620 875.1
1255630 875.1
1255640 875.0
1255650 875.0
1255660 875.0
1255670 875.4
1255680 875.5
1255690 875.5
1255700 874.8
1255710 874.4
1255720 874.4
1255730 873.5
1255740 872.4
1255750 872.0
1255760 872.0
1255770 871.6
1255780 871.3
1255790 871.3
1255800 871.1
1255810 870.6
1255820 870.6
1255830 870.6
1255840 871.0
1255850 871.0
1255860 870.9
1255870 870.6
1255880 870.6
1255890 870.3
1255900 870.2
1255910 870.2
1255920 869.8
1255930 869.3
1255940 869.3
1255950 868.5
1255960 868.7
1255970 868.7
1255980 869.0
1255990 869.1
1256000 868.8
1256010 868.8
1256020 868.8
1256030 868.0
1256040 868.0
1256050 867.5
1256060 867.1
1256070 867.1
1256080 866.6
1256090 866.1
1256100 866.1
1256110 865.8
1256120 865.7
1256130 865.7
1256140 865.4
1256150 865.3
1256160 865.3
1256170 865.5
1256180 865.2
1256190 865.2
1256200 864.9
1256210 864.6
1256220 864.6
1256230 864.2
1256240 863.2
1256250 863.1
1256260 863.1
1256270 863.5
1256280 863.7
1256290 863.7
1256300 863.8
1256310 864.7
1256320 864.7
1256330 865.2
1256340 865.4
1256350 865.4
1256360 865.1
1256370 865.1
1256380 865.1
1256390 864.8
1256400 864.7
1256410 864.7
1256420 864.3
1256430 864.2
1256440 864.2
1256450 864.2
1256460 864.3
1256470 864.3
1256480 864.5
1256490 864.5
1256500 864.1
1256510 864.1
1256520 863.7
1256530 863.4
1256540 863.4
1256550 863.2
1256560 863.1
1256570 863.1
1256580 862.8
1256590 862.3
1256600 862.3
1256610 862.3
1256620 862.3
1256630 862.3
1256640 862.2
1256650 862.0
1256660 862.0
1256670 861.8
1256680 861.6
1256690 861.6
1256700 861.4
1256710 861.5
1256720 861.5
1256730 861.7
1256740 861.2
1256750 861.2
1256760 860.4
1256770 860.4
1256780 860.5
1256790 860.5
1256800 860.7
1256810 860.4
1256820 860.4
1256830 860.0
1256840 859.6
1256850 859.6
1256860 859.0
1256870 859.6
1256880 859.6
1256890 859.0
1256900 858.8
1256910 858.8
1256920 858.6
1256930 858.4
1256940 858.4
1256950 858.3
1256960 858.1
1256970 858.1
1256980 858.0
1256990 857.8
1257000 857.8
1257010 857.6
1257020 857.4
1257030 857.4
1257040 857.4
1257050 857.3
1257060 857.0
1257070 857.0
1257080 856.7
1257090 856.6
1257100 856.6
1257110 856.6
1257120 856.4
1257130 856.4
1257140 856.2
1257150 855.9
1257160 855.9
1257170 855.8
1257180 856.1
1257190 856.1
1257200 856.4
1257210 856.7
1257220 856.7
1257230 857.4
1257240 858.4
1257250 858.4
1257260 859.1
1257270 859.3
1257280 859.1
1257290 859.1
1257300 858.6
1257310 859.3
1257320 859.3
1257330 861.5
1257340 861.8
1257350 861.8
1257360 861.8
1257370 862.2
1257380 862.2
1257390 862.5
1257400 861.8
1257410 861.8
1257420 862.0
1257430 863.7
1257440 863.7
1257450 864.0
1257460 864.2
1257470 864.2
1257480 864.3
1257490 864.5
1257500 864.5
1257510 864.7
1257520 864.6
1257530 864.6
1257540 864.6
1257550 864.7
1257560 864.9
1257570 864.9
1257580 865.1
1257590 865.5
1257600 865.5
1257610 866.1
1257620 866.9
1257630 866.9
1257640 867.7
1257650 868.5
1257660 868.5
1257670 869.3
1257680 869.8
1257690 869.8
1257700 870.1
1257710 870.2
1257720 870.2
1257730 870.3
1257740 870.5
1257750 870.5
1257760 870.7
1257770 870.9
1257780 871.1
1257790 871.1
1257800 871.4
1257810 871.6
1257820 871.6
1257830 872.0
1257840 872.3
1257850 872.3
1257860 872.6
1257870 872.9
1257880 872.9
1257890 873.3
1257900 873.8
1257910 873.8
1257920 874.3
1257930 874.8
1257940 874.8
1257950 875.5
1257960 876.1
1257970 876.1
1257980 876.7
1257990 877.7
1258000 877.7
1258010 878.4
1258020 879.1
1258030 879.9
1258040 879.9
1258050 880.7
1258060 881.5
1258070 881.5
1258080 882.3
1258090 883.2
1258100 883.2
1258110 884.1
1258120 885.0
1258130 885.0
1258140 886.0
1258150 887.0
1258160 887.0
1258170 888.0
1258180 888.9
1258190 888.9
1258200 889.9
1258210 891.1
1258220 891.1
1258230 892.2
1258240 893.3
1258250 893.3
1258260 894.5
1258270 895.9
1258280 897.0
1258290 897.0
1258300 898.1
1258310 899.2
1258320 899.2
1258330 900.6
1258340 902.3
1258350 902.3
1258360 903.6
1258370 904.7
1258380 904.7
1258390 905.6
1258400 906.6
1258410 906.6
1258420 908.1
1258430 909.2
1258440 909.2
1258450 910.0
1258460 911.1
1258470 911.1
1258480 912.1
1258490 913.1
1258500 913.1
1258510 914.3
1258520 915.8
1258530 916.8
1258540 916.8
1258550 918.3
1258560 919.4
1258570 919.4
1258580 920.6
1258590 921.8
1258600 921.8
1258610 923.0
1258620 924.0
1258630 924.0
1258640 925.0
1258650 926.0
1258660 926.0
1258670 927.5
1258680 928.9
1258690 928.9
1258700 930.4
1258710 931.5
1258720 931.5
1258730 931.3
1258740 931.5
1258750 931.5
1258760 932.0
1258770 932.4
1258780 932.7
1258790 932.7
1258800 932.9
1258810 933.0
1258820 933.0
1258830 933.1
1258840 932.9
1258850 932.9
1258860 932.5
1258870 933.2
1258880 933.2
1258890 935.1
1258900 937.7
1258910 937.7
1258920 937.4
1258930 936.8
1258940 936.8
1258950 935.7
1258960 935.8
1258970 935.8
1258980 936.4
1258990 935.6
1259000 935.6
1259010 931.3
1259020 927.8
1259030 927.8
1259040 926.4
1259050 926.2
1259060 927.1
1259070 927.1
1259080 928.8
1259090 929.7
1259100 929.7
1259110 934.9
1259120 936.0
1259130 936.0
1259140 937.2
1259150 937.8
1259160 937.8
1259170 938.7
1259180 939.7
1259190 939.7
1259200 940.7
1259210 941.4
1259220 941.4
1259230 941.9
1259240 942.8
1259250 942.8
1259260 943.8
1259270 944.7
1259280 944.7
1259290 945.5
1259300 946.1
1259310 946.9
1259320 946.9
1259330 947.4
1259340 947.9
1259350 947.9
1259360 948.1
1259370 948.6
1259380 948.6
1259390 949.0
1259400 949.2
1259410 949.2
1259420 948.3
1259430 948.6
1259440 948.6
1259450 948.7
1259460 949.0
1259470 949.0
1259480 949.2
1259490 949.1
1259500 949.1
1259510 949.2
1259520 948.9
1259530 948.9
1259540 949.3
1259550 949.8
1259560 949.7
1259570 949.7
1259580 949.8
1259590 950.3
1259600 950.3
1259610 950.5
1259620 950.3
1259630 950.3
1259640 950.5
1259650 950.7
1259660 950.7
1259670 951.2
1259680 955.7
1259690 955.7
1259700 956.0
1259710 955.4
1259720 955.4
1259730 954.1
1259740 953.8
1259750 953.8
1259760 954.3
1259770 954.6
1259780 954.6
1259790 954.5
1259800 954.6
1259810 955.0
1259820 955.0
1259830 954.8
1259840 953.3
1259850 953.3
1259860 951.1
1259870 946.9
1259880 946.9
1259890 945.1
1259900 946.8
1259910 946.8
1259920 949.2
1259930 951.6
1259940 951.6
1259950 954.9
1259960 957.9
1259970 957.9
1259980 960.5
1259990 961.1
