1240000 1966.3
1240010 1962.4
1240020 1962.4
1240030 1958.1
1240040 1954.2
1240050 1954.2
1240060 1950.5
1240070 1947.6
1240080 1947.6
1240090 1945.6
1240100 1944.2
1240110 1944.2
1240120 1942.6
1240130 1939.2
1240140 1939.2
1240150 1935.1
1240160 1931.5
1240170 1931.5
1240180 1927.5
1240190 1923.9
1240200 1923.8
1240210 1923.8
1240220 1924.2
1240230 1926.8
1240240 1926.8
1240250 1927.9
1240260 1926.2
1240270 1926.2
1240280 1924.3
1240290 1922.6
1240300 1922.6
1240310 1922.5
1240320 1927.6
1240330 1927.6
1240340 1928.6
1240350 1929.7
1240360 1929.7
1240370 1929.7
1240380 1928.8
1240390 1928.8
1240400 1928.8
1240410 1929.4
1240420 1929.4
1240430 1929.6
1240440 1926.0
1240450 1923.3
1240460 1923.3
1240470 1923.1
1240480 1922.6
1240490 1922.6
1240500 1921.7
1240510 1923.0
1240520 1923.0
1240530 1923.8
1240540 1924.1
1240550 1924.1
1240560 1924.3
1240570 1924.2
1240580 1924.2
1240590 1923.1
1240600 1924.1
1240610 1924.1
1240620 1924.9
1240630 1924.6
1240640 1924.6
1240650 1923.3
1240660 1923.3
1240670 1923.3
1240680 1923.7
1240690 1923.7
1240700 1923.1
1240710 1923.1
1240720 1922.8
1240730 1921.5
1240740 1921.5
1240750 1919.8
1240760 1917.0
1240770 1917.0
1240780 1913.4
1240790 1909.3
1240800 1909.3
1240810 1904.7
1240820 1899.8
1240830 1899.8
1240840 1897.9
1240850 1889.5
1240860 1889.5
1240870 1881.8
1240880 1874.2
1240890 1874.2
1240900 1867.9
1240910 1862.8
1240920 1862.8
1240930 1858.6
1240940 1854.1
1240950 1850.0
1240960 1850.0
1240970 1846.6
1240980 1842.2
1240990 1842.2
1241000 1836.9
1241010 1833.9
1241020 1833.9
1241030 1837.1
1241040 1840.2
1241050 1840.2
1241060 1841.7
1241070 1843.0
1241080 1843.0
1241090 1843.6
1241100 1843.7
1241110 1843.7
1241120 1845.2
1241130 1847.8
1241140 1847.8
1241150 1849.4
1241160 1848.4
1241170 1848.4
1241180 1844.3
1241190 1841.7
1241200 1843.2
1241210 1843.2
1241220 1845.7
1241230 1846.2
1241240 1846.2
1241250 1846.7
1241260 1847.6
1241270 1847.6
1241280 1848.7
1241290 1848.5
1241300 1848.5
1241310 1848.6
1241320 1850.5
1241330 1850.5
1241340 1852.0
1241350 1853.3
1241360 1853.3
1241370 1860.9
1241380 1858.9
1241390 1858.9
1241400 1855.9
1241410 1849.5
1241420 1849.5
1241430 1847.0
1241440 1857.0
1241450 1857.0
1241460 1867.2
1241470 1873.6
1241480 1877.4
1241490 1877.4
1241500 1878.8
1241510 1879.5
1241520 1879.5
1241530 1881.5
1241540 1883.9
1241550 1883.9
1241560 1885.9
1241570 1888.0
1241580 1888.0
1241590 1891.4
1241600 1895.3
1241610 1895.3
1241620 1899.8
1241630 1904.8
1241640 1904.8
1241650 1908.4
1241660 1911.1
1241670 1911.1
1241680 1915.1
1241690 1919.3
1241700 1919.3
1241710 1921.3
1241720 1922.9
1241730 1929.5
1241740 1929.5
1241750 1935.2
1241760 1939.0
1241770 1939.0
1241780 1942.8
1241790 1946.2
1241800 1946.2
1241810 1949.6
1241820 1953.4
1241830 1953.4
1241840 1955.4
1241850 1954.8
1241860 1954.8
1241870 1957.9
1241880 1967.0
1241890 1969.0
1241900 1977.8
1241910 1985.5
1241920 1985.5
1241930 1991.5
1241940 1995.6
1241950 1995.6
1241960 1997.1
1241970 1997.8
1241980 1999.0
1241990 1999.0
1242000 2000.3
1242010 1996.0
1242020 1996.0
1242030 1993.0
1242040 1995.5
1242050 1995.5
1242060 2000.4
1242070 2007.7
1242080 2007.7
1242090 2010.9
1242100 2012.2
1242110 2012.2
1242120 2013.9
1242130 2014.9
1242140 2014.9
1242150 2017.0
1242160 2020.3
1242170 2020.3
1242180 2022.1
1242190 2025.1
1242200 2025.1
1242210 2026.4
1242220 2027.6
1242230 2031.3
1242240 2031.3
1242250 2037.0
1242260 2041.6
1242270 2041.6
1242280 2043.4
1242290 2042.9
1242300 2042.9
1242310 2041.3
1242320 2039.7
1242330 2039.7
1242340 2037.3
1242350 2036.6
1242360 2036.6
1242370 2036.3
1242380 2035.2
1242390 2035.2
1242400 2033.3
1242410 2031.1
1242420 2035.3
1242430 2032.6
1242440 2030.9
1242450 2030.9
1242460 2030.2
1242470 2029.0
1242480 2027.5
1242490 2027.5
1242500 2025.6
1242510 2024.4
1242520 2024.4
1242530 2022.7
1242540 2020.2
1242550 2020.2
1242560 2018.7
1242570 2017.0
1242580 2017.0
1242590 2014.3
1242600 2010.9
1242610 2010.9
1242620 2007.7
1242630 2004.6
1242640 2004.6
1242650 2002.4
1242660 2000.6
1242670 2000.6
1242680 1998.6
1242690 1997.0
1242700 1997.0
1242710 1995.3
1242720 1993.6
1242730 1991.6
1242740 1991.6
1242750 1989.7
1242760 1988.0
1242770 1988.0
1242780 1986.0
1242790 1984.1
1242800 1984.1
1242810 1982.2
1242820 1980.4
1242830 1980.4
1242840 1978.5
1242850 1976.5
1242860 1976.5
1242870 1974.7
1242880 1972.9
1242890 1972.9
1242900 1971.4
1242910 1969.9
1242920 1969.9
1242930 1968.5
1242940 1967.4
1242950 1967.4
1242960 1965.8
1242970 1964.1
1242980 1964.1
1242990 1962.3
1243000 1960.9
1243010 1959.5
1243020 1959.5
1243030 1957.6
1243040 1956.0
1243050 1956.0
1243060 1954.3
1243070 1952.4
1243080 1952.4
1243090 1950.6
1243100 1949.0
1243110 1949.0
1243120 1947.3
1243130 1944.9
1243140 1944.9
1243150 1943.3
1243160 1941.7
1243170 1941.7
1243180 1940.0
1243190 1938.3
1243200 1938.3
1243210 1936.6
1243220 1935.4
1243230 1935.4
1243240 1933.8
1243250 1931.9
1243260 1929.2
1243270 1929.2
1243280 1927.3
1243290 1925.5
1243300 1925.5
1243310 1923.6
1243320 1921.7
1243330 1921.7
1243340 1920.2
1243350 1918.9
1243360 1918.9
1243370 1917.4
1243380 1915.7
1243390 1915.7
1243400 1914.0
1243410 1912.6
1243420 1912.6
1243430 1911.5
1243440 1909.1
1243450 1909.1
1243460 1906.9
1243470 1907.3
1243480 1907.3
1243490 1905.1
1243500 1902.2
1243510 1898.4
1243520 1898.4
1243530 1894.1
1243540 1889.9
1243550 1889.9
1243560 1886.8
1243570 1884.8
1243580 1884.8
1243590 1884.1
1243600 1884.2
1243610 1884.2
1243620 1884.5
1243630 1884.2
1243640 1884.2
1243650 1883.1
1243660 1881.7
1243670 1881.7
1243680 1881.9
1243690 1881.4
1243700 1881.4
1243710 1879.9
1243720 1878.2
1243730 1878.2
1243740 1876.8
1243750 1875.8
1243760 1874.5
1243770 1874.5
1243780 1872.9
1243790 1870.8
1243800 1870.8
1243810 1868.1
1243820 1866.1
1243830 1866.1
1243840 1864.0
1243850 1860.2
1243860 1860.2
1243870 1852.9
1243880 1844.8
1243890 1844.8
1243900 1836.7
1243910 1831.7
1243920 1831.7
1243930 1828.2
1243940 1822.0
1243950 1822.0
1243960 1817.5
1243970 1815.8
1243980 1815.8
1243990 1813.8
1244000 1815.9
1244010 1812.6
1244020 1812.6
1244030 1808.1
1244040 1803.7
1244050 1803.7
1244060 1798.3
1244070 1793.2
1244080 1793.2
1244090 1786.3
1244100 1778.5
1244110 1778.5
1244120 1772.5
1244130 1766.7
1244140 1766.7
1244150 1760.1
1244160 1753.8
1244170 1753.8
1244180 1746.5
1244190 1738.7
1244200 1738.7
1244210 1731.5
1244220 1725.4
1244230 1725.4
1244240 1719.9
1244250 1712.6
1244260 1705.8
1244270 1705.8
1244280 1699.5
1244290 1692.5
1244300 1692.5
1244310 1684.9
1244320 1680.6
1244330 1680.6
1244340 1678.8
1244350 1677.2
1244360 1677.2
1244370 1676.9
1244380 1676.1
1244390 1676.1
1244400 1674.5
1244410 1671.5
1244420 1671.5
1244430 1669.9
1244440 1668.4
1244450 1668.4
1244460 1667.2
1244470 1667.0
1244480 1667.0
1244490 1666.0
1244500 1663.9
1244510 1663.9
1244520 1659.8
1244530 1649.5
1244540 1644.4
1244550 1644.4
1244560 1639.8
1244570 1635.8
1244580 1635.8
1244590 1631.2
1244600 1625.8
1244610 1625.8
1244620 1619.5
1244630 1612.5
1244640 1612.5
1244650 1606.2
1244660 1604.4
1244670 1604.4
1244680 1602.6
1244690 1599.8
1244700 1599.8
1244710 1596.9
1244720 1594.0
1244730 1594.0
1244740 1591.6
1244750 1590.2
1244760 1590.2
1244770 1588.4
1244780 1586.1
1244790 1585.8
1244800 1585.8
1244810 1586.5
1244820 1586.9
1244830 1586.9
1244840 1591.2
1244850 1593.5
1244860 1593.5
1244870 1592.1
1244880 1595.4
1244890 1595.4
1244900 1594.8
1244910 1591.0
1244920 1591.0
1244930 1584.3
1244940 1582.3
1244950 1582.3
1244960 1577.1
1244970 1571.4
1244980 1571.4
1244990 1562.1
1245000 1551.4
1245010 1551.4
1245020 1544.1
1245030 1545.9
1245040 1550.3
1245050 1550.3
1245060 1544.9
1245070 1545.1
1245080 1545.1
1245090 1547.6
1245100 1550.5
1245110 1550.5
1245120 1555.1
1245130 1557.3
1245140 1557.3
1245150 1556.3
1245160 1556.7
1245170 1556.7
1245180 1556.8
1245190 1554.8
1245200 1554.8
1245210 1552.6
1245220 1552.4
1245230 1552.4
1245240 1550.8
1245250 1547.8
1245260 1547.8
1245270 1544.4
1245280 1541.7
1245290 1539.9
1245300 1539.9
1245310 1537.5
1245320 1534.5
1245330 1534.5
1245340 1532.3
1245350 1531.1
1245360 1531.1
1245370 1529.4
1245380 1525.5
1245390 1525.5
1245400 1519.3
1245410 1513.7
1245420 1513.7
1245430 1512.7
1245440 1515.8
1245450 1515.8
1245460 1518.3
1245470 1520.9
1245480 1520.9
1245490 1521.8
1245500 1519.0
1245510 1519.0
1245520 1514.5
1245530 1511.8
1245540 1509.5
1245550 1509.5
1245560 1506.1
1245570 1500.3
1245580 1500.3
1245590 1490.2
1245600 1482.8
1245610 1482.8
1245620 1475.3
1245630 1467.9
1245640 1467.9
1245650 1463.1
1245660 1464.1
1245670 1464.1
1245680 1463.2
1245690 1463.0
1245700 1463.0
1245710 1464.3
1245720 1463.7
1245730 1463.7
1245740 1463.0
1245750 1460.1
1245760 1460.1
1245770 1456.6
1245780 1452.7
1245790 1447.3
1245800 1447.3
1245810 1448.3
1245820 1450.0
1245830 1450.0
1245840 1446.9
1245850 1445.0
1245860 1445.0
1245870 1445.7
1245880 1443.8
1245890 1443.8
1245900 1442.3
1245910 1441.7
1245920 1441.7
1245930 1439.7
1245940 1436.0
1245950 1436.0
1245960 1431.8
1245970 1427.5
1245980 1427.5
1245990 1423.2
1246000 1419.8
1246010 1419.8
1246020 1417.0
1246030 1414.1
1246040 1414.1
1246050 1411.7
1246060 1409.9
1246070 1408.4
1246080 1408.4
1246090 1403.4
1246100 1393.7
1246110 1393.7
1246120 1389.3
1246130 1378.5
1246140 1378.5
1246150 1373.9
1246160 1374.4
1246170 1374.4
1246180 1377.4
1246190 1378.5
1246200 1378.5
1246210 1379.0
1246220 1375.5
1246230 1375.5
1246240 1370.6
1246250 1367.0
1246260 1367.0
1246270 1365.8
1246280 1367.2
1246290 1367.2
1246300 1363.5
1246310 1359.5
1246320 1356.5
1246330 1356.5
1246340 1351.6
1246350 1348.2
1246360 1348.2
1246370 1343.7
1246380 1338.0
1246390 1338.0
1246400 1332.0
1246410 1330.7
1246420 1330.7
1246430 1330.8
1246440 1330.1
1246450 1330.1
1246460 1329.5
1246470 1328.5
1246480 1328.5
1246490 1328.1
1246500 1328.5
1246510 1328.5
1246520 1327.3
1246530 1325.4
1246540 1325.4
1246550 1320.9
1246560 1314.5
1246570 1317.1
1246580 1317.1
1246590 1319.9
1246600 1320.5
1246610 1320.5
1246620 1320.3
1246630 1320.1
1246640 1320.1
1246650 1320.2
1246660 1310.9
1246670 1310.9
1246680 1308.4
1246690 1311.8
1246700 1311.8
1246710 1314.2
1246720 1312.4
1246730 1312.4
1246740 1307.2
1246750 1301.0
1246760 1301.0
1246770 1303.7
1246780 1308.8
1246790 1308.8
1246800 1309.2
1246810 1310.1
1246820 1310.5
1246830 1310.5
1246840 1312.3
1246850 1314.3
1246860 1314.3
1246870 1315.9
1246880 1315.9
1246890 1315.9
1246900 1314.7
1246910 1314.7
1246920 1314.7
1246930 1317.6
1246940 1321.3
1246950 1321.3
1246960 1323.1
1246970 1326.1
1246980 1326.1
1246990 1331.8
1247000 1334.8
1247010 1334.8
1247020 1328.5
1247030 1332.2
1247040 1332.2
1247050 1340.1
1247060 1341.0
1247070 1339.4
1247080 1339.4
1247090 1339.5
1247100 1337.1
1247110 1337.1
1247120 1333.6
1247130 1337.3
1247140 1337.3
1247150 1338.6
1247160 1335.1
1247170 1335.1
1247180 1331.4
1247190 1331.6
1247200 1325.3
1247210 1326.1
1247220 1325.5
1247230 1325.5
1247240 1323.6
1247250 1321.0
1247260 1321.0
1247270 1318.1
1247280 1316.5
1247290 1316.5
1247300 1315.6
1247310 1314.6
1247320 1312.5
1247330 1312.5
1247340 1309.6
1247350 1308.8
1247360 1308.8
1247370 1308.1
1247380 1306.7
1247390 1306.7
1247400 1305.0
1247410 1302.1
1247420 1302.1
1247430 1296.0
1247440 1288.4
1247450 1288.4
1247460 1281.1
1247470 1274.8
1247480 1274.8
1247490 1279.3
1247500 1284.8
1247510 1284.8
1247520 1284.1
1247530 1277.9
1247540 1277.9
1247550 1270.5
1247560 1262.7
1247570 1254.3
1247580 1254.3
1247590 1247.8
1247600 1251.4
1247610 1251.4
1247620 1259.9
1247630 1264.3
1247640 1264.3
1247650 1268.5
1247660 1274.2
1247670 1274.2
1247680 1275.9
1247690 1274.7
1247700 1274.7
1247710 1273.1
1247720 1270.7
1247730 1268.1
1247740 1265.8
1247750 1263.5
1247760 1263.5
1247770 1261.7
1247780 1260.3
1247790 1260.3
1247800 1258.6
1247810 1258.3
1247820 1258.3
1247830 1259.9
1247840 1259.5
1247850 1258.1
1247860 1258.1
1247870 1257.8
1247880 1257.1
1247890 1257.1
1247900 1255.7
1247910 1254.8
1247920 1254.8
1247930 1250.9
1247940 1245.1
1247950 1245.1
1247960 1247.7
1247970 1251.3
1247980 1251.3
1247990 1250.6
1248000 1250.2
1248010 1250.2
1248020 1249.6
1248030 1248.1
1248040 1248.1
1248050 1247.2
1248060 1246.8
1248070 1246.8
1248080 1246.5
1248090 1245.7
1248100 1243.4
1248110 1243.4
1248120 1240.6
1248130 1237.5
1248140 1237.5
1248150 1235.3
1248160 1234.6
1248170 1234.6
1248180 1235.4
1248190 1235.9
1248200 1235.9
1248210 1235.5
1248220 1233.0
1248230 1233.0
1248240 1231.3
1248250 1229.9
1248260 1229.9
1248270 1218.2
1248280 1219.8
1248290 1219.8
1248300 1224.3
1248310 1225.5
1248320 1225.5
1248330 1224.3
1248340 1221.5
1248350 1216.8
1248360 1216.8
1248370 1212.5
1248380 1203.4
1248390 1203.4
1248400 1190.9
1248410 1178.7
1248420 1178.7
1248430 1176.8
1248440 1181.4
1248450 1181.4
1248460 1185.9
1248470 1184.5
1248480 1184.5
1248490 1176.3
1248500 1174.9
1248510 1174.9
1248520 1184.1
1248530 1186.1
1248540 1186.1
1248550 1178.5
1248560 1170.4
1248570 1170.4
1248580 1168.5
1248590 1171.9
1248600 1181.0
1248610 1181.0
1248620 1191.3
1248630 1199.4
1248640 1199.4
1248650 1202.2
1248660 1204.0
1248670 1204.0
1248680 1205.2
1248690 1205.0
1248700 1205.0
1248710 1204.5
1248720 1203.7
1248730 1203.7
1248740 1202.8
1248750 1201.8
1248760 1201.8
1248770 1200.4
1248780 1199.0
1248790 1199.0
1248800 1197.1
1248810 1191.2
1248820 1191.2
1248830 1189.4
1248840 1187.8
1248850 1186.5
1248860 1186.5
1248870 1185.3
1248880 1184.2
1248890 1184.2
1248900 1183.4
1248910 1182.4
1248920 1182.4
1248930 1180.7
1248940 1179.9
1248950 1179.9
1248960 1179.8
1248970 1179.4
1248980 1179.4
1248990 1179.0
1249000 1178.4
1249010 1178.4
1249020 1177.5
1249030 1176.3
1249040 1176.3
1249050 1174.9
1249060 1173.8
1249070 1173.8
1249080 1172.2
1249090 1170.7
1249100 1170.0
1249110 1170.0
1249120 1168.3
1249130 1167.0
1249140 1167.0
1249150 1166.3
1249160 1164.1
1249170 1164.1
1249180 1160.5
1249190 1157.9
1249200 1157.9
1249210 1156.8
1249220 1156.3
1249230 1156.3
1249240 1156.1
1249250 1154.8
1249260 1154.8
1249270 1152.9
1249280 1151.0
1249290 1151.0
1249300 1149.1
1249310 1147.1
1249320 1147.1
1249330 1144.9
1249340 1142.0
1249350 1135.5
1249360 1135.5
1249370 1132.4
1249380 1129.6
1249390 1129.6
1249400 1127.0
1249410 1124.7
1249420 1124.7
1249430 1121.9
1249440 1118.6
1249450 1118.6
1249460 1116.1
1249470 1113.8
1249480 1113.8
1249490 1110.6
1249500 1107.1
1249510 1107.1
1249520 1104.6
1249530 1100.9
1249540 1100.9
1249550 1098.1
1249560 1095.5
1249570 1095.5
1249580 1092.2
1249590 1089.7
1249600 1089.7
1249610 1087.9
1249620 1085.9
1249630 1082.4
1249640 1082.4
1249650 1078.9
1249660 1075.8
1249670 1075.8
1249680 1073.0
1249690 1070.3
1249700 1070.3
1249710 1067.7
1249720 1065.0
1249730 1065.0
1249740 1061.7
1249750 1058.5
1249760 1058.5
1249770 1055.6
1249780 1053.0
1249790 1053.0
1249800 1050.4
1249810 1048.2
1249820 1048.2
1249830 1046.3
1249840 1044.1
1249850 1044.1
1249860 1041.8
1249870 1039.7
1249880 1037.7
1249890 1035.8
1249900 1033.6
1249910 1031.6
1249920 1031.6
1249930 1029.6
1249940 1027.0
1249950 1027.0
1249960 1024.4
1249970 1022.5
1249980 1022.5
1249990 1021.8
1250000 1020.8
1250010 1020.8
1250020 1019.4
1250030 1017.4
1250040 1017.4
1250050 1014.8
1250060 1013.6
1250070 1013.6
1250080 1013.7
1250090 1012.7
1250100 1012.7
1250110 1011.9
1250120 1011.4
1250130 1010.9
1250140 1010.9
1250150 1010.4
1250160 1009.7
1250170 1009.7
1250180 1008.8
1250190 1007.9
1250200 1007.9
1250210 1007.1
1250220 1007.1
1250230 1007.1
1250240 1006.9
1250250 1006.2
1250260 1006.2
1250270 1005.7
1250280 1005.5
1250290 1005.5
1250300 1005.4
1250310 1005.4
1250320 1005.4
1250330 1005.5
1250340 1004.9
1250350 1004.9
1250360 1004.5
1250370 1004.3
1250380 1004.3
1250390 1004.3
1250400 1004.3
1250410 1004.1
1250420 1004.1
1250430 1004.0
1250440 1003.8
1250450 1003.8
1250460 1003.8
1250470 1003.7
1250480 1003.7
1250490 1003.6
1250500 1003.3
1250510 1003.3
1250520 1002.2
1250530 1000.3
1250540 1000.3
1250550 998.3
1250560 996.2
1250570 996.2
1250580 992.2
1250590 988.7
1250600 988.7
1250610 985.7
1250620 982.9
1250630 980.0
1250640 980.0
1250650 977.1
1250660 974.5
1250670 974.5
1250680 972.3
1250690 970.7
1250700 970.7
1250710 969.1
1250720 968.0
1250730 968.0
1250740 967.6
1250750 967.8
1250760 967.8
1250770 969.4
1250780 972.5
1250790 972.5
1250800 976.0
1250810 977.1
1250820 977.1
1250830 977.3
1250840 977.3
1250850 977.3
1250860 976.9
1250870 974.6
1250880 971.8
1250890 971.8
1250900 969.2
1250910 966.7
1250920 966.7
1250930 964.0
1250940 960.4
1250950 960.4
1250960 956.8
1250970 953.4
1250980 956.4
1250990 952.8
1251000 949.0
1251010 949.0
1251020 945.0
1251030 940.8
1251040 940.8
1251050 937.4
1251060 935.5
1251070 935.5
1251080 933.6
1251090 930.1
1251100 930.1
1251110 926.5
1251120 924.4
1251130 922.9
1251140 922.9
1251150 921.3
1251160 919.8
1251170 919.8
1251180 918.4
1251190 917.6
1251200 917.6
1251210 916.6
1251220 915.0
1251230 915.0
1251240 913.9
1251250 913.6
1251260 913.6
1251270 913.5
1251280 913.2
1251290 913.2
1251300 912.8
1251310 912.5
1251320 912.5
1251330 911.4
1251340 908.2
1251350 908.2
1251360 904.7
1251370 901.4
1251380 901.4
1251390 896.6
1251400 893.4
1251410 891.2
1251420 891.2
1251430 888.3
1251440 883.7
1251450 883.7
1251460 879.0
1251470 873.9
1251480 873.9
1251490 868.6
1251500 862.9
1251510 862.9
1251520 851.4
1251530 847.7
1251540 847.7
1251550 844.6
1251560 839.8
1251570 839.8
1251580 833.4
1251590 832.4
1251600 832.4
1251610 829.6
1251620 824.0
1251630 824.0
1251640 817.6
1251650 815.0
1251660 813.1
1251670 813.1
1251680 809.8
1251690 805.9
1251700 805.9
1251710 803.1
1251720 802.9
1251730 802.9
1251740 801.4
1251750 798.1
1251760 798.1
1251770 793.8
1251780 790.0
1251790 790.0
1251800 784.2
1251810 777.4
1251820 777.4
1251830 776.0
1251840 773.5
1251850 773.5
1251860 769.4
1251870 761.9
1251880 761.9
1251890 752.3
1251900 742.8
1251910 735.7
1251920 735.7
1251930 731.7
1251940 729.4
1251950 729.4
1251960 730.0
1251970 731.5
1251980 731.5
1251990 731.0
1252000 730.5
1252010 730.5
1252020 730.5
1252030 730.9
1252040 730.9
1252050 731.8
1252060 733.3
1252070 734.5
1252080 733.9
1252090 733.6
1252100 733.6
1252110 734.4
1252120 736.8
1252130 736.8
1252140 737.5
1252150 741.6
1252160 750.9
1252170 750.9
1252180 759.8
1252190 768.1
1252200 768.1
1252210 776.8
1252220 784.3
1252230 784.3
1252240 791.3
1252250 797.3
1252260 797.3
1252270 805.2
1252280 812.6
1252290 812.6
1252300 817.0
1252310 820.8
1252320 820.8
1252330 825.5
1252340 830.4
1252350 830.4
1252360 835.9
1252370 840.7
1252380 840.7
1252390 846.0
1252400 851.4
1252410 857.6
1252420 857.6
1252430 865.1
1252440 872.1
1252450 872.1
1252460 876.6
1252470 879.5
1252480 879.5
1252490 882.2
1252500 885.6
1252510 885.6
1252520 890.2
1252530 895.6
1252540 895.6
1252550 900.8
1252560 904.0
1252570 904.0
1252580 905.0
1252590 905.9
1252600 905.9
1252610 906.8
1252620 908.2
1252630 908.2
1252640 909.7
1252650 910.8
1252660 911.1
1252670 911.1
1252680 911.2
1252690 911.2
1252700 911.2
1252710 911.1
1252720 911.0
1252730 911.0
1252740 910.7
1252750 910.5
1252760 910.5
1252770 910.4
1252780 910.4
1252790 910.4
1252800 910.4
1252810 910.4
1252820 910.4
1252830 910.5
1252840 910.7
1252850 910.7
1252860 911.4
1252870 912.5
1252880 912.5
1252890 913.6
1252900 914.3
1252910 914.6
1252920 914.6
1252930 914.6
1252940 914.4
1252950 914.4
1252960 914.3
1252970 914.2
1252980 914.2
1252990 914.1
1253000 913.9
1253010 913.9
1253020 913.7
1253030 913.4
1253040 913.4
1253050 913.2
1253060 912.8
1253070 912.8
1253080 912.3
1253090 911.4
1253100 911.4
1253110 909.9
1253120 907.9
1253130 907.9
1253140 907.3
1253150 907.2
1253160 908.1
1253170 909.1
1253180 908.6
1253190 907.0
1253200 907.0
1253210 906.2
1253220 906.1
1253230 906.1
1253240 906.3
1253250 907.1
1253260 907.1
1253270 907.0
1253280 906.6
1253290 906.6
1253300 906.4
1253310 906.5
1253320 906.5
1253330 907.1
1253340 907.3
1253350 907.3
1253360 907.1
1253370 906.5
1253380 906.5
1253390 906.0
1253400 905.5
1253410 905.5
1253420 905.2
1253430 904.8
1253440 904.7
1253450 904.7
1253460 904.4
1253470 904.0
1253480 904.0
1253490 903.8
1253500 903.0
1253510 903.0
1253520 902.1
1253530 901.6
1253540 901.6
1253550 901.1
1253560 900.5
1253570 900.5
1253580 899.8
1253590 898.9
1253600 898.9
1253610 898.2
1253620 895.8
1253630 895.8
1253640 890.9
1253650 884.7
1253660 884.7
1253670 878.9
1253680 873.5
1253690 868.8
1253700 868.8
1253710 865.3
1253720 862.1
1253730 862.1
1253740 860.0
1253750 857.1
1253760 857.1
1253770 855.7
1253780 856.1
1253790 856.1
1253800 856.6
1253810 858.2
1253820 858.2
1253830 859.3
1253840 861.6
1253850 861.6
1253860 864.9
1253870 867.6
1253880 867.6
1253890 873.8
1253900 881.0
1253910 881.0
1253920 885.8
1253930 886.5
1253940 886.8
1253950 886.8
1253960 886.3
1253970 885.9
1253980 885.9
1253990 885.6
1254000 885.2
1254010 885.2
1254020 884.7
1254030 884.1
1254040 884.1
1254050 883.6
1254060 883.1
1254070 883.1
1254080 882.6
1254090 882.1
1254100 882.1
1254110 881.7
1254120 881.3
1254130 881.3
1254140 880.9
1254150 880.5
1254160 880.5
1254170 880.2
1254180 880.0
1254190 879.5
1254200 879.5
1254210 878.9
1254220 878.3
1254230 878.3
1254240 877.6
1254250 877.0
1254260 878.1
1254270 877.6
1254280 877.0
1254290 877.0
1254300 876.5
1254310 876.1
1254320 876.1
1254330 875.6
1254340 875.1
1254350 875.1
1254360 874.6
1254370 874.3
1254380 874.3
1254390 874.0
1254400 873.9
1254410 873.9
1254420 873.6
1254430 873.4
1254440 873.2
1254450 873.2
1254460 873.0
1254470 872.8
1254480 872.8
1254490 872.7
1254500 872.5
1254510 872.5
1254520 872.3
1254530 872.0
1254540 872.0
1254550 871.7
1254560 871.4
1254570 871.4
1254580 871.1
1254590 870.9
1254600 870.9
1254610 870.8
1254620 870.7
1254630 870.7
1254640 870.6
1254650 870.5
1254660 870.5
1254670 870.4
1254680 870.4
1254690 870.2
1254700 870.2
1254710 870.1
1254720 870.2
1254730 870.2
1254740 870.9
1254750 872.1
1254760 872.1
1254770 873.1
1254780 873.7
1254790 873.7
1254800 874.1
1254810 874.2
1254820 874.4
1254830 874.1
1254840 873.6
1254850 873.6
1254860 873.2
1254870 872.9
1254880 872.9
1254890 872.5
1254900 872.3
1254910 872.3
1254920 872.1
1254930 871.9
1254940 871.9
1254950 871.9
1254960 871.9
1254970 871.8
1254980 871.8
1254990 871.6
1255000 871.3
1255010 871.3
1255020 871.0
1255030 870.8
1255040 870.8
1255050 870.8
1255060 870.7
1255070 870.7
1255080 870.7
1255090 870.6
1255100 870.6
1255110 870.6
1255120 870.5
1255130 870.5
1255140 870.4
1255150 870.2
1255160 870.2
1255170 870.1
1255180 869.8
1255190 869.8
1255200 869.8
1255210 869.5
1255220 869.2
1255230 869.2
1255240 869.6
1255250 869.2
1255260 869.2
1255270 869.4
1255280 869.9
1255290 869.9
1255300 870.0
1255310 870.1
1255320 870.1
1255330 868.9
1255340 867.2
1255350 867.2
1255360 868.7
1255370 869.1
1255380 869.1
1255390 869.3
1255400 870.1
1255410 870.1
1255420 870.4
1255430 869.6
1255440 869.6
1255450 869.0
1255460 869.0
1255470 869.1
1255480 869.1
1255490 869.2
1255500 868.6
1255510 868.6
1255520 868.6
1255530 868.6
1255540 868.6
1255550 868.3
1255560 868.2
1255570 868.2
1255580 868.1
1255590 868.0
1255600 868.0
1255610 867.8
1255620 867.6
1255630 867.6
1255640 867.4
1255650 867.0
1255660 867.0
1255670 866.8
1255680 866.7
1255690 866.7
1255700 866.3
1255710 865.7
1255720 865.2
1255730 865.2
1255740 864.9
1255750 864.5
1255760 864.5
1255770 864.3
1255780 864.0
1255790 864.0
1255800 863.7
1255810 863.4
1255820 863.4
1255830 863.2
1255840 863.0
1255850 863.0
1255860 862.7
1255870 862.6
1255880 862.6
1255890 862.8
1255900 862.4
1255910 862.4
1255920 862.7
1255930 862.5
1255940 862.5
1255950 861.7
1255960 861.2
1255970 860.4
1255980 860.4
1255990 859.7
1256000 858.8
1256010 858.8
1256020 856.6
1256030 853.9
1256040 853.9
1256050 849.3
1256060 842.8
1256070 842.8
1256080 837.2
1256090 835.7
1256100 835.7
1256110 836.0
1256120 836.3
1256130 836.3
1256140 837.9
1256150 839.9
1256160 839.9
1256170 840.5
1256180 839.9
1256190 839.9
1256200 839.4
1256210 838.7
1256220 837.7
1256230 837.7
1256240 836.7
1256250 835.6
1256260 835.6
1256270 834.3
1256280 836.5
1256290 836.5
1256300 839.0
1256310 841.8
1256320 841.8
1256330 843.8
1256340 846.6
1256350 846.6
1256360 850.0
1256370 853.2
1256380 853.2
1256390 853.3
1256400 854.0
1256410 854.0
1256420 853.7
1256430 853.4
1256440 853.4
1256450 852.3
1256460 851.3
1256470 850.8
1256480 850.0
1256490 849.5
1256500 849.2
1256510 849.2
1256520 849.1
1256530 849.1
1256540 849.1
1256550 849.4
1256560 849.3
1256570 849.3
1256580 848.8
1256590 847.3
1256600 847.3
1256610 846.0
1256620 844.9
1256630 844.9
1256640 844.5
1256650 844.6
1256660 844.6
1256670 844.6
1256680 844.4
1256690 844.4
1256700 843.7
1256710 843.5
1256720 843.5
1256730 843.4
1256740 843.6
1256750 843.6
1256760 843.6
1256770 843.5
1256780 843.2
1256790 843.2
1256800 843.2
1256810 843.3
1256820 843.3
1256830 843.6
1256840 843.6
1256850 843.6
1256860 843.1
1256870 843.2
1256880 843.2
1256890 843.9
1256900 844.5
1256910 844.5
1256920 845.1
1256930 846.3
1256940 846.3
1256950 847.5
1256960 848.2
1256970 848.2
1256980 847.9
1256990 845.9
1257000 846.2
1257010 846.2
1257020 846.5
1257030 846.7
1257040 846.4
1257050 846.5
1257060 846.7
1257070 846.7
1257080 846.9
1257090 847.2
1257100 847.2
1257110 847.6
1257120 848.1
1257130 848.1
1257140 849.2
1257150 850.1
1257160 850.1
1257170 850.7
1257180 850.7
1257190 850.7
1257200 850.9
1257210 851.2
1257220 851.2
1257230 851.3
1257240 851.2
1257250 851.2
1257260 851.2
1257270 851.0
1257280 850.8
1257290 850.8
1257300 850.9
1257310 851.3
1257320 851.3
1257330 851.6
1257340 851.9
1257350 851.9
1257360 852.1
1257370 852.4
1257380 852.4
1257390 852.7
1257400 853.0
1257410 853.0
1257420 853.4
1257430 853.6
1257440 853.6
1257450 853.9
1257460 854.1
1257470 854.1
1257480 854.3
1257490 854.6
1257500 854.9
1257510 854.9
1257520 855.2
1257530 855.4
1257540 855.4
1257550 855.7
1257560 856.1
1257570 856.1
1257580 856.5
1257590 856.7
1257600 857.0
1257610 857.3
1257620 857.6
1257630 857.6
1257640 858.1
1257650 858.3
1257660 858.3
1257670 858.5
1257680 858.7
1257690 858.7
1257700 858.9
1257710 859.1
1257720 859.1
1257730 859.8
1257740 860.0
1257750 860.0
1257760 860.0
1257770 860.1
1257780 860.4
1257790 860.4
1257800 860.6
1257810 860.9
1257820 860.9
1257830 861.2
1257840 861.5
1257850 861.5
1257860 861.9
1257870 862.2
1257880 862.2
1257890 862.6
1257900 863.0
1257910 863.0
1257920 863.5
1257930 864.0
1257940 864.0
1257950 864.5
1257960 865.1
1257970 865.1
1257980 865.9
1257990 866.3
1258000 866.1
1258010 866.1
1258020 866.4
1258030 866.8
1258040 866.8
1258050 867.1
1258060 867.5
1258070 867.5
1258080 867.8
1258090 868.1
1258100 868.1
1258110 868.4
1258120 868.8
1258130 868.8
1258140 869.1
1258150 869.5
1258160 870.1
1258170 870.9
1258180 872.0
1258190 872.0
1258200 872.5
1258210 873.0
1258220 873.0
1258230 873.4
1258240 873.9
1258250 874.2
1258260 874.2
1258270 874.6
1258280 875.2
1258290 875.2
1258300 875.6
1258310 876.1
1258320 876.1
1258330 876.6
1258340 877.0
1258350 877.0
1258360 877.4
1258370 877.9
1258380 877.9
1258390 878.4
1258400 879.0
1258410 879.0
1258420 879.4
1258430 879.9
1258440 879.9
1258450 880.4
1258460 880.9
1258470 880.9
1258480 881.2
1258490 881.4
1258500 881.4
1258510 881.6
1258520 882.0
1258530 882.5
1258540 882.5
1258550 883.0
1258560 883.1
1258570 883.1
1258580 883.0
1258590 882.9
1258600 882.9
1258610 882.8
1258620 882.8
1258630 882.8
1258640 882.7
1258650 882.6
1258660 882.6
1258670 882.6
1258680 883.1
1258690 883.1
1258700 883.5
1258710 883.8
1258720 884.5
1258730 884.8
1258740 885.3
1258750 885.3
1258760 885.5
1258770 885.6
1258780 885.5
1258790 885.5
1258800 885.7
1258810 885.8
1258820 885.8
1258830 886.1
1258840 886.2
1258850 886.2
1258860 885.8
1258870 884.2
1258880 884.2
1258890 883.9
1258900 884.2
1258910 884.2
1258920 884.2
1258930 884.1
1258940 884.1
1258950 883.9
1258960 883.4
1258970 883.4
1258980 882.7
1258990 882.2
1259000 882.2
1259010 881.7
1259020 881.5
1259030 881.2
1259040 881.2
1259050 880.9
1259060 880.5
1259070 880.5
1259080 880.0
1259090 879.6
1259100 879.6
1259110 879.9
1259120 879.5
1259130 879.5
1259140 878.7
1259150 878.7
1259160 878.7
1259170 878.7
1259180 878.5
1259190 878.5
1259200 878.0
1259210 877.5
1259220 877.5
1259230 877.3
1259240 877.2
1259250 877.2
1259260 876.9
1259270 876.0
1259280 874.7
1259290 876.6
1259300 875.4
1259310 875.0
1259320 875.0
1259330 874.8
1259340 874.0
1259350 874.0
1259360 873.6
1259370 873.2
1259380 873.2
1259390 872.9
1259400 872.9
1259410 872.9
1259420 872.7
1259430 872.2
1259440 872.2
1259450 871.5
1259460 870.0
1259470 870.0
1259480 869.3
1259490 869.2
1259500 869.2
1259510 868.4
1259520 867.6
1259530 866.9
1259540 866.9
1259550 866.1
1259560 865.1
1259570 865.1
1259580 864.0
1259590 863.1
1259600 863.1
1259610 862.5
1259620 861.9
1259630 861.9
1259640 861.2
1259650 860.5
1259660 860.5
1259670 860.0
1259680 859.8
1259690 859.8
1259700 859.7
1259710 859.4
1259720 859.4
1259730 859.3
1259740 859.2
1259750 859.2
1259760 859.4
1259770 859.6
1259780 859.2
1259790 859.2
1259800 859.0
1259810 859.0
1259820 859.0
1259830 859.0
1259840 858.8
1259850 859.6
1259860 859.7
1259870 859.5
1259880 859.5
1259890 859.2
1259900 858.8
1259910 858.8
1259920 858.3
1259930 857.9
1259940 857.9
1259950 857.4
1259960 857.1
1259970 857.1
1259980 857.0
1259990 856.7
