1240000 1973.5
1240010 1970.1
1240020 1970.1
1240030 1967.9
1240040 1966.7
1240050 1966.7
1240060 1964.8
1240070 1960.9
1240080 1960.9
1240090 1954.7
1240100 1948.3
1240110 1948.3
1240120 1943.8
1240130 1940.9
1240140 1940.9
1240150 1938.5
1240160 1937.9
1240170 1937.9
1240180 1940.1
1240190 1942.7
1240200 1942.7
1240210 1943.0
1240220 1942.1
1240230 1942.1
1240240 1939.6
1240250 1936.9
1240260 1935.9
1240270 1935.9
1240280 1937.7
1240290 1941.6
1240300 1941.6
1240310 1941.9
1240320 1941.5
1240330 1941.5
1240340 1942.0
1240350 1941.9
1240360 1941.9
1240370 1940.3
1240380 1938.5
1240390 1938.5
1240400 1938.7
1240410 1937.3
1240420 1937.3
1240430 1936.8
1240440 1934.1
1240450 1934.1
1240460 1929.7
1240470 1928.6
1240480 1928.6
1240490 1928.4
1240500 1929.9
1240510 1931.9
1240520 1931.9
1240530 1933.3
1240540 1935.0
1240550 1935.0
1240560 1937.2
1240570 1938.3
1240580 1938.3
1240590 1938.5
1240600 1939.7
1240610 1939.7
1240620 1941.0
1240630 1942.0
1240640 1948.9
1240650 1949.6
1240660 1950.1
1240670 1950.1
1240680 1950.5
1240690 1950.9
1240700 1950.9
1240710 1951.9
1240720 1951.8
1240730 1951.8
1240740 1949.9
1240750 1947.6
1240760 1947.6
1240770 1943.3
1240780 1938.3
1240790 1932.6
1240800 1932.6
1240810 1925.2
1240820 1915.3
1240830 1915.3
1240840 1904.3
1240850 1896.1
1240860 1896.1
1240870 1889.6
1240880 1884.2
1240890 1884.2
1240900 1880.1
1240910 1875.7
1240920 1875.7
1240930 1870.8
1240940 1866.5
1240950 1866.5
1240960 1862.3
1240970 1858.3
1240980 1858.3
1240990 1853.9
1241000 1847.8
1241010 1847.8
1241020 1848.5
1241030 1852.0
1241040 1855.4
1241050 1855.4
1241060 1858.6
1241070 1859.4
1241080 1859.4
1241090 1859.9
1241100 1862.6
1241110 1862.6
1241120 1866.4
1241130 1868.5
1241140 1868.5
1241150 1866.8
1241160 1868.2
1241170 1868.2
1241180 1866.2
1241190 1864.0
1241200 1864.0
1241210 1865.3
1241220 1868.2
1241230 1868.2
1241240 1868.9
1241250 1869.6
1241260 1869.6
1241270 1871.0
1241280 1872.1
1241290 1872.2
1241300 1872.2
1241310 1871.7
1241320 1872.5
1241330 1872.5
1241340 1876.0
1241350 1877.8
1241360 1877.8
1241370 1878.9
1241380 1880.8
1241390 1880.8
1241400 1879.1
1241410 1874.6
1241420 1874.6
1241430 1870.7
1241440 1866.4
1241450 1866.4
1241460 1874.7
1241470 1886.7
1241480 1886.7
1241490 1894.0
1241500 1898.7
1241510 1898.7
1241520 1901.8
1241530 1903.0
1241540 1905.3
1241550 1905.3
1241560 1908.3
1241570 1910.7
1241580 1910.7
1241590 1913.5
1241600 1915.6
1241610 1915.6
1241620 1919.6
1241630 1923.6
1241640 1923.6
1241650 1927.4
1241660 1931.5
1241670 1931.5
1241680 1935.0
1241690 1945.0
1241700 1945.0
1241710 1949.4
1241720 1953.9
1241730 1953.9
1241740 1954.2
1241750 1952.9
1241760 1952.9
1241770 1958.3
1241780 1966.8
1241790 1973.7
1241800 1973.7
1241810 1978.7
1241820 1982.9
1241830 1982.9
1241840 1985.8
1241850 1990.3
1241860 1990.3
1241870 1992.2
1241880 1990.3
1241890 1990.3
1241900 1991.3
1241910 1998.9
1241920 1998.9
1241930 2007.7
1241940 2015.6
1241950 2015.6
1241960 2020.6
1241970 2022.7
1241980 2022.7
1241990 2024.0
1242000 2025.0
1242010 2025.0
1242020 2021.1
1242030 2018.2
1242040 2022.4
1242050 2022.4
1242060 2025.3
1242070 2024.8
1242080 2024.8
1242090 2030.6
1242100 2037.2
1242110 2037.2
1242120 2039.4
1242130 2039.7
1242140 2039.7
1242150 2042.3
1242160 2044.5
1242170 2044.5
1242180 2046.8
1242190 2051.0
1242200 2051.0
1242210 2063.0
1242220 2065.7
1242230 2065.7
1242240 2066.9
1242250 2067.2
1242260 2067.2
1242270 2067.9
1242280 2067.4
1242290 2067.4
1242300 2065.5
1242310 2063.8
1242320 2061.4
1242330 2061.4
1242340 2059.2
1242350 2056.8
1242360 2056.8
1242370 2053.6
1242380 2049.9
1242390 2049.9
1242400 2047.3
1242410 2045.1
1242420 2045.1
1242430 2043.6
1242440 2042.5
1242450 2042.5
1242460 2040.8
1242470 2039.0
1242480 2039.0
1242490 2037.4
1242500 2036.1
1242510 2036.1
1242520 2034.3
1242530 2031.8
1242540 2031.8
1242550 2029.0
1242560 2025.9
1242570 2022.9
1242580 2022.9
1242590 2019.5
1242600 2016.4
1242610 2016.4
1242620 2013.4
1242630 2010.0
1242640 2010.0
1242650 2007.0
1242660 2004.4
1242670 2004.4
1242680 2001.9
1242690 1999.6
1242700 1999.6
1242710 1997.3
1242720 1995.2
1242730 1995.2
1242740 1993.9
1242750 1991.2
1242760 1991.2
1242770 1989.5
1242780 1987.8
1242790 1987.8
1242800 1986.1
1242810 1984.3
1242820 1982.4
1242830 1982.4
1242840 1980.2
1242850 1978.5
1242860 1978.5
1242870 1977.1
1242880 1975.2
1242890 1975.2
1242900 1972.8
1242910 1971.1
1242920 1971.1
1242930 1969.5
1242940 1968.1
1242950 1968.1
1242960 1966.9
1242970 1965.8
1242980 1965.8
1242990 1964.5
1243000 1963.1
1243010 1963.1
1243020 1961.6
1243030 1960.0
1243040 1960.0
1243050 1958.3
1243060 1957.1
1243070 1955.6
1243080 1955.6
1243090 1954.1
1243100 1952.2
1243110 1952.2
1243120 1950.7
1243130 1948.9
1243140 1948.9
1243150 1947.3
1243160 1945.6
1243170 1945.6
1243180 1944.2
1243190 1942.5
1243200 1942.5
1243210 1940.9
1243220 1939.4
1243230 1939.4
1243240 1937.9
1243250 1936.2
1243260 1937.6
1243270 1935.7
1243280 1933.6
1243290 1933.6
1243300 1931.3
1243310 1929.4
1243320 1927.9
1243330 1927.9
1243340 1926.4
1243350 1925.0
1243360 1925.0
1243370 1923.5
1243380 1921.2
1243390 1921.2
1243400 1919.4
1243410 1917.7
1243420 1917.7
1243430 1916.4
1243440 1915.4
1243450 1915.4
1243460 1914.1
1243470 1912.3
1243480 1912.3
1243490 1910.5
1243500 1908.1
1243510 1908.1
1243520 1904.7
1243530 1901.0
1243540 1901.0
1243550 1897.5
1243560 1893.8
1243570 1891.8
1243580 1891.8
1243590 1891.6
1243600 1891.8
1243610 1891.8
1243620 1891.5
1243630 1890.8
1243640 1890.8
1243650 1889.5
1243660 1887.7
1243670 1887.7
1243680 1885.8
1243690 1884.3
1243700 1884.3
1243710 1883.2
1243720 1882.0
1243730 1882.0
1243740 1880.4
1243750 1878.7
1243760 1878.7
1243770 1877.2
1243780 1875.6
1243790 1877.2
1243800 1874.7
1243810 1871.5
1243820 1871.5
1243830 1868.7
1243840 1866.8
1243850 1865.0
1243860 1865.0
1243870 1863.2
1243880 1861.9
1243890 1861.9
1243900 1859.2
1243910 1854.9
1243920 1854.9
1243930 1852.3
1243940 1848.7
1243950 1848.7
1243960 1847.7
1243970 1846.2
1243980 1846.2
1243990 1842.6
1244000 1837.9
1244010 1837.9
1244020 1832.0
1244030 1825.0
1244040 1825.0
1244050 1817.0
1244060 1808.6
1244070 1808.6
1244080 1800.6
1244090 1793.1
1244100 1786.1
1244110 1786.1
1244120 1779.6
1244130 1772.1
1244140 1772.1
1244150 1765.1
1244160 1759.3
1244170 1759.3
1244180 1753.8
1244190 1749.1
1244200 1749.1
1244210 1744.7
1244220 1738.8
1244230 1738.8
1244240 1732.7
1244250 1725.7
1244260 1725.7
1244270 1718.4
1244280 1710.6
1244290 1710.6
1244300 1703.9
1244310 1698.7
1244320 1702.4
1244330 1694.5
1244340 1687.7
1244350 1682.5
1244360 1682.5
1244370 1677.4
1244380 1671.5
1244390 1671.5
1244400 1664.3
1244410 1657.8
1244420 1657.8
1244430 1652.5
1244440 1648.5
1244450 1648.5
1244460 1645.9
1244470 1644.5
1244480 1644.5
1244490 1642.0
1244500 1640.1
1244510 1640.1
1244520 1639.0
1244530 1637.2
1244540 1637.2
1244550 1634.7
1244560 1632.3
1244570 1632.3
1244580 1628.3
1244590 1622.9
1244600 1616.2
1244610 1616.2
1244620 1608.9
1244630 1604.4
1244640 1604.4
1244650 1610.1
1244660 1607.2
1244670 1607.2
1244680 1600.3
1244690 1595.3
1244700 1595.3
1244710 1589.4
1244720 1585.1
1244730 1585.1
1244740 1581.4
1244750 1578.5
1244760 1578.5
1244770 1575.5
1244780 1572.5
1244790 1572.5
1244800 1570.0
1244810 1567.3
1244820 1567.3
1244830 1564.2
1244840 1561.1
1244850 1558.6
1244860 1558.6
1244870 1555.4
1244880 1552.4
1244890 1552.4
1244900 1550.1
1244910 1548.3
1244920 1548.3
1244930 1547.3
1244940 1544.8
1244950 1544.8
1244960 1541.1
1244970 1537.9
1244980 1537.9
1244990 1535.1
1245000 1532.2
1245010 1532.2
1245020 1529.6
1245030 1527.2
1245040 1527.2
1245050 1524.7
1245060 1522.7
1245070 1522.7
1245080 1520.6
1245090 1519.6
1245100 1519.8
1245110 1519.8
1245120 1521.5
1245130 1522.3
1245140 1522.3
1245150 1521.7
1245160 1521.6
1245170 1521.6
1245180 1522.1
1245190 1520.6
1245200 1520.6
1245210 1520.1
1245220 1519.8
1245230 1519.8
1245240 1518.6
1245250 1516.2
1245260 1516.2
1245270 1514.3
1245280 1514.6
1245290 1514.6
1245300 1514.6
1245310 1514.2
1245320 1514.2
1245330 1512.8
1245340 1510.1
1245350 1508.0
1245360 1508.0
1245370 1506.1
1245380 1494.8
1245390 1494.8
1245400 1493.7
1245410 1491.8
1245420 1491.8
1245430 1491.5
1245440 1494.3
1245450 1494.3
1245460 1498.8
1245470 1499.3
1245480 1499.3
1245490 1496.9
1245500 1493.0
1245510 1493.0
1245520 1486.8
1245530 1479.8
1245540 1479.8
1245550 1473.2
1245560 1466.5
1245570 1466.5
1245580 1465.0
1245590 1467.4
1245600 1467.4
1245610 1470.0
1245620 1467.1
1245630 1460.3
1245640 1460.3
1245650 1452.2
1245660 1448.2
1245670 1448.2
1245680 1448.1
1245690 1447.4
1245700 1447.4
1245710 1445.0
1245720 1443.2
1245730 1443.2
1245740 1441.6
1245750 1439.5
1245760 1439.5
1245770 1436.9
1245780 1434.0
1245790 1434.0
1245800 1430.1
1245810 1424.3
1245820 1424.3
1245830 1422.3
1245840 1424.1
1245850 1424.1
1245860 1422.7
1245870 1421.7
1245880 1422.1
1245890 1422.1
1245900 1420.2
1245910 1420.4
1245920 1410.5
1245930 1411.7
1245940 1412.1
1245950 1412.1
1245960 1411.4
1245970 1410.7
1245980 1410.7
1245990 1408.6
1246000 1405.1
1246010 1405.1
1246020 1401.1
1246030 1398.0
1246040 1398.0
1246050 1395.2
1246060 1389.4
1246070 1389.4
1246080 1384.5
1246090 1379.5
1246100 1379.5
1246110 1375.2
1246120 1371.7
1246130 1368.0
1246140 1368.0
1246150 1364.1
1246160 1360.3
1246170 1360.3
1246180 1356.0
1246190 1353.3
1246200 1353.3
1246210 1350.1
1246220 1346.9
1246230 1346.9
1246240 1344.4
1246250 1342.5
1246260 1342.5
1246270 1340.7
1246280 1338.9
1246290 1338.9
1246300 1337.1
1246310 1335.3
1246320 1335.3
1246330 1333.4
1246340 1331.3
1246350 1331.3
1246360 1329.0
1246370 1326.8
1246380 1324.8
1246390 1324.8
1246400 1323.0
1246410 1321.2
1246420 1321.2
1246430 1319.4
1246440 1317.5
1246450 1318.8
1246460 1317.2
1246470 1315.3
1246480 1315.3
1246490 1313.1
1246500 1311.2
1246510 1311.2
1246520 1309.4
1246530 1308.1
1246540 1308.1
1246550 1306.7
1246560 1305.0
1246570 1305.0
1246580 1303.0
1246590 1300.9
1246600 1300.9
1246610 1298.6
1246620 1296.9
1246630 1295.2
1246640 1295.2
1246650 1293.6
1246660 1291.7
1246670 1291.7
1246680 1289.9
1246690 1287.7
1246700 1287.7
1246710 1286.0
1246720 1284.2
1246730 1284.2
1246740 1282.3
1246750 1280.7
1246760 1280.7
1246770 1279.5
1246780 1278.4
1246790 1278.4
1246800 1277.2
1246810 1277.2
1246820 1277.2
1246830 1278.7
1246840 1280.8
1246850 1280.8
1246860 1283.2
1246870 1286.1
1246880 1288.0
1246890 1288.0
1246900 1286.7
1246910 1287.8
1246920 1287.8
1246930 1289.3
1246940 1290.1
1246950 1290.1
1246960 1292.6
1246970 1295.4
1246980 1295.4
1246990 1290.9
1247000 1292.0
1247010 1292.0
1247020 1290.5
1247030 1295.9
1247040 1295.9
1247050 1301.9
1247060 1308.9
1247070 1308.9
1247080 1311.7
1247090 1312.6
1247100 1312.6
1247110 1312.5
1247120 1306.7
1247130 1306.7
1247140 1310.7
1247150 1315.5
1247160 1315.6
1247170 1315.6
1247180 1313.4
1247190 1310.2
1247200 1310.2
1247210 1310.4
1247220 1313.1
1247230 1313.1
1247240 1313.0
1247250 1309.6
1247260 1309.6
1247270 1305.1
1247280 1299.7
1247290 1299.7
1247300 1295.7
1247310 1295.0
1247320 1295.0
1247330 1295.2
1247340 1292.0
1247350 1292.0
1247360 1288.1
1247370 1288.3
1247380 1288.3
1247390 1287.0
1247400 1285.1
1247410 1283.3
1247420 1283.3
1247430 1281.6
1247440 1278.2
1247450 1278.2
1247460 1272.1
1247470 1263.7
1247480 1263.7
1247490 1262.5
1247500 1269.7
1247510 1269.7
1247520 1269.4
1247530 1267.6
1247540 1267.6
1247550 1260.0
1247560 1252.1
1247570 1252.1
1247580 1244.1
1247590 1236.6
1247600 1236.6
1247610 1232.3
1247620 1234.3
1247630 1234.3
1247640 1241.3
1247650 1247.3
1247660 1252.6
1247670 1252.6
1247680 1257.7
1247690 1261.7
1247700 1261.7
1247710 1261.6
1247720 1260.4
1247730 1260.4
1247740 1259.3
1247750 1257.9
1247760 1257.9
1247770 1255.9
1247780 1252.8
1247790 1252.8
1247800 1248.6
1247810 1245.5
1247820 1245.5
1247830 1244.0
1247840 1243.7
1247850 1243.7
1247860 1243.8
1247870 1245.8
1247880 1245.8
1247890 1247.1
1247900 1245.8
1247910 1240.7
1247920 1240.7
1247930 1236.3
1247940 1231.9
1247950 1231.9
1247960 1233.6
1247970 1237.9
1247980 1237.9
1247990 1238.7
1248000 1238.3
1248010 1238.3
1248020 1237.2
1248030 1236.3
1248040 1236.3
1248050 1235.5
1248060 1230.2
1248070 1230.2
1248080 1229.6
1248090 1228.6
1248100 1228.6
1248110 1227.7
1248120 1227.1
1248130 1227.1
1248140 1226.0
1248150 1223.1
1248160 1216.2
1248170 1216.2
1248180 1209.9
1248190 1211.6
1248200 1211.6
1248210 1213.4
1248220 1213.1
1248230 1213.1
1248240 1211.7
1248250 1205.3
1248260 1205.3
1248270 1197.6
1248280 1196.2
1248290 1196.2
1248300 1201.8
1248310 1204.2
1248320 1204.2
1248330 1205.7
1248340 1204.4
1248350 1204.4
1248360 1196.4
1248370 1189.6
1248380 1189.6
1248390 1182.3
1248400 1173.2
1248410 1163.0
1248420 1163.0
1248430 1155.8
1248440 1152.9
1248450 1152.9
1248460 1155.7
1248470 1157.7
1248480 1157.7
1248490 1151.2
1248500 1146.5
1248510 1146.5
1248520 1153.1
1248530 1152.6
1248540 1152.6
1248550 1146.4
1248560 1143.9
1248570 1143.9
1248580 1150.9
1248590 1160.3
1248600 1153.5
1248610 1159.6
1248620 1163.8
1248630 1163.8
1248640 1167.9
1248650 1172.8
1248660 1177.0
1248670 1177.0
1248680 1179.7
1248690 1182.2
1248700 1182.2
1248710 1184.2
1248720 1182.8
1248730 1182.8
1248740 1182.2
1248750 1183.7
1248760 1183.7
1248770 1182.9
1248780 1182.1
1248790 1182.1
1248800 1181.1
1248810 1179.4
1248820 1179.4
1248830 1177.8
1248840 1177.2
1248850 1177.2
1248860 1176.6
1248870 1175.5
1248880 1175.5
1248890 1172.7
1248900 1170.1
1248910 1170.1
1248920 1168.6
1248930 1167.9
1248940 1167.8
1248950 1167.8
1248960 1168.0
1248970 1167.9
1248980 1167.9
1248990 1167.2
1249000 1166.4
1249010 1166.4
1249020 1165.6
1249030 1164.6
1249040 1164.6
1249050 1163.0
1249060 1161.4
1249070 1161.4
1249080 1159.9
1249090 1158.4
1249100 1158.4
1249110 1157.9
1249120 1156.7
1249130 1156.7
1249140 1151.7
1249150 1150.2
1249160 1150.2
1249170 1148.8
1249180 1146.8
1249190 1144.3
1249200 1144.3
1249210 1142.1
1249220 1140.5
1249230 1140.5
1249240 1139.0
1249250 1138.1
1249260 1138.1
1249270 1137.0
1249280 1135.3
1249290 1135.3
1249300 1133.3
1249310 1131.2
1249320 1131.2
1249330 1128.9
1249340 1126.6
1249350 1126.6
1249360 1124.3
1249370 1122.1
1249380 1122.1
1249390 1119.5
1249400 1116.5
1249410 1116.5
1249420 1113.9
1249430 1111.5
1249440 1108.9
1249450 1108.9
1249460 1106.1
1249470 1102.6
1249480 1102.6
1249490 1098.6
1249500 1095.7
1249510 1095.7
1249520 1094.0
1249530 1092.9
1249540 1092.9
1249550 1090.4
1249560 1087.7
1249570 1087.7
1249580 1085.6
1249590 1083.5
1249600 1083.5
1249610 1080.3
1249620 1077.0
1249630 1077.0
1249640 1073.6
1249650 1069.8
1249660 1069.8
1249670 1066.8
1249680 1061.2
1249690 1058.7
1249700 1058.7
1249710 1055.9
1249720 1053.3
1249730 1053.3
1249740 1051.2
1249750 1049.0
1249760 1049.0
1249770 1046.8
1249780 1045.1
1249790 1045.1
1249800 1043.4
1249810 1041.0
1249820 1041.0
1249830 1038.2
1249840 1036.3
1249850 1036.3
1249860 1034.5
1249870 1032.7
1249880 1032.7
1249890 1030.8
1249900 1028.9
1249910 1028.9
1249920 1028.0
1249930 1025.7
1249940 1024.0
1249950 1024.0
1249960 1022.3
1249970 1020.9
1249980 1020.9
1249990 1020.2
1250000 1019.3
1250010 1019.3
1250020 1018.1
1250030 1017.1
1250040 1017.1
1250050 1016.3
1250060 1015.2
1250070 1015.2
1250080 1014.1
1250090 1013.3
1250100 1013.3
1250110 1012.4
1250120 1011.7
1250130 1011.7
1250140 1010.5
1250150 1009.5
1250160 1009.5
1250170 1008.7
1250180 1008.1
1250190 1007.7
1250200 1007.7
1250210 1007.4
1250220 1007.3
1250230 1007.3
1250240 1006.8
1250250 1006.2
1250260 1006.2
1250270 1005.7
1250280 1005.3
1250290 1005.3
1250300 1005.0
1250310 1004.8
1250320 1004.8
1250330 1004.9
1250340 1005.2
1250350 1005.2
1250360 1005.0
1250370 1004.6
1250380 1004.6
1250390 1004.3
1250400 1004.1
1250410 1004.1
1250420 1003.9
1250430 1003.9
1250440 1003.5
1250450 1003.5
1250460 1002.0
1250470 1000.1
1250480 1000.1
1250490 999.0
1250500 998.3
1250510 998.3
1250520 997.1
1250530 995.4
1250540 995.4
1250550 992.8
1250560 990.2
1250570 990.2
1250580 987.5
1250590 984.1
1250600 984.1
1250610 981.7
1250620 979.5
1250630 979.5
1250640 977.6
1250650 975.6
1250660 975.6
1250670 973.7
1250680 971.7
1250690 970.1
1250700 970.1
1250710 968.7
1250720 967.9
1250730 967.9
1250740 967.7
1250750 968.2
1250760 968.9
1250770 971.2
1250780 974.8
1250790 974.8
1250800 979.2
1250810 980.5
1250820 980.5
1250830 979.6
1250840 978.7
1250850 978.7
1250860 978.2
1250870 977.9
1250880 977.9
1250890 977.6
1250900 977.6
1250910 977.6
1250920 977.5
1250930 976.3
1250940 976.3
1250950 972.0
1250960 966.2
1250970 960.2
1250980 960.2
1250990 954.8
1251000 950.1
1251010 950.1
1251020 944.6
1251030 939.1
1251040 939.1
1251050 935.4
1251060 931.8
1251070 931.8
1251080 928.2
1251090 926.3
1251100 926.3
1251110 925.0
1251120 923.1
1251130 923.1
1251140 921.0
1251150 919.4
1251160 919.4
1251170 917.8
1251180 916.0
1251190 916.0
1251200 913.9
1251210 912.7
1251220 912.0
1251230 912.0
1251240 911.7
1251250 911.4
1251260 911.4
1251270 908.2
1251280 904.9
1251290 904.9
1251300 903.0
1251310 897.9
1251320 897.9
1251330 897.7
1251340 896.4
1251350 896.4
1251360 892.8
1251370 888.9
1251380 888.9
1251390 882.7
1251400 876.2
1251410 876.2
1251420 869.3
1251430 865.4
1251440 865.4
1251450 859.8
1251460 852.8
1251470 845.8
1251480 845.8
1251490 844.7
1251500 841.8
1251510 841.8
1251520 835.4
1251530 828.7
1251540 828.7
1251550 823.6
1251560 820.2
1251570 820.2
1251580 817.4
1251590 813.8
1251600 813.8
1251610 805.7
1251620 799.1
1251630 799.1
1251640 795.4
1251650 791.3
1251660 791.3
1251670 788.7
1251680 787.2
1251690 787.2
1251700 783.7
1251710 780.2
1251720 778.8
1251730 778.8
1251740 777.6
1251750 776.4
1251760 776.4
1251770 772.7
1251780 762.3
1251790 762.3
1251800 756.5
1251810 750.4
1251820 750.4
1251830 745.2
1251840 741.2
1251850 734.0
1251860 733.0
1251870 732.4
1251880 732.4
1251890 732.8
1251900 732.9
1251910 732.9
1251920 733.3
1251930 733.8
1251940 733.8
1251950 734.2
1251960 740.4
1251970 755.2
1251980 755.2
1251990 762.3
1252000 759.4
1252010 759.4
1252020 753.9
1252030 748.7
1252040 748.7
1252050 744.4
1252060 741.4
1252070 741.4
1252080 740.9
1252090 742.1
1252100 742.1
1252110 745.0
1252120 748.5
1252130 748.5
1252140 750.7
1252150 754.1
1252160 754.1
1252170 760.4
1252180 768.8
1252190 768.8
1252200 776.8
1252210 784.5
1252220 792.4
1252230 792.4
1252240 799.5
1252250 806.0
1252260 806.0
1252270 812.5
1252280 820.5
1252290 820.5
1252300 828.9
1252310 836.0
1252320 836.0
1252330 841.0
1252340 845.0
1252350 845.0
1252360 850.4
1252370 857.1
1252380 857.1
1252390 865.0
1252400 876.5
1252410 876.5
1252420 880.5
1252430 882.7
1252440 882.7
1252450 885.2
1252460 888.1
1252470 891.7
1252480 891.7
1252490 896.4
1252500 901.0
1252510 901.0
1252520 902.9
1252530 904.1
1252540 904.1
1252550 904.5
1252560 904.5
1252570 904.5
1252580 904.4
1252590 904.8
1252600 904.8
1252610 905.7
1252620 907.0
1252630 907.0
1252640 908.7
1252650 909.8
1252660 909.8
1252670 910.7
1252680 911.4
1252690 911.4
1252700 912.0
1252710 912.6
1252720 912.6
1252730 912.9
1252740 912.9
1252750 913.1
1252760 913.1
1252770 913.3
1252780 913.4
1252790 913.4
1252800 913.4
1252810 912.7
1252820 912.7
1252830 911.9
1252840 911.1
1252850 911.1
1252860 911.3
1252870 912.0
1252880 912.0
1252890 913.4
1252900 914.1
1252910 914.1
1252920 914.4
1252930 914.6
1252940 914.6
1252950 914.6
1252960 914.6
1252970 914.6
1252980 914.6
1252990 914.5
1253000 914.4
1253010 914.4
1253020 914.2
1253030 913.6
1253040 913.6
1253050 912.6
1253060 911.7
1253070 911.7
1253080 910.8
1253090 910.0
1253100 910.0
1253110 909.5
1253120 909.5
1253130 909.5
1253140 910.7
1253150 911.5
1253160 911.5
1253170 911.3
1253180 910.5
1253190 910.5
1253200 909.1
1253210 908.6
1253220 908.6
1253230 908.6
1253240 910.2
1253250 910.4
1253260 910.4
1253270 910.3
1253280 910.1
1253290 910.1
1253300 909.8
1253310 909.3
1253320 909.3
1253330 909.1
1253340 908.9
1253350 908.9
1253360 908.2
1253370 907.6
1253380 907.6
1253390 907.2
1253400 907.1
1253410 907.1
1253420 906.5
1253430 906.3
1253440 906.3
1253450 906.1
1253460 905.8
1253470 905.8
1253480 905.6
1253490 904.7
1253500 904.8
1253510 904.8
1253520 904.4
1253530 903.7
1253540 903.7
1253550 903.3
1253560 902.3
1253570 902.3
1253580 900.2
1253590 896.0
1253600 896.0
1253610 890.9
1253620 885.0
1253630 885.0
1253640 879.6
1253650 874.7
1253660 874.7
1253670 870.6
1253680 867.3
1253690 867.3
1253700 864.7
1253710 862.4
1253720 862.4
1253730 859.7
1253740 858.7
1253750 858.3
1253760 858.3
1253770 858.1
1253780 858.8
1253790 858.8
1253800 861.1
1253810 863.3
1253820 863.3
1253830 865.4
1253840 868.3
1253850 868.3
1253860 873.2
1253870 880.0
1253880 880.0
1253890 886.5
1253900 889.4
1253910 889.4
1253920 889.1
1253930 888.7
1253940 888.7
1253950 888.4
1253960 888.0
1253970 888.0
1253980 887.6
1253990 887.1
1254000 886.5
1254010 886.5
1254020 886.1
1254030 885.5
1254040 885.5
1254050 885.5
1254060 885.2
1254070 885.2
1254080 884.8
1254090 884.4
1254100 884.4
1254110 884.1
1254120 883.9
1254130 883.9
1254140 883.4
1254150 882.8
1254160 882.8
1254170 882.1
1254180 881.6
1254190 881.6
1254200 881.0
1254210 880.4
1254220 880.4
1254230 879.9
1254240 879.3
1254250 878.8
1254260 878.8
1254270 878.2
1254280 877.7
1254290 877.7
1254300 877.2
1254310 876.9
1254320 876.9
1254330 876.5
1254340 876.1
1254350 876.1
1254360 875.7
1254370 875.4
1254380 875.4
1254390 875.1
1254400 874.6
1254410 874.6
1254420 874.2
1254430 873.9
1254440 873.9
1254450 873.7
1254460 873.7
1254470 873.7
1254480 873.7
1254490 873.7
1254500 873.7
1254510 873.5
1254520 873.4
1254530 873.2
1254540 873.2
1254550 873.1
1254560 872.9
1254570 872.9
1254580 872.8
1254590 872.6
1254600 873.0
1254610 872.9
1254620 872.7
1254630 872.7
1254640 872.6
1254650 872.5
1254660 872.5
1254670 872.3
1254680 872.3
1254690 872.3
1254700 872.4
1254710 872.4
1254720 872.4
1254730 872.5
1254740 872.7
1254750 872.7
1254760 873.3
1254770 874.2
1254780 874.5
1254790 874.5
1254800 874.4
1254810 874.2
1254820 874.2
1254830 873.8
1254840 873.4
1254850 873.4
1254860 873.1
1254870 872.7
1254880 872.7
1254890 872.5
1254900 872.2
1254910 872.2
1254920 872.1
1254930 872.0
1254940 872.0
1254950 872.1
1254960 872.5
1254970 872.5
1254980 872.5
1254990 872.1
1255000 872.1
1255010 871.6
1255020 871.5
1255030 871.6
1255040 871.6
1255050 871.7
1255060 871.8
1255070 871.8
1255080 871.8
1255090 871.8
1255100 871.8
1255110 871.8
1255120 871.7
1255130 871.7
1255140 871.7
1255150 872.7
1255160 872.7
1255170 872.5
1255180 872.3
1255190 872.3
1255200 872.2
1255210 872.1
1255220 872.1
1255230 871.9
1255240 872.0
1255250 872.0
1255260 871.9
1255270 871.9
1255280 871.3
1255290 871.3
1255300 871.3
1255310 871.2
1255320 871.2
1255330 871.2
1255340 871.0
1255350 871.0
1255360 870.8
1255370 870.7
1255380 870.7
1255390 870.6
1255400 870.6
1255410 870.6
1255420 870.6
1255430 870.5
1255440 870.5
1255450 870.5
1255460 870.4
1255470 870.4
1255480 870.2
1255490 870.2
1255500 870.2
1255510 870.3
1255520 870.0
1255530 869.7
1255540 869.7
1255550 869.5
1255560 869.4
1255570 869.4
1255580 869.1
1255590 868.7
1255600 868.7
1255610 868.5
1255620 868.3
1255630 868.3
1255640 868.1
1255650 867.5
1255660 867.5
1255670 867.2
1255680 867.1
1255690 867.1
1255700 866.4
1255710 866.6
1255720 866.6
1255730 866.4
1255740 866.1
1255750 866.1
1255760 866.0
1255770 865.8
1255780 865.7
1255790 865.7
1255800 865.2
1255810 864.8
1255820 864.8
1255830 864.5
1255840 864.1
1255850 864.1
1255860 863.8
1255870 863.5
1255880 863.5
1255890 863.2
1255900 862.9
1255910 862.9
1255920 862.9
1255930 863.1
1255940 863.1
1255950 862.5
1255960 861.9
1255970 861.9
1255980 860.7
1255990 858.3
1256000 858.3
1256010 855.4
1256020 852.6
1256030 849.2
1256040 849.2
1256050 844.0
1256060 838.8
1256070 838.8
1256080 837.8
1256090 838.5
1256100 838.5
1256110 839.6
1256120 841.4
1256130 841.4
1256140 842.3
1256150 842.2
1256160 842.2
1256170 842.1
1256180 841.7
1256190 841.7
1256200 841.0
1256210 840.3
1256220 840.3
1256230 839.3
1256240 838.5
1256250 838.5
1256260 837.4
1256270 839.1
1256280 839.1
1256290 841.3
1256300 843.2
1256310 845.1
1256320 845.1
1256330 846.9
1256340 849.2
1256350 849.2
1256360 852.5
1256370 853.1
1256380 853.1
1256390 852.5
1256400 851.8
1256410 851.8
1256420 851.1
1256430 850.6
1256440 850.6
1256450 849.8
1256460 849.5
1256470 849.5
1256480 849.8
1256490 850.0
1256500 850.0
1256510 849.7
1256520 849.6
1256530 849.6
1256540 849.1
1256550 848.4
1256560 847.2
1256570 847.2
1256580 847.1
1256590 847.3
1256600 847.3
1256610 847.4
1256620 847.7
1256630 847.7
1256640 847.9
1256650 848.1
1256660 848.1
1256670 848.6
1256680 848.3
1256690 848.3
1256700 847.7
1256710 846.3
1256720 846.3
1256730 845.6
1256740 845.5
1256750 845.5
1256760 845.8
1256770 846.3
1256780 846.3
1256790 846.6
1256800 846.8
1256810 846.9
1256820 847.1
1256830 848.2
1256840 849.0
1256850 849.0
1256860 849.1
1256870 849.1
1256880 849.1
1256890 849.2
1256900 849.2
1256910 849.2
1256920 849.2
1256930 849.1
1256940 849.1
1256950 849.1
1256960 849.1
1256970 849.1
1256980 849.0
1256990 849.0
1257000 849.0
1257010 848.9
1257020 849.0
1257030 849.0
1257040 849.0
1257050 848.9
1257060 849.4
1257070 849.4
1257080 850.2
1257090 850.4
1257100 850.4
1257110 850.5
1257120 850.8
1257130 850.8
1257140 851.2
1257150 851.4
1257160 851.4
1257170 851.3
1257180 849.7
1257190 849.7
1257200 848.6
1257210 849.6
1257220 849.6
1257230 851.0
1257240 851.2
1257250 851.2
1257260 851.3
1257270 851.2
1257280 851.2
1257290 851.3
1257300 851.2
1257310 851.2
1257320 851.2
1257330 851.6
1257340 852.0
1257350 852.0
1257360 852.3
1257370 852.5
1257380 852.6
1257390 852.8
1257400 853.1
1257410 853.1
1257420 853.5
1257430 853.8
1257440 853.8
1257450 854.2
1257460 854.6
1257470 854.6
1257480 854.9
1257490 855.2
1257500 855.2
1257510 855.4
1257520 855.6
1257530 855.6
1257540 856.1
1257550 856.8
1257560 857.1
1257570 857.1
1257580 857.4
1257590 857.7
1257600 857.7
1257610 857.9
1257620 858.2
1257630 858.2
1257640 858.3
1257650 858.5
1257660 858.5
1257670 859.0
1257680 859.7
1257690 859.7
1257700 860.1
1257710 859.9
1257720 859.9
1257730 859.9
1257740 860.1
1257750 860.1
1257760 860.3
1257770 860.5
1257780 860.5
1257790 860.8
1257800 861.1
1257810 861.4
1257820 861.4
1257830 861.8
1257840 862.2
1257850 862.2
1257860 862.6
1257870 863.0
1257880 863.0
1257890 863.5
1257900 863.9
1257910 863.9
1257920 864.3
1257930 864.7
1257940 865.0
1257950 865.5
1257960 866.1
1257970 866.1
1257980 866.5
1257990 867.0
1258000 867.0
1258010 867.7
1258020 868.5
1258030 868.5
1258040 868.9
1258050 869.0
1258060 869.0
1258070 869.0
1258080 869.3
1258090 869.7
1258100 869.7
1258110 870.1
1258120 870.7
1258130 870.7
1258140 871.8
1258150 872.6
1258160 872.6
1258170 873.2
1258180 873.8
1258190 873.8
1258200 874.6
1258210 875.5
1258220 875.5
1258230 876.2
1258240 876.7
1258250 876.7
1258260 877.0
1258270 877.3
1258280 877.3
1258290 877.7
1258300 878.0
1258310 878.0
1258320 878.6
1258330 879.0
1258340 879.4
1258350 879.4
1258360 879.9
1258370 880.3
1258380 880.3
1258390 880.8
1258400 881.2
1258410 881.2
1258420 881.7
1258430 882.1
1258440 882.1
1258450 882.5
1258460 882.9
1258470 882.9
1258480 883.5
1258490 883.9
1258500 884.7
1258510 885.1
1258520 885.3
1258530 885.3
1258540 885.7
1258550 886.1
1258560 886.1
1258570 886.4
1258580 886.5
1258590 886.6
1258600 886.6
1258610 886.5
1258620 886.4
1258630 886.4
1258640 886.5
1258650 886.4
1258660 886.4
1258670 886.4
1258680 886.5
1258690 886.5
1258700 886.6
1258710 886.5
1258720 886.5
1258730 886.8
1258740 887.2
1258750 887.2
1258760 887.7
1258770 888.1
1258780 888.1
1258790 888.1
1258800 888.4
1258810 888.4
1258820 888.8
1258830 889.0
1258840 888.9
1258850 888.9
1258860 888.6
1258870 888.0
1258880 888.0
1258890 887.9
1258900 887.4
1258910 887.4
1258920 887.1
1258930 887.1
1258940 887.1
1258950 886.4
1258960 885.6
1258970 885.6
1258980 884.9
1258990 884.4
1259000 884.4
1259010 884.3
1259020 884.1
1259030 884.1
1259040 884.0
1259050 883.8
1259060 883.8
1259070 884.8
1259080 883.8
1259090 883.4
1259100 883.4
1259110 883.7
1259120 883.6
1259130 883.6
1259140 883.3
1259150 882.8
1259160 882.8
1259170 882.1
1259180 881.7
1259190 881.7
1259200 881.2
1259210 880.8
1259220 880.8
1259230 880.2
1259240 879.9
1259250 879.9
1259260 879.8
1259270 879.6
1259280 879.6
1259290 878.8
1259300 877.9
1259310 877.9
1259320 877.5
1259330 877.1
1259340 876.8
1259350 876.8
1259360 876.2
1259370 875.7
1259380 875.7
1259390 875.4
1259400 874.5
1259410 874.5
1259420 873.9
1259430 873.4
1259440 873.4
1259450 873.3
1259460 872.8
1259470 872.8
1259480 872.0
1259490 870.5
1259500 870.5
1259510 869.3
1259520 868.3
1259530 868.3
1259540 867.5
1259550 866.6
1259560 866.6
1259570 865.7
1259580 864.9
1259590 864.2
1259600 864.2
1259610 863.7
1259620 862.5
1259630 863.6
1259640 862.9
1259650 863.6
1259660 863.6
1259670 864.1
1259680 863.9
1259690 863.9
1259700 863.3
1259710 863.1
1259720 863.1
1259730 863.1
1259740 862.8
1259750 862.8
1259760 862.3
1259770 862.2
1259780 862.2
1259790 862.4
1259800 862.6
1259810 862.6
1259820 863.1
1259830 863.3
1259840 863.3
1259850 863.1
1259860 862.7
1259870 862.4
1259880 862.4
1259890 861.6
1259900 860.9
1259910 860.9
1259920 860.4
1259930 860.2
1259940 860.2
1259950 859.8
1259960 859.3
1259970 859.3
1259980 859.2
1259990 858.9
