1240000 1902.9
1240010 1897.0
1240020 1897.0
1240030 1891.4
1240040 1886.4
1240050 1886.4
1240060 1881.1
1240070 1875.5
1240080 1875.5
1240090 1870.2
1240100 1864.6
1240110 1859.0
1240120 1853.5
1240130 1848.7
1240140 1848.7
1240150 1844.4
1240160 1840.0
1240170 1835.7
1240180 1835.7
1240190 1831.6
1240200 1827.4
1240210 1827.4
1240220 1823.4
1240230 1819.3
1240240 1819.3
1240250 1815.2
1240260 1811.1
1240270 1811.1
1240280 1806.8
1240290 1803.1
1240300 1803.1
1240310 1799.3
1240320 1795.3
1240330 1795.3
1240340 1791.7
1240350 1788.3
1240360 1788.3
1240370 1784.2
1240380 1780.2
1240390 1780.2
1240400 1776.9
1240410 1773.8
1240420 1770.6
1240430 1770.6
1240440 1767.1
1240450 1764.1
1240460 1764.1
1240470 1761.3
1240480 1758.5
1240490 1758.5
1240500 1755.7
1240510 1752.7
1240520 1752.7
1240530 1749.6
1240540 1746.4
1240550 1746.4
1240560 1743.4
1240570 1740.5
1240580 1740.5
1240590 1737.7
1240600 1735.0
1240610 1735.0
1240620 1732.1
1240630 1728.8
1240640 1728.8
1240650 1726.3
1240660 1723.9
1240670 1721.7
1240680 1721.7
1240690 1719.5
1240700 1717.3
1240710 1717.3
1240720 1715.4
1240730 1713.7
1240740 1713.7
1240750 1712.0
1240760 1710.4
1240770 1710.4
1240780 1708.4
1240790 1706.4
1240800 1706.4
1240810 1704.4
1240820 1702.6
1240830 1702.6
1240840 1700.6
1240850 1698.9
1240860 1698.9
1240870 1697.7
1240880 1696.3
1240890 1696.3
1240900 1694.9
1240910 1693.9
1240920 1692.6
1240930 1692.6
1240940 1692.0
1240950 1692.2
1240960 1692.2
1240970 1692.1
1240980 1692.4
1240990 1692.4
1241000 1692.6
1241010 1692.4
1241020 1692.4
1241030 1691.8
1241040 1692.4
1241050 1692.4
1241060 1693.8
1241070 1695.3
1241080 1695.3
1241090 1696.9
1241100 1698.1
1241110 1698.1
1241120 1698.6
1241130 1698.9
1241140 1698.9
1241150 1702.0
1241160 1703.3
1241170 1703.3
1241180 1704.8
1241190 1706.0
1241200 1705.6
1241210 1705.6
1241220 1705.5
1241230 1705.2
1241240 1705.2
1241250 1703.9
1241260 1703.2
1241270 1703.2
1241280 1703.4
1241290 1704.0
1241300 1704.0
1241310 1703.8
1241320 1703.3
1241330 1703.3
1241340 1702.8
1241350 1702.6
1241360 1702.6
1241370 1702.7
1241380 1702.6
1241390 1702.6
1241400 1703.0
1241410 1703.3
1241420 1703.3
1241430 1702.6
1241440 1701.8
1241450 1700.7
1241460 1700.7
1241470 1699.8
1241480 1699.0
1241490 1699.0
1241500 1697.8
1241510 1697.5
1241520 1697.5
1241530 1696.7
1241540 1696.5
1241550 1696.5
1241560 1696.9
1241570 1697.9
1241580 1697.9
1241590 1698.8
1241600 1698.5
1241610 1698.5
1241620 1699.0
1241630 1700.8
1241640 1700.8
1241650 1700.3
1241660 1699.8
1241670 1699.8
1241680 1704.7
1241690 1705.6
1241700 1708.3
1241710 1708.3
1241720 1711.3
1241730 1714.6
1241740 1714.6
1241750 1717.3
1241760 1720.8
1241770 1720.8
1241780 1723.7
1241790 1725.1
1241800 1725.1
1241810 1728.2
1241820 1728.9
1241830 1728.9
1241840 1729.5
1241850 1729.8
1241860 1729.8
1241870 1730.2
1241880 1732.6
1241890 1732.6
1241900 1736.0
1241910 1739.8
1241920 1739.8
1241930 1743.3
1241940 1746.3
1241950 1747.0
1241960 1747.0
1241970 1749.3
1241980 1750.8
1241990 1750.8
1242000 1750.6
1242010 1751.6
1242020 1751.6
1242030 1755.9
1242040 1757.9
1242050 1757.9
1242060 1759.4
1242070 1760.6
1242080 1760.6
1242090 1760.6
1242100 1765.0
1242110 1765.0
1242120 1767.7
1242130 1770.6
1242140 1770.6
1242150 1772.0
1242160 1774.6
1242170 1774.6
1242180 1776.4
1242190 1778.5
1242200 1785.3
1242210 1785.3
1242220 1780.7
1242230 1779.8
1242240 1779.8
1242250 1787.3
1242260 1794.3
1242270 1794.3
1242280 1797.9
1242290 1800.4
1242300 1800.4
1242310 1800.8
1242320 1793.6
1242330 1793.6
1242340 1783.3
1242350 1784.2
1242360 1784.2
1242370 1794.4
1242380 1803.9
1242390 1803.9
1242400 1808.3
1242410 1810.4
1242420 1810.4
1242430 1814.8
1242440 1817.3
1242450 1817.3
1242460 1819.0
1242470 1818.5
1242480 1816.3
1242490 1816.3
1242500 1816.1
1242510 1815.4
1242520 1815.4
1242530 1818.8
1242540 1825.0
1242550 1825.0
1242560 1832.0
1242570 1838.0
1242580 1838.0
1242590 1841.3
1242600 1843.1
1242610 1843.1
1242620 1846.4
1242630 1850.0
1242640 1850.0
1242650 1857.2
1242660 1864.3
1242670 1864.3
1242680 1867.3
1242690 1870.2
1242700 1870.2
1242710 1875.7
1242720 1878.4
1242730 1884.9
1242740 1884.9
1242750 1887.0
1242760 1889.7
1242770 1889.7
1242780 1891.9
1242790 1894.1
1242800 1894.1
1242810 1896.7
1242820 1898.6
1242830 1898.6
1242840 1900.1
1242850 1901.1
1242860 1901.1
1242870 1901.9
1242880 1903.0
1242890 1903.0
1242900 1904.0
1242910 1904.9
1242920 1904.9
1242930 1906.0
1242940 1907.0
1242950 1907.0
1242960 1907.6
1242970 1908.4
1242980 1908.8
1242990 1908.8
1243000 1909.1
1243010 1909.5
1243020 1909.5
1243030 1909.7
1243040 1909.8
1243050 1909.8
1243060 1909.7
1243070 1909.4
1243080 1909.4
1243090 1909.0
1243100 1908.1
1243110 1908.1
1243120 1907.3
1243130 1906.5
1243140 1906.5
1243150 1905.9
1243160 1905.4
1243170 1905.4
1243180 1904.9
1243190 1904.5
1243200 1904.5
1243210 1904.1
1243220 1903.6
1243230 1903.2
1243240 1903.2
1243250 1902.8
1243260 1903.7
1243270 1903.7
1243280 1903.3
1243290 1902.6
1243300 1902.6
1243310 1901.5
1243320 1900.4
1243330 1900.4
1243340 1899.5
1243350 1897.9
1243360 1897.9
1243370 1895.8
1243380 1895.7
1243390 1895.7
1243400 1897.5
1243410 1898.6
1243420 1898.6
1243430 1900.9
1243440 1904.0
1243450 1904.0
1243460 1905.8
1243470 1907.1
1243480 1908.0
1243490 1908.0
1243500 1908.6
1243510 1909.1
1243520 1909.1
1243530 1909.5
1243540 1909.7
1243550 1909.7
1243560 1909.8
1243570 1909.8
1243580 1909.8
1243590 1909.7
1243600 1909.4
1243610 1909.4
1243620 1909.2
1243630 1909.2
1243640 1909.2
1243650 1909.3
1243660 1909.4
1243670 1909.4
1243680 1909.3
1243690 1908.9
1243700 1908.9
1243710 1908.0
1243720 1906.9
1243730 1906.9
1243740 1905.9
1243750 1905.0
1243760 1904.0
1243770 1904.0
1243780 1902.4
1243790 1901.6
1243800 1901.6
1243810 1900.7
1243820 1899.7
1243830 1899.7
1243840 1898.6
1243850 1897.3
1243860 1897.3
1243870 1896.0
1243880 1894.9
1243890 1894.9
1243900 1893.8
1243910 1892.7
1243920 1892.7
1243930 1891.6
1243940 1890.5
1243950 1890.5
1243960 1889.4
1243970 1888.0
1243980 1888.0
1243990 1883.9
1244000 1876.6
1244010 1870.3
1244020 1870.3
1244030 1864.6
1244040 1860.2
1244050 1860.2
1244060 1855.9
1244070 1852.9
1244080 1852.9
1244090 1851.7
1244100 1850.0
1244110 1850.0
1244120 1848.1
1244130 1845.1
1244140 1845.1
1244150 1841.4
1244160 1838.2
1244170 1838.2
1244180 1836.1
1244190 1834.3
1244200 1834.3
1244210 1833.3
1244220 1832.5
1244230 1832.5
1244240 1832.1
1244250 1831.9
1244260 1830.4
1244270 1830.4
1244280 1828.3
1244290 1827.2
1244300 1827.2
1244310 1820.2
1244320 1819.2
1244330 1819.2
1244340 1819.1
1244350 1819.5
1244360 1819.5
1244370 1820.4
1244380 1821.7
1244390 1821.7
1244400 1820.3
1244410 1817.4
1244420 1817.4
1244430 1814.9
1244440 1812.3
1244450 1812.3
1244460 1808.5
1244470 1802.5
1244480 1802.5
1244490 1798.2
1244500 1800.3
1244510 1801.3
1244520 1801.3
1244530 1801.8
1244540 1801.8
1244550 1801.8
1244560 1801.0
1244570 1801.4
1244580 1801.4
1244590 1799.3
1244600 1797.6
1244610 1797.6
1244620 1797.2
1244630 1796.1
1244640 1796.1
1244650 1795.2
1244660 1795.5
1244670 1795.5
1244680 1796.5
1244690 1797.1
1244700 1797.1
1244710 1796.7
1244720 1795.5
1244730 1795.5
1244740 1794.1
1244750 1792.6
1244760 1791.1
1244770 1791.1
1244780 1788.4
1244790 1785.1
1244800 1785.1
1244810 1782.3
1244820 1779.0
1244830 1779.0
1244840 1774.2
1244850 1772.3
1244860 1772.3
1244870 1769.9
1244880 1767.8
1244890 1767.8
1244900 1763.3
1244910 1757.0
1244920 1757.0
1244930 1752.0
1244940 1747.0
1244950 1747.0
1244960 1743.0
1244970 1741.2
1244980 1741.2
1244990 1739.9
1245000 1737.8
1245010 1737.8
1245020 1734.5
1245030 1727.1
1245040 1717.6
1245050 1717.6
1245060 1709.0
1245070 1702.7
1245080 1702.7
1245090 1700.2
1245100 1698.2
1245110 1698.2
1245120 1694.2
1245130 1692.6
1245140 1692.6
1245150 1689.4
1245160 1683.0
1245170 1683.0
1245180 1677.2
1245190 1675.6
1245200 1675.6
1245210 1674.8
1245220 1673.2
1245230 1673.2
1245240 1673.5
1245250 1673.6
1245260 1673.6
1245270 1674.0
1245280 1673.5
1245290 1672.8
1245300 1672.8
1245310 1673.4
1245320 1675.5
1245330 1675.5
1245340 1677.4
1245350 1678.7
1245360 1678.7
1245370 1672.0
1245380 1670.0
1245390 1670.0
1245400 1670.3
1245410 1669.7
1245420 1669.7
1245430 1668.8
1245440 1666.5
1245450 1666.5
1245460 1663.2
1245470 1658.8
1245480 1658.8
1245490 1655.9
1245500 1655.9
1245510 1655.9
1245520 1655.6
1245530 1654.8
1245540 1652.4
1245550 1652.4
1245560 1648.9
1245570 1646.6
1245580 1646.6
1245590 1645.7
1245600 1646.4
1245610 1646.4
1245620 1645.1
1245630 1642.9
1245640 1642.9
1245650 1640.6
1245660 1638.9
1245670 1638.9
1245680 1636.3
1245690 1634.4
1245700 1634.4
1245710 1632.1
1245720 1629.8
1245730 1629.8
1245740 1628.0
1245750 1625.7
1245760 1625.7
1245770 1622.5
1245780 1618.5
1245790 1615.7
1245800 1615.7
1245810 1613.0
1245820 1609.3
1245830 1609.3
1245840 1605.5
1245850 1602.1
1245860 1602.1
1245870 1599.8
1245880 1596.2
1245890 1596.2
1245900 1591.3
1245910 1580.6
1245920 1580.6
1245930 1577.6
1245940 1572.9
1245950 1572.9
1245960 1567.9
1245970 1562.8
1245980 1562.8
1245990 1557.4
1246000 1550.6
1246010 1550.6
1246020 1548.2
1246030 1548.5
1246040 1547.7
1246050 1547.7
1246060 1544.0
1246070 1540.5
1246080 1540.5
1246090 1536.5
1246100 1526.2
1246110 1526.2
1246120 1519.3
1246130 1522.9
1246140 1522.9
1246150 1530.5
1246160 1534.9
1246170 1534.9
1246180 1535.9
1246190 1537.7
1246200 1537.7
1246210 1538.7
1246220 1537.7
1246230 1537.7
1246240 1537.8
1246250 1537.6
1246260 1537.6
1246270 1535.6
1246280 1533.8
1246290 1532.5
1246300 1532.5
1246310 1532.2
1246320 1532.0
1246330 1532.0
1246340 1529.8
1246350 1526.5
1246360 1526.5
1246370 1523.2
1246380 1519.5
1246390 1519.5
1246400 1517.0
1246410 1516.5
1246420 1516.5
1246430 1516.8
1246440 1515.1
1246450 1515.1
1246460 1516.0
1246470 1518.3
1246480 1518.3
1246490 1521.5
1246500 1525.1
1246510 1525.1
1246520 1528.4
1246530 1529.8
1246540 1529.8
1246550 1531.2
1246560 1532.9
1246570 1534.8
1246580 1534.8
1246590 1536.8
1246600 1538.4
1246610 1538.4
1246620 1540.6
1246630 1542.2
1246640 1542.2
1246650 1543.6
1246660 1544.7
1246670 1544.7
1246680 1545.2
1246690 1545.6
1246700 1545.6
1246710 1546.0
1246720 1546.1
1246730 1546.1
1246740 1546.2
1246750 1545.9
1246760 1545.9
1246770 1545.7
1246780 1546.0
1246790 1546.0
1246800 1546.1
1246810 1544.9
1246820 1542.5
1246830 1542.5
1246840 1544.7
1246850 1547.4
1246860 1547.4
1246870 1548.5
1246880 1549.4
1246890 1549.4
1246900 1550.4
1246910 1550.7
1246920 1550.7
1246930 1550.2
1246940 1549.4
1246950 1549.4
1246960 1548.5
1246970 1546.6
1246980 1543.1
1246990 1541.6
1247000 1540.8
1247010 1540.8
1247020 1539.3
1247030 1538.7
1247040 1538.7
1247050 1539.3
1247060 1540.0
1247070 1539.0
1247080 1539.0
1247090 1537.0
1247100 1534.9
1247110 1534.9
1247120 1531.5
1247130 1527.0
1247140 1527.0
1247150 1524.1
1247160 1519.8
1247170 1519.8
1247180 1515.1
1247190 1513.6
1247200 1513.6
1247210 1512.4
1247220 1510.6
1247230 1510.6
1247240 1508.3
1247250 1505.5
1247260 1505.5
1247270 1501.8
1247280 1498.6
1247290 1498.6
1247300 1495.3
1247310 1493.3
1247320 1491.6
1247330 1491.6
1247340 1488.9
1247350 1487.1
1247360 1487.1
1247370 1484.8
1247380 1482.7
1247390 1482.7
1247400 1479.5
1247410 1476.2
1247420 1476.2
1247430 1473.2
1247440 1469.8
1247450 1469.8
1247460 1466.2
1247470 1462.7
1247480 1462.7
1247490 1459.5
1247500 1457.0
1247510 1452.5
1247520 1449.1
1247530 1446.7
1247540 1446.7
1247550 1446.0
1247560 1445.6
1247570 1443.5
1247580 1443.5
1247590 1442.0
1247600 1440.7
1247610 1440.7
1247620 1438.0
1247630 1436.9
1247640 1436.9
1247650 1439.9
1247660 1442.1
1247670 1442.1
1247680 1441.6
1247690 1440.9
1247700 1440.9
1247710 1440.5
1247720 1439.0
1247730 1439.0
1247740 1437.8
1247750 1436.3
1247760 1436.3
1247770 1435.6
1247780 1436.4
1247790 1436.4
1247800 1437.9
1247810 1437.7
1247820 1437.7
1247830 1435.7
1247840 1435.4
1247850 1437.3
1247860 1437.3
1247870 1438.1
1247880 1437.6
1247890 1437.6
1247900 1437.2
1247910 1437.4
1247920 1437.4
1247930 1437.9
1247940 1437.8
1247950 1437.8
1247960 1436.6
1247970 1436.6
1247980 1436.6
1247990 1437.6
1248000 1437.6
1248010 1437.6
1248020 1437.4
1248030 1437.6
1248040 1437.6
1248050 1432.8
1248060 1433.1
1248070 1433.1
1248080 1432.7
1248090 1432.4
1248100 1432.1
1248110 1432.1
1248120 1430.7
1248130 1429.3
1248140 1429.3
1248150 1428.3
1248160 1427.9
1248170 1427.9
1248180 1428.6
1248190 1429.4
1248200 1429.4
1248210 1428.5
1248220 1426.3
1248230 1426.3
1248240 1425.2
1248250 1424.8
1248260 1424.8
1248270 1424.6
1248280 1423.8
1248290 1423.8
1248300 1422.7
1248310 1421.7
1248320 1421.7
1248330 1421.5
1248340 1418.4
1248350 1415.9
1248360 1415.9
1248370 1415.6
1248380 1414.9
1248390 1414.9
1248400 1414.8
1248410 1415.5
1248420 1415.5
1248430 1415.2
1248440 1413.6
1248450 1413.6
1248460 1412.1
1248470 1411.2
1248480 1411.2
1248490 1410.3
1248500 1409.1
1248510 1409.1
1248520 1407.6
1248530 1405.4
1248540 1405.4
1248550 1403.1
1248560 1400.8
1248570 1400.8
1248580 1398.9
1248590 1394.8
1248600 1393.6
1248610 1393.6
1248620 1391.8
1248630 1390.1
1248640 1390.1
1248650 1388.5
1248660 1387.2
1248670 1387.2
1248680 1386.3
1248690 1385.1
1248700 1385.1
1248710 1382.8
1248720 1380.8
1248730 1380.8
1248740 1379.7
1248750 1378.7
1248760 1378.7
1248770 1377.4
1248780 1375.6
1248790 1375.6
1248800 1372.1
1248810 1368.8
1248820 1368.8
1248830 1366.3
1248840 1364.4
1248850 1362.5
1248860 1362.5
1248870 1361.2
1248880 1360.0
1248890 1360.0
1248900 1358.3
1248910 1356.3
1248920 1356.3
1248930 1354.8
1248940 1353.3
1248950 1353.3
1248960 1351.5
1248970 1350.3
1248980 1350.3
1248990 1348.7
1249000 1346.3
1249010 1346.3
1249020 1342.7
1249030 1340.0
1249040 1340.0
1249050 1337.9
1249060 1337.4
1249070 1337.4
1249080 1337.7
1249090 1336.2
1249100 1334.2
1249110 1334.2
1249120 1333.2
1249130 1327.7
1249140 1327.7
1249150 1327.4
1249160 1327.9
1249170 1327.9
1249180 1328.4
1249190 1328.6
1249200 1328.6
1249210 1328.5
1249220 1328.3
1249230 1328.3
1249240 1326.0
1249250 1322.9
1249260 1322.9
1249270 1319.4
1249280 1317.2
1249290 1317.2
1249300 1315.4
1249310 1312.7
1249320 1312.7
1249330 1311.7
1249340 1309.9
1249350 1309.9
1249360 1307.5
1249370 1304.6
1249380 1301.6
1249390 1301.6
1249400 1299.8
1249410 1298.0
1249420 1298.0
1249430 1295.5
1249440 1292.7
1249450 1292.7
1249460 1290.3
1249470 1287.4
1249480 1287.4
1249490 1284.1
1249500 1280.5
1249510 1280.5
1249520 1276.8
1249530 1273.9
1249540 1273.9
1249550 1270.9
1249560 1267.9
1249570 1267.9
1249580 1264.3
1249590 1260.5
1249600 1260.5
1249610 1257.7
1249620 1254.3
1249630 1250.3
1249640 1250.3
1249650 1247.1
1249660 1244.0
1249670 1240.6
1249680 1237.6
1249690 1233.7
1249700 1233.7
1249710 1231.3
1249720 1231.0
1249730 1231.0
1249740 1228.3
1249750 1224.8
1249760 1224.8
1249770 1221.8
1249780 1218.9
1249790 1218.9
1249800 1215.8
1249810 1211.4
1249820 1211.4
1249830 1208.0
1249840 1205.7
1249850 1205.7
1249860 1202.8
1249870 1200.2
1249880 1197.0
1249890 1197.0
1249900 1194.0
1249910 1190.7
1249920 1190.7
1249930 1186.7
1249940 1182.6
1249950 1182.6
1249960 1178.4
1249970 1175.4
1249980 1175.4
1249990 1172.3
1250000 1168.4
1250010 1168.4
1250020 1163.5
1250030 1157.7
1250040 1157.7
1250050 1151.2
1250060 1147.5
1250070 1147.5
1250080 1144.0
1250090 1139.7
1250100 1139.7
1250110 1138.0
1250120 1137.3
1250130 1136.8
1250140 1136.8
1250150 1135.6
1250160 1133.6
1250170 1133.6
1250180 1130.7
1250190 1126.6
1250200 1126.6
1250210 1115.9
1250220 1111.9
1250230 1111.9
1250240 1108.2
1250250 1105.2
1250260 1105.2
1250270 1104.6
1250280 1102.9
1250290 1102.9
1250300 1099.9
1250310 1096.8
1250320 1096.8
1250330 1094.9
1250340 1093.3
1250350 1093.3
1250360 1090.9
1250370 1088.2
1250380 1086.0
1250390 1086.0
1250400 1083.0
1250410 1079.7
1250420 1079.7
1250430 1076.2
1250440 1072.4
1250450 1072.4
1250460 1068.5
1250470 1064.2
1250480 1064.2
1250490 1059.7
1250500 1055.7
1250510 1055.7
1250520 1051.9
1250530 1047.6
1250540 1047.6
1250550 1043.9
1250560 1040.6
1250570 1040.6
1250580 1037.7
1250590 1035.2
1250600 1035.2
1250610 1032.9
1250620 1031.3
1250630 1029.9
1250640 1029.9
1250650 1028.0
1250660 1025.5
1250670 1025.5
1250680 1023.0
1250690 1020.2
1250700 1020.2
1250710 1017.3
1250720 1014.4
1250730 1014.4
1250740 1012.3
1250750 1007.8
1250760 1007.8
1250770 1006.6
1250780 1004.8
1250790 1004.8
1250800 1002.8
1250810 1001.3
1250820 1001.3
1250830 1000.4
1250840 999.6
1250850 999.6
1250860 997.1
1250870 994.2
1250880 994.2
1250890 991.4
1250900 987.6
1250910 982.7
1250920 982.7
1250930 977.6
1250940 973.4
1250950 973.4
1250960 970.4
1250970 967.3
1250980 967.3
1250990 964.3
1251000 962.0
1251010 962.0
1251020 960.1
1251030 958.3
1251040 958.3
1251050 956.8
1251060 955.9
1251070 955.9
1251080 955.2
1251090 954.5
1251100 954.5
1251110 954.1
1251120 953.7
1251130 953.7
1251140 952.7
1251150 951.1
1251160 949.3
1251170 949.3
1251180 947.5
1251190 946.0
1251200 946.0
1251210 943.7
1251220 942.4
1251230 942.4
1251240 941.5
1251250 940.7
1251260 940.7
1251270 939.7
1251280 938.1
1251290 938.1
1251300 935.9
1251310 934.2
1251320 934.2
1251330 932.9
1251340 931.4
1251350 931.4
1251360 929.3
1251370 927.6
1251380 927.6
1251390 926.8
1251400 926.0
1251410 925.4
1251420 925.4
1251430 924.8
1251440 924.2
1251450 924.2
1251460 923.4
1251470 922.7
1251480 922.7
1251490 921.9
1251500 921.1
1251510 921.1
1251520 920.3
1251530 919.6
1251540 919.6
1251550 919.1
1251560 918.4
1251570 918.4
1251580 916.2
1251590 913.2
1251600 913.2
1251610 910.2
1251620 908.1
1251630 908.1
1251640 906.5
1251650 905.5
1251660 904.8
1251670 904.8
1251680 903.9
1251690 902.4
1251700 902.4
1251710 900.3
1251720 898.7
1251730 898.7
1251740 897.3
1251750 896.6
1251760 896.6
1251770 896.3
1251780 896.3
1251790 896.3
1251800 896.0
1251810 895.7
1251820 895.7
1251830 895.7
1251840 895.8
1251850 895.8
1251860 895.3
1251870 894.8
1251880 894.8
1251890 894.3
1251900 894.0
1251910 893.7
1251920 893.7
1251930 893.4
1251940 893.2
1251950 893.2
1251960 893.0
1251970 892.8
1251980 892.8
1251990 892.6
1252000 892.5
1252010 892.5
1252020 892.3
1252030 892.2
1252040 892.2
1252050 892.0
1252060 891.9
1252070 891.9
1252080 891.7
1252090 891.5
1252100 891.5
1252110 891.2
1252120 889.3
1252130 889.3
1252140 883.1
1252150 876.4
1252160 870.8
1252170 870.8
1252180 865.3
1252190 860.7
1252200 860.7
1252210 856.6
1252220 852.2
1252230 852.2
1252240 848.0
1252250 843.2
1252260 843.2
1252270 838.5
1252280 835.0
1252290 835.0
1252300 833.2
1252310 833.9
1252320 833.9
1252330 833.5
1252340 827.9
1252350 827.9
1252360 820.4
1252370 813.7
1252380 813.7
1252390 807.1
1252400 800.3
1252410 800.3
1252420 793.8
1252430 786.3
1252440 779.0
1252450 779.0
1252460 767.5
1252470 750.9
1252480 750.9
1252490 736.6
1252500 727.0
1252510 727.0
1252520 718.1
1252530 709.6
1252540 709.6
1252550 702.3
1252560 699.1
1252570 699.1
1252580 698.3
1252590 698.4
1252600 698.4
1252610 699.1
1252620 699.5
1252630 699.5
1252640 699.7
1252650 700.0
1252660 700.0
1252670 700.2
1252680 701.2
1252690 704.0
1252700 704.0
1252710 708.6
1252720 713.8
1252730 713.8
1252740 719.2
1252750 722.3
1252760 722.3
1252770 723.8
1252780 725.0
1252790 725.0
1252800 727.2
1252810 731.2
1252820 731.2
1252830 736.7
1252840 741.7
1252850 741.7
1252860 745.8
1252870 750.3
1252880 750.3
1252890 754.0
1252900 760.3
1252910 760.3
1252920 769.4
1252930 778.6
1252940 789.4
1252950 789.4
1252960 800.0
1252970 809.0
1252980 809.0
1252990 816.7
1253000 821.6
1253010 821.6
1253020 824.8
1253030 827.8
1253040 827.8
1253050 832.4
1253060 841.2
1253070 841.2
1253080 848.8
1253090 855.3
1253100 855.3
1253110 863.1
1253120 871.2
1253130 871.2
1253140 878.1
1253150 880.1
1253160 880.1
1253170 880.7
1253180 881.4
1253190 881.6
1253200 881.6
1253210 881.4
1253220 880.9
1253230 880.9
1253240 880.3
1253250 879.5
1253260 879.5
1253270 878.6
1253280 877.4
1253290 877.4
1253300 875.9
1253310 874.5
1253320 874.5
1253330 873.3
1253340 872.6
1253350 872.6
1253360 871.7
1253370 870.4
1253380 870.4
1253390 869.5
1253400 869.0
1253410 869.0
1253420 869.0
1253430 869.4
1253440 869.9
1253450 869.9
1253460 870.3
1253470 870.3
1253480 870.3
1253490 871.5
1253500 870.7
1253510 870.7
1253520 869.5
1253530 868.4
1253540 868.4
1253550 867.4
1253560 866.3
1253570 866.3
1253580 865.3
1253590 864.4
1253600 864.4
1253610 863.6
1253620 862.7
1253630 862.7
1253640 861.9
1253650 861.3
1253660 861.3
1253670 861.1
1253680 861.1
1253690 861.0
1253700 861.0
1253710 860.8
1253720 860.5
1253730 860.5
1253740 860.3
1253750 860.0
1253760 860.0
1253770 859.6
1253780 859.2
1253790 859.2
1253800 858.7
1253810 858.2
1253820 858.2
1253830 857.9
1253840 857.7
1253850 857.7
1253860 857.1
1253870 852.8
1253880 852.8
1253890 845.3
1253900 837.1
1253910 837.1
1253920 830.1
1253930 827.4
1253940 827.4
1253950 826.0
1253960 823.2
1253970 822.6
1253980 822.6
1253990 823.0
1254000 822.9
1254010 822.9
1254020 822.5
1254030 825.8
1254040 829.1
1254050 836.3
1254060 843.9
1254070 843.9
1254080 850.3
1254090 853.0
1254100 853.0
1254110 853.2
1254120 852.8
1254130 852.8
1254140 850.8
1254150 847.7
1254160 847.7
1254170 845.0
1254180 844.0
1254190 844.0
1254200 843.6
1254210 843.3
1254220 842.9
1254230 842.9
1254240 842.4
1254250 841.7
1254260 841.7
1254270 840.5
1254280 839.5
1254290 839.5
1254300 839.0
1254310 839.0
1254320 839.0
1254330 839.3
1254340 839.7
1254350 839.7
1254360 840.3
1254370 841.5
1254380 841.5
1254390 843.3
1254400 845.8
1254410 845.8
1254420 848.9
1254430 851.9
1254440 851.9
1254450 854.4
1254460 853.3
1254470 850.7
1254480 850.7
1254490 849.1
1254500 848.5
1254510 848.5
1254520 848.1
1254530 847.9
1254540 847.9
1254550 847.7
1254560 847.6
1254570 847.6
1254580 847.5
1254590 847.5
1254600 847.5
1254610 847.4
1254620 847.3
1254630 847.3
1254640 847.4
1254650 847.6
1254660 847.6
1254670 848.0
1254680 848.2
1254690 848.2
1254700 848.2
1254710 848.7
1254720 849.6
1254730 849.6
1254740 849.5
1254750 849.0
1254760 849.0
1254770 849.0
1254780 849.1
1254790 849.1
1254800 848.9
1254810 848.6
1254820 848.6
1254830 848.4
1254840 848.2
1254850 848.2
1254860 848.2
1254870 848.4
1254880 848.4
1254890 849.0
1254900 850.7
1254910 850.7
1254920 851.6
1254930 851.3
1254940 851.3
1254950 851.1
1254960 850.9
1254970 850.7
1254980 850.7
1254990 850.5
1255000 850.6
1255010 850.6
1255020 850.7
1255030 850.8
1255040 850.8
1255050 850.7
1255060 851.8
1255070 851.8
1255080 852.7
1255090 852.7
1255100 852.7
1255110 852.8
1255120 852.9
1255130 852.9
1255140 853.6
1255150 853.9
1255160 853.9
1255170 854.8
1255180 856.5
1255190 856.5
1255200 858.4
1255210 859.7
1255220 859.7
1255230 860.6
1255240 860.8
1255250 861.4
1255260 861.4
1255270 862.3
1255280 863.2
1255290 863.2
1255300 863.8
1255310 864.3
1255320 864.3
1255330 864.3
1255340 864.6
1255350 864.6
1255360 865.0
1255370 865.6
1255380 865.6
1255390 866.2
1255400 866.8
1255410 866.8
1255420 867.6
1255430 868.4
1255440 868.4
1255450 869.2
1255460 870.0
1255470 870.0
1255480 870.7
1255490 871.2
1255500 871.7
1255510 871.7
1255520 871.9
1255530 872.2
1255540 872.2
1255550 872.6
1255560 873.0
1255570 873.0
1255580 873.4
1255590 873.6
1255600 873.6
1255610 873.8
1255620 873.9
1255630 873.9
1255640 874.1
1255650 873.8
1255660 873.8
1255670 873.4
1255680 873.3
1255690 873.3
1255700 872.0
1255710 872.1
1255720 872.1
1255730 872.3
1255740 872.6
1255750 873.0
1255760 873.0
1255770 873.2
1255780 873.2
1255790 873.2
1255800 873.2
1255810 873.2
1255820 873.2
1255830 873.0
1255840 872.4
1255850 872.4
1255860 871.7
1255870 870.8
1255880 870.8
1255890 869.7
1255900 868.6
1255910 868.6
1255920 867.6
1255930 866.6
1255940 866.6
1255950 865.6
1255960 864.8
1255970 864.8
1255980 864.0
1255990 863.1
1256000 862.3
1256010 862.3
1256020 861.5
1256030 860.3
1256040 860.3
1256050 859.1
1256060 858.3
1256070 858.3
1256080 857.5
1256090 857.4
1256100 857.4
1256110 858.3
1256120 859.0
1256130 859.0
1256140 858.8
1256150 858.4
1256160 858.4
1256170 857.8
1256180 857.0
1256190 857.0
1256200 856.1
1256210 855.3
1256220 855.3
1256230 854.4
1256240 853.4
1256250 850.7
1256260 850.7
1256270 848.8
1256280 847.8
1256290 847.8
1256300 847.3
1256310 846.7
1256320 846.7
1256330 846.6
1256340 845.4
1256350 845.4
1256360 840.1
1256370 834.5
1256380 834.5
1256390 831.3
1256400 828.1
1256410 828.1
1256420 823.3
1256430 819.0
1256440 819.0
1256450 818.0
1256460 818.9
1256470 818.9
1256480 820.0
1256490 820.5
1256500 821.1
1256510 821.1
1256520 822.6
1256530 822.7
1256540 822.7
1256550 818.4
1256560 815.0
1256570 815.0
1256580 810.4
1256590 803.9
1256600 803.9
1256610 799.0
1256620 799.6
1256630 799.6
1256640 803.4
1256650 809.2
1256660 809.2
1256670 813.6
1256680 817.6
1256690 817.6
1256700 822.1
1256710 826.7
1256720 826.7
1256730 831.7
1256740 836.8
1256750 836.8
1256760 840.5
1256770 843.4
1256780 846.5
1256790 846.5
1256800 849.7
1256810 850.9
1256820 850.9
1256830 850.7
1256840 850.4
1256850 850.4
1256860 850.2
1256870 849.9
1256880 849.9
1256890 849.6
1256900 849.3
1256910 849.3
1256920 849.1
1256930 849.0
1256940 849.0
1256950 849.0
1256960 849.3
1256970 849.3
1256980 849.3
1256990 849.4
1257000 849.4
1257010 849.4
1257020 849.5
1257030 849.6
1257040 849.6
1257050 849.7
1257060 849.8
1257070 849.8
1257080 850.0
1257090 850.2
1257100 850.2
1257110 850.5
1257120 850.8
1257130 850.8
1257140 851.1
1257150 851.4
1257160 851.4
1257170 851.9
1257180 852.5
1257190 852.5
1257200 853.1
1257210 853.8
1257220 853.8
1257230 854.3
1257240 854.4
1257250 854.4
1257260 854.5
1257270 854.8
1257280 855.2
1257290 855.2
1257300 855.5
1257310 855.7
1257320 855.7
1257330 856.0
1257340 856.3
1257350 856.3
1257360 856.4
1257370 856.5
1257380 856.5
1257390 856.5
1257400 856.6
1257410 856.6
1257420 856.7
1257430 857.0
1257440 857.0
1257450 857.5
1257460 857.4
1257470 857.4
1257480 856.9
1257490 856.8
1257500 856.8
1257510 856.7
1257520 856.9
1257530 857.0
1257540 857.0
1257550 857.0
1257560 857.2
1257570 857.2
1257580 857.4
1257590 857.5
1257600 857.5
1257610 857.7
1257620 857.9
1257630 857.9
1257640 858.2
1257650 858.5
1257660 858.5
1257670 859.0
1257680 859.7
1257690 859.7
1257700 859.8
1257710 860.5
1257720 860.5
1257730 860.0
1257740 859.6
1257750 859.6
1257760 859.7
1257770 859.4
1257780 859.0
1257790 859.0
1257800 858.8
1257810 859.0
1257820 859.0
1257830 859.0
1257840 859.3
1257850 859.3
1257860 859.6
1257870 859.9
1257880 859.9
1257890 859.9
1257900 860.0
1257910 860.0
1257920 860.1
1257930 859.9
1257940 859.9
1257950 860.5
1257960 860.9
1257970 860.9
1257980 861.4
1257990 861.8
1258000 861.8
1258010 862.0
1258020 862.1
1258030 862.9
1258040 862.9
1258050 862.7
1258060 862.4
1258070 862.4
1258080 862.1
1258090 862.1
1258100 862.1
1258110 862.0
1258120 861.8
1258130 861.8
1258140 861.7
1258150 861.7
1258160 861.7
1258170 861.8
1258180 861.7
1258190 861.7
1258200 861.7
1258210 861.8
1258220 861.8
1258230 861.9
1258240 862.2
1258250 862.2
1258260 862.4
1258270 862.4
1258280 862.4
1258290 862.3
1258300 862.3
1258310 862.4
1258320 862.4
1258330 862.7
1258340 863.0
1258350 863.0
1258360 863.1
1258370 863.3
1258380 863.3
1258390 863.3
1258400 863.3
1258410 863.3
1258420 863.5
1258430 863.6
1258440 863.6
1258450 863.5
1258460 863.6
1258470 863.6
1258480 863.6
1258490 863.9
1258500 863.9
1258510 864.2
1258520 864.2
1258530 864.2
1258540 864.0
1258550 864.0
1258560 864.3
1258570 864.3
1258580 864.4
1258590 864.2
1258600 864.2
1258610 864.1
1258620 864.4
1258630 864.4
1258640 864.9
1258650 865.0
1258660 865.0
1258670 864.7
1258680 864.7
1258690 864.7
1258700 864.8
1258710 864.8
1258720 864.8
1258730 864.8
1258740 864.9
1258750 864.9
1258760 865.0
1258770 865.1
1258780 865.1
1258790 865.2
1258800 865.3
1258810 865.2
1258820 865.2
1258830 865.1
1258840 865.1
1258850 865.1
1258860 865.2
1258870 865.5
1258880 865.5
1258890 865.6
1258900 865.7
1258910 865.7
1258920 865.9
1258930 866.1
1258940 866.1
1258950 866.1
1258960 866.1
1258970 866.1
1258980 866.1
1258990 866.1
1259000 866.1
1259010 866.3
1259020 866.3
1259030 866.3
1259040 866.3
1259050 866.3
1259060 866.3
1259070 866.3
1259080 866.4
1259090 866.6
1259100 866.6
1259110 867.0
1259120 866.5
1259130 866.5
1259140 866.0
1259150 865.7
1259160 865.7
1259170 865.6
1259180 864.9
1259190 864.9
1259200 864.3
1259210 863.9
1259220 863.9
1259230 863.6
1259240 863.7
1259250 863.7
1259260 863.8
1259270 864.2
1259280 864.2
1259290 864.6
1259300 864.7
1259310 865.0
1259320 865.0
1259330 864.8
1259340 864.7
1259350 864.7
1259360 865.0
1259370 865.3
1259380 865.3
1259390 865.4
1259400 865.1
1259410 865.1
1259420 865.0
1259430 865.0
1259440 865.0
1259450 865.0
1259460 864.5
1259470 864.5
1259480 864.4
1259490 864.6
1259500 864.6
1259510 864.9
1259520 865.0
1259530 865.0
1259540 865.0
1259550 864.7
1259560 864.3
1259570 864.3
1259580 864.2
1259590 863.9
1259600 863.9
1259610 863.6
1259620 864.6
1259630 864.6
1259640 864.4
1259650 864.2
1259660 864.2
1259670 863.6
1259680 863.6
1259690 863.6
1259700 863.6
1259710 863.4
1259720 863.4
1259730 863.1
1259740 862.9
1259750 862.9
1259760 863.0
1259770 862.7
1259780 862.7
1259790 862.3
1259800 862.0
1259810 861.8
1259820 861.8
1259830 861.5
1259840 861.1
1259850 861.1
1259860 860.7
1259870 859.8
1259880 859.8
1259890 859.1
1259900 859.0
1259910 859.0
1259920 858.5
1259930 858.3
1259940 858.3
1259950 858.0
1259960 857.6
1259970 857.6
1259980 857.2
1259990 856.7
