1240000 1809.9
1240010 1809.9
1240020 1802.4
1240030 1794.1
1240040 1794.1
1240050 1787.1
1240060 1784.6
1240070 1784.6
1240080 1782.0
1240090 1780.5
1240100 1778.0
1240110 1778.0
1240120 1775.0
1240130 1770.4
1240140 1770.4
1240150 1765.7
1240160 1760.6
1240170 1760.6
1240180 1754.4
1240190 1747.2
1240200 1747.2
1240210 1739.2
1240220 1734.8
1240230 1734.8
1240240 1742.5
1240250 1744.3
1240260 1744.3
1240270 1747.5
1240280 1748.8
1240290 1748.8
1240300 1747.5
1240310 1747.0
1240320 1747.0
1240330 1747.8
1240340 1745.0
1240350 1738.5
1240360 1738.5
1240370 1730.4
1240380 1721.4
1240390 1721.4
1240400 1712.7
1240410 1704.2
1240420 1704.2
1240430 1695.1
1240440 1686.9
1240450 1686.9
1240460 1679.2
1240470 1672.0
1240480 1672.0
1240490 1664.5
1240500 1655.2
1240510 1655.2
1240520 1641.4
1240530 1630.6
1240540 1630.6
1240550 1628.4
1240560 1632.2
1240570 1632.2
1240580 1639.6
1240590 1641.7
1240600 1641.7
1240610 1643.3
1240620 1646.2
1240630 1651.4
1240640 1651.4
1240650 1654.8
1240660 1656.5
1240670 1656.5
1240680 1659.7
1240690 1662.8
1240700 1662.8
1240710 1665.7
1240720 1669.4
1240730 1669.4
1240740 1673.0
1240750 1676.1
1240760 1682.1
1240770 1681.5
1240780 1677.7
1240790 1677.7
1240800 1673.5
1240810 1667.8
1240820 1667.8
1240830 1661.8
1240840 1656.0
1240850 1656.0
1240860 1651.2
1240870 1647.1
1240880 1641.4
1240890 1641.4
1240900 1633.6
1240910 1627.9
1240920 1627.9
1240930 1634.2
1240940 1639.7
1240950 1639.7
1240960 1643.5
1240970 1645.9
1240980 1645.9
1240990 1647.2
1241000 1646.5
1241010 1646.5
1241020 1644.4
1241030 1649.0
1241040 1649.0
1241050 1656.6
1241060 1663.3
1241070 1663.3
1241080 1669.3
1241090 1675.3
1241100 1675.3
1241110 1681.2
1241120 1686.3
1241130 1686.3
1241140 1690.9
1241150 1695.7
1241160 1700.9
1241170 1700.9
1241180 1707.0
1241190 1712.8
1241200 1712.8
1241210 1718.2
1241220 1722.8
1241230 1722.8
1241240 1726.8
1241250 1730.0
1241260 1730.0
1241270 1732.8
1241280 1734.9
1241290 1740.1
1241300 1742.1
1241310 1743.8
1241320 1743.8
1241330 1744.7
1241340 1744.8
1241350 1744.8
1241360 1745.1
1241370 1745.6
1241380 1745.6
1241390 1745.9
1241400 1746.6
1241410 1748.0
1241420 1748.0
1241430 1750.3
1241440 1753.6
1241450 1753.6
1241460 1757.5
1241470 1761.6
1241480 1761.6
1241490 1765.0
1241500 1768.0
1241510 1768.0
1241520 1770.4
1241530 1772.7
1241540 1772.7
1241550 1774.6
1241560 1776.5
1241570 1776.5
1241580 1777.7
1241590 1778.4
1241600 1778.4
1241610 1780.2
1241620 1780.9
1241630 1780.9
1241640 1780.3
1241650 1779.3
1241660 1778.0
1241670 1778.0
1241680 1777.1
1241690 1776.3
1241700 1776.3
1241710 1775.0
1241720 1772.9
1241730 1772.9
1241740 1770.9
1241750 1768.7
1241760 1768.7
1241770 1766.7
1241780 1765.2
1241790 1765.2
1241800 1762.6
1241810 1765.2
1241820 1765.2
1241830 1762.2
1241840 1760.0
1241850 1760.0
1241860 1758.0
1241870 1756.4
1241880 1756.4
1241890 1754.5
1241900 1752.9
1241910 1752.9
1241920 1751.3
1241930 1749.7
1241940 1748.3
1241950 1748.3
1241960 1746.7
1241970 1744.4
1241980 1744.4
1241990 1742.3
1242000 1740.0
1242010 1740.0
1242020 1737.4
1242030 1734.5
1242040 1734.5
1242050 1731.8
1242060 1729.1
1242070 1729.1
1242080 1726.8
1242090 1724.5
1242100 1724.5
1242110 1723.0
1242120 1720.7
1242130 1720.7
1242140 1717.5
1242150 1713.8
1242160 1713.8
1242170 1710.7
1242180 1707.8
1242190 1705.5
1242200 1705.5
1242210 1703.2
1242220 1701.0
1242230 1701.0
1242240 1698.8
1242250 1696.9
1242260 1696.9
1242270 1694.5
1242280 1691.9
1242290 1691.9
1242300 1689.8
1242310 1687.8
1242320 1687.8
1242330 1691.1
1242340 1689.2
1242350 1689.2
1242360 1687.4
1242370 1685.7
1242380 1685.7
1242390 1683.7
1242400 1681.0
1242410 1681.0
1242420 1677.8
1242430 1674.1
1242440 1670.4
1242450 1670.4
1242460 1666.6
1242470 1662.9
1242480 1662.9
1242490 1659.4
1242500 1655.5
1242510 1655.5
1242520 1651.0
1242530 1646.1
1242540 1646.1
1242550 1641.4
1242560 1637.1
1242570 1637.1
1242580 1633.3
1242590 1629.9
1242600 1629.9
1242610 1625.5
1242620 1620.7
1242630 1620.7
1242640 1615.3
1242650 1610.3
1242660 1610.3
1242670 1605.7
1242680 1601.0
1242690 1601.0
1242700 1595.9
1242710 1590.9
1242720 1587.0
1242730 1587.0
1242740 1583.5
1242750 1579.5
1242760 1579.5
1242770 1575.0
1242780 1569.8
1242790 1569.8
1242800 1563.9
1242810 1558.4
1242820 1558.4
1242830 1553.3
1242840 1548.5
1242850 1548.5
1242860 1544.0
1242870 1538.5
1242880 1538.5
1242890 1532.3
1242900 1525.9
1242910 1525.9
1242920 1517.8
1242930 1509.9
1242940 1509.9
1242950 1502.1
1242960 1494.2
1242970 1486.6
1242980 1486.6
1242990 1479.0
1243000 1471.6
1243010 1471.6
1243020 1464.3
1243030 1457.1
1243040 1457.1
1243050 1449.8
1243060 1442.3
1243070 1442.3
1243080 1434.7
1243090 1427.4
1243100 1427.4
1243110 1420.0
1243120 1412.8
1243130 1412.8
1243140 1405.6
1243150 1398.4
1243160 1398.4
1243170 1391.7
1243180 1384.6
1243190 1384.6
1243200 1377.9
1243210 1371.3
1243220 1364.4
1243230 1364.4
1243240 1357.9
1243250 1351.2
1243260 1351.2
1243270 1344.7
1243280 1337.6
1243290 1337.6
1243300 1331.3
1243310 1325.2
1243320 1325.2
1243330 1319.0
1243340 1312.3
1243350 1312.3
1243360 1305.9
1243370 1299.7
1243380 1299.7
1243390 1292.9
1243400 1287.0
1243410 1287.0
1243420 1281.0
1243430 1274.3
1243440 1274.3
1243450 1267.5
1243460 1261.4
1243470 1261.4
1243480 1255.1
1243490 1249.0
1243500 1243.2
1243510 1243.2
1243520 1237.6
1243530 1231.6
1243540 1231.6
1243550 1224.5
1243560 1217.8
1243570 1217.8
1243580 1212.4
1243590 1205.6
1243600 1205.6
1243610 1198.4
1243620 1191.1
1243630 1191.1
1243640 1184.2
1243650 1176.1
1243660 1176.1
1243670 1168.0
1243680 1161.7
1243690 1161.7
1243700 1154.4
1243710 1147.2
1243720 1147.2
1243730 1138.3
1243740 1127.8
1243750 1116.3
1243760 1116.3
1243770 1107.3
1243780 1099.6
1243790 1099.6
1243800 1090.6
1243810 1081.2
1243820 1081.2
1243830 1074.4
1243840 1068.3
1243850 1068.3
1243860 1061.5
1243870 1053.1
1243880 1053.1
1243890 1043.3
1243900 1042.2
1243910 1042.2
1243920 1059.4
1243930 1065.8
1243940 1065.8
1243950 1075.6
1243960 1082.0
1243970 1082.0
1243980 1082.0
1243990 1081.2
1244000 1087.9
1244010 1087.9
1244020 1091.0
1244030 1090.1
1244040 1090.1
1244050 1091.9
1244060 1097.1
1244070 1097.1
1244080 1103.2
1244090 1109.7
1244100 1109.7
1244110 1115.5
1244120 1122.3
1244130 1122.3
1244140 1132.8
1244150 1141.0
1244160 1141.0
1244170 1149.3
1244180 1157.3
1244190 1157.3
1244200 1163.1
1244210 1167.4
1244220 1167.4
1244230 1170.5
1244240 1172.6
1244250 1172.6
1244260 1173.7
1244270 1174.9
1244280 1176.1
1244290 1176.1
1244300 1177.1
1244310 1177.2
1244320 1177.2
1244330 1177.6
1244340 1180.9
1244350 1180.9
1244360 1186.6
1244370 1191.0
1244380 1191.0
1244390 1195.0
1244400 1199.0
1244410 1199.0
1244420 1203.2
1244430 1207.5
1244440 1207.5
1244450 1217.2
1244460 1221.4
1244470 1221.4
1244480 1224.7
1244490 1226.9
1244500 1226.9
1244510 1231.2
1244520 1235.4
1244530 1239.3
1244540 1239.3
1244550 1243.3
1244560 1246.3
1244570 1246.3
1244580 1248.4
1244590 1250.3
1244600 1250.3
1244610 1252.0
1244620 1253.5
1244630 1253.5
1244640 1254.1
1244650 1254.2
1244660 1254.2
1244670 1254.7
1244680 1256.6
1244690 1256.6
1244700 1258.8
1244710 1260.8
1244720 1260.8
1244730 1262.8
1244740 1264.4
1244750 1264.4
1244760 1265.5
1244770 1265.8
1244780 1265.4
1244790 1265.4
1244800 1264.0
1244810 1263.1
1244820 1263.1
1244830 1263.2
1244840 1263.7
1244850 1263.7
1244860 1264.1
1244870 1263.4
1244880 1263.4
1244890 1262.6
1244900 1262.4
1244910 1262.4
1244920 1262.4
1244930 1263.1
1244940 1263.1
1244950 1264.3
1244960 1264.2
1244970 1264.2
1244980 1262.9
1244990 1262.6
1245000 1262.6
1245010 1262.2
1245020 1262.1
1245030 1262.1
1245040 1263.1
1245050 1264.6
1245060 1265.7
1245070 1265.7
1245080 1265.9
1245090 1265.4
1245100 1265.4
1245110 1264.4
1245120 1262.9
1245130 1262.9
1245140 1261.7
1245150 1260.5
1245160 1260.5
1245170 1259.2
1245180 1258.1
1245190 1258.1
1245200 1257.7
1245210 1257.6
1245220 1257.6
1245230 1258.4
1245240 1260.2
1245250 1260.2
1245260 1262.4
1245270 1264.0
1245280 1264.0
1245290 1264.9
1245300 1264.6
1245310 1263.8
1245320 1263.8
1245330 1263.0
1245340 1261.7
1245350 1261.7
1245360 1259.7
1245370 1257.3
1245380 1257.3
1245390 1254.6
1245400 1250.5
1245410 1250.5
1245420 1247.0
1245430 1244.6
1245440 1244.6
1245450 1242.8
1245460 1240.2
1245470 1240.2
1245480 1237.0
1245490 1234.3
1245500 1234.3
1245510 1232.7
1245520 1229.0
1245530 1229.0
1245540 1224.9
1245550 1220.5
1245560 1216.2
1245570 1216.2
1245580 1212.2
1245590 1208.8
1245600 1208.8
1245610 1205.4
1245620 1202.6
1245630 1202.6
1245640 1199.7
1245650 1197.5
1245660 1197.5
1245670 1197.5
1245680 1198.8
1245690 1198.8
1245700 1199.8
1245710 1199.7
1245720 1199.7
1245730 1199.2
1245740 1199.6
1245750 1199.6
1245760 1200.0
1245770 1198.5
1245780 1198.5
1245790 1195.5
1245800 1191.7
1245810 1191.7
1245820 1187.7
1245830 1185.0
1245840 1183.1
1245850 1183.1
1245860 1180.5
1245870 1179.1
1245880 1179.1
1245890 1177.1
1245900 1174.4
1245910 1174.4
1245920 1171.8
1245930 1168.2
1245940 1168.2
1245950 1164.1
1245960 1160.2
1245970 1160.2
1245980 1155.0
1245990 1150.3
1246000 1150.3
1246010 1147.3
1246020 1144.5
1246030 1144.5
1246040 1138.5
1246050 1134.3
1246060 1134.3
1246070 1131.4
1246080 1128.4
1246090 1124.8
1246100 1124.8
1246110 1120.9
1246120 1116.8
1246130 1116.8
1246140 1113.6
1246150 1109.2
1246160 1109.2
1246170 1105.5
1246180 1101.8
1246190 1101.8
1246200 1098.6
1246210 1095.1
1246220 1095.1
1246230 1092.2
1246240 1089.1
1246250 1089.1
1246260 1085.3
1246270 1081.9
1246280 1081.9
1246290 1078.6
1246300 1073.4
1246310 1073.4
1246320 1069.1
1246330 1065.4
1246340 1062.0
1246350 1062.0
1246360 1059.0
1246370 1055.9
1246380 1055.9
1246390 1052.9
1246400 1049.6
1246410 1049.6
1246420 1046.2
1246430 1042.1
1246440 1042.1
1246450 1038.2
1246460 1034.2
1246470 1034.2
1246480 1030.0
1246490 1025.8
1246500 1025.8
1246510 1021.4
1246520 1016.9
1246530 1016.9
1246540 1012.7
1246550 1008.1
1246560 1008.1
1246570 1003.7
1246580 998.7
1246590 998.7
1246600 994.2
1246610 988.4
1246620 983.2
1246630 983.2
1246640 979.8
1246650 979.2
1246660 979.2
1246670 977.6
1246680 976.2
1246690 976.2
1246700 974.3
1246710 971.2
1246720 971.2
1246730 967.3
1246740 964.1
1246750 964.1
1246760 961.0
1246770 958.1
1246780 958.1
1246790 955.5
1246800 953.8
1246810 953.8
1246820 952.5
1246830 951.1
1246840 951.1
1246850 949.3
1246860 946.6
1246870 943.1
1246880 943.1
1246890 939.5
1246900 935.5
1246910 935.5
1246920 930.3
1246930 925.4
1246940 925.4
1246950 921.2
1246960 916.3
1246970 916.3
1246980 910.8
1246990 905.9
1247000 905.9
1247010 901.2
1247020 896.5
1247030 896.5
1247040 891.6
1247050 887.3
1247060 887.3
1247070 883.6
1247080 880.6
1247090 880.6
1247100 878.0
1247110 878.5
1247120 877.7
1247130 877.7
1247140 877.5
1247150 876.8
1247160 876.8
1247170 875.6
1247180 874.3
1247190 874.3
1247200 873.0
1247210 871.7
1247220 871.7
1247230 870.6
1247240 869.5
1247250 869.5
1247260 868.0
1247270 863.9
1247280 863.9
1247290 855.6
1247300 848.1
1247310 848.1
1247320 842.6
1247330 843.2
1247340 843.2
1247350 846.4
1247360 851.0
1247370 851.0
1247380 856.9
1247390 858.8
1247400 857.7
1247410 857.7
1247420 856.2
1247430 855.5
1247440 855.5
1247450 854.8
1247460 853.8
1247470 853.8
1247480 852.5
1247490 849.8
1247500 849.8
1247510 848.8
1247520 848.5
1247530 848.5
1247540 848.4
1247550 849.3
1247560 849.3
1247570 850.2
1247580 849.0
1247590 849.0
1247600 848.0
1247610 847.3
1247620 847.3
1247630 846.9
1247640 846.3
1247650 846.0
1247660 846.0
1247670 845.4
1247680 844.5
1247690 844.5
1247700 843.6
1247710 842.8
1247720 842.8
1247730 841.9
1247740 841.1
1247750 841.1
1247760 840.5
1247770 839.9
1247780 839.9
1247790 839.4
1247800 839.1
1247810 839.1
1247820 838.7
1247830 838.0
1247840 838.0
1247850 837.4
1247860 837.1
1247870 837.1
1247880 837.0
1247890 836.2
1247900 836.2
1247910 835.6
1247920 835.1
1247930 834.8
1247940 834.8
1247950 834.5
1247960 834.1
1247970 834.1
1247980 833.9
1247990 833.5
1248000 833.5
1248010 833.3
1248020 833.6
1248030 833.6
1248040 833.7
1248050 833.5
1248060 833.5
1248070 833.5
1248080 833.6
1248090 833.6
1248100 833.8
1248110 833.4
1248120 833.4
1248130 832.3
1248140 831.2
1248150 831.2
1248160 830.2
1248170 828.4
1248180 824.8
1248190 823.2
1248200 819.9
1248210 816.5
1248220 816.5
1248230 813.4
1248240 810.8
1248250 810.8
1248260 810.1
1248270 809.5
1248280 809.5
1248290 808.9
1248300 808.8
1248310 808.8
1248320 810.2
1248330 811.8
1248340 811.8
1248350 812.4
1248360 813.2
1248370 813.2
1248380 817.3
1248390 819.4
1248400 819.4
1248410 819.3
1248420 819.7
1248430 820.0
1248440 820.0
1248450 819.8
1248460 819.4
1248470 819.4
1248480 820.1
1248490 820.8
1248500 820.8
1248510 821.8
1248520 823.9
1248530 823.9
1248540 827.8
1248550 831.5
1248560 831.5
1248570 833.4
1248580 835.6
1248590 835.6
1248600 838.1
1248610 840.7
1248620 840.7
1248630 842.5
1248640 844.0
1248650 844.0
1248660 845.3
1248670 846.1
1248680 846.1
1248690 846.8
1248700 847.6
1248710 848.5
1248720 848.5
1248730 848.8
1248740 849.7
1248750 849.7
1248760 850.6
1248770 851.4
1248780 851.4
1248790 851.9
1248800 852.3
1248810 852.3
1248820 852.4
1248830 852.4
1248840 852.4
1248850 852.5
1248860 852.6
1248870 852.6
1248880 852.9
1248890 852.9
1248900 852.9
1248910 852.4
1248920 852.1
1248930 852.1
1248940 851.9
1248950 851.7
1248960 851.2
1248970 851.2
1248980 850.1
1248990 847.2
1249000 847.2
1249010 844.6
1249020 842.4
1249030 842.4
1249040 840.9
1249050 840.6
1249060 840.6
1249070 841.2
1249080 842.6
1249090 842.6
1249100 844.0
1249110 845.1
1249120 845.1
1249130 845.9
1249140 846.8
1249150 846.8
1249160 847.5
1249170 847.8
1249180 847.8
1249190 847.5
1249200 845.8
1249210 843.5
1249220 843.5
1249230 841.7
1249240 841.5
1249250 841.5
1249260 840.8
1249270 837.2
1249280 837.2
1249290 836.6
1249300 837.0
1249310 837.0
1249320 838.9
1249330 841.4
1249340 841.4
1249350 844.6
1249360 845.1
1249370 845.1
1249380 842.5
1249390 840.4
1249400 840.4
1249410 839.1
1249420 838.2
1249430 838.2
1249440 837.6
1249450 837.3
1249460 837.3
1249470 836.4
1249480 835.7
1249490 835.8
1249500 835.8
1249510 836.3
1249520 836.4
1249530 836.4
1249540 836.5
1249550 836.7
1249560 836.7
1249570 837.0
1249580 837.2
1249590 837.2
1249600 837.7
1249610 838.6
1249620 838.6
1249630 839.0
1249640 838.2
1249650 838.2
1249660 837.8
1249670 838.2
1249680 838.2
1249690 838.3
1249700 838.3
1249710 838.3
1249720 838.2
1249730 837.9
1249740 837.6
1249750 837.6
1249760 837.1
1249770 836.5
1249780 836.5
1249790 835.7
1249800 834.7
1249810 830.1
1249820 828.8
1249830 829.1
1249840 829.1
1249850 827.9
1249860 826.0
1249870 826.0
1249880 826.3
1249890 826.2
1249900 826.2
1249910 823.6
1249920 822.0
1249930 822.0
1249940 820.8
1249950 818.5
1249960 818.5
1249970 815.9
1249980 813.4
1249990 810.6
1250000 810.6
1250010 807.4
1250020 802.9
1250030 802.9
1250040 797.2
1250050 790.9
1250060 790.9
1250070 784.5
1250080 777.9
1250090 777.9
1250100 770.9
1250110 766.2
1250120 766.2
1250130 764.0
1250140 764.1
1250150 764.1
1250160 766.0
1250170 768.4
1250180 768.4
1250190 771.1
1250200 774.3
1250210 774.3
1250220 778.0
1250230 781.2
1250240 781.2
1250250 782.7
1250260 783.3
1250270 783.9
1250280 783.9
1250290 784.8
1250300 784.8
1250310 784.8
1250320 785.0
1250330 786.8
1250340 786.8
1250350 781.4
1250360 781.5
1250370 781.5
1250380 781.2
1250390 781.3
1250400 781.3
1250410 780.0
1250420 775.9
1250430 775.9
1250440 772.5
1250450 771.3
1250460 771.3
1250470 772.7
1250480 775.5
1250490 775.5
1250500 777.1
1250510 777.0
1250520 776.3
1250530 776.3
1250540 775.0
1250550 769.7
1250560 769.7
1250570 760.7
1250580 754.1
1250590 754.1
1250600 752.6
1250610 752.6
1250620 752.6
1250630 749.7
1250640 743.1
1250650 743.1
1250660 738.5
1250670 735.9
1250680 735.9
1250690 735.1
1250700 733.7
1250710 733.7
1250720 732.3
1250730 732.2
1250740 732.2
1250750 733.2
1250760 732.9
1250770 731.5
1250780 731.5
1250790 731.9
1250800 733.4
1250810 733.4
1250820 732.3
1250830 732.1
1250840 732.1
1250850 732.2
1250860 733.0
1250870 733.0
1250880 732.1
1250890 735.6
1250900 735.6
1250910 739.0
1250920 740.9
1250930 740.9
1250940 743.1
1250950 743.5
1250960 743.5
1250970 743.6
1250980 743.6
1250990 743.6
1251000 743.2
1251010 742.1
1251020 742.1
1251030 741.3
1251040 743.5
1251050 746.1
1251060 746.1
1251070 747.5
1251080 748.7
1251090 748.7
1251100 750.3
1251110 751.8
1251120 751.8
1251130 753.1
1251140 754.6
1251150 754.6
1251160 755.9
1251170 756.8
1251180 756.8
1251190 757.3
1251200 757.1
1251210 757.1
1251220 756.0
1251230 754.5
1251240 754.5
1251250 753.4
1251260 753.7
1251270 753.7
1251280 756.5
1251290 758.6
1251300 758.7
1251310 758.7
1251320 757.9
1251330 757.3
1251340 757.3
1251350 756.6
1251360 755.8
1251370 755.8
1251380 755.0
1251390 754.3
1251400 754.3
1251410 753.7
1251420 753.0
1251430 753.0
1251440 745.6
1251450 744.6
1251460 744.6
1251470 743.4
1251480 742.1
1251490 742.1
1251500 741.0
1251510 740.2
1251520 740.2
1251530 738.7
1251540 734.7
1251550 729.9
1251560 729.9
1251570 723.9
1251580 718.6
1251590 718.6
1251600 716.5
1251610 715.5
1251620 715.5
1251630 715.7
1251640 717.2
1251650 717.2
1251660 717.8
1251670 718.2
1251680 718.2
1251690 720.2
1251700 722.6
1251710 722.6
1251720 724.7
1251730 727.0
1251740 727.0
1251750 727.9
1251760 725.9
1251770 725.9
1251780 724.6
1251790 727.2
1251800 727.2
1251810 728.2
1251820 725.4
1251830 724.3
1251840 724.3
1251850 727.6
1251860 732.3
1251870 732.3
1251880 735.0
1251890 735.0
1251900 735.0
1251910 732.8
1251920 730.1
1251930 730.1
1251940 728.2
1251950 730.0
1251960 730.0
1251970 729.9
1251980 722.6
1251990 722.6
1252000 722.0
1252010 719.8
1252020 719.8
1252030 719.7
1252040 721.8
1252050 721.8
1252060 722.6
1252070 723.0
1252080 723.5
1252090 723.5
1252100 724.4
1252110 725.1
1252120 725.1
1252130 725.7
1252140 726.4
1252150 726.4
1252160 727.2
1252170 728.1
1252180 728.1
1252190 728.4
1252200 728.0
1252210 728.0
1252220 726.9
1252230 729.2
1252240 729.2
1252250 730.4
1252260 731.3
1252270 731.3
1252280 732.5
1252290 733.5
1252300 733.5
1252310 734.4
1252320 734.7
1252330 734.7
1252340 734.7
1252350 734.0
1252360 732.6
1252370 732.6
1252380 729.4
1252390 724.7
1252400 724.7
1252410 720.0
1252420 715.4
1252430 715.4
1252440 710.5
1252450 705.3
1252460 705.3
1252470 700.6
1252480 695.6
1252490 695.6
1252500 690.4
1252510 685.1
1252520 685.1
1252530 676.2
1252540 670.9
1252550 670.9
1252560 665.5
1252570 660.1
1252580 654.8
1252590 654.8
1252600 649.4
1252610 644.6
1252620 644.6
1252630 640.1
1252640 636.6
1252650 636.6
1252660 634.4
1252670 631.7
1252680 631.7
1252690 629.1
1252700 627.7
1252710 627.7
1252720 626.8
1252730 626.4
1252740 626.4
1252750 629.1
1252760 631.0
1252770 631.0
1252780 630.6
1252790 630.2
1252800 630.2
1252810 629.7
1252820 629.1
1252830 629.1
1252840 628.6
1252850 628.2
1252860 627.8
1252870 627.8
1252880 627.1
1252890 626.4
1252900 626.4
1252910 625.8
1252920 625.3
1252930 625.3
1252940 624.9
1252950 624.4
1252960 624.4
1252970 623.8
1252980 623.2
1252990 623.2
1253000 622.5
1253010 621.8
1253020 621.8
1253030 621.1
1253040 620.4
1253050 620.4
1253060 619.8
1253070 619.2
1253080 619.7
1253090 619.0
1253100 618.7
1253110 618.3
1253120 618.3
1253130 616.5
1253140 614.7
1253150 614.7
1253160 614.0
1253170 613.6
1253180 613.6
1253190 613.3
1253200 613.1
1253210 613.1
1253220 613.1
1253230 613.1
1253240 613.1
1253250 613.1
1253260 613.1
1253270 613.1
1253280 613.1
1253290 613.3
1253300 613.3
1253310 613.4
1253320 613.5
1253330 613.5
1253340 613.5
1253350 613.5
1253360 613.5
1253370 613.5
1253380 613.4
1253390 613.2
1253400 613.2
1253410 613.0
1253420 612.8
1253430 612.8
1253440 612.7
1253450 612.8
1253460 612.8
1253470 612.8
1253480 612.4
1253490 612.4
1253500 612.5
1253510 613.1
1253520 613.1
1253530 613.7
1253540 614.0
1253550 614.0
1253560 614.0
1253570 614.0
1253580 614.0
1253590 614.1
1253600 614.1
1253610 614.1
1253620 613.9
1253630 614.5
1253640 614.3
1253650 614.3
1253660 613.9
1253670 613.4
1253680 613.4
1253690 612.8
1253700 612.2
1253710 612.2
1253720 611.6
1253730 611.2
1253740 611.2
1253750 611.1
1253760 611.2
1253770 611.2
1253780 611.0
1253790 611.4
1253800 611.4
1253810 612.3
1253820 612.5
1253830 612.5
1253840 612.2
1253850 612.1
1253860 612.1
1253870 612.0
1253880 611.8
1253890 611.9
1253900 611.9
1253910 612.0
1253920 611.9
1253930 611.9
1253940 612.1
1253950 612.6
1253960 612.6
1253970 613.8
1253980 614.1
1253990 614.1
1254000 613.0
1254010 614.9
1254020 614.9
1254030 614.2
1254040 612.6
1254050 612.6
1254060 612.2
1254070 612.0
1254080 612.0
1254090 611.9
1254100 611.5
1254110 611.5
1254120 611.2
1254130 611.2
1254140 611.4
1254150 611.4
1254160 611.7
1254170 611.9
1254180 612.2
1254190 612.1
1254200 612.0
1254210 612.0
1254220 611.9
1254230 611.8
1254240 611.8
1254250 611.8
1254260 611.8
1254270 611.8
1254280 611.9
1254290 612.0
1254300 612.0
1254310 612.1
1254320 612.3
1254330 612.3
1254340 612.1
1254350 612.0
1254360 612.0
1254370 612.2
1254380 612.0
1254390 612.0
1254400 611.3
1254410 610.9
1254420 610.9
1254430 610.9
1254440 610.8
1254450 610.8
1254460 610.8
1254470 610.9
1254480 610.7
1254490 610.7
1254500 610.5
1254510 610.4
1254520 610.4
1254530 610.2
1254540 610.1
1254550 610.1
1254560 609.9
1254570 609.7
1254580 609.7
1254590 609.6
1254600 609.4
1254610 609.4
1254620 609.2
1254630 609.2
1254640 609.2
1254650 609.2
1254660 609.2
1254670 609.2
1254680 609.2
1254690 609.3
1254700 609.3
1254710 609.3
1254720 609.3
1254730 609.5
1254740 609.5
1254750 609.1
1254760 608.9
1254770 608.9
1254780 608.9
1254790 608.8
1254800 608.8
1254810 608.9
1254820 608.8
1254830 608.8
1254840 608.6
1254850 608.3
1254860 608.3
1254870 608.3
1254880 608.1
1254890 608.1
1254900 607.8
1254910 607.2
1254920 606.9
1254930 606.9
1254940 606.8
1254950 606.8
1254960 606.8
1254970 606.7
1254980 606.5
1254990 606.5
1255000 606.2
1255010 605.8
1255020 605.8
1255030 605.7
1255040 605.7
1255050 605.7
1255060 605.6
1255070 605.6
1255080 605.6
1255090 605.5
1255100 605.1
1255110 605.1
1255120 605.0
1255130 605.0
1255140 605.0
1255150 605.1
1255160 605.2
1255170 605.2
1255180 605.0
1255190 604.7
1255200 604.5
1255210 604.5
1255220 604.3
1255230 604.2
1255240 604.2
1255250 604.1
1255260 604.0
1255270 604.0
1255280 603.8
1255290 604.0
1255300 604.0
1255310 603.8
1255320 603.6
1255330 603.6
1255340 603.3
1255350 603.2
1255360 603.2
1255370 603.1
1255380 603.0
1255390 603.0
1255400 603.0
1255410 602.9
1255420 602.9
1255430 602.6
1255440 602.5
1255450 602.4
1255460 602.4
1255470 602.2
1255480 602.0
1255490 602.0
1255500 601.6
1255510 601.4
1255520 601.4
1255530 601.1
1255540 600.8
1255550 600.8
1255560 600.6
1255570 600.2
1255580 600.2
1255590 599.8
1255600 599.4
1255610 599.4
1255620 599.1
1255630 598.8
1255640 598.8
1255650 598.6
1255660 598.3
1255670 598.3
1255680 598.1
1255690 597.9
1255700 597.8
1255710 597.8
1255720 597.6
1255730 597.4
1255740 597.4
1255750 597.2
1255760 597.1
1255770 597.1
1255780 596.9
1255790 596.8
1255800 596.8
1255810 596.6
1255820 596.4
1255830 596.4
1255840 596.3
1255850 596.2
1255860 596.2
1255870 595.9
1255880 595.8
1255890 595.8
1255900 595.8
1255910 595.7
1255920 595.7
1255930 595.5
1255940 595.3
1255950 595.3
1255960 595.1
1255970 594.8
1255980 594.6
1255990 594.6
1256000 594.4
1256010 594.4
1256020 594.4
1256030 594.2
1256040 594.1
1256050 594.1
1256060 593.9
1256070 593.7
1256080 593.7
1256090 593.6
1256100 593.4
1256110 593.4
1256120 593.2
1256130 593.1
1256140 593.1
1256150 593.0
1256160 592.8
1256170 592.8
1256180 592.6
1256190 592.4
1256200 592.4
1256210 592.1
1256220 591.8
1256230 591.6
1256240 591.6
1256250 591.4
1256260 591.1
1256270 591.1
1256280 590.8
1256290 590.5
1256300 590.5
1256310 590.3
1256320 590.2
1256330 590.2
1256340 590.1
1256350 590.1
1256360 590.1
1256370 590.0
1256380 590.1
1256390 590.1
1256400 590.4
1256410 590.4
1256420 590.4
1256430 590.3
1256440 590.2
1256450 590.2
1256460 590.0
1256470 589.8
1256480 589.4
1256490 589.4
1256500 589.1
1256510 589.0
1256520 589.0
1256530 588.9
1256540 588.8
1256550 588.8
1256560 588.6
1256570 588.4
1256580 588.4
1256590 588.2
1256600 588.2
1256610 588.2
1256620 588.2
1256630 588.2
1256640 588.2
1256650 588.2
1256660 588.1
1256670 588.1
1256680 588.0
1256690 587.9
1256700 587.9
1256710 587.8
1256720 587.7
1256730 587.7
1256740 587.7
1256750 587.7
1256760 587.6
1256770 587.6
1256780 588.4
1256790 587.7
1256800 587.7
1256810 587.5
1256820 587.4
1256830 587.4
1256840 587.3
1256850 587.0
1256860 587.0
1256870 586.7
1256880 586.1
1256890 586.1
1256900 585.7
1256910 585.4
1256920 585.4
1256930 585.3
1256940 585.3
1256950 585.3
1256960 585.2
1256970 585.1
1256980 585.1
1256990 585.0
1257000 585.0
1257010 585.0
1257020 585.0
1257030 585.0
1257040 585.0
1257050 585.0
1257060 585.1
1257070 585.1
1257080 585.1
1257090 585.1
1257100 585.0
1257110 585.0
1257120 585.1
1257130 585.1
1257140 585.1
1257150 585.1
1257160 585.1
1257170 585.1
1257180 585.0
1257190 584.9
1257200 584.9
1257210 584.9
1257220 584.9
1257230 584.9
1257240 584.9
1257250 584.9
1257260 584.7
1257270 584.7
1257280 584.8
1257290 584.8
1257300 584.8
1257310 584.9
1257320 584.9
1257330 584.9
1257340 584.8
1257350 584.7
1257360 584.7
1257370 584.7
1257380 584.7
1257390 584.7
1257400 584.6
1257410 584.6
1257420 584.6
1257430 584.5
1257440 584.5
1257450 584.5
1257460 584.5
1257470 584.5
1257480 584.5
1257490 584.5
1257500 584.5
1257510 584.5
1257520 584.5
1257530 584.5
1257540 584.5
1257550 584.5
1257560 584.6
1257570 584.5
1257580 584.5
1257590 584.5
1257600 584.5
1257610 584.5
1257620 584.6
1257630 584.5
1257640 584.5
1257650 584.4
1257660 584.3
1257670 584.3
1257680 584.3
1257690 584.3
1257700 584.3
1257710 584.2
1257720 584.1
1257730 584.1
1257740 584.1
1257750 584.1
1257760 584.1
1257770 584.1
1257780 584.1
1257790 584.1
1257800 584.1
1257810 584.1
1257820 584.1
1257830 584.1
1257840 584.1
1257850 584.0
1257860 584.0
1257870 583.9
1257880 584.0
1257890 584.0
1257900 583.9
1257910 584.0
1257920 584.0
1257930 584.1
1257940 584.1
1257950 584.1
1257960 584.0
1257970 583.9
1257980 583.9
1257990 583.8
1258000 583.8
1258010 583.8
1258020 583.9
1258030 583.9
1258040 583.9
1258050 583.9
1258060 583.9
1258070 583.9
1258080 583.9
1258090 583.9
1258100 583.9
1258110 583.9
1258120 584.0
1258130 584.1
1258140 584.1
1258150 584.2
1258160 584.2
1258170 584.2
1258180 584.1
1258190 584.2
1258200 584.2
1258210 584.2
1258220 584.2
1258230 584.2
1258240 584.1
1258250 583.8
1258260 583.8
1258270 583.8
1258280 583.7
1258290 583.7
1258300 583.5
1258310 583.5
1258320 583.4
1258330 583.4
1258340 583.3
1258350 583.4
1258360 583.4
1258370 583.3
1258380 583.3
1258390 583.3
1258400 583.3
1258410 583.5
1258420 583.5
1258430 583.5
1258440 583.4
1258450 583.4
1258460 583.5
1258470 583.6
1258480 583.6
1258490 583.6
1258500 583.5
1258510 583.5
1258520 583.6
1258530 583.6
1258540 583.6
1258550 583.7
1258560 584.3
1258570 584.5
1258580 584.5
1258590 584.5
1258600 584.1
1258610 584.1
1258620 583.5
1258630 583.4
1258640 583.5
1258650 583.6
1258660 583.6
1258670 583.6
1258680 583.5
1258690 583.7
1258700 583.7
1258710 583.9
1258720 584.1
1258730 584.1
1258740 584.1
1258750 584.1
1258760 584.1
1258770 583.8
1258780 583.4
1258790 583.4
1258800 583.2
1258810 583.1
1258820 583.1
1258830 583.1
1258840 583.2
1258850 583.2
1258860 583.2
1258870 583.2
1258880 583.2
1258890 583.2
1258900 583.2
1258910 583.4
1258920 583.4
1258930 583.6
1258940 583.5
1258950 583.5
1258960 583.2
1258970 583.4
1258980 583.4
1258990 583.3
1259000 583.5
1259010 583.5
1259020 583.5
1259030 583.7
1259040 583.7
1259050 583.8
1259060 583.8
1259070 583.7
1259080 583.7
1259090 583.7
1259100 583.7
1259110 583.7
1259120 583.8
1259130 583.7
1259140 583.7
1259150 583.5
1259160 583.4
1259170 583.4
1259180 583.5
1259190 583.6
1259200 583.9
1259210 583.9
1259220 583.9
1259230 583.9
1259240 583.7
1259250 583.9
1259260 583.9
1259270 584.0
1259280 584.0
1259290 584.0
1259300 583.9
1259310 583.8
1259320 583.8
1259330 583.8
1259340 583.7
1259350 583.8
1259360 583.8
1259370 583.8
1259380 583.8
1259390 583.8
1259400 583.8
1259410 583.7
1259420 583.7
1259430 583.9
1259440 583.9
1259450 583.9
1259460 583.9
1259470 583.8
1259480 583.8
1259490 583.8
1259500 583.7
1259510 583.7
1259520 583.8
1259530 583.7
1259540 583.7
1259550 583.7
1259560 583.7
1259570 583.7
1259580 583.7
1259590 583.6
1259600 583.6
1259610 583.6
1259620 583.5
1259630 583.0
1259640 583.0
1259650 582.6
1259660 582.8
1259670 582.8
1259680 583.6
1259690 584.0
1259700 584.0
1259710 584.4
1259720 584.4
1259730 584.4
1259740 584.4
1259750 584.4
1259760 584.4
1259770 583.7
1259780 583.5
1259790 583.5
1259800 583.5
1259810 583.5
1259820 583.5
1259830 583.6
1259840 583.6
1259850 583.6
1259860 583.6
1259870 583.6
1259880 583.5
1259890 583.5
1259900 583.5
1259910 583.5
1259920 583.5
1259930 583.4
1259940 583.5
1259950 583.5
1259960 583.3
1259970 582.9
1259980 582.9
1259990 582.3
