1240000 1420.8
1240010 1420.8
1240020 1416.0
1240030 1410.9
1240040 1410.9
1240050 1410.6
1240060 1403.9
1240070 1403.9
1240080 1395.6
1240090 1386.8
1240100 1386.8
1240110 1378.0
1240120 1368.7
1240130 1368.7
1240140 1359.4
1240150 1350.1
1240160 1342.9
1240170 1342.9
1240180 1335.8
1240190 1328.2
1240200 1328.2
1240210 1319.0
1240220 1309.8
1240230 1309.8
1240240 1301.6
1240250 1294.8
1240260 1294.8
1240270 1287.7
1240280 1282.4
1240290 1282.4
1240300 1277.6
1240310 1271.5
1240320 1271.5
1240330 1265.7
1240340 1260.3
1240350 1260.3
1240360 1254.6
1240370 1248.9
1240380 1248.9
1240390 1244.0
1240400 1237.9
1240410 1230.0
1240420 1230.0
1240430 1224.0
1240440 1217.5
1240450 1217.5
1240460 1208.6
1240470 1202.3
1240480 1202.3
1240490 1200.1
1240500 1201.1
1240510 1201.1
1240520 1204.6
1240530 1201.6
1240540 1201.6
1240550 1199.5
1240560 1201.2
1240570 1207.9
1240580 1205.4
1240590 1200.4
1240600 1200.4
1240610 1193.5
1240620 1186.2
1240630 1186.2
1240640 1179.8
1240650 1173.8
1240660 1173.8
1240670 1166.9
1240680 1159.8
1240690 1154.5
1240700 1154.5
1240710 1155.3
1240720 1156.7
1240730 1156.7
1240740 1159.7
1240750 1160.5
1240760 1160.5
1240770 1159.8
1240780 1157.9
1240790 1157.9
1240800 1152.8
1240810 1145.0
1240820 1145.0
1240830 1136.9
1240840 1129.5
1240850 1129.5
1240860 1123.1
1240870 1115.8
1240880 1115.8
1240890 1106.3
1240900 1096.3
1240910 1096.3
1240920 1088.0
1240930 1080.3
1240940 1071.8
1240950 1071.8
1240960 1062.5
1240970 1053.2
1240980 1053.2
1240990 1049.8
1241000 1056.0
1241010 1056.0
1241020 1063.8
1241030 1072.2
1241040 1072.2
1241050 1078.2
1241060 1076.6
1241070 1076.6
1241080 1076.3
1241090 1085.1
1241100 1085.1
1241110 1086.8
1241120 1087.7
1241130 1087.7
1241140 1089.4
1241150 1085.5
1241160 1085.5
1241170 1083.6
1241180 1085.0
1241190 1085.0
1241200 1087.1
1241210 1086.1
1241220 1089.8
1241230 1089.8
1241240 1096.5
1241250 1100.6
1241260 1100.6
1241270 1104.1
1241280 1108.7
1241290 1108.7
1241300 1113.2
1241310 1113.2
1241320 1113.2
1241330 1110.6
1241340 1108.4
1241350 1108.4
1241360 1107.3
1241370 1107.1
1241380 1107.1
1241390 1107.2
1241400 1106.9
1241410 1106.9
1241420 1106.5
1241430 1105.9
1241440 1105.9
1241450 1103.3
1241460 1099.2
1241470 1095.8
1241480 1095.8
1241490 1095.8
1241500 1096.8
1241510 1096.8
1241520 1095.9
1241530 1096.4
1241540 1096.4
1241550 1095.9
1241560 1095.1
1241570 1095.1
1241580 1092.3
1241590 1088.1
1241600 1088.1
1241610 1084.6
1241620 1088.0
1241630 1088.0
1241640 1087.1
1241650 1085.7
1241660 1085.7
1241670 1083.5
1241680 1080.6
1241690 1080.6
1241700 1075.5
1241710 1074.9
1241720 1073.3
1241730 1073.3
1241740 1070.2
1241750 1068.3
1241760 1068.3
1241770 1067.7
1241780 1066.7
1241790 1066.7
1241800 1066.7
1241810 1065.7
1241820 1065.7
1241830 1064.9
1241840 1062.7
1241850 1062.7
1241860 1060.6
1241870 1060.1
1241880 1060.1
1241890 1058.9
1241900 1057.7
1241910 1057.7
1241920 1056.5
1241930 1056.7
1241940 1056.7
1241950 1054.4
1241960 1052.6
1241970 1052.6
1241980 1051.6
1241990 1050.0
1242000 1048.7
1242010 1048.7
1242020 1046.2
1242030 1043.2
1242040 1043.2
1242050 1040.4
1242060 1037.6
1242070 1037.6
1242080 1034.5
1242090 1031.2
1242100 1031.2
1242110 1027.1
1242120 1023.3
1242130 1023.3
1242140 1026.3
1242150 1023.3
1242160 1023.3
1242170 1020.2
1242180 1017.3
1242190 1017.3
1242200 1014.8
1242210 1012.5
1242220 1012.5
1242230 1010.3
1242240 1006.9
1242250 1004.0
1242260 1004.0
1242270 1002.5
1242280 1000.6
1242290 1000.6
1242300 995.1
1242310 990.2
1242320 990.2
1242330 986.7
1242340 985.4
1242350 985.4
1242360 992.3
1242370 997.5
1242380 997.5
1242390 996.4
1242400 994.7
1242410 994.7
1242420 993.4
1242430 991.6
1242440 991.6
1242450 990.7
1242460 989.6
1242470 989.6
1242480 987.1
1242490 984.6
1242500 984.6
1242510 983.0
1242520 980.8
1242530 977.8
1242540 977.8
1242550 978.2
1242560 979.7
1242570 979.7
1242580 979.9
1242590 978.7
1242600 978.7
1242610 976.4
1242620 975.5
1242630 975.5
1242640 974.3
1242650 973.2
1242660 973.2
1242670 978.0
1242680 976.6
1242690 976.6
1242700 975.2
1242710 974.1
1242720 974.1
1242730 972.9
1242740 971.4
1242750 971.4
1242760 969.6
1242770 967.6
1242780 966.1
1242790 966.1
1242800 964.1
1242810 961.9
1242820 961.9
1242830 959.9
1242840 957.5
1242850 957.5
1242860 955.2
1242870 955.3
1242880 955.3
1242890 954.1
1242900 952.4
1242910 952.4
1242920 950.5
1242930 949.5
1242940 949.5
1242950 948.3
1242960 946.1
1242970 946.1
1242980 942.7
1242990 940.2
1243000 940.2
1243010 938.6
1243020 937.3
1243030 937.3
1243040 935.1
1243050 932.2
1243060 929.1
1243070 929.1
1243080 928.2
1243090 928.2
1243100 928.2
1243110 926.0
1243120 923.9
1243130 923.9
1243140 922.8
1243150 920.4
1243160 920.4
1243170 917.0
1243180 916.3
1243190 921.4
1243200 920.7
1243210 917.8
1243220 917.8
1243230 914.9
1243240 915.5
1243250 915.5
1243260 917.4
1243270 917.8
1243280 917.8
1243290 916.3
1243300 915.0
1243310 914.6
1243320 914.6
1243330 912.3
1243340 911.1
1243350 911.1
1243360 907.6
1243370 905.1
1243380 905.1
1243390 902.8
1243400 900.2
1243410 900.2
1243420 900.3
1243430 898.4
1243440 898.4
1243450 894.2
1243460 896.2
1243470 896.2
1243480 898.2
1243490 899.2
1243500 899.2
1243510 898.3
1243520 896.8
1243530 896.8
1243540 895.4
1243550 894.2
1243560 893.1
1243570 893.1
1243580 892.5
1243590 892.7
1243600 892.7
1243610 893.0
1243620 892.6
1243630 892.6
1243640 892.1
1243650 892.2
1243660 892.2
1243670 892.2
1243680 892.4
1243690 892.4
1243700 891.7
1243710 889.8
1243720 891.5
1243730 890.9
1243740 890.6
1243750 890.6
1243760 889.9
1243770 889.0
1243780 889.0
1243790 888.1
1243800 885.9
1243810 885.9
1243820 886.0
1243830 885.4
1243840 884.4
1243850 884.4
1243860 883.3
1243870 882.3
1243880 882.3
1243890 881.6
1243900 880.8
1243910 880.8
1243920 879.3
1243930 878.7
1243940 878.7
1243950 877.9
1243960 877.4
1243970 877.4
1243980 876.9
1243990 876.0
1244000 876.0
1244010 874.7
1244020 873.5
1244030 873.5
1244040 872.3
1244050 871.4
1244060 871.4
1244070 870.5
1244080 869.8
1244090 869.5
1244100 869.5
1244110 869.0
1244120 868.5
1244130 868.5
1244140 868.1
1244150 867.4
1244160 867.4
1244170 866.4
1244180 865.2
1244190 865.2
1244200 864.1
1244210 863.5
1244220 863.5
1244230 862.8
1244240 862.4
1244250 863.4
1244260 862.8
1244270 862.5
1244280 862.5
1244290 862.4
1244300 862.4
1244310 862.4
1244320 862.3
1244330 862.2
1244340 862.2
1244350 862.2
1244360 862.3
1244370 862.6
1244380 862.6
1244390 862.9
1244400 863.2
1244410 863.2
1244420 863.4
1244430 863.6
1244440 863.6
1244450 863.9
1244460 864.3
1244470 864.3
1244480 863.5
1244490 857.5
1244500 857.5
1244510 850.3
1244520 842.5
1244530 842.5
1244540 834.6
1244550 826.1
1244560 826.1
1244570 818.3
1244580 811.9
1244590 811.9
1244600 806.8
1244610 802.2
1244620 798.1
1244630 798.1
1244640 796.3
1244650 795.3
1244660 795.3
1244670 794.4
1244680 792.6
1244690 792.6
1244700 788.5
1244710 787.7
1244720 787.7
1244730 794.1
1244740 795.8
1244750 795.8
1244760 795.5
1244770 795.6
1244780 797.8
1244790 800.1
1244800 806.3
1244810 806.3
1244820 813.2
1244830 816.6
1244840 816.6
1244850 823.2
1244860 830.2
1244870 830.2
1244880 836.1
1244890 836.0
1244900 837.4
1244910 837.4
1244920 838.4
1244930 837.8
1244940 837.8
1244950 837.2
1244960 836.6
1244970 836.6
1244980 836.3
1244990 836.3
1245000 836.3
1245010 836.6
1245020 837.1
1245030 837.1
1245040 838.1
1245050 839.6
1245060 839.6
1245070 841.5
1245080 843.2
1245090 843.2
1245100 843.6
1245110 843.3
1245120 843.3
1245130 842.0
1245140 840.6
1245150 839.8
1245160 839.8
1245170 839.4
1245180 839.9
1245190 839.9
1245200 840.7
1245210 841.5
1245220 841.5
1245230 842.3
1245240 842.9
1245250 842.9
1245260 843.4
1245270 843.8
1245280 843.8
1245290 844.2
1245300 844.2
1245310 847.5
1245320 846.9
1245330 845.0
1245340 845.0
1245350 843.5
1245360 842.4
1245370 842.4
1245380 841.8
1245390 842.4
1245400 842.4
1245410 844.2
1245420 843.9
1245430 839.5
1245440 839.5
1245450 835.7
1245460 833.3
1245470 833.3
1245480 833.2
1245490 833.8
1245500 833.8
1245510 833.3
1245520 830.0
1245530 830.0
1245540 825.8
1245550 821.2
1245560 821.2
1245570 816.9
1245580 816.5
1245590 816.5
1245600 821.0
1245610 825.9
1245620 825.9
1245630 831.0
1245640 834.7
1245650 834.7
1245660 834.8
1245670 833.5
1245680 832.7
1245690 832.7
1245700 832.2
1245710 832.0
1245720 832.0
1245730 831.5
1245740 831.2
1245750 831.2
1245760 830.9
1245770 830.1
1245780 830.1
1245790 827.5
1245800 823.2
1245810 823.2
1245820 819.0
1245830 816.1
1245840 816.1
1245850 820.8
1245860 823.5
1245870 823.5
1245880 827.4
1245890 829.0
1245900 829.0
1245910 825.4
1245920 821.6
1245930 818.9
1245940 818.9
1245950 817.4
1245960 814.4
1245970 814.4
1245980 808.7
1245990 802.9
1246000 802.9
1246010 797.9
1246020 793.1
1246030 793.1
1246040 792.0
1246050 792.8
1246060 792.8
1246070 792.7
1246080 792.7
1246090 792.7
1246100 792.8
1246110 793.2
1246120 793.2
1246130 793.6
1246140 794.8
1246150 794.8
1246160 796.2
1246170 797.7
1246180 797.7
1246190 800.0
1246200 803.3
1246210 799.9
1246220 799.9
1246230 791.6
1246240 784.0
1246250 784.0
1246260 777.5
1246270 773.6
1246280 773.6
1246290 773.1
1246300 776.3
1246310 776.3
1246320 783.0
1246330 788.6
1246340 788.6
1246350 786.2
1246360 779.7
1246370 779.7
1246380 775.8
1246390 771.5
1246400 771.5
1246410 769.1
1246420 767.4
1246430 767.4
1246440 766.4
1246450 765.6
1246460 764.6
1246470 764.6
1246480 763.4
1246490 762.5
1246500 762.5
1246510 762.2
1246520 761.7
1246530 761.7
1246540 760.5
1246550 759.0
1246560 759.0
1246570 757.1
1246580 755.1
1246590 755.1
1246600 752.8
1246610 751.1
1246620 751.1
1246630 750.2
1246640 749.2
1246650 749.2
1246660 746.8
1246670 743.3
1246680 743.3
1246690 739.4
1246700 736.9
1246710 736.9
1246720 736.6
1246730 736.3
1246740 735.1
1246750 735.1
1246760 732.5
1246770 727.9
1246780 727.9
1246790 722.9
1246800 719.2
1246810 719.2
1246820 716.5
1246830 713.5
1246840 713.5
1246850 709.7
1246860 705.5
1246870 705.5
1246880 701.0
1246890 695.2
1246900 695.2
1246910 690.3
1246920 690.4
1246930 690.4
1246940 686.7
1246950 685.2
1246960 685.2
1246970 686.1
1246980 687.0
1246990 687.3
1247000 687.3
1247010 687.4
1247020 686.2
1247030 686.2
1247040 682.7
1247050 678.0
1247060 678.0
1247070 674.4
1247080 672.0
1247090 672.0
1247100 670.2
1247110 668.9
1247120 668.9
1247130 667.7
1247140 666.1
1247150 666.1
1247160 664.7
1247170 666.0
1247180 666.0
1247190 666.1
1247200 665.3
1247210 665.3
1247220 666.4
1247230 667.4
1247240 667.4
1247250 667.9
1247260 668.7
1247270 670.0
1247280 670.0
1247290 671.3
1247300 672.0
1247310 672.0
1247320 673.0
1247330 673.8
1247340 673.8
1247350 675.4
1247360 678.9
1247370 678.9
1247380 683.2
1247390 687.5
1247400 687.5
1247410 691.3
1247420 694.1
1247430 694.1
1247440 695.4
1247450 699.5
1247460 699.5
1247470 697.8
1247480 698.2
1247490 698.2
1247500 698.1
1247510 694.1
1247520 688.9
1247530 688.9
1247540 686.6
1247550 690.2
1247560 690.2
1247570 696.5
1247580 702.3
1247590 702.3
1247600 708.0
1247610 710.6
1247620 710.6
1247630 707.4
1247640 702.0
1247650 702.0
1247660 697.1
1247670 694.8
1247680 694.8
1247690 692.4
1247700 687.6
1247710 687.6
1247720 681.1
1247730 675.7
1247740 675.7
1247750 671.4
1247760 669.8
1247770 670.3
1247780 670.3
1247790 674.8
1247800 681.3
1247810 681.3
1247820 682.4
1247830 678.6
1247840 678.6
1247850 676.9
1247860 675.5
1247870 675.5
1247880 674.9
1247890 677.5
1247900 677.5
1247910 681.8
1247920 686.1
1247930 686.1
1247940 690.7
1247950 696.0
1247960 696.0
1247970 701.2
1247980 705.1
1247990 700.7
1248000 705.5
1248010 709.4
1248020 709.4
1248030 711.7
1248040 713.0
1248050 709.1
1248060 709.1
1248070 705.7
1248080 707.4
1248090 707.4
1248100 705.2
1248110 700.6
1248120 700.6
1248130 699.0
1248140 701.8
1248150 701.8
1248160 704.1
1248170 705.2
1248180 705.2
1248190 705.6
1248200 705.0
1248210 705.0
1248220 702.7
1248230 700.3
1248240 700.3
1248250 698.3
1248260 696.8
1248270 696.8
1248280 696.2
1248290 695.6
1248300 693.5
1248310 693.5
1248320 691.4
1248330 690.7
1248340 690.7
1248350 688.7
1248360 687.6
1248370 687.6
1248380 686.1
1248390 681.3
1248400 681.3
1248410 677.1
1248420 673.6
1248430 673.6
1248440 669.8
1248450 665.3
1248460 665.3
1248470 661.4
1248480 657.3
1248490 657.3
1248500 653.2
1248510 649.1
1248520 649.1
1248530 649.0
1248540 646.7
1248550 646.7
1248560 648.1
1248570 649.3
1248580 651.4
1248590 651.4
1248600 653.3
1248610 655.4
1248620 655.4
1248630 657.5
1248640 658.6
1248650 658.6
1248660 659.2
1248670 660.3
1248680 660.3
1248690 661.3
1248700 662.0
1248710 662.0
1248720 662.4
1248730 662.8
1248740 662.8
1248750 662.8
1248760 662.2
1248770 662.2
1248780 661.8
1248790 661.6
1248800 661.6
1248810 661.4
1248820 660.4
1248830 659.5
1248840 659.5
1248850 658.4
1248860 657.2
1248870 657.2
1248880 656.2
1248890 655.5
1248900 655.5
1248910 655.1
1248920 651.3
1248930 651.3
1248940 644.3
1248950 638.0
1248960 638.0
1248970 632.7
1248980 629.0
1248990 629.0
1249000 624.5
1249010 619.4
1249020 619.4
1249030 616.3
1249040 612.3
1249050 612.3
1249060 606.4
1249070 604.1
1249080 599.6
1249090 599.6
1249100 597.8
1249110 597.8
1249120 597.8
1249130 597.8
1249140 597.8
1249150 597.8
1249160 597.7
1249170 597.6
1249180 597.6
1249190 597.5
1249200 597.2
1249210 597.2
1249220 596.8
1249230 596.7
1249240 596.7
1249250 595.8
1249260 596.6
1249270 596.6
1249280 598.9
1249290 600.3
1249300 600.3
1249310 600.7
1249320 601.2
1249330 601.2
1249340 601.1
1249350 598.9
1249360 597.1
1249370 597.1
1249380 595.7
1249390 595.4
1249400 595.4
1249410 595.3
1249420 595.4
1249430 595.4
1249440 595.4
1249450 595.2
1249460 595.2
1249470 595.0
1249480 594.8
1249490 594.8
1249500 594.7
1249510 594.6
1249520 594.6
1249530 594.6
1249540 594.6
1249550 594.6
1249560 594.6
1249570 594.5
1249580 594.5
1249590 594.4
1249600 594.5
1249610 594.3
1249620 594.3
1249630 594.5
1249640 594.6
1249650 594.6
1249660 594.8
1249670 595.1
1249680 595.1
1249690 595.4
1249700 595.4
1249710 595.4
1249720 595.4
1249730 595.3
1249740 595.3
1249750 595.3
1249760 595.4
1249770 595.4
1249780 595.3
1249790 595.2
1249800 595.2
1249810 595.3
1249820 595.4
1249830 595.4
1249840 595.4
1249850 595.5
1249860 595.5
1249870 595.5
1249880 595.5
1249890 595.6
1249900 595.6
1249910 595.5
1249920 594.8
1249930 594.8
1249940 594.4
1249950 594.3
1249960 594.3
1249970 594.3
1249980 594.2
1249990 594.2
1250000 594.0
1250010 594.0
1250020 594.0
1250030 594.0
1250040 594.7
1250050 594.7
1250060 596.1
1250070 596.2
1250080 596.2
1250090 596.2
1250100 596.2
1250110 596.2
1250120 596.2
1250130 596.2
1250140 596.1
1250150 596.2
1250160 596.2
1250170 596.1
1250180 596.1
1250190 596.0
1250200 595.9
1250210 595.9
1250220 595.9
1250230 596.0
1250240 596.0
1250250 596.1
1250260 595.8
1250270 595.8
1250280 595.4
1250290 595.1
1250300 595.1
1250310 595.0
1250320 594.9
1250330 594.9
1250340 595.0
1250350 595.0
1250360 595.0
1250370 595.2
1250380 596.0
1250390 596.0
1250400 596.1
1250410 595.7
1250420 594.4
1250430 594.4
1250440 594.4
1250450 595.6
1250460 595.6
1250470 595.4
1250480 595.4
1250490 595.4
1250500 595.9
1250510 596.0
1250520 596.0
1250530 596.1
1250540 596.0
1250550 596.0
1250560 595.6
1250570 595.1
1250580 595.1
1250590 594.8
1250600 594.5
1250610 594.5
1250620 593.8
1250630 593.2
1250640 593.2
1250650 593.4
1250660 593.7
1250670 595.0
1250680 595.0
1250690 594.7
1250700 597.3
1250710 597.3
1250720 598.9
1250730 598.9
1250740 598.9
1250750 598.9
1250760 598.7
1250770 598.7
1250780 597.9
1250790 596.3
1250800 596.3
1250810 595.7
1250820 595.6
1250830 595.6
1250840 595.4
1250850 594.4
1250860 594.4
1250870 593.5
1250880 593.7
1250890 593.7
1250900 593.9
1250910 593.9
1250920 594.0
1250930 594.0
1250940 594.1
1250950 593.6
1250960 593.6
1250970 592.1
1250980 591.1
1250990 591.1
1251000 590.6
1251010 590.5
1251020 590.5
1251030 590.5
1251040 590.5
1251050 590.5
1251060 590.5
1251070 590.6
1251080 590.6
1251090 590.9
1251100 591.2
1251110 591.2
1251120 592.5
1251130 594.6
1251140 594.6
1251150 594.7
1251160 593.9
1251170 593.9
1251180 593.6
1251190 593.4
1251200 593.4
1251210 593.4
1251220 593.4
1251230 593.3
1251240 593.3
1251250 593.2
1251260 593.2
1251270 593.2
1251280 593.1
1251290 593.1
1251300 593.1
1251310 593.1
1251320 593.0
1251330 593.0
1251340 593.0
1251350 592.9
1251360 592.9
1251370 592.9
1251380 592.9
1251390 592.9
1251400 592.9
1251410 592.8
1251420 592.8
1251430 592.8
1251440 592.8
1251450 592.9
1251460 592.9
1251470 592.8
1251480 592.7
1251490 592.7
1251500 592.7
1251510 592.7
1251520 592.7
1251530 592.7
1251540 592.6
1251550 592.6
1251560 592.6
1251570 592.5
1251580 592.5
1251590 592.5
1251600 592.4
1251610 592.4
1251620 592.4
1251630 592.3
1251640 592.3
1251650 592.3
1251660 592.3
1251670 592.3
1251680 592.2
1251690 592.2
1251700 592.2
1251710 592.2
1251720 592.2
1251730 592.1
1251740 592.1
1251750 592.1
1251760 592.1
1251770 592.1
1251780 592.2
1251790 592.2
1251800 592.2
1251810 592.2
1251820 592.2
1251830 592.2
1251840 592.1
1251850 592.1
1251860 592.1
1251870 592.0
1251880 592.0
1251890 592.0
1251900 592.0
1251910 592.0
1251920 592.0
1251930 592.0
1251940 591.9
1251950 591.9
1251960 591.8
1251970 591.8
1251980 591.9
1251990 591.9
1252000 591.8
1252010 591.8
1252020 591.8
1252030 591.8
1252040 591.8
1252050 591.8
1252060 591.7
1252070 591.7
1252080 591.7
1252090 591.7
1252100 591.7
1252110 591.7
1252120 591.6
1252130 591.6
1252140 591.6
1252150 591.6
1252160 591.6
1252170 591.6
1252180 591.6
1252190 591.5
1252200 591.5
1252210 591.6
1252220 591.5
1252230 591.5
1252240 591.5
1252250 591.5
1252260 591.4
1252270 591.4
1252280 591.5
1252290 591.4
1252300 591.4
1252310 591.3
1252320 591.3
1252330 591.5
1252340 591.6
1252350 591.6
1252360 591.6
1252370 591.7
1252380 591.8
1252390 591.8
1252400 591.9
1252410 591.6
1252420 591.6
1252430 591.4
1252440 591.3
1252450 591.3
1252460 591.3
1252470 591.3
1252480 591.3
1252490 591.3
1252500 591.3
1252510 591.3
1252520 591.3
1252530 591.3
1252540 591.3
1252550 591.3
1252560 591.3
1252570 591.3
1252580 591.3
1252590 591.4
1252600 591.5
1252610 591.5
1252620 591.5
1252630 591.6
1252640 591.6
1252650 591.6
1252660 591.5
1252670 591.5
1252680 591.5
1252690 591.6
1252700 591.6
1252710 592.0
1252720 592.7
1252730 592.7
1252740 592.7
1252750 591.9
1252760 590.7
1252770 590.7
1252780 588.8
1252790 588.5
1252800 588.5
1252810 588.3
1252820 588.2
1252830 588.2
1252840 588.1
1252850 588.1
1252860 588.1
1252870 588.0
1252880 587.9
1252890 587.9
1252900 587.9
1252910 587.9
1252920 587.9
1252930 587.8
1252940 587.9
1252950 587.9
1252960 588.4
1252970 589.8
1252980 589.8
1252990 590.9
1253000 591.7
1253010 591.7
1253020 592.3
1253030 592.6
1253040 592.5
1253050 592.5
1253060 592.3
1253070 592.2
1253080 592.2
1253090 592.0
1253100 591.8
1253110 591.8
1253120 591.7
1253130 591.7
1253140 591.7
1253150 591.9
1253160 593.0
1253170 593.0
1253180 594.6
1253190 596.5
1253200 596.5
1253210 597.8
1253220 598.3
1253230 598.3
1253240 598.4
1253250 598.2
1253260 598.2
1253270 597.9
1253280 597.7
1253290 597.6
1253300 597.6
1253310 597.5
1253320 597.5
1253330 597.5
1253340 597.5
1253350 597.4
1253360 597.4
1253370 597.3
1253380 597.2
1253390 597.2
1253400 597.1
1253410 596.8
1253420 596.8
1253430 592.7
1253440 592.1
1253450 592.1
1253460 591.7
1253470 591.4
1253480 591.4
1253490 591.3
1253500 591.3
1253510 591.3
1253520 591.2
1253530 591.2
1253540 591.2
1253550 591.2
1253560 591.2
1253570 591.2
1253580 591.2
1253590 591.3
1253600 591.4
1253610 591.4
1253620 591.5
1253630 591.6
1253640 591.6
1253650 591.7
1253660 591.9
1253670 591.9
1253680 592.4
1253690 593.6
1253700 593.6
1253710 593.0
1253720 593.0
1253730 593.0
1253740 591.7
1253750 590.8
1253760 590.8
1253770 591.4
1253780 591.8
1253790 591.8
1253800 592.1
1253810 592.4
1253820 592.6
1253830 592.6
1253840 592.3
1253850 591.9
1253860 591.9
1253870 591.7
1253880 591.7
1253890 591.7
1253900 591.7
1253910 591.8
1253920 591.8
1253930 591.8
1253940 592.1
1253950 592.1
1253960 594.2
1253970 593.5
1253980 593.8
1253990 593.3
1254000 593.1
1254010 593.1
1254020 593.1
1254030 593.0
1254040 593.0
1254050 593.0
1254060 592.9
1254070 592.9
1254080 592.9
1254090 593.0
1254100 593.5
1254110 593.5
1254120 593.9
1254130 594.0
1254140 594.0
1254150 593.8
1254160 593.3
1254170 593.3
1254180 592.5
1254190 591.5
1254200 591.5
1254210 590.7
1254220 590.4
1254230 590.4
1254240 590.4
1254250 590.4
1254260 590.4
1254270 590.5
1254280 590.6
1254290 590.6
1254300 590.9
1254310 591.5
1254320 591.5
1254330 591.3
1254340 590.8
1254350 590.4
1254360 590.4
1254370 590.3
1254380 590.3
1254390 590.3
1254400 590.3
1254410 590.2
1254420 590.2
1254430 590.2
1254440 590.2
1254450 590.2
1254460 590.3
1254470 590.4
1254480 590.4
1254490 590.5
1254500 590.5
1254510 590.5
1254520 590.5
1254530 590.4
1254540 590.4
1254550 590.3
1254560 590.3
1254570 590.3
1254580 590.2
1254590 590.1
1254600 590.0
1254610 590.0
1254620 589.8
1254630 589.7
1254640 589.7
1254650 589.5
1254660 589.5
1254670 589.5
1254680 589.4
1254690 589.4
1254700 589.4
1254710 589.4
1254720 589.3
1254730 589.3
1254740 589.3
1254750 589.2
1254760 589.2
1254770 589.2
1254780 589.1
1254790 589.1
1254800 589.1
1254810 589.1
1254820 589.1
1254830 589.1
1254840 589.1
1254850 589.1
1254860 589.1
1254870 589.1
1254880 589.1
1254890 589.1
1254900 589.1
1254910 589.0
1254920 589.0
1254930 588.9
1254940 588.9
1254950 588.9
1254960 588.8
1254970 588.8
1254980 588.8
1254990 588.7
1255000 588.7
1255010 588.7
1255020 588.6
1255030 588.6
1255040 588.6
1255050 588.6
1255060 588.6
1255070 588.6
1255080 588.6
1255090 588.5
1255100 588.5
1255110 588.5
1255120 588.4
1255130 588.5
1255140 588.5
1255150 588.5
1255160 588.4
1255170 588.4
1255180 588.4
1255190 588.3
1255200 588.3
1255210 588.3
1255220 588.4
1255230 588.4
1255240 588.3
1255250 588.3
1255260 588.3
1255270 588.2
1255280 588.1
1255290 588.1
1255300 588.0
1255310 588.0
1255320 588.0
1255330 588.0
1255340 588.0
1255350 588.0
1255360 588.1
1255370 588.1
1255380 588.1
1255390 588.1
1255400 588.0
1255410 588.1
1255420 588.1
1255430 588.0
1255440 588.0
1255450 588.0
1255460 588.1
1255470 588.0
1255480 588.0
1255490 588.0
1255500 587.9
1255510 587.9
1255520 587.8
1255530 587.8
1255540 587.8
1255550 587.8
1255560 587.8
1255570 587.8
1255580 587.7
1255590 587.8
1255600 587.8
1255610 587.8
1255620 587.8
1255630 587.8
1255640 587.7
1255650 587.6
1255660 587.6
1255670 587.6
1255680 587.7
1255690 587.7
1255700 587.7
1255710 587.8
1255720 587.8
1255730 587.8
1255740 587.9
1255750 587.9
1255760 587.9
1255770 587.9
1255780 587.9
1255790 587.9
1255800 587.9
1255810 587.9
1255820 587.9
1255830 587.9
1255840 587.8
1255850 587.8
1255860 587.7
1255870 587.6
1255880 587.6
1255890 587.5
1255900 587.5
1255910 587.5
1255920 587.5
1255930 587.6
1255940 587.5
1255950 587.5
1255960 587.4
1255970 587.3
1255980 587.3
1255990 587.3
1256000 587.3
1256010 587.3
1256020 587.3
1256030 587.4
1256040 587.4
1256050 587.5
1256060 587.6
1256070 587.6
1256080 587.9
1256090 588.6
1256100 588.6
1256110 589.7
1256120 590.6
1256130 590.6
1256140 590.9
1256150 591.0
1256160 591.0
1256170 590.9
1256180 590.9
1256190 590.8
1256200 590.8
1256210 590.8
1256220 590.7
1256230 590.7
1256240 590.4
1256250 590.0
1256260 590.0
1256270 589.3
1256280 587.9
1256290 587.9
1256300 586.0
1256310 584.7
1256320 584.7
1256330 583.9
1256340 583.6
1256350 583.6
1256360 583.6
1256370 583.6
1256380 583.6
1256390 583.6
1256400 583.6
1256410 583.6
1256420 583.6
1256430 583.6
1256440 583.5
1256450 583.5
1256460 583.5
1256470 583.6
1256480 583.6
1256490 583.9
1256500 584.4
1256510 584.4
1256520 585.4
1256530 587.1
1256540 587.1
1256550 588.9
1256560 590.1
1256570 590.1
1256580 590.4
1256590 590.3
1256600 590.3
1256610 590.1
1256620 590.1
1256630 590.1
1256640 590.0
1256650 590.1
1256660 590.1
1256670 590.1
1256680 590.1
1256690 589.7
1256700 589.7
1256710 589.5
1256720 589.5
1256730 589.5
1256740 589.1
1256750 588.8
1256760 588.8
1256770 588.7
1256780 588.9
1256790 588.9
1256800 588.3
1256810 587.3
1256820 587.3
1256830 587.1
1256840 586.9
1256850 586.9
1256860 587.0
1256870 587.3
1256880 587.3
1256890 587.5
1256900 587.8
1256910 587.8
1256920 587.7
1256930 587.7
1256940 587.7
1256950 587.8
1256960 588.3
1256970 589.1
1256980 589.1
1256990 589.6
1257000 589.6
1257010 589.6
1257020 589.7
1257030 589.7
1257040 589.7
1257050 589.6
1257060 589.5
1257070 589.5
1257080 589.3
1257090 589.0
1257100 589.0
1257110 588.5
1257120 588.1
1257130 588.1
1257140 587.8
1257150 587.7
1257160 587.7
1257170 587.7
1257180 587.6
1257190 587.6
1257200 587.6
1257210 587.5
1257220 587.4
1257230 587.4
1257240 586.9
1257250 588.5
1257260 588.5
1257270 588.6
1257280 588.6
1257290 588.6
1257300 588.7
1257310 590.7
1257320 590.7
1257330 591.7
1257340 592.3
1257350 592.3
1257360 592.9
1257370 594.3
1257380 594.3
1257390 593.5
1257400 589.9
1257410 589.9
1257420 588.5
1257430 588.0
1257440 588.0
1257450 587.9
1257460 588.3
1257470 588.8
1257480 588.8
1257490 590.0
1257500 591.2
1257510 591.2
1257520 593.1
1257530 593.7
1257540 593.7
1257550 595.6
1257560 598.8
1257570 598.8
1257580 606.5
1257590 612.6
1257600 612.6
1257610 610.9
1257620 608.0
1257630 608.0
1257640 604.2
1257650 600.1
1257660 600.1
1257670 597.2
1257680 595.9
1257690 595.9
1257700 595.9
1257710 595.8
1257720 595.8
1257730 596.4
1257740 596.2
1257750 595.6
1257760 595.6
1257770 594.3
1257780 593.1
1257790 593.1
1257800 593.4
1257810 592.1
1257820 592.1
1257830 591.0
1257840 590.7
1257850 590.7
1257860 590.3
1257870 588.6
1257880 588.6
1257890 588.7
1257900 588.9
1257910 588.9
1257920 589.0
1257930 588.8
1257940 588.8
1257950 588.5
1257960 587.8
1257970 587.8
1257980 584.8
1257990 583.3
1258000 583.2
1258010 583.2
1258020 584.5
1258030 585.4
1258040 585.4
1258050 583.5
1258060 583.0
1258070 583.0
1258080 583.3
1258090 583.1
1258100 583.1
1258110 582.7
1258120 582.4
1258130 582.4
1258140 582.3
1258150 582.6
1258160 582.6
1258170 583.2
1258180 583.7
1258190 583.7
1258200 582.6
1258210 582.1
1258220 582.1
1258230 582.1
1258240 581.9
1258250 581.9
1258260 581.8
1258270 581.6
1258280 581.6
1258290 581.6
1258300 581.6
1258310 582.0
1258320 582.0
1258330 582.0
1258340 581.8
1258350 581.8
1258360 581.6
1258370 581.6
1258380 581.6
1258390 581.5
1258400 581.5
1258410 581.5
1258420 581.5
1258430 581.4
1258440 581.4
1258450 581.5
1258460 581.5
1258470 581.5
1258480 581.4
1258490 581.4
1258500 581.4
1258510 581.5
1258520 581.4
1258530 581.4
1258540 581.4
1258550 581.4
1258560 581.4
1258570 581.4
1258580 581.4
1258590 581.3
1258600 581.3
1258610 581.3
1258620 581.3
1258630 581.3
1258640 581.3
1258650 581.3
1258660 581.3
1258670 581.3
1258680 581.3
1258690 581.3
1258700 581.3
1258710 581.3
1258720 581.3
1258730 581.3
1258740 581.2
1258750 581.2
1258760 581.2
1258770 581.2
1258780 581.2
1258790 581.2
1258800 581.2
1258810 581.2
1258820 581.2
1258830 581.2
1258840 581.2
1258850 581.2
1258860 581.2
1258870 581.1
1258880 581.1
1258890 581.2
1258900 581.2
1258910 581.2
1258920 581.1
1258930 581.1
1258940 581.1
1258950 581.1
1258960 581.1
1258970 581.1
1258980 581.1
1258990 581.2
1259000 581.1
1259010 581.1
1259020 581.1
1259030 581.1
1259040 581.2
1259050 581.3
1259060 581.4
1259070 581.4
1259080 581.7
1259090 582.0
1259100 582.0
1259110 582.6
1259120 583.1
1259130 583.1
1259140 583.6
1259150 584.0
1259160 584.0
1259170 584.5
1259180 584.8
1259190 584.8
1259200 585.0
1259210 585.2
1259220 585.2
1259230 585.2
1259240 585.3
1259250 585.3
1259260 585.3
1259270 585.3
1259280 585.3
1259290 585.3
1259300 585.1
1259310 584.8
1259320 584.8
1259330 584.8
1259340 584.6
1259350 584.6
1259360 584.8
1259370 584.9
1259380 584.9
1259390 584.8
1259400 584.7
1259410 584.7
1259420 584.6
1259430 584.4
1259440 584.4
1259450 584.1
1259460 583.8
1259470 583.8
1259480 583.8
1259490 583.9
1259500 583.9
1259510 584.0
1259520 584.1
1259530 584.1
1259540 584.2
1259550 584.4
1259560 584.0
1259570 584.1
1259580 584.1
1259590 583.9
1259600 583.9
1259610 583.9
1259620 583.8
1259630 583.8
1259640 583.8
1259650 583.8
1259660 583.8
1259670 583.8
1259680 583.8
1259690 583.8
1259700 583.7
1259710 583.7
1259720 583.7
1259730 583.6
1259740 583.6
1259750 583.6
1259760 583.6
1259770 583.7
1259780 583.7
1259790 583.7
1259800 583.8
1259810 583.8
1259820 583.7
1259830 583.5
1259840 583.3
1259850 583.3
1259860 582.9
1259870 582.7
1259880 582.7
1259890 583.0
1259900 583.5
1259910 583.5
1259920 584.0
1259930 584.0
1259940 584.0
1259950 584.1
1259960 584.2
1259970 584.2
1259980 583.6
1259990 583.4
