1240000 1245.7
1240010 1245.1
1240020 1240.9
1240030 1240.9
1240040 1232.3
1240050 1223.9
1240060 1223.9
1240070 1221.2
1240080 1224.0
1240090 1224.0
1240100 1223.3
1240110 1219.9
1240120 1219.9
1240130 1215.4
1240140 1210.5
1240150 1206.7
1240160 1206.7
1240170 1203.8
1240180 1201.2
1240190 1201.2
1240200 1197.4
1240210 1192.4
1240220 1192.4
1240230 1188.7
1240240 1184.1
1240250 1190.0
1240260 1185.3
1240270 1179.6
1240280 1179.6
1240290 1174.4
1240300 1170.6
1240310 1170.6
1240320 1166.0
1240330 1160.6
1240340 1160.6
1240350 1155.6
1240360 1150.4
1240370 1150.4
1240380 1146.4
1240390 1141.2
1240400 1134.3
1240410 1134.3
1240420 1129.8
1240430 1126.4
1240440 1126.4
1240450 1121.4
1240460 1116.6
1240470 1116.6
1240480 1112.0
1240490 1106.3
1240500 1106.3
1240510 1101.2
1240520 1096.6
1240530 1096.6
1240540 1092.8
1240550 1090.8
1240560 1090.8
1240570 1091.3
1240580 1087.0
1240590 1087.0
1240600 1079.2
1240610 1070.4
1240620 1070.4
1240630 1065.2
1240640 1067.9
1240650 1067.9
1240660 1067.5
1240670 1064.4
1240680 1061.1
1240690 1061.1
1240700 1057.9
1240710 1054.9
1240720 1054.9
1240730 1052.4
1240740 1050.6
1240750 1050.6
1240760 1048.4
1240770 1047.5
1240780 1047.5
1240790 1044.2
1240800 1039.9
1240810 1039.9
1240820 1035.8
1240830 1035.2
1240840 1035.2
1240850 1035.0
1240860 1032.1
1240870 1032.1
1240880 1026.8
1240890 1023.1
1240900 1023.1
1240910 1027.0
1240920 1032.5
1240930 1034.4
1240940 1034.4
1240950 1038.8
1240960 1036.7
1240970 1036.7
1240980 1031.7
1240990 1031.0
1241000 1031.0
1241010 1034.0
1241020 1037.4
1241030 1037.4
1241040 1039.6
1241050 1039.3
1241060 1039.3
1241070 1033.9
1241080 1025.4
1241090 1025.4
1241100 1017.0
1241110 1008.0
1241120 1008.0
1241130 999.4
1241140 991.1
1241150 991.1
1241160 982.0
1241170 972.9
1241180 965.6
1241190 965.6
1241200 959.4
1241210 961.1
1241220 961.1
1241230 969.6
1241240 974.9
1241250 974.9
1241260 976.5
1241270 979.5
1241280 979.5
1241290 989.1
1241300 993.8
1241310 993.8
1241320 997.7
1241330 1001.1
1241340 1001.1
1241350 1002.0
1241360 998.1
1241370 998.1
1241380 993.5
1241390 990.8
1241400 990.8
1241410 985.8
1241420 981.6
1241430 981.6
1241440 979.5
1241450 977.4
1241460 975.2
1241470 975.2
1241480 972.8
1241490 970.3
1241500 970.3
1241510 968.6
1241520 967.2
1241530 967.2
1241540 966.3
1241550 965.8
1241560 965.8
1241570 963.8
1241580 960.7
1241590 960.7
1241600 959.2
1241610 958.8
1241620 958.8
1241630 954.3
1241640 949.7
1241650 949.7
1241660 951.3
1241670 950.9
1241680 950.9
1241690 949.1
1241700 947.1
1241710 946.5
1241720 946.5
1241730 946.7
1241740 946.8
1241750 946.8
1241760 946.0
1241770 944.2
1241780 944.2
1241790 941.9
1241800 939.4
1241810 941.7
1241820 939.1
1241830 937.0
1241840 937.0
1241850 935.9
1241860 934.6
1241870 934.6
1241880 933.1
1241890 931.3
1241900 931.3
1241910 929.4
1241920 927.4
1241930 927.4
1241940 925.2
1241950 923.0
1241960 923.0
1241970 921.1
1241980 919.5
1241990 918.0
1242000 918.0
1242010 916.6
1242020 915.5
1242030 915.5
1242040 914.7
1242050 913.8
1242060 913.8
1242070 912.8
1242080 911.8
1242090 911.8
1242100 910.9
1242110 910.0
1242120 910.0
1242130 908.3
1242140 906.7
1242150 906.7
1242160 905.6
1242170 904.8
1242180 904.8
1242190 904.1
1242200 903.5
1242210 903.5
1242220 903.0
1242230 902.7
1242240 902.2
1242250 902.2
1242260 899.7
1242270 897.7
1242280 897.7
1242290 896.4
1242300 896.7
1242310 896.7
1242320 896.7
1242330 896.6
1242340 898.8
1242350 898.5
1242360 897.9
1242370 897.9
1242380 897.2
1242390 896.2
1242400 896.2
1242410 895.1
1242420 894.1
1242430 894.1
1242440 892.9
1242450 891.7
1242460 891.7
1242470 890.6
1242480 889.3
1242490 889.3
1242500 887.9
1242510 886.6
1242520 885.2
1242530 885.2
1242540 883.9
1242550 882.6
1242560 882.6
1242570 881.4
1242580 880.2
1242590 880.2
1242600 879.5
1242610 878.7
1242620 878.7
1242630 877.8
1242640 876.8
1242650 876.8
1242660 875.7
1242670 874.3
1242680 874.3
1242690 872.8
1242700 871.6
1242710 871.6
1242720 870.3
1242730 869.0
1242740 869.0
1242750 867.8
1242760 866.9
1242770 866.0
1242780 866.0
1242790 865.1
1242800 864.5
1242810 864.5
1242820 864.1
1242830 863.7
1242840 863.7
1242850 863.6
1242860 863.6
1242870 865.4
1242880 865.6
1242890 865.8
1242900 865.8
1242910 865.5
1242920 865.1
1242930 865.1
1242940 863.9
1242950 863.4
1242960 863.4
1242970 862.9
1242980 862.4
1242990 862.4
1243000 861.9
1243010 861.4
1243020 861.4
1243030 860.9
1243040 860.5
1243050 860.4
1243060 860.4
1243070 860.4
1243080 860.3
1243090 860.3
1243100 860.2
1243110 859.8
1243120 859.8
1243130 859.0
1243140 858.0
1243150 858.0
1243160 856.2
1243170 851.3
1243180 851.3
1243190 844.9
1243200 838.7
1243210 838.7
1243220 832.2
1243230 827.1
1243240 827.1
1243250 822.6
1243260 822.2
1243270 822.2
1243280 823.1
1243290 825.5
1243300 827.3
1243310 827.3
1243320 828.1
1243330 832.5
1243340 832.5
1243350 837.1
1243360 834.1
1243370 834.1
1243380 831.0
1243390 839.4
1243400 839.4
1243410 845.3
1243420 844.6
1243430 844.6
1243440 841.2
1243450 837.4
1243460 837.4
1243470 834.8
1243480 832.9
1243490 832.9
1243500 827.0
1243510 823.3
1243520 823.3
1243530 826.7
1243540 832.5
1243550 836.6
1243560 836.6
1243570 836.3
1243580 835.7
1243590 835.7
1243600 835.3
1243610 834.8
1243620 834.8
1243630 835.5
1243640 835.2
1243650 835.2
1243660 828.6
1243670 820.3
1243680 820.3
1243690 813.1
1243700 813.0
1243710 813.0
1243720 819.1
1243730 823.0
1243740 823.0
1243750 819.6
1243760 813.6
1243770 813.6
1243780 807.8
1243790 803.5
1243800 803.5
1243810 809.0
1243820 816.8
1243830 825.2
1243840 825.2
1243850 834.3
1243860 840.0
1243870 840.0
1243880 840.2
1243890 839.7
1243900 839.7
1243910 839.6
1243920 841.2
1243930 841.2
1243940 841.4
1243950 841.6
1243960 841.6
1243970 841.7
1243980 841.8
1243990 841.8
1244000 841.8
1244010 841.8
1244020 841.8
1244030 841.7
1244040 841.6
1244050 841.6
1244060 841.2
1244070 840.7
1244080 840.3
1244090 840.3
1244100 839.8
1244110 839.4
1244120 839.4
1244130 839.0
1244140 838.7
1244150 838.7
1244160 838.5
1244170 838.3
1244180 838.3
1244190 838.2
1244200 838.4
1244210 838.4
1244220 838.5
1244230 838.3
1244240 838.3
1244250 838.1
1244260 837.8
1244270 837.8
1244280 837.4
1244290 837.0
1244300 837.0
1244310 837.1
1244320 836.3
1244330 836.3
1244340 835.8
1244350 835.6
1244360 834.9
1244370 834.9
1244380 834.4
1244390 833.1
1244400 833.1
1244410 831.9
1244420 830.7
1244430 830.7
1244440 830.1
1244450 829.9
1244460 829.9
1244470 829.2
1244480 828.4
1244490 828.4
1244500 827.5
1244510 826.5
1244520 826.5
1244530 825.5
1244540 824.5
1244550 824.5
1244560 823.6
1244570 822.7
1244580 822.7
1244590 821.9
1244600 821.3
1244610 820.9
1244620 820.9
1244630 820.7
1244640 820.2
1244650 820.2
1244660 817.7
1244670 810.7
1244680 810.7
1244690 803.3
1244700 792.8
1244710 792.8
1244720 781.7
1244730 773.6
1244740 773.6
1244750 767.4
1244760 761.3
1244770 761.3
1244780 756.9
1244790 754.2
1244800 754.2
1244810 750.2
1244820 751.8
1244830 751.8
1244840 755.0
1244850 755.8
1244860 755.8
1244870 755.4
1244880 754.8
1244890 754.0
1244900 754.0
1244910 753.0
1244920 752.2
1244930 752.2
1244940 751.6
1244950 750.8
1244960 750.8
1244970 750.2
1244980 750.9
1244990 750.9
1245000 749.7
1245010 748.5
1245020 748.5
1245030 747.2
1245040 746.6
1245050 746.6
1245060 747.0
1245070 751.7
1245080 751.7
1245090 758.6
1245100 764.9
1245110 764.9
1245120 771.4
1245130 777.8
1245140 785.4
1245150 785.4
1245160 792.9
1245170 799.2
1245180 799.2
1245190 806.2
1245200 815.9
1245210 815.9
1245220 823.4
1245230 826.5
1245240 826.5
1245250 828.9
1245260 832.2
1245270 832.2
1245280 834.2
1245290 835.1
1245300 835.1
1245310 835.7
1245320 836.2
1245330 836.2
1245340 836.8
1245350 837.2
1245360 837.2
1245370 837.6
1245380 837.9
1245390 837.9
1245400 838.4
1245410 838.6
1245420 838.6
1245430 838.6
1245440 838.6
1245450 838.5
1245460 838.5
1245470 838.4
1245480 838.2
1245490 838.2
1245500 838.0
1245510 837.7
1245520 837.6
1245530 837.2
1245540 836.6
1245550 836.6
1245560 836.0
1245570 835.1
1245580 835.1
1245590 834.5
1245600 833.5
1245610 833.5
1245620 833.1
1245630 832.6
1245640 832.6
1245650 832.0
1245660 831.2
1245670 830.7
1245680 830.7
1245690 829.8
1245700 829.5
1245710 829.5
1245720 829.1
1245730 828.1
1245740 828.1
1245750 827.2
1245760 825.7
1245770 825.7
1245780 823.9
1245790 822.4
1245800 822.4
1245810 821.8
1245820 822.0
1245830 822.0
1245840 822.1
1245850 822.6
1245860 822.6
1245870 823.1
1245880 823.1
1245890 823.1
1245900 822.6
1245910 821.4
1245920 821.4
1245930 820.0
1245940 816.6
1245950 810.4
1245960 810.4
1245970 809.0
1245980 812.4
1245990 812.4
1246000 815.2
1246010 814.5
1246020 814.5
1246030 814.1
1246040 814.3
1246050 809.2
1246060 808.5
1246070 806.5
1246080 806.5
1246090 804.7
1246100 803.4
1246110 803.4
1246120 803.0
1246130 802.8
1246140 802.8
1246150 802.4
1246160 801.2
1246170 801.2
1246180 798.4
1246190 794.7
1246200 791.6
1246210 791.6
1246220 789.1
1246230 784.7
1246240 784.7
1246250 781.2
1246260 779.1
1246270 779.1
1246280 778.2
1246290 780.3
1246300 780.3
1246310 781.6
1246320 778.2
1246330 778.2
1246340 773.7
1246350 770.2
1246360 770.2
1246370 766.6
1246380 762.5
1246390 762.5
1246400 762.0
1246410 765.0
1246420 765.0
1246430 766.6
1246440 763.6
1246450 761.6
1246460 761.6
1246470 761.3
1246480 759.8
1246490 759.8
1246500 758.6
1246510 759.1
1246520 759.1
1246530 756.9
1246540 752.4
1246550 752.4
1246560 747.8
1246570 744.1
1246580 749.8
1246590 746.7
1246600 740.8
1246610 740.8
1246620 735.4
1246630 731.5
1246640 731.5
1246650 732.0
1246660 736.7
1246670 736.7
1246680 742.3
1246690 741.1
1246700 741.1
1246710 735.5
1246720 731.2
1246730 733.2
1246740 733.2
1246750 736.6
1246760 733.3
1246770 733.3
1246780 728.9
1246790 725.5
1246800 725.5
1246810 722.1
1246820 718.9
1246830 718.9
1246840 716.7
1246850 713.8
1246860 713.8
1246870 713.2
1246880 713.5
1246890 713.5
1246900 714.6
1246910 714.4
1246920 714.4
1246930 713.4
1246940 711.9
1246950 711.9
1246960 709.4
1246970 706.6
1246980 704.1
1246990 704.1
1247000 702.7
1247010 701.6
1247020 701.6
1247030 700.7
1247040 701.0
1247050 701.0
1247060 701.7
1247070 700.7
1247080 700.7
1247090 698.9
1247100 697.0
1247110 697.0
1247120 698.9
1247130 697.2
1247140 697.2
1247150 695.2
1247160 692.9
1247170 692.9
1247180 690.1
1247190 687.1
1247200 687.1
1247210 685.0
1247220 683.9
1247230 683.9
1247240 682.9
1247250 680.9
1247260 678.6
1247270 678.6
1247280 675.9
1247290 673.3
1247300 673.3
1247310 669.3
1247320 661.9
1247330 661.9
1247340 654.5
1247350 647.6
1247360 647.6
1247370 640.4
1247380 639.1
1247390 639.1
1247400 639.3
1247410 639.3
1247420 639.3
1247430 638.9
1247440 638.5
1247450 638.5
1247460 637.7
1247470 637.0
1247480 637.0
1247490 635.5
1247500 637.0
1247510 637.9
1247520 637.9
1247530 639.9
1247540 641.8
1247550 641.8
1247560 642.7
1247570 641.1
1247580 641.1
1247590 640.1
1247600 640.7
1247610 640.7
1247620 641.3
1247630 641.1
1247640 641.1
1247650 640.2
1247660 643.8
1247670 643.8
1247680 642.4
1247690 640.3
1247700 640.3
1247710 638.3
1247720 637.3
1247730 637.3
1247740 635.6
1247750 633.8
1247760 633.8
1247770 632.8
1247780 632.5
1247790 632.2
1247800 632.2
1247810 631.7
1247820 630.9
1247830 630.9
1247840 630.1
1247850 629.3
1247860 629.3
1247870 628.7
1247880 630.9
1247890 630.9
1247900 634.8
1247910 636.2
1247920 636.2
1247930 634.4
1247940 632.6
1247950 632.6
1247960 629.7
1247970 626.5
1247980 626.5
1247990 624.0
1248000 623.0
1248010 623.0
1248020 622.5
1248030 622.3
1248040 622.1
1248050 622.1
1248060 621.8
1248070 621.4
1248080 621.4
1248090 620.9
1248100 620.4
1248110 620.4
1248120 619.9
1248130 619.4
1248140 619.4
1248150 619.0
1248160 618.5
1248170 618.5
1248180 618.1
1248190 617.8
1248200 617.8
1248210 617.4
1248220 617.0
1248230 617.0
1248240 616.7
1248250 616.3
1248260 616.3
1248270 616.1
1248280 615.9
1248290 615.9
1248300 615.5
1248310 615.1
1248320 612.4
1248330 612.4
1248340 606.0
1248350 601.5
1248360 601.5
1248370 598.5
1248380 598.3
1248390 598.3
1248400 598.3
1248410 598.4
1248420 598.4
1248430 598.4
1248440 598.5
1248450 598.5
1248460 598.5
1248470 598.4
1248480 598.4
1248490 598.3
1248500 598.1
1248510 598.1
1248520 598.0
1248530 598.0
1248540 598.0
1248550 598.0
1248560 597.9
1248570 598.1
1248580 598.1
1248590 598.5
1248600 597.7
1248610 597.7
1248620 597.6
1248630 598.1
1248640 598.1
1248650 599.0
1248660 597.4
1248670 597.4
1248680 597.0
1248690 597.2
1248700 597.2
1248710 597.2
1248720 597.0
1248730 597.2
1248740 596.9
1248750 596.6
1248760 596.6
1248770 596.1
1248780 596.3
1248790 596.3
1248800 596.1
1248810 596.1
1248820 596.2
1248830 596.2
1248840 596.3
1248850 596.4
1248860 596.4
1248870 596.3
1248880 596.3
1248890 596.3
1248900 596.2
1248910 596.2
1248920 596.2
1248930 596.2
1248940 596.2
1248950 596.2
1248960 596.1
1248970 596.1
1248980 596.1
1248990 596.0
1249000 596.0
1249010 596.0
1249020 596.0
1249030 595.6
1249040 595.6
1249050 596.3
1249060 596.0
1249070 596.0
1249080 596.0
1249090 596.1
1249100 596.0
1249110 596.0
1249120 595.9
1249130 595.8
1249140 595.8
1249150 595.8
1249160 595.8
1249170 595.8
1249180 595.7
1249190 595.8
1249200 595.8
1249210 595.7
1249220 595.8
1249230 595.8
1249240 595.8
1249250 595.8
1249260 595.8
1249270 595.6
1249280 595.6
1249290 595.6
1249300 595.7
1249310 595.8
1249320 595.8
1249330 595.8
1249340 595.8
1249350 595.4
1249360 595.4
1249370 595.4
1249380 595.3
1249390 595.3
1249400 595.4
1249410 595.4
1249420 595.4
1249430 595.4
1249440 595.5
1249450 595.5
1249460 595.9
1249470 595.7
1249480 595.7
1249490 596.0
1249500 596.2
1249510 596.2
1249520 596.4
1249530 596.5
1249540 596.5
1249550 596.5
1249560 596.6
1249570 596.6
1249580 596.6
1249590 596.4
1249600 596.4
1249610 596.1
1249620 596.8
1249630 599.9
1249640 599.9
1249650 602.5
1249660 602.5
1249670 602.5
1249680 600.5
1249690 598.0
1249700 598.0
1249710 595.9
1249720 595.3
1249730 595.3
1249740 595.1
1249750 595.1
1249760 595.1
1249770 595.4
1249780 596.1
1249790 596.1
1249800 596.0
1249810 595.4
1249820 595.4
1249830 595.8
1249840 596.0
1249850 596.0
1249860 596.2
1249870 596.3
1249880 596.2
1249890 596.2
1249900 596.2
1249910 596.0
1249920 596.0
1249930 595.5
1249940 595.0
1249950 595.0
1249960 594.9
1249970 594.8
1249980 594.8
1249990 594.8
1250000 594.8
1250010 594.8
1250020 594.7
1250030 594.6
1250040 594.6
1250050 594.7
1250060 594.8
1250070 594.8
1250080 594.8
1250090 594.9
1250100 594.9
1250110 594.9
1250120 594.8
1250130 594.8
1250140 594.8
1250150 594.9
1250160 594.6
1250170 594.6
1250180 594.9
1250190 595.5
1250200 595.5
1250210 595.7
1250220 595.6
1250230 595.6
1250240 595.5
1250250 595.4
1250260 595.4
1250270 595.4
1250280 595.3
1250290 595.3
1250300 595.3
1250310 595.3
1250320 595.3
1250330 596.9
1250340 600.4
1250350 600.4
1250360 600.7
1250370 601.0
1250380 601.0
1250390 600.9
1250400 600.6
1250410 598.4
1250420 598.4
1250430 595.0
1250440 594.1
1250450 594.1
1250460 594.0
1250470 594.0
1250480 594.0
1250490 594.0
1250500 593.7
1250510 593.7
1250520 594.6
1250530 594.9
1250540 594.9
1250550 594.9
1250560 594.9
1250570 594.9
1250580 594.9
1250590 594.9
1250600 594.9
1250610 594.9
1250620 594.9
1250630 594.9
1250640 594.9
1250650 595.1
1250660 595.1
1250670 595.1
1250680 595.1
1250690 595.1
1250700 595.1
1250710 595.0
1250720 595.2
1250730 595.2
1250740 595.4
1250750 594.5
1250760 594.5
1250770 594.6
1250780 594.7
1250790 594.7
1250800 594.1
1250810 591.8
1250820 591.8
1250830 591.0
1250840 591.0
1250850 591.0
1250860 591.0
1250870 591.0
1250880 591.0
1250890 591.0
1250900 590.9
1250910 590.9
1250920 591.9
1250930 594.5
1250940 595.2
1250950 595.2
1250960 594.2
1250970 593.9
1250980 593.9
1250990 593.7
1251000 593.5
1251010 593.5
1251020 593.5
1251030 593.5
1251040 593.5
1251050 593.4
1251060 593.4
1251070 593.4
1251080 593.4
1251090 593.4
1251100 593.4
1251110 593.3
1251120 593.2
1251130 593.2
1251140 593.1
1251150 593.1
1251160 593.1
1251170 593.0
1251180 593.0
1251190 592.9
1251200 592.9
1251210 592.8
1251220 592.8
1251230 592.8
1251240 592.8
1251250 592.9
1251260 592.9
1251270 592.9
1251280 592.7
1251290 592.7
1251300 592.8
1251310 592.8
1251320 592.8
1251330 592.7
1251340 592.6
1251350 592.6
1251360 592.6
1251370 592.7
1251380 592.7
1251390 592.7
1251400 592.6
1251410 592.6
1251420 592.4
1251430 592.7
1251440 592.8
1251450 593.1
1251460 592.6
1251470 592.4
1251480 592.4
1251490 592.3
1251500 592.3
1251510 592.3
1251520 592.3
1251530 592.3
1251540 592.3
1251550 592.3
1251560 592.3
1251570 592.3
1251580 592.3
1251590 592.3
1251600 592.3
1251610 592.4
1251620 592.5
1251630 592.5
1251640 592.4
1251650 592.4
1251660 592.4
1251670 592.3
1251680 592.4
1251690 592.4
1251700 592.2
1251710 592.1
1251720 592.0
1251730 592.0
1251740 592.0
1251750 592.0
1251760 592.0
1251770 592.0
1251780 592.0
1251790 592.0
1251800 592.0
1251810 592.1
1251820 592.1
1251830 591.9
1251840 591.9
1251850 591.9
1251860 592.0
1251870 592.0
1251880 592.0
1251890 592.0
1251900 592.1
1251910 592.1
1251920 592.1
1251930 592.2
1251940 592.2
1251950 592.2
1251960 592.0
1251970 592.0
1251980 592.0
1251990 592.0
1252000 592.1
1252010 592.1
1252020 592.0
1252030 592.1
1252040 592.1
1252050 592.1
1252060 592.1
1252070 592.1
1252080 592.0
1252090 592.1
1252100 592.1
1252110 592.6
1252120 593.7
1252130 593.7
1252140 593.8
1252150 593.9
1252160 593.9
1252170 593.8
1252180 593.9
1252190 593.9
1252200 593.9
1252210 593.8
1252220 593.8
1252230 592.7
1252240 592.0
1252250 591.8
1252260 591.8
1252270 591.8
1252280 591.9
1252290 591.9
1252300 592.3
1252310 592.9
1252320 592.9
1252330 593.4
1252340 593.3
1252350 593.3
1252360 593.3
1252370 594.2
1252380 594.2
1252390 594.5
1252400 594.4
1252410 594.4
1252420 595.5
1252430 595.9
1252440 595.9
1252450 595.9
1252460 596.0
1252470 596.0
1252480 596.1
1252490 596.3
1252500 596.3
1252510 596.4
1252520 596.6
1252530 596.8
1252540 595.5
1252550 597.0
1252560 599.1
1252570 599.1
1252580 599.5
1252590 599.9
1252600 599.9
1252610 600.1
1252620 599.4
1252630 599.4
1252640 597.2
1252650 598.4
1252660 598.4
1252670 599.1
1252680 599.2
1252690 599.2
1252700 598.9
1252710 598.5
1252720 598.5
1252730 598.1
1252740 597.8
1252750 597.8
1252760 597.5
1252770 596.6
1252780 596.0
1252790 596.0
1252800 595.5
1252810 595.3
1252820 595.3
1252830 594.9
1252840 594.3
1252850 594.3
1252860 594.2
1252870 594.0
1252880 594.0
1252890 593.5
1252900 593.0
1252910 593.0
1252920 592.6
1252930 592.3
1252940 592.3
1252950 592.0
1252960 591.7
1252970 591.7
1252980 591.6
1252990 591.5
1253000 591.5
1253010 591.4
1253020 591.3
1253030 591.4
1253040 591.4
1253050 591.4
1253060 591.4
1253070 591.4
1253080 591.3
1253090 591.2
1253100 591.2
1253110 591.1
1253120 591.1
1253130 591.1
1253140 591.3
1253150 591.1
1253160 591.1
1253170 591.0
1253180 591.2
1253190 591.2
1253200 591.2
1253210 591.1
1253220 591.1
1253230 591.1
1253240 591.1
1253250 591.1
1253260 591.2
1253270 591.2
1253280 591.2
1253290 591.1
1253300 591.1
1253310 591.1
1253320 591.1
1253330 591.1
1253340 591.1
1253350 591.1
1253360 591.0
1253370 591.1
1253380 591.1
1253390 591.1
1253400 591.3
1253410 591.3
1253420 591.6
1253430 591.9
1253440 591.9
1253450 591.9
1253460 591.4
1253470 591.4
1253480 590.3
1253490 588.9
1253500 588.9
1253510 587.9
1253520 587.5
1253530 587.5
1253540 587.4
1253550 587.4
1253560 587.4
1253570 587.4
1253580 587.2
1253590 587.1
1253600 587.1
1253610 587.1
1253620 587.1
1253630 587.1
1253640 587.1
1253650 587.0
1253660 587.0
1253670 587.1
1253680 587.5
1253690 587.5
1253700 587.7
1253710 588.1
1253720 588.1
1253730 588.4
1253740 588.6
1253750 588.6
1253760 588.6
1253770 588.5
1253780 588.5
1253790 588.3
1253800 588.0
1253810 588.0
1253820 587.6
1253830 587.4
1253840 587.2
1253850 587.2
1253860 587.1
1253870 587.0
1253880 587.0
1253890 586.9
1253900 586.8
1253910 586.8
1253920 586.9
1253930 586.7
1253940 586.7
1253950 586.7
1253960 586.7
1253970 586.7
1253980 586.7
1253990 586.7
1254000 586.7
1254010 586.7
1254020 586.6
1254030 586.6
1254040 586.7
1254050 586.6
1254060 586.6
1254070 586.6
1254080 586.7
1254090 587.0
1254100 587.0
1254110 587.1
1254120 587.5
1254130 587.5
1254140 588.0
1254150 588.7
1254160 588.7
1254170 589.4
1254180 590.1
1254190 587.5
1254200 588.0
1254210 589.2
1254220 589.2
1254230 594.0
1254240 600.3
1254250 600.3
1254260 604.5
1254270 606.8
1254280 606.8
1254290 608.2
1254300 609.0
1254310 609.0
1254320 609.9
1254330 610.6
1254340 610.6
1254350 610.5
1254360 610.1
1254370 608.8
1254380 608.8
1254390 608.8
1254400 608.6
1254410 608.6
1254420 607.8
1254430 606.9
1254440 606.9
1254450 605.5
1254460 604.3
1254470 604.3
1254480 603.3
1254490 602.4
1254500 602.4
1254510 601.8
1254520 601.4
1254530 601.4
1254540 601.1
1254550 601.2
1254560 601.2
1254570 601.3
1254580 601.6
1254590 601.6
1254600 602.5
1254610 603.5
1254620 604.7
1254630 604.7
1254640 606.0
1254650 602.8
1254660 602.8
1254670 599.8
1254680 598.9
1254690 598.9
1254700 599.0
1254710 600.1
1254720 600.1
1254730 601.2
1254740 598.7
1254750 598.7
1254760 598.3
1254770 598.0
1254780 598.0
1254790 597.7
1254800 597.0
1254810 597.0
1254820 596.0
1254830 594.7
1254840 594.7
1254850 593.4
1254860 592.2
1254870 591.7
1254880 591.7
1254890 592.0
1254900 591.9
1254910 591.9
1254920 591.4
1254930 591.7
1254940 591.7
1254950 592.1
1254960 592.1
1254970 592.1
1254980 591.9
1254990 591.5
1255000 591.5
1255010 590.8
1255020 589.8
1255030 589.8
1255040 588.9
1255050 588.6
1255060 588.6
1255070 588.6
1255080 588.6
1255090 588.6
1255100 588.6
1255110 588.6
1255120 588.6
1255130 588.6
1255140 588.6
1255150 588.6
1255160 588.6
1255170 588.4
1255180 588.4
1255190 588.4
1255200 588.5
1255210 588.5
1255220 588.5
1255230 588.5
1255240 588.4
1255250 588.4
1255260 588.3
1255270 588.3
1255280 588.3
1255290 588.3
1255300 588.4
1255310 588.4
1255320 588.4
1255330 588.5
1255340 588.5
1255350 588.5
1255360 588.6
1255370 588.6
1255380 588.7
1255390 588.7
1255400 588.7
1255410 588.7
1255420 588.6
1255430 588.8
1255440 588.8
1255450 589.5
1255460 590.6
1255470 590.6
1255480 591.8
1255490 591.6
1255500 591.6
1255510 590.2
1255520 588.9
1255530 588.9
1255540 588.4
1255550 588.9
1255560 588.9
1255570 589.6
1255580 591.1
1255590 591.1
1255600 593.1
1255610 594.5
1255620 594.5
1255630 596.3
1255640 597.3
1255650 597.3
1255660 596.8
1255670 598.4
1255680 600.5
1255690 600.5
1255700 601.0
1255710 601.6
1255720 601.6
1255730 602.9
1255740 601.7
1255750 601.7
1255760 600.0
1255770 599.3
1255780 599.3
1255790 599.0
1255800 598.7
1255810 598.7
1255820 599.0
1255830 600.1
1255840 600.1
1255850 596.6
1255860 598.6
1255870 598.6
1255880 602.2
1255890 606.1
1255900 606.1
1255910 607.9
1255920 608.8
1255930 609.2
1255940 609.2
1255950 609.3
1255960 611.6
1255970 611.6
1255980 614.1
1255990 616.3
1256000 616.3
1256010 618.9
1256020 620.8
1256030 620.8
1256040 622.8
1256050 620.5
1256060 620.5
1256070 623.6
1256080 632.6
1256090 632.6
1256100 641.2
1256110 646.8
1256120 646.8
1256130 651.2
1256140 655.3
1256150 655.3
1256160 658.6
1256170 660.4
1256180 661.1
1256190 661.1
1256200 660.3
1256210 657.9
1256220 657.9
1256230 660.0
1256240 661.8
1256250 661.8
1256260 664.0
1256270 665.5
1256280 665.5
1256290 666.1
1256300 666.1
1256310 666.1
1256320 667.3
1256330 670.3
1256340 670.3
1256350 674.7
1256360 676.8
1256370 676.8
1256380 675.8
1256390 673.7
1256400 673.7
1256410 667.0
1256420 666.7
1256430 666.7
1256440 665.9
1256450 668.3
1256460 672.4
1256470 672.4
1256480 677.1
1256490 681.4
1256500 681.4
1256510 684.4
1256520 686.6
1256530 686.6
1256540 687.2
1256550 688.3
1256560 688.3
1256570 689.7
1256580 693.5
1256590 693.5
1256600 698.5
1256610 701.5
1256620 701.5
1256630 703.9
1256640 706.3
1256650 706.3
1256660 709.1
1256670 711.5
1256680 711.5
1256690 712.8
1256700 714.3
1256710 714.3
1256720 714.3
1256730 713.0
1256740 713.0
1256750 713.0
1256760 712.5
1256770 709.8
1256780 709.8
1256790 707.9
1256800 712.9
1256810 712.9
1256820 717.8
1256830 721.4
1256840 721.4
1256850 725.7
1256860 729.4
1256870 729.4
1256880 732.9
1256890 735.3
1256900 735.3
1256910 737.1
1256920 738.6
1256930 738.6
1256940 740.3
1256950 741.5
1256960 741.5
1256970 735.6
1256980 736.5
1256990 737.1
1257000 737.1
1257010 736.2
1257020 735.0
1257030 735.0
1257040 734.4
1257050 733.7
1257060 733.7
1257070 732.9
1257080 732.2
1257090 732.2
1257100 731.6
1257110 730.2
1257120 730.2
1257130 727.2
1257140 722.9
1257150 722.9
1257160 718.2
1257170 720.7
1257180 720.7
1257190 725.1
1257200 728.1
1257210 728.1
1257220 730.9
1257230 731.8
1257240 732.6
1257250 732.6
1257260 733.2
1257270 736.1
1257280 736.1
1257290 738.7
1257300 740.4
1257310 740.4
1257320 740.3
1257330 739.9
1257340 739.9
1257350 739.7
1257360 742.6
1257370 742.6
1257380 746.5
1257390 751.0
1257400 751.0
1257410 753.5
1257420 752.4
1257430 752.4
1257440 749.6
1257450 752.5
1257460 752.5
1257470 756.7
1257480 761.6
1257490 761.6
1257500 764.4
1257510 764.9
1257520 769.5
1257530 760.0
1257540 764.4
1257550 765.7
1257560 765.7
1257570 763.1
1257580 757.5
1257590 757.5
1257600 748.6
1257610 737.3
1257620 737.3
1257630 731.6
1257640 730.1
1257650 730.1
1257660 728.7
1257670 727.1
1257680 727.1
1257690 725.3
1257700 725.4
1257710 725.4
1257720 726.6
1257730 725.9
1257740 725.9
1257750 724.3
1257760 722.3
1257770 719.2
1257780 719.2
1257790 717.1
1257800 715.5
1257810 715.5
1257820 714.4
1257830 713.3
1257840 713.3
1257850 712.1
1257860 711.4
1257870 711.4
1257880 710.9
1257890 710.6
1257900 710.6
1257910 709.0
1257920 707.1
1257930 707.1
1257940 705.2
1257950 705.3
1257960 705.3
1257970 704.6
1257980 703.3
1257990 703.3
1258000 701.2
1258010 700.7
1258020 701.2
1258030 701.2
1258040 701.1
1258050 700.2
1258060 700.2
1258070 699.5
1258080 699.1
1258090 692.6
1258100 693.0
1258110 694.2
1258120 694.2
1258130 694.3
1258140 694.7
1258150 694.7
1258160 694.9
1258170 694.1
1258180 694.1
1258190 693.7
1258200 692.8
1258210 692.8
1258220 691.5
1258230 690.4
1258240 690.4
1258250 689.8
1258260 688.6
1258270 688.6
1258280 686.8
1258290 685.3
1258300 683.7
1258310 683.7
1258320 681.6
1258330 679.3
1258340 679.3
1258350 677.7
1258360 676.1
1258370 676.1
1258380 673.6
1258390 671.2
1258400 671.2
1258410 668.6
1258420 665.9
1258430 665.9
1258440 665.5
1258450 665.7
1258460 665.7
1258470 665.7
1258480 663.8
1258490 663.8
1258500 660.7
1258510 658.5
1258520 658.5
1258530 656.8
1258540 655.5
1258550 654.9
1258560 654.9
1258570 654.5
1258580 654.0
1258590 654.0
1258600 653.4
1258610 652.8
1258620 652.8
1258630 652.1
1258640 651.7
1258650 649.6
1258660 649.1
1258670 648.6
1258680 648.6
1258690 648.3
1258700 648.0
1258710 648.0
1258720 647.6
1258730 647.2
1258740 647.2
1258750 646.5
1258760 645.9
1258770 645.9
1258780 645.3
1258790 644.3
1258800 644.3
1258810 643.1
1258820 641.9
1258830 642.4
1258840 642.4
1258850 643.4
1258860 642.9
1258870 642.9
1258880 640.9
1258890 636.8
1258900 636.8
1258910 632.5
1258920 631.0
1258930 631.0
1258940 631.4
1258950 631.5
1258960 631.5
1258970 629.5
1258980 628.1
1258990 628.1
1259000 627.3
1259010 625.6
1259020 625.6
1259030 624.6
1259040 623.7
1259050 623.7
1259060 622.1
1259070 620.4
1259080 618.7
1259090 618.7
1259100 617.3
1259110 616.0
1259120 616.0
1259130 616.1
1259140 617.2
1259150 617.2
1259160 618.5
1259170 618.7
1259180 618.7
1259190 618.7
1259200 619.0
1259210 616.6
1259220 617.4
1259230 618.1
1259240 618.1
1259250 618.6
1259260 618.7
1259270 618.7
1259280 617.8
1259290 616.9
1259300 616.9
1259310 615.8
1259320 615.2
1259330 614.6
1259340 614.6
1259350 614.2
1259360 613.7
1259370 613.7
1259380 612.8
1259390 611.6
1259400 611.6
1259410 610.9
1259420 610.6
1259430 610.6
1259440 610.3
1259450 610.1
1259460 610.1
1259470 609.7
1259480 608.6
1259490 608.6
1259500 606.9
1259510 606.0
1259520 606.0
1259530 605.0
1259540 603.6
1259550 603.6
1259560 602.1
1259570 600.8
1259580 600.8
1259590 599.2
1259600 597.6
1259610 596.5
1259620 596.5
1259630 594.8
1259640 593.9
1259650 593.9
1259660 593.2
1259670 592.4
1259680 592.4
1259690 591.7
1259700 591.2
1259710 591.2
1259720 590.2
1259730 589.3
1259740 589.3
1259750 588.7
1259760 587.8
1259770 587.8
1259780 585.7
1259790 586.7
1259800 586.7
1259810 586.5
1259820 585.9
1259830 585.9
1259840 585.0
1259850 584.8
1259860 584.8
1259870 584.8
1259880 584.5
1259890 584.2
1259900 584.2
1259910 584.0
1259920 584.3
1259930 584.3
1259940 585.3
1259950 586.8
1259960 586.8
1259970 588.4
1259980 589.9
1259990 589.9
