1240000 1142.5
1240010 1142.5
1240020 1137.1
1240030 1137.7
1240040 1132.4
1240050 1132.4
1240060 1128.6
1240070 1126.7
1240080 1126.7
1240090 1125.5
1240100 1121.5
1240110 1121.5
1240120 1115.5
1240130 1108.4
1240140 1108.4
1240150 1103.7
1240160 1103.2
1240170 1103.2
1240180 1099.1
1240190 1094.7
1240200 1094.7
1240210 1090.6
1240220 1092.0
1240230 1092.0
1240240 1091.2
1240250 1088.9
1240260 1088.9
1240270 1087.1
1240280 1084.5
1240290 1084.5
1240300 1081.4
1240310 1077.8
1240320 1073.0
1240330 1073.0
1240340 1066.4
1240350 1061.4
1240360 1061.4
1240370 1059.6
1240380 1055.8
1240390 1055.8
1240400 1050.5
1240410 1049.4
1240420 1049.4
1240430 1048.4
1240440 1044.3
1240450 1044.3
1240460 1040.3
1240470 1036.8
1240480 1036.8
1240490 1033.9
1240500 1031.2
1240510 1031.2
1240520 1028.5
1240530 1026.1
1240540 1026.1
1240550 1027.9
1240560 1023.6
1240570 1018.8
1240580 1018.8
1240590 1015.8
1240600 1015.7
1240610 1015.7
1240620 1014.3
1240630 1011.5
1240640 1011.5
1240650 1008.0
1240660 1003.2
1240670 1003.2
1240680 1004.0
1240690 1003.5
1240700 1003.5
1240710 1000.8
1240720 998.8
1240730 998.8
1240740 996.9
1240750 993.4
1240760 993.4
1240770 990.0
1240780 989.9
1240790 989.9
1240800 988.7
1240810 987.1
1240820 987.1
1240830 985.7
1240840 985.0
1240850 983.4
1240860 983.4
1240870 981.1
1240880 977.9
1240890 977.9
1240900 975.1
1240910 974.2
1240920 974.2
1240930 972.5
1240940 968.6
1240950 968.6
1240960 965.5
1240970 966.6
1240980 966.6
1240990 967.9
1241000 965.3
1241010 965.3
1241020 963.6
1241030 962.9
1241040 962.9
1241050 962.3
1241060 961.2
1241070 966.5
1241080 965.6
1241090 964.9
1241100 964.2
1241110 964.2
1241120 963.3
1241130 962.6
1241140 962.6
1241150 962.8
1241160 963.1
1241170 963.1
1241180 963.4
1241190 963.7
1241200 963.7
1241210 963.1
1241220 959.0
1241230 959.0
1241240 950.9
1241250 942.7
1241260 942.7
1241270 934.4
1241280 925.7
1241290 925.7
1241300 917.1
1241310 909.6
1241320 909.6
1241330 916.1
1241340 927.3
1241350 927.3
1241360 932.9
1241370 935.4
1241380 939.4
1241390 939.4
1241400 943.9
1241410 948.1
1241420 948.1
1241430 952.0
1241440 951.6
1241450 951.6
1241460 948.6
1241470 944.8
1241480 944.8
1241490 941.8
1241500 938.8
1241510 938.8
1241520 936.6
1241530 935.4
1241540 935.4
1241550 934.5
1241560 933.6
1241570 933.6
1241580 932.5
1241590 932.6
1241600 932.6
1241610 930.5
1241620 926.7
1241630 921.2
1241640 921.2
1241650 915.8
1241660 911.5
1241670 911.5
1241680 909.4
1241690 908.0
1241700 908.0
1241710 907.3
1241720 907.0
1241730 907.0
1241740 906.1
1241750 905.0
1241760 905.0
1241770 904.3
1241780 903.6
1241790 903.6
1241800 903.2
1241810 903.3
1241820 903.3
1241830 903.0
1241840 902.8
1241850 902.8
1241860 902.7
1241870 902.6
1241880 902.6
1241890 902.5
1241900 902.1
1241910 901.0
1241920 901.0
1241930 899.9
1241940 898.9
1241950 898.9
1241960 897.2
1241970 896.6
1241980 896.6
1241990 897.3
1242000 896.8
1242010 896.8
1242020 896.2
1242030 895.8
1242040 895.8
1242050 895.3
1242060 894.8
1242070 894.8
1242080 894.1
1242090 893.3
1242100 893.3
1242110 891.9
1242120 891.3
1242130 891.3
1242140 888.7
1242150 886.4
1242160 887.1
1242170 887.1
1242180 887.8
1242190 887.5
1242200 887.5
1242210 886.6
1242220 885.3
1242230 885.3
1242240 883.1
1242250 879.1
1242260 879.1
1242270 875.7
1242280 872.8
1242290 872.8
1242300 871.0
1242310 873.0
1242320 873.0
1242330 876.4
1242340 877.5
1242350 877.5
1242360 876.3
1242370 875.0
1242380 875.0
1242390 873.6
1242400 872.1
1242410 872.1
1242420 870.5
1242430 868.6
1242440 866.0
1242450 866.0
1242460 860.7
1242470 855.4
1242480 855.4
1242490 851.0
1242500 846.5
1242510 846.5
1242520 842.3
1242530 844.3
1242540 844.3
1242550 851.4
1242560 856.6
1242570 856.6
1242580 859.9
1242590 862.2
1242600 862.2
1242610 863.2
1242620 863.7
1242630 863.7
1242640 863.3
1242650 862.5
1242660 862.5
1242670 861.1
1242680 859.6
1242690 858.8
1242700 858.8
1242710 858.9
1242720 859.4
1242730 859.4
1242740 859.2
1242750 857.5
1242760 857.5
1242770 853.6
1242780 848.9
1242790 848.9
1242800 845.9
1242810 844.4
1242820 844.4
1242830 843.6
1242840 843.8
1242850 843.8
1242860 842.9
1242870 839.3
1242880 839.3
1242890 833.5
1242900 825.2
1242910 825.2
1242920 817.8
1242930 812.4
1242940 812.4
1242950 808.8
1242960 810.9
1242970 818.3
1242980 818.3
1242990 827.0
1243000 834.6
1243010 834.6
1243020 840.8
1243030 843.4
1243040 843.4
1243050 845.7
1243060 847.9
1243070 847.9
1243080 848.7
1243090 846.4
1243100 846.4
1243110 839.4
1243120 832.4
1243130 832.4
1243140 825.3
1243150 817.9
1243160 817.9
1243170 815.6
1243180 817.2
1243190 817.2
1243200 823.8
1243210 831.2
1243220 838.9
1243230 838.9
1243240 840.4
1243250 835.5
1243260 835.5
1243270 829.9
1243280 824.5
1243290 824.5
1243300 821.8
1243310 819.3
1243320 819.3
1243330 814.3
1243340 806.8
1243350 806.8
1243360 798.5
1243370 791.5
1243380 791.5
1243390 785.1
1243400 779.1
1243410 779.1
1243420 782.6
1243430 789.2
1243440 789.2
1243450 795.9
1243460 803.1
1243470 810.8
1243480 810.8
1243490 818.7
1243500 824.3
1243510 824.3
1243520 825.9
1243530 826.6
1243540 826.6
1243550 828.8
1243560 831.1
1243570 831.1
1243580 833.4
1243590 836.0
1243600 836.0
1243610 837.6
1243620 838.2
1243630 838.2
1243640 837.0
1243650 835.8
1243660 835.8
1243670 833.9
1243680 829.1
1243690 829.1
1243700 827.2
1243710 821.3
1243720 821.3
1243730 817.5
1243740 815.1
1243750 812.7
1243760 812.7
1243770 810.2
1243780 808.4
1243790 808.4
1243800 803.7
1243810 798.9
1243820 798.9
1243830 793.4
1243840 786.7
1243850 786.7
1243860 779.4
1243870 772.7
1243880 772.7
1243890 767.6
1243900 762.5
1243910 762.5
1243920 760.2
1243930 762.8
1243940 762.8
1243950 766.4
1243960 771.4
1243970 771.4
1243980 778.2
1243990 783.0
1244000 784.2
1244010 784.2
1244020 786.1
1244030 788.1
1244040 788.1
1244050 789.6
1244060 791.1
1244070 791.1
1244080 792.6
1244090 794.4
1244100 794.4
1244110 796.3
1244120 798.4
1244130 798.4
1244140 800.8
1244150 803.8
1244160 803.8
1244170 806.9
1244180 809.8
1244190 809.8
1244200 813.2
1244210 816.8
1244220 816.8
1244230 824.7
1244240 824.7
1244250 824.7
1244260 824.2
1244270 823.6
1244280 823.1
1244290 823.1
1244300 822.6
1244310 822.2
1244320 822.2
1244330 821.8
1244340 821.4
1244350 821.4
1244360 820.9
1244370 820.5
1244380 820.5
1244390 820.0
1244400 819.4
1244410 819.4
1244420 818.9
1244430 818.3
1244440 818.3
1244450 817.8
1244460 817.3
1244470 817.3
1244480 816.8
1244490 816.3
1244500 816.3
1244510 815.9
1244520 815.7
1244530 813.0
1244540 813.0
1244550 809.6
1244560 808.3
1244570 808.3
1244580 811.6
1244590 812.0
1244600 812.0
1244610 811.2
1244620 810.1
1244630 810.1
1244640 807.4
1244650 803.8
1244660 803.8
1244670 800.8
1244680 795.1
1244690 795.1
1244700 788.2
1244710 783.0
1244720 783.0
1244730 778.0
1244740 773.5
1244750 773.5
1244760 772.5
1244770 771.3
1244780 771.3
1244790 770.2
1244800 769.7
1244810 769.0
1244820 769.0
1244830 767.4
1244840 766.5
1244850 766.5
1244860 765.6
1244870 756.6
1244880 756.6
1244890 747.1
1244900 740.2
1244910 740.2
1244920 734.5
1244930 728.7
1244940 728.7
1244950 725.2
1244960 727.3
1244970 727.3
1244980 730.9
1244990 731.1
1245000 731.1
1245010 730.6
1245020 730.2
1245030 730.2
1245040 729.1
1245050 728.6
1245060 727.4
1245070 727.4
1245080 726.7
1245090 726.0
1245100 726.0
1245110 725.8
1245120 725.4
1245130 725.4
1245140 725.0
1245150 725.7
1245160 725.7
1245170 726.8
1245180 729.7
1245190 729.7
1245200 734.0
1245210 740.1
1245220 740.1
1245230 745.0
1245240 750.0
1245250 750.0
1245260 753.5
1245270 753.3
1245280 753.3
1245290 758.8
1245300 758.1
1245310 758.1
1245320 761.5
1245330 767.7
1245340 774.5
1245350 774.5
1245360 779.6
1245370 787.2
1245380 787.2
1245390 794.7
1245400 802.3
1245410 802.3
1245420 809.7
1245430 816.8
1245440 816.8
1245450 821.6
1245460 822.4
1245470 822.4
1245480 821.9
1245490 819.9
1245500 819.9
1245510 817.8
1245520 817.3
1245530 817.3
1245540 816.3
1245550 814.9
1245560 814.9
1245570 812.4
1245580 810.2
1245590 809.7
1245600 809.7
1245610 809.0
1245620 807.8
1245630 807.8
1245640 804.5
1245650 802.0
1245660 802.0
1245670 800.5
1245680 800.1
1245690 800.1
1245700 799.2
1245710 798.0
1245720 798.0
1245730 797.7
1245740 796.8
1245750 796.8
1245760 794.7
1245770 791.8
1245780 791.8
1245790 790.4
1245800 788.4
1245810 788.4
1245820 791.9
1245830 789.1
1245840 789.1
1245850 783.5
1245860 776.9
1245870 770.2
1245880 770.2
1245890 763.4
1245900 756.2
1245910 756.2
1245920 751.7
1245930 750.9
1245940 750.9
1245950 751.0
1245960 751.8
1245970 751.8
1245980 751.9
1245990 753.6
1246000 753.6
1246010 754.8
1246020 748.7
1246030 748.7
1246040 741.1
1246050 734.5
1246060 734.5
1246070 730.0
1246080 726.7
1246090 726.7
1246100 723.8
1246110 723.3
1246120 726.0
1246130 726.0
1246140 731.6
1246150 733.4
1246160 733.4
1246170 729.1
1246180 724.0
1246190 724.0
1246200 720.9
1246210 722.6
1246220 722.6
1246230 726.4
1246240 727.3
1246250 727.3
1246260 724.3
1246270 721.2
1246280 721.2
1246290 719.3
1246300 717.4
1246310 717.4
1246320 713.1
1246330 706.7
1246340 706.7
1246350 700.3
1246360 694.5
1246370 694.5
1246380 692.0
1246390 690.7
1246400 689.3
1246410 689.3
1246420 687.5
1246430 688.3
1246440 688.3
1246450 691.0
1246460 694.3
1246470 694.3
1246480 697.0
1246490 695.2
1246500 695.2
1246510 693.4
1246520 692.4
1246530 692.4
1246540 690.7
1246550 688.7
1246560 688.7
1246570 688.5
1246580 688.2
1246590 688.2
1246600 686.6
1246610 684.8
1246620 684.8
1246630 682.6
1246640 678.6
1246650 672.9
1246660 672.9
1246670 666.7
1246680 663.7
1246690 663.7
1246700 665.7
1246710 668.8
1246720 668.8
1246730 670.0
1246740 669.5
1246750 669.5
1246760 668.1
1246770 666.5
1246780 666.5
1246790 665.0
1246800 663.2
1246810 663.2
1246820 660.2
1246830 655.6
1246840 655.6
1246850 652.2
1246860 653.3
1246870 653.3
1246880 655.1
1246890 658.9
1246900 657.9
1246910 657.9
1246920 656.9
1246930 654.6
1246940 654.6
1246950 652.4
1246960 652.2
1246970 652.2
1246980 654.2
1246990 653.3
1247000 653.3
1247010 650.4
1247020 647.5
1247030 647.5
1247040 644.9
1247050 643.3
1247060 643.3
1247070 641.4
1247080 638.8
1247090 638.8
1247100 634.9
1247110 630.0
1247120 630.0
1247130 627.0
1247140 624.5
1247150 624.5
1247160 623.4
1247170 623.0
1247180 622.9
1247190 622.9
1247200 622.8
1247210 623.0
1247220 623.0
1247230 623.1
1247240 623.2
1247250 623.2
1247260 623.4
1247270 623.9
1247280 623.9
1247290 624.1
1247300 624.3
1247310 624.3
1247320 624.7
1247330 624.8
1247340 624.8
1247350 624.6
1247360 624.7
1247370 624.7
1247380 625.3
1247390 625.4
1247400 625.4
1247410 625.7
1247420 624.8
1247430 625.0
1247440 625.0
1247450 625.0
1247460 626.0
1247470 626.0
1247480 625.7
1247490 625.0
1247500 625.0
1247510 625.3
1247520 625.2
1247530 625.2
1247540 624.7
1247550 624.3
1247560 624.3
1247570 623.9
1247580 623.4
1247590 623.4
1247600 622.7
1247610 621.7
1247620 621.7
1247630 620.8
1247640 620.6
1247650 620.6
1247660 619.8
1247670 619.6
1247680 619.6
1247690 619.0
1247700 618.3
1247710 617.6
1247720 617.6
1247730 617.1
1247740 616.4
1247750 616.4
1247760 615.6
1247770 614.7
1247780 614.7
1247790 614.0
1247800 613.2
1247810 613.2
1247820 612.3
1247830 611.5
1247840 611.5
1247850 610.7
1247860 610.1
1247870 610.1
1247880 609.5
1247890 608.9
1247900 608.9
1247910 608.3
1247920 607.9
1247930 607.9
1247940 607.5
1247950 607.1
1247960 607.3
1247970 607.3
1247980 607.1
1247990 606.5
1248000 606.5
1248010 605.8
1248020 605.1
1248030 605.1
1248040 604.5
1248050 603.9
1248060 603.9
1248070 603.4
1248080 602.9
1248090 602.9
1248100 602.4
1248110 602.2
1248120 602.2
1248130 602.5
1248140 602.4
1248150 602.4
1248160 604.6
1248170 609.6
1248180 609.6
1248190 611.9
1248200 611.7
1248210 611.7
1248220 611.2
1248230 610.5
1248240 607.9
1248250 607.9
1248260 606.3
1248270 606.0
1248280 606.0
1248290 605.5
1248300 604.9
1248310 604.9
1248320 604.3
1248330 603.7
1248340 603.7
1248350 603.2
1248360 602.6
1248370 602.6
1248380 600.5
1248390 599.4
1248400 599.4
1248410 599.1
1248420 598.1
1248430 598.1
1248440 597.4
1248450 597.8
1248460 597.8
1248470 597.8
1248480 597.6
1248490 597.4
1248500 597.8
1248510 597.4
1248520 597.1
1248530 597.1
1248540 597.0
1248550 596.9
1248560 596.9
1248570 596.7
1248580 596.6
1248590 596.6
1248600 596.7
1248610 596.6
1248620 596.6
1248630 596.4
1248640 596.2
1248650 596.2
1248660 596.1
1248670 596.2
1248680 596.2
1248690 596.2
1248700 596.2
1248710 596.2
1248720 596.3
1248730 596.1
1248740 596.1
1248750 596.1
1248760 596.1
1248770 596.9
1248780 596.9
1248790 597.8
1248800 596.5
1248810 596.5
1248820 596.1
1248830 596.1
1248840 596.1
1248850 596.1
1248860 596.1
1248870 596.1
1248880 596.1
1248890 596.1
1248900 596.1
1248910 596.0
1248920 596.0
1248930 596.0
1248940 596.0
1248950 596.1
1248960 596.1
1248970 596.1
1248980 596.1
1248990 596.1
1249000 596.1
1249010 596.1
1249020 596.1
1249030 596.1
1249040 596.1
1249050 596.1
1249060 596.1
1249070 596.1
1249080 596.1
1249090 596.1
1249100 595.8
1249110 595.7
1249120 595.7
1249130 595.7
1249140 595.7
1249150 595.7
1249160 595.7
1249170 595.7
1249180 595.7
1249190 595.8
1249200 595.9
1249210 595.9
1249220 596.0
1249230 596.0
1249240 596.0
1249250 596.0
1249260 596.0
1249270 596.0
1249280 595.8
1249290 595.6
1249300 595.9
1249310 595.9
1249320 596.2
1249330 597.1
1249340 597.1
1249350 596.0
1249360 595.6
1249370 595.6
1249380 595.5
1249390 595.5
1249400 595.5
1249410 595.5
1249420 595.3
1249430 595.3
1249440 595.3
1249450 596.0
1249460 596.0
1249470 596.4
1249480 596.4
1249490 596.4
1249500 596.2
1249510 595.5
1249520 595.5
1249530 595.0
1249540 594.8
1249550 595.3
1249560 595.3
1249570 595.3
1249580 595.3
1249590 595.3
1249600 595.3
1249610 595.4
1249620 595.4
1249630 595.3
1249640 595.3
1249650 595.3
1249660 595.3
1249670 595.4
1249680 595.4
1249690 595.3
1249700 595.5
1249710 595.5
1249720 595.9
1249730 596.1
1249740 596.1
1249750 596.3
1249760 596.3
1249770 596.3
1249780 595.8
1249790 595.4
1249800 594.5
1249810 594.5
1249820 593.3
1249830 595.6
1249840 595.6
1249850 600.9
1249860 601.9
1249870 601.9
1249880 601.5
1249890 599.5
1249900 599.5
1249910 595.9
1249920 595.0
1249930 595.0
1249940 594.8
1249950 594.2
1249960 594.2
1249970 593.6
1249980 593.7
1249990 593.7
1250000 594.2
1250010 594.6
1250020 594.6
1250030 594.8
1250040 594.7
1250050 594.7
1250060 594.6
1250070 594.6
1250080 594.6
1250090 594.6
1250100 594.5
1250110 594.4
1250120 594.4
1250130 594.4
1250140 595.0
1250150 595.0
1250160 597.6
1250170 601.5
1250180 601.5
1250190 602.2
1250200 602.2
1250210 602.2
1250220 602.0
1250230 600.7
1250240 600.7
1250250 597.4
1250260 596.3
1250270 596.3
1250280 595.3
1250290 594.5
1250300 594.5
1250310 594.4
1250320 594.4
1250330 594.2
1250340 594.2
1250350 594.1
1250360 594.0
1250370 594.0
1250380 594.3
1250390 594.6
1250400 594.6
1250410 594.8
1250420 594.8
1250430 594.8
1250440 594.9
1250450 594.9
1250460 594.9
1250470 594.9
1250480 594.9
1250490 594.9
1250500 594.9
1250510 595.0
1250520 595.0
1250530 595.0
1250540 594.9
1250550 594.9
1250560 594.8
1250570 594.7
1250580 594.7
1250590 594.7
1250600 595.2
1250610 595.6
1250620 595.6
1250630 595.9
1250640 595.9
1250650 595.9
1250660 596.1
1250670 597.0
1250680 597.0
1250690 597.0
1250700 596.3
1250710 596.3
1250720 593.5
1250730 591.7
1250740 591.7
1250750 591.3
1250760 591.3
1250770 591.3
1250780 591.3
1250790 591.2
1250800 591.2
1250810 591.2
1250820 591.2
1250830 591.2
1250840 591.9
1250850 594.8
1250860 595.1
1250870 595.1
1250880 594.2
1250890 594.2
1250900 594.2
1250910 594.4
1250920 594.8
1250930 594.8
1250940 594.8
1250950 594.9
1250960 594.9
1250970 594.9
1250980 594.6
1250990 594.6
1251000 594.4
1251010 595.3
1251020 595.3
1251030 596.2
1251040 597.5
1251050 597.5
1251060 601.7
1251070 602.8
1251080 602.8
1251090 602.7
1251100 602.2
1251110 602.2
1251120 601.3
1251130 601.4
1251140 601.7
1251150 601.7
1251160 602.0
1251170 602.4
1251180 602.4
1251190 602.8
1251200 602.9
1251210 602.1
1251220 602.9
1251230 603.3
1251240 603.3
1251250 603.0
1251260 603.0
1251270 603.0
1251280 603.3
1251290 603.4
1251300 603.4
1251310 603.9
1251320 603.8
1251330 603.8
1251340 603.5
1251350 603.7
1251360 603.7
1251370 604.0
1251380 604.0
1251390 603.6
1251400 603.6
1251410 603.6
1251420 603.6
1251430 603.6
1251440 603.6
1251450 604.0
1251460 604.0
1251470 604.5
1251480 605.2
1251490 605.2
1251500 604.9
1251510 604.5
1251520 604.5
1251530 604.2
1251540 604.3
1251550 604.3
1251560 604.4
1251570 604.2
1251580 604.2
1251590 604.1
1251600 604.4
1251610 604.4
1251620 604.6
1251630 604.6
1251640 604.6
1251650 604.2
1251660 603.7
1251670 603.3
1251680 603.3
1251690 603.2
1251700 603.2
1251710 603.2
1251720 603.4
1251730 603.0
1251740 603.0
1251750 602.7
1251760 602.1
1251770 602.1
1251780 601.9
1251790 601.7
1251800 601.7
1251810 601.3
1251820 600.9
1251830 600.9
1251840 600.6
1251850 600.1
1251860 600.1
1251870 599.8
1251880 599.5
1251890 599.5
1251900 598.8
1251910 598.2
1251920 597.9
1251930 597.9
1251940 597.8
1251950 597.8
1251960 597.8
1251970 598.0
1251980 598.3
1251990 598.3
1252000 598.5
1252010 598.7
1252020 598.7
1252030 598.9
1252040 599.3
1252050 599.3
1252060 600.0
1252070 600.5
1252080 600.5
1252090 600.6
1252100 600.5
1252110 600.5
1252120 600.6
1252130 600.8
1252140 600.8
1252150 601.4
1252160 601.6
1252170 601.6
1252180 601.8
1252190 601.6
1252200 601.6
1252210 601.6
1252220 601.6
1252230 601.9
1252240 601.9
1252250 602.3
1252260 602.3
1252270 602.3
1252280 602.1
1252290 602.2
1252300 602.2
1252310 601.9
1252320 601.9
1252330 601.9
1252340 602.0
1252350 602.3
1252360 602.3
1252370 602.9
1252380 603.5
1252390 603.5
1252400 603.6
1252410 603.3
1252420 603.3
1252430 603.1
1252440 603.1
1252450 603.1
1252460 603.1
1252470 603.0
1252480 603.6
1252490 603.6
1252500 603.6
1252510 603.7
1252520 603.7
1252530 604.8
1252540 605.1
1252550 605.1
1252560 604.0
1252570 603.7
1252580 603.7
1252590 604.7
1252600 604.3
1252610 604.3
1252620 603.9
1252630 603.7
1252640 603.7
1252650 602.9
1252660 603.1
1252670 603.1
1252680 604.2
1252690 604.5
1252700 604.4
1252710 604.4
1252720 603.9
1252730 604.5
1252740 604.5
1252750 604.5
1252760 604.5
1252770 604.5
1252780 603.5
1252790 601.2
1252800 601.2
1252810 598.9
1252820 597.3
1252830 597.3
1252840 596.8
1252850 596.3
1252860 596.3
1252870 595.9
1252880 595.3
1252890 595.3
1252900 594.9
1252910 594.5
1252920 594.5
1252930 594.1
1252940 593.7
1252950 593.7
1252960 593.4
1252970 593.2
1252980 593.0
1252990 593.0
1253000 592.7
1253010 592.6
1253020 592.6
1253030 592.5
1253040 592.3
1253050 592.3
1253060 592.0
1253070 591.8
1253080 591.8
1253090 591.6
1253100 591.2
1253110 591.2
1253120 590.9
1253130 591.0
1253140 591.0
1253150 590.8
1253160 590.7
1253170 590.7
1253180 590.9
1253190 591.0
1253200 591.0
1253210 591.0
1253220 590.9
1253230 590.9
1253240 590.9
1253250 590.8
1253260 590.7
1253270 590.7
1253280 590.6
1253290 590.6
1253300 590.6
1253310 590.5
1253320 590.5
1253330 590.5
1253340 590.6
1253350 590.6
1253360 590.6
1253370 590.6
1253380 590.5
1253390 590.5
1253400 590.5
1253410 590.6
1253420 590.6
1253430 590.6
1253440 590.7
1253450 590.7
1253460 592.6
1253470 598.5
1253480 598.5
1253490 602.3
1253500 602.8
1253510 602.9
1253520 602.9
1253530 600.1
1253540 593.6
1253550 593.6
1253560 590.8
1253570 590.5
1253580 590.5
1253590 590.4
1253600 590.4
1253610 590.4
1253620 590.4
1253630 590.4
1253640 590.4
1253650 590.4
1253660 590.5
1253670 590.5
1253680 590.5
1253690 590.4
1253700 590.4
1253710 590.4
1253720 590.4
1253730 590.4
1253740 590.4
1253750 590.4
1253760 590.2
1253770 590.2
1253780 590.6
1253790 594.1
1253800 594.1
1253810 597.7
1253820 598.3
1253830 598.3
1253840 598.2
1253850 597.5
1253860 597.5
1253870 596.5
1253880 595.2
1253890 595.2
1253900 594.1
1253910 592.9
1253920 592.9
1253930 591.7
1253940 591.0
1253950 591.0
1253960 592.8
1253970 591.6
1253980 591.6
1253990 590.9
1254000 590.5
1254010 590.5
1254020 590.5
1254030 590.9
1254040 590.5
1254050 590.5
1254060 590.3
1254070 590.2
1254080 590.2
1254090 590.2
1254100 590.1
1254110 590.1
1254120 590.1
1254130 590.1
1254140 590.1
1254150 590.2
1254160 590.3
1254170 590.3
1254180 590.5
1254190 590.7
1254200 590.7
1254210 591.1
1254220 591.3
1254230 591.3
1254240 591.3
1254250 591.5
1254260 591.5
1254270 591.7
1254280 591.3
1254290 591.0
1254300 591.0
1254310 591.0
1254320 591.1
1254330 591.1
1254340 591.1
1254350 591.3
1254360 591.3
1254370 591.6
1254380 592.2
1254390 592.2
1254400 592.8
1254410 593.6
1254420 593.6
1254430 594.3
1254440 595.0
1254450 595.0
1254460 596.0
1254470 597.4
1254480 597.4
1254490 598.9
1254500 600.0
1254510 597.0
1254520 599.1
1254530 601.4
1254540 604.2
1254550 604.2
1254560 607.6
1254570 610.6
1254580 610.6
1254590 613.7
1254600 616.8
1254610 616.8
1254620 619.5
1254630 622.5
1254640 622.5
1254650 624.0
1254660 626.3
1254670 626.3
1254680 629.4
1254690 632.6
1254700 632.6
1254710 636.1
1254720 638.0
1254730 638.0
1254740 637.5
1254750 639.4
1254760 639.4
1254770 642.6
1254780 645.5
1254790 645.5
1254800 648.8
1254810 653.0
1254820 658.8
1254830 658.8
1254840 662.5
1254850 667.9
1254860 667.9
1254870 674.8
1254880 680.2
1254890 680.2
1254900 685.9
1254910 689.8
1254920 689.8
1254930 694.8
1254940 699.6
1254950 699.6
1254960 707.5
1254970 716.4
1254980 716.4
1254990 724.5
1255000 729.8
1255010 729.8
1255020 734.6
1255030 738.4
1255040 738.4
1255050 743.0
1255060 733.6
1255070 735.0
1255080 735.0
1255090 735.5
1255100 732.7
1255110 732.7
1255120 728.8
1255130 730.4
1255140 730.4
1255150 733.5
1255160 735.3
1255170 735.3
1255180 726.7
1255190 720.1
1255200 720.1
1255210 716.9
1255220 711.0
1255230 711.0
1255240 709.0
1255250 712.7
1255260 712.7
1255270 714.6
1255280 714.8
1255290 714.8
1255300 712.0
1255310 710.1
1255320 710.1
1255330 712.3
1255340 715.3
1255350 710.1
1255360 710.1
1255370 707.5
1255380 708.4
1255390 708.4
1255400 707.4
1255410 706.0
1255420 706.0
1255430 704.0
1255440 703.5
1255450 703.5
1255460 703.7
1255470 708.4
1255480 708.4
1255490 708.8
1255500 702.8
1255510 702.8
1255520 693.7
1255530 689.9
1255540 689.9
1255550 693.6
1255560 693.1
1255570 693.1
1255580 696.0
1255590 701.1
1255600 704.1
1255610 704.1
1255620 698.0
1255630 698.7
1255640 698.7
1255650 698.9
1255660 700.5
1255670 700.5
1255680 704.1
1255690 704.4
1255700 704.4
1255710 704.6
1255720 706.7
1255730 706.7
1255740 712.8
1255750 718.1
1255760 718.1
1255770 715.8
1255780 715.0
1255790 715.0
1255800 722.3
1255810 726.8
1255820 726.8
1255830 737.6
1255840 743.7
1255850 743.7
1255860 746.1
1255870 750.0
1255880 753.5
1255890 753.5
1255900 755.6
1255910 757.3
1255920 757.3
1255930 757.1
1255940 755.5
1255950 755.5
1255960 756.7
1255970 756.9
1255980 756.9
1255990 759.7
1256000 762.3
1256010 762.3
1256020 763.2
1256030 765.4
1256040 765.4
1256050 767.5
1256060 768.4
1256070 768.4
1256080 768.8
1256090 769.6
1256100 769.6
1256110 770.7
1256120 773.8
1256130 774.9
1256140 774.9
1256150 776.3
1256160 787.6
1256170 773.3
1256180 781.0
1256190 785.4
1256200 785.4
1256210 784.9
1256220 788.4
1256230 788.4
1256240 796.1
1256250 800.9
1256260 800.9
1256270 805.2
1256280 808.9
1256290 808.9
1256300 808.2
1256310 814.8
1256320 814.8
1256330 819.6
1256340 816.5
1256350 816.5
1256360 805.9
1256370 800.9
1256380 796.4
1256390 796.4
1256400 792.3
1256410 787.1
1256420 787.1
1256430 783.6
1256440 791.9
1256450 791.9
1256460 799.6
1256470 808.9
1256480 808.9
1256490 820.6
1256500 826.3
1256510 826.3
1256520 821.7
1256530 816.5
1256540 816.5
1256550 814.3
1256560 813.6
1256570 813.6
1256580 820.6
1256590 827.2
1256600 827.2
1256610 828.6
1256620 828.4
1256630 828.4
1256640 825.7
1256650 828.6
1256660 833.6
1256670 833.6
1256680 835.4
1256690 835.8
1256700 835.8
1256710 835.8
1256720 836.4
1256730 829.1
1256740 830.9
1256750 831.7
1256760 831.7
1256770 832.7
1256780 834.4
1256790 834.4
1256800 836.7
1256810 837.1
1256820 837.1
1256830 833.2
1256840 834.8
1256850 834.8
1256860 838.7
1256870 841.8
1256880 841.8
1256890 844.6
1256900 846.7
1256910 848.0
1256920 848.0
1256930 849.3
1256940 850.2
1256950 850.2
1256960 851.0
1256970 851.2
1256980 851.2
1256990 851.6
1257000 851.3
1257010 851.3
1257020 850.2
1257030 849.3
1257040 849.3
1257050 848.5
1257060 847.6
1257070 847.6
1257080 846.9
1257090 846.0
1257100 846.0
1257110 843.9
1257120 841.2
1257130 841.2
1257140 838.0
1257150 838.0
1257160 838.0
1257170 840.6
1257180 836.1
1257190 817.4
1257200 817.4
1257210 828.7
1257220 838.5
1257230 838.5
1257240 844.2
1257250 852.0
1257260 852.0
1257270 857.4
1257280 861.7
1257290 853.7
1257300 860.3
1257310 864.5
1257320 864.5
1257330 866.7
1257340 869.5
1257350 869.5
1257360 873.8
1257370 881.7
1257380 881.7
1257390 893.4
1257400 899.5
1257410 899.5
1257420 900.2
1257430 899.2
1257440 900.6
1257450 900.6
1257460 901.4
1257470 904.2
1257480 904.2
1257490 906.1
1257500 905.1
1257510 905.1
1257520 904.1
1257530 913.8
1257540 913.8
1257550 920.6
1257560 922.5
1257570 922.5
1257580 922.8
1257590 919.7
1257600 919.7
1257610 915.7
1257620 905.0
1257630 905.0
1257640 891.1
1257650 881.5
1257660 881.5
1257670 871.5
1257680 862.5
1257690 862.5
1257700 864.2
1257710 863.8
1257720 858.0
1257730 858.0
1257740 860.2
1257750 863.6
1257760 863.6
1257770 866.9
1257780 870.3
1257790 870.3
1257800 874.4
1257810 878.4
1257820 878.4
1257830 880.5
1257840 882.3
1257850 867.5
1257860 869.7
1257870 870.3
1257880 870.3
1257890 869.2
1257900 867.1
1257910 867.1
1257920 864.7
1257930 860.6
1257940 860.6
1257950 853.3
1257960 846.1
1257970 842.4
1257980 842.4
1257990 838.6
1258000 836.7
1258010 836.7
1258020 836.6
1258030 837.2
1258040 837.2
1258050 834.6
1258060 833.3
1258070 833.3
1258080 832.1
1258090 829.7
1258100 829.7
1258110 825.4
1258120 822.9
1258130 822.9
1258140 821.8
1258150 819.8
1258160 819.8
1258170 816.7
1258180 813.2
1258190 813.2
1258200 810.0
1258210 807.4
1258220 804.3
1258230 804.3
1258240 801.6
1258250 799.2
1258260 799.2
1258270 797.4
1258280 795.2
1258290 795.2
1258300 791.2
1258310 784.6
1258320 784.6
1258330 778.8
1258340 774.6
1258350 774.6
1258360 770.2
1258370 764.5
1258380 764.5
1258390 758.9
1258400 754.0
1258410 748.3
1258420 742.1
1258430 737.9
1258440 737.9
1258450 733.9
1258460 732.0
1258470 732.0
1258480 731.9
1258490 730.4
1258500 728.0
1258510 728.0
1258520 725.5
1258530 723.4
1258540 723.4
1258550 721.4
1258560 719.2
1258570 719.2
1258580 717.6
1258590 715.8
1258600 715.8
1258610 714.2
1258620 713.4
1258630 713.4
1258640 713.5
1258650 713.3
1258660 713.3
1258670 712.3
1258680 711.5
1258690 711.5
1258700 709.7
1258710 707.2
1258720 707.2
1258730 706.1
1258740 706.8
1258750 709.5
1258760 709.5
1258770 709.0
1258780 706.0
1258790 706.0
1258800 702.9
1258810 702.1
1258820 702.1
1258830 700.3
1258840 694.9
1258850 694.9
1258860 689.3
1258870 686.4
1258880 686.4
1258890 684.9
1258900 683.4
1258910 683.4
1258920 682.0
1258930 681.8
1258940 681.8
1258950 683.4
1258960 683.3
1258970 679.9
1258980 681.8
1258990 685.4
1259000 685.4
1259010 685.5
1259020 684.6
1259030 683.7
1259040 683.7
1259050 682.4
1259060 679.6
1259070 679.6
1259080 675.7
1259090 671.8
1259100 671.8
1259110 668.1
1259120 666.9
1259130 666.9
1259140 668.1
1259150 669.5
1259160 669.5
1259170 666.3
1259180 661.4
1259190 661.4
1259200 660.3
1259210 660.1
1259220 660.1
1259230 660.1
1259240 660.6
1259250 660.6
1259260 660.9
1259270 661.4
1259280 661.9
1259290 661.9
1259300 662.5
1259310 663.0
1259320 663.0
1259330 662.0
1259340 659.2
1259350 659.2
1259360 656.8
1259370 656.1
1259380 656.1
1259390 655.5
1259400 655.5
1259410 655.5
1259420 653.9
1259430 651.1
1259440 651.1
1259450 648.4
1259460 645.9
1259470 645.9
1259480 643.9
1259490 642.5
1259500 642.5
1259510 641.1
1259520 639.8
1259530 639.8
1259540 633.3
1259550 631.7
1259560 631.0
1259570 631.0
1259580 630.9
1259590 630.5
1259600 630.5
1259610 629.8
1259620 629.0
1259630 629.0
1259640 629.0
1259650 629.1
1259660 629.1
1259670 629.2
1259680 630.0
1259690 630.0
1259700 630.5
1259710 630.4
1259720 630.4
1259730 630.0
1259740 629.6
1259750 629.6
1259760 629.3
1259770 628.9
1259780 628.9
1259790 628.8
1259800 628.8
1259810 628.8
1259820 628.8
1259830 628.9
1259840 629.1
1259850 629.1
1259860 629.8
1259870 630.5
1259880 630.5
1259890 631.1
1259900 631.0
1259910 631.0
1259920 629.9
1259930 628.8
1259940 628.8
1259950 628.2
1259960 627.8
1259970 627.8
1259980 627.1
1259990 626.4
