1240000 1071.7
1240010 1067.2
1240020 1067.2
1240030 1063.7
1240040 1060.1
1240050 1056.4
1240060 1056.4
1240070 1053.4
1240080 1051.0
1240090 1051.0
1240100 1049.8
1240110 1048.9
1240120 1053.7
1240130 1051.8
1240140 1048.9
1240150 1048.9
1240160 1045.6
1240170 1042.8
1240180 1042.8
1240190 1040.1
1240200 1036.7
1240210 1036.7
1240220 1033.2
1240230 1030.5
1240240 1030.5
1240250 1024.2
1240260 1020.8
1240270 1020.8
1240280 1021.9
1240290 1019.1
1240300 1013.5
1240310 1013.5
1240320 1011.2
1240330 1012.2
1240340 1012.2
1240350 1010.7
1240360 1008.4
1240370 1008.4
1240380 1006.9
1240390 1004.5
1240400 1004.5
1240410 1002.0
1240420 999.8
1240430 999.8
1240440 996.7
1240450 993.2
1240460 993.2
1240470 989.8
1240480 988.1
1240490 988.1
1240500 986.0
1240510 983.2
1240520 983.2
1240530 982.0
1240540 981.0
1240550 981.0
1240560 978.8
1240570 975.9
1240580 973.6
1240590 973.6
1240600 968.9
1240610 965.4
1240620 965.4
1240630 964.2
1240640 961.4
1240650 966.3
1240660 962.2
1240670 961.6
1240680 961.6
1240690 963.1
1240700 962.3
1240710 962.3
1240720 961.2
1240730 959.2
1240740 959.2
1240750 957.6
1240760 956.4
1240770 956.4
1240780 954.6
1240790 951.5
1240800 951.5
1240810 947.4
1240820 944.1
1240830 942.4
1240840 942.4
1240850 941.7
1240860 941.5
1240870 941.5
1240880 941.5
1240890 941.1
1240900 941.1
1240910 938.0
1240920 932.2
1240930 932.2
1240940 928.1
1240950 921.7
1240960 921.7
1240970 914.7
1240980 919.1
1240990 919.1
1241000 928.7
1241010 932.8
1241020 932.8
1241030 931.3
1241040 928.9
1241050 928.9
1241060 927.4
1241070 925.2
1241080 925.2
1241090 923.4
1241100 922.2
1241110 921.2
1241120 921.2
1241130 919.6
1241140 917.6
1241150 917.6
1241160 915.0
1241170 915.1
1241180 915.1
1241190 914.1
1241200 915.2
1241210 915.2
1241220 916.9
1241230 916.8
1241240 916.8
1241250 910.3
1241260 901.6
1241270 901.6
1241280 893.6
1241290 885.3
1241300 885.3
1241310 876.7
1241320 872.5
1241330 872.5
1241340 872.4
1241350 881.0
1241360 891.3
1241370 891.3
1241380 898.6
1241390 905.3
1241400 905.3
1241410 913.3
1241420 920.6
1241430 920.6
1241440 921.4
1241450 918.7
1241460 918.7
1241470 915.5
1241480 912.2
1241490 912.2
1241500 908.9
1241510 905.8
1241520 905.8
1241530 902.9
1241540 900.1
1241550 900.1
1241560 897.5
1241570 895.9
1241580 895.9
1241590 895.4
1241600 895.0
1241610 895.0
1241620 894.7
1241630 894.7
1241640 894.4
1241650 894.4
1241660 894.1
1241670 893.7
1241680 893.7
1241690 894.2
1241700 893.6
1241710 893.6
1241720 893.0
1241730 892.5
1241740 892.5
1241750 892.2
1241760 892.0
1241770 892.0
1241780 891.9
1241790 891.7
1241800 891.7
1241810 891.7
1241820 891.0
1241830 891.0
1241840 890.6
1241850 889.0
1241860 889.0
1241870 887.2
1241880 885.7
1241890 883.9
1241900 883.9
1241910 884.2
1241920 884.8
1241930 884.8
1241940 885.0
1241950 885.1
1241960 885.1
1241970 883.8
1241980 879.8
1241990 879.8
1242000 873.7
1242010 866.5
1242020 866.5
1242030 858.7
1242040 856.0
1242050 856.0
1242060 859.1
1242070 865.7
1242080 865.7
1242090 872.1
1242100 877.8
1242110 877.8
1242120 878.4
1242130 876.4
1242140 876.4
1242150 872.5
1242160 869.4
1242170 869.6
1242180 869.6
1242190 871.7
1242200 874.0
1242210 874.0
1242220 877.7
1242230 877.5
1242240 877.5
1242250 877.2
1242260 876.7
1242270 876.7
1242280 876.0
1242290 875.0
1242300 875.0
1242310 873.9
1242320 872.8
1242330 872.8
1242340 871.7
1242350 870.7
1242360 870.7
1242370 869.5
1242380 867.7
1242390 867.7
1242400 866.4
1242410 864.8
1242420 862.5
1242430 862.5
1242440 860.8
1242450 859.0
1242460 859.0
1242470 857.8
1242480 856.6
1242490 856.6
1242500 854.6
1242510 852.2
1242520 852.2
1242530 849.2
1242540 845.7
1242550 845.7
1242560 841.3
1242570 834.6
1242580 834.6
1242590 827.6
1242600 820.4
1242610 820.4
1242620 813.7
1242630 809.3
1242640 809.3
1242650 809.2
1242660 811.1
1242670 811.1
1242680 814.3
1242690 816.2
1242700 816.6
1242710 816.6
1242720 818.0
1242730 820.3
1242740 824.9
1242750 822.2
1242760 820.6
1242770 820.6
1242780 818.3
1242790 816.2
1242800 816.2
1242810 813.4
1242820 809.7
1242830 809.7
1242840 807.5
1242850 807.5
1242860 807.5
1242870 808.2
1242880 808.4
1242890 808.4
1242900 808.0
1242910 807.7
1242920 807.7
1242930 806.8
1242940 804.7
1242950 802.6
1242960 802.6
1242970 801.0
1242980 800.1
1242990 800.1
1243000 797.2
1243010 789.1
1243020 789.1
1243030 783.5
1243040 786.5
1243050 786.5
1243060 794.1
1243070 797.2
1243080 797.2
1243090 793.6
1243100 788.9
1243110 788.9
1243120 783.2
1243130 775.8
1243140 775.8
1243150 769.9
1243160 767.6
1243170 767.6
1243180 768.5
1243190 773.6
1243200 779.5
1243210 779.5
1243220 786.1
1243230 791.0
1243240 791.0
1243250 793.0
1243260 791.5
1243270 798.3
1243280 798.1
1243290 797.2
1243300 797.2
1243310 797.6
1243320 805.8
1243330 805.8
1243340 814.8
1243350 818.8
1243360 818.8
1243370 815.6
1243380 811.0
1243390 811.0
1243400 805.8
1243410 800.1
1243420 800.1
1243430 794.7
1243440 788.1
1243450 788.1
1243460 780.4
1243470 772.2
1243480 763.6
1243490 763.6
1243500 755.6
1243510 752.2
1243520 752.2
1243530 752.6
1243540 758.4
1243550 758.4
1243560 766.2
1243570 773.7
1243580 773.7
1243590 780.8
1243600 788.8
1243610 788.8
1243620 797.7
1243630 801.1
1243640 801.1
1243650 796.5
1243660 790.3
1243670 790.3
1243680 787.6
1243690 787.4
1243700 787.4
1243710 785.9
1243720 782.5
1243730 784.0
1243740 784.0
1243750 789.3
1243760 790.3
1243770 790.3
1243780 794.2
1243790 797.2
1243800 803.5
1243810 803.0
1243820 804.3
1243830 804.3
1243840 807.1
1243850 810.5
1243860 810.5
1243870 810.9
1243880 806.0
1243890 806.0
1243900 800.2
1243910 794.4
1243920 794.4
1243930 788.7
1243940 783.0
1243950 783.0
1243960 776.8
1243970 770.5
1243980 770.5
1243990 764.6
1244000 759.2
1244010 755.7
1244020 755.7
1244030 752.4
1244040 746.9
1244050 746.9
1244060 740.1
1244070 735.6
1244080 735.6
1244090 732.4
1244100 729.0
1244110 729.0
1244120 726.6
1244130 726.6
1244140 726.6
1244150 730.0
1244160 733.3
1244170 733.3
1244180 737.4
1244190 740.3
1244200 740.3
1244210 742.7
1244220 744.9
1244230 744.9
1244240 748.5
1244250 752.2
1244260 755.2
1244270 755.2
1244280 757.4
1244290 759.3
1244300 759.3
1244310 761.9
1244320 767.7
1244330 771.9
1244340 778.2
1244350 783.0
1244360 783.0
1244370 787.6
1244380 791.6
1244390 791.6
1244400 789.3
1244410 784.6
1244420 784.6
1244430 780.8
1244440 777.6
1244450 777.6
1244460 774.0
1244470 770.6
1244480 770.6
1244490 770.6
1244500 773.6
1244510 773.6
1244520 776.8
1244530 780.6
1244540 785.4
1244550 785.4
1244560 790.3
1244570 795.4
1244580 795.4
1244590 801.3
1244600 807.1
1244610 807.1
1244620 809.0
1244630 802.0
1244640 802.0
1244650 793.9
1244660 786.4
1244670 786.4
1244680 779.5
1244690 773.8
1244700 773.8
1244710 768.2
1244720 762.3
1244730 762.3
1244740 755.7
1244750 748.9
1244760 748.9
1244770 744.1
1244780 744.5
1244790 746.9
1244800 746.9
1244810 747.5
1244820 746.8
1244830 746.8
1244840 745.5
1244850 744.9
1244860 745.7
1244870 745.1
1244880 744.8
1244890 744.8
1244900 743.0
1244910 742.4
1244920 742.4
1244930 742.4
1244940 742.0
1244950 742.0
1244960 739.0
1244970 731.7
1244980 731.7
1244990 722.2
1245000 716.6
1245010 716.6
1245020 712.6
1245030 706.9
1245040 706.9
1245050 700.9
1245060 698.2
1245070 698.2
1245080 698.2
1245090 699.2
1245100 703.0
1245110 703.0
1245120 707.4
1245130 710.2
1245140 710.2
1245150 709.3
1245160 707.5
1245170 707.5
1245180 707.3
1245190 710.0
1245200 710.0
1245210 716.3
1245220 718.0
1245230 718.0
1245240 714.4
1245250 710.0
1245260 710.0
1245270 707.1
1245280 708.4
1245290 708.4
1245300 712.7
1245310 715.4
1245320 718.5
1245330 718.5
1245340 721.6
1245350 723.8
1245360 723.8
1245370 726.8
1245380 728.2
1245390 734.7
1245400 735.4
1245410 739.5
1245420 739.5
1245430 744.6
1245440 746.0
1245450 746.0
1245460 751.2
1245470 755.0
1245480 755.0
1245490 753.9
1245500 752.9
1245510 752.9
1245520 751.9
1245530 750.4
1245540 750.4
1245550 749.4
1245560 748.6
1245570 748.6
1245580 747.4
1245590 746.1
1245600 744.6
1245610 744.6
1245620 743.3
1245630 741.9
1245640 741.9
1245650 740.6
1245660 739.8
1245670 739.8
1245680 739.1
1245690 735.6
1245700 735.6
1245710 730.2
1245720 726.9
1245730 726.9
1245740 726.9
1245750 728.6
1245760 728.6
1245770 728.7
1245780 728.8
1245790 728.8
1245800 729.5
1245810 730.1
1245820 730.1
1245830 731.8
1245840 733.4
1245850 733.8
1245860 733.8
1245870 733.0
1245880 729.4
1245890 729.4
1245900 726.9
1245910 726.7
1245920 729.5
1245930 722.3
1245940 714.9
1245950 714.9
1245960 708.0
1245970 701.8
1245980 701.8
1245990 701.4
1246000 704.1
1246010 704.1
1246020 706.0
1246030 707.1
1246040 707.1
1246050 706.7
1246060 703.2
1246070 703.2
1246080 697.0
1246090 689.3
1246100 689.3
1246110 682.2
1246120 675.9
1246130 677.0
1246140 677.0
1246150 680.4
1246160 680.0
1246170 680.0
1246180 675.6
1246190 670.5
1246200 670.5
1246210 667.4
1246220 667.3
1246230 667.3
1246240 669.1
1246250 670.0
1246260 670.0
1246270 667.7
1246280 666.1
1246290 666.1
1246300 670.0
1246310 670.5
1246320 670.5
1246330 669.9
1246340 668.9
1246350 668.9
1246360 667.9
1246370 667.0
1246380 664.0
1246390 664.0
1246400 659.6
1246410 657.7
1246420 657.7
1246430 656.3
1246440 655.6
1246450 655.6
1246460 656.1
1246470 653.3
1246480 653.3
1246490 649.6
1246500 648.2
1246510 648.2
1246520 645.8
1246530 643.1
1246540 643.1
1246550 642.7
1246560 641.5
1246570 641.5
1246580 641.0
1246590 643.9
1246600 643.9
1246610 644.8
1246620 642.9
1246630 642.9
1246640 640.7
1246650 640.5
1246660 640.3
1246670 640.3
1246680 640.4
1246690 638.7
1246700 638.7
1246710 634.7
1246720 631.8
1246730 631.8
1246740 629.4
1246750 628.1
1246760 628.1
1246770 626.9
1246780 624.9
1246790 624.9
1246800 623.2
1246810 622.2
1246820 622.2
1246830 621.2
1246840 619.4
1246850 619.4
1246860 616.9
1246870 614.8
1246880 614.8
1246890 612.8
1246900 611.3
1246910 608.6
1246920 608.6
1246930 607.1
1246940 607.0
1246950 607.0
1246960 607.0
1246970 607.0
1246980 607.0
1246990 606.8
1247000 606.9
1247010 606.9
1247020 606.9
1247030 606.9
1247040 606.9
1247050 606.8
1247060 606.7
1247070 606.7
1247080 606.6
1247090 606.6
1247100 606.6
1247110 606.9
1247120 607.4
1247130 607.4
1247140 607.7
1247150 608.2
1247160 608.2
1247170 608.9
1247180 609.2
1247190 609.7
1247200 609.7
1247210 609.9
1247220 611.2
1247230 611.2
1247240 611.6
1247250 611.0
1247260 611.0
1247270 610.8
1247280 611.0
1247290 611.0
1247300 612.1
1247310 612.6
1247320 612.6
1247330 612.9
1247340 613.3
1247350 613.3
1247360 613.8
1247370 614.3
1247380 614.3
1247390 615.0
1247400 615.0
1247410 615.0
1247420 614.8
1247430 614.2
1247440 613.8
1247450 613.8
1247460 613.3
1247470 613.0
1247480 613.0
1247490 612.8
1247500 612.6
1247510 612.6
1247520 612.5
1247530 613.2
1247540 613.2
1247550 613.0
1247560 612.8
1247570 612.8
1247580 612.5
1247590 612.3
1247600 612.3
1247610 612.0
1247620 611.7
1247630 611.7
1247640 611.5
1247650 611.2
1247660 611.2
1247670 611.0
1247680 610.7
1247690 610.3
1247700 610.3
1247710 609.9
1247720 609.4
1247730 609.4
1247740 608.9
1247750 608.3
1247760 608.3
1247770 607.8
1247780 607.3
1247790 607.3
1247800 606.8
1247810 606.3
1247820 606.3
1247830 605.8
1247840 605.4
1247850 605.4
1247860 605.0
1247870 604.4
1247880 604.4
1247890 603.8
1247900 603.4
1247910 603.4
1247920 602.9
1247930 602.4
1247940 602.4
1247950 601.9
1247960 601.4
1247970 601.0
1247980 601.0
1247990 600.5
1248000 600.2
1248010 600.2
1248020 599.9
1248030 599.4
1248040 599.4
1248050 598.9
1248060 598.7
1248070 598.8
1248080 598.5
1248090 598.3
1248100 598.3
1248110 598.1
1248120 597.8
1248130 597.8
1248140 597.6
1248150 597.5
1248160 597.5
1248170 597.3
1248180 597.2
1248190 597.2
1248200 597.1
1248210 597.0
1248220 596.9
1248230 596.9
1248240 597.0
1248250 597.0
1248260 597.0
1248270 596.8
1248280 596.7
1248290 596.7
1248300 596.6
1248310 596.5
1248320 596.5
1248330 596.7
1248340 596.5
1248350 596.5
1248360 596.3
1248370 596.1
1248380 596.1
1248390 596.1
1248400 596.2
1248410 596.2
1248420 596.1
1248430 596.1
1248440 596.1
1248450 596.0
1248460 596.0
1248470 596.0
1248480 596.0
1248490 596.0
1248500 596.0
1248510 596.0
1248520 596.0
1248530 596.1
1248540 596.1
1248550 596.2
1248560 596.0
1248570 596.0
1248580 596.0
1248590 596.0
1248600 596.0
1248610 596.1
1248620 596.1
1248630 596.1
1248640 596.1
1248650 596.1
1248660 596.1
1248670 596.1
1248680 596.0
1248690 596.0
1248700 596.0
1248710 596.0
1248720 596.0
1248730 596.0
1248740 596.0
1248750 596.0
1248760 596.0
1248770 596.0
1248780 596.0
1248790 596.0
1248800 596.0
1248810 596.0
1248820 596.0
1248830 596.0
1248840 596.0
1248850 596.0
1248860 596.0
1248870 596.0
1248880 596.0
1248890 596.0
1248900 596.0
1248910 596.0
1248920 596.0
1248930 596.0
1248940 596.0
1248950 596.0
1248960 596.1
1248970 596.1
1248980 596.1
1248990 596.1
1249000 596.1
1249010 596.1
1249020 596.1
1249030 596.1
1249040 596.1
1249050 596.1
1249060 595.9
1249070 595.9
1249080 595.7
1249090 595.6
1249100 595.6
1249110 595.4
1249120 595.8
1249130 595.8
1249140 596.5
1249150 596.1
1249160 596.1
1249170 596.5
1249180 596.1
1249190 596.1
1249200 595.3
1249210 595.0
1249220 595.0
1249230 594.8
1249240 594.7
1249250 594.7
1249260 595.0
1249270 595.0
1249280 595.0
1249290 595.0
1249300 595.0
1249310 594.9
1249320 594.9
1249330 594.9
1249340 594.9
1249350 594.9
1249360 595.1
1249370 595.2
1249380 595.2
1249390 595.1
1249400 595.1
1249410 595.1
1249420 595.2
1249430 594.9
1249440 594.9
1249450 594.8
1249460 594.9
1249470 594.9
1249480 594.9
1249490 594.8
1249500 594.8
1249510 594.8
1249520 594.8
1249530 594.8
1249540 594.8
1249550 594.8
1249560 594.7
1249570 594.7
1249580 594.7
1249590 594.6
1249600 594.6
1249610 595.1
1249620 596.3
1249630 596.3
1249640 595.4
1249650 595.3
1249660 595.3
1249670 595.5
1249680 595.5
1249690 595.5
1249700 595.6
1249710 595.5
1249720 595.5
1249730 595.7
1249740 594.2
1249750 594.2
1249760 594.0
1249770 596.2
1249780 596.2
1249790 600.5
1249800 601.2
1249810 600.9
1249820 600.9
1249830 600.8
1249840 599.4
1249850 599.4
1249860 595.7
1249870 594.5
1249880 594.5
1249890 594.3
1249900 594.4
1249910 594.4
1249920 594.4
1249930 594.5
1249940 594.5
1249950 594.5
1249960 594.4
1249970 594.4
1249980 594.3
1249990 594.8
1250000 594.8
1250010 597.3
1250020 601.2
1250030 601.2
1250040 602.8
1250050 603.0
1250060 603.0
1250070 602.9
1250080 602.8
1250090 602.2
1250100 602.2
1250110 601.8
1250120 601.3
1250130 601.3
1250140 601.1
1250150 600.5
1250160 600.5
1250170 596.4
1250180 594.4
1250190 594.4
1250200 594.1
1250210 594.1
1250220 594.1
1250230 594.1
1250240 594.1
1250250 594.1
1250260 594.1
1250270 594.0
1250280 594.0
1250290 594.0
1250300 594.1
1250310 594.1
1250320 594.2
1250330 594.2
1250340 594.1
1250350 594.1
1250360 594.1
1250370 594.1
1250380 594.1
1250390 594.0
1250400 594.0
1250410 594.0
1250420 594.1
1250430 594.2
1250440 594.2
1250450 594.3
1250460 594.3
1250470 594.3
1250480 594.4
1250490 594.5
1250500 594.5
1250510 594.5
1250520 594.5
1250530 594.5
1250540 594.5
1250550 594.6
1250560 594.6
1250570 594.6
1250580 594.6
1250590 594.6
1250600 594.7
1250610 594.7
1250620 595.4
1250630 595.4
1250640 596.1
1250650 593.4
1250660 593.4
1250670 591.8
1250680 591.7
1250690 591.7
1250700 591.7
1250710 591.7
1250720 591.7
1250730 591.7
1250740 591.7
1250750 591.7
1250760 591.7
1250770 591.8
1250780 591.8
1250790 593.2
1250800 596.6
1250810 596.6
1250820 597.1
1250830 596.7
1250840 596.7
1250850 596.9
1250860 597.1
1250870 597.1
1250880 597.1
1250890 597.0
1250900 597.0
1250910 597.0
1250920 597.3
1250930 597.7
1250940 597.7
1250950 597.9
1250960 597.1
1250970 597.1
1250980 597.9
1250990 599.5
1251000 599.5
1251010 599.9
1251020 600.0
1251030 600.0
1251040 600.0
1251050 600.4
1251060 600.4
1251070 600.8
1251080 601.4
1251090 601.4
1251100 603.0
1251110 606.0
1251120 606.0
1251130 608.0
1251140 608.4
1251150 608.9
1251160 608.9
1251170 609.1
1251180 608.6
1251190 608.6
1251200 608.4
1251210 608.3
1251220 608.3
1251230 608.2
1251240 608.3
1251250 608.3
1251260 608.9
1251270 609.4
1251280 609.4
1251290 609.3
1251300 609.1
1251310 609.1
1251320 608.7
1251330 608.9
1251340 608.9
1251350 609.3
1251360 609.4
1251370 609.4
1251380 609.5
1251390 608.9
1251400 609.1
1251410 609.1
1251420 608.3
1251430 608.5
1251440 608.5
1251450 609.7
1251460 610.3
1251470 610.3
1251480 610.2
1251490 610.0
1251500 610.0
1251510 610.2
1251520 610.1
1251530 610.1
1251540 610.4
1251550 610.4
1251560 610.4
1251570 609.9
1251580 609.7
1251590 609.7
1251600 609.6
1251610 609.0
1251620 609.0
1251630 608.8
1251640 608.4
1251650 608.1
1251660 608.1
1251670 608.0
1251680 607.8
1251690 607.8
1251700 607.7
1251710 607.7
1251720 607.7
1251730 607.6
1251740 607.2
1251750 607.2
1251760 606.3
1251770 605.4
1251780 605.4
1251790 606.1
1251800 606.3
1251810 606.3
1251820 606.0
1251830 605.9
1251840 605.9
1251850 605.8
1251860 605.7
1251870 605.7
1251880 605.6
1251890 605.8
1251900 605.8
1251910 605.9
1251920 605.8
1251930 605.7
1251940 605.7
1251950 605.8
1251960 606.0
1251970 606.0
1251980 605.9
1251990 606.3
1252000 606.3
1252010 606.3
1252020 606.3
1252030 606.3
1252040 606.3
1252050 606.4
1252060 606.4
1252070 606.5
1252080 606.9
1252090 606.9
1252100 607.3
1252110 607.2
1252120 607.2
1252130 607.1
1252140 607.2
1252150 607.2
1252160 607.0
1252170 607.1
1252180 607.2
1252190 607.2
1252200 607.1
1252210 607.2
1252220 607.2
1252230 607.2
1252240 607.5
1252250 607.5
1252260 607.3
1252270 607.5
1252280 607.5
1252290 607.6
1252300 607.5
1252310 607.5
1252320 607.8
1252330 607.9
1252340 607.9
1252350 607.9
1252360 608.3
1252370 608.3
1252380 608.3
1252390 607.8
1252400 607.8
1252410 607.3
1252420 607.7
1252430 607.7
1252440 609.1
1252450 608.8
1252460 609.2
1252470 609.2
1252480 609.9
1252490 609.6
1252500 609.6
1252510 609.2
1252520 609.1
1252530 609.1
1252540 608.5
1252550 608.4
1252560 608.4
1252570 608.7
1252580 608.5
1252590 608.5
1252600 608.5
1252610 609.3
1252620 609.3
1252630 609.4
1252640 609.4
1252650 609.4
1252660 609.3
1252670 609.3
1252680 609.3
1252690 609.7
1252700 609.9
1252710 610.0
1252720 610.0
1252730 610.1
1252740 609.9
1252750 609.9
1252760 609.9
1252770 610.0
1252780 610.0
1252790 609.6
1252800 609.4
1252810 609.4
1252820 609.2
1252830 609.0
1252840 609.0
1252850 608.8
1252860 608.7
1252870 608.7
1252880 608.6
1252890 608.5
1252900 608.5
1252910 608.5
1252920 608.4
1252930 608.4
1252940 608.3
1252950 608.2
1252960 607.8
1252970 607.7
1252980 607.5
1252990 607.3
1253000 607.3
1253010 607.1
1253020 606.9
1253030 606.9
1253040 606.8
1253050 606.7
1253060 606.7
1253070 606.7
1253080 606.2
1253090 606.2
1253100 605.8
1253110 605.6
1253120 605.6
1253130 605.4
1253140 605.3
1253150 605.3
1253160 604.9
1253170 604.8
1253180 604.8
1253190 604.8
1253200 604.7
1253210 604.7
1253220 604.6
1253230 604.3
1253240 602.1
1253250 602.1
1253260 599.9
1253270 601.4
1253280 601.4
1253290 602.5
1253300 602.6
1253310 602.6
1253320 603.2
1253330 603.9
1253340 603.9
1253350 604.0
1253360 602.9
1253370 602.9
1253380 605.2
1253390 605.6
1253400 605.6
1253410 605.7
1253420 605.9
1253430 605.9
1253440 605.5
1253450 604.4
1253460 604.4
1253470 607.6
1253480 607.7
1253490 607.7
1253500 606.6
1253510 608.5
1253520 607.7
1253530 607.7
1253540 604.4
1253550 602.5
1253560 602.5
1253570 602.6
1253580 602.8
1253590 602.8
1253600 602.3
1253610 600.7
1253620 600.7
1253630 599.8
1253640 599.0
1253650 599.0
1253660 598.5
1253670 598.3
1253680 598.3
1253690 598.3
1253700 598.6
1253710 598.6
1253720 598.8
1253730 598.1
1253740 598.1
1253750 597.5
1253760 597.2
1253770 597.6
1253780 597.6
1253790 600.2
1253800 603.8
1253810 603.8
1253820 606.4
1253830 608.6
1253840 608.6
1253850 609.7
1253860 610.0
1253870 610.0
1253880 609.3
1253890 609.3
1253900 609.3
1253910 610.0
1253920 610.6
1253930 610.6
1253940 610.9
1253950 611.1
1253960 611.1
1253970 611.2
1253980 611.0
1253990 611.0
1254000 610.9
1254010 611.6
1254020 611.6
1254030 612.5
1254040 614.7
1254050 624.7
1254060 617.8
1254070 622.3
1254080 626.5
1254090 626.5
1254100 632.7
1254110 638.9
1254120 638.9
1254130 648.8
1254140 658.2
1254150 658.2
1254160 675.1
1254170 691.6
1254180 691.6
1254190 701.0
1254200 706.1
1254210 706.1
1254220 710.4
1254230 716.1
1254240 716.1
1254250 722.4
1254260 727.1
1254270 727.1
1254280 732.4
1254290 736.6
1254300 738.3
1254310 738.3
1254320 739.6
1254330 741.0
1254340 741.0
1254350 742.0
1254360 742.1
1254370 742.1
1254380 742.5
1254390 743.1
1254400 743.1
1254410 741.9
1254420 735.3
1254430 735.3
1254440 723.6
1254450 731.3
1254460 731.3
1254470 744.1
1254480 749.6
1254490 749.6
1254500 752.8
1254510 751.3
1254520 751.3
1254530 753.6
1254540 759.3
1254550 763.0
1254560 763.0
1254570 772.2
1254580 773.3
1254590 773.3
1254600 769.2
1254610 744.3
1254620 744.3
1254630 748.5
1254640 753.7
1254650 753.7
1254660 758.7
1254670 760.3
1254680 760.3
1254690 766.3
1254700 777.2
1254710 777.2
1254720 781.1
1254730 785.3
1254740 785.3
1254750 793.6
1254760 804.6
1254770 804.6
1254780 810.5
1254790 819.7
1254800 819.7
1254810 825.6
1254820 830.3
1254830 864.2
1254840 864.2
1254850 922.7
1254860 952.0
1254870 952.0
1254880 981.7
1254890 1017.7
1254900 1017.7
1254910 1029.1
1254920 1036.7
1254930 1036.7
1254940 1043.6
1254950 1064.3
1254960 1064.3
1254970 1087.2
1254980 1097.2
1254990 1097.2
1255000 1101.0
1255010 1106.0
1255020 1106.0
1255030 1108.8
1255040 1108.6
1255050 1108.6
1255060 1107.1
1255070 1103.7
1255080 1098.9
1255090 1098.9
1255100 1093.4
1255110 1087.3
1255120 1087.3
1255130 1080.2
1255140 1072.2
1255150 1072.2
1255160 1065.5
1255170 1051.5
1255180 1051.5
1255190 1044.2
1255200 1036.8
1255210 1036.8
1255220 1029.1
1255230 1020.8
1255240 1020.8
1255250 1012.5
1255260 1004.3
1255270 1004.3
1255280 995.8
1255290 986.6
1255300 986.6
1255310 974.4
1255320 959.6
1255330 959.6
1255340 948.8
1255350 942.9
1255360 935.3
1255370 935.3
1255380 926.8
1255390 920.1
1255400 920.1
1255410 912.4
1255420 905.0
1255430 905.0
1255440 898.6
1255450 892.9
1255460 892.9
1255470 888.2
1255480 883.3
1255490 883.3
1255500 876.4
1255510 868.8
1255520 868.8
1255530 860.9
1255540 854.1
1255550 854.1
1255560 850.4
1255570 847.6
1255580 847.6
1255590 841.0
1255600 835.3
1255610 834.9
1255620 834.9
1255630 833.8
1255640 831.0
1255650 831.0
1255660 827.1
1255670 822.4
1255680 822.4
1255690 818.0
1255700 817.2
1255710 817.2
1255720 809.1
1255730 808.1
1255740 808.1
1255750 806.9
1255760 811.6
1255770 811.6
1255780 813.7
1255790 816.0
1255800 816.0
1255810 818.5
1255820 824.5
1255830 824.5
1255840 828.3
1255850 832.8
1255860 832.8
1255870 837.1
1255880 851.2
1255890 869.7
1255900 869.7
1255910 880.8
1255920 902.7
1255930 902.7
1255940 926.0
1255950 947.6
1255960 947.6
1255970 962.5
1255980 971.6
1255990 971.6
1256000 976.0
1256010 975.3
1256020 975.3
1256030 968.9
1256040 960.1
1256050 960.1
1256060 950.3
1256070 942.6
1256080 942.6
1256090 937.8
1256100 934.3
1256110 934.3
1256120 932.4
1256130 934.6
1256140 935.9
1256150 935.9
1256160 934.7
1256170 932.3
1256180 932.3
1256190 933.2
1256200 931.9
1256210 931.9
1256220 926.6
1256230 920.8
1256240 920.8
1256250 917.9
1256260 915.4
1256270 915.4
1256280 905.6
1256290 901.2
1256300 901.2
1256310 896.6
1256320 891.5
1256330 891.5
1256340 883.2
1256350 865.5
1256360 865.5
1256370 844.8
1256380 857.9
1256390 873.8
1256400 873.8
1256410 883.0
1256420 908.8
1256430 908.8
1256440 949.9
1256450 966.9
1256460 966.9
1256470 976.3
1256480 983.7
1256490 983.7
1256500 985.5
1256510 982.1
1256520 982.1
1256530 982.2
1256540 986.5
1256550 986.5
1256560 988.9
1256570 988.1
1256580 988.1
1256590 984.5
1256600 981.3
1256610 981.3
1256620 980.1
1256630 978.0
1256640 978.0
1256650 976.8
1256660 976.4
1256670 974.9
1256680 974.9
1256690 968.2
1256700 961.4
1256710 961.4
1256720 957.5
1256730 953.8
1256740 953.8
1256750 950.2
1256760 947.3
1256770 947.3
1256780 946.7
1256790 946.3
1256800 946.3
1256810 948.1
1256820 946.3
1256830 946.3
1256840 928.1
1256850 933.0
1256860 933.0
1256870 933.5
1256880 932.5
1256890 932.5
1256900 935.0
1256910 936.5
1256920 938.8
1256930 938.8
1256940 944.6
1256950 949.6
1256960 949.6
1256970 953.5
1256980 957.0
1256990 957.0
1257000 961.3
1257010 965.2
1257020 965.2
1257030 965.8
1257040 964.5
1257050 964.5
1257060 963.3
1257070 959.9
1257080 959.9
1257090 967.7
1257100 976.8
1257110 976.8
1257120 976.2
1257130 975.8
1257140 975.8
1257150 977.4
1257160 979.7
1257170 979.7
1257180 977.0
1257190 962.7
1257200 938.6
1257210 938.6
1257220 922.1
1257230 929.7
1257240 929.7
1257250 941.7
1257260 951.3
1257270 951.3
1257280 962.6
1257290 972.9
1257300 972.9
1257310 958.6
1257320 948.7
1257330 948.7
1257340 977.6
1257350 998.0
1257360 998.0
1257370 1005.8
1257380 1012.9
1257390 1012.9
1257400 1023.7
1257410 1036.2
1257420 1036.2
1257430 1046.6
1257440 1054.2
1257450 1060.2
1257460 1060.2
1257470 1064.7
1257480 1069.4
1257490 1069.4
1257500 1070.7
1257510 1067.6
1257520 1067.6
1257530 1062.7
1257540 1047.6
1257550 1047.6
1257560 1025.3
1257570 1018.1
1257580 1018.1
1257590 1014.7
1257600 1010.2
1257610 1010.2
1257620 1007.6
1257630 1005.1
1257640 1005.1
1257650 1002.8
1257660 1005.1
1257670 1005.1
1257680 1005.9
1257690 1006.9
1257700 1006.9
1257710 1010.2
1257720 1014.9
1257730 1014.7
1257740 1014.7
1257750 1012.1
1257760 1008.9
1257770 1008.9
1257780 1006.7
1257790 1005.0
1257800 1005.0
1257810 1001.4
1257820 995.7
1257830 995.7
1257840 989.2
1257850 983.5
1257860 983.5
1257870 977.7
1257880 971.6
1257890 971.6
1257900 967.5
1257910 965.3
1257920 965.3
1257930 963.6
1257940 961.0
1257950 961.0
1257960 953.3
1257970 950.3
1257980 947.3
1257990 947.3
1258000 945.3
1258010 943.6
1258020 943.6
1258030 941.4
1258040 939.2
1258050 939.2
1258060 935.9
1258070 929.2
1258080 929.2
1258090 922.1
1258100 916.7
1258110 916.7
1258120 911.7
1258130 906.8
1258140 906.8
1258150 903.4
1258160 900.4
1258170 900.4
1258180 896.2
1258190 890.1
1258200 890.1
1258210 885.5
1258220 881.9
1258230 881.9
1258240 878.2
1258250 874.5
1258260 871.1
1258270 871.1
1258280 867.0
1258290 862.5
1258300 862.5
1258310 858.6
1258320 854.4
1258330 854.4
1258340 849.7
1258350 844.3
1258360 844.3
1258370 836.9
1258380 826.4
1258390 826.4
1258400 816.4
1258410 812.2
1258420 812.2
1258430 808.5
1258440 804.8
1258450 804.8
1258460 801.4
1258470 799.1
1258480 799.1
1258490 796.9
1258500 794.6
1258510 792.3
1258520 786.0
1258530 783.1
1258540 778.5
1258550 778.5
1258560 773.8
1258570 770.1
1258580 770.1
1258590 768.1
1258600 766.6
1258610 766.6
1258620 764.8
1258630 763.6
1258640 763.6
1258650 763.7
1258660 764.3
1258670 764.3
1258680 765.4
1258690 766.6
1258700 766.6
1258710 767.3
1258720 763.7
1258730 763.7
1258740 758.4
1258750 752.0
1258760 746.9
1258770 746.9
1258780 744.8
1258790 744.0
1258800 744.0
1258810 743.3
1258820 742.1
1258830 742.1
1258840 740.6
1258850 739.2
1258860 739.2
1258870 738.1
1258880 736.1
1258890 736.1
1258900 733.9
1258910 731.5
1258920 731.5
1258930 730.2
1258940 729.3
1258950 729.3
1258960 727.6
1258970 725.2
1258980 725.2
1258990 722.1
1259000 719.6
1259010 719.6
1259020 717.1
1259030 714.6
1259040 714.6
1259050 714.6
1259060 714.5
1259070 711.9
1259080 708.3
1259090 705.6
1259100 703.4
1259110 703.4
1259120 701.1
1259130 699.7
1259140 699.7
1259150 699.7
1259160 700.8
1259170 700.8
1259180 701.1
1259190 700.1
1259200 700.1
1259210 700.0
1259220 700.2
1259230 700.2
1259240 698.1
1259250 698.8
1259260 698.8
1259270 697.2
1259280 696.4
1259290 695.3
1259300 695.3
1259310 694.6
1259320 693.1
1259330 693.1
1259340 691.8
1259350 690.8
1259360 690.8
1259370 689.8
1259380 694.5
1259390 694.5
1259400 702.5
1259410 708.2
1259420 708.2
1259430 708.4
1259440 704.0
1259450 704.0
1259460 697.4
1259470 690.9
1259480 690.9
1259490 684.5
1259500 680.9
1259510 680.9
1259520 680.4
1259530 680.4
1259540 680.4
1259550 680.6
1259560 680.4
1259570 680.5
1259580 680.5
1259590 681.3
1259600 682.1
1259610 682.1
1259620 683.0
1259630 683.1
1259640 683.1
1259650 679.9
1259660 678.7
1259670 678.7
1259680 677.4
1259690 676.2
1259700 676.2
1259710 675.2
1259720 674.3
1259730 674.3
1259740 673.4
1259750 672.4
1259760 672.4
1259770 671.8
1259780 671.6
1259790 671.6
1259800 671.5
1259810 671.3
1259820 671.2
1259830 671.2
1259840 671.2
1259850 671.3
1259860 671.3
1259870 671.3
1259880 671.1
1259890 671.1
1259900 671.0
1259910 671.3
1259920 671.3
1259930 671.8
1259940 672.2
1259950 672.2
1259960 672.0
1259970 671.4
1259980 671.4
1259990 672.1
