1240000 866.4
1240010 865.6
1240020 865.6
1240030 864.9
1240040 864.0
1240050 864.0
1240060 863.1
1240070 862.1
1240080 862.1
1240090 861.1
1240100 860.2
1240110 860.2
1240120 859.4
1240130 858.5
1240140 858.5
1240150 857.5
1240160 856.6
1240170 856.6
1240180 855.6
1240190 854.6
1240200 854.6
1240210 853.7
1240220 852.8
1240230 852.8
1240240 851.8
1240250 850.9
1240260 849.9
1240270 849.9
1240280 848.7
1240290 847.8
1240300 847.8
1240310 847.0
1240320 846.0
1240330 846.0
1240340 844.6
1240350 842.6
1240360 842.6
1240370 836.8
1240380 830.4
1240390 830.4
1240400 824.8
1240410 823.6
1240420 823.6
1240430 827.6
1240440 833.3
1240450 837.5
1240460 838.1
1240470 837.0
1240480 837.0
1240490 836.0
1240500 834.9
1240510 833.5
1240520 833.5
1240530 833.3
1240540 833.2
1240550 833.2
1240560 832.8
1240570 832.3
1240580 832.3
1240590 831.5
1240600 830.8
1240610 830.8
1240620 830.4
1240630 830.1
1240640 830.1
1240650 829.5
1240660 828.7
1240670 828.7
1240680 828.3
1240690 827.9
1240700 827.9
1240710 826.8
1240720 822.0
1240730 822.0
1240740 813.6
1240750 806.3
1240760 806.3
1240770 802.3
1240780 799.4
1240790 796.8
1240800 796.8
1240810 789.4
1240820 781.4
1240830 781.4
1240840 774.8
1240850 768.0
1240860 768.0
1240870 760.7
1240880 756.2
1240890 756.2
1240900 759.0
1240910 766.3
1240920 766.3
1240930 773.5
1240940 781.2
1240950 781.2
1240960 794.0
1240970 805.4
1240980 805.4
1240990 810.5
1241000 804.8
1241010 804.8
1241020 797.7
1241030 792.6
1241040 786.6
1241050 786.6
1241060 783.4
1241070 783.0
1241080 783.0
1241090 781.6
1241100 779.4
1241110 779.4
1241120 781.6
1241130 788.8
1241140 788.8
1241150 795.0
1241160 797.7
1241170 797.7
1241180 799.3
1241190 802.6
1241200 802.6
1241210 805.4
1241220 803.9
1241230 803.9
1241240 804.2
1241250 808.3
1241260 808.3
1241270 808.9
1241280 803.2
1241290 803.2
1241300 797.0
1241310 790.9
1241320 784.8
1241330 784.8
1241340 779.1
1241350 773.9
1241360 773.9
1241370 770.1
1241380 765.7
1241390 765.7
1241400 766.7
1241410 773.4
1241420 773.4
1241430 780.5
1241440 787.6
1241450 787.6
1241460 795.3
1241470 802.6
1241480 802.6
1241490 810.6
1241500 811.5
1241510 811.5
1241520 811.4
1241530 811.1
1241540 811.1
1241550 811.0
1241560 809.8
1241570 804.6
1241580 804.6
1241590 797.8
1241600 791.5
1241610 791.5
1241620 783.4
1241630 775.1
1241640 775.1
1241650 767.7
1241660 763.2
1241670 763.2
1241680 758.7
1241690 750.8
1241700 750.8
1241710 743.3
1241720 736.1
1241730 736.1
1241740 729.8
1241750 723.8
1241760 723.8
1241770 718.4
1241780 714.4
1241790 714.4
1241800 711.7
1241810 709.2
1241820 709.2
1241830 707.0
1241840 705.0
1241850 703.4
1241860 703.4
1241870 702.0
1241880 700.6
1241890 700.6
1241900 699.1
1241910 698.0
1241920 698.0
1241930 697.8
1241940 700.0
1241950 700.0
1241960 699.1
1241970 695.0
1241980 695.0
1241990 692.4
1242000 691.0
1242010 691.0
1242020 694.2
1242030 693.6
1242040 693.6
1242050 693.1
1242060 692.7
1242070 692.7
1242080 692.3
1242090 691.8
1242100 691.1
1242110 691.1
1242120 690.1
1242130 689.1
1242140 689.1
1242150 688.1
1242160 687.1
1242170 687.1
1242180 685.9
1242190 684.4
1242200 684.4
1242210 683.0
1242220 681.5
1242230 681.5
1242240 680.5
1242250 680.2
1242260 680.2
1242270 680.3
1242280 680.2
1242290 680.2
1242300 680.7
1242310 681.2
1242320 681.2
1242330 681.8
1242340 683.6
1242350 683.6
1242360 687.3
1242370 691.8
1242380 696.3
1242390 696.3
1242400 700.7
1242410 704.4
1242420 704.4
1242430 707.3
1242440 710.3
1242450 710.3
1242460 712.5
1242470 710.9
1242480 710.9
1242490 706.1
1242500 700.6
1242510 700.6
1242520 695.1
1242530 689.5
1242540 686.2
1242550 681.7
1242560 679.0
1242570 679.0
1242580 677.6
1242590 676.2
1242600 676.2
1242610 674.6
1242620 673.0
1242630 671.4
1242640 671.4
1242650 670.2
1242660 669.3
1242670 669.3
1242680 668.2
1242690 666.8
1242700 666.8
1242710 665.1
1242720 663.3
1242730 663.3
1242740 661.5
1242750 659.6
1242760 659.6
1242770 657.4
1242780 655.4
1242790 655.4
1242800 653.7
1242810 651.8
1242820 651.8
1242830 650.2
1242840 649.4
1242850 649.4
1242860 647.3
1242870 646.1
1242880 646.1
1242890 644.8
1242900 643.0
1242910 641.6
1242920 641.6
1242930 641.0
1242940 641.7
1242950 641.7
1242960 642.7
1242970 646.2
1242980 646.2
1242990 649.8
1243000 652.9
1243010 652.9
1243020 656.2
1243030 659.6
1243040 659.6
1243050 662.8
1243060 665.3
1243070 671.3
1243080 671.0
1243090 668.1
1243100 668.1
1243110 664.2
1243120 662.7
1243130 662.7
1243140 666.7
1243150 674.0
1243160 681.4
1243170 681.4
1243180 687.9
1243190 689.5
1243200 689.5
1243210 686.2
1243220 682.9
1243230 682.9
1243240 680.4
1243250 678.7
1243260 678.7
1243270 677.9
1243280 677.2
1243290 677.2
1243300 676.6
1243310 675.1
1243320 675.1
1243330 670.8
1243340 664.0
1243350 664.0
1243360 656.4
1243370 648.8
1243380 648.8
1243390 642.7
1243400 638.9
1243410 638.9
1243420 637.6
1243430 637.1
1243440 637.4
1243450 637.4
1243460 639.7
1243470 645.3
1243480 645.3
1243490 652.3
1243500 656.6
1243510 656.6
1243520 655.0
1243530 651.2
1243540 651.2
1243550 648.4
1243560 647.7
1243570 647.7
1243580 646.9
1243590 644.5
1243600 649.3
1243610 645.8
1243620 641.5
1243630 641.5
1243640 635.6
1243650 629.3
1243660 629.3
1243670 624.6
1243680 623.3
1243690 625.1
1243700 625.1
1243710 629.2
1243720 633.6
1243730 633.6
1243740 636.3
1243750 636.2
1243760 636.2
1243770 633.4
1243780 629.7
1243790 629.7
1243800 628.8
1243810 629.3
1243820 629.3
1243830 629.0
1243840 629.0
1243850 629.0
1243860 627.8
1243870 627.2
1243880 627.2
1243890 626.5
1243900 625.0
1243910 625.0
1243920 622.2
1243930 618.9
1243940 618.9
1243950 618.0
1243960 618.1
1243970 618.7
1243980 618.7
1243990 619.5
1244000 620.2
1244010 620.2
1244020 621.1
1244030 622.0
1244040 622.0
1244050 622.8
1244060 623.4
1244070 623.4
1244080 624.1
1244090 624.9
1244100 624.9
1244110 625.8
1244120 626.7
1244130 627.4
1244140 628.3
1244150 629.2
1244160 629.2
1244170 630.1
1244180 631.1
1244190 631.1
1244200 632.0
1244210 632.8
1244220 633.6
1244230 633.6
1244240 634.3
1244250 635.1
1244260 635.1
1244270 635.0
1244280 635.3
1244290 635.3
1244300 635.5
1244310 635.4
1244320 635.4
1244330 635.3
1244340 635.4
1244350 635.4
1244360 635.6
1244370 635.7
1244380 635.7
1244390 635.8
1244400 635.7
1244410 635.7
1244420 635.5
1244430 635.1
1244440 635.1
1244450 634.8
1244460 634.7
1244470 634.7
1244480 634.6
1244490 634.4
1244500 634.4
1244510 634.4
1244520 634.4
1244530 634.3
1244540 634.3
1244550 634.5
1244560 634.7
1244570 634.7
1244580 634.8
1244590 634.8
1244600 634.8
1244610 634.8
1244620 634.7
1244630 634.7
1244640 634.7
1244650 634.7
1244660 635.5
1244670 635.6
1244680 635.7
1244690 635.7
1244700 635.9
1244710 636.0
1244720 636.0
1244730 636.1
1244740 636.4
1244750 636.4
1244760 636.8
1244770 637.2
1244780 638.1
1244790 638.1
1244800 639.1
1244810 639.8
1244820 639.8
1244830 640.3
1244840 640.6
1244850 640.6
1244860 641.2
1244870 641.7
1244880 641.7
1244890 641.9
1244900 641.9
1244910 641.9
1244920 641.9
1244930 641.9
1244940 641.9
1244950 642.0
1244960 642.0
1244970 642.0
1244980 642.0
1244990 642.0
1245000 642.0
1245010 641.9
1245020 641.9
1245030 641.9
1245040 641.9
1245050 641.9
1245060 641.9
1245070 641.9
1245080 641.9
1245090 641.9
1245100 641.9
1245110 641.8
1245120 641.7
1245130 641.7
1245140 641.5
1245150 641.4
1245160 641.4
1245170 641.3
1245180 641.3
1245190 642.4
1245200 642.3
1245210 642.1
1245220 642.1
1245230 641.9
1245240 641.5
1245250 641.5
1245260 641.1
1245270 640.9
1245280 640.9
1245290 640.7
1245300 640.6
1245310 640.5
1245320 640.5
1245330 640.7
1245340 638.9
1245350 638.9
1245360 639.1
1245370 638.1
1245380 638.1
1245390 637.2
1245400 637.2
1245410 637.2
1245420 637.2
1245430 637.3
1245440 637.3
1245450 637.3
1245460 637.3
1245470 637.3
1245480 637.4
1245490 637.3
1245500 637.3
1245510 637.3
1245520 637.3
1245530 637.3
1245540 637.2
1245550 637.3
1245560 637.4
1245570 637.4
1245580 637.3
1245590 636.8
1245600 636.8
1245610 635.0
1245620 633.5
1245630 633.5
1245640 631.7
1245650 631.5
1245660 631.5
1245670 631.5
1245680 631.5
1245690 631.5
1245700 631.5
1245710 631.5
1245720 631.6
1245730 631.5
1245740 631.2
1245750 631.2
1245760 629.7
1245770 627.8
1245780 627.8
1245790 627.3
1245800 626.5
1245810 626.5
1245820 625.5
1245830 625.2
1245840 624.9
1245850 624.9
1245860 624.1
1245870 622.9
1245880 622.9
1245890 622.0
1245900 621.4
1245910 621.4
1245920 620.8
1245930 620.5
1245940 620.5
1245950 620.3
1245960 619.6
1245970 619.6
1245980 619.0
1245990 618.6
1246000 618.6
1246010 618.0
1246020 617.3
1246030 617.3
1246040 616.6
1246050 616.1
1246060 616.1
1246070 615.6
1246080 615.2
1246090 614.9
1246100 614.9
1246110 614.6
1246120 613.8
1246130 613.8
1246140 613.1
1246150 612.6
1246160 612.6
1246170 612.3
1246180 611.7
1246190 611.7
1246200 611.2
1246210 610.6
1246220 610.6
1246230 610.0
1246240 609.0
1246250 609.0
1246260 609.0
1246270 608.2
1246280 608.2
1246290 608.0
1246300 607.5
1246310 607.5
1246320 607.4
1246330 607.0
1246340 607.0
1246350 606.9
1246360 606.5
1246370 606.2
1246380 606.2
1246390 606.0
1246400 605.6
1246410 605.6
1246420 605.4
1246430 605.3
1246440 605.3
1246450 605.0
1246460 604.6
1246470 604.6
1246480 604.4
1246490 604.2
1246500 604.2
1246510 603.6
1246520 603.3
1246530 603.3
1246540 603.5
1246550 603.6
1246560 603.6
1246570 603.0
1246580 602.4
1246590 602.4
1246600 602.1
1246610 601.8
1246620 601.6
1246630 601.6
1246640 601.6
1246650 601.5
1246660 601.5
1246670 601.5
1246680 601.4
1246690 601.4
1246700 601.1
1246710 600.8
1246720 600.8
1246730 600.4
1246740 600.1
1246750 600.1
1246760 599.9
1246770 599.9
1246780 599.9
1246790 599.9
1246800 599.8
1246810 599.8
1246820 599.7
1246830 599.7
1246840 599.7
1246850 599.6
1246860 599.5
1246870 599.5
1246880 599.9
1246890 600.2
1246900 599.7
1246910 599.7
1246920 599.4
1246930 599.6
1246940 599.6
1246950 599.5
1246960 599.7
1246970 599.7
1246980 600.1
1246990 599.8
1247000 599.8
1247010 599.5
1247020 599.3
1247030 599.3
1247040 599.2
1247050 599.0
1247060 599.0
1247070 598.9
1247080 598.9
1247090 598.9
1247100 598.8
1247110 598.8
1247120 598.8
1247130 598.7
1247140 598.6
1247150 598.6
1247160 598.6
1247170 598.5
1247180 598.5
1247190 598.5
1247200 598.4
1247210 598.3
1247220 598.3
1247230 598.3
1247240 598.3
1247250 598.3
1247260 598.2
1247270 598.3
1247280 598.3
1247290 598.3
1247300 598.3
1247310 598.3
1247320 598.4
1247330 598.3
1247340 598.3
1247350 598.2
1247360 598.1
1247370 598.1
1247380 598.1
1247390 598.0
1247400 598.0
1247410 598.1
1247420 598.2
1247430 598.2
1247440 598.2
1247450 598.3
1247460 598.3
1247470 598.3
1247480 598.1
1247490 598.0
1247500 598.0
1247510 597.7
1247520 597.8
1247530 597.8
1247540 598.8
1247550 599.4
1247560 599.4
1247570 598.8
1247580 598.0
1247590 598.0
1247600 597.8
1247610 597.6
1247620 597.6
1247630 597.5
1247640 597.5
1247650 597.5
1247660 597.5
1247670 597.5
1247680 597.4
1247690 597.4
1247700 597.4
1247710 597.4
1247720 597.4
1247730 597.4
1247740 597.4
1247750 597.4
1247760 597.4
1247770 597.3
1247780 597.3
1247790 597.3
1247800 597.4
1247810 597.4
1247820 597.4
1247830 597.3
1247840 597.3
1247850 597.3
1247860 597.2
1247870 597.2
1247880 597.2
1247890 597.2
1247900 597.2
1247910 597.3
1247920 597.2
1247930 597.2
1247940 597.2
1247950 597.2
1247960 597.2
1247970 597.2
1247980 597.1
1247990 597.1
1248000 597.1
1248010 597.0
1248020 597.0
1248030 597.0
1248040 597.0
1248050 597.0
1248060 597.0
1248070 597.2
1248080 597.2
1248090 597.2
1248100 597.1
1248110 597.1
1248120 597.1
1248130 597.1
1248140 597.0
1248150 597.0
1248160 596.9
1248170 596.9
1248180 596.9
1248190 596.8
1248200 596.8
1248210 596.8
1248220 596.8
1248230 596.8
1248240 597.0
1248250 597.0
1248260 597.2
1248270 597.3
1248280 597.3
1248290 597.2
1248300 596.9
1248310 596.9
1248320 596.9
1248330 596.9
1248340 596.9
1248350 596.9
1248360 597.0
1248370 597.0
1248380 596.9
1248390 596.9
1248400 596.9
1248410 596.8
1248420 596.8
1248430 596.8
1248440 596.6
1248450 596.5
1248460 596.5
1248470 596.4
1248480 596.5
1248490 596.5
1248500 596.5
1248510 596.7
1248520 596.8
1248530 596.8
1248540 596.7
1248550 596.5
1248560 596.5
1248570 596.5
1248580 596.5
1248590 596.5
1248600 596.6
1248610 596.6
1248620 596.6
1248630 596.6
1248640 596.8
1248650 596.8
1248660 596.9
1248670 597.0
1248680 597.0
1248690 597.2
1248700 597.9
1248710 597.9
1248720 599.1
1248730 600.2
1248740 600.6
1248750 600.6
1248760 600.8
1248770 600.8
1248780 600.8
1248790 600.8
1248800 600.8
1248810 600.8
1248820 600.6
1248830 599.8
1248840 599.8
1248850 598.4
1248860 597.2
1248870 597.2
1248880 596.7
1248890 596.6
1248900 596.6
1248910 596.5
1248920 596.4
1248930 596.4
1248940 596.4
1248950 596.3
1248960 596.3
1248970 596.4
1248980 596.4
1248990 596.4
1249000 596.5
1249010 596.5
1249020 596.5
1249030 596.5
1249040 596.4
1249050 596.5
1249060 596.5
1249070 596.5
1249080 596.5
1249090 596.5
1249100 596.5
1249110 596.5
1249120 596.5
1249130 596.5
1249140 596.5
1249150 596.5
1249160 596.5
1249170 596.5
1249180 596.5
1249190 596.5
1249200 596.5
1249210 596.5
1249220 596.4
1249230 596.4
1249240 596.4
1249250 596.4
1249260 596.4
1249270 596.4
1249280 596.4
1249290 596.4
1249300 596.4
1249310 596.4
1249320 596.4
1249330 596.5
1249340 596.5
1249350 596.7
1249360 596.9
1249370 596.9
1249380 597.3
1249390 597.7
1249400 597.7
1249410 597.8
1249420 597.8
1249430 597.8
1249440 597.7
1249450 597.5
1249460 597.5
1249470 597.4
1249480 597.5
1249490 597.5
1249500 597.3
1249510 597.2
1249520 597.2
1249530 596.8
1249540 596.0
1249550 595.1
1249560 595.1
1249570 594.8
1249580 595.2
1249590 595.2
1249600 594.2
1249610 593.4
1249620 593.4
1249630 593.3
1249640 593.3
1249650 593.3
1249660 593.2
1249670 593.2
1249680 593.2
1249690 593.2
1249700 593.2
1249710 593.2
1249720 593.2
1249730 593.1
1249740 593.1
1249750 593.1
1249760 593.1
1249770 593.1
1249780 593.1
1249790 593.1
1249800 593.1
1249810 593.1
1249820 593.1
1249830 593.2
1249840 593.2
1249850 593.9
1249860 595.7
1249870 595.7
1249880 596.7
1249890 597.1
1249900 597.1
1249910 597.2
1249920 596.5
1249930 596.5
1249940 595.9
1249950 595.7
1249960 595.7
1249970 595.6
1249980 595.5
1249990 595.5
1250000 595.5
1250010 595.6
1250020 595.4
1250030 595.4
1250040 595.5
1250050 595.5
1250060 595.4
1250070 595.3
1250080 595.4
1250090 595.4
1250100 595.5
1250110 595.5
1250120 595.5
1250130 595.5
1250140 595.5
1250150 595.5
1250160 595.5
1250170 595.5
1250180 595.5
1250190 595.5
1250200 595.5
1250210 595.5
1250220 595.5
1250230 595.5
1250240 595.5
1250250 595.5
1250260 595.5
1250270 595.5
1250280 595.5
1250290 595.4
1250300 595.4
1250310 595.4
1250320 595.4
1250330 595.5
1250340 595.5
1250350 595.5
1250360 595.5
1250370 595.5
1250380 595.4
1250390 595.4
1250400 595.4
1250410 595.4
1250420 595.4
1250430 595.4
1250440 595.3
1250450 595.1
1250460 595.1
1250470 595.0
1250480 594.8
1250490 594.8
1250500 595.1
1250510 595.8
1250520 595.8
1250530 599.2
1250540 607.0
1250550 607.0
1250560 613.1
1250570 614.7
1250580 614.7
1250590 615.2
1250600 615.9
1250610 617.0
1250620 617.0
1250630 617.8
1250640 618.0
1250650 618.0
1250660 618.4
1250670 618.9
1250680 618.9
1250690 619.6
1250700 620.2
1250710 620.2
1250720 621.0
1250730 621.8
1250740 621.8
1250750 622.5
1250760 623.6
1250770 623.6
1250780 624.0
1250790 624.3
1250800 624.3
1250810 624.8
1250820 625.1
1250830 625.1
1250840 625.8
1250850 626.6
1250860 627.6
1250870 627.6
1250880 628.3
1250890 628.5
1250900 628.5
1250910 629.0
1250920 629.9
1250930 629.9
1250940 630.4
1250950 630.8
1250960 630.8
1250970 631.1
1250980 630.7
1250990 630.7
1251000 631.5
1251010 633.1
1251020 633.1
1251030 633.1
1251040 633.6
1251050 633.6
1251060 634.2
1251070 634.6
1251080 634.6
1251090 635.3
1251100 635.6
1251110 635.1
1251120 635.6
1251130 636.0
1251140 636.7
1251150 636.7
1251160 637.3
1251170 638.1
1251180 638.1
1251190 638.8
1251200 639.2
1251210 639.2
1251220 639.6
1251230 640.1
1251240 640.1
1251250 640.4
1251260 641.0
1251270 641.0
1251280 641.6
1251290 641.9
1251300 641.9
1251310 641.8
1251320 641.8
1251330 641.8
1251340 641.8
1251350 641.9
1251360 641.9
1251370 641.8
1251380 640.8
1251390 639.7
1251400 639.7
1251410 637.3
1251420 633.3
1251430 633.3
1251440 636.1
1251450 637.5
1251460 637.5
1251470 638.1
1251480 638.5
1251490 638.5
1251500 641.3
1251510 645.7
1251520 645.7
1251530 647.8
1251540 647.4
1251550 647.4
1251560 646.7
1251570 646.2
1251580 646.2
1251590 645.8
1251600 645.4
1251610 645.4
1251620 644.7
1251630 644.1
1251640 644.1
1251650 644.1
1251660 642.4
1251670 641.2
1251680 641.2
1251690 640.5
1251700 640.1
1251710 640.1
1251720 640.2
1251730 639.5
1251740 639.5
1251750 639.3
1251760 639.1
1251770 639.1
1251780 639.0
1251790 638.8
1251800 638.8
1251810 638.5
1251820 638.6
1251830 638.6
1251840 638.1
1251850 637.3
1251860 637.3
1251870 636.6
1251880 636.0
1251890 636.0
1251900 635.3
1251910 634.6
1251920 634.2
1251930 634.2
1251940 633.4
1251950 633.0
1251960 633.0
1251970 632.6
1251980 632.1
1251990 632.1
1252000 632.2
1252010 632.9
1252020 632.9
1252030 633.1
1252040 632.2
1252050 632.2
1252060 631.1
1252070 630.7
1252080 630.7
1252090 631.6
1252100 634.0
1252110 634.0
1252120 637.1
1252130 637.5
1252140 637.5
1252150 639.6
1252160 642.1
1252170 642.1
1252180 644.0
1252190 645.5
1252200 640.3
1252210 640.3
1252220 641.8
1252230 643.8
1252240 643.8
1252250 646.3
1252260 647.6
1252270 647.6
1252280 647.5
1252290 647.2
1252300 647.2
1252310 646.9
1252320 646.7
1252330 646.7
1252340 646.4
1252350 646.3
1252360 646.3
1252370 646.5
1252380 647.1
1252390 647.1
1252400 647.8
1252410 651.2
1252420 651.2
1252430 658.7
1252440 663.1
1252450 660.5
1252460 660.5
1252470 651.4
1252480 643.3
1252490 643.3
1252500 646.8
1252510 647.6
1252520 647.6
1252530 656.7
1252540 666.6
1252550 666.6
1252560 671.5
1252570 669.2
1252580 669.2
1252590 673.6
1252600 678.7
1252610 678.7
1252620 684.8
1252630 697.4
1252640 697.4
1252650 706.2
1252660 713.8
1252670 713.8
1252680 720.2
1252690 721.2
1252700 721.2
1252710 724.8
1252720 729.1
1252730 732.1
1252740 732.1
1252750 725.6
1252760 725.5
1252770 725.5
1252780 729.9
1252790 733.0
1252800 733.0
1252810 734.0
1252820 741.0
1252830 741.0
1252840 741.1
1252850 737.3
1252860 737.3
1252870 738.3
1252880 739.8
1252890 739.8
1252900 738.4
1252910 735.2
1252920 735.2
1252930 732.5
1252940 729.1
1252950 729.1
1252960 726.5
1252970 729.0
1252980 726.9
1252990 726.9
1253000 730.6
1253010 734.4
1253020 734.4
1253030 740.3
1253040 745.6
1253050 745.6
1253060 749.6
1253070 753.6
1253080 753.6
1253090 755.8
1253100 755.7
1253110 755.7
1253120 756.5
1253130 760.9
1253140 760.9
1253150 764.8
1253160 768.5
1253170 768.5
1253180 771.9
1253190 774.0
1253200 774.0
1253210 777.6
1253220 786.2
1253230 786.2
1253240 795.6
1253250 805.5
1253260 816.2
1253270 816.2
1253280 823.1
1253290 829.6
1253300 823.3
1253310 830.2
1253320 839.3
1253330 839.3
1253340 849.0
1253350 860.8
1253360 860.8
1253370 872.4
1253380 879.0
1253390 879.0
1253400 885.5
1253410 890.0
1253420 890.0
1253430 893.9
1253440 898.0
1253450 898.0
1253460 900.0
1253470 899.5
1253480 899.5
1253490 897.7
1253500 896.1
1253510 894.6
1253520 894.6
1253530 893.7
1253540 892.0
1253550 892.0
1253560 890.0
1253570 888.9
1253580 888.9
1253590 889.2
1253600 891.2
1253610 891.2
1253620 894.8
1253630 898.5
1253640 898.5
1253650 902.6
1253660 909.9
1253670 909.9
1253680 917.3
1253690 924.8
1253700 924.8
1253710 926.1
1253720 917.7
1253730 917.7
1253740 914.9
1253750 919.9
1253760 919.9
1253770 924.6
1253780 927.2
1253790 930.3
1253800 930.3
1253810 935.0
1253820 937.4
1253830 937.4
1253840 939.2
1253850 938.9
1253860 938.9
1253870 944.8
1253880 952.3
1253890 952.3
1253900 958.9
1253910 962.5
1253920 962.5
1253930 967.1
1253940 971.6
1253950 971.6
1253960 976.1
1253970 981.3
1253980 981.3
1253990 987.2
1254000 996.6
1254010 996.6
1254020 1005.2
1254030 1013.1
1254040 1020.2
1254050 1020.2
1254060 1024.1
1254070 1023.9
1254080 1023.9
1254090 1027.2
1254100 1030.7
1254110 1030.7
1254120 1028.7
1254130 1023.0
1254140 1023.0
1254150 1016.9
1254160 1010.4
1254170 1010.4
1254180 1003.4
1254190 997.0
1254200 997.0
1254210 991.7
1254220 985.5
1254230 985.5
1254240 990.2
1254250 1000.9
1254260 1000.9
1254270 1015.7
1254280 1030.2
1254290 1030.2
1254300 1039.3
1254310 1044.6
1254320 1052.6
1254330 1052.6
1254340 1056.4
1254350 1064.4
1254360 1064.4
1254370 1075.2
1254380 1083.4
1254390 1083.4
1254400 1093.4
1254410 1095.1
1254420 1095.1
1254430 1102.9
1254440 1110.5
1254450 1110.5
1254460 1112.3
1254470 1110.1
1254480 1110.1
1254490 1106.2
1254500 1109.7
1254510 1109.7
1254520 1115.6
1254530 1123.1
1254540 1123.1
1254550 1132.7
1254560 1135.0
1254570 1136.3
1254580 1136.3
1254590 1139.0
1254600 1141.5
1254610 1141.5
1254620 1145.4
1254630 1152.9
1254640 1152.9
1254650 1161.9
1254660 1172.6
1254670 1172.6
1254680 1186.8
1254690 1194.1
1254700 1194.1
1254710 1203.6
1254720 1216.6
1254730 1216.6
1254740 1226.9
1254750 1234.0
1254760 1234.0
1254770 1243.6
1254780 1256.5
1254790 1256.5
1254800 1270.4
1254810 1284.9
1254820 1284.9
1254830 1294.6
1254840 1301.1
1254850 1308.0
1254860 1308.0
1254870 1317.5
1254880 1325.8
1254890 1325.8
1254900 1334.0
1254910 1339.8
1254920 1339.8
1254930 1344.0
1254940 1346.7
1254950 1346.7
1254960 1342.3
1254970 1341.8
1254980 1341.8
1254990 1342.5
1255000 1343.6
1255010 1343.6
1255020 1346.0
1255030 1348.9
1255040 1348.9
1255050 1352.0
1255060 1354.9
1255070 1354.9
1255080 1357.6
1255090 1359.9
1255100 1362.0
1255110 1362.0
1255120 1363.4
1255130 1364.1
1255140 1364.1
1255150 1365.9
1255160 1368.5
1255170 1368.5
1255180 1371.7
1255190 1375.7
1255200 1375.7
1255210 1380.4
1255220 1386.1
1255230 1386.1
1255240 1389.5
1255250 1390.5
1255260 1390.5
1255270 1391.4
1255280 1391.0
1255290 1391.0
1255300 1394.0
1255310 1398.4
1255320 1398.4
1255330 1403.4
1255340 1406.3
1255350 1406.3
1255360 1412.0
1255370 1418.8
1255380 1422.6
1255390 1422.6
1255400 1423.1
1255410 1421.4
1255420 1421.4
1255430 1419.9
1255440 1419.6
1255450 1419.6
1255460 1420.1
1255470 1421.5
1255480 1421.5
1255490 1422.9
1255500 1423.5
1255510 1416.5
1255520 1416.2
1255530 1417.1
1255540 1417.1
1255550 1419.3
1255560 1422.6
1255570 1422.6
1255580 1425.9
1255590 1428.7
1255600 1428.7
1255610 1431.6
1255620 1432.5
1255630 1433.5
1255640 1433.5
1255650 1434.6
1255660 1436.2
1255670 1436.2
1255680 1438.9
1255690 1442.2
1255700 1442.2
1255710 1444.3
1255720 1449.8
1255730 1449.8
1255740 1456.1
1255750 1460.2
1255760 1460.2
1255770 1463.4
1255780 1465.4
1255790 1465.4
1255800 1465.0
1255810 1462.3
1255820 1462.3
1255830 1457.1
1255840 1450.5
1255850 1450.5
1255860 1440.8
1255870 1428.5
1255880 1428.5
1255890 1419.2
1255900 1409.4
1255910 1414.0
1255920 1414.0
1255930 1420.0
1255940 1414.2
1255950 1414.2
1255960 1402.5
1255970 1392.1
1255980 1392.1
1255990 1389.8
1256000 1387.8
1256010 1387.8
1256020 1375.2
1256030 1348.8
1256040 1348.8
1256050 1339.3
1256060 1349.9
1256070 1336.4
1256080 1349.2
1256090 1356.8
1256100 1356.8
1256110 1354.5
1256120 1348.4
1256130 1348.4
1256140 1339.8
1256150 1327.1
1256160 1312.3
1256170 1312.3
1256180 1298.7
1256190 1276.8
1256200 1276.8
1256210 1275.0
1256220 1280.4
1256230 1280.4
1256240 1262.5
1256250 1244.4
1256260 1244.4
1256270 1234.8
1256280 1228.9
1256290 1228.9
1256300 1232.0
1256310 1238.5
1256320 1238.5
1256330 1247.2
1256340 1256.2
1256350 1256.2
1256360 1262.5
1256370 1267.9
1256380 1267.9
1256390 1269.0
1256400 1266.2
1256410 1266.2
1256420 1265.5
1256430 1266.7
1256440 1271.3
1256450 1271.3
1256460 1279.7
1256470 1289.2
1256480 1289.2
1256490 1298.6
1256500 1306.5
1256510 1306.5
1256520 1313.8
1256530 1320.9
1256540 1320.9
1256550 1328.3
1256560 1336.3
1256570 1336.3
1256580 1343.9
1256590 1351.4
1256600 1351.4
1256610 1358.5
1256620 1365.6
1256630 1366.0
1256640 1373.2
1256650 1380.1
1256660 1380.1
1256670 1386.9
1256680 1394.0
1256690 1400.9
1256700 1400.9
1256710 1408.0
1256720 1415.4
1256730 1415.4
1256740 1423.1
1256750 1430.8
1256760 1430.8
1256770 1438.7
1256780 1446.6
1256790 1446.6
1256800 1454.1
1256810 1461.1
1256820 1461.1
1256830 1467.5
1256840 1471.5
1256850 1471.5
1256860 1470.4
1256870 1464.6
1256880 1464.6
1256890 1458.1
1256900 1451.7
1256910 1451.7
1256920 1445.7
1256930 1439.1
1256940 1439.1
1256950 1432.4
1256960 1425.5
1256970 1418.3
1256980 1418.3
1256990 1412.0
1257000 1406.6
1257010 1406.6
1257020 1402.5
1257030 1399.6
1257040 1399.6
1257050 1394.6
1257060 1387.9
1257070 1387.9
1257080 1382.3
1257090 1377.4
1257100 1377.4
1257110 1372.8
1257120 1369.1
1257130 1369.1
1257140 1365.3
1257150 1359.4
1257160 1359.4
1257170 1353.6
1257180 1348.6
1257190 1343.3
1257200 1341.1
1257210 1343.4
1257220 1344.9
1257230 1344.9
1257240 1346.0
1257250 1345.3
1257260 1345.3
1257270 1342.4
1257280 1339.2
1257290 1339.2
1257300 1334.5
1257310 1329.4
1257320 1329.4
1257330 1326.2
1257340 1328.0
1257350 1328.0
1257360 1331.6
1257370 1331.8
1257380 1331.8
1257390 1322.1
1257400 1316.3
1257410 1316.3
1257420 1310.9
1257430 1317.6
1257440 1317.6
1257450 1328.7
1257460 1342.2
1257470 1342.2
1257480 1359.4
1257490 1371.4
1257500 1378.8
1257510 1378.8
1257520 1383.1
1257530 1391.1
1257540 1391.1
1257550 1398.6
1257560 1403.9
1257570 1403.9
1257580 1408.3
1257590 1414.2
1257600 1414.2
1257610 1421.6
1257620 1428.8
1257630 1428.8
1257640 1435.5
1257650 1442.6
1257660 1442.6
1257670 1450.1
1257680 1458.8
1257690 1458.8
1257700 1469.1
1257710 1476.7
1257720 1476.7
1257730 1483.5
1257740 1487.6
1257750 1476.1
1257760 1476.1
1257770 1475.8
1257780 1481.0
1257790 1481.0
1257800 1478.8
1257810 1483.6
1257820 1483.6
1257830 1487.3
1257840 1493.6
1257850 1493.6
1257860 1499.4
1257870 1496.1
1257880 1496.1
1257890 1493.8
1257900 1497.1
1257910 1497.1
1257920 1503.4
1257930 1509.7
1257940 1509.7
1257950 1516.4
1257960 1524.3
1257970 1524.3
1257980 1530.2
1257990 1528.6
1258000 1528.6
1258010 1527.9
1258020 1533.5
1258030 1544.6
1258040 1544.6
1258050 1552.4
1258060 1560.9
1258070 1560.9
1258080 1566.7
1258090 1562.2
1258100 1562.2
1258110 1558.1
1258120 1560.2
1258130 1560.2
1258140 1564.6
1258150 1572.7
1258160 1572.7
1258170 1586.4
1258180 1598.6
1258190 1598.6
1258200 1603.1
1258210 1604.7
1258220 1604.7
1258230 1605.7
1258240 1600.6
1258250 1600.6
1258260 1586.7
1258270 1572.2
1258280 1566.9
1258290 1566.9
1258300 1565.4
1258310 1556.3
1258320 1556.3
1258330 1552.5
1258340 1550.8
1258350 1550.8
1258360 1550.3
1258370 1551.2
1258380 1551.2
1258390 1553.3
1258400 1554.2
1258410 1554.2
1258420 1545.1
1258430 1529.3
1258440 1529.3
1258450 1514.3
1258460 1500.0
1258470 1500.0
1258480 1478.7
1258490 1466.9
1258500 1466.9
1258510 1470.0
1258520 1479.7
1258530 1479.7
1258540 1484.7
1258550 1490.4
1258560 1499.3
1258570 1499.3
1258580 1508.9
1258590 1518.0
1258600 1518.0
1258610 1527.0
1258620 1527.9
1258630 1527.9
1258640 1518.7
1258650 1521.1
1258660 1521.1
1258670 1528.9
1258680 1528.1
1258690 1528.1
1258700 1525.7
1258710 1522.1
1258720 1522.1
1258730 1520.2
1258740 1516.2
1258750 1516.2
1258760 1509.0
1258770 1489.5
1258780 1489.5
1258790 1478.8
1258800 1473.0
1258810 1473.8
1258820 1473.8
1258830 1473.3
1258840 1463.6
1258850 1463.6
1258860 1442.3
1258870 1402.5
1258880 1402.5
1258890 1407.5
1258900 1398.5
1258910 1398.5
1258920 1388.4
1258930 1380.0
1258940 1380.0
1258950 1373.3
1258960 1363.8
1258970 1363.8
1258980 1357.5
1258990 1353.5
1259000 1353.5
1259010 1349.4
1259020 1343.7
1259030 1343.7
1259040 1332.3
1259050 1314.9
1259060 1314.9
1259070 1298.8
1259080 1285.5
1259090 1297.6
1259100 1297.6
1259110 1304.6
1259120 1311.0
1259130 1311.0
1259140 1316.3
1259150 1315.7
1259160 1315.7
1259170 1319.7
1259180 1325.9
1259190 1325.9
1259200 1334.0
1259210 1340.4
1259220 1340.4
1259230 1341.7
1259240 1335.4
1259250 1335.4
1259260 1323.1
1259270 1309.2
1259280 1309.2
1259290 1293.3
1259300 1270.4
1259310 1270.4
1259320 1238.3
1259330 1207.3
1259340 1200.0
1259350 1200.0
1259360 1203.5
1259370 1206.2
1259380 1206.2
1259390 1209.3
1259400 1213.1
1259410 1213.1
1259420 1218.9
1259430 1202.9
1259440 1202.9
1259450 1198.7
1259460 1190.5
1259470 1190.5
1259480 1177.3
1259490 1158.6
1259500 1158.6
1259510 1144.7
1259520 1128.5
1259530 1128.5
1259540 1127.8
1259550 1128.8
1259560 1128.8
1259570 1128.1
1259580 1126.7
1259590 1126.7
1259600 1126.4
1259610 1135.1
1259620 1147.1
1259630 1147.1
1259640 1158.3
1259650 1170.0
1259660 1170.0
1259670 1179.5
1259680 1185.5
1259690 1185.5
1259700 1192.4
1259710 1195.8
1259720 1195.8
1259730 1195.0
1259740 1193.2
1259750 1193.2
1259760 1186.6
1259770 1175.3
1259780 1175.3
1259790 1162.6
1259800 1146.0
1259810 1146.0
1259820 1130.4
1259830 1107.0
1259840 1107.0
1259850 1079.9
1259860 1082.9
1259870 1095.1
1259880 1095.1
1259890 1096.5
1259900 1094.9
1259910 1094.9
1259920 1096.8
1259930 1101.2
1259940 1101.2
1259950 1107.4
1259960 1116.0
1259970 1116.0
1259980 1124.7
1259990 1131.2
