1240000 793.8
1240010 790.1
1240020 790.1
1240030 785.7
1240040 781.5
1240050 781.5
1240060 778.8
1240070 776.6
1240080 776.6
1240090 784.0
1240100 787.4
1240110 787.5
1240120 787.5
1240130 786.7
1240140 785.5
1240150 785.5
1240160 783.9
1240170 783.1
1240180 783.1
1240190 783.6
1240200 783.9
1240210 783.9
1240220 783.1
1240230 782.2
1240240 782.2
1240250 780.9
1240260 778.9
1240270 778.9
1240280 776.7
1240290 773.9
1240300 773.9
1240310 771.4
1240320 770.0
1240330 770.0
1240340 769.0
1240350 766.7
1240360 766.7
1240370 763.2
1240380 759.1
1240390 754.1
1240400 754.1
1240410 747.8
1240420 740.9
1240430 740.9
1240440 733.5
1240450 728.6
1240460 728.6
1240470 724.7
1240480 721.3
1240490 721.3
1240500 717.3
1240510 715.4
1240520 715.4
1240530 715.1
1240540 717.1
1240550 717.1
1240560 717.3
1240570 714.0
1240580 714.0
1240590 709.2
1240600 702.4
1240610 704.8
1240620 696.2
1240630 688.5
1240640 683.2
1240650 683.2
1240660 683.1
1240670 688.6
1240680 688.6
1240690 694.5
1240700 695.5
1240710 695.5
1240720 694.4
1240730 692.8
1240740 692.8
1240750 690.5
1240760 686.8
1240770 686.8
1240780 683.8
1240790 683.0
1240800 683.0
1240810 682.1
1240820 681.7
1240830 681.7
1240840 681.7
1240850 681.7
1240860 681.7
1240870 680.7
1240880 678.9
1240890 678.9
1240900 677.1
1240910 676.5
1240920 676.2
1240930 676.2
1240940 675.6
1240950 674.7
1240960 674.7
1240970 673.8
1240980 672.6
1240990 672.6
1241000 670.9
1241010 669.6
1241020 669.6
1241030 670.0
1241040 670.4
1241050 670.4
1241060 671.1
1241070 671.4
1241080 671.4
1241090 672.0
1241100 672.8
1241110 672.8
1241120 673.3
1241130 677.2
1241140 677.2
1241150 676.4
1241160 676.1
1241170 676.1
1241180 676.1
1241190 675.9
1241200 675.5
1241210 675.5
1241220 675.2
1241230 674.6
1241240 674.6
1241250 673.2
1241260 670.4
1241270 670.4
1241280 666.6
1241290 662.7
1241300 662.7
1241310 658.2
1241320 655.0
1241330 655.0
1241340 653.0
1241350 651.1
1241360 651.1
1241370 649.0
1241380 647.6
1241390 647.6
1241400 646.7
1241410 646.1
1241420 646.1
1241430 645.6
1241440 644.9
1241450 644.2
1241460 644.2
1241470 643.5
1241480 642.8
1241490 642.8
1241500 642.1
1241510 641.5
1241520 641.5
1241530 640.8
1241540 640.1
1241550 640.1
1241560 639.4
1241570 638.5
1241580 638.5
1241590 637.2
1241600 636.0
1241610 636.0
1241620 634.6
1241630 633.4
1241640 633.4
1241650 635.8
1241660 636.5
1241670 636.5
1241680 636.6
1241690 635.8
1241700 635.6
1241710 635.6
1241720 635.6
1241730 635.3
1241740 635.3
1241750 635.2
1241760 636.1
1241770 636.1
1241780 637.7
1241790 639.8
1241800 639.8
1241810 641.2
1241820 642.2
1241830 642.2
1241840 641.3
1241850 637.1
1241860 637.1
1241870 633.4
1241880 631.7
1241890 631.7
1241900 632.4
1241910 633.1
1241920 633.1
1241930 633.1
1241940 633.0
1241950 633.0
1241960 633.0
1241970 633.4
1241980 633.0
1241990 633.0
1242000 631.7
1242010 631.0
1242020 631.0
1242030 630.9
1242040 630.9
1242050 630.9
1242060 630.8
1242070 630.8
1242080 630.8
1242090 630.8
1242100 630.9
1242110 630.9
1242120 631.2
1242130 631.4
1242140 631.4
1242150 631.4
1242160 631.4
1242170 631.4
1242180 632.7
1242190 632.6
1242200 632.6
1242210 632.6
1242220 632.6
1242230 632.6
1242240 632.3
1242250 631.8
1242260 631.3
1242270 631.3
1242280 630.9
1242290 630.5
1242300 630.5
1242310 629.8
1242320 629.3
1242330 629.3
1242340 628.6
1242350 628.0
1242360 628.0
1242370 627.4
1242380 626.9
1242390 626.9
1242400 626.3
1242410 625.8
1242420 625.8
1242430 625.2
1242440 624.4
1242450 624.4
1242460 623.4
1242470 622.5
1242480 622.5
1242490 621.7
1242500 621.0
1242510 620.3
1242520 620.3
1242530 619.3
1242540 618.5
1242550 618.5
1242560 617.7
1242570 616.9
1242580 616.9
1242590 616.2
1242600 615.3
1242610 615.3
1242620 614.5
1242630 613.8
1242640 613.8
1242650 613.1
1242660 612.2
1242670 612.2
1242680 611.3
1242690 610.6
1242700 611.5
1242710 610.8
1242720 610.4
1242730 610.4
1242740 609.9
1242750 609.4
1242760 609.4
1242770 609.0
1242780 608.9
1242790 608.9
1242800 608.9
1242810 608.9
1242820 609.0
1242830 609.0
1242840 609.0
1242850 608.9
1242860 608.9
1242870 608.7
1242880 608.5
1242890 608.5
1242900 608.7
1242910 608.6
1242920 608.6
1242930 608.6
1242940 608.6
1242950 608.6
1242960 608.6
1242970 608.6
1242980 608.6
1242990 608.6
1243000 608.5
1243010 608.5
1243020 608.4
1243030 608.5
1243040 608.5
1243050 608.5
1243060 608.5
1243070 608.3
1243080 608.3
1243090 608.2
1243100 608.1
1243110 608.1
1243120 608.0
1243130 607.8
1243140 607.8
1243150 607.9
1243160 607.7
1243170 607.7
1243180 607.7
1243190 607.7
1243200 607.7
1243210 607.5
1243220 607.4
1243230 607.9
1243240 608.2
1243250 608.4
1243260 608.4
1243270 607.9
1243280 606.7
1243290 606.7
1243300 606.3
1243310 606.3
1243320 606.0
1243330 606.0
1243340 605.8
1243350 605.7
1243360 605.7
1243370 605.5
1243380 605.1
1243390 605.1
1243400 604.8
1243410 604.6
1243420 604.6
1243430 604.4
1243440 604.3
1243450 604.3
1243460 603.9
1243470 603.7
1243480 603.7
1243490 603.6
1243500 603.5
1243510 603.5
1243520 603.6
1243530 603.9
1243540 603.9
1243550 604.2
1243560 603.8
1243570 603.9
1243580 603.9
1243590 603.9
1243600 603.5
1243610 603.5
1243620 602.8
1243630 602.9
1243640 602.9
1243650 602.8
1243660 602.7
1243670 602.7
1243680 602.6
1243690 602.6
1243700 602.6
1243710 602.5
1243720 602.5
1243730 602.5
1243740 602.5
1243750 602.5
1243760 602.5
1243770 602.4
1243780 602.3
1243790 602.3
1243800 602.3
1243810 602.4
1243820 602.4
1243830 602.4
1243840 602.3
1243850 602.3
1243860 602.3
1243870 602.4
1243880 602.4
1243890 602.4
1243900 602.3
1243910 602.3
1243920 602.3
1243930 602.3
1243940 602.3
1243950 602.3
1243960 602.3
1243970 602.3
1243980 602.3
1243990 602.3
1244000 602.3
1244010 602.3
1244020 602.2
1244030 602.2
1244040 602.2
1244050 602.3
1244060 602.2
1244070 602.2
1244080 602.0
1244090 602.0
1244100 602.0
1244110 602.0
1244120 602.0
1244130 601.9
1244140 601.9
1244150 601.6
1244160 601.5
1244170 601.5
1244180 601.7
1244190 601.9
1244200 601.9
1244210 601.9
1244220 601.9
1244230 601.9
1244240 601.9
1244250 601.8
1244260 601.8
1244270 601.8
1244280 601.8
1244290 601.5
1244300 601.4
1244310 601.3
1244320 601.3
1244330 601.3
1244340 601.3
1244350 601.3
1244360 601.4
1244370 601.6
1244380 601.7
1244390 601.7
1244400 601.7
1244410 601.8
1244420 601.8
1244430 601.8
1244440 601.7
1244450 601.7
1244460 601.6
1244470 601.6
1244480 601.6
1244490 601.7
1244500 601.9
1244510 601.9
1244520 602.2
1244530 602.4
1244540 602.4
1244550 602.8
1244560 603.7
1244570 603.7
1244580 605.3
1244590 607.2
1244600 607.2
1244610 608.2
1244620 608.4
1244630 608.4
1244640 608.4
1244650 608.4
1244660 608.4
1244670 608.4
1244680 608.8
1244690 609.2
1244700 609.2
1244710 609.6
1244720 609.9
1244730 609.9
1244740 610.1
1244750 610.2
1244760 610.2
1244770 610.3
1244780 610.3
1244790 610.3
1244800 610.5
1244810 610.7
1244820 611.0
1244830 611.2
1244840 611.3
1244850 611.3
1244860 611.4
1244870 611.6
1244880 611.6
1244890 611.7
1244900 611.9
1244910 611.9
1244920 611.9
1244930 612.0
1244940 612.0
1244950 612.0
1244960 612.1
1244970 612.1
1244980 612.1
1244990 612.2
1245000 612.2
1245010 612.2
1245020 612.3
1245030 612.4
1245040 612.4
1245050 612.5
1245060 612.5
1245070 612.5
1245080 612.6
1245090 612.7
1245100 612.7
1245110 612.8
1245120 612.9
1245130 612.9
1245140 613.1
1245150 613.3
1245160 613.3
1245170 613.4
1245180 613.5
1245190 613.4
1245200 613.4
1245210 613.2
1245220 613.0
1245230 613.0
1245240 612.6
1245250 612.2
1245260 612.2
1245270 611.9
1245280 611.6
1245290 611.6
1245300 611.2
1245310 611.0
1245320 611.0
1245330 610.9
1245340 610.5
1245350 610.8
1245360 610.4
1245370 609.9
1245380 609.9
1245390 609.5
1245400 609.3
1245410 609.3
1245420 609.0
1245430 608.7
1245440 608.3
1245450 608.3
1245460 608.1
1245470 607.8
1245480 607.8
1245490 607.3
1245500 607.6
1245510 607.6
1245520 605.9
1245530 605.3
1245540 605.3
1245550 605.4
1245560 605.6
1245570 605.6
1245580 605.8
1245590 606.0
1245600 606.0
1245610 606.2
1245620 606.5
1245630 606.5
1245640 606.9
1245650 607.6
1245660 607.6
1245670 608.7
1245680 609.7
1245690 609.7
1245700 608.4
1245710 609.3
1245720 608.8
1245730 608.8
1245740 608.3
1245750 608.4
1245760 608.4
1245770 608.6
1245780 608.6
1245790 608.6
1245800 608.6
1245810 608.5
1245820 608.5
1245830 608.4
1245840 608.8
1245850 608.8
1245860 609.0
1245870 607.0
1245880 606.3
1245890 606.0
1245900 605.7
1245910 605.7
1245920 605.3
1245930 605.1
1245940 605.1
1245950 604.8
1245960 604.5
1245970 604.1
1245980 604.1
1245990 603.8
1246000 603.5
1246010 603.5
1246020 603.3
1246030 603.1
1246040 603.1
1246050 602.9
1246060 602.6
1246070 602.6
1246080 602.5
1246090 602.3
1246100 602.3
1246110 602.1
1246120 601.9
1246130 601.9
1246140 601.6
1246150 601.5
1246160 601.5
1246170 601.4
1246180 601.3
1246190 601.3
1246200 601.2
1246210 601.2
1246220 601.2
1246230 601.2
1246240 601.2
1246250 601.1
1246260 601.1
1246270 601.1
1246280 601.0
1246290 601.0
1246300 601.0
1246310 600.9
1246320 600.9
1246330 600.8
1246340 600.9
1246350 600.9
1246360 600.7
1246370 600.9
1246380 600.9
1246390 601.3
1246400 601.1
1246410 601.1
1246420 600.5
1246430 600.6
1246440 600.6
1246450 600.7
1246460 600.9
1246470 600.9
1246480 601.7
1246490 602.4
1246500 602.1
1246510 602.1
1246520 601.0
1246530 600.0
1246540 600.0
1246550 599.7
1246560 599.7
1246570 599.7
1246580 599.5
1246590 599.3
1246600 599.3
1246610 599.3
1246620 599.3
1246630 599.3
1246640 599.3
1246650 599.3
1246660 599.3
1246670 599.3
1246680 599.3
1246690 599.3
1246700 599.2
1246710 599.2
1246720 599.2
1246730 599.2
1246740 599.2
1246750 599.2
1246760 599.1
1246770 599.2
1246780 599.3
1246790 599.3
1246800 599.2
1246810 599.1
1246820 599.1
1246830 599.1
1246840 599.1
1246850 599.1
1246860 599.1
1246870 599.2
1246880 599.2
1246890 599.1
1246900 599.1
1246910 599.1
1246920 599.1
1246930 599.0
1246940 599.0
1246950 598.9
1246960 598.9
1246970 598.9
1246980 598.9
1246990 598.8
1247000 598.8
1247010 598.8
1247020 598.8
1247030 598.8
1247040 598.8
1247050 598.8
1247060 598.8
1247070 598.8
1247080 598.9
1247090 598.9
1247100 598.9
1247110 599.1
1247120 599.8
1247130 599.8
1247140 601.4
1247150 603.3
1247160 603.3
1247170 604.6
1247180 605.1
1247190 605.1
1247200 605.2
1247210 605.2
1247220 605.2
1247230 605.1
1247240 604.9
1247250 604.9
1247260 604.5
1247270 603.4
1247280 603.4
1247290 601.6
1247300 599.4
1247310 598.8
1247320 598.8
1247330 598.7
1247340 598.6
1247350 598.6
1247360 598.5
1247370 598.5
1247380 598.5
1247390 598.4
1247400 598.4
1247410 598.4
1247420 598.4
1247430 598.4
1247440 598.4
1247450 598.4
1247460 598.4
1247470 598.4
1247480 598.4
1247490 598.4
1247500 598.4
1247510 598.5
1247520 598.4
1247530 598.4
1247540 598.4
1247550 598.3
1247560 598.3
1247570 598.3
1247580 598.3
1247590 598.2
1247600 598.2
1247610 598.3
1247620 598.2
1247630 598.2
1247640 598.1
1247650 598.0
1247660 598.0
1247670 598.0
1247680 598.1
1247690 598.1
1247700 598.1
1247710 598.1
1247720 598.1
1247730 598.2
1247740 598.2
1247750 598.2
1247760 598.2
1247770 598.2
1247780 598.2
1247790 598.3
1247800 598.3
1247810 598.3
1247820 598.5
1247830 599.0
1247840 599.5
1247850 599.5
1247860 599.7
1247870 599.2
1247880 599.2
1247890 598.9
1247900 598.8
1247910 598.8
1247920 597.6
1247930 595.9
1247940 595.9
1247950 595.5
1247960 595.4
1247970 595.4
1247980 595.5
1247990 595.4
1248000 595.4
1248010 595.4
1248020 595.4
1248030 595.3
1248040 595.3
1248050 595.3
1248060 595.3
1248070 595.3
1248080 595.4
1248090 595.4
1248100 595.4
1248110 595.4
1248120 595.7
1248130 595.7
1248140 596.8
1248150 597.9
1248160 597.9
1248170 598.3
1248180 598.6
1248190 598.6
1248200 599.0
1248210 599.4
1248220 599.4
1248230 599.1
1248240 598.2
1248250 598.2
1248260 597.9
1248270 597.7
1248280 597.7
1248290 597.7
1248300 597.6
1248310 597.6
1248320 597.6
1248330 597.6
1248340 597.6
1248350 597.5
1248360 597.4
1248370 597.4
1248380 597.4
1248390 597.3
1248400 597.3
1248410 597.3
1248420 597.3
1248430 597.3
1248440 597.3
1248450 597.3
1248460 597.3
1248470 597.3
1248480 597.3
1248490 597.2
1248500 597.2
1248510 597.2
1248520 597.2
1248530 597.2
1248540 597.2
1248550 597.2
1248560 597.2
1248570 597.2
1248580 597.1
1248590 597.1
1248600 596.9
1248610 596.9
1248620 596.9
1248630 596.8
1248640 596.7
1248650 596.6
1248660 596.6
1248670 596.5
1248680 596.6
1248690 596.6
1248700 596.6
1248710 596.6
1248720 596.6
1248730 596.6
1248740 596.6
1248750 596.6
1248760 596.7
1248770 596.6
1248780 596.6
1248790 596.6
1248800 596.7
1248810 596.7
1248820 596.6
1248830 596.6
1248840 596.6
1248850 596.5
1248860 596.4
1248870 596.4
1248880 596.3
1248890 596.1
1248900 596.3
1248910 596.3
1248920 596.6
1248930 596.6
1248940 596.6
1248950 596.5
1248960 596.4
1248970 596.4
1248980 596.4
1248990 596.3
1249000 596.3
1249010 596.3
1249020 596.4
1249030 596.4
1249040 596.3
1249050 596.3
1249060 596.3
1249070 596.3
1249080 596.3
1249090 596.3
1249100 596.3
1249110 596.3
1249120 596.3
1249130 596.2
1249140 596.1
1249150 596.1
1249160 596.0
1249170 596.0
1249180 596.1
1249190 596.1
1249200 595.8
1249210 595.7
1249220 595.7
1249230 595.8
1249240 595.8
1249250 595.8
1249260 595.7
1249270 595.7
1249280 595.7
1249290 595.8
1249300 595.8
1249310 595.8
1249320 595.8
1249330 595.9
1249340 595.9
1249350 595.9
1249360 595.9
1249370 595.9
1249380 595.9
1249390 595.9
1249400 595.9
1249410 595.7
1249420 595.7
1249430 595.7
1249440 595.8
1249450 596.4
1249460 598.4
1249470 598.4
1249480 601.6
1249490 605.3
1249500 605.3
1249510 606.6
1249520 609.0
1249530 609.0
1249540 612.0
1249550 613.5
1249560 613.5
1249570 615.0
1249580 617.0
1249590 617.0
1249600 617.9
1249610 619.5
1249620 619.5
1249630 621.9
1249640 619.4
1249650 619.4
1249660 621.8
1249670 624.5
1249680 624.5
1249690 627.8
1249700 630.2
1249710 632.2
1249720 632.2
1249730 633.4
1249740 636.0
1249750 636.0
1249760 638.0
1249770 638.7
1249780 638.7
1249790 638.0
1249800 640.8
1249810 640.8
1249820 643.0
1249830 643.6
1249840 643.6
1249850 643.2
1249860 644.5
1249870 644.5
1249880 645.6
1249890 643.9
1249900 643.9
1249910 642.2
1249920 645.8
1249930 645.8
1249940 651.2
1249950 652.5
1249960 652.5
1249970 651.2
1249980 653.6
1249990 653.1
1250000 653.1
1250010 653.6
1250020 656.1
1250030 656.1
1250040 655.9
1250050 657.4
1250060 657.4
1250070 659.3
1250080 662.8
1250090 662.8
1250100 664.3
1250110 666.6
1250120 666.6
1250130 668.9
1250140 669.6
1250150 669.6
1250160 672.4
1250170 675.1
1250180 675.1
1250190 671.0
1250200 671.3
1250210 671.3
1250220 671.2
1250230 671.8
1250240 674.0
1250250 674.0
1250260 675.8
1250270 676.8
1250280 676.8
1250290 680.2
1250300 684.2
1250310 684.2
1250320 687.2
1250330 690.1
1250340 690.1
1250350 693.6
1250360 698.0
1250370 698.0
1250380 700.0
1250390 703.1
1250400 703.1
1250410 709.7
1250420 718.0
1250430 718.0
1250440 725.2
1250450 730.5
1250460 730.5
1250470 734.0
1250480 734.6
1250490 734.6
1250500 734.8
1250510 737.1
1250520 740.1
1250530 740.1
1250540 742.8
1250550 745.0
1250560 745.0
1250570 747.0
1250580 749.0
1250590 749.0
1250600 750.8
1250610 752.2
1250620 752.2
1250630 752.9
1250640 753.1
1250650 753.1
1250660 752.3
1250670 751.7
1250680 751.7
1250690 751.8
1250700 752.1
1250710 752.1
1250720 752.4
1250730 750.2
1250740 750.2
1250750 750.3
1250760 749.4
1250770 747.8
1250780 747.8
1250790 745.6
1250800 743.3
1250810 743.3
1250820 742.3
1250830 742.6
1250840 742.6
1250850 742.4
1250860 741.8
1250870 741.8
1250880 740.7
1250890 738.3
1250900 738.3
1250910 733.0
1250920 726.0
1250930 726.0
1250940 721.3
1250950 722.9
1250960 722.9
1250970 730.4
1250980 736.5
1250990 736.5
1251000 739.5
1251010 738.8
1251020 738.8
1251030 738.2
1251040 736.6
1251050 734.8
1251060 734.8
1251070 736.5
1251080 735.6
1251090 735.6
1251100 739.7
1251110 741.9
1251120 741.9
1251130 737.6
1251140 729.4
1251150 729.4
1251160 717.5
1251170 706.0
1251180 706.0
1251190 700.3
1251200 696.3
1251210 696.3
1251220 692.1
1251230 687.7
1251240 687.7
1251250 682.4
1251260 677.9
1251270 677.9
1251280 679.1
1251290 675.0
1251300 672.8
1251310 672.8
1251320 673.1
1251330 675.5
1251340 675.5
1251350 679.7
1251360 685.2
1251370 685.2
1251380 690.8
1251390 697.4
1251400 697.4
1251410 706.0
1251420 713.4
1251430 713.4
1251440 717.9
1251450 722.2
1251460 722.2
1251470 723.7
1251480 729.6
1251490 729.6
1251500 738.1
1251510 746.0
1251520 746.0
1251530 749.0
1251540 754.5
1251550 754.5
1251560 761.3
1251570 767.4
1251580 768.6
1251590 768.6
1251600 774.9
1251610 783.8
1251620 783.8
1251630 790.4
1251640 795.1
1251650 795.1
1251660 801.3
1251670 811.1
1251680 811.1
1251690 816.4
1251700 816.5
1251710 816.5
1251720 817.1
1251730 819.4
1251740 819.4
1251750 822.0
1251760 824.0
1251770 824.0
1251780 825.9
1251790 828.1
1251800 828.1
1251810 829.5
1251820 827.1
1251830 827.9
1251840 827.9
1251850 827.8
1251860 826.9
1251870 826.9
1251880 825.4
1251890 823.9
1251900 823.9
1251910 822.0
1251920 820.8
1251930 820.8
1251940 820.9
1251950 821.6
1251960 821.6
1251970 822.9
1251980 825.2
1251990 825.2
1252000 828.7
1252010 829.6
1252020 829.6
1252030 827.2
1252040 823.5
1252050 823.5
1252060 818.9
1252070 820.6
1252080 820.6
1252090 827.6
1252100 833.3
1252110 835.4
1252120 835.4
1252130 836.7
1252140 837.6
1252150 837.6
1252160 838.9
1252170 841.3
1252180 841.3
1252190 842.8
1252200 843.7
1252210 843.7
1252220 843.9
1252230 845.8
1252240 845.8
1252250 846.1
1252260 846.5
1252270 846.5
1252280 844.4
1252290 841.4
1252300 841.4
1252310 838.9
1252320 833.4
1252330 833.4
1252340 830.9
1252350 831.7
1252360 831.7
1252370 833.9
1252380 839.0
1252390 844.1
1252400 844.1
1252410 848.5
1252420 850.2
1252430 850.2
1252440 849.7
1252450 845.8
1252460 845.8
1252470 843.2
1252480 843.1
1252490 843.1
1252500 845.4
1252510 848.5
1252520 848.5
1252530 851.6
1252540 853.1
1252550 853.1
1252560 855.4
1252570 856.8
1252580 856.8
1252590 857.5
1252600 858.2
1252610 858.2
1252620 859.0
1252630 859.2
1252640 858.0
1252650 858.0
1252660 857.2
1252670 859.0
1252680 859.0
1252690 859.9
1252700 859.2
1252710 859.2
1252720 861.0
1252730 863.9
1252740 863.9
1252750 865.2
1252760 866.0
1252770 866.0
1252780 867.1
1252790 867.2
1252800 867.2
1252810 867.1
1252820 866.0
1252830 866.0
1252840 864.4
1252850 864.2
1252860 864.2
1252870 863.9
1252880 864.1
1252890 864.1
1252900 862.1
1252910 858.7
1252920 845.7
1252930 845.7
1252940 839.5
1252950 831.2
1252960 831.2
1252970 824.1
1252980 824.0
1252990 824.0
1253000 821.0
1253010 815.5
1253020 815.5
1253030 800.2
1253040 787.9
1253050 787.9
1253060 776.8
1253070 763.0
1253080 763.0
1253090 764.8
1253100 771.1
1253110 771.1
1253120 777.1
1253130 778.3
1253140 778.3
1253150 788.5
1253160 799.0
1253170 803.6
1253180 803.6
1253190 806.7
1253200 809.1
1253210 809.1
1253220 811.8
1253230 814.7
1253240 814.7
1253250 816.6
1253260 819.5
1253270 819.5
1253280 823.5
1253290 822.9
1253300 822.9
1253310 822.3
1253320 826.8
1253330 826.8
1253340 834.0
1253350 839.4
1253360 839.4
1253370 844.5
1253380 851.9
1253390 851.9
1253400 858.6
1253410 863.2
1253420 863.2
1253430 866.9
1253440 873.5
1253450 879.2
1253460 879.2
1253470 890.1
1253480 894.6
1253490 894.6
1253500 898.9
1253510 902.6
1253520 902.6
1253530 906.5
1253540 908.4
1253550 908.4
1253560 909.5
1253570 912.0
1253580 912.0
1253590 915.5
1253600 919.8
1253610 919.8
1253620 922.9
1253630 926.6
1253640 926.6
1253650 930.3
1253660 933.3
1253670 933.3
1253680 937.1
1253690 940.8
1253700 943.9
1253710 943.9
1253720 947.5
1253730 951.2
1253740 951.2
1253750 955.2
1253760 959.6
1253770 959.6
1253780 964.5
1253790 970.5
1253800 970.5
1253810 976.9
1253820 982.9
1253830 982.9
1253840 988.3
1253850 993.5
1253860 993.5
1253870 998.3
1253880 1002.6
1253890 1002.6
1253900 1006.6
1253910 1010.9
1253920 1010.9
1253930 1014.8
1253940 1018.5
1253950 1018.5
1253960 1021.7
1253970 1024.8
1253980 1027.6
1253990 1027.6
1254000 1029.9
1254010 1033.7
1254020 1039.3
1254030 1042.9
1254040 1046.9
1254050 1046.9
1254060 1051.5
1254070 1054.7
1254080 1054.7
1254090 1055.8
1254100 1058.2
1254110 1058.2
1254120 1060.0
1254130 1060.7
1254140 1060.7
1254150 1063.4
1254160 1067.7
1254170 1067.7
1254180 1071.2
1254190 1074.2
1254200 1074.2
1254210 1077.6
1254220 1080.8
1254230 1084.3
1254240 1084.3
1254250 1088.0
1254260 1091.4
1254270 1091.4
1254280 1094.1
1254290 1096.8
1254300 1096.8
1254310 1100.0
1254320 1103.4
1254330 1103.4
1254340 1107.0
1254350 1111.1
1254360 1111.1
1254370 1115.9
1254380 1120.7
1254390 1120.7
1254400 1124.7
1254410 1128.1
1254420 1128.1
1254430 1131.3
1254440 1134.5
1254450 1134.5
1254460 1137.6
1254470 1141.0
1254480 1141.0
1254490 1144.6
1254500 1148.2
1254510 1150.9
1254520 1150.9
1254530 1154.3
1254540 1158.0
1254550 1158.0
1254560 1161.7
1254570 1170.3
1254580 1170.3
1254590 1173.8
1254600 1177.1
1254610 1177.1
1254620 1180.4
1254630 1183.6
1254640 1183.6
1254650 1186.2
1254660 1189.2
1254670 1189.2
1254680 1192.6
1254690 1195.6
1254700 1195.6
1254710 1199.5
1254720 1203.1
1254730 1203.1
1254740 1206.4
1254750 1210.1
1254760 1213.5
1254770 1213.5
1254780 1216.5
1254790 1218.9
1254800 1218.9
1254810 1220.9
1254820 1223.2
1254830 1223.2
1254840 1225.6
1254850 1229.0
1254860 1229.0
1254870 1232.8
1254880 1236.6
1254890 1236.6
1254900 1240.3
1254910 1244.8
1254920 1244.8
1254930 1248.4
1254940 1251.6
1254950 1251.6
1254960 1254.9
1254970 1257.9
1254980 1257.9
1254990 1261.8
1255000 1265.8
1255010 1265.8
1255020 1269.9
1255030 1274.1
1255040 1277.4
1255050 1277.4
1255060 1281.4
1255070 1285.1
1255080 1285.1
1255090 1288.9
1255100 1291.2
1255110 1291.2
1255120 1293.6
1255130 1304.6
1255140 1304.6
1255150 1311.1
1255160 1318.6
1255170 1318.6
1255180 1325.6
1255190 1329.7
1255200 1329.7
1255210 1332.6
1255220 1336.1
1255230 1336.1
1255240 1338.7
1255250 1339.8
1255260 1339.8
1255270 1341.4
1255280 1343.3
1255290 1345.4
1255300 1345.4
1255310 1347.2
1255320 1350.1
1255330 1350.1
1255340 1354.6
1255350 1358.4
1255360 1358.4
1255370 1361.7
1255380 1365.0
1255390 1365.0
1255400 1369.0
1255410 1372.0
1255420 1372.0
1255430 1374.6
1255440 1376.6
1255450 1376.6
1255460 1376.3
1255470 1375.2
1255480 1375.2
1255490 1379.7
1255500 1386.6
1255510 1386.6
1255520 1392.6
1255530 1399.0
1255540 1399.0
1255550 1405.2
1255560 1409.9
1255570 1413.2
1255580 1413.2
1255590 1417.2
1255600 1421.8
1255610 1421.8
1255620 1425.4
1255630 1428.7
1255640 1428.7
1255650 1432.0
1255660 1434.2
1255670 1434.2
1255680 1444.4
1255690 1447.1
1255700 1447.1
1255710 1448.9
1255720 1449.4
1255730 1449.4
1255740 1449.5
1255750 1450.4
1255760 1450.4
1255770 1449.4
1255780 1449.4
1255790 1449.4
1255800 1450.4
1255810 1454.2
1255820 1459.7
1255830 1459.7
1255840 1463.9
1255850 1468.0
1255860 1468.0
1255870 1472.7
1255880 1477.1
1255890 1477.1
1255900 1480.3
1255910 1481.1
1255920 1481.1
1255930 1480.0
1255940 1479.1
1255950 1479.1
1255960 1478.7
1255970 1478.6
1255980 1478.6
1255990 1479.2
1256000 1480.2
1256010 1480.2
1256020 1481.9
1256030 1484.2
1256040 1484.2
1256050 1485.0
1256060 1486.1
1256070 1486.1
1256080 1488.2
1256090 1489.9
1256100 1490.9
1256110 1490.9
1256120 1492.1
1256130 1493.7
1256140 1493.7
1256150 1495.5
1256160 1497.7
1256170 1497.7
1256180 1500.1
1256190 1503.6
1256200 1503.6
1256210 1507.7
1256220 1511.5
1256230 1511.5
1256240 1514.9
1256250 1519.2
1256260 1519.2
1256270 1523.9
1256280 1527.9
1256290 1527.9
1256300 1530.9
1256310 1532.0
1256320 1532.0
1256330 1532.7
1256340 1534.0
1256350 1535.0
1256360 1535.0
1256370 1534.7
1256380 1534.7
1256390 1534.7
1256400 1534.9
1256410 1535.7
1256420 1535.7
1256430 1538.1
1256440 1540.9
1256450 1540.9
1256460 1541.8
1256470 1541.8
1256480 1541.8
1256490 1542.5
1256500 1544.2
1256510 1544.2
1256520 1546.2
1256530 1548.4
1256540 1548.4
1256550 1551.0
1256560 1555.1
1256570 1555.1
1256580 1560.2
1256590 1564.1
1256600 1564.1
1256610 1567.1
1256620 1569.4
1256630 1571.3
1256640 1571.3
1256650 1572.8
1256660 1575.3
1256670 1575.3
1256680 1578.6
1256690 1582.2
1256700 1582.2
1256710 1585.2
1256720 1587.3
1256730 1587.3
1256740 1591.1
1256750 1596.7
1256760 1596.7
1256770 1602.6
1256780 1609.2
1256790 1609.2
1256800 1619.4
1256810 1621.0
1256820 1621.0
1256830 1620.2
1256840 1616.4
1256850 1616.4
1256860 1614.6
1256870 1617.2
1256880 1617.2
1256890 1619.5
1256900 1621.5
1256910 1624.8
1256920 1624.8
1256930 1627.9
1256940 1629.5
1256950 1629.5
1256960 1629.4
1256970 1628.9
1256980 1628.9
1256990 1628.0
1257000 1626.2
1257010 1626.2
1257020 1625.4
1257030 1625.9
1257040 1625.9
1257050 1626.0
1257060 1625.7
1257070 1625.7
1257080 1625.1
1257090 1624.6
1257100 1624.6
1257110 1623.7
1257120 1623.6
1257130 1623.6
1257140 1624.3
1257150 1624.6
1257160 1625.3
1257170 1625.3
1257180 1627.1
1257190 1630.6
1257200 1630.6
1257210 1634.3
1257220 1636.6
1257230 1636.6
1257240 1636.4
1257250 1632.5
1257260 1632.5
1257270 1626.7
1257280 1619.8
1257290 1619.8
1257300 1612.8
1257310 1606.5
1257320 1606.5
1257330 1601.9
1257340 1600.0
1257350 1600.0
1257360 1593.4
1257370 1596.6
1257380 1596.6
1257390 1599.5
1257400 1602.2
1257410 1602.2
1257420 1603.1
1257430 1604.2
1257440 1606.6
1257450 1606.6
1257460 1609.2
1257470 1608.4
1257480 1608.4
1257490 1615.5
1257500 1620.3
1257510 1620.3
1257520 1623.6
1257530 1628.4
1257540 1628.4
1257550 1634.4
1257560 1643.3
1257570 1643.3
1257580 1652.1
1257590 1659.5
1257600 1659.5
1257610 1666.5
1257620 1673.5
1257630 1673.5
1257640 1680.2
1257650 1687.9
1257660 1687.9
1257670 1695.7
1257680 1703.4
1257690 1711.3
1257700 1711.3
1257710 1718.1
1257720 1724.9
1257730 1724.9
1257740 1732.2
1257750 1738.5
1257760 1738.5
1257770 1744.5
1257780 1748.4
1257790 1748.4
1257800 1737.4
1257810 1729.6
1257820 1729.6
1257830 1727.2
1257840 1698.3
1257850 1698.3
1257860 1675.1
1257870 1678.4
1257880 1678.4
1257890 1684.6
1257900 1685.1
1257910 1685.1
1257920 1664.9
1257930 1671.4
1257940 1671.4
1257950 1683.1
1257960 1703.3
1257970 1716.2
1257980 1716.2
1257990 1724.5
1258000 1729.5
1258010 1729.5
1258020 1731.7
1258030 1735.4
1258040 1735.4
1258050 1739.4
1258060 1743.6
1258070 1743.6
1258080 1751.1
1258090 1759.8
1258100 1759.8
1258110 1765.1
1258120 1771.2
1258130 1771.2
1258140 1777.9
1258150 1782.7
1258160 1782.7
1258170 1790.7
1258180 1799.7
1258190 1799.7
1258200 1805.6
1258210 1812.0
1258220 1818.7
1258230 1818.7
1258240 1824.8
1258250 1829.7
1258260 1829.7
1258270 1831.0
1258280 1830.8
1258290 1830.8
1258300 1832.2
1258310 1834.4
1258320 1834.4
1258330 1836.9
1258340 1840.1
1258350 1840.1
1258360 1843.8
1258370 1848.3
1258380 1848.3
1258390 1852.6
1258400 1855.2
1258410 1855.2
1258420 1855.1
1258430 1853.1
1258440 1853.1
1258450 1849.1
1258460 1843.1
1258470 1843.1
1258480 1829.2
1258490 1824.0
1258500 1821.4
1258510 1821.4
1258520 1815.5
1258530 1812.3
1258540 1812.3
1258550 1815.1
1258560 1813.2
1258570 1813.2
1258580 1806.6
1258590 1794.5
1258600 1794.5
1258610 1783.8
1258620 1775.7
1258630 1775.7
1258640 1766.4
1258650 1757.1
1258660 1757.1
1258670 1748.8
1258680 1739.8
1258690 1739.8
1258700 1728.6
1258710 1722.1
1258720 1722.1
1258730 1717.0
1258740 1711.9
1258750 1708.5
1258760 1708.5
1258770 1707.2
1258780 1710.3
1258790 1710.3
1258800 1719.9
1258810 1727.9
1258820 1727.9
1258830 1735.8
1258840 1740.5
1258850 1740.5
1258860 1747.7
1258870 1755.0
1258880 1755.0
1258890 1760.9
1258900 1760.5
1258910 1760.5
1258920 1755.9
1258930 1746.4
1258940 1746.4
1258950 1728.7
1258960 1709.0
1258970 1709.0
1258980 1696.9
1258990 1692.7
1259000 1692.7
1259010 1693.5
1259020 1694.2
1259030 1698.6
1259040 1692.4
1259050 1697.9
1259060 1701.4
1259070 1701.4
1259080 1702.7
1259090 1705.9
1259100 1705.9
1259110 1710.5
1259120 1716.7
1259130 1716.7
1259140 1725.3
1259150 1730.9
1259160 1730.9
1259170 1728.0
1259180 1725.1
1259190 1725.1
1259200 1724.5
1259210 1724.2
1259220 1724.2
1259230 1724.6
1259240 1725.3
1259250 1725.3
1259260 1725.8
1259270 1725.1
1259280 1723.8
1259290 1723.8
1259300 1720.6
1259310 1716.6
1259320 1716.6
1259330 1715.3
1259340 1712.7
1259350 1712.7
1259360 1705.3
1259370 1702.9
1259380 1702.9
1259390 1702.7
1259400 1699.7
1259410 1699.7
1259420 1694.0
1259430 1688.6
1259440 1688.6
1259450 1687.1
1259460 1685.5
1259470 1685.5
1259480 1683.7
1259490 1683.7
1259500 1683.7
1259510 1683.8
1259520 1681.6
1259530 1681.6
1259540 1676.6
1259550 1670.8
1259560 1666.7
1259570 1666.7
1259580 1665.0
1259590 1667.5
1259600 1667.5
1259610 1680.0
1259620 1681.6
1259630 1681.6
1259640 1678.6
1259650 1672.6
1259660 1672.6
1259670 1666.1
1259680 1657.5
1259690 1657.5
1259700 1645.6
1259710 1630.7
1259720 1630.7
1259730 1621.9
1259740 1613.2
1259750 1613.2
1259760 1606.6
1259770 1603.3
1259780 1603.3
1259790 1596.7
1259800 1591.5
1259810 1586.0
1259820 1586.0
1259830 1582.0
1259840 1580.6
1259850 1580.6
1259860 1579.6
1259870 1580.0
1259880 1580.0
1259890 1575.1
1259900 1568.6
1259910 1568.6
1259920 1561.7
1259930 1557.3
1259940 1557.3
1259950 1552.4
1259960 1541.7
1259970 1541.7
1259980 1532.2
1259990 1522.3
