1240000 637.7
1240010 632.9
1240020 632.9
1240030 628.9
1240040 626.8
1240050 626.8
1240060 626.4
1240070 627.7
1240080 627.7
1240090 627.3
1240100 626.6
1240110 626.6
1240120 625.9
1240130 625.2
1240140 625.2
1240150 624.4
1240160 623.6
1240170 623.6
1240180 622.8
1240190 621.9
1240200 621.9
1240210 621.0
1240220 620.2
1240230 620.2
1240240 619.7
1240250 619.8
1240260 619.8
1240270 619.6
1240280 619.2
1240290 618.9
1240300 618.9
1240310 618.8
1240320 618.8
1240330 618.8
1240340 618.6
1240350 618.7
1240360 618.7
1240370 618.8
1240380 618.5
1240390 618.5
1240400 618.1
1240410 617.5
1240420 617.5
1240430 616.9
1240440 616.2
1240450 616.2
1240460 615.5
1240470 614.8
1240480 614.8
1240490 614.1
1240500 613.4
1240510 613.4
1240520 612.7
1240530 612.0
1240540 612.0
1240550 611.1
1240560 610.2
1240570 609.7
1240580 609.7
1240590 609.8
1240600 609.5
1240610 609.5
1240620 609.1
1240630 608.7
1240640 608.7
1240650 608.2
1240660 607.8
1240670 607.8
1240680 607.4
1240690 607.0
1240700 607.0
1240710 606.8
1240720 606.7
1240730 606.7
1240740 607.0
1240750 607.5
1240760 607.5
1240770 607.4
1240780 606.6
1240790 606.6
1240800 606.4
1240810 606.2
1240820 606.2
1240830 606.2
1240840 606.5
1240850 606.5
1240860 606.5
1240870 606.5
1240880 606.4
1240890 606.4
1240900 606.4
1240910 606.4
1240920 606.4
1240930 606.3
1240940 606.3
1240950 606.3
1240960 606.2
1240970 606.2
1240980 606.2
1240990 606.2
1241000 606.2
1241010 606.2
1241020 606.2
1241030 606.2
1241040 606.2
1241050 606.3
1241060 606.4
1241070 606.4
1241080 606.3
1241090 606.3
1241100 606.3
1241110 606.2
1241120 606.2
1241130 606.2
1241140 606.2
1241150 606.2
1241160 606.1
1241170 606.1
1241180 606.1
1241190 606.0
1241200 606.0
1241210 606.0
1241220 606.0
1241230 606.0
1241240 606.0
1241250 605.9
1241260 605.9
1241270 605.9
1241280 606.0
1241290 606.0
1241300 606.0
1241310 606.0
1241320 606.0
1241330 606.0
1241340 605.9
1241350 605.8
1241360 605.8
1241370 605.7
1241380 605.7
1241390 605.7
1241400 605.7
1241410 605.7
1241420 605.7
1241430 605.9
1241440 605.9
1241450 605.9
1241460 605.7
1241470 605.7
1241480 605.7
1241490 605.6
1241500 605.5
1241510 605.5
1241520 605.5
1241530 605.4
1241540 605.4
1241550 605.4
1241560 605.4
1241570 605.4
1241580 605.4
1241590 605.5
1241600 605.5
1241610 605.4
1241620 605.4
1241630 605.3
1241640 605.3
1241650 605.2
1241660 605.2
1241670 605.2
1241680 605.2
1241690 605.4
1241700 605.4
1241710 605.6
1241720 605.5
1241730 605.5
1241740 605.4
1241750 605.4
1241760 605.4
1241770 605.4
1241780 605.6
1241790 605.6
1241800 605.6
1241810 605.7
1241820 605.7
1241830 606.5
1241840 606.9
1241850 606.9
1241860 606.5
1241870 605.9
1241880 605.9
1241890 605.6
1241900 605.5
1241910 605.5
1241920 605.5
1241930 605.5
1241940 605.6
1241950 605.6
1241960 605.6
1241970 605.5
1241980 605.5
1241990 605.5
1242000 605.4
1242010 605.4
1242020 605.5
1242030 605.6
1242040 605.6
1242050 605.5
1242060 605.5
1242070 605.5
1242080 605.5
1242090 605.5
1242100 605.5
1242110 605.3
1242120 605.3
1242130 605.3
1242140 605.3
1242150 605.4
1242160 605.4
1242170 605.4
1242180 605.4
1242190 605.4
1242200 605.4
1242210 605.3
1242220 605.3
1242230 605.3
1242240 605.3
1242250 605.3
1242260 605.3
1242270 605.3
1242280 605.2
1242290 605.2
1242300 605.2
1242310 605.2
1242320 605.2
1242330 605.2
1242340 605.2
1242350 605.2
1242360 605.2
1242370 605.1
1242380 605.1
1242390 605.1
1242400 605.2
1242410 605.2
1242420 605.2
1242430 605.2
1242440 605.3
1242450 605.3
1242460 605.5
1242470 605.9
1242480 605.9
1242490 606.4
1242500 605.8
1242510 605.8
1242520 603.8
1242530 602.7
1242540 602.7
1242550 602.5
1242560 602.5
1242570 602.5
1242580 602.4
1242590 602.4
1242600 602.4
1242610 602.4
1242620 602.4
1242630 602.4
1242640 602.4
1242650 602.4
1242660 602.4
1242670 602.3
1242680 602.3
1242690 602.3
1242700 602.3
1242710 602.3
1242720 602.3
1242730 602.3
1242740 602.7
1242750 603.9
1242760 603.9
1242770 605.4
1242780 606.3
1242790 606.3
1242800 606.4
1242810 606.5
1242820 606.5
1242830 607.7
1242840 609.4
1242850 609.4
1242860 609.2
1242870 607.6
1242880 607.6
1242890 607.0
1242900 607.2
1242910 607.2
1242920 607.2
1242930 607.2
1242940 607.2
1242950 607.2
1242960 607.2
1242970 607.2
1242980 607.2
1242990 607.1
1243000 606.9
1243010 606.9
1243020 606.4
1243030 606.5
1243040 606.5
1243050 606.5
1243060 606.4
1243070 606.4
1243080 606.3
1243090 606.2
1243100 606.2
1243110 606.2
1243120 606.2
1243130 606.2
1243140 606.3
1243150 606.1
1243160 606.1
1243170 606.0
1243180 606.0
1243190 606.0
1243200 606.0
1243210 606.0
1243220 606.0
1243230 606.0
1243240 606.1
1243250 606.0
1243260 606.0
1243270 605.7
1243280 605.9
1243290 605.9
1243300 606.7
1243310 608.2
1243320 608.2
1243330 609.5
1243340 609.1
1243350 609.1
1243360 608.1
1243370 607.0
1243380 607.0
1243390 605.9
1243400 605.5
1243410 605.5
1243420 605.2
1243430 604.5
1243440 604.5
1243450 603.6
1243460 602.7
1243470 602.7
1243480 601.9
1243490 601.4
1243500 601.2
1243510 601.2
1243520 601.2
1243530 601.2
1243540 601.2
1243550 601.2
1243560 601.1
1243570 601.1
1243580 601.1
1243590 601.1
1243600 601.1
1243610 601.0
1243620 601.0
1243630 601.0
1243640 601.0
1243650 601.0
1243660 601.0
1243670 600.9
1243680 600.9
1243690 600.9
1243700 600.9
1243710 600.8
1243720 600.8
1243730 600.8
1243740 601.5
1243750 601.5
1243760 602.1
1243770 602.8
1243780 603.4
1243790 603.4
1243800 604.1
1243810 604.6
1243820 604.6
1243830 605.2
1243840 605.6
1243850 605.6
1243860 605.8
1243870 605.9
1243880 605.9
1243890 605.7
1243900 605.4
1243910 605.4
1243920 605.4
1243930 605.4
1243940 605.4
1243950 605.1
1243960 604.6
1243970 604.6
1243980 604.0
1243990 603.6
1244000 603.6
1244010 603.3
1244020 603.1
1244030 603.1
1244040 603.0
1244050 603.0
1244060 602.9
1244070 602.9
1244080 602.9
1244090 602.9
1244100 602.9
1244110 602.8
1244120 602.8
1244130 602.8
1244140 602.7
1244150 602.6
1244160 602.6
1244170 602.7
1244180 602.7
1244190 602.7
1244200 602.7
1244210 602.6
1244220 602.6
1244230 602.6
1244240 602.7
1244250 602.7
1244260 602.6
1244270 602.6
1244280 602.6
1244290 602.5
1244300 602.4
1244310 602.4
1244320 602.4
1244330 602.2
1244340 602.2
1244350 602.2
1244360 602.3
1244370 602.4
1244380 602.4
1244390 602.4
1244400 602.4
1244410 602.4
1244420 602.3
1244430 602.2
1244440 602.2
1244450 602.2
1244460 602.2
1244470 602.2
1244480 602.2
1244490 602.2
1244500 602.2
1244510 602.1
1244520 602.1
1244530 602.1
1244540 602.1
1244550 602.1
1244560 602.1
1244570 602.0
1244580 602.0
1244590 601.9
1244600 601.9
1244610 601.9
1244620 602.1
1244630 602.1
1244640 602.2
1244650 602.1
1244660 602.1
1244670 601.9
1244680 601.9
1244690 601.9
1244700 601.9
1244710 602.0
1244720 602.0
1244730 602.0
1244740 602.0
1244750 602.0
1244760 602.0
1244770 602.0
1244780 602.0
1244790 602.0
1244800 602.0
1244810 602.0
1244820 602.0
1244830 602.0
1244840 602.0
1244850 602.0
1244860 602.0
1244870 602.0
1244880 602.0
1244890 602.0
1244900 602.0
1244910 602.0
1244920 602.0
1244930 601.9
1244940 601.9
1244950 602.1
1244960 602.1
1244970 602.1
1244980 602.0
1244990 602.0
1245000 602.0
1245010 602.0
1245020 602.0
1245030 602.0
1245040 602.1
1245050 602.1
1245060 602.1
1245070 602.1
1245080 602.3
1245090 602.3
1245100 602.2
1245110 602.2
1245120 602.4
1245130 602.4
1245140 602.6
1245150 603.0
1245160 603.0
1245170 603.5
1245180 603.7
1245190 603.7
1245200 603.3
1245210 602.0
1245220 602.0
1245230 600.5
1245240 599.6
1245250 599.6
1245260 599.2
1245270 599.0
1245280 599.0
1245290 599.0
1245300 599.0
1245310 599.0
1245320 599.0
1245330 599.0
1245340 599.0
1245350 598.9
1245360 598.9
1245370 598.9
1245380 598.9
1245390 598.9
1245400 598.9
1245410 598.9
1245420 598.9
1245430 599.2
1245440 599.2
1245450 600.0
1245460 601.6
1245470 601.6
1245480 603.2
1245490 603.7
1245500 603.7
1245510 604.6
1245520 605.3
1245530 605.3
1245540 605.9
1245550 606.2
1245560 606.2
1245570 606.3
1245580 606.2
1245590 606.2
1245600 605.9
1245610 605.4
1245620 605.4
1245630 604.1
1245640 603.9
1245650 603.9
1245660 603.9
1245670 604.0
1245680 604.1
1245690 604.1
1245700 603.9
1245710 604.3
1245720 604.3
1245730 604.6
1245740 604.6
1245750 604.6
1245760 604.7
1245770 604.7
1245780 604.7
1245790 604.7
1245800 604.2
1245810 604.2
1245820 603.7
1245830 603.9
1245840 603.9
1245850 604.5
1245860 603.2
1245870 603.2
1245880 603.8
1245890 604.3
1245900 604.3
1245910 605.6
1245920 608.0
1245930 608.9
1245940 608.9
1245950 608.7
1245960 610.0
1245970 610.0
1245980 613.7
1245990 618.6
1246000 618.6
1246010 624.5
1246020 630.0
1246030 630.0
1246040 635.7
1246050 641.8
1246060 641.8
1246070 646.1
1246080 649.8
1246090 649.8
1246100 654.2
1246110 655.9
1246120 655.9
1246130 657.6
1246140 660.9
1246150 660.9
1246160 664.3
1246170 668.3
1246180 672.7
1246190 672.7
1246200 676.0
1246210 679.0
1246220 679.0
1246230 680.2
1246240 680.9
1246250 680.9
1246260 684.5
1246270 689.1
1246280 689.1
1246290 694.3
1246300 696.2
1246310 696.2
1246320 697.2
1246330 698.9
1246340 698.9
1246350 701.3
1246360 702.0
1246370 702.0
1246380 703.1
1246390 705.1
1246400 699.6
1246410 700.9
1246420 703.3
1246430 703.3
1246440 705.6
1246450 707.6
1246460 710.4
1246470 710.4
1246480 714.4
1246490 717.3
1246500 717.3
1246510 719.5
1246520 722.0
1246530 722.0
1246540 724.5
1246550 724.0
1246560 724.0
1246570 724.1
1246580 725.3
1246590 725.3
1246600 726.4
1246610 727.2
1246620 727.2
1246630 727.5
1246640 727.4
1246650 727.4
1246660 727.4
1246670 727.6
1246680 727.6
1246690 728.2
1246700 728.5
1246710 728.5
1246720 728.6
1246730 729.2
1246740 730.0
1246750 730.0
1246760 729.7
1246770 727.4
1246780 727.4
1246790 724.4
1246800 726.8
1246810 726.8
1246820 727.7
1246830 730.6
1246840 730.6
1246850 731.2
1246860 730.8
1246870 730.8
1246880 729.3
1246890 729.0
1246900 729.0
1246910 726.1
1246920 720.8
1246930 718.0
1246940 712.9
1246950 711.3
1246960 711.3
1246970 712.6
1246980 715.9
1246990 716.6
1247000 716.6
1247010 712.0
1247020 708.4
1247030 708.4
1247040 707.1
1247050 707.1
1247060 707.1
1247070 708.5
1247080 710.9
1247090 710.9
1247100 711.3
1247110 712.4
1247120 712.4
1247130 713.5
1247140 713.9
1247150 713.9
1247160 711.3
1247170 705.9
1247180 705.9
1247190 701.3
1247200 700.3
1247210 700.3
1247220 702.0
1247230 703.2
1247240 703.2
1247250 702.6
1247260 701.1
1247270 699.4
1247280 699.4
1247290 697.7
1247300 696.8
1247310 696.8
1247320 696.7
1247330 696.4
1247340 696.4
1247350 696.9
1247360 697.8
1247370 697.8
1247380 699.0
1247390 699.8
1247400 699.8
1247410 700.6
1247420 701.4
1247430 701.4
1247440 702.7
1247450 703.9
1247460 703.9
1247470 701.4
1247480 703.3
1247490 703.3
1247500 705.6
1247510 707.9
1247520 710.1
1247530 710.1
1247540 711.9
1247550 714.2
1247560 714.2
1247570 716.9
1247580 719.4
1247590 719.4
1247600 722.2
1247610 726.0
1247620 726.0
1247630 729.7
1247640 732.7
1247650 732.7
1247660 735.8
1247670 738.9
1247680 738.9
1247690 741.8
1247700 744.4
1247710 744.4
1247720 746.3
1247730 747.8
1247740 747.8
1247750 749.5
1247760 751.1
1247770 751.1
1247780 754.2
1247790 757.2
1247800 758.0
1247810 758.0
1247820 757.7
1247830 757.5
1247840 757.5
1247850 757.3
1247860 756.6
1247870 756.6
1247880 758.5
1247890 759.9
1247900 759.9
1247910 760.5
1247920 758.4
1247930 758.4
1247940 756.3
1247950 753.9
1247960 753.9
1247970 752.7
1247980 751.9
1247990 751.9
1248000 751.3
1248010 749.7
1248020 749.7
1248030 749.4
1248040 749.5
1248050 749.5
1248060 749.3
1248070 749.4
1248080 750.7
1248090 750.7
1248100 753.1
1248110 756.1
1248120 756.1
1248130 759.7
1248140 763.5
1248150 763.5
1248160 767.4
1248170 771.2
1248180 771.2
1248190 775.2
1248200 779.0
1248210 779.0
1248220 782.8
1248230 786.6
1248240 786.6
1248250 789.6
1248260 792.3
1248270 792.3
1248280 795.3
1248290 798.2
1248300 798.2
1248310 800.6
1248320 802.5
1248330 804.6
1248340 804.6
1248350 806.6
1248360 808.5
1248370 808.5
1248380 809.2
1248390 809.0
1248400 809.0
1248410 809.2
1248420 810.1
1248430 810.1
1248440 811.8
1248450 813.8
1248460 813.8
1248470 815.9
1248480 818.1
1248490 818.1
1248500 820.3
1248510 823.3
1248520 823.3
1248530 826.4
1248540 823.2
1248550 823.2
1248560 824.8
1248570 826.3
1248580 826.3
1248590 827.6
1248600 829.5
1248610 832.0
1248620 832.0
1248630 834.9
1248640 838.3
1248650 838.3
1248660 842.0
1248670 845.8
1248680 845.8
1248690 848.8
1248700 852.6
1248710 852.6
1248720 855.8
1248730 859.6
1248740 859.6
1248750 863.4
1248760 866.7
1248770 866.7
1248780 869.7
1248790 872.1
1248800 872.1
1248810 874.9
1248820 878.1
1248830 878.1
1248840 882.7
1248850 887.0
1248860 890.9
1248870 890.9
1248880 892.8
1248890 896.1
1248900 896.1
1248910 901.1
1248920 904.2
1248930 904.2
1248940 908.4
1248950 914.5
1248960 914.5
1248970 917.6
1248980 919.8
1248990 919.8
1249000 923.5
1249010 927.8
1249020 927.8
1249030 932.1
1249040 934.2
1249050 934.2
1249060 934.7
1249070 935.9
1249080 927.8
1249090 930.9
1249100 933.3
1249110 933.3
1249120 933.9
1249130 934.7
1249140 936.1
1249150 936.1
1249160 938.2
1249170 941.1
1249180 941.1
1249190 944.3
1249200 947.3
1249210 947.3
1249220 950.8
1249230 953.9
1249240 953.9
1249250 956.7
1249260 959.6
1249270 959.6
1249280 962.5
1249290 965.3
1249300 965.3
1249310 968.0
1249320 970.7
1249330 970.7
1249340 973.5
1249350 976.0
1249360 976.0
1249370 979.0
1249380 982.1
1249390 982.1
1249400 985.5
1249410 988.0
1249420 991.0
1249430 991.0
1249440 995.1
1249450 999.7
1249460 999.7
1249470 1004.5
1249480 1010.2
1249490 1010.2
1249500 1017.2
1249510 1022.0
1249520 1022.0
1249530 1023.9
1249540 1024.7
1249550 1024.7
1249560 1026.3
1249570 1028.6
1249580 1028.6
1249590 1030.7
1249600 1032.4
1249610 1032.4
1249620 1029.0
1249630 1030.2
1249640 1030.2
1249650 1031.7
1249660 1032.8
1249670 1033.7
1249680 1033.7
1249690 1034.4
1249700 1035.2
1249710 1035.2
1249720 1036.4
1249730 1037.2
1249740 1037.2
1249750 1038.9
1249760 1040.3
1249770 1040.3
1249780 1039.8
1249790 1040.0
1249800 1040.0
1249810 1041.3
1249820 1043.1
1249830 1043.1
1249840 1043.7
1249850 1043.3
1249860 1043.3
1249870 1043.4
1249880 1044.1
1249890 1044.1
1249900 1044.5
1249910 1044.3
1249920 1044.3
1249930 1043.5
1249940 1042.6
1249950 1043.4
1249960 1043.4
1249970 1046.2
1249980 1047.4
1249990 1047.4
1250000 1047.1
1250010 1046.5
1250020 1046.5
1250030 1044.9
1250040 1042.6
1250050 1042.6
1250060 1040.9
1250070 1039.9
1250080 1039.9
1250090 1038.6
1250100 1035.9
1250110 1035.9
1250120 1032.0
1250130 1028.4
1250140 1028.4
1250150 1025.0
1250160 1020.8
1250170 1017.3
1250180 1013.8
1250190 1010.7
1250200 1005.2
1250210 1005.2
1250220 998.8
1250230 993.6
1250240 993.6
1250250 989.5
1250260 986.2
1250270 986.2
1250280 983.6
1250290 980.7
1250300 980.7
1250310 978.4
1250320 975.8
1250330 975.8
1250340 973.5
1250350 971.6
1250360 971.6
1250370 969.6
1250380 968.7
1250390 968.7
1250400 967.4
1250410 964.7
1250420 964.7
1250430 962.1
1250440 960.8
1250450 960.8
1250460 959.6
1250470 957.2
1250480 956.5
1250490 956.5
1250500 955.0
1250510 950.8
1250520 950.8
1250530 945.0
1250540 937.7
1250550 937.7
1250560 935.7
1250570 934.8
1250580 934.8
1250590 933.3
1250600 928.4
1250610 928.4
1250620 922.5
1250630 915.9
1250640 915.9
1250650 909.1
1250660 900.2
1250670 900.2
1250680 889.6
1250690 880.0
1250700 880.0
1250710 875.1
1250720 867.0
1250730 867.0
1250740 857.7
1250750 848.5
1250760 840.3
1250770 840.3
1250780 832.9
1250790 820.4
1250800 820.4
1250810 809.1
1250820 801.4
1250830 801.4
1250840 795.4
1250850 785.7
1250860 785.7
1250870 768.4
1250880 754.5
1250890 754.5
1250900 757.5
1250910 765.5
1250920 765.5
1250930 773.2
1250940 782.9
1250950 782.9
1250960 789.5
1250970 795.6
1250980 795.6
1250990 802.0
1251000 809.7
1251010 824.5
1251020 824.5
1251030 832.4
1251040 847.0
1251050 847.0
1251060 863.6
1251070 871.5
1251080 871.5
1251090 878.7
1251100 885.9
1251110 885.9
1251120 892.0
1251130 896.2
1251140 896.2
1251150 899.2
1251160 904.0
1251170 904.0
1251180 910.0
1251190 917.2
1251200 917.2
1251210 926.7
1251220 936.2
1251230 936.2
1251240 941.8
1251250 946.0
1251260 940.9
1251270 945.2
1251280 949.1
1251290 949.2
1251300 949.2
1251310 954.2
1251320 958.4
1251330 958.4
1251340 962.1
1251350 965.5
1251360 965.5
1251370 967.4
1251380 969.9
1251390 969.9
1251400 972.2
1251410 973.0
1251420 973.0
1251430 973.7
1251440 975.5
1251450 975.5
1251460 978.3
1251470 980.6
1251480 980.6
1251490 982.2
1251500 984.0
1251510 984.0
1251520 984.8
1251530 987.0
1251540 987.9
1251550 987.9
1251560 989.0
1251570 989.6
1251580 989.6
1251590 991.5
1251600 993.9
1251610 993.9
1251620 995.2
1251630 997.0
1251640 997.0
1251650 998.8
1251660 999.9
1251670 999.9
1251680 1000.7
1251690 1001.4
1251700 1001.4
1251710 1002.7
1251720 1005.7
1251730 1005.7
1251740 1008.0
1251750 1009.5
1251760 1009.5
1251770 1011.1
1251780 1012.6
1251790 1012.6
1251800 1013.1
1251810 1014.9
1251820 1016.4
1251830 1016.4
1251840 1017.1
1251850 1017.5
1251860 1017.5
1251870 1018.0
1251880 1018.5
1251890 1018.5
1251900 1019.3
1251910 1021.8
1251920 1021.8
1251930 1024.4
1251940 1026.7
1251950 1026.7
1251960 1028.7
1251970 1030.2
1251980 1030.2
1251990 1031.3
1252000 1034.6
1252010 1034.6
1252020 1036.7
1252030 1036.0
1252040 1036.0
1252050 1035.3
1252060 1038.1
1252070 1038.1
1252080 1037.6
1252090 1037.3
1252100 1042.5
1252110 1042.5
1252120 1048.8
1252130 1051.2
1252140 1051.2
1252150 1050.0
1252160 1050.6
1252170 1050.6
1252180 1054.2
1252190 1057.6
1252200 1057.6
1252210 1056.7
1252220 1055.0
1252230 1055.0
1252240 1056.5
1252250 1062.1
1252260 1062.1
1252270 1068.4
1252280 1074.1
1252290 1074.1
1252300 1080.2
1252310 1085.8
1252320 1085.8
1252330 1089.7
1252340 1092.8
1252350 1089.9
1252360 1089.9
1252370 1092.1
1252380 1093.5
1252390 1093.5
1252400 1094.2
1252410 1094.2
1252420 1094.2
1252430 1094.8
1252440 1095.1
1252450 1095.1
1252460 1095.7
1252470 1095.3
1252480 1095.3
1252490 1095.9
1252500 1097.0
1252510 1097.0
1252520 1097.4
1252530 1097.3
1252540 1097.3
1252550 1096.7
1252560 1095.2
1252570 1095.2
1252580 1093.5
1252590 1093.4
1252600 1093.4
1252610 1092.3
1252620 1090.8
1252630 1089.6
1252640 1089.6
1252650 1088.8
1252660 1087.2
1252670 1087.2
1252680 1085.4
1252690 1085.4
1252700 1085.4
1252710 1084.1
1252720 1082.3
1252730 1082.3
1252740 1082.8
1252750 1083.5
1252760 1083.5
1252770 1083.8
1252780 1083.1
1252790 1083.1
1252800 1082.0
1252810 1080.7
1252820 1080.7
1252830 1079.5
1252840 1078.9
1252850 1078.9
1252860 1078.2
1252870 1077.2
1252880 1075.7
1252890 1075.7
1252900 1066.4
1252910 1066.4
1252920 1066.4
1252930 1067.2
1252940 1067.4
1252950 1067.4
1252960 1066.2
1252970 1065.9
1252980 1065.9
1252990 1063.2
1253000 1060.0
1253010 1060.0
1253020 1059.4
1253030 1057.9
1253040 1057.9
1253050 1054.2
1253060 1054.2
1253070 1054.2
1253080 1054.4
1253090 1050.9
1253100 1050.9
1253110 1048.2
1253120 1047.8
1253130 1047.8
1253140 1046.2
1253150 1045.2
1253160 1043.4
1253170 1043.4
1253180 1039.5
1253190 1037.0
1253200 1037.0
1253210 1038.0
1253220 1037.8
1253230 1037.8
1253240 1037.0
1253250 1033.8
1253260 1033.8
1253270 1025.2
1253280 1018.5
1253290 1018.5
1253300 1022.8
1253310 1028.9
1253320 1028.9
1253330 1028.6
1253340 1027.4
1253350 1027.4
1253360 1026.5
1253370 1025.6
1253380 1025.6
1253390 1024.4
1253400 1022.8
1253410 1022.8
1253420 1018.8
1253430 1016.6
1253440 1018.6
1253450 1012.9
1253460 1013.5
1253470 1014.1
1253480 1014.1
1253490 1010.0
1253500 1009.5
1253510 1009.5
1253520 1011.6
1253530 1012.0
1253540 1012.0
1253550 1009.3
1253560 1003.9
1253570 1003.9
1253580 1002.1
1253590 1002.3
1253600 1002.3
1253610 997.6
1253620 996.1
1253630 996.1
1253640 999.9
1253650 1005.1
1253660 1005.1
1253670 1005.3
1253680 1000.4
1253690 995.5
1253700 995.5
1253710 990.9
1253720 986.8
1253730 986.8
1253740 984.9
1253750 986.7
1253760 986.7
1253770 986.4
1253780 980.2
1253790 980.2
1253800 973.8
1253810 968.5
1253820 968.5
1253830 965.0
1253840 966.8
1253850 966.8
1253860 969.0
1253870 972.4
1253880 972.4
1253890 977.9
1253900 982.4
1253910 982.4
1253920 984.0
1253930 983.3
1253940 983.3
1253950 983.3
1253960 984.3
1253970 986.1
1253980 986.1
1253990 986.3
1254000 976.5
1254010 976.5
1254020 977.3
1254030 978.7
1254040 978.7
1254050 971.6
1254060 963.9
1254070 963.9
1254080 958.0
1254090 952.7
1254100 952.7
1254110 946.7
1254120 940.8
1254130 940.8
1254140 933.8
1254150 925.9
1254160 925.9
1254170 918.7
1254180 912.5
1254190 912.5
1254200 911.1
1254210 916.3
1254220 922.9
1254230 922.9
1254240 929.8
1254250 935.8
1254260 935.8
1254270 941.5
1254280 944.4
1254290 944.4
1254300 943.0
1254310 942.4
1254320 942.4
1254330 939.8
1254340 938.3
1254350 938.3
1254360 938.1
1254370 936.8
1254380 936.8
1254390 935.1
1254400 933.8
1254410 933.8
1254420 932.3
1254430 931.4
1254440 931.4
1254450 929.1
1254460 925.8
1254470 925.8
1254480 922.1
1254490 918.3
1254500 916.1
1254510 916.1
1254520 915.7
1254530 917.8
1254540 917.8
1254550 921.8
1254560 940.2
1254570 940.2
1254580 944.7
1254590 951.6
1254600 951.6
1254610 959.6
1254620 967.6
1254630 967.6
1254640 978.1
1254650 982.8
1254660 982.8
1254670 987.0
1254680 994.9
1254690 994.9
1254700 1000.5
1254710 1005.7
1254720 1005.7
1254730 1009.3
1254740 1011.3
1254750 1013.6
1254760 1013.6
1254770 1016.7
1254780 1022.4
1254790 1022.4
1254800 1026.5
1254810 1028.8
1254820 1028.8
1254830 1033.0
1254840 1039.1
1254850 1039.1
1254860 1045.8
1254870 1051.5
1254880 1051.5
1254890 1055.1
1254900 1057.0
1254910 1057.0
1254920 1058.7
1254930 1060.3
1254940 1060.3
1254950 1062.0
1254960 1063.8
1254970 1063.8
1254980 1065.3
1254990 1067.0
1255000 1067.0
1255010 1068.7
1255020 1070.1
1255030 1072.2
1255040 1072.2
1255050 1074.5
1255060 1076.5
1255070 1076.5
1255080 1077.2
1255090 1078.8
1255100 1078.8
1255110 1081.1
1255120 1083.1
1255130 1083.1
1255140 1085.2
1255150 1087.2
1255160 1087.2
1255170 1089.0
1255180 1087.7
1255190 1087.7
1255200 1082.0
1255210 1081.9
1255220 1081.9
1255230 1086.1
1255240 1090.5
1255250 1090.5
1255260 1093.4
1255270 1094.8
1255280 1094.8
1255290 1097.2
1255300 1098.6
1255310 1095.4
1255320 1095.4
1255330 1091.6
1255340 1090.6
1255350 1090.6
1255360 1092.2
1255370 1098.1
1255380 1098.1
1255390 1106.6
1255400 1114.9
1255410 1114.9
1255420 1120.4
1255430 1123.9
1255440 1123.9
1255450 1126.1
1255460 1129.2
1255470 1129.2
1255480 1133.7
1255490 1139.5
1255500 1139.5
1255510 1144.4
1255520 1148.7
1255530 1148.7
1255540 1153.1
1255550 1155.6
1255560 1157.9
1255570 1157.9
1255580 1160.8
1255590 1165.0
1255600 1165.0
1255610 1170.4
1255620 1175.4
1255630 1175.4
1255640 1178.7
1255650 1183.6
1255660 1183.6
1255670 1187.7
1255680 1190.6
1255690 1190.6
1255700 1195.6
1255710 1200.7
1255720 1200.7
1255730 1205.3
1255740 1212.1
1255750 1212.1
1255760 1218.8
1255770 1221.9
1255780 1221.9
1255790 1223.1
1255800 1225.1
1255810 1225.1
1255820 1227.2
1255830 1230.6
1255840 1233.5
1255850 1233.5
1255860 1235.6
1255870 1238.0
1255880 1238.0
1255890 1240.5
1255900 1243.6
1255910 1243.6
1255920 1247.6
1255930 1251.9
1255940 1251.9
1255950 1255.6
1255960 1259.3
1255970 1259.3
1255980 1262.8
1255990 1266.7
1256000 1266.7
1256010 1269.7
1256020 1273.5
1256030 1273.5
1256040 1277.0
1256050 1280.3
1256060 1280.3
1256070 1284.0
1256080 1287.5
1256090 1291.2
1256100 1291.2
1256110 1295.6
1256120 1300.1
1256130 1300.1
1256140 1304.6
1256150 1309.0
1256160 1309.0
1256170 1312.9
1256180 1316.7
1256190 1316.7
1256200 1320.4
1256210 1324.8
1256220 1326.1
1256230 1330.7
1256240 1335.9
1256250 1335.9
1256260 1340.7
1256270 1344.1
1256280 1344.1
1256290 1347.9
1256300 1351.1
1256310 1351.1
1256320 1354.4
1256330 1356.9
1256340 1356.9
1256350 1360.6
1256360 1365.2
1256370 1370.1
1256380 1370.1
1256390 1375.6
1256400 1380.9
1256410 1380.9
1256420 1385.5
1256430 1389.5
1256440 1389.5
1256450 1393.5
1256460 1397.6
1256470 1397.6
1256480 1402.1
1256490 1407.6
1256500 1407.6
1256510 1411.6
1256520 1415.9
1256530 1415.9
1256540 1421.8
1256550 1428.6
1256560 1428.6
1256570 1434.9
1256580 1440.4
1256590 1440.4
1256600 1446.5
1256610 1452.8
1256620 1452.8
1256630 1459.4
1256640 1466.6
1256650 1473.8
1256660 1473.8
1256670 1480.1
1256680 1485.6
1256690 1485.6
1256700 1491.3
1256710 1497.1
1256720 1497.1
1256730 1502.9
1256740 1508.4
1256750 1508.4
1256760 1514.0
1256770 1520.0
1256780 1520.2
1256790 1526.2
1256800 1532.6
1256810 1532.6
1256820 1539.1
1256830 1545.1
1256840 1545.1
1256850 1551.8
1256860 1558.7
1256870 1558.7
1256880 1566.0
1256890 1572.7
1256900 1578.7
1256910 1578.7
1256920 1584.9
1256930 1590.4
1256940 1590.4
1256950 1594.6
1256960 1598.3
1256970 1598.3
1256980 1601.5
1256990 1604.6
1257000 1604.6
1257010 1607.4
1257020 1609.8
1257030 1609.8
1257040 1611.9
1257050 1613.8
1257060 1613.8
1257070 1615.6
1257080 1617.5
1257090 1617.5
1257100 1620.4
1257110 1623.2
1257120 1623.2
1257130 1627.2
1257140 1631.8
1257150 1631.8
1257160 1635.8
1257170 1640.2
1257180 1644.6
1257190 1644.6
1257200 1649.5
1257210 1654.2
1257220 1654.2
1257230 1658.5
1257240 1662.3
1257250 1662.3
1257260 1665.0
1257270 1666.9
1257280 1666.9
1257290 1668.3
1257300 1669.1
1257310 1669.1
1257320 1668.8
1257330 1668.0
1257340 1674.1
1257350 1673.2
1257360 1672.0
1257370 1672.0
1257380 1670.8
1257390 1670.6
1257400 1670.6
1257410 1670.9
1257420 1671.7
1257430 1673.5
1257440 1673.5
1257450 1676.7
1257460 1680.3
1257470 1680.3
1257480 1684.2
1257490 1688.4
1257500 1688.4
1257510 1692.3
1257520 1696.2
1257530 1696.2
1257540 1700.0
1257550 1703.8
1257560 1703.8
1257570 1707.2
1257580 1710.7
1257590 1710.7
1257600 1714.3
1257610 1718.3
1257620 1718.3
1257630 1722.3
1257640 1726.6
1257650 1726.6
1257660 1731.0
1257670 1735.6
1257680 1735.6
1257690 1740.7
1257700 1746.0
1257710 1751.1
1257720 1751.1
1257730 1756.3
1257740 1761.4
1257750 1761.4
1257760 1766.5
1257770 1771.2
1257780 1771.2
1257790 1775.8
1257800 1780.5
1257810 1780.5
1257820 1785.1
1257830 1789.8
1257840 1789.8
1257850 1794.4
1257860 1799.2
1257870 1799.2
1257880 1804.4
1257890 1809.6
1257900 1812.3
1257910 1817.2
1257920 1822.2
1257930 1822.2
1257940 1827.0
1257950 1831.5
1257960 1836.0
1257970 1836.0
1257980 1840.3
1257990 1843.4
1258000 1843.4
1258010 1843.4
1258020 1841.9
1258030 1841.9
1258040 1838.8
1258050 1834.0
1258060 1834.0
1258070 1827.3
1258080 1820.5
1258090 1820.5
1258100 1814.7
1258110 1808.1
1258120 1808.1
1258130 1801.4
1258140 1796.6
1258150 1796.6
1258160 1792.4
1258170 1788.0
1258180 1788.0
1258190 1784.1
1258200 1781.7
1258210 1781.7
1258220 1782.3
1258230 1780.5
1258240 1775.7
1258250 1775.7
1258260 1762.3
1258270 1746.4
1258280 1746.4
1258290 1732.8
1258300 1722.2
1258310 1722.2
1258320 1713.5
1258330 1709.7
1258340 1709.7
1258350 1704.0
1258360 1694.7
1258370 1694.7
1258380 1686.2
1258390 1681.1
1258400 1681.1
1258410 1674.5
1258420 1665.4
1258430 1665.4
1258440 1655.2
1258450 1646.0
1258460 1648.7
1258470 1639.9
1258480 1632.9
1258490 1632.9
1258500 1623.6
1258510 1613.3
1258520 1606.8
1258530 1606.8
1258540 1603.9
1258550 1601.0
1258560 1601.0
1258570 1599.7
1258580 1597.9
1258590 1597.9
1258600 1593.8
1258610 1590.4
1258620 1590.4
1258630 1587.2
1258640 1584.6
1258650 1584.6
1258660 1581.6
1258670 1577.6
1258680 1577.6
1258690 1572.4
1258700 1566.3
1258710 1566.3
1258720 1559.9
1258730 1553.7
1258740 1553.7
1258750 1547.7
1258760 1541.4
1258770 1530.9
1258780 1530.9
1258790 1519.1
1258800 1509.7
1258810 1509.7
1258820 1510.0
1258830 1516.1
1258840 1516.1
1258850 1520.8
1258860 1519.8
1258870 1519.8
1258880 1517.4
1258890 1514.5
1258900 1514.5
1258910 1511.1
1258920 1507.4
1258930 1507.4
1258940 1503.5
1258950 1499.0
1258960 1499.0
1258970 1494.1
1258980 1489.1
1258990 1489.1
1259000 1483.8
1259010 1478.6
1259020 1484.6
1259030 1479.4
1259040 1472.6
1259050 1461.3
1259060 1461.3
1259070 1453.1
1259080 1444.7
1259090 1444.7
1259100 1430.5
1259110 1414.7
1259120 1414.7
1259130 1404.3
1259140 1397.9
1259150 1397.9
1259160 1392.8
1259170 1394.4
1259180 1394.4
1259190 1398.5
1259200 1404.0
1259210 1404.0
1259220 1407.7
1259230 1406.3
1259240 1406.3
1259250 1404.0
1259260 1401.0
1259270 1401.0
1259280 1396.8
1259290 1392.8
1259300 1390.0
1259310 1390.0
1259320 1387.9
1259330 1382.0
1259340 1382.0
1259350 1375.6
1259360 1369.2
1259370 1369.2
1259380 1360.8
1259390 1352.8
1259400 1352.8
1259410 1346.0
1259420 1339.4
1259430 1339.4
1259440 1333.6
1259450 1328.1
1259460 1328.1
1259470 1323.2
1259480 1318.3
1259490 1318.3
1259500 1314.6
1259510 1309.1
1259520 1309.1
1259530 1302.6
1259540 1295.4
1259550 1295.4
1259560 1288.1
1259570 1281.4
1259580 1275.4
1259590 1280.0
1259600 1271.6
1259610 1264.0
1259620 1264.0
1259630 1265.1
1259640 1269.5
1259650 1269.5
1259660 1267.5
1259670 1263.5
1259680 1263.5
1259690 1259.2
1259700 1254.5
1259710 1254.5
1259720 1248.5
1259730 1244.8
1259740 1244.8
1259750 1240.9
1259760 1236.9
1259770 1236.9
1259780 1234.1
1259790 1229.5
1259800 1229.5
1259810 1225.1
1259820 1218.3
1259830 1205.3
1259840 1205.3
1259850 1194.8
1259860 1193.3
1259870 1193.3
1259880 1184.9
1259890 1167.2
1259900 1167.2
1259910 1155.5
1259920 1148.6
1259930 1148.6
1259940 1143.2
1259950 1135.0
1259960 1135.0
1259970 1126.6
1259980 1121.0
1259990 1121.0
