1240000 614.2
1240010 613.7
1240020 613.4
1240030 613.4
1240040 613.2
1240050 613.1
1240060 613.1
1240070 612.9
1240080 612.7
1240090 612.7
1240100 612.5
1240110 612.5
1240120 612.5
1240130 612.6
1240140 612.8
1240150 612.8
1240160 612.6
1240170 612.0
1240180 612.0
1240190 611.7
1240200 611.5
1240210 611.1
1240220 611.1
1240230 610.8
1240240 610.4
1240250 610.4
1240260 610.1
1240270 609.7
1240280 609.7
1240290 609.4
1240300 609.0
1240310 609.0
1240320 608.8
1240330 608.8
1240340 608.8
1240350 609.1
1240360 609.0
1240370 609.0
1240380 608.8
1240390 608.3
1240400 608.3
1240410 607.8
1240420 607.2
1240430 607.2
1240440 606.9
1240450 607.0
1240460 607.0
1240470 607.1
1240480 607.3
1240490 607.2
1240500 607.2
1240510 607.1
1240520 606.9
1240530 606.8
1240540 606.7
1240550 606.6
1240560 606.6
1240570 606.5
1240580 606.9
1240590 606.9
1240600 607.3
1240610 607.2
1240620 607.2
1240630 607.0
1240640 607.3
1240650 607.3
1240660 607.5
1240670 607.7
1240680 607.7
1240690 607.5
1240700 607.3
1240710 607.3
1240720 607.2
1240730 607.4
1240740 607.4
1240750 607.5
1240760 607.2
1240770 607.1
1240780 607.1
1240790 607.3
1240800 607.2
1240810 607.2
1240820 607.1
1240830 607.0
1240840 607.0
1240850 606.7
1240860 606.6
1240870 606.6
1240880 606.5
1240890 606.5
1240900 606.5
1240910 606.6
1240920 606.6
1240930 606.6
1240940 606.6
1240950 606.5
1240960 606.5
1240970 606.5
1240980 606.5
1240990 606.5
1241000 606.5
1241010 606.5
1241020 606.5
1241030 606.5
1241040 606.5
1241050 606.4
1241060 606.4
1241070 606.2
1241080 606.1
1241090 606.1
1241100 606.0
1241110 606.0
1241120 606.0
1241130 606.0
1241140 606.0
1241150 606.0
1241160 606.0
1241170 606.0
1241180 606.0
1241190 606.0
1241200 606.0
1241210 606.0
1241220 606.0
1241230 606.1
1241240 606.1
1241250 606.0
1241260 606.0
1241270 606.0
1241280 606.0
1241290 606.0
1241300 606.0
1241310 606.0
1241320 606.0
1241330 605.9
1241340 605.9
1241350 605.8
1241360 606.0
1241370 606.0
1241380 606.1
1241390 606.2
1241400 606.2
1241410 606.0
1241420 606.7
1241430 606.7
1241440 607.8
1241450 607.8
1241460 607.8
1241470 606.8
1241480 606.2
1241490 606.2
1241500 605.9
1241510 605.7
1241520 605.7
1241530 605.8
1241540 606.0
1241550 606.0
1241560 606.0
1241570 606.0
1241580 605.9
1241590 605.9
1241600 605.7
1241610 605.6
1241620 605.6
1241630 605.6
1241640 605.6
1241650 605.6
1241660 605.7
1241670 605.7
1241680 605.7
1241690 605.8
1241700 605.8
1241710 605.8
1241720 605.8
1241730 605.9
1241740 605.9
1241750 605.9
1241760 605.8
1241770 605.8
1241780 605.8
1241790 605.8
1241800 605.8
1241810 605.8
1241820 605.7
1241830 605.6
1241840 605.6
1241850 605.6
1241860 605.6
1241870 605.6
1241880 605.6
1241890 605.8
1241900 605.8
1241910 605.9
1241920 605.9
1241930 605.9
1241940 605.9
1241950 605.9
1241960 605.9
1241970 605.9
1241980 605.9
1241990 605.9
1242000 606.0
1242010 606.0
1242020 606.0
1242030 606.0
1242040 606.0
1242050 606.0
1242060 606.0
1242070 606.0
1242080 606.0
1242090 606.1
1242100 606.1
1242110 606.1
1242120 606.1
1242130 606.2
1242140 606.7
1242150 606.7
1242160 606.9
1242170 605.5
1242180 605.5
1242190 603.6
1242200 603.0
1242210 603.0
1242220 603.0
1242230 602.9
1242240 602.9
1242250 602.9
1242260 602.9
1242270 602.9
1242280 602.9
1242290 602.9
1242300 602.9
1242310 602.9
1242320 602.9
1242330 602.9
1242340 602.9
1242350 603.2
1242360 604.2
1242370 604.2
1242380 606.0
1242390 607.1
1242400 607.1
1242410 607.7
1242420 609.2
1242430 609.2
1242440 609.7
1242450 608.0
1242460 608.0
1242470 606.5
1242480 606.3
1242490 606.3
1242500 606.4
1242510 606.7
1242520 606.7
1242530 606.9
1242540 607.1
1242550 607.1
1242560 607.4
1242570 608.1
1242580 608.1
1242590 608.9
1242600 609.5
1242610 609.5
1242620 609.8
1242630 608.7
1242640 609.3
1242650 609.3
1242660 609.5
1242670 609.5
1242680 609.5
1242690 609.4
1242700 609.3
1242710 609.3
1242720 609.3
1242730 609.2
1242740 609.2
1242750 609.1
1242760 608.9
1242770 608.9
1242780 608.7
1242790 608.4
1242800 608.4
1242810 607.7
1242820 606.9
1242830 606.9
1242840 606.2
1242850 605.7
1242860 605.7
1242870 605.3
1242880 605.1
1242890 605.1
1242900 604.9
1242910 604.8
1242920 604.8
1242930 604.8
1242940 604.7
1242950 604.6
1242960 604.6
1242970 604.5
1242980 604.4
1242990 604.4
1243000 604.3
1243010 604.4
1243020 604.4
1243030 604.4
1243040 604.4
1243050 604.4
1243060 604.3
1243070 604.5
1243080 604.5
1243090 604.5
1243100 604.5
1243110 604.5
1243120 604.4
1243130 604.3
1243140 604.3
1243150 604.3
1243160 604.2
1243170 604.2
1243180 604.2
1243190 604.2
1243200 604.2
1243210 604.2
1243220 604.1
1243230 604.1
1243240 604.1
1243250 604.1
1243260 604.1
1243270 604.1
1243280 604.0
1243290 604.1
1243300 604.1
1243310 606.7
1243320 611.8
1243330 611.8
1243340 611.9
1243350 606.9
1243360 606.9
1243370 604.3
1243380 604.0
1243390 604.0
1243400 603.9
1243410 603.9
1243420 603.9
1243430 603.8
1243440 603.9
1243450 603.9
1243460 603.9
1243470 603.8
1243480 603.8
1243490 603.8
1243500 603.8
1243510 603.8
1243520 603.8
1243530 603.8
1243540 603.9
1243550 603.9
1243560 604.0
1243570 604.0
1243580 604.0
1243590 604.0
1243600 603.9
1243610 603.9
1243620 604.0
1243630 603.9
1243640 603.9
1243650 603.9
1243660 603.9
1243670 603.9
1243680 604.2
1243690 604.2
1243700 604.3
1243710 604.3
1243720 604.5
1243730 604.7
1243740 604.7
1243750 605.1
1243760 605.5
1243770 605.5
1243780 606.0
1243790 606.5
1243800 606.5
1243810 606.9
1243820 607.3
1243830 607.3
1243840 607.7
1243850 608.0
1243860 608.0
1243870 608.2
1243880 608.4
1243890 608.4
1243900 608.4
1243910 608.5
1243920 608.5
1243930 608.6
1243940 608.7
1243950 608.7
1243960 608.7
1243970 608.8
1243980 608.8
1243990 608.8
1244000 608.9
1244010 608.9
1244020 608.9
1244030 609.0
1244040 609.0
1244050 609.0
1244060 608.9
1244070 608.8
1244080 608.8
1244090 608.6
1244100 608.2
1244110 608.2
1244120 607.7
1244130 607.2
1244140 607.2
1244150 606.7
1244160 606.3
1244170 606.3
1244180 606.0
1244190 605.8
1244200 605.8
1244210 604.0
1244220 603.6
1244230 603.6
1244240 603.1
1244250 602.6
1244260 602.1
1244270 602.1
1244280 601.8
1244290 601.5
1244300 601.5
1244310 601.3
1244320 601.0
1244330 601.0
1244340 600.8
1244350 600.6
1244360 600.6
1244370 600.5
1244380 600.4
1244390 600.4
1244400 600.4
1244410 600.3
1244420 600.3
1244430 600.3
1244440 600.2
1244450 600.2
1244460 600.2
1244470 600.1
1244480 600.1
1244490 600.1
1244500 600.1
1244510 600.1
1244520 600.1
1244530 600.0
1244540 600.0
1244550 600.0
1244560 600.0
1244570 600.0
1244580 600.0
1244590 600.0
1244600 600.0
1244610 600.0
1244620 600.0
1244630 599.9
1244640 599.9
1244650 599.9
1244660 599.9
1244670 599.9
1244680 599.9
1244690 599.9
1244700 599.9
1244710 599.9
1244720 599.9
1244730 599.9
1244740 599.8
1244750 599.8
1244760 599.8
1244770 599.8
1244780 599.8
1244790 599.7
1244800 599.7
1244810 599.7
1244820 599.7
1244830 599.7
1244840 599.7
1244850 599.7
1244860 599.7
1244870 599.8
1244880 599.9
1244890 599.9
1244900 600.1
1244910 600.3
1244920 600.3
1244930 600.6
1244940 601.1
1244950 601.1
1244960 601.8
1244970 602.6
1244980 602.6
1244990 603.3
1245000 603.9
1245010 603.9
1245020 604.3
1245030 604.4
1245040 604.7
1245050 604.7
1245060 605.3
1245070 606.2
1245080 606.2
1245090 607.1
1245100 607.8
1245110 607.8
1245120 608.1
1245130 608.2
1245140 608.2
1245150 608.2
1245160 608.1
1245170 608.1
1245180 608.0
1245190 608.0
1245200 608.0
1245210 607.3
1245220 605.7
1245230 605.7
1245240 604.1
1245250 603.3
1245260 603.3
1245270 603.2
1245280 603.3
1245290 603.3
1245300 603.1
1245310 603.0
1245320 603.0
1245330 603.0
1245340 603.0
1245350 603.1
1245360 603.1
1245370 603.1
1245380 603.2
1245390 603.2
1245400 603.2
1245410 603.2
1245420 603.2
1245430 602.7
1245440 601.4
1245450 601.4
1245460 601.6
1245470 602.9
1245480 602.9
1245490 603.1
1245500 602.7
1245510 602.7
1245520 602.6
1245530 603.4
1245540 603.4
1245550 605.0
1245560 607.4
1245570 607.4
1245580 609.5
1245590 611.8
1245600 613.8
1245610 613.8
1245620 614.9
1245630 615.1
1245640 615.1
1245650 617.0
1245660 620.2
1245670 620.2
1245680 624.6
1245690 626.5
1245700 626.5
1245710 622.9
1245720 618.4
1245730 618.4
1245740 616.1
1245750 614.5
1245760 614.5
1245770 620.5
1245780 628.2
1245790 628.2
1245800 636.7
1245810 653.7
1245820 653.7
1245830 668.7
1245840 673.8
1245850 679.8
1245860 679.8
1245870 684.7
1245880 688.0
1245890 688.0
1245900 689.2
1245910 688.1
1245920 688.1
1245930 686.5
1245940 687.9
1245950 687.9
1245960 689.1
1245970 692.7
1245980 692.7
1245990 698.6
1246000 703.3
1246010 703.3
1246020 706.1
1246030 708.8
1246040 708.8
1246050 711.7
1246060 714.6
1246070 714.6
1246080 717.8
1246090 720.6
1246100 720.6
1246110 723.0
1246120 725.2
1246130 727.6
1246140 727.6
1246150 730.3
1246160 733.4
1246170 733.4
1246180 737.0
1246190 741.7
1246200 741.7
1246210 746.7
1246220 751.4
1246230 751.4
1246240 756.0
1246250 760.6
1246260 760.6
1246270 764.7
1246280 767.7
1246290 767.7
1246300 770.5
1246310 772.7
1246320 772.7
1246330 774.8
1246340 773.1
1246350 773.1
1246360 776.8
1246370 781.4
1246380 781.4
1246390 786.1
1246400 790.1
1246410 793.6
1246420 793.6
1246430 796.7
1246440 799.5
1246450 799.5
1246460 801.9
1246470 803.7
1246480 803.7
1246490 805.3
1246500 806.7
1246510 806.7
1246520 807.8
1246530 808.9
1246540 808.9
1246550 809.8
1246560 810.4
1246570 810.4
1246580 809.7
1246590 807.6
1246600 807.6
1246610 805.8
1246620 804.5
1246630 804.5
1246640 803.2
1246650 801.7
1246660 800.6
1246670 800.6
1246680 799.8
1246690 799.0
1246700 799.0
1246710 798.4
1246720 798.5
1246730 798.5
1246740 798.5
1246750 798.6
1246760 798.6
1246770 798.2
1246780 797.1
1246790 797.1
1246800 796.7
1246810 796.1
1246820 796.1
1246830 794.2
1246840 793.1
1246850 793.1
1246860 793.0
1246870 793.2
1246880 791.3
1246890 791.9
1246900 793.1
1246910 793.1
1246920 795.1
1246930 796.4
1246940 797.0
1246950 797.0
1246960 797.5
1246970 797.1
1246980 797.1
1246990 796.3
1247000 796.5
1247010 796.5
1247020 796.2
1247030 795.6
1247040 795.6
1247050 794.5
1247060 793.1
1247070 793.1
1247080 791.2
1247090 788.8
1247100 788.8
1247110 786.2
1247120 783.5
1247130 783.5
1247140 782.0
1247150 781.2
1247160 781.2
1247170 780.9
1247180 779.7
1247190 778.3
1247200 778.3
1247210 777.1
1247220 776.3
1247230 776.3
1247240 776.6
1247250 776.3
1247260 776.3
1247270 775.1
1247280 774.3
1247290 774.3
1247300 773.9
1247310 773.5
1247320 773.5
1247330 773.7
1247340 774.3
1247350 774.3
1247360 775.6
1247370 777.0
1247380 777.0
1247390 777.7
1247400 776.9
1247410 770.2
1247420 771.9
1247430 775.3
1247440 775.3
1247450 777.8
1247460 779.4
1247470 781.3
1247480 781.3
1247490 783.3
1247500 785.4
1247510 785.4
1247520 788.1
1247530 790.9
1247540 790.9
1247550 792.8
1247560 794.6
1247570 794.6
1247580 796.5
1247590 798.1
1247600 798.1
1247610 798.6
1247620 796.9
1247630 796.9
1247640 794.3
1247650 792.6
1247660 792.6
1247670 790.8
1247680 788.9
1247690 788.9
1247700 787.6
1247710 786.5
1247720 786.5
1247730 785.2
1247740 783.9
1247750 783.5
1247760 783.5
1247770 783.6
1247780 784.5
1247790 784.5
1247800 785.1
1247810 784.3
1247820 784.3
1247830 783.7
1247840 783.4
1247850 783.4
1247860 784.4
1247870 785.8
1247880 785.8
1247890 787.1
1247900 787.3
1247910 787.3
1247920 789.3
1247930 792.6
1247940 792.6
1247950 794.8
1247960 798.6
1247970 798.6
1247980 801.3
1247990 806.8
1248000 813.9
1248010 813.9
1248020 820.2
1248030 826.4
1248040 826.4
1248050 832.8
1248060 837.9
1248070 837.9
1248080 843.2
1248090 848.4
1248100 848.4
1248110 853.0
1248120 857.5
1248130 857.5
1248140 862.3
1248150 866.7
1248160 866.7
1248170 870.4
1248180 873.6
1248190 873.6
1248200 876.5
1248210 878.5
1248220 878.5
1248230 879.8
1248240 880.4
1248250 880.4
1248260 881.0
1248270 883.0
1248280 884.8
1248290 884.8
1248300 887.0
1248310 889.6
1248320 889.6
1248330 892.0
1248340 894.3
1248350 894.3
1248360 897.5
1248370 901.5
1248380 901.5
1248390 904.7
1248400 907.1
1248410 907.1
1248420 909.6
1248430 913.2
1248440 913.2
1248450 917.5
1248460 923.5
1248470 923.5
1248480 931.2
1248490 926.2
1248500 926.2
1248510 933.0
1248520 939.1
1248530 942.6
1248540 942.6
1248550 945.6
1248560 954.6
1248570 954.6
1248580 958.2
1248590 960.2
1248600 960.2
1248610 963.8
1248620 965.6
1248630 965.6
1248640 966.3
1248650 964.4
1248660 964.4
1248670 962.5
1248680 964.2
1248690 964.2
1248700 966.1
1248710 969.1
1248720 969.1
1248730 971.9
1248740 974.4
1248750 974.4
1248760 977.8
1248770 980.9
1248780 980.9
1248790 984.9
1248800 991.8
1248810 996.2
1248820 996.2
1248830 1000.4
1248840 1005.2
1248850 1005.2
1248860 1005.7
1248870 1005.3
1248880 1005.3
1248890 1004.8
1248900 1004.2
1248910 1004.2
1248920 1003.9
1248930 1003.6
1248940 1003.6
1248950 1002.7
1248960 1001.7
1248970 1001.7
1248980 1001.1
1248990 1000.7
1249000 1000.7
1249010 999.4
1249020 997.3
1249030 996.4
1249040 996.2
1249050 997.4
1249060 997.4
1249070 998.2
1249080 998.8
1249090 999.4
1249100 999.4
1249110 999.4
1249120 1001.0
1249130 1001.0
1249140 1003.3
1249150 1004.6
1249160 1004.6
1249170 1005.6
1249180 1006.7
1249190 1006.7
1249200 1008.2
1249210 1010.4
1249220 1010.4
1249230 1013.1
1249240 1016.2
1249250 1016.2
1249260 1020.8
1249270 1025.2
1249280 1025.2
1249290 1029.1
1249300 1032.0
1249310 1032.0
1249320 1033.5
1249330 1035.3
1249340 1037.9
1249350 1037.9
1249360 1040.0
1249370 1042.2
1249380 1042.2
1249390 1044.3
1249400 1046.4
1249410 1046.4
1249420 1048.3
1249430 1049.8
1249440 1049.8
1249450 1050.8
1249460 1051.3
1249470 1051.3
1249480 1052.4
1249490 1054.2
1249500 1054.2
1249510 1054.9
1249520 1055.0
1249530 1055.0
1249540 1055.2
1249550 1055.0
1249560 1055.0
1249570 1055.4
1249580 1053.9
1249590 1053.9
1249600 1051.7
1249610 1050.5
1249620 1049.3
1249630 1049.3
1249640 1047.7
1249650 1046.8
1249660 1046.8
1249670 1046.3
1249680 1045.7
1249690 1045.7
1249700 1044.5
1249710 1043.5
1249720 1043.5
1249730 1042.6
1249740 1040.6
1249750 1040.6
1249760 1037.5
1249770 1033.9
1249780 1033.9
1249790 1030.8
1249800 1028.9
1249810 1028.9
1249820 1027.3
1249830 1026.7
1249840 1026.7
1249850 1026.7
1249860 1026.8
1249870 1026.8
1249880 1026.4
1249890 1025.7
1249900 1025.1
1249910 1025.1
1249920 1023.7
1249930 1022.4
1249940 1022.4
1249950 1022.6
1249960 1022.3
1249970 1022.3
1249980 1021.5
1249990 1019.8
1250000 1019.8
1250010 1016.3
1250020 1012.4
1250030 1012.4
1250040 1009.4
1250050 1006.6
1250060 1006.6
1250070 1003.4
1250080 1002.6
1250090 1002.6
1250100 1001.9
1250110 1003.1
1250120 1003.1
1250130 1001.6
1250140 999.7
1250150 997.5
1250160 997.5
1250170 995.0
1250180 991.9
1250190 991.9
1250200 989.0
1250210 986.2
1250220 986.2
1250230 983.7
1250240 982.0
1250250 982.0
1250260 980.9
1250270 979.9
1250280 979.9
1250290 979.1
1250300 978.6
1250310 978.6
1250320 978.2
1250330 977.2
1250340 977.2
1250350 973.0
1250360 967.5
1250370 967.5
1250380 963.8
1250390 962.3
1250400 962.3
1250410 959.3
1250420 957.5
1250430 954.1
1250440 954.1
1250450 951.6
1250460 949.8
1250470 949.8
1250480 947.9
1250490 946.2
1250500 946.2
1250510 944.9
1250520 943.8
1250530 943.8
1250540 943.2
1250550 943.0
1250560 943.0
1250570 941.1
1250580 937.7
1250590 937.7
1250600 930.9
1250610 922.1
1250620 922.1
1250630 914.0
1250640 906.7
1250650 906.0
1250660 898.9
1250670 896.2
1250680 895.4
1250690 895.4
1250700 892.9
1250710 890.6
1250720 890.6
1250730 888.6
1250740 885.4
1250750 885.4
1250760 879.3
1250770 872.3
1250780 872.3
1250790 861.9
1250800 853.1
1250810 853.1
1250820 845.3
1250830 838.0
1250840 838.0
1250850 831.0
1250860 825.8
1250870 825.8
1250880 812.8
1250890 792.1
1250900 792.1
1250910 779.4
1250920 774.4
1250930 774.4
1250940 773.4
1250950 774.4
1250960 783.3
1250970 783.3
1250980 792.7
1250990 801.3
1251000 801.3
1251010 810.9
1251020 817.3
1251030 817.3
1251040 822.7
1251050 833.3
1251060 833.3
1251070 852.1
1251080 866.3
1251090 866.3
1251100 874.0
1251110 882.8
1251120 882.8
1251130 890.3
1251140 898.0
1251150 898.0
1251160 905.8
1251170 914.6
1251180 914.6
1251190 922.7
1251200 926.8
1251210 926.8
1251220 933.3
1251230 938.0
1251240 941.1
1251250 941.1
1251260 943.4
1251270 946.7
1251280 946.7
1251290 949.7
1251300 949.2
1251310 949.2
1251320 948.2
1251330 949.2
1251340 949.2
1251350 954.2
1251360 959.1
1251370 959.1
1251380 962.9
1251390 966.7
1251400 966.7
1251410 970.8
1251420 974.6
1251430 974.6
1251440 978.4
1251450 981.3
1251460 981.3
1251470 983.6
1251480 984.6
1251490 983.9
1251500 983.9
1251510 985.7
1251520 988.9
1251530 988.9
1251540 989.4
1251550 989.8
1251560 989.8
1251570 991.4
1251580 994.3
1251590 994.3
1251600 998.0
1251610 1000.3
1251620 1000.3
1251630 1001.3
1251640 1002.4
1251650 1002.4
1251660 1003.9
1251670 1005.9
1251680 1005.9
1251690 1008.1
1251700 1010.6
1251710 1010.6
1251720 1013.3
1251730 1016.5
1251740 1016.5
1251750 1021.8
1251760 1026.7
1251770 1030.9
1251780 1030.9
1251790 1033.9
1251800 1036.4
1251810 1036.4
1251820 1038.5
1251830 1041.5
1251840 1041.5
1251850 1043.8
1251860 1045.6
1251870 1045.6
1251880 1049.3
1251890 1053.2
1251900 1053.2
1251910 1055.9
1251920 1057.5
1251930 1057.5
1251940 1057.8
1251950 1058.5
1251960 1058.5
1251970 1059.6
1251980 1061.6
1251990 1061.6
1252000 1064.5
1252010 1067.9
1252020 1072.9
1252030 1072.9
1252040 1078.1
1252050 1081.3
1252060 1081.3
1252070 1083.6
1252080 1088.4
1252090 1088.4
1252100 1093.6
1252110 1099.4
1252120 1099.4
1252130 1105.2
1252140 1108.9
1252150 1108.9
1252160 1111.7
1252170 1114.0
1252180 1114.0
1252190 1116.7
1252200 1119.1
1252210 1119.1
1252220 1123.7
1252230 1127.9
1252240 1127.9
1252250 1131.5
1252260 1134.8
1252270 1134.8
1252280 1137.7
1252290 1134.5
1252300 1135.3
1252310 1135.3
1252320 1135.6
1252330 1135.9
1252340 1135.9
1252350 1134.1
1252360 1130.7
1252370 1130.7
1252380 1129.5
1252390 1132.6
1252400 1132.6
1252410 1138.5
1252420 1145.4
1252430 1145.4
1252440 1152.9
1252450 1160.2
1252460 1160.2
1252470 1166.3
1252480 1169.8
1252490 1169.8
1252500 1172.0
1252510 1173.6
1252520 1173.6
1252530 1175.3
1252540 1176.3
1252550 1176.3
1252560 1177.5
1252570 1177.9
1252580 1178.9
1252590 1178.9
1252600 1179.0
1252610 1178.1
1252620 1178.1
1252630 1177.4
1252640 1177.5
1252650 1177.5
1252660 1177.4
1252670 1177.9
1252680 1177.9
1252690 1178.5
1252700 1178.7
1252710 1178.7
1252720 1178.3
1252730 1177.9
1252740 1177.9
1252750 1177.1
1252760 1176.0
1252770 1176.0
1252780 1174.9
1252790 1173.8
1252800 1173.8
1252810 1171.9
1252820 1170.0
1252830 1169.4
1252840 1163.5
1252850 1161.8
1252860 1159.3
1252870 1159.3
1252880 1158.0
1252890 1156.8
1252900 1156.8
1252910 1156.4
1252920 1154.6
1252930 1154.6
1252940 1153.3
1252950 1151.3
1252960 1151.3
1252970 1145.9
1252980 1142.5
1252990 1142.5
1253000 1143.9
1253010 1141.8
1253020 1141.8
1253030 1141.8
1253040 1139.0
1253050 1139.0
1253060 1136.5
1253070 1133.2
1253080 1133.2
1253090 1128.3
1253100 1123.3
1253110 1118.4
1253120 1118.4
1253130 1117.4
1253140 1119.4
1253150 1119.4
1253160 1117.4
1253170 1112.4
1253180 1112.4
1253190 1105.0
1253200 1096.1
1253210 1096.1
1253220 1086.5
1253230 1085.6
1253240 1085.6
1253250 1092.5
1253260 1098.4
1253270 1098.4
1253280 1102.5
1253290 1101.5
1253300 1101.5
1253310 1097.5
1253320 1097.3
1253330 1097.3
1253340 1099.3
1253350 1099.5
1253360 1096.1
1253370 1096.1
1253380 1092.8
1253390 1087.3
1253400 1087.3
1253410 1086.6
1253420 1084.4
1253430 1084.4
1253440 1081.0
1253450 1078.7
1253460 1078.7
1253470 1077.8
1253480 1075.7
1253490 1075.7
1253500 1076.9
1253510 1075.2
1253520 1075.2
1253530 1070.9
1253540 1067.5
1253550 1067.5
1253560 1068.0
1253570 1066.2
1253580 1066.2
1253590 1062.4
1253600 1059.3
1253610 1059.3
1253620 1057.5
1253630 1060.2
1253640 1060.7
1253650 1060.7
1253660 1054.7
1253670 1048.2
1253680 1048.2
1253690 1045.3
1253700 1044.5
1253710 1044.5
1253720 1040.7
1253730 1035.2
1253740 1035.2
1253750 1031.4
1253760 1031.0
1253770 1031.0
1253780 1030.1
1253790 1029.0
1253800 1029.0
1253810 1032.0
1253820 1036.6
1253830 1036.6
1253840 1042.3
1253850 1046.0
1253860 1046.0
1253870 1046.3
1253880 1045.2
1253890 1045.2
1253900 1040.8
1253910 1034.6
1253920 1028.1
1253930 1028.1
1253940 1018.9
1253950 1012.7
1253960 1012.7
1253970 1006.4
1253980 1002.4
1253990 1002.4
1254000 1003.4
1254010 1003.3
1254020 1003.3
1254030 1002.8
1254040 1004.0
1254050 1004.0
1254060 1003.6
1254070 998.2
1254080 998.2
1254090 990.6
1254100 985.1
1254110 985.1
1254120 978.3
1254130 974.4
1254140 974.4
1254150 970.9
1254160 964.4
1254170 968.8
1254180 968.8
1254190 976.3
1254200 982.6
1254210 982.6
1254220 989.2
1254230 995.9
1254240 995.9
1254250 1003.5
1254260 1009.6
1254270 1009.6
1254280 1017.2
1254290 1022.2
1254300 1022.2
1254310 1024.6
1254320 1025.0
1254330 1025.0
1254340 1021.2
1254350 1017.8
1254360 1017.8
1254370 1015.3
1254380 1013.6
1254390 1013.6
1254400 1012.9
1254410 1012.5
1254420 1012.5
1254430 1012.5
1254440 1012.8
1254450 1012.1
1254460 1012.1
1254470 1012.3
1254480 1013.4
1254490 1013.4
1254500 1006.7
1254510 1003.6
1254520 1003.6
1254530 998.0
1254540 991.9
1254550 991.9
1254560 986.9
1254570 983.3
1254580 983.3
1254590 978.1
1254600 971.2
1254610 971.2
1254620 966.0
1254630 961.1
1254640 961.1
1254650 953.3
1254660 946.7
1254670 946.7
1254680 948.3
1254690 948.3
1254700 943.4
1254710 943.4
1254720 939.3
1254730 940.8
1254740 940.8
1254750 944.4
1254760 949.3
1254770 949.3
1254780 954.6
1254790 954.2
1254800 954.2
1254810 952.2
1254820 948.6
1254830 948.6
1254840 948.9
1254850 950.3
1254860 950.3
1254870 950.7
1254880 952.6
1254890 952.6
1254900 955.1
1254910 955.7
1254920 955.7
1254930 962.9
1254940 975.5
1254950 975.5
1254960 999.8
1254970 1011.5
1254980 1012.9
1254990 1012.9
1255000 1011.9
1255010 1011.7
1255020 1011.7
1255030 1012.7
1255040 1013.4
1255050 1023.5
1255060 1025.2
1255070 1023.9
1255080 1023.9
1255090 1026.6
1255100 1032.1
1255110 1032.1
1255120 1037.2
1255130 1042.8
1255140 1042.8
1255150 1048.7
1255160 1054.4
1255170 1054.4
1255180 1059.7
1255190 1064.1
1255200 1064.1
1255210 1068.0
1255220 1072.3
1255230 1072.3
1255240 1076.3
1255250 1079.1
1255260 1082.2
1255270 1082.2
1255280 1083.6
1255290 1086.5
1255300 1086.5
1255310 1092.1
1255320 1097.0
1255330 1097.0
1255340 1100.7
1255350 1103.8
1255360 1103.8
1255370 1106.5
1255380 1109.1
1255390 1109.1
1255400 1111.1
1255410 1113.0
1255420 1113.0
1255430 1115.6
1255440 1118.3
1255450 1118.3
1255460 1121.0
1255470 1124.0
1255480 1124.0
1255490 1127.1
1255500 1129.8
1255510 1132.1
1255520 1132.1
1255530 1135.6
1255540 1139.4
1255550 1139.4
1255560 1143.2
1255570 1145.3
1255580 1145.3
1255590 1148.3
1255600 1151.6
1255610 1154.1
1255620 1159.1
1255630 1163.4
1255640 1163.4
1255650 1165.0
1255660 1165.1
1255670 1165.1
1255680 1165.3
1255690 1167.3
1255700 1167.3
1255710 1170.9
1255720 1175.7
1255730 1175.7
1255740 1179.0
1255750 1182.6
1255760 1182.6
1255770 1186.1
1255780 1190.0
1255790 1195.3
1255800 1195.3
1255810 1201.3
1255820 1207.7
1255830 1207.7
1255840 1214.4
1255850 1220.8
1255860 1220.8
1255870 1227.1
1255880 1232.1
1255890 1232.1
1255900 1236.2
1255910 1237.9
1255920 1237.9
1255930 1240.5
1255940 1244.6
1255950 1244.6
1255960 1248.3
1255970 1251.3
1255980 1251.3
1255990 1254.7
1256000 1259.0
1256010 1259.0
1256020 1262.7
1256030 1266.2
1256040 1270.0
1256050 1270.0
1256060 1273.4
1256070 1276.7
1256080 1276.7
1256090 1280.6
1256100 1284.3
1256110 1284.3
1256120 1288.7
1256130 1293.7
1256140 1293.7
1256150 1298.4
1256160 1304.1
1256170 1304.1
1256180 1309.0
1256190 1313.8
1256200 1313.8
1256210 1318.6
1256220 1323.3
1256230 1323.3
1256240 1327.8
1256250 1331.9
1256260 1331.9
1256270 1336.2
1256280 1340.8
1256290 1340.8
1256300 1345.9
1256310 1351.2
1256320 1356.5
1256330 1356.5
1256340 1360.4
1256350 1363.6
1256360 1363.6
1256370 1366.9
1256380 1370.7
1256390 1370.7
1256400 1374.9
1256410 1379.6
1256420 1379.6
1256430 1384.3
1256440 1388.6
1256450 1388.6
1256460 1392.5
1256470 1396.5
1256480 1396.5
1256490 1400.2
1256500 1403.7
1256510 1403.7
1256520 1407.5
1256530 1411.5
1256540 1411.5
1256550 1415.6
1256560 1419.8
1256570 1419.8
1256580 1423.9
1256590 1427.7
1256600 1431.8
1256610 1431.8
1256620 1436.6
1256630 1441.3
1256640 1441.3
1256650 1446.7
1256660 1451.6
1256670 1451.6
1256680 1456.7
1256690 1462.1
1256700 1462.1
1256710 1467.3
1256720 1474.2
1256730 1474.2
1256740 1479.3
1256750 1484.7
1256760 1484.7
1256770 1489.4
1256780 1493.9
1256790 1493.9
1256800 1498.1
1256810 1502.1
1256820 1502.1
1256830 1506.3
1256840 1511.1
1256850 1515.1
1256860 1515.1
1256870 1518.4
1256880 1521.4
1256890 1521.4
1256900 1524.8
1256910 1527.5
1256920 1527.5
1256930 1528.4
1256940 1529.4
1256950 1529.4
1256960 1533.5
1256970 1537.1
1256980 1537.1
1256990 1539.8
1257000 1542.0
1257010 1542.0
1257020 1545.0
1257030 1549.1
1257040 1549.1
1257050 1552.7
1257060 1556.5
1257070 1556.5
1257080 1560.3
1257090 1563.9
1257100 1563.9
1257110 1567.5
1257120 1570.4
1257130 1573.1
1257140 1573.1
1257150 1575.5
1257160 1577.3
1257170 1577.3
1257180 1578.6
1257190 1579.8
1257200 1579.8
1257210 1581.3
1257220 1582.8
1257230 1582.8
1257240 1584.2
1257250 1585.5
1257260 1585.5
1257270 1588.4
1257280 1595.6
1257290 1595.6
1257300 1601.2
1257310 1606.4
1257320 1606.4
1257330 1611.5
1257340 1616.2
1257350 1616.2
1257360 1620.2
1257370 1624.2
1257380 1627.9
1257390 1627.9
1257400 1631.3
1257410 1634.8
1257420 1634.8
1257430 1637.9
1257440 1641.0
1257450 1641.0
1257460 1643.7
1257470 1645.8
1257480 1645.8
1257490 1648.2
1257500 1652.1
1257510 1652.1
1257520 1657.2
1257530 1662.1
1257540 1662.1
1257550 1666.3
1257560 1670.4
1257570 1670.4
1257580 1673.9
1257590 1676.7
1257600 1676.7
1257610 1679.8
1257620 1683.3
1257630 1683.3
1257640 1687.0
1257650 1690.8
1257660 1694.6
1257670 1694.6
1257680 1698.4
1257690 1702.5
1257700 1702.5
1257710 1706.6
1257720 1710.5
1257730 1710.5
1257740 1714.6
1257750 1719.4
1257760 1719.4
1257770 1724.5
1257780 1729.6
1257790 1729.6
1257800 1735.0
1257810 1740.3
1257820 1740.3
1257830 1745.6
1257840 1753.3
1257850 1753.3
1257860 1758.5
1257870 1763.3
1257880 1763.3
1257890 1767.7
1257900 1772.3
1257910 1772.3
1257920 1776.8
1257930 1780.4
1257940 1781.8
1257950 1781.8
1257960 1781.2
1257970 1778.9
1257980 1778.9
1257990 1776.0
1258000 1773.0
1258010 1773.0
1258020 1769.8
1258030 1765.2
1258040 1765.2
1258050 1759.6
1258060 1753.8
1258070 1753.8
1258080 1747.9
1258090 1742.2
1258100 1742.2
1258110 1736.8
1258120 1731.9
1258130 1731.9
1258140 1727.2
1258150 1722.8
1258160 1722.8
1258170 1719.6
1258180 1716.6
1258190 1712.0
1258200 1712.0
1258210 1707.7
1258220 1703.4
1258230 1703.4
1258240 1698.6
1258250 1692.8
1258260 1692.8
1258270 1687.8
1258280 1682.8
1258290 1682.8
1258300 1676.9
1258310 1672.6
1258320 1672.6
1258330 1667.0
1258340 1657.7
1258350 1657.7
1258360 1648.9
1258370 1640.9
1258380 1640.9
1258390 1632.7
1258400 1624.5
1258410 1624.5
1258420 1615.3
1258430 1607.6
1258440 1607.6
1258450 1600.7
1258460 1594.9
1258470 1591.4
1258480 1591.4
1258490 1586.6
1258500 1580.4
1258510 1580.4
1258520 1573.4
1258530 1565.4
1258540 1565.4
1258550 1556.8
1258560 1548.3
1258570 1548.3
1258580 1540.2
1258590 1533.6
1258600 1533.6
1258610 1527.9
1258620 1522.2
1258630 1522.2
1258640 1517.3
1258650 1512.7
1258660 1512.7
1258670 1507.9
1258680 1502.7
1258690 1502.7
1258700 1499.2
1258710 1494.0
1258720 1489.9
1258730 1489.9
1258740 1483.7
1258750 1477.3
1258760 1477.3
1258770 1473.2
1258780 1465.8
1258790 1465.8
1258800 1455.4
1258810 1451.0
1258820 1451.0
1258830 1444.6
1258840 1438.4
1258850 1438.4
1258860 1429.8
1258870 1422.3
1258880 1422.3
1258890 1419.1
1258900 1417.7
1258910 1417.7
1258920 1417.8
1258930 1421.6
1258940 1421.6
1258950 1423.8
1258960 1423.1
1258970 1412.1
1258980 1412.7
1258990 1412.4
1259000 1410.4
1259010 1410.4
1259020 1409.6
1259030 1403.8
1259040 1403.8
1259050 1397.5
1259060 1395.1
1259070 1395.1
1259080 1392.6
1259090 1387.3
1259100 1387.3
1259110 1381.2
1259120 1371.0
1259130 1371.0
1259140 1356.1
1259150 1346.6
1259160 1346.6
1259170 1341.4
1259180 1326.8
1259190 1326.8
1259200 1319.4
1259210 1313.4
1259220 1313.4
1259230 1308.2
1259240 1309.3
1259250 1310.8
1259260 1310.8
1259270 1309.8
1259280 1307.8
1259290 1307.8
1259300 1308.4
1259310 1309.6
1259320 1309.6
1259330 1314.8
1259340 1310.8
1259350 1310.8
1259360 1303.1
1259370 1295.0
1259380 1295.0
1259390 1285.1
1259400 1274.9
1259410 1274.9
1259420 1267.8
1259430 1261.9
1259440 1261.9
1259450 1260.7
1259460 1266.0
1259470 1266.0
1259480 1271.8
1259490 1272.9
1259500 1272.9
1259510 1272.3
1259520 1271.1
1259530 1263.3
1259540 1263.3
1259550 1260.3
1259560 1238.4
1259570 1238.4
1259580 1216.6
1259590 1202.6
1259600 1202.6
1259610 1196.7
1259620 1192.9
1259630 1192.9
1259640 1189.9
1259650 1188.0
1259660 1188.0
1259670 1185.7
1259680 1182.8
1259690 1182.8
1259700 1182.4
1259710 1185.7
1259720 1185.7
1259730 1186.8
1259740 1185.8
1259750 1185.8
1259760 1184.8
1259770 1183.0
1259780 1183.0
1259790 1180.9
1259800 1177.5
1259810 1175.4
1259820 1175.4
1259830 1174.5
1259840 1175.9
1259850 1175.9
1259860 1179.7
1259870 1182.5
1259880 1182.5
1259890 1182.9
1259900 1182.0
1259910 1182.0
1259920 1183.8
1259930 1188.0
1259940 1188.0
1259950 1191.1
1259960 1196.3
1259970 1196.3
1259980 1203.2
1259990 1214.4
