1240000 607.8
1240010 607.9
1240020 607.9
1240030 608.0
1240040 608.1
1240050 608.1
1240060 608.1
1240070 608.2
1240080 608.2
1240090 608.2
1240100 608.2
1240110 608.2
1240120 608.2
1240130 608.1
1240140 608.0
1240150 608.0
1240160 608.1
1240170 608.2
1240180 608.2
1240190 608.2
1240200 608.2
1240210 608.2
1240220 608.2
1240230 608.3
1240240 608.3
1240250 608.3
1240260 608.3
1240270 608.3
1240280 608.4
1240290 608.5
1240300 608.5
1240310 608.7
1240320 608.5
1240330 608.5
1240340 608.5
1240350 608.5
1240360 608.4
1240370 608.4
1240380 608.4
1240390 608.4
1240400 608.4
1240410 608.3
1240420 608.1
1240430 608.1
1240440 608.1
1240450 608.1
1240460 608.1
1240470 608.2
1240480 608.3
1240490 608.3
1240500 608.9
1240510 608.8
1240520 608.8
1240530 607.0
1240540 605.8
1240550 605.8
1240560 605.9
1240570 606.4
1240580 606.4
1240590 606.7
1240600 606.7
1240610 606.6
1240620 606.6
1240630 606.3
1240640 606.0
1240650 606.0
1240660 605.6
1240670 605.5
1240680 605.5
1240690 605.5
1240700 605.5
1240710 605.5
1240720 605.5
1240730 605.5
1240740 605.5
1240750 605.5
1240760 605.5
1240770 605.5
1240780 605.5
1240790 605.5
1240800 605.5
1240810 605.5
1240820 606.3
1240830 606.3
1240840 607.9
1240850 608.9
1240860 608.9
1240870 609.3
1240880 609.0
1240890 609.2
1240900 609.2
1240910 609.7
1240920 610.0
1240930 610.0
1240940 610.2
1240950 610.1
1240960 610.1
1240970 609.9
1240980 609.3
1240990 609.3
1241000 608.1
1241010 607.7
1241020 607.7
1241030 607.7
1241040 607.8
1241050 607.8
1241060 607.8
1241070 607.6
1241080 607.6
1241090 607.5
1241100 607.4
1241110 607.4
1241120 607.4
1241130 607.3
1241140 607.4
1241150 607.4
1241160 607.5
1241170 607.6
1241180 607.6
1241190 607.5
1241200 607.5
1241210 607.5
1241220 607.4
1241230 607.3
1241240 607.3
1241250 607.3
1241260 607.2
1241270 607.2
1241280 607.1
1241290 607.1
1241300 607.1
1241310 607.1
1241320 607.1
1241330 607.1
1241340 607.2
1241350 607.2
1241360 607.2
1241370 607.2
1241380 607.1
1241390 607.1
1241400 607.0
1241410 607.0
1241420 607.0
1241430 607.0
1241440 607.0
1241450 607.2
1241460 607.2
1241470 607.2
1241480 607.0
1241490 607.0
1241500 606.9
1241510 606.8
1241520 606.8
1241530 606.8
1241540 606.9
1241550 606.9
1241560 606.8
1241570 606.7
1241580 606.7
1241590 606.7
1241600 606.7
1241610 606.7
1241620 606.7
1241630 606.7
1241640 606.7
1241650 606.7
1241660 606.7
1241670 606.7
1241680 606.7
1241690 606.7
1241700 606.7
1241710 606.7
1241720 606.7
1241730 606.7
1241740 606.7
1241750 607.0
1241760 607.2
1241770 607.2
1241780 607.3
1241790 607.4
1241800 607.4
1241810 607.3
1241820 607.0
1241830 607.0
1241840 607.5
1241850 607.5
1241860 607.5
1241870 606.8
1241880 606.2
1241890 606.2
1241900 606.0
1241910 606.1
1241920 606.1
1241930 606.3
1241940 606.3
1241950 606.2
1241960 606.2
1241970 606.2
1241980 606.2
1241990 606.2
1242000 606.1
1242010 606.1
1242020 606.1
1242030 606.1
1242040 606.1
1242050 606.1
1242060 606.0
1242070 606.0
1242080 606.0
1242090 606.0
1242100 605.9
1242110 605.9
1242120 605.9
1242130 605.8
1242140 605.8
1242150 605.8
1242160 605.8
1242170 605.8
1242180 605.8
1242190 605.8
1242200 605.8
1242210 606.1
1242220 606.2
1242230 606.1
1242240 606.1
1242250 605.8
1242260 605.7
1242270 605.7
1242280 605.7
1242290 605.8
1242300 605.8
1242310 605.9
1242320 605.9
1242330 605.9
1242340 605.8
1242350 605.7
1242360 605.7
1242370 605.6
1242380 605.6
1242390 605.6
1242400 605.7
1242410 605.7
1242420 605.7
1242430 605.8
1242440 605.8
1242450 605.7
1242460 605.7
1242470 605.7
1242480 605.7
1242490 605.5
1242500 605.4
1242510 605.5
1242520 605.5
1242530 605.9
1242540 606.1
1242550 606.1
1242560 605.9
1242570 605.8
1242580 605.8
1242590 606.1
1242600 607.1
1242610 607.1
1242620 609.1
1242630 611.6
1242640 611.6
1242650 613.6
1242660 621.2
1242670 621.2
1242680 631.5
1242690 644.4
1242700 644.4
1242710 647.6
1242720 653.4
1242730 653.4
1242740 658.4
1242750 659.5
1242760 661.1
1242770 661.1
1242780 661.3
1242790 658.5
1242800 658.5
1242810 655.1
1242820 652.1
1242830 652.1
1242840 650.9
1242850 650.0
1242860 650.0
1242870 646.7
1242880 646.3
1242890 646.3
1242900 647.9
1242910 647.2
1242920 647.2
1242930 645.4
1242940 643.7
1242950 643.7
1242960 640.5
1242970 637.9
1242980 630.9
1242990 634.6
1243000 639.2
1243010 639.2
1243020 641.4
1243030 645.9
1243040 648.0
1243050 648.0
1243060 648.6
1243070 652.6
1243080 652.6
1243090 657.2
1243100 662.3
1243110 662.3
1243120 667.8
1243130 671.8
1243140 671.8
1243150 673.3
1243160 673.5
1243170 673.5
1243180 671.7
1243190 667.9
1243200 667.9
1243210 666.2
1243220 666.4
1243230 666.4
1243240 667.7
1243250 669.9
1243260 669.9
1243270 671.4
1243280 670.8
1243290 670.8
1243300 671.0
1243310 671.8
1243320 673.0
1243330 673.0
1243340 673.9
1243350 673.7
1243360 673.7
1243370 672.6
1243380 671.5
1243390 671.5
1243400 672.1
1243410 673.2
1243420 673.2
1243430 673.5
1243440 673.1
1243450 673.1
1243460 671.6
1243470 668.7
1243480 668.7
1243490 669.2
1243500 670.9
1243510 667.4
1243520 667.2
1243530 666.9
1243540 666.9
1243550 665.7
1243560 664.6
1243570 662.7
1243580 662.7
1243590 658.9
1243600 656.3
1243610 656.3
1243620 655.0
1243630 654.5
1243640 654.5
1243650 654.1
1243660 654.7
1243670 654.7
1243680 659.4
1243690 663.6
1243700 663.6
1243710 665.1
1243720 666.0
1243730 666.0
1243740 664.7
1243750 662.0
1243760 662.0
1243770 661.5
1243780 662.2
1243790 662.2
1243800 662.9
1243810 663.1
1243820 663.1
1243830 664.0
1243840 666.8
1243850 670.1
1243860 670.1
1243870 673.2
1243880 675.9
1243890 675.9
1243900 676.5
1243910 679.0
1243920 679.0
1243930 681.9
1243940 684.5
1243950 684.5
1243960 687.0
1243970 689.7
1243980 689.7
1243990 692.7
1244000 695.7
1244010 695.7
1244020 698.8
1244030 698.3
1244040 698.3
1244050 700.7
1244060 702.9
1244070 702.9
1244080 705.0
1244090 706.9
1244100 706.9
1244110 708.5
1244120 709.8
1244130 709.1
1244140 709.1
1244150 704.8
1244160 702.1
1244170 702.1
1244180 701.4
1244190 701.8
1244200 701.8
1244210 702.3
1244220 706.9
1244230 706.9
1244240 710.0
1244250 710.6
1244260 710.6
1244270 711.2
1244280 711.7
1244290 711.7
1244300 712.1
1244310 712.5
1244320 712.5
1244330 712.5
1244340 712.3
1244350 712.3
1244360 711.1
1244370 709.2
1244380 708.9
1244390 708.9
1244400 708.9
1244410 709.7
1244420 709.7
1244430 710.5
1244440 710.7
1244450 710.7
1244460 711.4
1244470 711.2
1244480 711.2
1244490 711.2
1244500 711.5
1244510 711.5
1244520 712.4
1244530 713.7
1244540 713.7
1244550 715.4
1244560 713.5
1244570 713.5
1244580 714.7
1244590 716.3
1244600 716.3
1244610 718.2
1244620 720.3
1244630 720.3
1244640 722.2
1244650 723.5
1244660 725.4
1244670 725.4
1244680 727.5
1244690 729.3
1244700 729.3
1244710 731.7
1244720 734.3
1244730 734.3
1244740 736.7
1244750 739.2
1244760 739.2
1244770 742.2
1244780 745.0
1244790 745.0
1244800 746.8
1244810 747.9
1244820 747.9
1244830 748.9
1244840 750.0
1244850 750.0
1244860 751.0
1244870 752.1
1244880 752.1
1244890 754.7
1244900 758.1
1244910 758.1
1244920 761.6
1244930 764.8
1244940 767.4
1244950 767.4
1244960 769.7
1244970 771.3
1244980 771.3
1244990 772.4
1245000 773.7
1245010 773.7
1245020 774.7
1245030 776.2
1245040 776.2
1245050 777.3
1245060 778.2
1245070 778.2
1245080 779.7
1245090 781.5
1245100 777.1
1245110 779.2
1245120 780.9
1245130 780.9
1245140 783.2
1245150 786.8
1245160 786.8
1245170 787.5
1245180 786.1
1245190 787.3
1245200 787.3
1245210 788.0
1245220 788.9
1245230 788.9
1245240 790.9
1245250 793.3
1245260 793.3
1245270 795.7
1245280 797.7
1245290 797.7
1245300 800.2
1245310 803.3
1245320 803.3
1245330 805.7
1245340 808.2
1245350 808.2
1245360 810.6
1245370 813.2
1245380 813.2
1245390 815.3
1245400 817.8
1245410 817.8
1245420 820.9
1245430 823.5
1245440 823.5
1245450 826.7
1245460 830.7
1245470 834.8
1245480 834.8
1245490 838.7
1245500 843.9
1245510 843.9
1245520 849.7
1245530 856.1
1245540 856.1
1245550 862.4
1245560 865.8
1245570 865.8
1245580 867.4
1245590 869.1
1245600 869.1
1245610 870.3
1245620 871.5
1245630 867.5
1245640 868.6
1245650 869.1
1245660 869.1
1245670 868.9
1245680 868.4
1245690 868.4
1245700 867.6
1245710 866.5
1245720 866.5
1245730 865.4
1245740 864.8
1245750 864.2
1245760 864.2
1245770 863.4
1245780 862.4
1245790 862.4
1245800 861.0
1245810 859.7
1245820 859.7
1245830 858.1
1245840 856.3
1245850 856.3
1245860 854.7
1245870 853.9
1245880 853.9
1245890 853.2
1245900 852.3
1245910 852.3
1245920 851.3
1245930 850.6
1245940 850.6
1245950 851.0
1245960 851.2
1245970 851.2
1245980 850.8
1245990 850.0
1246000 849.1
1246010 849.1
1246020 848.4
1246030 847.3
1246040 847.3
1246050 845.9
1246060 844.5
1246070 844.5
1246080 842.5
1246090 840.0
1246100 840.0
1246110 839.1
1246120 839.5
1246130 839.5
1246140 839.1
1246150 839.1
1246160 833.6
1246170 834.0
1246180 835.5
1246190 835.5
1246200 836.5
1246210 836.2
1246220 836.2
1246230 836.7
1246240 837.7
1246250 837.7
1246260 839.4
1246270 840.8
1246280 842.2
1246290 842.2
1246300 843.0
1246310 843.0
1246320 843.0
1246330 844.6
1246340 842.4
1246350 842.4
1246360 841.9
1246370 844.3
1246380 844.3
1246390 845.5
1246400 847.1
1246410 847.1
1246420 849.2
1246430 847.0
1246440 847.0
1246450 843.6
1246460 842.5
1246470 842.5
1246480 843.7
1246490 847.5
1246500 847.5
1246510 847.9
1246520 846.7
1246530 846.7
1246540 846.2
1246550 845.9
1246560 843.3
1246570 843.3
1246580 840.4
1246590 839.4
1246600 839.4
1246610 838.8
1246620 839.0
1246630 839.0
1246640 839.5
1246650 839.6
1246660 839.6
1246670 839.1
1246680 839.5
1246690 839.5
1246700 838.7
1246710 840.6
1246720 840.6
1246730 842.5
1246740 843.6
1246750 843.6
1246760 843.9
1246770 843.3
1246780 843.3
1246790 843.0
1246800 842.5
1246810 841.3
1246820 841.3
1246830 840.7
1246840 840.5
1246850 840.5
1246860 841.2
1246870 842.8
1246880 842.8
1246890 847.0
1246900 854.1
1246910 854.1
1246920 857.8
1246930 860.9
1246940 860.9
1246950 866.8
1246960 870.7
1246970 870.7
1246980 872.0
1246990 875.1
1247000 875.1
1247010 878.6
1247020 883.4
1247030 883.4
1247040 887.9
1247050 894.0
1247060 894.0
1247070 898.8
1247080 902.2
1247090 904.6
1247100 904.6
1247110 906.4
1247120 908.7
1247130 908.7
1247140 909.2
1247150 911.4
1247160 911.4
1247170 912.4
1247180 913.2
1247190 913.2
1247200 915.2
1247210 918.5
1247220 918.5
1247230 921.0
1247240 923.8
1247250 923.8
1247260 926.8
1247270 929.8
1247280 929.8
1247290 932.8
1247300 935.9
1247310 935.9
1247320 939.4
1247330 943.2
1247340 943.2
1247350 946.6
1247360 950.3
1247370 952.9
1247380 952.9
1247390 953.2
1247400 954.8
1247410 954.8
1247420 960.6
1247430 966.4
1247440 966.4
1247450 972.6
1247460 978.8
1247470 978.8
1247480 984.9
1247490 991.0
1247500 991.0
1247510 997.1
1247520 1002.6
1247530 1002.6
1247540 1007.8
1247550 1014.7
1247560 1014.7
1247570 1020.8
1247580 1025.9
1247590 1025.9
1247600 1030.4
1247610 1034.4
1247620 1038.2
1247630 1038.2
1247640 1041.3
1247650 1042.8
1247660 1042.8
1247670 1044.3
1247680 1046.0
1247690 1046.0
1247700 1047.6
1247710 1049.6
1247720 1049.6
1247730 1051.9
1247740 1053.6
1247750 1053.6
1247760 1055.7
1247770 1059.2
1247780 1059.2
1247790 1060.8
1247800 1060.6
1247810 1060.6
1247820 1059.4
1247830 1057.5
1247840 1057.5
1247850 1055.4
1247860 1052.0
1247870 1052.0
1247880 1047.0
1247890 1039.8
1247900 1033.2
1247910 1033.2
1247920 1028.7
1247930 1025.6
1247940 1025.6
1247950 1023.7
1247960 1023.1
1247970 1023.1
1247980 1022.9
1247990 1022.5
1248000 1022.5
1248010 1021.9
1248020 1021.6
1248030 1021.6
1248040 1021.6
1248050 1020.6
1248060 1020.6
1248070 1019.4
1248080 1018.4
1248090 1018.4
1248100 1016.4
1248110 1015.3
1248120 1015.3
1248130 1015.6
1248140 1017.2
1248150 1017.2
1248160 1018.6
1248170 1019.2
1248180 1019.9
1248190 1019.9
1248200 1020.9
1248210 1022.2
1248220 1022.2
1248230 1023.8
1248240 1026.2
1248250 1026.2
1248260 1029.1
1248270 1031.2
1248280 1031.2
1248290 1032.1
1248300 1032.3
1248310 1031.9
1248320 1031.9
1248330 1032.0
1248340 1032.0
1248350 1032.0
1248360 1032.1
1248370 1032.1
1248380 1032.6
1248390 1033.5
1248400 1033.5
1248410 1034.0
1248420 1033.9
1248430 1033.5
1248440 1033.5
1248450 1033.5
1248460 1034.7
1248470 1034.7
1248480 1038.7
1248490 1042.4
1248500 1042.4
1248510 1044.4
1248520 1045.9
1248530 1045.9
1248540 1048.0
1248550 1050.1
1248560 1050.1
1248570 1051.3
1248580 1050.8
1248590 1050.8
1248600 1047.7
1248610 1043.9
1248620 1043.9
1248630 1043.0
1248640 1043.8
1248650 1043.8
1248660 1045.0
1248670 1046.9
1248680 1046.9
1248690 1048.4
1248700 1049.7
1248710 1050.1
1248720 1050.1
1248730 1049.2
1248740 1049.8
1248750 1049.8
1248760 1052.9
1248770 1057.2
1248780 1057.2
1248790 1061.2
1248800 1063.4
1248810 1063.4
1248820 1065.8
1248830 1069.0
1248840 1069.0
1248850 1065.5
1248860 1066.9
1248870 1066.9
1248880 1066.8
1248890 1065.8
1248900 1065.8
1248910 1065.8
1248920 1068.4
1248930 1068.4
1248940 1070.9
1248950 1072.1
1248960 1072.1
1248970 1071.3
1248980 1070.8
1248990 1071.2
1249000 1071.2
1249010 1072.8
1249020 1075.1
1249030 1075.1
1249040 1076.9
1249050 1077.9
1249060 1077.9
1249070 1077.1
1249080 1076.9
1249090 1076.9
1249100 1074.8
1249110 1072.7
1249120 1072.7
1249130 1072.0
1249140 1073.9
1249150 1073.9
1249160 1076.0
1249170 1077.5
1249180 1077.5
1249190 1080.1
1249200 1081.9
1249210 1081.9
1249220 1083.4
1249230 1084.8
1249240 1086.0
1249250 1086.0
1249260 1086.6
1249270 1087.5
1249280 1087.5
1249290 1088.9
1249300 1089.9
1249310 1089.9
1249320 1090.7
1249330 1091.7
1249340 1091.7
1249350 1092.5
1249360 1092.1
1249370 1092.1
1249380 1093.0
1249390 1090.9
1249400 1090.9
1249410 1092.8
1249420 1094.7
1249430 1094.7
1249440 1096.4
1249450 1098.7
1249460 1098.7
1249470 1101.8
1249480 1104.7
1249490 1104.7
1249500 1107.0
1249510 1108.4
1249520 1109.3
1249530 1109.3
1249540 1109.8
1249550 1108.0
1249560 1108.0
1249570 1103.4
1249580 1100.6
1249590 1100.6
1249600 1099.5
1249610 1101.7
1249620 1101.7
1249630 1107.8
1249640 1113.0
1249650 1113.0
1249660 1117.3
1249670 1121.3
1249680 1121.3
1249690 1124.8
1249700 1127.4
1249710 1127.4
1249720 1129.6
1249730 1130.5
1249740 1130.5
1249750 1128.9
1249760 1130.0
1249770 1130.0
1249780 1132.2
1249790 1135.1
1249800 1138.4
1249810 1138.4
1249820 1140.6
1249830 1141.7
1249840 1141.7
1249850 1141.0
1249860 1140.9
1249870 1140.9
1249880 1143.2
1249890 1146.8
1249900 1146.8
1249910 1150.7
1249920 1153.6
1249930 1147.6
1249940 1148.9
1249950 1149.6
1249960 1149.6
1249970 1150.2
1249980 1150.5
1249990 1150.5
1250000 1150.3
1250010 1148.4
1250020 1148.4
1250030 1145.8
1250040 1144.8
1250050 1142.8
1250060 1142.8
1250070 1141.1
1250080 1139.3
1250090 1139.3
1250100 1137.3
1250110 1135.7
1250120 1135.7
1250130 1135.9
1250140 1133.9
1250150 1133.9
1250160 1132.8
1250170 1131.4
1250180 1131.4
1250190 1131.2
1250200 1129.0
1250210 1129.0
1250220 1127.7
1250230 1125.9
1250240 1125.9
1250250 1122.4
1250260 1117.9
1250270 1117.9
1250280 1113.9
1250290 1111.6
1250300 1111.6
1250310 1109.5
1250320 1106.6
1250330 1103.4
1250340 1103.4
1250350 1100.3
1250360 1095.7
1250370 1095.7
1250380 1090.3
1250390 1085.3
1250400 1085.3
1250410 1081.2
1250420 1077.3
1250430 1077.3
1250440 1073.3
1250450 1069.0
1250460 1069.0
1250470 1062.0
1250480 1057.3
1250490 1057.3
1250500 1053.0
1250510 1048.9
1250520 1048.9
1250530 1043.8
1250540 1035.4
1250550 1035.4
1250560 1024.3
1250570 1014.9
1250580 1014.9
1250590 1008.3
1250600 1002.2
1250610 994.8
1250620 994.8
1250630 987.6
1250640 981.6
1250650 981.6
1250660 975.8
1250670 969.1
1250680 969.1
1250690 962.8
1250700 955.1
1250710 955.1
1250720 945.5
1250730 935.2
1250740 935.2
1250750 925.6
1250760 916.6
1250770 916.6
1250780 908.6
1250790 900.6
1250800 900.6
1250810 891.0
1250820 880.6
1250830 880.6
1250840 867.7
1250850 867.6
1250860 877.8
1250870 877.8
1250880 887.1
1250890 896.1
1250900 896.1
1250910 905.0
1250920 912.4
1250930 912.4
1250940 919.4
1250950 926.6
1250960 926.6
1250970 935.0
1250980 943.7
1250990 943.7
1251000 951.5
1251010 959.5
1251020 959.4
1251030 967.2
1251040 975.3
1251050 975.3
1251060 982.7
1251070 989.2
1251080 989.2
1251090 996.2
1251100 1001.8
1251110 1001.8
1251120 1006.4
1251130 1011.3
1251140 1016.3
1251150 1016.3
1251160 1020.9
1251170 1026.5
1251180 1026.5
1251190 1032.4
1251200 1038.7
1251210 1038.7
1251220 1045.6
1251230 1050.1
1251240 1050.1
1251250 1052.9
1251260 1054.6
1251270 1054.6
1251280 1055.8
1251290 1057.6
1251300 1057.6
1251310 1060.3
1251320 1065.5
1251330 1065.5
1251340 1071.1
1251350 1076.2
1251360 1076.2
1251370 1082.6
1251380 1090.1
1251390 1090.1
1251400 1097.2
1251410 1102.1
1251420 1106.0
1251430 1106.0
1251440 1109.6
1251450 1113.7
1251460 1113.7
1251470 1117.1
1251480 1122.2
1251490 1122.2
1251500 1126.3
1251510 1131.0
1251520 1131.0
1251530 1136.4
1251540 1141.6
1251550 1141.6
1251560 1148.6
1251570 1155.9
1251580 1155.9
1251590 1163.2
1251600 1170.3
1251610 1170.3
1251620 1176.9
1251630 1184.4
1251640 1184.4
1251650 1192.1
1251660 1199.8
1251670 1207.5
1251680 1207.5
1251690 1216.1
1251700 1225.9
1251710 1225.9
1251720 1236.3
1251730 1245.9
1251740 1245.9
1251750 1258.0
1251760 1269.6
1251770 1269.6
1251780 1279.6
1251790 1287.4
1251800 1287.4
1251810 1294.1
1251820 1300.3
1251830 1300.3
1251840 1305.7
1251850 1310.6
1251860 1310.6
1251870 1315.6
1251880 1320.5
1251890 1320.5
1251900 1325.1
1251910 1329.5
1251920 1329.5
1251930 1333.5
1251940 1337.2
1251950 1341.0
1251960 1341.0
1251970 1344.6
1251980 1348.4
1251990 1348.4
1252000 1352.1
1252010 1355.5
1252020 1355.5
1252030 1358.9
1252040 1362.4
1252050 1362.4
1252060 1366.1
1252070 1369.7
1252080 1369.7
1252090 1372.9
1252100 1375.7
1252110 1377.4
1252120 1379.8
1252130 1382.4
1252140 1382.4
1252150 1385.4
1252160 1388.5
1252170 1388.5
1252180 1391.3
1252190 1393.7
1252200 1393.7
1252210 1395.0
1252220 1395.7
1252230 1396.4
1252240 1396.4
1252250 1397.3
1252260 1397.1
1252270 1397.1
1252280 1396.9
1252290 1396.9
1252300 1396.9
1252310 1394.5
1252320 1391.9
1252330 1391.9
1252340 1389.5
1252350 1387.0
1252360 1387.0
1252370 1384.4
1252380 1382.2
1252390 1382.2
1252400 1381.8
1252410 1381.6
1252420 1381.6
1252430 1380.2
1252440 1379.6
1252450 1379.6
1252460 1383.5
1252470 1388.5
1252480 1393.8
1252490 1393.8
1252500 1399.1
1252510 1404.2
1252520 1404.2
1252530 1409.9
1252540 1415.9
1252550 1415.9
1252560 1421.9
1252570 1428.1
1252580 1428.1
1252590 1434.5
1252600 1441.0
1252610 1441.0
1252620 1447.7
1252630 1454.5
1252640 1454.5
1252650 1461.3
1252660 1466.3
1252670 1466.3
1252680 1473.5
1252690 1482.0
1252700 1482.0
1252710 1490.5
1252720 1496.4
1252730 1496.4
1252740 1501.5
1252750 1505.8
1252760 1510.0
1252770 1510.0
1252780 1514.0
1252790 1518.8
1252800 1518.8
1252810 1524.0
1252820 1528.6
1252830 1528.6
1252840 1532.8
1252850 1536.8
1252860 1536.8
1252870 1539.8
1252880 1541.4
1252890 1541.4
1252900 1538.7
1252910 1530.7
1252920 1530.7
1252930 1525.5
1252940 1525.6
1252950 1525.6
1252960 1527.2
1252970 1531.3
1252980 1531.3
1252990 1534.5
1253000 1531.9
1253010 1531.9
1253020 1523.8
1253030 1521.4
1253040 1522.4
1253050 1522.4
1253060 1522.4
1253070 1520.5
1253080 1520.5
1253090 1519.6
1253100 1520.5
1253110 1520.5
1253120 1521.7
1253130 1523.8
1253140 1523.8
1253150 1525.2
1253160 1525.0
1253170 1525.0
1253180 1524.5
1253190 1521.9
1253200 1521.9
1253210 1513.1
1253220 1508.3
1253230 1508.3
1253240 1502.4
1253250 1495.7
1253260 1495.7
1253270 1488.6
1253280 1481.6
1253290 1474.8
1253300 1474.8
1253310 1468.3
1253320 1461.6
1253330 1461.6
1253340 1454.8
1253350 1447.8
1253360 1447.8
1253370 1440.9
1253380 1434.3
1253390 1434.3
1253400 1429.7
1253410 1425.6
1253420 1425.6
1253430 1427.3
1253440 1429.8
1253450 1429.8
1253460 1433.0
1253470 1436.0
1253480 1436.0
1253490 1439.9
1253500 1444.4
1253510 1444.4
1253520 1448.1
1253530 1448.8
1253540 1448.8
1253550 1445.4
1253560 1438.2
1253570 1429.8
1253580 1429.8
1253590 1421.3
1253600 1413.6
1253610 1413.6
1253620 1405.0
1253630 1396.7
1253640 1396.7
1253650 1388.4
1253660 1380.5
1253670 1380.5
1253680 1375.5
1253690 1371.9
1253700 1371.9
1253710 1367.4
1253720 1362.2
1253730 1362.2
1253740 1357.3
1253750 1352.8
1253760 1347.6
1253770 1343.7
1253780 1340.0
1253790 1340.0
1253800 1336.4
1253810 1332.6
1253820 1332.6
1253830 1329.0
1253840 1325.8
1253850 1321.0
1253860 1321.0
1253870 1314.2
1253880 1307.8
1253890 1307.8
1253900 1301.3
1253910 1294.2
1253920 1294.2
1253930 1286.9
1253940 1279.5
1253950 1279.5
1253960 1272.1
1253970 1265.0
1253980 1265.0
1253990 1256.8
1254000 1246.4
1254010 1246.4
1254020 1239.9
1254030 1245.5
1254040 1245.5
1254050 1254.5
1254060 1263.6
1254070 1263.6
1254080 1270.8
1254090 1275.4
1254100 1279.3
1254110 1279.3
1254120 1281.7
1254130 1281.5
1254140 1281.5
1254150 1279.5
1254160 1281.4
1254170 1281.4
1254180 1287.6
1254190 1293.9
1254200 1293.9
1254210 1299.6
1254220 1305.0
1254230 1305.0
1254240 1310.4
1254250 1316.2
1254260 1316.2
1254270 1321.7
1254280 1327.2
1254290 1327.2
1254300 1332.3
1254310 1332.4
1254320 1332.4
1254330 1335.7
1254340 1337.6
1254350 1337.6
1254360 1338.2
1254370 1337.2
1254380 1334.9
1254390 1334.9
1254400 1332.2
1254410 1331.5
1254420 1331.5
1254430 1333.5
1254440 1336.3
1254450 1336.3
1254460 1339.4
1254470 1341.4
1254480 1341.4
1254490 1342.8
1254500 1343.4
1254510 1343.4
1254520 1343.8
1254530 1343.8
1254540 1343.8
1254550 1344.4
1254560 1341.6
1254570 1341.6
1254580 1326.7
1254590 1305.1
1254600 1305.1
1254610 1292.1
1254620 1287.2
1254630 1287.2
1254640 1286.6
1254650 1291.7
1254660 1296.0
1254670 1296.0
1254680 1299.9
1254690 1302.9
1254700 1302.9
1254710 1303.5
1254720 1303.0
1254730 1303.0
1254740 1302.2
1254750 1300.6
1254760 1300.6
1254770 1299.1
1254780 1298.1
1254790 1298.1
1254800 1297.1
1254810 1295.8
1254820 1295.8
1254830 1294.4
1254840 1292.4
1254850 1292.4
1254860 1290.0
1254870 1281.6
1254880 1281.6
1254890 1280.0
1254900 1279.0
1254910 1277.9
1254920 1277.9
1254930 1276.1
1254940 1274.2
1254950 1274.2
1254960 1271.7
1254970 1269.3
1254980 1269.3
1254990 1266.7
1255000 1263.1
1255010 1263.1
1255020 1259.8
1255030 1259.0
1255040 1259.0
1255050 1259.7
1255060 1258.9
1255070 1258.9
1255080 1257.6
1255090 1255.1
1255100 1255.1
1255110 1255.4
1255120 1255.3
1255130 1255.3
1255140 1253.2
1255150 1251.7
1255160 1251.7
1255170 1251.4
1255180 1250.6
1255190 1249.4
1255200 1249.4
1255210 1248.0
1255220 1244.9
1255230 1244.9
1255240 1239.6
1255250 1233.0
1255260 1233.0
1255270 1226.9
1255280 1220.5
1255290 1220.5
1255300 1215.9
1255310 1213.2
1255320 1213.2
1255330 1213.6
1255340 1217.3
1255350 1217.3
1255360 1222.4
1255370 1227.7
1255380 1227.7
1255390 1230.9
1255400 1231.7
1255410 1231.7
1255420 1226.0
1255430 1226.1
1255440 1226.1
1255450 1224.4
1255460 1222.8
1255470 1220.8
1255480 1220.8
1255490 1218.5
1255500 1215.8
1255510 1215.8
1255520 1210.8
1255530 1205.6
1255540 1205.6
1255550 1201.0
1255560 1198.5
1255570 1198.5
1255580 1202.0
1255590 1201.4
1255600 1201.4
1255610 1196.1
1255620 1188.7
1255630 1188.7
1255640 1181.9
1255650 1178.0
1255660 1178.0
1255670 1175.7
1255680 1169.7
1255690 1169.7
1255700 1160.2
1255710 1147.6
1255720 1137.3
1255730 1137.3
1255740 1129.9
1255750 1124.0
1255760 1124.0
1255770 1121.7
1255780 1124.4
1255790 1124.4
1255800 1128.0
1255810 1130.0
1255820 1130.0
1255830 1132.3
1255840 1134.7
1255850 1134.7
1255860 1135.8
1255870 1139.1
1255880 1139.1
1255890 1141.0
1255900 1142.9
1255910 1142.9
1255920 1144.8
1255930 1148.9
1255940 1148.9
1255950 1154.3
1255960 1163.9
1255970 1163.9
1255980 1165.2
1255990 1167.2
1256000 1170.6
1256010 1170.6
1256020 1173.3
1256030 1176.2
1256040 1176.2
1256050 1181.6
1256060 1196.7
1256070 1196.7
1256080 1200.7
1256090 1206.4
1256100 1206.4
1256110 1215.2
1256120 1222.0
1256130 1222.0
1256140 1225.3
1256150 1228.1
1256160 1228.1
1256170 1230.7
1256180 1233.2
1256190 1233.2
1256200 1235.8
1256210 1238.7
1256220 1238.7
1256230 1241.8
1256240 1244.6
1256250 1244.6
1256260 1247.0
1256270 1244.9
1256280 1237.2
1256290 1237.2
1256300 1235.2
1256310 1237.3
1256320 1237.3
1256330 1239.7
1256340 1240.7
1256350 1240.7
1256360 1242.9
1256370 1245.3
1256380 1245.3
1256390 1247.3
1256400 1249.4
1256410 1249.4
1256420 1252.3
1256430 1255.8
1256440 1255.8
1256450 1258.9
1256460 1260.9
1256470 1260.9
1256480 1263.3
1256490 1264.8
1256500 1264.8
1256510 1266.3
1256520 1270.7
1256530 1272.8
1256540 1272.8
1256550 1275.6
1256560 1279.0
1256570 1279.0
1256580 1284.1
1256590 1295.3
1256600 1295.3
1256610 1310.4
1256620 1308.8
1256630 1308.8
1256640 1309.8
1256650 1308.4
1256660 1308.4
1256670 1310.9
1256680 1313.2
1256690 1313.2
1256700 1312.7
1256710 1313.6
1256720 1313.6
1256730 1315.8
1256740 1318.0
1256750 1318.0
1256760 1317.4
1256770 1321.8
1256780 1321.8
1256790 1330.2
1256800 1341.6
1256810 1351.6
1256820 1351.6
1256830 1352.9
1256840 1347.5
1256850 1347.5
1256860 1354.4
1256870 1359.6
1256880 1359.6
1256890 1367.2
1256900 1377.2
1256910 1377.2
1256920 1389.4
1256930 1400.8
1256940 1400.8
1256950 1409.9
1256960 1416.1
1256970 1416.1
1256980 1421.2
1256990 1424.7
1257000 1424.7
1257010 1427.2
1257020 1429.7
1257030 1429.7
1257040 1430.7
1257050 1434.9
1257060 1439.7
1257070 1439.7
1257080 1446.3
1257090 1456.3
1257100 1456.3
1257110 1460.6
1257120 1465.9
1257130 1465.9
1257140 1471.4
1257150 1476.9
1257160 1476.9
1257170 1481.8
1257180 1484.2
1257190 1484.2
1257200 1483.8
1257210 1483.9
1257220 1483.9
1257230 1484.5
1257240 1488.5
1257250 1488.5
1257260 1495.0
1257270 1500.3
1257280 1500.3
1257290 1503.4
1257300 1511.2
1257310 1511.2
1257320 1519.3
1257330 1523.5
1257340 1520.7
1257350 1520.7
1257360 1526.9
1257370 1530.9
1257380 1530.9
1257390 1524.1
1257400 1529.6
1257410 1529.6
1257420 1538.1
1257430 1539.0
1257440 1539.0
1257450 1548.5
1257460 1553.2
1257470 1553.2
1257480 1550.1
1257490 1555.7
1257500 1555.7
1257510 1566.3
1257520 1573.2
1257530 1573.2
1257540 1573.7
1257550 1569.8
1257560 1569.8
1257570 1568.0
1257580 1565.1
1257590 1565.1
1257600 1564.3
1257610 1567.7
1257620 1577.9
1257630 1577.9
1257640 1598.4
1257650 1607.1
1257660 1607.1
1257670 1616.0
1257680 1620.2
1257690 1620.2
1257700 1625.1
1257710 1630.3
1257720 1630.3
1257730 1636.4
1257740 1643.2
1257750 1643.2
1257760 1650.4
1257770 1657.4
1257780 1657.4
1257790 1665.2
1257800 1673.9
1257810 1673.9
1257820 1685.0
1257830 1694.5
1257840 1694.5
1257850 1704.9
1257860 1717.5
1257870 1726.0
1257880 1726.0
1257890 1731.9
1257900 1738.9
1257910 1738.9
1257920 1747.1
1257930 1754.7
1257940 1754.7
1257950 1760.7
1257960 1767.0
1257970 1767.0
1257980 1771.3
1257990 1776.0
1258000 1776.0
1258010 1779.2
1258020 1782.5
1258030 1782.5
1258040 1788.9
1258050 1797.5
1258060 1797.5
1258070 1803.8
1258080 1806.9
1258090 1806.9
1258100 1807.4
1258110 1807.5
1258120 1807.5
1258130 1811.9
1258140 1817.5
1258150 1821.5
1258160 1821.5
1258170 1825.0
1258180 1830.2
1258190 1830.2
1258200 1835.7
1258210 1833.0
1258220 1833.0
1258230 1835.2
1258240 1839.4
1258250 1839.4
1258260 1839.2
1258270 1838.7
1258280 1838.7
1258290 1839.7
1258300 1841.5
1258310 1841.5
1258320 1843.1
1258330 1847.5
1258340 1847.5
1258350 1853.5
1258360 1858.3
1258370 1858.3
1258380 1862.9
1258390 1866.0
1258400 1866.0
1258410 1868.3
1258420 1869.6
1258430 1871.2
1258440 1871.2
1258450 1872.6
1258460 1874.0
1258470 1874.0
1258480 1876.0
1258490 1869.2
1258500 1869.2
1258510 1859.1
1258520 1857.4
1258530 1857.4
1258540 1856.1
1258550 1854.9
1258560 1854.9
1258570 1850.4
1258580 1845.6
1258590 1845.6
1258600 1854.6
1258610 1856.3
1258620 1856.3
1258630 1856.8
1258640 1864.7
1258650 1864.7
1258660 1875.8
1258670 1883.8
1258680 1883.0
1258690 1883.0
1258700 1883.4
1258710 1882.9
1258720 1882.9
1258730 1880.5
1258740 1886.0
1258750 1886.0
1258760 1889.2
1258770 1875.7
1258780 1840.3
1258790 1833.5
1258800 1825.6
1258810 1825.6
1258820 1809.9
1258830 1802.8
1258840 1802.8
1258850 1803.8
1258860 1804.1
1258870 1804.1
1258880 1800.9
1258890 1801.6
1258900 1801.6
1258910 1802.2
1258920 1804.2
1258930 1804.2
1258940 1806.5
1258950 1809.9
1258960 1812.7
1258970 1812.7
1258980 1815.2
1258990 1816.1
1259000 1816.1
1259010 1816.3
1259020 1811.2
1259030 1811.2
1259040 1775.8
1259050 1728.3
1259060 1728.3
1259070 1721.6
1259080 1740.9
1259090 1740.9
1259100 1757.6
1259110 1765.9
1259120 1765.9
1259130 1773.9
1259140 1776.7
1259150 1776.7
1259160 1776.4
1259170 1781.7
1259180 1781.7
1259190 1791.1
1259200 1796.6
1259210 1796.6
1259220 1801.7
1259230 1793.7
1259240 1728.0
1259250 1728.0
1259260 1718.9
1259270 1730.4
1259280 1730.4
1259290 1742.4
1259300 1753.8
1259310 1753.8
1259320 1763.1
1259330 1773.1
1259340 1768.3
1259350 1776.6
1259360 1785.6
1259370 1785.6
1259380 1793.4
1259390 1801.6
1259400 1801.6
1259410 1808.8
1259420 1815.9
1259430 1815.9
1259440 1826.2
1259450 1833.5
1259460 1833.5
1259470 1839.2
1259480 1847.2
1259490 1856.1
1259500 1856.1
1259510 1865.0
1259520 1874.1
1259530 1874.1
1259540 1886.5
1259550 1897.7
1259560 1897.7
1259570 1907.3
1259580 1917.4
1259590 1917.4
1259600 1927.0
1259610 1931.2
1259620 1931.2
1259630 1932.9
1259640 1934.2
1259650 1934.2
1259660 1935.8
1259670 1937.0
1259680 1937.0
1259690 1936.8
1259700 1935.0
1259710 1935.0
1259720 1927.9
1259730 1918.1
1259740 1918.1
1259750 1911.2
1259760 1905.2
1259770 1879.5
1259780 1879.5
1259790 1843.4
1259800 1817.4
1259810 1817.4
1259820 1786.7
1259830 1738.0
1259840 1738.0
1259850 1736.1
1259860 1743.6
1259870 1743.6
1259880 1747.9
1259890 1753.2
1259900 1753.2
1259910 1757.1
1259920 1769.1
1259930 1769.1
1259940 1771.5
1259950 1774.0
1259960 1774.0
1259970 1773.0
1259980 1774.4
1259990 1774.4
