1240000 607.7
1240010 607.7
1240020 607.7
1240030 607.7
1240040 607.7
1240050 607.5
1240060 607.5
1240070 607.5
1240080 607.4
1240090 607.4
1240100 607.4
1240110 607.4
1240120 607.4
1240130 607.4
1240140 607.4
1240150 607.4
1240160 607.3
1240170 607.3
1240180 607.2
1240190 607.2
1240200 607.2
1240210 607.1
1240220 607.1
1240230 607.1
1240240 607.2
1240250 607.4
1240260 607.4
1240270 607.5
1240280 607.8
1240290 607.8
1240300 607.7
1240310 607.7
1240320 607.7
1240330 607.6
1240340 607.6
1240350 607.2
1240360 607.2
1240370 607.1
1240380 607.0
1240390 607.0
1240400 607.0
1240410 607.1
1240420 607.1
1240430 607.0
1240440 606.9
1240450 606.9
1240460 607.0
1240470 606.9
1240480 606.9
1240490 607.0
1240500 607.1
1240510 607.1
1240520 607.3
1240530 607.3
1240540 607.3
1240550 607.4
1240560 607.4
1240570 607.4
1240580 607.4
1240590 607.5
1240600 607.5
1240610 607.5
1240620 607.7
1240630 607.8
1240640 607.8
1240650 608.0
1240660 607.8
1240670 607.8
1240680 607.3
1240690 607.2
1240700 607.2
1240710 607.2
1240720 607.2
1240730 607.2
1240740 607.2
1240750 607.2
1240760 607.2
1240770 607.2
1240780 607.1
1240790 607.1
1240800 607.1
1240810 607.1
1240820 607.1
1240830 607.1
1240840 607.1
1240850 607.0
1240860 607.1
1240870 607.1
1240880 607.1
1240890 607.1
1240900 607.0
1240910 607.0
1240920 607.0
1240930 607.2
1240940 607.2
1240950 607.2
1240960 606.9
1240970 606.7
1240980 606.7
1240990 607.4
1241000 608.2
1241010 608.2
1241020 608.3
1241030 608.0
1241040 608.0
1241050 607.5
1241060 607.0
1241070 607.0
1241080 606.6
1241090 606.4
1241100 606.4
1241110 606.4
1241120 606.4
1241130 606.4
1241140 606.4
1241150 606.4
1241160 606.3
1241170 606.3
1241180 606.4
1241190 606.5
1241200 606.5
1241210 606.5
1241220 606.4
1241230 606.4
1241240 606.2
1241250 606.2
1241260 606.2
1241270 606.2
1241280 606.2
1241290 606.2
1241300 606.2
1241310 606.2
1241320 606.2
1241330 606.2
1241340 606.3
1241350 606.3
1241360 606.3
1241370 606.3
1241380 606.3
1241390 606.3
1241400 606.3
1241410 606.3
1241420 606.2
1241430 606.2
1241440 606.2
1241450 606.2
1241460 606.2
1241470 606.2
1241480 606.2
1241490 606.1
1241500 606.0
1241510 606.0
1241520 605.9
1241530 605.9
1241540 605.9
1241550 606.0
1241560 606.0
1241570 606.0
1241580 606.1
1241590 606.1
1241600 606.1
1241610 606.2
1241620 606.2
1241630 606.2
1241640 606.3
1241650 606.5
1241660 606.5
1241670 606.8
1241680 607.0
1241690 607.5
1241700 607.5
1241710 607.4
1241720 606.0
1241730 606.0
1241740 604.5
1241750 603.7
1241760 603.7
1241770 603.6
1241780 603.6
1241790 603.6
1241800 603.6
1241810 603.6
1241820 603.6
1241830 603.6
1241840 603.6
1241850 603.6
1241860 603.6
1241870 603.6
1241880 603.6
1241890 603.6
1241900 603.6
1241910 603.6
1241920 603.6
1241930 603.6
1241940 603.6
1241950 603.7
1241960 604.6
1241970 606.3
1241980 606.3
1241990 607.4
1242000 607.8
1242010 607.8
1242020 608.9
1242030 610.8
1242040 610.8
1242050 611.6
1242060 611.6
1242070 611.6
1242080 611.6
1242090 611.6
1242100 611.6
1242110 611.3
1242120 610.3
1242130 610.3
1242140 608.2
1242150 606.3
1242160 606.3
1242170 605.6
1242180 605.4
1242190 605.4
1242200 605.2
1242210 605.0
1242220 605.0
1242230 604.8
1242240 604.8
1242250 604.9
1242260 604.9
1242270 605.2
1242280 605.2
1242290 605.2
1242300 605.2
1242310 605.1
1242320 605.1
1242330 605.1
1242340 605.2
1242350 605.2
1242360 605.2
1242370 605.1
1242380 605.1
1242390 605.1
1242400 605.0
1242410 605.0
1242420 605.0
1242430 605.0
1242440 605.0
1242450 604.9
1242460 604.8
1242470 604.8
1242480 604.7
1242490 604.6
1242500 604.5
1242510 604.5
1242520 604.6
1242530 604.7
1242540 604.7
1242550 604.9
1242560 604.7
1242570 604.7
1242580 604.7
1242590 604.7
1242600 604.7
1242610 604.8
1242620 604.7
1242630 604.7
1242640 604.7
1242650 604.6
1242660 604.6
1242670 604.4
1242680 603.9
1242690 603.9
1242700 603.4
1242710 603.1
1242720 603.1
1242730 603.1
1242740 603.1
1242750 603.1
1242760 603.1
1242770 603.1
1242780 603.3
1242790 603.3
1242800 604.2
1242810 604.6
1242820 604.6
1242830 604.5
1242840 604.4
1242850 604.4
1242860 604.3
1242870 604.3
1242880 604.3
1242890 604.3
1242900 604.3
1242910 604.3
1242920 604.2
1242930 604.2
1242940 604.2
1242950 604.2
1242960 604.2
1242970 604.2
1242980 604.2
1242990 604.1
1243000 604.1
1243010 604.0
1243020 603.9
1243030 603.9
1243040 603.9
1243050 603.8
1243060 603.7
1243070 603.7
1243080 603.6
1243090 603.5
1243100 603.5
1243110 603.6
1243120 603.7
1243130 603.7
1243140 603.7
1243150 603.7
1243160 603.7
1243170 603.6
1243180 603.4
1243190 603.4
1243200 603.4
1243210 603.4
1243220 603.4
1243230 603.3
1243240 603.4
1243250 603.4
1243260 603.4
1243270 603.4
1243280 603.4
1243290 603.6
1243300 604.7
1243310 604.8
1243320 604.8
1243330 604.2
1243340 603.5
1243350 603.5
1243360 603.4
1243370 603.4
1243380 603.4
1243390 603.4
1243400 603.3
1243410 603.3
1243420 603.3
1243430 603.2
1243440 603.2
1243450 603.1
1243460 603.1
1243470 603.1
1243480 603.1
1243490 603.0
1243500 603.0
1243510 603.1
1243520 603.2
1243530 603.2
1243540 603.2
1243550 603.2
1243560 603.2
1243570 603.1
1243580 603.1
1243590 603.1
1243600 603.1
1243610 603.1
1243620 603.0
1243630 603.0
1243640 603.1
1243650 603.1
1243660 603.1
1243670 603.0
1243680 603.0
1243690 603.0
1243700 602.9
1243710 602.9
1243720 602.9
1243730 602.9
1243740 602.9
1243750 602.9
1243760 602.9
1243770 602.9
1243780 602.9
1243790 603.0
1243800 602.6
1243810 602.6
1243820 602.2
1243830 602.4
1243840 602.9
1243850 602.9
1243860 603.1
1243870 603.1
1243880 603.1
1243890 603.2
1243900 603.2
1243910 603.2
1243920 603.2
1243930 603.1
1243940 603.1
1243950 603.2
1243960 603.2
1243970 603.2
1243980 603.2
1243990 603.2
1244000 603.1
1244010 603.2
1244020 603.2
1244030 603.2
1244040 603.3
1244050 603.3
1244060 603.3
1244070 603.1
1244080 603.0
1244090 603.0
1244100 603.1
1244110 603.0
1244120 602.9
1244130 602.9
1244140 602.9
1244150 602.9
1244160 602.9
1244170 602.9
1244180 602.8
1244190 602.8
1244200 602.7
1244210 602.6
1244220 602.6
1244230 602.2
1244240 601.9
1244250 601.9
1244260 602.4
1244270 602.6
1244280 602.6
1244290 602.5
1244300 602.5
1244310 602.5
1244320 602.5
1244330 602.6
1244340 602.6
1244350 602.6
1244360 602.5
1244370 602.5
1244380 602.5
1244390 602.4
1244400 602.4
1244410 602.4
1244420 602.4
1244430 602.4
1244440 602.4
1244450 602.4
1244460 602.4
1244470 602.4
1244480 602.5
1244490 602.5
1244500 602.5
1244510 602.5
1244520 602.5
1244530 602.6
1244540 602.5
1244550 602.4
1244560 602.4
1244570 602.4
1244580 602.4
1244590 602.4
1244600 602.4
1244610 602.4
1244620 602.4
1244630 602.3
1244640 602.3
1244650 602.4
1244660 602.4
1244670 602.3
1244680 602.4
1244690 602.4
1244700 602.4
1244710 602.5
1244720 602.5
1244730 602.5
1244740 602.5
1244750 602.5
1244760 602.6
1244770 602.6
1244780 602.6
1244790 602.6
1244800 602.6
1244810 602.6
1244820 602.4
1244830 602.2
1244840 602.2
1244850 601.9
1244860 601.7
1244870 601.7
1244880 602.1
1244890 603.0
1244900 603.0
1244910 603.9
1244920 604.8
1244930 607.9
1244940 607.9
1244950 612.7
1244960 618.2
1244970 618.2
1244980 621.7
1244990 623.1
1245000 623.1
1245010 623.6
1245020 623.8
1245030 623.8
1245040 623.8
1245050 625.0
1245060 619.7
1245070 621.6
1245080 624.5
1245090 624.5
1245100 627.7
1245110 633.1
1245120 633.1
1245130 638.2
1245140 640.7
1245150 640.7
1245160 641.9
1245170 644.0
1245180 644.0
1245190 647.4
1245200 650.7
1245210 652.5
1245220 652.5
1245230 652.4
1245240 650.9
1245250 650.9
1245260 650.0
1245270 652.4
1245280 652.4
1245290 657.3
1245300 661.3
1245310 661.3
1245320 665.4
1245330 669.8
1245340 669.8
1245350 673.1
1245360 677.4
1245370 677.4
1245380 682.2
1245390 686.3
1245400 686.3
1245410 690.1
1245420 695.6
1245430 695.6
1245440 701.8
1245450 705.7
1245460 707.6
1245470 707.6
1245480 708.7
1245490 710.3
1245500 710.3
1245510 710.2
1245520 709.4
1245530 709.4
1245540 709.7
1245550 710.1
1245560 710.1
1245570 710.3
1245580 710.3
1245590 710.3
1245600 709.2
1245610 708.6
1245620 708.6
1245630 707.9
1245640 707.3
1245650 707.3
1245660 707.3
1245670 707.5
1245680 707.5
1245690 708.1
1245700 708.2
1245710 708.2
1245720 707.2
1245730 706.5
1245740 707.6
1245750 707.6
1245760 708.9
1245770 705.2
1245780 705.2
1245790 694.9
1245800 689.0
1245810 689.0
1245820 697.0
1245830 706.2
1245840 706.2
1245850 709.0
1245860 710.4
1245870 710.4
1245880 711.9
1245890 713.0
1245900 713.0
1245910 714.8
1245920 716.7
1245930 716.7
1245940 719.3
1245950 724.6
1245960 724.6
1245970 730.8
1245980 737.6
1245990 737.6
1246000 744.7
1246010 752.0
1246020 759.3
1246030 759.3
1246040 765.8
1246050 771.4
1246060 771.4
1246070 776.6
1246080 780.7
1246090 780.7
1246100 782.1
1246110 782.5
1246120 782.5
1246130 783.4
1246140 787.4
1246150 787.4
1246160 791.3
1246170 794.9
1246180 794.9
1246190 798.4
1246200 801.3
1246210 801.3
1246220 803.6
1246230 805.3
1246240 805.3
1246250 807.2
1246260 809.0
1246270 810.7
1246280 810.7
1246290 812.0
1246300 813.1
1246310 813.1
1246320 814.1
1246330 815.4
1246340 815.4
1246350 816.7
1246360 818.4
1246370 818.4
1246380 820.2
1246390 822.0
1246400 822.0
1246410 823.7
1246420 825.8
1246430 825.8
1246440 827.9
1246450 829.9
1246460 829.9
1246470 831.4
1246480 831.7
1246490 831.7
1246500 831.2
1246510 830.2
1246520 830.2
1246530 829.7
1246540 831.4
1246550 832.3
1246560 832.3
1246570 833.2
1246580 833.4
1246590 833.4
1246600 834.6
1246610 836.1
1246620 836.1
1246630 837.6
1246640 838.9
1246650 838.9
1246660 837.7
1246670 838.8
1246680 838.8
1246690 840.4
1246700 841.6
1246710 841.6
1246720 844.4
1246730 849.5
1246740 849.5
1246750 853.4
1246760 856.0
1246770 856.0
1246780 856.3
1246790 856.0
1246800 856.7
1246810 856.7
1246820 856.0
1246830 852.8
1246840 852.8
1246850 852.3
1246860 853.8
1246870 853.8
1246880 853.4
1246890 853.3
1246900 853.3
1246910 853.6
1246920 853.6
1246930 853.6
1246940 853.8
1246950 854.3
1246960 854.3
1246970 855.5
1246980 856.6
1246990 856.6
1247000 856.4
1247010 856.2
1247020 856.2
1247030 857.1
1247040 858.8
1247050 858.8
1247060 861.4
1247070 861.2
1247080 859.8
1247090 859.8
1247100 859.5
1247110 860.0
1247120 860.0
1247130 861.3
1247140 862.3
1247150 862.3
1247160 863.4
1247170 864.6
1247180 864.6
1247190 865.4
1247200 863.5
1247210 863.5
1247220 864.9
1247230 866.5
1247240 866.5
1247250 868.6
1247260 871.8
1247270 871.8
1247280 874.8
1247290 878.2
1247300 878.2
1247310 881.2
1247320 883.6
1247330 883.6
1247340 885.8
1247350 887.9
1247360 890.7
1247370 890.7
1247380 893.8
1247390 896.6
1247400 896.6
1247410 899.2
1247420 902.2
1247430 902.2
1247440 905.2
1247450 907.9
1247460 907.9
1247470 910.7
1247480 913.3
1247490 913.3
1247500 916.0
1247510 919.4
1247520 919.4
1247530 921.8
1247540 922.7
1247550 922.7
1247560 923.1
1247570 922.1
1247580 922.1
1247590 920.5
1247600 916.8
1247610 908.8
1247620 908.8
1247630 899.1
1247640 891.1
1247650 891.1
1247660 885.4
1247670 881.2
1247680 881.2
1247690 878.9
1247700 877.1
1247710 877.1
1247720 874.6
1247730 867.6
1247740 867.6
1247750 866.4
1247760 867.6
1247770 867.6
1247780 870.2
1247790 873.9
1247800 873.9
1247810 877.5
1247820 880.2
1247830 880.2
1247840 882.4
1247850 885.5
1247860 885.5
1247870 889.5
1247880 892.5
1247890 895.3
1247900 895.3
1247910 896.8
1247920 897.8
1247930 897.8
1247940 899.2
1247950 901.3
1247960 901.3
1247970 902.4
1247980 902.0
1247990 902.0
1248000 904.9
1248010 906.8
1248020 906.8
1248030 904.7
1248040 907.4
1248050 907.4
1248060 912.1
1248070 914.1
1248080 914.1
1248090 915.8
1248100 917.6
1248110 917.6
1248120 918.8
1248130 919.5
1248140 919.5
1248150 920.6
1248160 920.8
1248170 921.9
1248180 921.9
1248190 925.2
1248200 929.4
1248210 929.4
1248220 933.5
1248230 937.4
1248240 937.4
1248250 941.0
1248260 944.1
1248270 944.5
1248280 945.8
1248290 946.9
1248300 946.9
1248310 949.0
1248320 951.2
1248330 951.2
1248340 952.7
1248350 954.0
1248360 954.0
1248370 955.8
1248380 958.1
1248390 958.1
1248400 960.2
1248410 962.7
1248420 965.1
1248430 965.1
1248440 967.9
1248450 971.1
1248460 971.1
1248470 974.9
1248480 978.3
1248490 978.3
1248500 981.0
1248510 983.1
1248520 983.1
1248530 984.7
1248540 985.8
1248550 985.8
1248560 987.0
1248570 987.2
1248580 987.2
1248590 987.2
1248600 987.9
1248610 987.9
1248620 988.6
1248630 989.6
1248640 989.6
1248650 991.4
1248660 992.9
1248670 992.9
1248680 993.9
1248690 995.0
1248700 995.4
1248710 995.4
1248720 995.0
1248730 994.5
1248740 994.5
1248750 994.0
1248760 993.6
1248770 993.6
1248780 993.4
1248790 993.1
1248800 993.1
1248810 995.1
1248820 993.9
1248830 993.9
1248840 992.6
1248850 990.7
1248860 990.7
1248870 989.2
1248880 988.3
1248890 988.3
1248900 987.3
1248910 986.8
1248920 986.8
1248930 986.8
1248940 987.2
1248950 987.5
1248960 987.5
1248970 987.8
1248980 988.1
1248990 988.1
1249000 988.4
1249010 988.7
1249020 988.7
1249030 988.9
1249040 989.1
1249050 989.1
1249060 989.4
1249070 989.9
1249080 989.9
1249090 990.6
1249100 991.3
1249110 991.3
1249120 991.6
1249130 992.1
1249140 992.1
1249150 992.9
1249160 993.7
1249170 993.7
1249180 994.3
1249190 994.9
1249200 994.9
1249210 995.5
1249220 996.0
1249230 996.6
1249240 996.6
1249250 997.1
1249260 997.6
1249270 997.6
1249280 998.1
1249290 998.3
1249300 998.3
1249310 998.7
1249320 999.2
1249330 999.2
1249340 1000.1
1249350 1001.4
1249360 1001.4
1249370 1001.1
1249380 1000.7
1249390 1000.7
1249400 1000.8
1249410 1001.1
1249420 1001.1
1249430 1001.0
1249440 1000.7
1249450 1000.7
1249460 1000.5
1249470 1000.4
1249480 1000.4
1249490 1000.7
1249500 1001.1
1249510 1001.6
1249520 1001.6
1249530 1001.8
1249540 1001.7
1249550 1001.7
1249560 1001.7
1249570 1001.6
1249580 1001.6
1249590 1001.3
1249600 1000.8
1249610 1000.8
1249620 1000.1
1249630 999.0
1249640 999.0
1249650 997.9
1249660 997.4
1249670 997.4
1249680 997.2
1249690 997.0
1249700 997.0
1249710 996.7
1249720 996.5
1249730 996.5
1249740 996.3
1249750 995.8
1249760 995.1
1249770 995.1
1249780 994.4
1249790 993.8
1249800 993.8
1249810 993.3
1249820 993.1
1249830 993.1
1249840 993.0
1249850 993.4
1249860 993.4
1249870 993.9
1249880 993.7
1249890 990.4
1249900 989.8
1249910 989.3
1249920 989.3
1249930 988.9
1249940 988.3
1249950 988.3
1249960 987.7
1249970 987.3
1249980 987.3
1249990 987.4
1250000 988.5
1250010 988.5
1250020 990.6
1250030 993.8
1250040 996.5
1250050 996.5
1250060 999.0
1250070 1000.2
1250080 1000.2
1250090 998.1
1250100 994.2
1250110 994.2
1250120 992.7
1250130 995.1
1250140 995.1
1250150 996.4
1250160 991.9
1250170 991.9
1250180 991.3
1250190 995.6
1250200 995.6
1250210 1000.2
1250220 1002.6
1250230 1002.6
1250240 1001.3
1250250 1000.6
1250260 1000.6
1250270 999.3
1250280 998.2
1250290 998.2
1250300 996.5
1250310 996.2
1250320 994.5
1250330 994.5
1250340 991.7
1250350 990.3
1250360 990.3
1250370 988.7
1250380 986.4
1250390 986.4
1250400 983.8
1250410 982.0
1250420 982.0
1250430 980.7
1250440 978.6
1250450 978.6
1250460 977.5
1250470 976.7
1250480 976.7
1250490 975.2
1250500 973.0
1250510 973.0
1250520 970.4
1250530 967.4
1250540 967.4
1250550 962.8
1250560 956.7
1250570 950.6
1250580 950.6
1250590 945.2
1250600 939.1
1250610 939.1
1250620 932.8
1250630 926.4
1250640 926.4
1250650 918.0
1250660 909.0
1250670 909.0
1250680 900.8
1250690 892.8
1250700 892.8
1250710 884.5
1250720 876.4
1250730 876.4
1250740 868.0
1250750 859.7
1250760 859.7
1250770 851.0
1250780 843.9
1250790 843.9
1250800 837.4
1250810 826.2
1250820 826.2
1250830 815.6
1250840 802.5
1250850 794.7
1250860 794.7
1250870 794.0
1250880 800.3
1250890 800.3
1250900 805.6
1250910 812.3
1250920 812.3
1250930 820.4
1250940 827.3
1250950 827.3
1250960 833.7
1250970 842.5
1250980 842.0
1250990 859.4
1251000 867.6
1251010 867.6
1251020 874.4
1251030 881.0
1251040 881.0
1251050 887.5
1251060 894.0
1251070 894.0
1251080 900.8
1251090 906.9
1251100 913.0
1251110 913.0
1251120 919.2
1251130 925.3
1251140 925.3
1251150 931.6
1251160 938.1
1251170 938.1
1251180 945.0
1251190 953.5
1251200 953.5
1251210 960.2
1251220 967.9
1251230 967.9
1251240 975.1
1251250 982.7
1251260 982.7
1251270 990.4
1251280 996.1
1251290 996.1
1251300 999.3
1251310 1002.3
1251320 1002.3
1251330 1005.2
1251340 1008.0
1251350 1008.0
1251360 1010.8
1251370 1013.3
1251380 1015.4
1251390 1015.4
1251400 1017.7
1251410 1019.9
1251420 1019.9
1251430 1021.6
1251440 1024.0
1251450 1024.0
1251460 1027.1
1251470 1029.9
1251480 1029.9
1251490 1032.8
1251500 1035.2
1251510 1035.2
1251520 1037.4
1251530 1035.9
1251540 1035.9
1251550 1038.6
1251560 1041.6
1251570 1041.6
1251580 1044.4
1251590 1047.5
1251600 1047.5
1251610 1050.5
1251620 1054.4
1251630 1054.4
1251640 1058.1
1251650 1061.6
1251660 1065.0
1251670 1065.0
1251680 1069.6
1251690 1073.7
1251700 1073.7
1251710 1077.6
1251720 1082.1
1251730 1082.1
1251740 1086.2
1251750 1089.6
1251760 1089.6
1251770 1093.2
1251780 1096.8
1251790 1096.8
1251800 1101.0
1251810 1105.0
1251820 1105.0
1251830 1108.7
1251840 1112.6
1251850 1112.6
1251860 1116.8
1251870 1121.0
1251880 1121.0
1251890 1125.0
1251900 1127.9
1251910 1130.7
1251920 1130.7
1251930 1133.4
1251940 1135.4
1251950 1135.4
1251960 1138.0
1251970 1139.4
1251980 1139.4
1251990 1140.2
1252000 1142.3
1252010 1142.3
1252020 1142.3
1252030 1142.0
1252040 1142.0
1252050 1140.0
1252060 1139.1
1252070 1131.9
1252080 1132.6
1252090 1134.2
1252100 1134.2
1252110 1134.3
1252120 1135.3
1252130 1135.3
1252140 1138.5
1252150 1147.1
1252160 1147.1
1252170 1157.4
1252180 1167.5
1252190 1176.8
1252200 1176.8
1252210 1183.5
1252220 1189.2
1252230 1189.2
1252240 1194.3
1252250 1199.2
1252260 1199.2
1252270 1204.0
1252280 1208.9
1252290 1208.9
1252300 1213.1
1252310 1216.3
1252320 1216.3
1252330 1219.0
1252340 1222.4
1252350 1222.4
1252360 1226.4
1252370 1229.9
1252380 1229.9
1252390 1232.6
1252400 1234.6
1252410 1234.6
1252420 1236.2
1252430 1237.6
1252440 1237.6
1252450 1238.2
1252460 1239.4
1252470 1240.9
1252480 1240.9
1252490 1242.5
1252500 1243.6
1252510 1243.6
1252520 1243.2
1252530 1243.8
1252540 1243.8
1252550 1244.7
1252560 1244.7
1252570 1244.7
1252580 1244.7
1252590 1244.7
1252600 1244.7
1252610 1246.6
1252620 1252.7
1252630 1252.7
1252640 1259.1
1252650 1263.0
1252660 1263.0
1252670 1264.9
1252680 1265.1
1252690 1265.1
1252700 1265.1
1252710 1265.0
1252720 1263.9
1252730 1263.9
1252740 1262.7
1252750 1262.3
1252760 1262.3
1252770 1262.1
1252780 1261.8
1252790 1261.8
1252800 1261.2
1252810 1259.9
1252820 1259.9
1252830 1256.8
1252840 1252.9
1252850 1252.9
1252860 1250.3
1252870 1247.2
1252880 1247.2
1252890 1245.2
1252900 1242.7
1252910 1242.7
1252920 1240.8
1252930 1239.0
1252940 1239.0
1252950 1235.2
1252960 1231.5
1252970 1231.5
1252980 1228.5
1252990 1223.5
1253000 1214.3
1253010 1214.3
1253020 1206.7
1253030 1202.0
1253040 1202.0
1253050 1195.1
1253060 1186.7
1253070 1186.7
1253080 1177.8
1253090 1171.2
1253100 1171.2
1253110 1168.3
1253120 1171.6
1253130 1171.6
1253140 1178.0
1253150 1183.8
1253160 1183.8
1253170 1180.5
1253180 1182.2
1253190 1182.2
1253200 1184.2
1253210 1188.2
1253220 1188.2
1253230 1190.9
1253240 1193.6
1253250 1196.4
1253260 1196.4
1253270 1197.5
1253280 1197.7
1253290 1197.7
1253300 1196.3
1253310 1196.5
1253320 1196.5
1253330 1197.0
1253340 1196.6
1253350 1196.6
1253360 1195.7
1253370 1193.9
1253380 1193.9
1253390 1192.2
1253400 1190.2
1253410 1190.2
1253420 1187.0
1253430 1184.2
1253440 1184.2
1253450 1181.4
1253460 1178.7
1253470 1178.7
1253480 1175.8
1253490 1173.2
1253500 1173.2
1253510 1170.3
1253520 1165.9
1253530 1164.5
1253540 1164.5
1253550 1163.1
1253560 1158.2
1253570 1158.2
1253580 1152.5
1253590 1147.4
1253600 1147.4
1253610 1143.5
1253620 1139.5
1253630 1139.5
1253640 1137.3
1253650 1138.0
1253660 1138.0
1253670 1136.2
1253680 1135.9
1253690 1135.9
1253700 1136.5
1253710 1135.7
1253720 1130.5
1253730 1129.3
1253740 1126.7
1253750 1126.7
1253760 1125.5
1253770 1125.9
1253780 1125.9
1253790 1125.6
1253800 1123.8
1253810 1121.2
1253820 1121.2
1253830 1116.8
1253840 1109.7
1253850 1109.7
1253860 1102.8
1253870 1095.0
1253880 1095.0
1253890 1087.4
1253900 1080.6
1253910 1080.6
1253920 1079.4
1253930 1081.4
1253940 1081.4
1253950 1082.9
1253960 1083.2
1253970 1083.2
1253980 1079.1
1253990 1073.0
1254000 1073.0
1254010 1066.8
1254020 1059.3
1254030 1059.3
1254040 1051.0
1254050 1042.4
1254060 1035.3
1254070 1035.3
1254080 1028.4
1254090 1023.5
1254100 1023.5
1254110 1025.3
1254120 1034.3
1254130 1034.3
1254140 1043.6
1254150 1051.6
1254160 1051.6
1254170 1058.9
1254180 1065.9
1254190 1065.9
1254200 1070.0
1254210 1072.0
1254220 1072.0
1254230 1076.2
1254240 1079.5
1254250 1079.5
1254260 1081.3
1254270 1079.9
1254280 1078.5
1254290 1076.8
1254300 1075.9
1254310 1075.9
1254320 1075.2
1254330 1074.3
1254340 1073.8
1254350 1073.8
1254360 1073.7
1254370 1071.4
1254380 1071.4
1254390 1070.2
1254400 1070.6
1254410 1070.6
1254420 1071.7
1254430 1072.5
1254440 1072.5
1254450 1073.2
1254460 1073.8
1254470 1073.8
1254480 1073.2
1254490 1072.6
1254500 1072.6
1254510 1073.0
1254520 1073.4
1254530 1073.4
1254540 1072.6
1254550 1069.9
1254560 1069.9
1254570 1068.5
1254580 1064.2
1254590 1057.3
1254600 1057.3
1254610 1050.6
1254620 1046.4
1254630 1046.4
1254640 1043.2
1254650 1046.6
1254660 1046.6
1254670 1054.4
1254680 1060.2
1254690 1060.2
1254700 1065.1
1254710 1067.4
1254720 1067.4
1254730 1067.1
1254740 1069.7
1254750 1069.7
1254760 1070.7
1254770 1070.4
1254780 1070.4
1254790 1070.4
1254800 1067.6
1254810 1067.6
1254820 1064.2
1254830 1055.2
1254840 1055.2
1254850 1053.6
1254860 1055.1
1254870 1057.2
1254880 1057.2
1254890 1057.8
1254900 1058.9
1254910 1058.9
1254920 1058.5
1254930 1054.2
1254940 1054.2
1254950 1052.2
1254960 1053.1
1254970 1053.1
1254980 1055.0
1254990 1056.0
1255000 1056.0
1255010 1059.1
1255020 1061.8
1255030 1061.8
1255040 1057.6
1255050 1052.6
1255060 1052.6
1255070 1049.4
1255080 1048.6
1255090 1048.6
1255100 1046.1
1255110 1042.5
1255120 1042.5
1255130 1037.1
1255140 1031.1
1255150 1022.4
1255160 1022.4
1255170 1012.8
1255180 1002.0
1255190 1002.0
1255200 1001.4
1255210 1009.1
1255220 1009.1
1255230 1015.7
1255240 1021.5
1255250 1021.5
1255260 1025.2
1255270 1029.0
1255280 1029.0
1255290 1034.2
1255300 1039.6
1255310 1039.6
1255320 1045.5
1255330 1052.4
1255340 1052.4
1255350 1060.0
1255360 1066.8
1255370 1066.8
1255380 1072.0
1255390 1079.2
1255400 1082.6
1255410 1082.6
1255420 1085.0
1255430 1088.2
1255440 1088.2
1255450 1091.3
1255460 1095.9
1255470 1095.9
1255480 1101.5
1255490 1106.6
1255500 1106.6
1255510 1111.4
1255520 1114.3
1255530 1114.3
1255540 1118.3
1255550 1122.2
1255560 1122.2
1255570 1125.5
1255580 1129.2
1255590 1129.2
1255600 1132.6
1255610 1136.2
1255620 1136.2
1255630 1139.9
1255640 1144.4
1255650 1144.4
1255660 1151.1
1255670 1156.5
1255680 1160.6
1255690 1160.6
1255700 1166.1
1255710 1170.9
1255720 1170.9
1255730 1175.9
1255740 1179.9
1255750 1179.9
1255760 1182.8
1255770 1184.4
1255780 1184.4
1255790 1187.9
1255800 1191.6
1255810 1191.6
1255820 1195.9
1255830 1200.1
1255840 1200.1
1255850 1204.2
1255860 1208.7
1255870 1208.7
1255880 1212.9
1255890 1216.9
1255900 1216.9
1255910 1220.2
1255920 1223.8
1255930 1223.8
1255940 1230.0
1255950 1237.0
1255960 1242.9
1255970 1242.9
1255980 1247.7
1255990 1252.3
1256000 1252.3
1256010 1256.2
1256020 1259.0
1256030 1259.0
1256040 1261.5
1256050 1264.4
1256060 1264.4
1256070 1268.1
1256080 1272.0
1256090 1272.0
1256100 1275.4
1256110 1278.7
1256120 1278.7
1256130 1282.4
1256140 1286.1
1256150 1286.1
1256160 1289.4
1256170 1292.9
1256180 1292.9
1256190 1297.3
1256200 1304.1
1256210 1310.6
1256220 1310.6
1256230 1316.9
1256240 1322.2
1256250 1322.2
1256260 1327.1
1256270 1331.2
1256280 1331.2
1256290 1335.1
1256300 1339.0
1256310 1339.0
1256320 1343.7
1256330 1349.0
1256340 1349.0
1256350 1354.3
1256360 1359.3
1256370 1359.3
1256380 1363.6
1256390 1365.7
1256400 1365.7
1256410 1369.9
1256420 1375.5
1256430 1375.5
1256440 1380.4
1256450 1384.4
1256460 1384.4
1256470 1389.0
1256480 1393.4
1256490 1397.6
1256500 1398.2
1256510 1402.6
1256520 1406.4
1256530 1406.4
1256540 1409.3
1256550 1412.9
1256560 1412.9
1256570 1417.4
1256580 1421.9
1256590 1421.9
1256600 1425.9
1256610 1429.5
1256620 1429.5
1256630 1433.9
1256640 1439.0
1256650 1439.0
1256660 1444.8
1256670 1449.1
1256680 1449.1
1256690 1451.6
1256700 1453.9
1256710 1453.9
1256720 1456.1
1256730 1459.8
1256740 1465.8
1256750 1465.8
1256760 1469.7
1256770 1472.0
1256780 1472.0
1256790 1476.6
1256800 1484.8
1256810 1484.8
1256820 1495.2
1256830 1502.6
1256840 1502.6
1256850 1509.5
1256860 1516.3
1256870 1516.3
1256880 1522.9
1256890 1529.5
1256900 1529.5
1256910 1535.6
1256920 1540.8
1256930 1540.8
1256940 1545.3
1256950 1548.8
1256960 1548.8
1256970 1551.5
1256980 1553.8
1256990 1553.8
1257000 1556.4
1257010 1558.8
1257020 1561.9
1257030 1561.9
1257040 1565.2
1257050 1568.9
1257060 1567.6
1257070 1572.6
1257080 1578.2
1257090 1578.2
1257100 1584.3
1257110 1590.7
1257120 1590.7
1257130 1597.1
1257140 1603.0
1257150 1603.0
1257160 1608.2
1257170 1612.8
1257180 1612.8
1257190 1616.6
1257200 1619.5
1257210 1619.5
1257220 1621.8
1257230 1623.8
1257240 1623.8
1257250 1625.8
1257260 1628.2
1257270 1628.2
1257280 1630.9
1257290 1633.7
1257300 1636.6
1257310 1636.6
1257320 1639.7
1257330 1642.6
1257340 1642.6
1257350 1645.1
1257360 1647.6
1257370 1647.6
1257380 1649.7
1257390 1651.9
1257400 1651.9
1257410 1654.3
1257420 1656.1
1257430 1656.1
1257440 1658.2
1257450 1661.0
1257460 1661.0
1257470 1663.1
1257480 1664.1
1257490 1664.1
1257500 1665.4
1257510 1668.3
1257520 1668.3
1257530 1671.5
1257540 1674.3
1257550 1676.9
1257560 1676.9
1257570 1678.3
1257580 1678.8
1257590 1678.8
1257600 1678.8
1257610 1679.3
1257620 1683.5
1257630 1684.1
1257640 1685.4
1257650 1685.4
1257660 1686.2
1257670 1686.7
1257680 1686.7
1257690 1686.9
1257700 1686.6
1257710 1686.6
1257720 1686.6
1257730 1686.0
1257740 1686.0
1257750 1685.2
1257760 1684.8
1257770 1684.8
1257780 1684.2
1257790 1684.0
1257800 1684.0
1257810 1683.9
1257820 1683.5
1257830 1683.1
1257840 1683.1
1257850 1682.8
1257860 1682.6
1257870 1682.6
1257880 1682.2
1257890 1681.7
1257900 1681.7
1257910 1680.5
1257920 1679.9
1257930 1679.9
1257940 1679.4
1257950 1678.4
1257960 1678.4
1257970 1677.5
1257980 1676.1
1257990 1676.1
1258000 1674.5
1258010 1672.6
1258020 1672.6
1258030 1670.5
1258040 1668.0
1258050 1668.0
1258060 1665.1
1258070 1661.8
1258080 1658.8
1258090 1658.8
1258100 1656.0
1258110 1653.5
1258120 1653.5
1258130 1651.0
1258140 1648.5
1258150 1648.5
1258160 1646.3
1258170 1644.0
1258180 1647.4
1258190 1645.0
1258200 1642.8
1258210 1642.8
1258220 1640.6
1258230 1638.2
1258240 1638.2
1258250 1635.7
1258260 1633.4
1258270 1633.4
1258280 1631.0
1258290 1628.3
1258300 1628.3
1258310 1624.8
1258320 1620.5
1258330 1620.5
1258340 1617.5
1258350 1614.8
1258360 1610.5
1258370 1610.5
1258380 1605.9
1258390 1600.6
1258400 1600.6
1258410 1595.5
1258420 1591.5
1258430 1591.5
1258440 1588.2
1258450 1585.5
1258460 1585.5
1258470 1583.4
1258480 1582.2
1258490 1582.2
1258500 1581.4
1258510 1579.9
1258520 1579.9
1258530 1579.0
1258540 1578.6
1258550 1578.6
1258560 1578.8
1258570 1579.4
1258580 1579.4
1258590 1580.0
1258600 1580.6
1258610 1580.6
1258620 1580.8
1258630 1579.9
1258640 1577.2
1258650 1577.2
1258660 1575.3
1258670 1577.0
1258680 1577.0
1258690 1578.5
1258700 1579.6
1258710 1579.6
1258720 1580.6
1258730 1580.4
1258740 1573.8
1258750 1572.9
1258760 1570.7
1258770 1570.7
1258780 1567.6
1258790 1563.1
1258800 1563.1
1258810 1556.8
1258820 1549.2
1258830 1549.2
1258840 1539.9
1258850 1530.6
1258860 1530.6
1258870 1522.6
1258880 1517.9
1258890 1513.2
1258900 1513.2
1258910 1509.3
1258920 1503.6
1258930 1503.6
1258940 1497.8
1258950 1491.1
1258960 1491.1
1258970 1482.8
1258980 1474.6
1258990 1474.6
1259000 1466.8
1259010 1460.4
1259020 1460.4
1259030 1456.0
1259040 1451.1
1259050 1451.1
1259060 1446.5
1259070 1443.3
1259080 1443.3
1259090 1442.4
1259100 1441.4
1259110 1441.4
1259120 1436.8
1259130 1431.9
1259140 1431.9
1259150 1428.3
1259160 1424.9
1259170 1424.5
1259180 1424.5
1259190 1422.7
1259200 1418.4
1259210 1418.4
1259220 1407.6
1259230 1382.3
1259240 1382.3
1259250 1370.5
1259260 1361.8
1259270 1361.8
1259280 1354.2
1259290 1348.0
1259300 1348.0
1259310 1343.4
1259320 1330.0
1259330 1330.0
1259340 1315.7
1259350 1303.8
1259360 1303.8
1259370 1299.9
1259380 1300.8
1259390 1300.8
1259400 1303.0
1259410 1306.9
1259420 1309.7
1259430 1309.7
1259440 1307.1
1259450 1310.7
1259460 1310.7
1259470 1312.1
1259480 1312.8
1259490 1312.8
1259500 1313.5
1259510 1312.3
1259520 1312.3
1259530 1313.2
1259540 1313.9
1259550 1313.9
1259560 1313.6
1259570 1314.7
1259580 1314.7
1259590 1315.3
1259600 1314.3
1259610 1314.3
1259620 1312.2
1259630 1306.9
1259640 1306.9
1259650 1301.8
1259660 1297.2
1259670 1297.2
1259680 1291.1
1259690 1286.0
1259700 1283.1
1259710 1283.1
1259720 1283.1
1259730 1287.4
1259740 1287.4
1259750 1289.5
1259760 1296.2
1259770 1296.2
1259780 1302.7
1259790 1303.3
1259800 1303.3
1259810 1301.7
1259820 1299.8
1259830 1299.8
1259840 1303.7
1259850 1307.2
1259860 1307.2
1259870 1305.6
1259880 1311.6
1259890 1311.6
1259900 1320.1
1259910 1325.4
1259920 1325.4
1259930 1325.2
1259940 1325.9
1259950 1325.9
1259960 1325.7
1259970 1327.9
1259980 1329.1
1259990 1329.1
