1240000 609.4
1240010 609.4
1240020 609.5
1240030 609.5
1240040 609.5
1240050 609.5
1240060 609.4
1240070 609.4
1240080 609.3
1240090 609.2
1240100 609.2
1240110 609.2
1240120 609.1
1240130 609.1
1240140 609.2
1240150 609.4
1240160 609.4
1240170 609.2
1240180 609.1
1240190 609.1
1240200 609.1
1240210 609.1
1240220 609.2
1240230 609.2
1240240 609.1
1240250 609.2
1240260 609.2
1240270 609.1
1240280 609.0
1240290 609.0
1240300 609.0
1240310 608.9
1240320 608.9
1240330 608.9
1240340 608.9
1240350 608.9
1240360 609.1
1240370 608.9
1240380 608.9
1240390 608.8
1240400 608.7
1240410 608.7
1240420 608.6
1240430 608.6
1240440 608.6
1240450 608.6
1240460 608.5
1240470 608.5
1240480 608.5
1240490 608.4
1240500 608.4
1240510 608.4
1240520 608.5
1240530 608.6
1240540 608.6
1240550 608.5
1240560 608.5
1240570 608.5
1240580 608.5
1240590 608.5
1240600 608.5
1240610 608.4
1240620 608.4
1240630 608.4
1240640 608.4
1240650 608.4
1240660 608.4
1240670 608.4
1240680 608.4
1240690 608.4
1240700 608.4
1240710 608.3
1240720 608.3
1240730 608.3
1240740 608.1
1240750 607.9
1240760 607.9
1240770 607.9
1240780 607.6
1240790 607.6
1240800 608.1
1240810 608.4
1240820 608.4
1240830 608.4
1240840 608.5
1240850 608.5
1240860 608.4
1240870 608.3
1240880 608.3
1240890 608.2
1240900 608.2
1240910 608.2
1240920 608.2
1240930 608.2
1240940 608.2
1240950 608.1
1240960 608.1
1240970 608.1
1240980 608.0
1240990 608.0
1241000 607.9
1241010 607.9
1241020 607.9
1241030 607.9
1241040 607.9
1241050 607.9
1241060 608.0
1241070 608.0
1241080 607.9
1241090 607.9
1241100 607.9
1241110 608.0
1241120 608.4
1241130 608.4
1241140 608.7
1241150 608.6
1241160 608.6
1241170 608.4
1241180 608.3
1241190 608.3
1241200 608.2
1241210 608.0
1241220 608.0
1241230 607.8
1241240 607.7
1241250 607.8
1241260 607.8
1241270 608.0
1241280 608.4
1241290 608.4
1241300 608.3
1241310 608.8
1241320 608.8
1241330 608.3
1241340 607.8
1241350 607.8
1241360 607.9
1241370 608.6
1241380 608.6
1241390 614.1
1241400 620.2
1241410 620.2
1241420 626.0
1241430 632.1
1241440 632.1
1241450 636.5
1241460 641.1
1241470 641.1
1241480 648.0
1241490 653.1
1241500 653.1
1241510 659.4
1241520 667.1
1241530 675.3
1241540 675.3
1241550 683.4
1241560 690.5
1241570 690.5
1241580 697.4
1241590 703.9
1241600 703.9
1241610 709.6
1241620 715.2
1241630 715.2
1241640 720.8
1241650 726.6
1241660 726.6
1241670 731.2
1241680 733.5
1241690 733.5
1241700 737.6
1241710 744.3
1241720 744.3
1241730 750.6
1241740 756.1
1241750 756.1
1241760 761.5
1241770 765.9
1241780 765.9
1241790 770.0
1241800 773.3
1241810 775.9
1241820 775.9
1241830 779.3
1241840 783.2
1241850 783.2
1241860 786.8
1241870 790.1
1241880 790.1
1241890 792.9
1241900 796.1
1241910 796.1
1241920 799.8
1241930 804.0
1241940 804.0
1241950 807.5
1241960 811.3
1241970 811.3
1241980 814.9
1241990 817.4
1242000 812.5
1242010 814.3
1242020 816.2
1242030 816.2
1242040 818.7
1242050 822.2
1242060 822.2
1242070 826.1
1242080 830.2
1242090 833.0
1242100 833.0
1242110 835.2
1242120 838.7
1242130 838.7
1242140 842.9
1242150 846.7
1242160 846.7
1242170 850.1
1242180 853.1
1242190 853.1
1242200 857.4
1242210 862.9
1242220 862.9
1242230 868.1
1242240 872.8
1242250 872.8
1242260 877.5
1242270 886.0
1242280 886.0
1242290 895.1
1242300 902.3
1242310 902.3
1242320 908.3
1242330 911.9
1242340 912.4
1242350 912.4
1242360 916.0
1242370 917.9
1242380 917.9
1242390 923.0
1242400 928.5
1242410 928.5
1242420 931.5
1242430 935.6
1242440 935.6
1242450 939.3
1242460 941.8
1242470 941.8
1242480 943.6
1242490 945.3
1242500 945.3
1242510 947.3
1242520 950.5
1242530 941.0
1242540 944.5
1242550 949.3
1242560 949.3
1242570 953.8
1242580 958.0
1242590 958.0
1242600 960.7
1242610 961.6
1242620 960.6
1242630 960.6
1242640 958.6
1242650 956.5
1242660 956.5
1242670 954.2
1242680 952.3
1242690 952.3
1242700 951.0
1242710 950.3
1242720 950.3
1242730 949.9
1242740 949.7
1242750 949.7
1242760 950.1
1242770 951.6
1242780 951.6
1242790 954.4
1242800 957.1
1242810 957.1
1242820 958.7
1242830 959.6
1242840 959.6
1242850 961.2
1242860 961.1
1242870 961.1
1242880 961.1
1242890 960.7
1242900 961.0
1242910 961.0
1242920 959.5
1242930 959.4
1242940 959.4
1242950 957.3
1242960 956.0
1242970 956.0
1242980 956.6
1242990 957.5
1243000 957.5
1243010 959.1
1243020 960.5
1243030 960.5
1243040 962.4
1243050 963.3
1243060 957.3
1243070 959.5
1243080 962.2
1243090 962.2
1243100 964.1
1243110 965.6
1243120 965.6
1243130 967.1
1243140 966.8
1243150 963.9
1243160 963.9
1243170 965.7
1243180 966.8
1243190 966.8
1243200 965.3
1243210 964.2
1243220 964.2
1243230 964.1
1243240 962.8
1243250 962.8
1243260 960.4
1243270 958.6
1243280 958.6
1243290 957.1
1243300 958.1
1243310 958.1
1243320 958.5
1243330 959.0
1243340 959.0
1243350 961.5
1243360 961.6
1243370 961.6
1243380 958.1
1243390 957.4
1243400 957.4
1243410 955.4
1243420 955.2
1243430 957.2
1243440 957.2
1243450 957.0
1243460 956.5
1243470 956.5
1243480 956.3
1243490 960.3
1243500 960.3
1243510 967.6
1243520 970.6
1243530 970.6
1243540 971.0
1243550 972.7
1243560 972.7
1243570 974.6
1243580 967.8
1243590 967.8
1243600 967.9
1243610 967.8
1243620 967.8
1243630 968.8
1243640 971.0
1243650 971.0
1243660 973.0
1243670 972.6
1243680 972.6
1243690 973.4
1243700 979.3
1243710 983.5
1243720 983.5
1243730 988.5
1243740 992.6
1243750 992.6
1243760 996.0
1243770 1002.5
1243780 1002.5
1243790 1009.9
1243800 1009.8
1243810 1009.8
1243820 1009.9
1243830 1014.5
1243840 1014.5
1243850 1017.1
1243860 1024.6
1243870 1024.6
1243880 1030.3
1243890 1032.5
1243900 1032.5
1243910 1032.8
1243920 1029.2
1243930 1029.2
1243940 1023.8
1243950 1018.9
1243960 1018.9
1243970 1012.6
1243980 1010.1
1243990 1011.2
1244000 1011.2
1244010 1008.2
1244020 1005.8
1244030 1005.8
1244040 1004.3
1244050 1007.4
1244060 1007.4
1244070 1005.4
1244080 992.1
1244090 992.1
1244100 981.2
1244110 972.1
1244120 972.1
1244130 967.3
1244140 968.5
1244150 968.5
1244160 971.4
1244170 974.7
1244180 974.7
1244190 978.8
1244200 982.7
1244210 982.7
1244220 991.3
1244230 998.7
1244240 1003.6
1244250 1003.6
1244260 1008.6
1244270 1012.4
1244280 1012.4
1244290 1016.3
1244300 1021.0
1244310 1021.0
1244320 1026.2
1244330 1029.0
1244340 1029.0
1244350 1034.2
1244360 1040.7
1244370 1040.7
1244380 1046.5
1244390 1052.2
1244400 1052.2
1244410 1059.5
1244420 1067.6
1244430 1067.6
1244440 1076.0
1244450 1078.5
1244460 1078.5
1244470 1080.5
1244480 1082.9
1244490 1082.9
1244500 1085.8
1244510 1087.5
1244520 1088.1
1244530 1088.1
1244540 1088.8
1244550 1091.7
1244560 1091.7
1244570 1096.1
1244580 1097.6
1244590 1097.6
1244600 1100.1
1244610 1102.9
1244620 1102.9
1244630 1104.8
1244640 1098.1
1244650 1098.1
1244660 1100.0
1244670 1104.4
1244680 1104.4
1244690 1111.9
1244700 1117.4
1244710 1117.4
1244720 1120.8
1244730 1123.3
1244740 1123.3
1244750 1124.3
1244760 1123.8
1244770 1123.8
1244780 1124.8
1244790 1127.5
1244800 1129.4
1244810 1129.4
1244820 1131.0
1244830 1131.8
1244840 1131.8
1244850 1131.7
1244860 1132.4
1244870 1132.4
1244880 1134.0
1244890 1136.1
1244900 1136.1
1244910 1137.7
1244920 1138.2
1244930 1138.2
1244940 1137.9
1244950 1139.4
1244960 1139.4
1244970 1142.1
1244980 1144.3
1244990 1144.3
1245000 1146.7
1245010 1148.8
1245020 1148.8
1245030 1149.6
1245040 1150.4
1245050 1150.4
1245060 1151.7
1245070 1151.6
1245080 1152.2
1245090 1152.2
1245100 1154.2
1245110 1155.6
1245120 1155.6
1245130 1156.7
1245140 1158.3
1245150 1158.3
1245160 1159.7
1245170 1160.2
1245180 1160.2
1245190 1161.7
1245200 1163.9
1245210 1163.9
1245220 1167.1
1245230 1170.9
1245240 1170.9
1245250 1174.5
1245260 1177.1
1245270 1177.1
1245280 1179.4
1245290 1182.3
1245300 1182.3
1245310 1185.3
1245320 1188.8
1245330 1192.8
1245340 1192.8
1245350 1196.3
1245360 1199.8
1245370 1199.8
1245380 1203.3
1245390 1206.7
1245400 1206.7
1245410 1210.8
1245420 1215.7
1245430 1215.7
1245440 1221.4
1245450 1226.5
1245460 1226.5
1245470 1231.0
1245480 1234.4
1245490 1234.4
1245500 1237.5
1245510 1240.8
1245520 1240.8
1245530 1243.2
1245540 1245.0
1245550 1245.0
1245560 1247.1
1245570 1249.2
1245580 1249.2
1245590 1250.3
1245600 1250.8
1245610 1250.5
1245620 1250.5
1245630 1248.9
1245640 1246.5
1245650 1246.5
1245660 1245.5
1245670 1246.0
1245680 1246.0
1245690 1247.6
1245700 1249.9
1245710 1250.8
1245720 1252.4
1245730 1253.1
1245740 1253.1
1245750 1252.7
1245760 1251.2
1245770 1251.2
1245780 1249.2
1245790 1247.3
1245800 1247.3
1245810 1245.4
1245820 1243.3
1245830 1243.3
1245840 1241.3
1245850 1239.0
1245860 1239.0
1245870 1235.9
1245880 1232.6
1245890 1229.3
1245900 1229.3
1245910 1226.7
1245920 1224.6
1245930 1224.6
1245940 1222.0
1245950 1219.6
1245960 1219.6
1245970 1216.8
1245980 1212.9
1245990 1212.9
1246000 1208.3
1246010 1202.5
1246020 1202.5
1246030 1194.6
1246040 1186.1
1246050 1186.1
1246060 1179.4
1246070 1174.4
1246080 1174.4
1246090 1169.8
1246100 1165.3
1246110 1165.3
1246120 1160.0
1246130 1154.8
1246140 1151.9
1246150 1151.9
1246160 1146.2
1246170 1139.0
1246180 1139.0
1246190 1131.6
1246200 1123.6
1246210 1123.6
1246220 1116.5
1246230 1111.0
1246240 1117.3
1246250 1111.6
1246260 1105.5
1246270 1105.5
1246280 1099.1
1246290 1093.2
1246300 1093.2
1246310 1087.5
1246320 1081.8
1246330 1081.8
1246340 1075.8
1246350 1070.1
1246360 1070.1
1246370 1065.7
1246380 1061.1
1246390 1061.1
1246400 1055.9
1246410 1049.4
1246420 1043.5
1246430 1043.5
1246440 1038.3
1246450 1033.2
1246460 1033.2
1246470 1027.6
1246480 1022.1
1246490 1022.1
1246500 1016.1
1246510 1008.8
1246520 1008.8
1246530 999.4
1246540 988.8
1246550 988.8
1246560 977.8
1246570 967.6
1246580 967.6
1246590 958.4
1246600 947.8
1246610 947.8
1246620 938.4
1246630 931.4
1246640 931.4
1246650 931.5
1246660 934.8
1246670 934.8
1246680 937.6
1246690 942.6
1246700 945.4
1246710 945.4
1246720 947.7
1246730 951.3
1246740 951.3
1246750 955.3
1246760 959.7
1246770 959.7
1246780 960.4
1246790 965.2
1246800 965.2
1246810 971.4
1246820 978.2
1246830 978.2
1246840 984.9
1246850 991.3
1246860 991.3
1246870 997.8
1246880 1003.5
1246890 1003.5
1246900 1008.3
1246910 1012.6
1246920 1012.6
1246930 1016.5
1246940 1020.2
1246950 1020.2
1246960 1021.6
1246970 1023.0
1246980 1027.8
1246990 1027.8
1247000 1033.5
1247010 1038.4
1247020 1038.4
1247030 1040.6
1247040 1041.8
1247050 1041.8
1247060 1041.5
1247070 1041.1
1247080 1041.1
1247090 1042.5
1247100 1044.3
1247110 1044.3
1247120 1046.4
1247130 1048.0
1247140 1048.0
1247150 1048.3
1247160 1048.3
1247170 1048.3
1247180 1049.3
1247190 1050.3
1247200 1050.3
1247210 1047.5
1247220 1049.5
1247230 1058.3
1247240 1058.3
1247250 1062.7
1247260 1064.5
1247270 1064.5
1247280 1066.4
1247290 1068.4
1247300 1068.4
1247310 1069.8
1247320 1071.6
1247330 1071.6
1247340 1072.9
1247350 1074.4
1247360 1074.4
1247370 1076.5
1247380 1078.5
1247390 1078.5
1247400 1080.7
1247410 1083.5
1247420 1083.5
1247430 1085.5
1247440 1087.1
1247450 1087.1
1247460 1088.9
1247470 1089.0
1247480 1089.0
1247490 1091.2
1247500 1096.2
1247510 1099.6
1247520 1099.6
1247530 1102.5
1247540 1104.6
1247550 1104.6
1247560 1106.8
1247570 1108.8
1247580 1108.8
1247590 1109.9
1247600 1110.9
1247610 1110.9
1247620 1111.8
1247630 1112.8
1247640 1112.8
1247650 1112.8
1247660 1110.5
1247670 1110.5
1247680 1112.2
1247690 1115.2
1247700 1115.2
1247710 1116.5
1247720 1117.8
1247730 1117.8
1247740 1118.9
1247750 1122.8
1247760 1122.8
1247770 1126.1
1247780 1127.4
1247790 1127.9
1247800 1127.9
1247810 1128.6
1247820 1130.3
1247830 1130.3
1247840 1132.7
1247850 1132.4
1247860 1132.4
1247870 1133.3
1247880 1136.7
1247890 1136.7
1247900 1139.9
1247910 1143.0
1247920 1143.0
1247930 1145.8
1247940 1149.0
1247950 1149.0
1247960 1152.4
1247970 1155.5
1247980 1155.5
1247990 1158.8
1248000 1163.3
1248010 1163.3
1248020 1165.4
1248030 1165.8
1248040 1167.6
1248050 1167.6
1248060 1172.4
1248070 1176.2
1248080 1176.2
1248090 1178.5
1248100 1180.4
1248110 1180.4
1248120 1183.4
1248130 1187.6
1248140 1187.6
1248150 1192.2
1248160 1195.6
1248170 1195.6
1248180 1197.4
1248190 1199.3
1248200 1199.3
1248210 1201.8
1248220 1204.1
1248230 1204.1
1248240 1206.3
1248250 1207.7
1248260 1207.7
1248270 1209.1
1248280 1210.8
1248290 1210.8
1248300 1212.6
1248310 1214.4
1248320 1216.8
1248330 1216.8
1248340 1219.4
1248350 1221.7
1248360 1221.7
1248370 1224.1
1248380 1226.2
1248390 1223.5
1248400 1225.3
1248410 1227.1
1248420 1227.1
1248430 1228.6
1248440 1230.6
1248450 1230.6
1248460 1232.6
1248470 1234.9
1248480 1234.9
1248490 1237.6
1248500 1240.8
1248510 1240.8
1248520 1244.4
1248530 1247.9
1248540 1247.9
1248550 1251.2
1248560 1254.3
1248570 1254.3
1248580 1257.2
1248590 1260.3
1248600 1263.4
1248610 1263.4
1248620 1266.6
1248630 1269.9
1248640 1269.9
1248650 1272.7
1248660 1275.9
1248670 1275.9
1248680 1279.7
1248690 1282.9
1248700 1282.9
1248710 1286.2
1248720 1289.9
1248730 1289.9
1248740 1294.2
1248750 1298.0
1248760 1298.0
1248770 1301.7
1248780 1305.6
1248790 1305.6
1248800 1309.7
1248810 1313.7
1248820 1313.7
1248830 1317.9
1248840 1322.1
1248850 1322.1
1248860 1326.0
1248870 1329.2
1248880 1332.0
1248890 1332.0
1248900 1334.8
1248910 1337.3
1248920 1337.3
1248930 1333.2
1248940 1336.3
1248950 1336.3
1248960 1340.2
1248970 1343.9
1248980 1343.9
1248990 1347.8
1249000 1350.7
1249010 1350.7
1249020 1353.0
1249030 1357.2
1249040 1357.2
1249050 1360.9
1249060 1364.6
1249070 1364.6
1249080 1368.2
1249090 1371.5
1249100 1371.5
1249110 1374.7
1249120 1378.0
1249130 1381.3
1249140 1381.3
1249150 1385.1
1249160 1388.9
1249170 1388.9
1249180 1392.5
1249190 1395.7
1249200 1395.7
1249210 1398.5
1249220 1401.1
1249230 1401.1
1249240 1403.8
1249250 1406.4
1249260 1406.4
1249270 1408.5
1249280 1408.8
1249290 1408.8
1249300 1407.2
1249310 1404.0
1249320 1404.0
1249330 1398.9
1249340 1391.6
1249350 1391.6
1249360 1384.7
1249370 1382.2
1249380 1382.2
1249390 1381.1
1249400 1380.5
1249410 1382.8
1249420 1382.8
1249430 1387.8
1249440 1393.9
1249450 1393.9
1249460 1401.1
1249470 1398.6
1249480 1398.6
1249490 1402.2
1249500 1407.3
1249510 1407.3
1249520 1413.4
1249530 1420.1
1249540 1420.1
1249550 1426.7
1249560 1432.3
1249570 1432.3
1249580 1437.1
1249590 1441.0
1249600 1441.0
1249610 1444.5
1249620 1447.5
1249630 1447.5
1249640 1450.5
1249650 1454.5
1249660 1454.5
1249670 1458.3
1249680 1462.3
1249690 1466.6
1249700 1466.6
1249710 1470.4
1249720 1472.9
1249730 1472.9
1249740 1474.9
1249750 1476.5
1249760 1476.5
1249770 1477.2
1249780 1477.4
1249790 1477.4
1249800 1477.7
1249810 1477.8
1249820 1477.8
1249830 1477.6
1249840 1476.9
1249850 1476.9
1249860 1474.6
1249870 1471.6
1249880 1471.6
1249890 1466.4
1249900 1458.8
1249910 1458.8
1249920 1446.4
1249930 1435.4
1249940 1426.4
1249950 1426.4
1249960 1417.9
1249970 1406.6
1249980 1406.6
1249990 1393.7
1250000 1384.4
1250010 1386.1
1250020 1378.0
1250030 1371.0
1250040 1371.0
1250050 1364.6
1250060 1358.9
1250070 1358.9
1250080 1353.3
1250090 1347.4
1250100 1347.4
1250110 1341.2
1250120 1334.9
1250130 1334.9
1250140 1327.7
1250150 1320.2
1250160 1320.2
1250170 1312.6
1250180 1305.7
1250190 1305.7
1250200 1299.2
1250210 1292.4
1250220 1282.7
1250230 1282.7
1250240 1272.9
1250250 1263.9
1250260 1263.9
1250270 1252.7
1250280 1240.3
1250290 1240.3
1250300 1228.6
1250310 1208.1
1250320 1208.1
1250330 1200.8
1250340 1200.3
1250350 1200.3
1250360 1198.1
1250370 1187.1
1250380 1187.1
1250390 1177.4
1250400 1172.8
1250410 1172.8
1250420 1160.7
1250430 1139.6
1250440 1139.6
1250450 1129.7
1250460 1114.5
1250470 1114.5
1250480 1106.7
1250490 1099.4
1250500 1093.8
1250510 1093.8
1250520 1088.0
1250530 1079.9
1250540 1079.9
1250550 1078.7
1250560 1072.8
1250570 1072.8
1250580 1065.6
1250590 1061.1
1250600 1061.1
1250610 1062.4
1250620 1066.4
1250630 1066.4
1250640 1074.3
1250650 1090.5
1250660 1090.5
1250670 1097.1
1250680 1096.7
1250690 1096.7
1250700 1100.2
1250710 1103.7
1250720 1103.7
1250730 1104.8
1250740 1101.1
1250750 1101.1
1250760 1102.8
1250770 1106.4
1250780 1107.8
1250790 1107.8
1250800 1102.4
1250810 1095.1
1250820 1095.1
1250830 1084.0
1250840 1070.5
1250850 1070.5
1250860 1063.8
1250870 1067.8
1250880 1067.8
1250890 1080.4
1250900 1089.1
1250910 1089.1
1250920 1092.4
1250930 1088.3
1250940 1088.3
1250950 1080.4
1250960 1074.2
1250970 1074.2
1250980 1062.0
1250990 1043.4
1251000 1043.4
1251010 1006.5
1251020 985.1
1251030 960.7
1251040 960.7
1251050 955.2
1251060 971.4
1251070 971.4
1251080 984.5
1251090 990.0
1251100 986.7
1251110 995.0
1251120 1003.6
1251130 1003.6
1251140 1013.6
1251150 1020.8
1251160 1020.8
1251170 1027.3
1251180 1034.8
1251190 1034.8
1251200 1042.7
1251210 1050.2
1251220 1050.2
1251230 1057.3
1251240 1064.8
1251250 1064.8
1251260 1072.9
1251270 1080.8
1251280 1080.8
1251290 1087.9
1251300 1094.3
1251310 1100.4
1251320 1100.4
1251330 1106.5
1251340 1112.5
1251350 1112.5
1251360 1118.5
1251370 1123.9
1251380 1123.9
1251390 1129.4
1251400 1134.1
1251410 1134.1
1251420 1137.8
1251430 1141.0
1251440 1141.0
1251450 1144.3
1251460 1147.8
1251470 1147.8
1251480 1151.0
1251490 1154.2
1251500 1154.2
1251510 1157.3
1251520 1160.2
1251530 1160.2
1251540 1163.3
1251550 1166.5
1251560 1166.5
1251570 1169.7
1251580 1172.7
1251590 1176.0
1251600 1176.0
1251610 1179.6
1251620 1183.1
1251630 1183.1
1251640 1188.8
1251650 1192.5
1251660 1192.5
1251670 1196.5
1251680 1200.5
1251690 1200.5
1251700 1204.5
1251710 1208.6
1251720 1208.6
1251730 1213.0
1251740 1217.3
1251750 1217.3
1251760 1221.9
1251770 1226.4
1251780 1226.4
1251790 1230.3
1251800 1234.1
1251810 1234.1
1251820 1238.2
1251830 1242.3
1251840 1246.8
1251850 1246.8
1251860 1251.4
1251870 1255.8
1251880 1255.8
1251890 1259.8
1251900 1263.5
1251910 1263.5
1251920 1267.1
1251930 1271.2
1251940 1271.2
1251950 1274.6
1251960 1278.2
1251970 1278.2
1251980 1282.3
1251990 1286.3
1252000 1286.3
1252010 1289.3
1252020 1292.2
1252030 1292.2
1252040 1295.7
1252050 1299.5
1252060 1299.5
1252070 1303.3
1252080 1306.9
1252090 1306.9
1252100 1310.3
1252110 1314.2
1252120 1318.6
1252130 1318.6
1252140 1323.1
1252150 1327.3
1252160 1327.3
1252170 1331.5
1252180 1336.1
1252190 1340.1
1252200 1344.7
1252210 1349.1
1252220 1349.1
1252230 1353.2
1252240 1357.0
1252250 1357.0
1252260 1361.3
1252270 1366.0
1252280 1366.0
1252290 1370.7
1252300 1376.2
1252310 1376.2
1252320 1381.0
1252330 1384.4
1252340 1384.4
1252350 1386.7
1252360 1389.8
1252370 1389.8
1252380 1392.8
1252390 1395.7
1252400 1399.0
1252410 1399.0
1252420 1401.8
1252430 1407.1
1252440 1407.1
1252450 1411.6
1252460 1417.8
1252470 1417.8
1252480 1423.8
1252490 1429.8
1252500 1429.8
1252510 1435.5
1252520 1442.0
1252530 1442.0
1252540 1448.0
1252550 1452.1
1252560 1452.1
1252570 1458.0
1252580 1463.7
1252590 1463.7
1252600 1467.4
1252610 1472.2
1252620 1472.2
1252630 1477.8
1252640 1484.0
1252650 1484.0
1252660 1489.3
1252670 1494.8
1252680 1500.9
1252690 1500.9
1252700 1507.9
1252710 1513.3
1252720 1513.3
1252730 1518.8
1252740 1529.0
1252750 1529.0
1252760 1534.7
1252770 1540.1
1252780 1540.1
1252790 1545.5
1252800 1549.9
1252810 1549.9
1252820 1553.4
1252830 1555.0
1252840 1555.0
1252850 1556.1
1252860 1558.9
1252870 1558.9
1252880 1561.0
1252890 1565.8
1252900 1565.8
1252910 1570.1
1252920 1573.9
1252930 1579.4
1252940 1579.4
1252950 1585.8
1252960 1588.7
1252970 1588.7
1252980 1591.7
1252990 1591.6
1253000 1591.6
1253010 1595.8
1253020 1599.4
1253030 1599.4
1253040 1595.9
1253050 1593.5
1253060 1593.5
1253070 1604.0
1253080 1614.7
1253090 1614.7
1253100 1622.2
1253110 1631.5
1253120 1631.5
1253130 1641.4
1253140 1648.3
1253150 1648.3
1253160 1655.1
1253170 1663.0
1253180 1663.0
1253190 1671.8
1253200 1681.0
1253210 1688.9
1253220 1688.9
1253230 1694.6
1253240 1700.3
1253250 1700.3
1253260 1706.6
1253270 1713.5
1253280 1713.5
1253290 1722.4
1253300 1729.2
1253310 1729.2
1253320 1735.9
1253330 1741.3
1253340 1741.3
1253350 1741.0
1253360 1734.0
1253370 1734.0
1253380 1726.2
1253390 1722.5
1253400 1722.5
1253410 1720.8
1253420 1718.5
1253430 1718.5
1253440 1717.0
1253450 1710.7
1253460 1710.7
1253470 1711.1
1253480 1714.9
1253490 1714.7
1253500 1714.7
1253510 1718.0
1253520 1720.7
1253530 1720.7
1253540 1724.2
1253550 1726.4
1253560 1726.4
1253570 1724.4
1253580 1716.3
1253590 1716.3
1253600 1707.0
1253610 1695.4
1253620 1695.4
1253630 1680.6
1253640 1671.1
1253650 1671.1
1253660 1660.2
1253670 1652.2
1253680 1652.2
1253690 1643.0
1253700 1615.7
1253710 1615.7
1253720 1554.8
1253730 1539.9
1253740 1534.8
1253750 1534.8
1253760 1529.0
1253770 1523.7
1253780 1523.7
1253790 1518.4
1253800 1512.6
1253810 1512.6
1253820 1502.1
1253830 1497.6
1253840 1492.8
1253850 1492.8
1253860 1495.1
1253870 1495.1
1253880 1496.3
1253890 1494.8
1253900 1494.8
1253910 1493.6
1253920 1494.6
1253930 1494.6
1253940 1498.1
1253950 1501.8
1253960 1501.8
1253970 1505.7
1253980 1512.4
1253990 1512.4
1254000 1521.3
1254010 1528.8
1254020 1533.9
1254030 1533.9
1254040 1534.9
1254050 1535.7
1254060 1535.7
1254070 1533.7
1254080 1529.5
1254090 1529.5
1254100 1528.1
1254110 1535.1
1254120 1535.1
1254130 1543.7
1254140 1553.3
1254150 1553.3
1254160 1560.7
1254170 1567.6
1254180 1567.6
1254190 1574.4
1254200 1580.5
1254210 1580.5
1254220 1586.3
1254230 1591.9
1254240 1591.9
1254250 1596.8
1254260 1600.9
1254270 1600.9
1254280 1603.9
1254290 1606.7
1254300 1609.3
1254310 1609.3
1254320 1612.8
1254330 1616.7
1254340 1616.7
1254350 1620.5
1254360 1624.3
1254370 1624.3
1254380 1628.9
1254390 1633.4
1254400 1627.7
1254410 1631.6
1254420 1630.6
1254430 1630.6
1254440 1624.4
1254450 1615.9
1254460 1615.9
1254470 1606.9
1254480 1600.1
1254490 1600.1
1254500 1594.0
1254510 1589.3
1254520 1589.3
1254530 1587.4
1254540 1585.3
1254550 1580.8
1254560 1580.8
1254570 1582.7
1254580 1590.2
1254590 1590.2
1254600 1594.8
1254610 1596.3
1254620 1596.3
1254630 1597.9
1254640 1599.4
1254650 1599.4
1254660 1600.7
1254670 1600.4
1254680 1600.4
1254690 1603.2
1254700 1608.3
1254710 1608.3
1254720 1612.8
1254730 1617.1
1254740 1617.1
1254750 1619.4
1254760 1617.1
1254770 1617.1
1254780 1612.7
1254790 1608.0
1254800 1608.0
1254810 1602.0
1254820 1595.1
1254830 1587.9
1254840 1587.9
1254850 1580.5
1254860 1571.7
1254870 1571.7
1254880 1564.3
1254890 1558.2
1254900 1558.2
1254910 1551.1
1254920 1544.9
1254930 1544.9
1254940 1541.5
1254950 1531.8
1254960 1531.8
1254970 1530.2
1254980 1530.0
1254990 1530.0
1255000 1530.7
1255010 1531.1
1255020 1531.1
1255030 1531.4
1255040 1531.6
1255050 1531.6
1255060 1531.8
1255070 1532.8
1255080 1532.8
1255090 1534.1
1255100 1534.7
1255110 1534.7
1255120 1534.7
1255130 1534.9
1255140 1531.4
1255150 1531.4
1255160 1524.9
1255170 1519.3
1255180 1519.3
1255190 1514.4
1255200 1509.9
1255210 1509.9
1255220 1505.3
1255230 1500.7
1255240 1500.7
1255250 1495.8
1255260 1490.7
1255270 1490.7
1255280 1486.2
1255290 1481.7
1255300 1481.7
1255310 1477.3
1255320 1473.1
1255330 1473.1
1255340 1468.8
1255350 1462.6
1255360 1454.5
1255370 1454.5
1255380 1445.6
1255390 1435.9
1255400 1435.9
1255410 1428.7
1255420 1422.5
1255430 1422.5
1255440 1416.8
1255450 1411.4
1255460 1411.4
1255470 1405.9
1255480 1400.6
1255490 1400.6
1255500 1395.2
1255510 1388.1
1255520 1388.1
1255530 1383.2
1255540 1378.9
1255550 1378.9
1255560 1374.7
1255570 1370.4
1255580 1370.4
1255590 1366.2
1255600 1362.6
1255610 1362.6
1255620 1360.2
1255630 1356.5
1255640 1351.3
1255650 1351.3
1255660 1345.4
1255670 1338.9
1255680 1338.9
1255690 1332.5
1255700 1326.1
1255710 1326.1
1255720 1319.4
1255730 1312.6
1255740 1312.6
1255750 1305.2
1255760 1298.5
1255770 1298.5
1255780 1293.6
1255790 1284.3
1255800 1284.3
1255810 1266.9
1255820 1256.0
1255830 1256.0
1255840 1249.8
1255850 1237.7
1255860 1237.7
1255870 1224.1
1255880 1215.3
1255890 1215.3
1255900 1218.0
1255910 1228.4
1255920 1234.9
1255930 1234.9
1255940 1239.1
1255950 1241.4
1255960 1241.4
1255970 1245.7
1255980 1255.6
1255990 1255.6
1256000 1265.8
1256010 1276.8
1256020 1276.8
1256030 1283.9
1256040 1289.3
1256050 1289.3
1256060 1290.3
1256070 1296.3
1256080 1296.3
1256090 1302.5
1256100 1309.0
1256110 1309.0
1256120 1315.4
1256130 1321.2
1256140 1321.2
1256150 1327.0
1256160 1332.9
1256170 1332.9
1256180 1337.6
1256190 1341.7
1256200 1347.5
1256210 1347.5
1256220 1353.5
1256230 1359.3
1256240 1359.3
1256250 1364.1
1256260 1368.5
1256270 1368.5
1256280 1374.1
1256290 1381.3
1256300 1381.3
1256310 1388.6
1256320 1395.7
1256330 1395.7
1256340 1403.0
1256350 1412.3
1256360 1412.3
1256370 1421.7
1256380 1436.7
1256390 1436.7
1256400 1452.3
1256410 1468.1
1256420 1468.1
1256430 1479.7
1256440 1493.9
1256450 1512.2
1256460 1512.2
1256470 1523.7
1256480 1536.6
1256490 1536.6
1256500 1545.2
1256510 1549.9
1256520 1549.9
1256530 1553.6
1256540 1559.9
1256550 1559.9
1256560 1574.6
1256570 1590.4
1256580 1590.4
1256590 1606.1
1256600 1617.9
1256610 1617.9
1256620 1618.2
1256630 1630.5
1256640 1630.5
1256650 1641.9
1256660 1649.5
1256670 1649.5
1256680 1654.3
1256690 1658.0
1256700 1658.0
1256710 1661.2
1256720 1662.6
1256730 1662.9
1256740 1662.9
1256750 1666.8
1256760 1673.8
1256770 1673.8
1256780 1681.2
1256790 1687.4
1256800 1687.4
1256810 1692.9
1256820 1698.3
1256830 1698.3
1256840 1702.4
1256850 1707.3
1256860 1707.3
1256870 1711.4
1256880 1717.9
1256890 1717.9
1256900 1726.5
1256910 1733.8
1256920 1733.8
1256930 1741.8
1256940 1748.2
1256950 1748.2
1256960 1754.7
1256970 1760.0
1256980 1760.0
1256990 1766.0
1257000 1771.0
1257010 1768.7
1257020 1768.7
1257030 1764.7
1257040 1762.5
1257050 1762.5
1257060 1763.4
1257070 1768.3
1257080 1768.3
1257090 1775.1
1257100 1785.3
1257110 1785.3
1257120 1796.3
1257130 1808.5
1257140 1808.5
1257150 1817.1
1257160 1825.3
1257170 1825.3
1257180 1835.6
1257190 1850.6
1257200 1850.6
1257210 1858.0
1257220 1865.1
1257230 1865.1
1257240 1872.9
1257250 1880.1
1257260 1889.9
1257270 1889.9
1257280 1902.2
1257290 1915.2
1257300 1915.2
1257310 1914.7
1257320 1885.1
1257330 1885.1
1257340 1860.7
1257350 1858.4
1257360 1858.4
1257370 1867.7
1257380 1878.3
1257390 1878.3
1257400 1897.5
1257410 1913.9
1257420 1913.9
1257430 1945.5
1257440 1963.8
1257450 1963.8
1257460 1968.8
1257470 1973.6
1257480 1973.6
1257490 1978.9
1257500 1985.0
1257510 1985.0
1257520 1990.2
1257530 1995.8
1257540 1999.2
1257550 1999.2
1257560 1999.1
1257570 2000.5
1257580 2000.5
1257590 2001.6
1257600 1998.1
1257610 1998.1
1257620 1997.8
1257630 2001.3
1257640 2001.3
1257650 2001.7
1257660 2007.7
1257670 2007.7
1257680 2011.8
1257690 2011.8
1257700 2011.8
1257710 2012.9
1257720 2017.5
1257730 2017.5
1257740 2014.3
1257750 2006.3
1257760 2006.3
1257770 1983.5
1257780 1954.7
1257790 1954.7
1257800 1961.3
1257810 1968.5
1257820 1973.2
1257830 1973.2
1257840 1974.3
1257850 1972.4
1257860 1972.4
1257870 1963.4
1257880 1964.2
1257890 1964.2
1257900 1975.6
1257910 1988.9
1257920 1988.9
1257930 2002.6
1257940 2023.8
1257950 2023.8
1257960 2036.9
1257970 2029.9
1257980 2029.9
1257990 2021.7
1258000 2029.5
1258010 2029.5
1258020 2051.4
1258030 2062.5
1258040 2062.5
1258050 2073.4
1258060 2086.3
1258070 2092.8
1258080 2092.8
1258090 2094.1
1258100 2090.9
1258110 2090.9
1258120 2089.1
1258130 2087.3
1258140 2087.3
1258150 2082.1
1258160 2068.2
1258170 2068.2
1258180 2053.4
1258190 2031.2
1258200 2031.2
1258210 2006.3
1258220 1996.7
1258230 1996.7
1258240 1994.8
1258250 1990.1
1258260 1990.1
1258270 1986.4
1258280 1986.4
1258290 1986.4
1258300 1982.8
1258310 1986.0
1258320 1986.0
1258330 1990.5
1258340 1997.4
1258350 2004.7
1258360 2004.7
1258370 2011.5
1258380 2017.9
1258390 2017.9
1258400 2024.2
1258410 2030.6
1258420 2030.6
1258430 2037.8
1258440 2045.3
1258450 2045.3
1258460 2052.3
1258470 2059.8
1258480 2059.8
1258490 2067.5
1258500 2075.1
1258510 2075.1
1258520 2082.3
1258530 2089.1
1258540 2089.1
1258550 2095.7
1258560 2102.5
1258570 2102.5
1258580 2108.9
1258590 2116.8
1258600 2116.8
1258610 2127.4
1258620 2137.5
1258630 2147.9
1258640 2147.9
1258650 2156.9
1258660 2165.9
1258670 2165.9
1258680 2176.7
1258690 2187.9
1258700 2187.9
1258710 2197.2
1258720 2206.1
1258730 2206.1
1258740 2214.1
1258750 2222.6
1258760 2222.6
1258770 2236.6
1258780 2258.5
1258790 2258.5
1258800 2271.7
1258810 2281.5
1258820 2281.5
1258830 2291.6
1258840 2304.9
1258850 2304.9
1258860 2316.1
1258870 2321.2
1258880 2325.0
1258890 2325.0
1258900 2327.9
1258910 2330.1
1258920 2330.1
1258930 2331.5
1258940 2331.7
1258950 2331.7
1258960 2332.1
1258970 2333.1
1258980 2333.1
1258990 2334.4
1259000 2335.6
1259010 2335.6
1259020 2336.4
1259030 2337.0
1259040 2337.0
1259050 2337.4
1259060 2337.3
1259070 2337.3
1259080 2336.9
1259090 2336.2
1259100 2336.2
1259110 2335.1
1259120 2334.0
1259130 2334.0
1259140 2331.8
1259150 2329.0
1259160 2325.9
1259170 2325.9
1259180 2321.2
1259190 2313.5
1259200 2313.5
1259210 2304.3
1259220 2296.1
1259230 2296.1
1259240 2291.1
1259250 2284.2
1259260 2284.2
1259270 2278.3
1259280 2275.0
1259290 2275.0
1259300 2269.9
1259310 2268.4
1259320 2268.4
1259330 2265.8
1259340 2264.7
1259350 2264.7
1259360 2264.0
1259370 2260.7
1259380 2260.7
1259390 2257.6
1259400 2254.9
1259410 2254.9
1259420 2255.1
1259430 2245.8
1259440 2249.1
1259450 2249.1
1259460 2251.0
1259470 2252.1
1259480 2252.1
1259490 2254.0
1259500 2254.8
1259510 2254.8
1259520 2255.4
1259530 2256.5
1259540 2256.5
1259550 2257.5
1259560 2258.2
1259570 2258.2
1259580 2256.8
1259590 2253.1
1259600 2253.1
1259610 2247.7
1259620 2241.6
1259630 2241.6
1259640 2234.5
1259650 2226.0
1259660 2226.0
1259670 2216.1
1259680 2202.0
1259690 2202.0
1259700 2190.3
1259710 2180.4
1259720 2171.7
1259730 2171.7
1259740 2163.9
1259750 2156.8
1259760 2156.8
1259770 2148.8
1259780 2138.4
1259790 2138.4
1259800 2131.1
1259810 2125.2
1259820 2125.2
1259830 2119.4
1259840 2114.1
1259850 2114.1
1259860 2109.1
1259870 2104.5
1259880 2104.5
1259890 2100.2
1259900 2096.4
1259910 2096.4
1259920 2093.4
1259930 2090.7
1259940 2090.7
1259950 2088.4
1259960 2086.0
1259970 2082.6
1259980 2082.6
1259990 2079.3
