1240000 608.9
1240010 608.9
1240020 608.9
1240030 609.2
1240040 609.2
1240050 609.6
1240060 610.0
1240070 610.0
1240080 609.9
1240090 609.1
1240100 609.1
1240110 607.7
1240120 606.7
1240130 606.7
1240140 606.3
1240150 606.3
1240160 606.3
1240170 606.3
1240180 606.2
1240190 606.2
1240200 606.2
1240210 606.2
1240220 606.2
1240230 606.2
1240240 606.2
1240250 606.2
1240260 606.2
1240270 606.2
1240280 606.1
1240290 606.1
1240300 606.1
1240310 606.1
1240320 606.1
1240330 606.1
1240340 606.3
1240350 606.3
1240360 607.3
1240370 608.9
1240380 608.9
1240390 609.8
1240400 611.0
1240410 611.0
1240420 611.1
1240430 610.1
1240440 610.4
1240450 610.4
1240460 610.7
1240470 610.8
1240480 610.8
1240490 610.7
1240500 610.5
1240510 610.5
1240520 609.8
1240530 609.0
1240540 609.0
1240550 608.7
1240560 608.4
1240570 608.4
1240580 608.3
1240590 608.1
1240600 608.1
1240610 607.9
1240620 607.9
1240630 607.9
1240640 608.1
1240650 608.1
1240660 608.1
1240670 608.0
1240680 608.0
1240690 607.9
1240700 607.9
1240710 607.8
1240720 607.8
1240730 607.8
1240740 607.8
1240750 607.7
1240760 607.7
1240770 607.7
1240780 608.1
1240790 608.1
1240800 608.5
1240810 608.5
1240820 608.5
1240830 608.3
1240840 608.2
1240850 608.2
1240860 608.2
1240870 608.0
1240880 608.0
1240890 607.8
1240900 607.7
1240910 607.7
1240920 607.7
1240930 607.7
1240940 607.7
1240950 607.7
1240960 607.7
1240970 607.8
1240980 607.8
1240990 607.8
1241000 607.8
1241010 607.8
1241020 607.8
1241030 607.0
1241040 607.0
1241050 607.2
1241060 607.4
1241070 607.4
1241080 607.5
1241090 607.4
1241100 607.4
1241110 607.4
1241120 607.3
1241130 607.3
1241140 607.3
1241150 607.3
1241160 607.3
1241170 607.3
1241180 607.2
1241190 607.2
1241200 607.2
1241210 607.3
1241220 607.3
1241230 607.2
1241240 607.2
1241250 607.1
1241260 607.1
1241270 607.1
1241280 607.1
1241290 607.1
1241300 607.1
1241310 607.1
1241320 607.1
1241330 607.1
1241340 607.1
1241350 607.1
1241360 607.0
1241370 606.9
1241380 606.9
1241390 606.8
1241400 606.8
1241410 606.8
1241420 606.8
1241430 606.8
1241440 606.8
1241450 606.8
1241460 606.9
1241470 606.9
1241480 607.0
1241490 607.0
1241500 607.1
1241510 607.1
1241520 607.1
1241530 607.0
1241540 607.0
1241550 607.0
1241560 607.0
1241570 607.0
1241580 606.9
1241590 606.8
1241600 606.8
1241610 606.8
1241620 606.9
1241630 606.9
1241640 607.5
1241650 607.6
1241660 607.6
1241670 607.5
1241680 607.4
1241690 607.4
1241700 607.2
1241710 606.9
1241720 606.9
1241730 607.0
1241740 607.7
1241750 607.7
1241760 606.9
1241770 606.5
1241780 606.6
1241790 606.6
1241800 607.2
1241810 607.0
1241820 607.0
1241830 606.5
1241840 606.7
1241850 606.7
1241860 607.3
1241870 607.3
1241880 607.3
1241890 607.1
1241900 607.0
1241910 607.0
1241920 606.6
1241930 606.3
1241940 606.3
1241950 606.4
1241960 606.5
1241970 606.5
1241980 606.6
1241990 607.0
1242000 607.0
1242010 607.2
1242020 606.9
1242030 606.9
1242040 606.6
1242050 606.6
1242060 606.5
1242070 606.5
1242080 606.5
1242090 606.6
1242100 606.6
1242110 607.0
1242120 611.1
1242130 611.1
1242140 617.3
1242150 624.5
1242160 624.5
1242170 631.9
1242180 636.7
1242190 636.7
1242200 639.3
1242210 650.8
1242220 650.8
1242230 657.7
1242240 663.4
1242250 663.4
1242260 657.3
1242270 658.5
1242280 658.5
1242290 665.7
1242300 671.8
1242310 672.6
1242320 672.6
1242330 682.2
1242340 695.2
1242350 695.2
1242360 707.2
1242370 713.9
1242380 713.9
1242390 718.0
1242400 721.1
1242410 721.1
1242420 724.1
1242430 728.1
1242440 728.1
1242450 732.7
1242460 737.0
1242470 737.0
1242480 741.1
1242490 745.0
1242500 745.0
1242510 747.9
1242520 751.2
1242530 751.2
1242540 753.7
1242550 757.0
1242560 757.0
1242570 761.0
1242580 762.9
1242590 763.1
1242600 763.1
1242610 763.4
1242620 764.3
1242630 764.3
1242640 765.4
1242650 766.7
1242660 766.7
1242670 767.6
1242680 767.7
1242690 767.7
1242700 770.8
1242710 773.6
1242720 773.6
1242730 777.0
1242740 780.4
1242750 780.4
1242760 783.7
1242770 786.4
1242780 784.3
1242790 784.6
1242800 785.5
1242810 785.5
1242820 786.5
1242830 786.8
1242840 786.8
1242850 786.1
1242860 784.7
1242870 782.8
1242880 782.8
1242890 780.4
1242900 777.8
1242910 777.8
1242920 774.6
1242930 772.0
1242940 772.0
1242950 769.6
1242960 766.8
1242970 766.8
1242980 765.0
1242990 761.7
1243000 761.7
1243010 760.1
1243020 760.3
1243030 760.3
1243040 761.4
1243050 764.0
1243060 764.0
1243070 762.5
1243080 759.7
1243090 759.7
1243100 754.4
1243110 746.4
1243120 741.6
1243130 741.6
1243140 739.0
1243150 745.5
1243160 745.5
1243170 748.6
1243180 749.8
1243190 749.8
1243200 749.3
1243210 746.3
1243220 746.3
1243230 746.0
1243240 750.0
1243250 750.0
1243260 753.6
1243270 756.7
1243280 756.7
1243290 757.8
1243300 756.8
1243310 752.5
1243320 749.9
1243330 749.8
1243340 749.8
1243350 751.8
1243360 754.6
1243370 754.6
1243380 756.4
1243390 757.3
1243400 757.1
1243410 757.1
1243420 758.7
1243430 762.3
1243440 762.3
1243450 764.6
1243460 766.5
1243470 766.5
1243480 768.2
1243490 769.1
1243500 769.1
1243510 769.0
1243520 767.7
1243530 767.7
1243540 765.2
1243550 764.6
1243560 764.6
1243570 761.7
1243580 758.3
1243590 758.3
1243600 755.1
1243610 751.3
1243620 751.3
1243630 746.6
1243640 746.1
1243650 746.1
1243660 745.1
1243670 744.6
1243680 742.3
1243690 742.3
1243700 739.0
1243710 736.5
1243720 736.5
1243730 738.1
1243740 738.5
1243750 738.5
1243760 739.0
1243770 739.5
1243780 739.5
1243790 739.9
1243800 741.3
1243810 741.3
1243820 742.8
1243830 743.6
1243840 739.1
1243850 741.9
1243860 741.6
1243870 741.6
1243880 738.4
1243890 736.6
1243900 736.6
1243910 737.6
1243920 740.7
1243930 740.7
1243940 743.4
1243950 746.8
1243960 751.5
1243970 751.5
1243980 756.0
1243990 756.3
1244000 756.3
1244010 755.4
1244020 751.5
1244030 751.5
1244040 752.2
1244050 756.2
1244060 756.2
1244070 759.2
1244080 762.2
1244090 762.2
1244100 763.5
1244110 764.4
1244120 764.4
1244130 764.6
1244140 764.2
1244150 764.2
1244160 764.1
1244170 763.6
1244180 763.6
1244190 765.5
1244200 767.3
1244210 766.1
1244220 766.1
1244230 767.8
1244240 771.3
1244250 771.3
1244260 773.8
1244270 774.7
1244280 774.7
1244290 776.2
1244300 780.9
1244310 780.9
1244320 783.3
1244330 784.0
1244340 784.0
1244350 782.7
1244360 777.8
1244370 777.3
1244380 773.6
1244390 776.2
1244400 776.2
1244410 775.7
1244420 775.6
1244430 775.6
1244440 777.8
1244450 777.8
1244460 777.8
1244470 779.4
1244480 783.8
1244490 789.2
1244500 789.2
1244510 794.5
1244520 799.2
1244530 799.2
1244540 803.9
1244550 808.0
1244560 808.0
1244570 811.1
1244580 814.1
1244590 814.1
1244600 818.0
1244610 823.2
1244620 823.2
1244630 827.8
1244640 831.3
1244650 831.3
1244660 836.5
1244670 842.1
1244680 842.1
1244690 846.3
1244700 850.7
1244710 850.7
1244720 854.4
1244730 856.8
1244740 856.8
1244750 858.5
1244760 864.6
1244770 869.3
1244780 869.3
1244790 872.0
1244800 874.4
1244810 874.4
1244820 878.9
1244830 888.0
1244840 888.0
1244850 892.3
1244860 897.9
1244870 897.9
1244880 898.3
1244890 894.1
1244900 883.8
1244910 891.4
1244920 898.8
1244930 898.8
1244940 904.5
1244950 910.0
1244960 910.0
1244970 914.7
1244980 916.5
1244990 916.5
1245000 917.4
1245010 918.6
1245020 919.0
1245030 919.0
1245040 920.1
1245050 921.2
1245060 921.2
1245070 921.3
1245080 920.2
1245090 920.2
1245100 919.2
1245110 920.5
1245120 920.5
1245130 919.5
1245140 917.1
1245150 917.1
1245160 916.7
1245170 915.9
1245180 915.9
1245190 916.0
1245200 916.3
1245210 916.3
1245220 915.8
1245230 919.0
1245240 919.0
1245250 921.4
1245260 920.0
1245270 920.0
1245280 921.5
1245290 923.4
1245300 925.6
1245310 925.6
1245320 927.5
1245330 930.5
1245340 930.5
1245350 931.8
1245360 934.9
1245370 934.9
1245380 935.9
1245390 933.4
1245400 933.4
1245410 935.5
1245420 936.3
1245430 926.5
1245440 927.1
1245450 928.2
1245460 928.2
1245470 928.1
1245480 929.6
1245490 929.6
1245500 931.7
1245510 933.8
1245520 933.8
1245530 934.7
1245540 933.8
1245550 933.8
1245560 937.8
1245570 941.4
1245580 941.7
1245590 941.7
1245600 946.4
1245610 950.7
1245620 950.7
1245630 953.5
1245640 956.5
1245650 956.5
1245660 958.4
1245670 959.6
1245680 959.6
1245690 961.9
1245700 960.0
1245710 960.0
1245720 956.6
1245730 958.9
1245740 958.9
1245750 959.9
1245760 960.2
1245770 960.2
1245780 960.0
1245790 960.1
1245800 960.1
1245810 960.9
1245820 960.2
1245830 960.0
1245840 960.0
1245850 960.9
1245860 962.9
1245870 962.9
1245880 963.5
1245890 966.0
1245900 966.0
1245910 965.6
1245920 962.7
1245930 962.7
1245940 961.3
1245950 964.9
1245960 954.3
1245970 957.5
1245980 962.5
1245990 962.5
1246000 967.0
1246010 967.6
1246020 967.6
1246030 965.9
1246040 966.0
1246050 966.0
1246060 965.1
1246070 964.0
1246080 964.0
1246090 963.7
1246100 964.3
1246110 965.3
1246120 965.3
1246130 965.6
1246140 965.6
1246150 965.6
1246160 965.5
1246170 965.2
1246180 965.2
1246190 964.4
1246200 964.2
1246210 964.2
1246220 964.6
1246230 964.6
1246240 964.6
1246250 964.0
1246260 965.0
1246270 965.0
1246280 966.4
1246290 967.9
1246300 967.9
1246310 971.0
1246320 973.4
1246330 973.4
1246340 976.7
1246350 977.5
1246360 977.5
1246370 977.8
1246380 979.2
1246390 980.6
1246400 980.6
1246410 984.9
1246420 990.3
1246430 990.3
1246440 997.3
1246450 1002.1
1246460 1002.1
1246470 1005.6
1246480 1005.1
1246490 1005.1
1246500 999.3
1246510 997.7
1246520 997.7
1246530 993.1
1246540 985.8
1246550 985.8
1246560 974.9
1246570 965.0
1246580 965.0
1246590 957.2
1246600 950.7
1246610 950.7
1246620 944.9
1246630 940.3
1246640 938.3
1246650 938.3
1246660 938.9
1246670 937.3
1246680 937.3
1246690 935.4
1246700 939.3
1246710 939.3
1246720 940.0
1246730 937.0
1246740 937.0
1246750 933.9
1246760 931.6
1246770 931.6
1246780 927.5
1246790 923.5
1246800 923.5
1246810 922.6
1246820 921.2
1246830 921.2
1246840 916.7
1246850 912.1
1246860 912.1
1246870 905.3
1246880 894.0
1246890 894.0
1246900 884.8
1246910 877.6
1246920 874.1
1246930 874.1
1246940 877.6
1246950 879.2
1246960 879.2
1246970 875.7
1246980 878.0
1246990 878.0
1247000 884.6
1247010 889.0
1247020 889.0
1247030 892.2
1247040 896.4
1247050 896.4
1247060 898.6
1247070 898.0
1247080 898.0
1247090 900.2
1247100 904.4
1247110 904.4
1247120 908.0
1247130 912.1
1247140 912.1
1247150 916.9
1247160 922.0
1247170 922.0
1247180 926.5
1247190 931.8
1247200 938.1
1247210 938.1
1247220 945.3
1247230 953.5
1247240 953.5
1247250 961.6
1247260 969.3
1247270 969.3
1247280 975.5
1247290 979.9
1247300 979.9
1247310 982.9
1247320 985.1
1247330 985.1
1247340 987.2
1247350 988.9
1247360 988.9
1247370 991.4
1247380 995.5
1247390 995.5
1247400 1000.3
1247410 1005.8
1247420 1005.8
1247430 1011.6
1247440 1018.5
1247450 1018.5
1247460 1025.2
1247470 1031.0
1247480 1036.9
1247490 1036.9
1247500 1043.3
1247510 1048.4
1247520 1048.4
1247530 1052.1
1247540 1054.9
1247550 1054.9
1247560 1056.6
1247570 1054.1
1247580 1054.1
1247590 1054.1
1247600 1053.0
1247610 1053.0
1247620 1053.2
1247630 1053.3
1247640 1053.3
1247650 1053.2
1247660 1053.6
1247670 1053.6
1247680 1054.5
1247690 1055.8
1247700 1055.8
1247710 1056.8
1247720 1057.0
1247730 1057.0
1247740 1057.0
1247750 1058.4
1247760 1060.0
1247770 1060.0
1247780 1060.2
1247790 1060.2
1247800 1060.2
1247810 1060.9
1247820 1061.1
1247830 1061.1
1247840 1060.5
1247850 1060.1
1247860 1060.1
1247870 1061.1
1247880 1063.9
1247890 1063.9
1247900 1064.6
1247910 1065.2
1247920 1065.2
1247930 1066.8
1247940 1068.2
1247950 1068.2
1247960 1069.1
1247970 1069.9
1247980 1069.9
1247990 1069.4
1248000 1068.2
1248010 1066.6
1248020 1066.6
1248030 1064.6
1248040 1063.1
1248050 1063.1
1248060 1062.9
1248070 1063.6
1248080 1063.6
1248090 1064.8
1248100 1067.2
1248110 1064.3
1248120 1066.7
1248130 1070.2
1248140 1070.2
1248150 1073.6
1248160 1074.8
1248170 1074.8
1248180 1076.9
1248190 1078.8
1248200 1078.8
1248210 1081.1
1248220 1084.3
1248230 1084.3
1248240 1087.0
1248250 1089.4
1248260 1089.4
1248270 1091.3
1248280 1092.8
1248290 1093.8
1248300 1093.8
1248310 1095.1
1248320 1096.6
1248330 1096.6
1248340 1098.7
1248350 1100.9
1248360 1100.9
1248370 1102.7
1248380 1105.7
1248390 1105.7
1248400 1109.3
1248410 1112.8
1248420 1112.8
1248430 1116.0
1248440 1118.7
1248450 1118.7
1248460 1121.3
1248470 1123.8
1248480 1123.8
1248490 1126.3
1248500 1128.3
1248510 1128.3
1248520 1129.9
1248530 1131.8
1248540 1133.9
1248550 1133.9
1248560 1135.4
1248570 1136.7
1248580 1136.7
1248590 1137.8
1248600 1138.3
1248610 1138.3
1248620 1137.9
1248630 1139.5
1248640 1139.5
1248650 1135.6
1248660 1136.7
1248670 1136.7
1248680 1140.9
1248690 1143.6
1248700 1143.6
1248710 1145.2
1248720 1148.3
1248730 1148.3
1248740 1150.7
1248750 1152.9
1248760 1152.9
1248770 1154.9
1248780 1156.3
1248790 1156.3
1248800 1157.7
1248810 1158.7
1248820 1159.6
1248830 1159.6
1248840 1161.3
1248850 1161.9
1248860 1161.9
1248870 1162.9
1248880 1164.8
1248890 1164.8
1248900 1168.0
1248910 1169.7
1248920 1169.7
1248930 1173.0
1248940 1175.7
1248950 1175.7
1248960 1177.8
1248970 1180.8
1248980 1180.8
1248990 1183.4
1249000 1185.3
1249010 1185.3
1249020 1186.9
1249030 1187.9
1249040 1187.9
1249050 1189.0
1249060 1191.7
1249070 1191.7
1249080 1193.8
1249090 1195.6
1249100 1197.5
1249110 1197.5
1249120 1199.6
1249130 1201.3
1249140 1201.3
1249150 1202.9
1249160 1206.1
1249170 1206.1
1249180 1209.9
1249190 1206.6
1249200 1206.6
1249210 1209.3
1249220 1211.6
1249230 1211.6
1249240 1213.6
1249250 1215.9
1249260 1215.9
1249270 1216.8
1249280 1218.3
1249290 1218.3
1249300 1221.6
1249310 1222.9
1249320 1222.9
1249330 1222.7
1249340 1223.2
1249350 1223.5
1249360 1223.5
1249370 1222.3
1249380 1218.3
1249390 1218.3
1249400 1210.7
1249410 1207.1
1249420 1207.1
1249430 1210.3
1249440 1214.5
1249450 1214.5
1249460 1214.9
1249470 1213.0
1249480 1213.0
1249490 1207.8
1249500 1202.0
1249510 1202.0
1249520 1195.4
1249530 1189.0
1249540 1189.0
1249550 1192.7
1249560 1195.2
1249570 1195.2
1249580 1198.3
1249590 1202.1
1249600 1202.1
1249610 1207.5
1249620 1214.3
1249630 1220.0
1249640 1220.0
1249650 1225.3
1249660 1225.6
1249670 1225.6
1249680 1231.9
1249690 1243.5
1249700 1243.5
1249710 1251.1
1249720 1257.9
1249730 1246.3
1249740 1249.9
1249750 1253.7
1249760 1253.7
1249770 1259.3
1249780 1266.8
1249790 1266.8
1249800 1272.1
1249810 1276.6
1249820 1276.6
1249830 1276.9
1249840 1277.5
1249850 1277.5
1249860 1278.5
1249870 1280.0
1249880 1280.0
1249890 1280.9
1249900 1281.5
1249910 1282.3
1249920 1282.3
1249930 1282.6
1249940 1282.6
1249950 1282.6
1249960 1281.9
1249970 1280.3
1249980 1280.3
1249990 1278.8
1250000 1276.9
1250010 1276.9
1250020 1275.0
1250030 1272.5
1250040 1272.5
1250050 1269.7
1250060 1266.6
1250070 1266.6
1250080 1263.8
1250090 1261.2
1250100 1261.2
1250110 1256.6
1250120 1253.2
1250130 1253.2
1250140 1252.8
1250150 1249.9
1250160 1245.6
1250170 1245.6
1250180 1240.0
1250190 1234.0
1250200 1234.0
1250210 1227.7
1250220 1221.5
1250230 1221.5
1250240 1214.1
1250250 1207.3
1250260 1207.3
1250270 1196.6
1250280 1190.4
1250290 1190.4
1250300 1184.6
1250310 1179.3
1250320 1179.3
1250330 1173.9
1250340 1168.0
1250350 1168.0
1250360 1161.6
1250370 1155.3
1250380 1155.3
1250390 1148.9
1250400 1142.2
1250410 1142.2
1250420 1137.1
1250430 1132.6
1250440 1128.2
1250450 1128.2
1250460 1123.1
1250470 1117.4
1250480 1117.4
1250490 1112.2
1250500 1107.2
1250510 1107.2
1250520 1101.5
1250530 1096.1
1250540 1096.1
1250550 1091.3
1250560 1086.0
1250570 1086.0
1250580 1080.3
1250590 1074.7
1250600 1074.7
1250610 1069.2
1250620 1064.5
1250630 1064.5
1250640 1061.4
1250650 1060.9
1250660 1060.9
1250670 1059.6
1250680 1054.3
1250690 1054.3
1250700 1048.9
1250710 1045.2
1250720 1038.5
1250730 1038.5
1250740 1030.1
1250750 1022.5
1250760 1022.5
1250770 1017.3
1250780 1013.5
1250790 1013.5
1250800 1007.9
1250810 995.4
1250820 995.4
1250830 982.9
1250840 972.7
1250850 972.7
1250860 958.1
1250870 947.9
1250880 947.9
1250890 942.4
1250900 929.5
1250910 929.5
1250920 914.5
1250930 900.1
1250940 900.1
1250950 892.1
1250960 892.9
1250970 897.1
1250980 897.1
1250990 903.3
1251000 911.1
1251010 911.1
1251020 920.0
1251030 929.6
1251040 929.6
1251050 938.3
1251060 946.0
1251070 946.0
1251080 953.3
1251090 959.6
1251100 959.6
1251110 964.8
1251120 967.8
1251130 967.8
1251140 973.9
1251150 978.4
1251160 978.4
1251170 984.8
1251180 993.8
1251190 993.8
1251200 1003.7
1251210 1013.5
1251220 1013.5
1251230 1021.2
1251240 1028.1
1251250 1034.7
1251260 1034.7
1251270 1041.3
1251280 1047.7
1251290 1047.7
1251300 1054.0
1251310 1059.8
1251320 1059.8
1251330 1065.4
1251340 1071.4
1251350 1071.4
1251360 1079.3
1251370 1085.0
1251380 1085.0
1251390 1090.4
1251400 1095.5
1251410 1095.5
1251420 1100.7
1251430 1105.3
1251440 1105.3
1251450 1109.2
1251460 1113.1
1251470 1113.1
1251480 1116.9
1251490 1120.8
1251500 1120.8
1251510 1124.9
1251520 1129.4
1251530 1134.5
1251540 1134.5
1251550 1139.6
1251560 1142.8
1251570 1142.8
1251580 1144.9
1251590 1149.0
1251600 1149.0
1251610 1153.3
1251620 1158.5
1251630 1158.5
1251640 1163.7
1251650 1169.0
1251660 1169.0
1251670 1174.3
1251680 1179.8
1251690 1179.8
1251700 1185.2
1251710 1190.7
1251720 1190.7
1251730 1196.4
1251740 1202.2
1251750 1202.2
1251760 1208.5
1251770 1215.0
1251780 1221.7
1251790 1221.7
1251800 1228.1
1251810 1234.5
1251820 1234.5
1251830 1240.7
1251840 1247.0
1251850 1247.0
1251860 1253.4
1251870 1259.9
1251880 1259.9
1251890 1266.9
1251900 1273.8
1251910 1271.3
1251920 1277.9
1251930 1284.4
1251940 1284.4
1251950 1290.9
1251960 1297.2
1251970 1297.2
1251980 1303.3
1251990 1310.0
1252000 1310.0
1252010 1316.7
1252020 1323.0
1252030 1323.0
1252040 1329.8
1252050 1337.3
1252060 1344.1
1252070 1344.1
1252080 1351.0
1252090 1358.4
1252100 1358.4
1252110 1366.0
1252120 1373.8
1252130 1373.8
1252140 1382.2
1252150 1390.1
1252160 1390.1
1252170 1396.8
1252180 1404.1
1252190 1404.1
1252200 1412.4
1252210 1421.9
1252220 1421.9
1252230 1431.3
1252240 1440.5
1252250 1440.5
1252260 1448.8
1252270 1456.6
1252280 1456.6
1252290 1463.8
1252300 1470.7
1252310 1470.7
1252320 1477.2
1252330 1483.8
1252340 1490.8
1252350 1490.8
1252360 1497.5
1252370 1503.6
1252380 1503.6
1252390 1509.1
1252400 1513.0
1252410 1513.0
1252420 1515.1
1252430 1514.9
1252440 1514.9
1252450 1515.0
1252460 1508.2
1252470 1508.2
1252480 1508.6
1252490 1508.3
1252500 1508.3
1252510 1507.8
1252520 1507.5
1252530 1507.5
1252540 1507.4
1252550 1507.3
1252560 1507.3
1252570 1507.0
1252580 1507.1
1252590 1507.1
1252600 1507.5
1252610 1508.6
1252620 1512.3
1252630 1512.3
1252640 1516.2
1252650 1520.0
1252660 1520.0
1252670 1523.5
1252680 1527.0
1252690 1527.0
1252700 1530.0
1252710 1532.5
1252720 1532.5
1252730 1535.8
1252740 1539.5
1252750 1539.5
1252760 1543.6
1252770 1548.8
1252780 1548.8
1252790 1554.6
1252800 1560.3
1252810 1560.3
1252820 1566.5
1252830 1573.0
1252840 1573.0
1252850 1579.5
1252860 1586.4
1252870 1593.7
1252880 1593.7
1252890 1600.8
1252900 1607.5
1252910 1607.5
1252920 1614.3
1252930 1621.4
1252940 1621.4
1252950 1628.7
1252960 1636.1
1252970 1636.1
1252980 1643.0
1252990 1649.4
1253000 1649.1
1253010 1653.2
1253020 1654.5
1253030 1654.5
1253040 1652.8
1253050 1648.2
1253060 1648.2
1253070 1642.0
1253080 1635.1
1253090 1635.1
1253100 1627.1
1253110 1619.6
1253120 1619.6
1253130 1612.4
1253140 1605.3
1253150 1598.6
1253160 1598.6
1253170 1592.4
1253180 1586.1
1253190 1586.1
1253200 1580.2
1253210 1574.6
1253220 1574.6
1253230 1568.7
1253240 1562.6
1253250 1562.6
1253260 1557.5
1253270 1551.9
1253280 1551.9
1253290 1552.8
1253300 1556.6
1253310 1556.6
1253320 1560.0
1253330 1564.5
1253340 1564.5
1253350 1569.8
1253360 1574.9
1253370 1574.9
1253380 1576.1
1253390 1572.5
1253400 1572.5
1253410 1566.1
1253420 1555.5
1253430 1540.2
1253440 1540.2
1253450 1526.9
1253460 1514.1
1253470 1514.1
1253480 1506.7
1253490 1496.2
1253500 1496.2
1253510 1488.2
1253520 1478.5
1253530 1478.5
1253540 1475.0
1253550 1468.6
1253560 1470.7
1253570 1444.8
1253580 1434.4
1253590 1434.4
1253600 1428.7
1253610 1422.9
1253620 1422.9
1253630 1417.2
1253640 1410.5
1253650 1410.5
1253660 1402.0
1253670 1394.9
1253680 1388.5
1253690 1388.5
1253700 1383.3
1253710 1379.5
1253720 1379.5
1253730 1375.4
1253740 1371.7
1253750 1371.7
1253760 1367.9
1253770 1364.8
1253780 1364.8
1253790 1365.3
1253800 1368.9
1253810 1368.9
1253820 1376.9
1253830 1383.7
1253840 1383.7
1253850 1381.2
1253860 1372.2
1253870 1372.2
1253880 1365.6
1253890 1358.5
1253900 1358.5
1253910 1346.5
1253920 1333.5
1253930 1333.5
1253940 1327.7
1253950 1324.2
1253960 1327.9
1253970 1327.9
1253980 1337.2
1253990 1347.6
1254000 1347.6
1254010 1355.1
1254020 1362.6
1254030 1362.6
1254040 1371.1
1254050 1378.3
1254060 1378.3
1254070 1383.6
1254080 1387.7
1254090 1387.7
1254100 1391.8
1254110 1391.0
1254120 1391.0
1254130 1395.7
1254140 1401.3
1254150 1401.3
1254160 1407.3
1254170 1412.1
1254180 1412.1
1254190 1415.6
1254200 1418.3
1254210 1418.3
1254220 1420.3
1254230 1421.5
1254240 1421.5
1254250 1421.5
1254260 1421.4
1254270 1421.2
1254280 1421.2
1254290 1421.2
1254300 1420.0
1254310 1420.0
1254320 1419.3
1254330 1422.7
1254340 1422.7
1254350 1428.8
1254360 1435.3
1254370 1435.3
1254380 1441.8
1254390 1446.3
1254400 1446.3
1254410 1449.1
1254420 1450.0
1254430 1450.0
1254440 1450.4
1254450 1450.6
1254460 1450.6
1254470 1450.4
1254480 1449.8
1254490 1449.3
1254500 1449.3
1254510 1448.6
1254520 1447.1
1254530 1447.1
1254540 1444.0
1254550 1440.1
1254560 1440.1
1254570 1436.2
1254580 1432.6
1254590 1432.6
1254600 1428.9
1254610 1425.8
1254620 1425.8
1254630 1421.2
1254640 1414.6
1254650 1414.6
1254660 1411.6
1254670 1418.9
1254680 1418.9
1254690 1425.1
1254700 1430.9
1254710 1430.9
1254720 1435.1
1254730 1438.2
1254740 1438.2
1254750 1440.8
1254760 1442.8
1254770 1443.4
1254780 1443.4
1254790 1443.4
1254800 1442.0
1254810 1442.0
1254820 1439.6
1254830 1436.8
1254840 1436.8
1254850 1433.4
1254860 1429.1
1254870 1429.1
1254880 1425.2
1254890 1423.2
1254900 1423.2
1254910 1421.6
1254920 1413.2
1254930 1413.2
1254940 1407.7
1254950 1400.6
1254960 1400.6
1254970 1387.2
1254980 1379.4
1254990 1379.4
1255000 1372.6
1255010 1366.2
1255020 1366.2
1255030 1359.6
1255040 1353.4
1255050 1347.6
1255060 1347.6
1255070 1343.4
1255080 1341.6
1255090 1341.6
1255100 1338.4
1255110 1337.1
1255120 1337.1
1255130 1335.2
1255140 1331.1
1255150 1331.1
1255160 1324.9
1255170 1317.3
1255180 1317.3
1255190 1310.2
1255200 1304.8
1255210 1304.8
1255220 1299.5
1255230 1300.6
1255240 1300.6
1255250 1302.4
1255260 1304.3
1255270 1304.3
1255280 1305.9
1255290 1307.8
1255300 1307.3
1255310 1307.3
1255320 1305.4
1255330 1302.9
1255340 1302.9
1255350 1300.5
1255360 1299.0
1255370 1299.0
1255380 1296.8
1255390 1294.3
1255400 1294.3
1255410 1293.0
1255420 1290.2
1255430 1290.2
1255440 1285.2
1255450 1282.7
1255460 1282.7
1255470 1282.0
1255480 1280.2
1255490 1280.2
1255500 1277.8
1255510 1275.5
1255520 1275.5
1255530 1272.8
1255540 1271.3
1255550 1271.3
1255560 1269.4
1255570 1267.8
1255580 1266.1
1255590 1266.1
1255600 1262.8
1255610 1258.1
1255620 1258.1
1255630 1253.1
1255640 1248.5
1255650 1248.5
1255660 1244.4
1255670 1243.5
1255680 1243.5
1255690 1240.8
1255700 1236.4
1255710 1236.4
1255720 1232.7
1255730 1229.5
1255740 1229.5
1255750 1227.4
1255760 1225.9
1255770 1222.4
1255780 1221.0
1255790 1219.4
1255800 1219.4
1255810 1216.1
1255820 1211.3
1255830 1211.3
1255840 1204.1
1255850 1195.6
1255860 1193.0
1255870 1193.0
1255880 1192.9
1255890 1189.9
1255900 1189.9
1255910 1177.3
1255920 1157.5
1255930 1157.5
1255940 1157.5
1255950 1165.7
1255960 1165.7
1255970 1172.2
1255980 1178.7
1255990 1178.7
1256000 1186.6
1256010 1194.5
1256020 1194.5
1256030 1202.1
1256040 1209.7
1256050 1209.7
1256060 1217.8
1256070 1225.3
1256080 1225.3
1256090 1231.5
1256100 1234.7
1256110 1236.7
1256120 1236.7
1256130 1240.0
1256140 1244.3
1256150 1244.3
1256160 1248.7
1256170 1254.5
1256180 1254.5
1256190 1258.7
1256200 1262.1
1256210 1262.1
1256220 1264.7
1256230 1264.9
1256240 1264.9
1256250 1265.2
1256260 1267.2
1256270 1267.2
1256280 1270.0
1256290 1272.7
1256300 1272.7
1256310 1275.0
1256320 1278.9
1256330 1279.7
1256340 1286.4
1256350 1292.5
1256360 1292.5
1256370 1298.1
1256380 1304.0
1256390 1310.5
1256400 1310.5
1256410 1316.8
1256420 1323.1
1256430 1323.1
1256440 1329.1
1256450 1335.3
1256460 1335.3
1256470 1341.6
1256480 1347.9
1256490 1347.9
1256500 1354.1
1256510 1360.4
1256520 1360.4
1256530 1366.3
1256540 1372.1
1256550 1372.1
1256560 1377.7
1256570 1383.0
1256580 1383.0
1256590 1388.3
1256600 1393.4
1256610 1393.4
1256620 1398.8
1256630 1404.2
1256640 1404.2
1256650 1408.6
1256660 1412.6
1256670 1416.4
1256680 1416.4
1256690 1419.5
1256700 1421.3
1256710 1421.3
1256720 1421.4
1256730 1420.7
1256740 1420.7
1256750 1419.9
1256760 1419.4
1256770 1419.4
1256780 1418.9
1256790 1417.3
1256800 1417.3
1256810 1415.9
1256820 1417.3
1256830 1417.3
1256840 1419.1
1256850 1423.0
1256860 1423.0
1256870 1429.2
1256880 1436.2
1256890 1436.0
1256900 1443.0
1256910 1449.9
1256920 1456.6
1256930 1456.6
1256940 1463.1
1256950 1469.0
1256960 1469.0
1256970 1473.8
1256980 1477.4
1256990 1477.4
1257000 1480.2
1257010 1482.8
1257020 1482.8
1257030 1484.4
1257040 1485.8
1257050 1485.8
1257060 1488.5
1257070 1492.4
1257080 1492.4
1257090 1496.9
1257100 1499.4
1257110 1499.4
1257120 1502.5
1257130 1504.8
1257140 1504.8
1257150 1506.1
1257160 1507.5
1257170 1507.5
1257180 1510.3
1257190 1513.5
1257200 1516.3
1257210 1516.3
1257220 1520.6
1257230 1526.3
1257240 1526.3
1257250 1531.7
1257260 1537.3
1257270 1537.3
1257280 1542.9
1257290 1549.2
1257300 1549.2
1257310 1555.8
1257320 1563.2
1257330 1563.2
1257340 1570.5
1257350 1576.5
1257360 1576.5
1257370 1582.4
1257380 1588.8
1257390 1588.8
1257400 1595.3
1257410 1604.0
1257420 1604.0
1257430 1610.8
1257440 1616.0
1257450 1607.0
1257460 1614.9
1257470 1622.6
1257480 1629.3
1257490 1629.3
1257500 1636.8
1257510 1641.6
1257520 1641.6
1257530 1646.1
1257540 1648.4
1257550 1648.4
1257560 1649.4
1257570 1651.3
1257580 1651.3
1257590 1650.5
1257600 1651.3
1257610 1651.3
1257620 1657.0
1257630 1664.8
1257640 1664.8
1257650 1670.8
1257660 1663.2
1257670 1663.2
1257680 1655.3
1257690 1672.5
1257700 1672.5
1257710 1690.7
1257720 1703.4
1257730 1712.4
1257740 1712.4
1257750 1721.0
1257760 1731.3
1257770 1731.3
1257780 1741.8
1257790 1753.8
1257800 1753.8
1257810 1766.6
1257820 1773.1
1257830 1773.1
1257840 1780.5
1257850 1785.9
1257860 1785.9
1257870 1791.0
1257880 1796.1
1257890 1796.1
1257900 1801.2
1257910 1807.0
1257920 1807.0
1257930 1812.8
1257940 1818.9
1257950 1818.9
1257960 1829.1
1257970 1842.1
1257980 1842.1
1257990 1852.8
1258000 1859.2
1258010 1867.1
1258020 1867.1
1258030 1875.9
1258040 1884.0
1258050 1884.0
1258060 1889.3
1258070 1894.5
1258080 1894.5
1258090 1900.4
1258100 1906.6
1258110 1906.6
1258120 1912.7
1258130 1919.1
1258140 1919.1
1258150 1925.3
1258160 1931.6
1258170 1931.6
1258180 1937.9
1258190 1943.9
1258200 1943.9
1258210 1950.0
1258220 1956.6
1258230 1956.6
1258240 1963.1
1258250 1969.3
1258260 1969.3
1258270 1975.0
1258280 1978.6
1258290 1982.5
1258300 1982.5
1258310 1986.3
1258320 1989.2
1258330 1989.2
1258340 1991.5
1258350 1994.3
1258360 1994.3
1258370 2001.4
1258380 2006.7
1258390 2006.7
1258400 2019.2
1258410 2041.1
1258420 2041.1
1258430 2050.3
1258440 2051.6
1258450 2051.6
1258460 2051.4
1258470 2052.5
1258480 2052.5
1258490 2054.7
1258500 2055.9
1258510 2055.9
1258520 2052.4
1258530 2046.0
1258540 2039.1
1258550 2039.1
1258560 2031.5
1258570 2011.4
1258580 2011.4
1258590 2022.1
1258600 2034.5
1258610 2034.5
1258620 2043.2
1258630 2045.3
1258640 2045.3
1258650 2046.7
1258660 2048.1
1258670 2048.1
1258680 2048.9
1258690 2048.7
1258700 2048.7
1258710 2050.4
1258720 2051.9
1258730 2051.9
1258740 2052.5
1258750 2053.6
1258760 2053.6
1258770 2055.3
1258780 2056.6
1258790 2056.6
1258800 2057.5
1258810 2058.3
1258820 2058.2
1258830 2058.2
1258840 2058.2
1258850 2059.4
1258860 2059.4
1258870 2060.7
1258880 2062.0
1258890 2062.0
1258900 2063.5
1258910 2064.4
1258920 2064.4
1258930 2065.2
1258940 2065.9
1258950 2065.9
1258960 2066.6
1258970 2067.5
1258980 2067.5
1258990 2069.1
1259000 2070.2
1259010 2070.2
1259020 2071.2
1259030 2072.0
1259040 2072.0
1259050 2072.2
1259060 2072.3
1259070 2072.1
1259080 2072.1
1259090 2067.1
1259100 2053.8
1259110 2053.8
1259120 2051.8
1259130 2016.9
1259140 2016.9
1259150 2003.6
1259160 2015.6
1259170 2015.6
1259180 2019.9
1259190 2016.7
1259200 2016.7
1259210 2013.0
1259220 2005.7
1259230 2005.7
1259240 1970.7
1259250 1945.5
1259260 1945.5
1259270 1925.4
1259280 1919.6
1259290 1919.6
1259300 1910.7
1259310 1902.8
1259320 1902.8
1259330 1916.9
1259340 1929.0
1259350 1939.5
1259360 1939.5
1259370 1946.9
1259380 1954.3
1259390 1954.3
1259400 1963.8
1259410 1971.0
1259420 1971.0
1259430 1980.1
1259440 1988.1
1259450 1988.1
1259460 1996.2
1259470 2003.6
1259480 2003.6
1259490 2011.5
1259500 2022.0
1259510 2022.0
1259520 2037.6
1259530 2048.5
1259540 2048.5
1259550 2050.5
1259560 2047.1
1259570 2047.1
1259580 2045.2
1259590 2044.3
1259600 2044.3
1259610 2043.4
1259620 2044.2
1259630 2049.0
1259640 2049.0
1259650 2055.0
1259660 2060.7
1259670 2060.7
1259680 2065.7
1259690 2069.1
1259700 2064.2
1259710 2069.4
1259720 2071.0
1259730 2071.0
1259740 2074.0
1259750 2078.1
1259760 2078.1
1259770 2081.0
1259780 2084.3
1259790 2084.3
1259800 2087.2
1259810 2088.4
1259820 2088.4
1259830 2089.1
1259840 2088.7
1259850 2088.7
1259860 2085.3
1259870 2080.9
1259880 2075.0
1259890 2075.0
1259900 2061.1
1259910 2036.9
1259920 2036.9
1259930 2015.6
1259940 2008.7
1259950 2008.7
1259960 2007.1
1259970 2006.3
1259980 2006.3
1259990 2005.2
