1240000 729.0
1240010 729.0
1240020 727.9
1240030 727.5
1240040 727.5
1240050 727.7
1240060 730.0
1240070 730.0
1240080 733.7
1240090 735.7
1240100 737.0
1240110 737.0
1240120 737.7
1240130 737.9
1240140 737.9
1240150 733.7
1240160 736.6
1240170 736.6
1240180 737.5
1240190 737.5
1240200 737.5
1240210 737.5
1240220 738.2
1240230 738.2
1240240 739.4
1240250 741.0
1240260 741.0
1240270 741.6
1240280 741.3
1240290 741.3
1240300 741.3
1240310 741.6
1240320 741.6
1240330 742.9
1240340 744.5
1240350 744.5
1240360 746.2
1240370 748.3
1240380 749.8
1240390 749.8
1240400 754.9
1240410 758.7
1240420 758.7
1240430 760.9
1240440 762.7
1240450 762.7
1240460 766.4
1240470 771.3
1240480 771.3
1240490 775.0
1240500 778.3
1240510 778.3
1240520 782.0
1240530 788.8
1240540 788.8
1240550 794.0
1240560 798.2
1240570 798.2
1240580 801.0
1240590 802.7
1240600 802.7
1240610 805.0
1240620 807.5
1240630 810.3
1240640 810.3
1240650 813.0
1240660 815.9
1240670 809.2
1240680 812.7
1240690 816.9
1240700 816.9
1240710 826.2
1240720 835.7
1240730 835.7
1240740 839.8
1240750 843.6
1240760 843.6
1240770 853.0
1240780 862.6
1240790 862.6
1240800 866.5
1240810 868.3
1240820 868.3
1240830 870.9
1240840 871.0
1240850 871.0
1240860 872.1
1240870 873.6
1240880 873.6
1240890 873.3
1240900 873.3
1240910 877.1
1240920 877.1
1240930 880.7
1240940 885.0
1240950 885.0
1240960 890.0
1240970 895.7
1240980 895.7
1240990 900.6
1241000 908.7
1241010 908.7
1241020 919.9
1241030 925.4
1241040 925.4
1241050 928.2
1241060 930.4
1241070 930.4
1241080 932.3
1241090 933.9
1241100 933.9
1241110 935.7
1241120 937.6
1241130 937.6
1241140 939.9
1241150 942.4
1241160 942.4
1241170 946.1
1241180 950.8
1241190 951.4
1241200 951.4
1241210 956.2
1241220 961.5
1241230 961.5
1241240 967.4
1241250 973.9
1241260 973.9
1241270 980.7
1241280 990.4
1241290 990.4
1241300 996.3
1241310 1001.8
1241320 1001.8
1241330 1007.8
1241340 1012.3
1241350 1012.3
1241360 1015.9
1241370 1019.5
1241380 1019.5
1241390 1024.4
1241400 1029.1
1241410 1029.1
1241420 1033.4
1241430 1037.1
1241440 1037.1
1241450 1040.9
1241460 1045.0
1241470 1049.7
1241480 1049.7
1241490 1054.8
1241500 1060.2
1241510 1060.2
1241520 1065.7
1241530 1069.5
1241540 1069.5
1241550 1072.7
1241560 1075.5
1241570 1075.5
1241580 1077.9
1241590 1080.3
1241600 1080.3
1241610 1082.4
1241620 1084.9
1241630 1084.9
1241640 1087.6
1241650 1090.5
1241660 1090.5
1241670 1093.3
1241680 1095.0
1241690 1095.0
1241700 1095.9
1241710 1093.1
1241720 1094.5
1241730 1094.5
1241740 1096.7
1241750 1099.2
1241760 1099.2
1241770 1101.5
1241780 1103.3
1241790 1103.3
1241800 1105.1
1241810 1108.2
1241820 1108.2
1241830 1111.1
1241840 1114.3
1241850 1114.3
1241860 1117.5
1241870 1120.8
1241880 1120.8
1241890 1124.3
1241900 1128.1
1241910 1128.1
1241920 1131.9
1241930 1135.7
1241940 1135.7
1241950 1139.8
1241960 1143.8
1241970 1143.8
1241980 1147.7
1241990 1151.1
1242000 1154.0
1242010 1154.0
1242020 1156.7
1242030 1158.6
1242040 1158.6
1242050 1160.4
1242060 1163.0
1242070 1163.0
1242080 1166.1
1242090 1168.5
1242100 1168.5
1242110 1169.8
1242120 1171.9
1242130 1171.9
1242140 1173.1
1242150 1172.6
1242160 1172.6
1242170 1172.1
1242180 1171.9
1242190 1171.9
1242200 1171.9
1242210 1172.1
1242220 1172.1
1242230 1172.3
1242240 1166.4
1242250 1166.4
1242260 1167.0
1242270 1167.7
1242280 1167.5
1242290 1167.5
1242300 1166.5
1242310 1164.6
1242320 1164.6
1242330 1162.0
1242340 1157.4
1242350 1157.4
1242360 1160.0
1242370 1167.2
1242380 1167.2
1242390 1171.3
1242400 1173.8
1242410 1173.8
1242420 1175.6
1242430 1176.8
1242440 1176.8
1242450 1177.2
1242460 1176.7
1242470 1176.7
1242480 1177.0
1242490 1179.0
1242500 1179.0
1242510 1180.9
1242520 1185.0
1242530 1185.0
1242540 1190.0
1242550 1195.1
1242560 1199.1
1242570 1199.1
1242580 1202.2
1242590 1203.4
1242600 1203.4
1242610 1203.0
1242620 1200.6
1242630 1200.6
1242640 1198.3
1242650 1199.3
1242660 1199.3
1242670 1200.9
1242680 1203.5
1242690 1203.5
1242700 1206.9
1242710 1211.2
1242720 1211.2
1242730 1215.2
1242740 1217.5
1242750 1217.5
1242760 1217.8
1242770 1212.5
1242780 1212.5
1242790 1211.6
1242800 1210.6
1242810 1210.6
1242820 1209.6
1242830 1208.5
1242840 1207.9
1242850 1207.9
1242860 1208.3
1242870 1209.2
1242880 1209.2
1242890 1210.5
1242900 1212.2
1242910 1212.2
1242920 1214.5
1242930 1216.4
1242940 1216.4
1242950 1217.5
1242960 1218.9
1242970 1218.9
1242980 1220.3
1242990 1220.7
1243000 1220.7
1243010 1220.6
1243020 1221.0
1243030 1221.0
1243040 1222.2
1243050 1225.0
1243060 1225.0
1243070 1228.2
1243080 1231.4
1243090 1234.7
1243100 1234.7
1243110 1237.6
1243120 1240.6
1243130 1240.6
1243140 1243.7
1243150 1245.4
1243160 1245.4
1243170 1246.4
1243180 1247.6
1243190 1247.6
1243200 1249.4
1243210 1252.6
1243220 1252.6
1243230 1256.8
1243240 1259.1
1243250 1259.1
1243260 1260.0
1243270 1260.1
1243280 1260.1
1243290 1254.5
1243300 1252.4
1243310 1252.4
1243320 1251.5
1243330 1249.0
1243340 1249.0
1243350 1248.5
1243360 1249.2
1243370 1253.6
1243380 1253.6
1243390 1259.8
1243400 1266.3
1243410 1266.3
1243420 1270.7
1243430 1274.3
1243440 1274.3
1243450 1278.0
1243460 1281.6
1243470 1281.6
1243480 1285.4
1243490 1289.5
1243500 1289.5
1243510 1293.0
1243520 1296.4
1243530 1296.4
1243540 1299.8
1243550 1302.9
1243560 1302.9
1243570 1305.8
1243580 1308.3
1243590 1308.3
1243600 1309.6
1243610 1312.3
1243620 1312.3
1243630 1316.9
1243640 1320.5
1243650 1323.1
1243660 1323.1
1243670 1325.1
1243680 1326.0
1243690 1326.0
1243700 1327.1
1243710 1329.8
1243720 1329.8
1243730 1333.3
1243740 1334.5
1243750 1334.5
1243760 1333.2
1243770 1331.4
1243780 1331.4
1243790 1331.0
1243800 1330.7
1243810 1330.7
1243820 1320.5
1243830 1321.1
1243840 1321.1
1243850 1320.0
1243860 1316.4
1243870 1316.4
1243880 1311.9
1243890 1307.0
1243900 1307.0
1243910 1303.5
1243920 1302.8
1243930 1305.1
1243940 1305.1
1243950 1306.9
1243960 1308.0
1243970 1308.0
1243980 1308.4
1243990 1307.9
1244000 1307.9
1244010 1307.2
1244020 1306.2
1244030 1306.2
1244040 1306.3
1244050 1306.4
1244060 1306.4
1244070 1305.5
1244080 1304.5
1244090 1304.5
1244100 1303.7
1244110 1302.3
1244120 1302.3
1244130 1302.3
1244140 1301.7
1244150 1301.7
1244160 1300.7
1244170 1299.8
1244180 1297.9
1244190 1297.9
1244200 1296.4
1244210 1294.2
1244220 1294.2
1244230 1290.1
1244240 1286.0
1244250 1286.0
1244260 1282.3
1244270 1280.1
1244280 1280.1
1244290 1278.7
1244300 1277.1
1244310 1277.1
1244320 1273.7
1244330 1269.6
1244340 1269.6
1244350 1272.1
1244360 1269.2
1244370 1269.2
1244380 1266.8
1244390 1263.6
1244400 1263.6
1244410 1258.7
1244420 1253.8
1244430 1253.8
1244440 1249.7
1244450 1246.4
1244460 1242.8
1244470 1242.8
1244480 1238.7
1244490 1235.4
1244500 1235.4
1244510 1231.8
1244520 1229.0
1244530 1229.0
1244540 1228.5
1244550 1228.2
1244560 1228.2
1244570 1227.1
1244580 1226.0
1244590 1226.0
1244600 1225.1
1244610 1224.4
1244620 1224.4
1244630 1223.6
1244640 1222.2
1244650 1222.2
1244660 1221.2
1244670 1220.3
1244680 1220.3
1244690 1219.5
1244700 1218.8
1244710 1218.8
1244720 1218.1
1244730 1218.2
1244740 1219.5
1244750 1219.5
1244760 1220.4
1244770 1221.1
1244780 1221.1
1244790 1222.5
1244800 1222.7
1244810 1222.7
1244820 1221.1
1244830 1220.2
1244840 1220.2
1244850 1220.8
1244860 1221.9
1244870 1221.9
1244880 1216.9
1244890 1215.1
1244900 1215.1
1244910 1213.5
1244920 1213.2
1244930 1213.2
1244940 1215.2
1244950 1216.0
1244960 1216.0
1244970 1214.2
1244980 1216.5
1244990 1216.5
1245000 1217.0
1245010 1216.0
1245020 1215.2
1245030 1215.2
1245040 1214.0
1245050 1212.1
1245060 1212.1
1245070 1210.5
1245080 1209.8
1245090 1209.8
1245100 1208.7
1245110 1206.5
1245120 1206.5
1245130 1204.2
1245140 1202.5
1245150 1202.5
1245160 1201.3
1245170 1201.2
1245180 1201.2
1245190 1201.2
1245200 1201.6
1245210 1201.6
1245220 1201.6
1245230 1201.0
1245240 1201.0
1245250 1200.2
1245260 1199.4
1245270 1199.4
1245280 1198.6
1245290 1197.8
1245300 1197.0
1245310 1197.0
1245320 1196.0
1245330 1194.8
1245340 1194.8
1245350 1194.1
1245360 1193.5
1245370 1193.5
1245380 1192.6
1245390 1191.9
1245400 1191.9
1245410 1190.4
1245420 1190.1
1245430 1190.1
1245440 1189.7
1245450 1189.3
1245460 1189.3
1245470 1188.9
1245480 1188.1
1245490 1188.1
1245500 1185.2
1245510 1183.7
1245520 1183.7
1245530 1183.7
1245540 1183.1
1245550 1181.5
1245560 1181.5
1245570 1180.6
1245580 1181.4
1245590 1181.4
1245600 1181.3
1245610 1180.4
1245620 1180.4
1245630 1178.4
1245640 1176.1
1245650 1176.1
1245660 1174.1
1245670 1173.1
1245680 1173.1
1245690 1170.6
1245700 1167.4
1245710 1167.4
1245720 1163.6
1245730 1159.9
1245740 1159.9
1245750 1157.3
1245760 1153.2
1245770 1153.2
1245780 1146.7
1245790 1139.2
1245800 1139.2
1245810 1130.4
1245820 1121.1
1245830 1113.2
1245840 1113.2
1245850 1107.6
1245860 1103.9
1245870 1103.9
1245880 1104.0
1245890 1107.0
1245900 1107.0
1245910 1110.9
1245920 1113.7
1245930 1113.7
1245940 1115.7
1245950 1111.8
1245960 1111.8
1245970 1113.2
1245980 1111.8
1245990 1111.8
1246000 1110.0
1246010 1108.6
1246020 1108.6
1246030 1106.8
1246040 1104.1
1246050 1104.1
1246060 1101.6
1246070 1098.5
1246080 1098.5
1246090 1095.2
1246100 1092.1
1246110 1090.0
1246120 1090.0
1246130 1088.3
1246140 1086.8
1246150 1086.8
1246160 1085.3
1246170 1083.7
1246180 1083.7
1246190 1082.1
1246200 1080.2
1246210 1080.2
1246220 1078.6
1246230 1076.9
1246240 1076.9
1246250 1075.1
1246260 1073.2
1246270 1073.2
1246280 1070.1
1246290 1064.9
1246300 1064.9
1246310 1059.2
1246320 1054.8
1246330 1054.8
1246340 1048.3
1246350 1043.4
1246360 1043.4
1246370 1046.1
1246380 1051.7
1246390 1057.6
1246400 1057.6
1246410 1064.5
1246420 1069.6
1246430 1069.6
1246440 1073.0
1246450 1075.6
1246460 1075.6
1246470 1077.6
1246480 1078.2
1246490 1078.2
1246500 1079.6
1246510 1080.8
1246520 1080.8
1246530 1081.8
1246540 1083.4
1246550 1083.4
1246560 1085.0
1246570 1086.9
1246580 1086.9
1246590 1088.6
1246600 1090.6
1246610 1090.6
1246620 1093.5
1246630 1096.7
1246640 1096.7
1246650 1099.6
1246660 1103.6
1246670 1108.7
1246680 1108.7
1246690 1109.9
1246700 1106.4
1246710 1106.4
1246720 1105.7
1246730 1106.8
1246740 1106.8
1246750 1108.6
1246760 1110.2
1246770 1110.2
1246780 1112.8
1246790 1115.4
1246800 1115.4
1246810 1117.6
1246820 1119.1
1246830 1119.1
1246840 1119.5
1246850 1121.0
1246860 1121.0
1246870 1122.9
1246880 1125.7
1246890 1125.7
1246900 1128.7
1246910 1132.7
1246920 1136.7
1246930 1136.7
1246940 1140.6
1246950 1145.0
1246960 1145.0
1246970 1149.5
1246980 1154.3
1246990 1154.3
1247000 1158.5
1247010 1161.2
1247020 1159.8
1247030 1163.2
1247040 1165.6
1247050 1165.6
1247060 1167.8
1247070 1171.8
1247080 1171.8
1247090 1176.3
1247100 1180.3
1247110 1180.3
1247120 1184.3
1247130 1188.5
1247140 1188.5
1247150 1191.2
1247160 1192.4
1247170 1192.4
1247180 1193.2
1247190 1194.2
1247200 1194.9
1247210 1194.9
1247220 1195.3
1247230 1196.2
1247240 1196.2
1247250 1197.5
1247260 1199.0
1247270 1199.0
1247280 1201.0
1247290 1203.0
1247300 1203.0
1247310 1204.6
1247320 1206.2
1247330 1206.2
1247340 1207.5
1247350 1208.8
1247360 1208.8
1247370 1210.0
1247380 1211.8
1247390 1211.8
1247400 1214.1
1247410 1216.7
1247420 1216.7
1247430 1220.3
1247440 1224.0
1247450 1224.0
1247460 1226.8
1247470 1228.7
1247480 1231.1
1247490 1231.1
1247500 1234.1
1247510 1237.1
1247520 1237.1
1247530 1238.8
1247540 1241.0
1247550 1239.5
1247560 1241.6
1247570 1243.0
1247580 1243.0
1247590 1244.6
1247600 1246.7
1247610 1246.7
1247620 1249.5
1247630 1253.4
1247640 1253.4
1247650 1257.4
1247660 1260.3
1247670 1260.3
1247680 1263.6
1247690 1267.1
1247700 1267.1
1247710 1269.4
1247720 1271.2
1247730 1271.2
1247740 1274.0
1247750 1277.6
1247760 1280.8
1247770 1280.8
1247780 1283.8
1247790 1287.1
1247800 1287.1
1247810 1289.5
1247820 1292.1
1247830 1292.1
1247840 1295.7
1247850 1300.1
1247860 1300.1
1247870 1304.4
1247880 1308.5
1247890 1308.5
1247900 1311.8
1247910 1314.6
1247920 1314.6
1247930 1318.6
1247940 1322.8
1247950 1322.8
1247960 1327.8
1247970 1335.1
1247980 1335.1
1247990 1343.1
1248000 1348.6
1248010 1351.5
1248020 1351.5
1248030 1355.5
1248040 1359.6
1248050 1359.6
1248060 1362.9
1248070 1366.5
1248080 1366.5
1248090 1368.6
1248100 1371.9
1248110 1371.9
1248120 1373.9
1248130 1375.4
1248140 1375.4
1248150 1376.8
1248160 1377.9
1248170 1377.9
1248180 1378.1
1248190 1378.4
1248200 1378.4
1248210 1378.6
1248220 1377.6
1248230 1377.6
1248240 1373.5
1248250 1368.3
1248260 1368.3
1248270 1364.5
1248280 1360.8
1248290 1358.9
1248300 1358.9
1248310 1356.0
1248320 1352.8
1248330 1352.8
1248340 1349.3
1248350 1346.2
1248360 1346.2
1248370 1350.0
1248380 1356.8
1248390 1356.8
1248400 1359.2
1248410 1356.6
1248420 1356.6
1248430 1357.8
1248440 1361.5
1248450 1361.5
1248460 1365.3
1248470 1368.0
1248480 1368.0
1248490 1369.2
1248500 1369.1
1248510 1369.1
1248520 1369.4
1248530 1368.4
1248540 1368.4
1248550 1368.4
1248560 1371.3
1248570 1375.7
1248580 1375.7
1248590 1376.9
1248600 1373.4
1248610 1373.4
1248620 1374.3
1248630 1369.9
1248640 1369.9
1248650 1370.3
1248660 1372.0
1248670 1372.0
1248680 1375.0
1248690 1377.8
1248700 1377.8
1248710 1381.1
1248720 1384.6
1248730 1384.6
1248740 1387.6
1248750 1389.4
1248760 1389.4
1248770 1390.5
1248780 1392.0
1248790 1392.0
1248800 1391.7
1248810 1393.7
1248820 1393.7
1248830 1400.3
1248840 1407.0
1248850 1413.3
1248860 1413.3
1248870 1419.4
1248880 1425.0
1248890 1425.0
1248900 1430.7
1248910 1436.6
1248920 1436.6
1248930 1442.2
1248940 1447.2
1248950 1447.2
1248960 1452.4
1248970 1457.0
1248980 1457.0
1248990 1457.8
1249000 1459.2
1249010 1459.2
1249020 1464.0
1249030 1470.5
1249040 1470.5
1249050 1477.1
1249060 1483.3
1249070 1483.3
1249080 1489.3
1249090 1495.2
1249100 1495.2
1249110 1501.1
1249120 1505.5
1249130 1508.8
1249140 1508.8
1249150 1511.3
1249160 1513.6
1249170 1512.0
1249180 1517.9
1249190 1523.7
1249200 1523.7
1249210 1529.7
1249220 1535.7
1249230 1535.7
1249240 1541.6
1249250 1547.5
1249260 1547.5
1249270 1553.5
1249280 1559.7
1249290 1559.7
1249300 1565.9
1249310 1572.5
1249320 1572.5
1249330 1578.8
1249340 1585.2
1249350 1585.2
1249360 1591.3
1249370 1597.0
1249380 1602.2
1249390 1602.2
1249400 1606.9
1249410 1611.6
1249420 1611.6
1249430 1616.7
1249440 1622.0
1249450 1622.0
1249460 1626.8
1249470 1629.9
1249480 1629.9
1249490 1629.3
1249500 1629.0
1249510 1629.0
1249520 1631.9
1249530 1635.3
1249540 1635.3
1249550 1637.9
1249560 1640.3
1249570 1640.3
1249580 1642.7
1249590 1645.6
1249600 1645.6
1249610 1648.8
1249620 1652.3
1249630 1652.3
1249640 1655.3
1249650 1658.1
1249660 1660.4
1249670 1660.4
1249680 1662.3
1249690 1665.3
1249700 1665.3
1249710 1664.7
1249720 1667.7
1249730 1667.7
1249740 1669.9
1249750 1672.9
1249760 1672.9
1249770 1676.2
1249780 1679.5
1249790 1679.5
1249800 1682.6
1249810 1685.7
1249820 1685.7
1249830 1689.2
1249840 1692.0
1249850 1692.0
1249860 1695.1
1249870 1697.6
1249880 1697.6
1249890 1699.9
1249900 1702.5
1249910 1702.5
1249920 1704.4
1249930 1706.3
1249940 1708.6
1249950 1708.6
1249960 1709.6
1249970 1707.1
1249980 1707.1
1249990 1707.0
1250000 1708.0
1250010 1708.0
1250020 1710.2
1250030 1713.9
1250040 1713.9
1250050 1718.1
1250060 1723.1
1250070 1723.1
1250080 1726.2
1250090 1725.2
1250100 1725.2
1250110 1722.6
1250120 1724.9
1250130 1724.9
1250140 1727.0
1250150 1731.8
1250160 1731.8
1250170 1736.2
1250180 1740.3
1250190 1740.3
1250200 1744.1
1250210 1747.1
1250220 1749.1
1250230 1749.1
1250240 1750.1
1250250 1745.8
1250260 1745.8
1250270 1745.8
1250280 1744.9
1250290 1744.9
1250300 1743.2
1250310 1740.6
1250320 1740.6
1250330 1736.1
1250340 1730.8
1250350 1730.8
1250360 1722.9
1250370 1710.8
1250380 1710.8
1250390 1698.1
1250400 1671.5
1250410 1671.5
1250420 1663.3
1250430 1655.5
1250440 1655.5
1250450 1651.5
1250460 1649.2
1250470 1650.8
1250480 1650.8
1250490 1650.8
1250500 1653.4
1250510 1653.4
1250520 1657.3
1250530 1659.7
1250540 1659.7
1250550 1661.3
1250560 1663.0
1250570 1663.0
1250580 1663.7
1250590 1663.9
1250600 1663.9
1250610 1666.6
1250620 1668.4
1250630 1668.4
1250640 1667.9
1250650 1662.0
1250660 1662.0
1250670 1641.6
1250680 1613.5
1250690 1613.5
1250700 1598.5
1250710 1594.3
1250720 1594.3
1250730 1588.2
1250740 1578.0
1250750 1568.3
1250760 1568.3
1250770 1557.1
1250780 1543.5
1250790 1543.5
1250800 1534.7
1250810 1514.2
1250820 1514.2
1250830 1500.5
1250840 1494.0
1250850 1494.0
1250860 1486.9
1250870 1477.8
1250880 1477.8
1250890 1468.5
1250900 1456.0
1250910 1456.0
1250920 1432.7
1250930 1417.7
1250940 1417.7
1250950 1409.0
1250960 1399.2
1250970 1399.2
1250980 1391.1
1250990 1384.0
1251000 1384.0
1251010 1377.1
1251020 1369.5
1251030 1361.8
1251040 1361.8
1251050 1353.9
1251060 1346.5
1251070 1346.5
1251080 1339.5
1251090 1332.4
1251100 1332.4
1251110 1325.8
1251120 1319.6
1251130 1319.6
1251140 1313.6
1251150 1307.7
1251160 1307.7
1251170 1301.9
1251180 1295.7
1251190 1295.7
1251200 1289.3
1251210 1283.0
1251220 1283.0
1251230 1277.0
1251240 1270.9
1251250 1270.9
1251260 1264.8
1251270 1258.5
1251280 1258.5
1251290 1252.0
1251300 1243.9
1251310 1231.2
1251320 1231.2
1251330 1211.9
1251340 1206.8
1251350 1206.8
1251360 1190.2
1251370 1175.6
1251380 1175.6
1251390 1158.6
1251400 1135.9
1251410 1135.9
1251420 1121.0
1251430 1117.5
1251440 1117.5
1251450 1115.5
1251460 1118.7
1251470 1118.7
1251480 1127.3
1251490 1139.3
1251500 1139.3
1251510 1154.3
1251520 1162.8
1251530 1162.8
1251540 1171.5
1251550 1179.6
1251560 1189.0
1251570 1189.0
1251580 1196.2
1251590 1202.4
1251600 1202.4
1251610 1209.1
1251620 1216.0
1251630 1216.0
1251640 1221.0
1251650 1223.7
1251660 1223.7
1251670 1228.5
1251680 1233.6
1251690 1233.6
1251700 1238.4
1251710 1244.5
1251720 1244.5
1251730 1250.7
1251740 1256.4
1251750 1256.4
1251760 1262.0
1251770 1267.1
1251780 1267.1
1251790 1271.6
1251800 1275.8
1251810 1275.8
1251820 1280.8
1251830 1285.9
1251840 1291.5
1251850 1291.5
1251860 1297.2
1251870 1303.1
1251880 1303.1
1251890 1308.5
1251900 1314.5
1251910 1314.5
1251920 1320.4
1251930 1326.4
1251940 1326.4
1251950 1332.4
1251960 1338.7
1251970 1338.7
1251980 1345.0
1251990 1351.6
1252000 1351.6
1252010 1358.1
1252020 1364.4
1252030 1364.4
1252040 1370.4
1252050 1376.4
1252060 1376.4
1252070 1382.8
1252080 1389.7
1252090 1389.7
1252100 1397.0
1252110 1404.5
1252120 1412.2
1252130 1412.2
1252140 1419.6
1252150 1426.6
1252160 1426.6
1252170 1433.0
1252180 1436.8
1252190 1436.8
1252200 1437.9
1252210 1437.1
1252220 1437.1
1252230 1435.1
1252240 1430.7
1252250 1430.7
1252260 1426.3
1252270 1422.8
1252280 1422.8
1252290 1419.7
1252300 1416.5
1252310 1416.5
1252320 1412.9
1252330 1408.3
1252340 1408.3
1252350 1403.5
1252360 1399.1
1252370 1399.1
1252380 1395.6
1252390 1392.7
1252400 1390.1
1252410 1390.1
1252420 1386.8
1252430 1378.2
1252440 1374.9
1252450 1359.5
1252460 1353.4
1252470 1353.4
1252480 1353.6
1252490 1354.4
1252500 1354.4
1252510 1357.5
1252520 1359.2
1252530 1359.2
1252540 1356.9
1252550 1351.8
1252560 1351.8
1252570 1347.0
1252580 1345.0
1252590 1345.0
1252600 1344.2
1252610 1338.8
1252620 1338.8
1252630 1317.7
1252640 1297.5
1252650 1297.5
1252660 1288.6
1252670 1282.3
1252680 1279.3
1252690 1279.3
1252700 1277.5
1252710 1274.1
1252720 1274.1
1252730 1274.3
1252740 1275.3
1252750 1275.3
1252760 1276.0
1252770 1278.2
1252780 1278.2
1252790 1286.9
1252800 1295.3
1252810 1295.3
1252820 1300.9
1252830 1305.2
1252840 1305.2
1252850 1313.0
1252860 1321.0
1252870 1321.0
1252880 1328.2
1252890 1335.5
1252900 1335.5
1252910 1347.5
1252920 1383.3
1252930 1404.9
1252940 1404.9
1252950 1411.6
1252960 1418.1
1252970 1418.1
1252980 1424.2
1252990 1430.5
1253000 1430.5
1253010 1426.6
1253020 1413.3
1253030 1413.3
1253040 1397.0
1253050 1403.3
1253060 1403.3
1253070 1411.1
1253080 1416.1
1253090 1416.1
1253100 1422.6
1253110 1430.4
1253120 1430.4
1253130 1440.5
1253140 1456.2
1253150 1456.2
1253160 1469.3
1253170 1477.8
1253180 1477.8
1253190 1487.5
1253200 1495.7
1253210 1503.8
1253220 1503.8
1253230 1512.2
1253240 1519.8
1253250 1519.8
1253260 1525.7
1253270 1531.8
1253280 1531.8
1253290 1538.4
1253300 1545.8
1253310 1545.8
1253320 1553.4
1253330 1560.9
1253340 1560.9
1253350 1568.0
1253360 1575.3
1253370 1575.3
1253380 1582.7
1253390 1590.9
1253400 1590.9
1253410 1599.3
1253420 1607.3
1253430 1607.3
1253440 1615.3
1253450 1623.7
1253460 1623.7
1253470 1632.1
1253480 1639.5
1253490 1646.0
1253500 1646.0
1253510 1652.0
1253520 1657.7
1253530 1657.7
1253540 1656.1
1253550 1655.6
1253560 1655.6
1253570 1658.6
1253580 1665.1
1253590 1665.1
1253600 1673.9
1253610 1679.7
1253620 1679.7
1253630 1684.8
1253640 1691.5
1253650 1691.5
1253660 1696.7
1253670 1702.5
1253680 1702.5
1253690 1711.2
1253700 1719.2
1253710 1719.2
1253720 1725.8
1253730 1734.3
1253740 1734.3
1253750 1747.1
1253760 1756.8
1253770 1763.4
1253780 1763.4
1253790 1769.2
1253800 1778.4
1253810 1778.4
1253820 1783.9
1253830 1788.8
1253840 1788.8
1253850 1793.6
1253860 1798.2
1253870 1798.2
1253880 1805.6
1253890 1815.7
1253900 1815.7
1253910 1824.4
1253920 1831.8
1253930 1831.8
1253940 1838.8
1253950 1846.1
1253960 1846.1
1253970 1853.5
1253980 1860.1
1253990 1860.1
1254000 1865.6
1254010 1869.9
1254020 1871.5
1254030 1871.5
1254040 1871.0
1254050 1866.6
1254060 1866.6
1254070 1862.2
1254080 1854.3
1254090 1840.3
1254100 1829.5
1254110 1825.0
1254120 1825.0
1254130 1817.2
1254140 1807.0
1254150 1807.0
1254160 1788.7
1254170 1772.6
1254180 1772.6
1254190 1764.6
1254200 1758.3
1254210 1758.3
1254220 1750.3
1254230 1742.1
1254240 1742.1
1254250 1734.4
1254260 1727.0
1254270 1727.0
1254280 1720.2
1254290 1713.6
1254300 1707.3
1254310 1707.3
1254320 1701.1
1254330 1694.8
1254340 1694.8
1254350 1687.9
1254360 1681.0
1254370 1681.0
1254380 1674.6
1254390 1668.6
1254400 1668.6
1254410 1662.5
1254420 1657.4
1254430 1657.4
1254440 1652.9
1254450 1650.1
1254460 1650.1
1254470 1648.0
1254480 1641.8
1254490 1641.8
1254500 1631.9
1254510 1623.6
1254520 1623.6
1254530 1616.9
1254540 1610.2
1254550 1610.2
1254560 1606.5
1254570 1603.6
1254580 1599.3
1254590 1599.3
1254600 1595.1
1254610 1591.5
1254620 1591.5
1254630 1588.5
1254640 1585.2
1254650 1577.5
1254660 1573.0
1254670 1568.5
1254680 1568.5
1254690 1563.9
1254700 1561.2
1254710 1561.2
1254720 1558.9
1254730 1556.8
1254740 1556.8
1254750 1554.5
1254760 1550.3
1254770 1550.3
1254780 1547.8
1254790 1546.2
1254800 1546.2
1254810 1544.9
1254820 1543.1
1254830 1543.1
1254840 1541.3
1254850 1541.3
1254860 1544.9
1254870 1544.9
1254880 1551.3
1254890 1554.7
1254900 1554.7
1254910 1547.7
1254920 1538.8
1254930 1538.8
1254940 1531.1
1254950 1527.9
1254960 1527.9
1254970 1532.2
1254980 1539.2
1254990 1539.2
1255000 1543.1
1255010 1540.6
1255020 1540.6
1255030 1543.0
1255040 1546.7
1255050 1546.7
1255060 1547.0
1255070 1547.3
1255080 1547.3
1255090 1548.0
1255100 1547.7
1255110 1546.4
1255120 1546.4
1255130 1544.3
1255140 1537.1
1255150 1537.1
1255160 1528.8
1255170 1525.2
1255180 1525.2
1255190 1528.6
1255200 1524.9
1255210 1524.9
1255220 1520.9
1255230 1522.6
1255240 1522.6
1255250 1527.6
1255260 1528.4
1255270 1528.4
1255280 1527.9
1255290 1531.0
1255300 1531.0
1255310 1535.0
1255320 1536.6
1255330 1536.6
1255340 1537.5
1255350 1541.6
1255360 1541.6
1255370 1545.5
1255380 1547.3
1255390 1547.1
1255400 1547.1
1255410 1547.0
1255420 1550.4
1255430 1550.4
1255440 1553.8
1255450 1554.5
1255460 1554.5
1255470 1554.4
1255480 1553.7
1255490 1553.7
1255500 1554.6
1255510 1560.5
1255520 1560.5
1255530 1567.2
1255540 1571.1
1255550 1571.1
1255560 1574.8
1255570 1579.9
1255580 1579.9
1255590 1585.5
1255600 1589.0
1255610 1589.0
1255620 1592.3
1255630 1597.1
1255640 1597.1
1255650 1602.6
1255660 1607.8
1255670 1612.8
1255680 1612.8
1255690 1617.9
1255700 1623.7
1255710 1623.7
1255720 1629.9
1255730 1634.2
1255740 1634.2
1255750 1635.9
1255760 1632.9
1255770 1632.9
1255780 1629.8
1255790 1625.8
1255800 1625.8
1255810 1621.5
1255820 1617.3
1255830 1617.3
1255840 1612.7
1255850 1608.2
1255860 1608.2
1255870 1603.8
1255880 1600.0
1255890 1600.0
1255900 1595.3
1255910 1586.1
1255920 1586.1
1255930 1570.3
1255940 1540.1
1255950 1522.9
1255960 1522.9
1255970 1525.5
1255980 1533.0
1255990 1533.0
1256000 1543.5
1256010 1565.4
1256020 1565.4
1256030 1582.8
1256040 1591.6
1256050 1591.6
1256060 1599.5
1256070 1607.1
1256080 1607.1
1256090 1613.7
1256100 1620.0
1256110 1620.0
1256120 1626.4
1256130 1633.1
1256140 1633.1
1256150 1639.7
1256160 1645.8
1256170 1645.8
1256180 1650.9
1256190 1655.0
1256200 1658.6
1256210 1658.6
1256220 1662.6
1256230 1667.3
1256240 1667.3
1256250 1672.0
1256260 1677.0
1256270 1677.0
1256280 1681.5
1256290 1685.8
1256300 1685.8
1256310 1685.0
1256320 1688.0
1256330 1688.0
1256340 1690.9
1256350 1692.2
1256360 1692.2
1256370 1693.3
1256380 1698.0
1256390 1698.0
1256400 1705.5
1256410 1713.2
1256420 1713.2
1256430 1720.0
1256440 1727.0
1256450 1727.0
1256460 1733.7
1256470 1739.5
1256480 1745.4
1256490 1745.4
1256500 1751.6
1256510 1757.4
1256520 1757.4
1256530 1764.3
1256540 1770.7
1256550 1770.7
1256560 1777.3
1256570 1784.2
1256580 1784.2
1256590 1790.2
1256600 1796.6
1256610 1796.6
1256620 1803.0
1256630 1809.6
1256640 1809.6
1256650 1815.3
1256660 1821.3
1256670 1821.3
1256680 1827.2
1256690 1832.6
1256700 1832.6
1256710 1838.9
1256720 1846.0
1256730 1846.0
1256740 1853.0
1256750 1860.5
1256760 1868.1
1256770 1868.1
1256780 1875.4
1256790 1882.2
1256800 1882.2
1256810 1889.0
1256820 1895.1
1256830 1895.1
1256840 1901.7
1256850 1908.3
1256860 1908.3
1256870 1917.5
1256880 1923.4
1256890 1923.4
1256900 1929.6
1256910 1935.1
1256920 1935.1
1256930 1939.4
1256940 1943.4
1256950 1943.4
1256960 1947.1
1256970 1949.7
1256980 1949.7
1256990 1952.0
1257000 1955.1
1257010 1955.1
1257020 1958.2
1257030 1962.4
1257040 1966.6
1257050 1966.6
1257060 1969.1
1257070 1969.1
1257080 1969.1
1257090 1972.3
1257100 1978.1
1257110 1978.1
1257120 1984.5
1257130 1989.5
1257140 1989.5
1257150 1995.1
1257160 2002.5
1257170 2002.5
1257180 2008.9
1257190 2016.6
1257200 2016.6
1257210 2023.7
1257220 2030.1
1257230 2030.1
1257240 2036.9
1257250 2043.6
1257260 2043.6
1257270 2049.8
1257280 2054.8
1257290 2054.8
1257300 2060.5
1257310 2067.4
1257320 2074.8
1257330 2074.8
1257340 2080.2
1257350 2086.0
1257360 2086.0
1257370 2092.8
1257380 2099.4
1257390 2099.4
1257400 2106.6
1257410 2113.3
1257420 2113.3
1257430 2118.4
1257440 2124.9
1257450 2124.9
1257460 2131.7
1257470 2138.5
1257480 2138.5
1257490 2145.0
1257500 2152.1
1257510 2152.1
1257520 2159.3
1257530 2166.4
1257540 2166.4
1257550 2173.2
1257560 2179.9
1257570 2186.8
1257580 2186.8
1257590 2193.4
1257600 2199.7
1257610 2199.7
1257620 2206.5
1257630 2212.9
1257640 2212.9
1257650 2219.3
1257660 2226.2
1257670 2226.2
1257680 2232.6
1257690 2238.7
1257700 2238.7
1257710 2245.1
1257720 2251.4
1257730 2251.4
1257740 2257.6
1257750 2264.1
1257760 2264.1
1257770 2270.2
1257780 2276.1
1257790 2276.1
1257800 2281.7
1257810 2288.0
1257820 2288.0
1257830 2294.5
1257840 2300.0
1257850 2305.9
1257860 2305.9
1257870 2311.9
1257880 2317.9
1257890 2317.9
1257900 2324.0
1257910 2330.2
1257920 2330.2
1257930 2336.2
1257940 2341.7
1257950 2341.7
1257960 2347.4
1257970 2353.2
1257980 2353.2
1257990 2357.0
1258000 2362.6
1258010 2362.6
1258020 2367.8
1258030 2373.3
1258040 2373.3
1258050 2378.3
1258060 2382.9
1258070 2382.9
1258080 2387.5
1258090 2392.2
1258100 2392.2
1258110 2397.1
1258120 2401.6
1258130 2406.1
1258140 2406.1
1258150 2410.8
1258160 2415.5
1258170 2415.5
1258180 2420.0
1258190 2424.5
1258200 2424.5
1258210 2428.8
1258220 2433.1
1258230 2433.1
1258240 2437.7
1258250 2442.6
1258260 2442.6
1258270 2447.1
1258280 2451.5
1258290 2451.5
1258300 2456.2
1258310 2461.1
1258320 2461.1
1258330 2465.8
1258340 2470.1
1258350 2470.1
1258360 2474.3
1258370 2478.4
1258380 2478.4
1258390 2482.3
1258400 2486.1
1258410 2489.8
1258420 2489.8
1258430 2493.4
1258440 2496.9
1258450 2496.9
1258460 2500.1
1258470 2503.0
1258480 2503.0
1258490 2506.2
1258500 2509.2
1258510 2509.2
1258520 2512.1
1258530 2514.8
1258540 2514.8
1258550 2517.7
1258560 2516.0
1258570 2516.0
1258580 2518.6
1258590 2521.0
1258600 2521.0
1258610 2523.2
1258620 2525.1
1258630 2525.1
1258640 2527.1
1258650 2529.7
1258660 2531.5
1258670 2531.5
1258680 2532.6
1258690 2532.6
1258700 2532.6
1258710 2532.6
1258720 2531.9
1258730 2531.9
1258740 2530.7
1258750 2531.3
1258760 2531.3
1258770 2533.5
1258780 2531.1
1258790 2531.1
1258800 2528.7
1258810 2524.1
1258820 2524.1
1258830 2514.8
1258840 2511.1
1258850 2511.1
1258860 2504.3
1258870 2499.2
1258880 2499.2
1258890 2494.2
1258900 2487.9
1258910 2487.9
1258920 2484.1
1258930 2479.3
1258940 2475.0
1258950 2475.0
1258960 2471.4
1258970 2466.5
1258980 2466.5
1258990 2459.5
1259000 2455.5
1259010 2455.5
1259020 2450.9
1259030 2444.9
1259040 2444.9
1259050 2437.5
1259060 2434.3
1259070 2434.3
1259080 2431.0
1259090 2419.1
1259100 2419.1
1259110 2409.5
1259120 2401.2
1259130 2401.2
1259140 2391.5
1259150 2389.5
1259160 2389.5
1259170 2394.4
1259180 2393.7
1259190 2393.7
1259200 2389.9
1259210 2386.9
1259220 2394.5
1259230 2394.5
1259240 2400.9
1259250 2396.6
1259260 2396.6
1259270 2397.9
1259280 2400.2
1259290 2400.2
1259300 2383.5
1259310 2371.6
1259320 2371.6
1259330 2377.0
1259340 2383.1
1259350 2383.1
1259360 2381.7
1259370 2381.9
1259380 2381.9
1259390 2381.7
1259400 2375.7
1259410 2375.7
1259420 2367.2
1259430 2358.7
1259440 2358.7
1259450 2348.0
1259460 2340.0
1259470 2340.0
1259480 2343.5
1259490 2351.3
1259500 2354.8
1259510 2354.8
1259520 2354.3
1259530 2347.5
1259540 2347.5
1259550 2330.5
1259560 2316.8
1259570 2316.8
1259580 2308.1
1259590 2300.9
1259600 2300.9
1259610 2293.0
1259620 2284.5
1259630 2284.5
1259640 2276.1
1259650 2270.1
1259660 2270.1
1259670 2269.9
1259680 2271.2
1259690 2310.4
1259700 2323.1
1259710 2322.8
1259720 2322.8
1259730 2317.3
1259740 2305.9
1259750 2284.6
1259760 2284.6
1259770 2258.5
1259780 2236.8
1259790 2236.8
1259800 2233.0
1259810 2229.5
1259820 2229.5
1259830 2220.3
1259840 2216.4
1259850 2216.4
1259860 2218.3
1259870 2225.5
1259880 2225.5
1259890 2228.3
1259900 2230.6
1259910 2230.6
1259920 2235.5
1259930 2241.1
1259940 2241.1
1259950 2247.0
1259960 2253.5
1259970 2253.5
1259980 2260.5
1259990 2267.9
