1240000 1088.7
1240010 1089.5
1240020 1089.5
1240030 1090.2
1240040 1090.9
1240050 1090.9
1240060 1091.6
1240070 1092.5
1240080 1092.5
1240090 1093.2
1240100 1094.0
1240110 1094.0
1240120 1095.2
1240130 1097.7
1240140 1097.7
1240150 1102.2
1240160 1108.2
1240170 1108.2
1240180 1113.1
1240190 1117.5
1240200 1120.7
1240210 1120.7
1240220 1123.4
1240230 1126.7
1240240 1126.7
1240250 1131.3
1240260 1136.9
1240270 1136.9
1240280 1142.0
1240290 1146.9
1240300 1146.9
1240310 1151.8
1240320 1157.2
1240330 1157.2
1240340 1163.1
1240350 1168.4
1240360 1168.4
1240370 1172.9
1240380 1176.6
1240390 1176.6
1240400 1179.7
1240410 1174.0
1240420 1174.0
1240430 1175.4
1240440 1176.3
1240450 1176.3
1240460 1176.3
1240470 1175.6
1240480 1175.1
1240490 1175.1
1240500 1176.1
1240510 1178.3
1240520 1178.3
1240530 1180.3
1240540 1180.9
1240550 1180.9
1240560 1179.5
1240570 1178.2
1240580 1178.2
1240590 1177.1
1240600 1176.3
1240610 1176.3
1240620 1176.0
1240630 1176.4
1240640 1176.4
1240650 1176.9
1240660 1177.7
1240670 1177.7
1240680 1178.4
1240690 1179.3
1240700 1179.3
1240710 1180.6
1240720 1182.3
1240730 1184.9
1240740 1184.9
1240750 1187.8
1240760 1190.3
1240770 1190.3
1240780 1192.5
1240790 1194.5
1240800 1194.5
1240810 1196.2
1240820 1196.9
1240830 1196.9
1240840 1199.4
1240850 1203.4
1240860 1203.4
1240870 1205.5
1240880 1207.2
1240890 1207.2
1240900 1208.7
1240910 1209.3
1240920 1209.3
1240930 1210.2
1240940 1212.2
1240950 1212.2
1240960 1213.8
1240970 1214.7
1240980 1214.7
1240990 1215.8
1241000 1216.7
1241010 1217.7
1241020 1217.7
1241030 1218.0
1241040 1218.5
1241050 1218.5
1241060 1219.2
1241070 1219.6
1241080 1219.6
1241090 1219.4
1241100 1219.2
1241110 1219.2
1241120 1219.4
1241130 1221.3
1241140 1221.3
1241150 1223.3
1241160 1224.3
1241170 1224.3
1241180 1224.2
1241190 1223.4
1241200 1223.4
1241210 1221.8
1241220 1220.5
1241230 1220.5
1241240 1220.2
1241250 1220.2
1241260 1220.2
1241270 1220.6
1241280 1222.5
1241290 1226.0
1241300 1226.0
1241310 1230.2
1241320 1233.3
1241330 1233.3
1241340 1235.3
1241350 1237.5
1241360 1237.5
1241370 1239.4
1241380 1241.6
1241390 1241.6
1241400 1243.5
1241410 1244.7
1241420 1244.7
1241430 1245.1
1241440 1246.9
1241450 1247.4
1241460 1249.8
1241470 1253.2
1241480 1253.2
1241490 1256.9
1241500 1259.3
1241510 1259.3
1241520 1260.6
1241530 1264.6
1241540 1264.6
1241550 1268.9
1241560 1273.9
1241570 1277.6
1241580 1277.6
1241590 1278.9
1241600 1279.5
1241610 1279.5
1241620 1279.3
1241630 1277.6
1241640 1277.6
1241650 1274.4
1241660 1270.9
1241670 1270.9
1241680 1268.0
1241690 1265.7
1241700 1265.7
1241710 1263.0
1241720 1260.0
1241730 1260.0
1241740 1256.1
1241750 1251.9
1241760 1251.9
1241770 1250.5
1241780 1248.7
1241790 1248.7
1241800 1246.3
1241810 1243.4
1241820 1243.4
1241830 1241.5
1241840 1240.3
1241850 1238.5
1241860 1238.5
1241870 1235.7
1241880 1233.4
1241890 1233.4
1241900 1232.0
1241910 1231.7
1241920 1231.7
1241930 1232.1
1241940 1234.4
1241950 1234.4
1241960 1236.6
1241970 1238.3
1241980 1240.8
1241990 1243.3
1242000 1246.7
1242010 1246.7
1242020 1251.4
1242030 1256.5
1242040 1256.5
1242050 1261.4
1242060 1266.7
1242070 1266.7
1242080 1271.7
1242090 1276.2
1242100 1276.2
1242110 1277.7
1242120 1278.0
1242130 1278.9
1242140 1278.9
1242150 1280.2
1242160 1281.8
1242170 1281.8
1242180 1281.9
1242190 1283.2
1242200 1283.2
1242210 1284.9
1242220 1286.9
1242230 1286.9
1242240 1288.7
1242250 1288.9
1242260 1288.9
1242270 1288.0
1242280 1289.1
1242290 1289.1
1242300 1290.9
1242310 1292.5
1242320 1292.5
1242330 1295.1
1242340 1299.0
1242350 1299.0
1242360 1303.3
1242370 1306.4
1242380 1307.5
1242390 1307.5
1242400 1308.6
1242410 1311.4
1242420 1311.4
1242430 1312.6
1242440 1310.8
1242450 1310.8
1242460 1307.3
1242470 1304.3
1242480 1304.3
1242490 1304.0
1242500 1307.3
1242510 1307.3
1242520 1311.0
1242530 1314.4
1242540 1314.4
1242550 1316.7
1242560 1319.2
1242570 1319.2
1242580 1320.8
1242590 1321.6
1242600 1321.6
1242610 1322.1
1242620 1322.7
1242630 1322.7
1242640 1324.6
1242650 1327.3
1242660 1330.3
1242670 1330.3
1242680 1333.7
1242690 1338.2
1242700 1338.2
1242710 1342.2
1242720 1345.9
1242730 1345.9
1242740 1349.7
1242750 1353.3
1242760 1353.3
1242770 1354.8
1242780 1354.5
1242790 1354.5
1242800 1354.6
1242810 1357.3
1242820 1357.3
1242830 1362.2
1242840 1365.2
1242850 1365.2
1242860 1369.5
1242870 1373.1
1242880 1373.1
1242890 1375.4
1242900 1377.0
1242910 1377.0
1242920 1377.7
1242930 1378.6
1242940 1379.7
1242950 1379.7
1242960 1380.3
1242970 1380.8
1242980 1380.8
1242990 1382.0
1243000 1384.2
1243010 1384.2
1243020 1387.5
1243030 1395.3
1243040 1395.3
1243050 1397.7
1243060 1400.0
1243070 1400.0
1243080 1402.5
1243090 1404.5
1243100 1404.5
1243110 1406.8
1243120 1409.4
1243130 1409.4
1243140 1411.4
1243150 1414.5
1243160 1414.5
1243170 1418.2
1243180 1419.6
1243190 1419.6
1243200 1421.3
1243210 1424.3
1243220 1426.3
1243230 1426.3
1243240 1427.4
1243250 1427.9
1243260 1427.9
1243270 1429.1
1243280 1431.2
1243290 1431.2
1243300 1434.1
1243310 1436.5
1243320 1436.5
1243330 1438.3
1243340 1440.0
1243350 1440.0
1243360 1441.2
1243370 1442.6
1243380 1442.6
1243390 1443.9
1243400 1444.5
1243410 1444.5
1243420 1444.3
1243430 1443.6
1243440 1443.6
1243450 1443.1
1243460 1442.5
1243470 1442.5
1243480 1442.4
1243490 1442.9
1243500 1443.4
1243510 1443.4
1243520 1443.2
1243530 1442.6
1243540 1442.6
1243550 1442.8
1243560 1443.6
1243570 1443.6
1243580 1445.7
1243590 1448.2
1243600 1448.2
1243610 1450.4
1243620 1452.6
1243630 1452.6
1243640 1455.7
1243650 1459.8
1243660 1459.8
1243670 1464.4
1243680 1468.7
1243690 1468.7
1243700 1472.9
1243710 1477.5
1243720 1477.5
1243730 1481.2
1243740 1483.1
1243750 1483.1
1243760 1483.4
1243770 1484.0
1243780 1484.4
1243790 1484.4
1243800 1483.7
1243810 1482.0
1243820 1482.0
1243830 1480.6
1243840 1480.6
1243850 1480.6
1243860 1481.8
1243870 1483.0
1243880 1483.0
1243890 1483.2
1243900 1482.7
1243910 1482.7
1243920 1481.3
1243930 1480.2
1243940 1480.2
1243950 1479.4
1243960 1479.0
1243970 1479.0
1243980 1478.8
1243990 1477.6
1244000 1477.6
1244010 1476.1
1244020 1474.3
1244030 1474.3
1244040 1471.7
1244050 1468.9
1244060 1466.8
1244070 1466.8
1244080 1466.0
1244090 1465.1
1244100 1465.1
1244110 1463.6
1244120 1461.7
1244130 1461.7
1244140 1460.3
1244150 1460.7
1244160 1460.7
1244170 1460.9
1244180 1459.8
1244190 1459.8
1244200 1457.5
1244210 1454.5
1244220 1454.5
1244230 1451.3
1244240 1447.5
1244250 1447.5
1244260 1445.1
1244270 1442.1
1244280 1442.1
1244290 1439.0
1244300 1436.0
1244310 1433.9
1244320 1433.9
1244330 1431.7
1244340 1428.3
1244350 1428.3
1244360 1424.8
1244370 1422.1
1244380 1422.1
1244390 1418.3
1244400 1414.5
1244410 1414.5
1244420 1410.8
1244430 1407.8
1244440 1407.8
1244450 1404.4
1244460 1401.5
1244470 1401.5
1244480 1398.7
1244490 1395.4
1244500 1395.4
1244510 1392.5
1244520 1389.2
1244530 1389.2
1244540 1385.4
1244550 1381.3
1244560 1381.3
1244570 1377.4
1244580 1372.7
1244590 1367.7
1244600 1367.7
1244610 1363.8
1244620 1359.9
1244630 1359.9
1244640 1357.3
1244650 1355.3
1244660 1355.3
1244670 1354.6
1244680 1352.1
1244690 1352.1
1244700 1349.6
1244710 1348.0
1244720 1348.0
1244730 1346.3
1244740 1345.0
1244750 1345.0
1244760 1341.8
1244770 1336.8
1244780 1336.8
1244790 1331.5
1244800 1326.0
1244810 1326.0
1244820 1326.3
1244830 1330.3
1244840 1330.3
1244850 1331.8
1244860 1332.5
1244870 1332.8
1244880 1332.8
1244890 1334.4
1244900 1334.4
1244910 1334.4
1244920 1333.0
1244930 1331.2
1244940 1331.2
1244950 1330.2
1244960 1331.3
1244970 1331.3
1244980 1331.5
1244990 1331.3
1245000 1331.3
1245010 1331.1
1245020 1331.1
1245030 1331.1
1245040 1332.0
1245050 1332.9
1245060 1332.9
1245070 1334.4
1245080 1336.4
1245090 1336.4
1245100 1338.5
1245110 1340.6
1245120 1340.6
1245130 1341.0
1245140 1340.9
1245150 1339.2
1245160 1339.2
1245170 1338.0
1245180 1335.8
1245190 1335.8
1245200 1333.0
1245210 1330.3
1245220 1330.3
1245230 1328.0
1245240 1326.1
1245250 1326.1
1245260 1324.7
1245270 1323.3
1245280 1323.3
1245290 1322.2
1245300 1321.5
1245310 1321.5
1245320 1321.3
1245330 1321.4
1245340 1321.4
1245350 1321.2
1245360 1321.1
1245370 1321.1
1245380 1321.0
1245390 1320.9
1245400 1320.9
1245410 1320.4
1245420 1319.1
1245430 1318.1
1245440 1318.1
1245450 1317.4
1245460 1317.0
1245470 1317.0
1245480 1316.2
1245490 1315.2
1245500 1315.2
1245510 1313.9
1245520 1312.0
1245530 1312.0
1245540 1310.1
1245550 1307.6
1245560 1307.6
1245570 1304.8
1245580 1300.8
1245590 1300.8
1245600 1296.6
1245610 1292.6
1245620 1292.6
1245630 1289.4
1245640 1287.0
1245650 1287.0
1245660 1285.4
1245670 1284.5
1245680 1285.6
1245690 1281.4
1245700 1277.0
1245710 1274.4
1245720 1274.4
1245730 1270.3
1245740 1264.3
1245750 1264.3
1245760 1258.7
1245770 1254.4
1245780 1254.4
1245790 1251.5
1245800 1249.0
1245810 1249.0
1245820 1245.3
1245830 1240.5
1245840 1240.5
1245850 1235.3
1245860 1231.0
1245870 1231.0
1245880 1226.8
1245890 1222.5
1245900 1222.5
1245910 1217.5
1245920 1212.4
1245930 1212.4
1245940 1207.6
1245950 1204.3
1245960 1202.2
1245970 1202.2
1245980 1199.5
1245990 1196.3
1246000 1196.3
1246010 1194.1
1246020 1192.1
1246030 1192.1
1246040 1189.5
1246050 1186.4
1246060 1186.4
1246070 1183.3
1246080 1180.0
1246090 1180.0
1246100 1177.3
1246110 1175.4
1246120 1175.4
1246130 1172.6
1246140 1169.5
1246150 1169.5
1246160 1167.1
1246170 1164.9
1246180 1164.9
1246190 1163.2
1246200 1162.2
1246210 1161.9
1246220 1161.4
1246230 1161.0
1246240 1160.7
1246250 1160.7
1246260 1160.5
1246270 1160.3
1246280 1160.3
1246290 1159.9
1246300 1158.6
1246310 1158.6
1246320 1157.5
1246330 1157.1
1246340 1157.1
1246350 1156.1
1246360 1154.0
1246370 1154.0
1246380 1151.5
1246390 1149.4
1246400 1149.4
1246410 1147.6
1246420 1145.6
1246430 1145.6
1246440 1143.6
1246450 1141.5
1246460 1141.5
1246470 1138.9
1246480 1136.6
1246490 1136.6
1246500 1134.5
1246510 1132.6
1246520 1131.1
1246530 1131.1
1246540 1129.0
1246550 1127.7
1246560 1127.7
1246570 1127.0
1246580 1125.2
1246590 1125.2
1246600 1124.7
1246610 1124.6
1246620 1124.6
1246630 1125.0
1246640 1125.3
1246650 1125.3
1246660 1124.0
1246670 1123.2
1246680 1123.2
1246690 1123.5
1246700 1123.4
1246710 1123.4
1246720 1122.6
1246730 1119.2
1246740 1119.2
1246750 1115.2
1246760 1114.4
1246770 1114.4
1246780 1113.8
1246790 1112.6
1246800 1111.6
1246810 1111.6
1246820 1112.2
1246830 1114.5
1246840 1114.5
1246850 1118.0
1246860 1119.9
1246870 1119.9
1246880 1121.5
1246890 1123.6
1246900 1123.6
1246910 1125.7
1246920 1128.7
1246930 1128.7
1246940 1132.0
1246950 1135.5
1246960 1135.5
1246970 1138.8
1246980 1140.7
1246990 1140.7
1247000 1141.7
1247010 1142.7
1247020 1142.7
1247030 1143.2
1247040 1145.0
1247050 1145.0
1247060 1147.7
1247070 1151.0
1247080 1151.4
1247090 1151.4
1247100 1154.1
1247110 1156.1
1247120 1156.1
1247130 1159.7
1247140 1163.8
1247150 1163.8
1247160 1166.7
1247170 1167.1
1247180 1167.1
1247190 1167.6
1247200 1169.6
1247210 1169.6
1247220 1172.7
1247230 1174.5
1247240 1174.5
1247250 1174.5
1247260 1176.9
1247270 1176.9
1247280 1177.4
1247290 1180.8
1247300 1180.8
1247310 1184.3
1247320 1187.3
1247330 1187.3
1247340 1190.2
1247350 1192.6
1247360 1194.6
1247370 1194.6
1247380 1196.9
1247390 1199.4
1247400 1199.4
1247410 1201.8
1247420 1204.4
1247430 1204.4
1247440 1207.3
1247450 1210.7
1247460 1210.7
1247470 1214.2
1247480 1218.2
1247490 1218.2
1247500 1222.6
1247510 1228.0
1247520 1228.0
1247530 1233.6
1247540 1239.2
1247550 1239.2
1247560 1244.8
1247570 1250.2
1247580 1250.2
1247590 1255.5
1247600 1260.4
1247610 1260.4
1247620 1265.8
1247630 1271.2
1247640 1275.6
1247650 1275.6
1247660 1279.5
1247670 1283.5
1247680 1283.5
1247690 1288.9
1247700 1295.2
1247710 1295.2
1247720 1302.3
1247730 1309.9
1247740 1309.9
1247750 1315.8
1247760 1322.8
1247770 1322.8
1247780 1330.6
1247790 1337.1
1247800 1337.1
1247810 1341.7
1247820 1347.8
1247830 1347.8
1247840 1352.0
1247850 1356.0
1247860 1356.0
1247870 1359.7
1247880 1364.0
1247890 1368.4
1247900 1368.4
1247910 1373.4
1247920 1378.4
1247930 1378.4
1247940 1382.4
1247950 1386.4
1247960 1386.4
1247970 1391.2
1247980 1396.3
1247990 1396.3
1248000 1401.2
1248010 1405.0
1248020 1405.0
1248030 1406.7
1248040 1409.9
1248050 1409.9
1248060 1414.5
1248070 1418.7
1248080 1418.7
1248090 1421.6
1248100 1424.6
1248110 1424.6
1248120 1428.0
1248130 1431.6
1248140 1431.6
1248150 1433.7
1248160 1435.9
1248170 1439.9
1248180 1439.9
1248190 1445.1
1248200 1451.3
1248210 1451.3
1248220 1458.3
1248230 1465.3
1248240 1465.3
1248250 1472.8
1248260 1481.4
1248270 1481.4
1248280 1490.0
1248290 1499.8
1248300 1499.8
1248310 1509.4
1248320 1517.4
1248330 1517.4
1248340 1523.8
1248350 1530.6
1248360 1532.3
1248370 1539.9
1248380 1547.6
1248390 1547.6
1248400 1554.8
1248410 1561.7
1248420 1561.7
1248430 1568.7
1248440 1576.6
1248450 1583.1
1248460 1583.1
1248470 1587.4
1248480 1591.4
1248490 1591.4
1248500 1596.4
1248510 1602.1
1248520 1602.1
1248530 1608.1
1248540 1614.3
1248550 1614.3
1248560 1620.7
1248570 1626.0
1248580 1626.0
1248590 1631.6
1248600 1637.8
1248610 1637.8
1248620 1644.0
1248630 1649.9
1248640 1649.9
1248650 1655.1
1248660 1660.3
1248670 1660.3
1248680 1665.7
1248690 1671.0
1248700 1671.0
1248710 1676.1
1248720 1681.2
1248730 1686.1
1248740 1686.1
1248750 1690.6
1248760 1694.3
1248770 1694.3
1248780 1698.0
1248790 1701.8
1248800 1701.8
1248810 1705.5
1248820 1708.6
1248830 1708.6
1248840 1710.7
1248850 1712.1
1248860 1712.1
1248870 1713.6
1248880 1715.4
1248890 1715.4
1248900 1723.3
1248910 1726.9
1248920 1726.9
1248930 1729.1
1248940 1730.1
1248950 1730.1
1248960 1732.8
1248970 1737.2
1248980 1737.2
1248990 1742.8
1249000 1749.3
1249010 1757.4
1249020 1757.4
1249030 1765.2
1249040 1771.1
1249050 1771.1
1249060 1776.9
1249070 1782.6
1249080 1782.6
1249090 1787.3
1249100 1788.5
1249110 1788.5
1249120 1787.2
1249130 1786.7
1249140 1786.7
1249150 1786.8
1249160 1786.8
1249170 1786.8
1249180 1787.0
1249190 1786.5
1249200 1786.5
1249210 1786.2
1249220 1786.1
1249230 1786.1
1249240 1786.2
1249250 1786.5
1249260 1786.5
1249270 1786.1
1249280 1786.3
1249290 1787.3
1249300 1787.3
1249310 1788.8
1249320 1789.9
1249330 1789.9
1249340 1788.9
1249350 1786.4
1249360 1786.4
1249370 1786.3
1249380 1787.9
1249390 1787.9
1249400 1788.4
1249410 1792.4
1249420 1792.4
1249430 1797.5
1249440 1806.4
1249450 1806.4
1249460 1813.1
1249470 1820.2
1249480 1820.2
1249490 1827.3
1249500 1835.4
1249510 1835.4
1249520 1843.5
1249530 1852.8
1249540 1860.5
1249550 1860.5
1249560 1866.7
1249570 1872.0
1249580 1872.0
1249590 1875.8
1249600 1878.7
1249610 1878.7
1249620 1881.3
1249630 1882.4
1249640 1882.4
1249650 1881.9
1249660 1883.6
1249670 1883.6
1249680 1886.6
1249690 1891.0
1249700 1891.0
1249710 1896.5
1249720 1902.6
1249730 1902.6
1249740 1907.9
1249750 1912.1
1249760 1912.1
1249770 1916.4
1249780 1920.5
1249790 1920.5
1249800 1925.1
1249810 1930.1
1249820 1934.9
1249830 1934.9
1249840 1939.1
1249850 1942.8
1249860 1942.8
1249870 1946.0
1249880 1948.0
1249890 1948.0
1249900 1949.6
1249910 1950.8
1249920 1950.8
1249930 1950.2
1249940 1949.1
1249950 1949.1
1249960 1948.6
1249970 1948.0
1249980 1952.2
1249990 1951.3
1250000 1948.9
1250010 1948.9
1250020 1942.5
1250030 1933.9
1250040 1933.9
1250050 1925.3
1250060 1917.7
1250070 1917.7
1250080 1912.3
1250090 1908.3
1250100 1905.0
1250110 1905.0
1250120 1900.5
1250130 1891.3
1250140 1891.3
1250150 1880.9
1250160 1872.8
1250170 1872.8
1250180 1864.9
1250190 1856.5
1250200 1856.5
1250210 1842.9
1250220 1824.3
1250230 1824.3
1250240 1812.6
1250250 1799.8
1250260 1799.8
1250270 1793.1
1250280 1781.4
1250290 1781.4
1250300 1773.7
1250310 1765.2
1250320 1765.2
1250330 1757.1
1250340 1749.0
1250350 1749.0
1250360 1739.1
1250370 1731.5
1250380 1724.8
1250390 1724.8
1250400 1718.0
1250410 1711.7
1250420 1711.7
1250430 1705.0
1250440 1697.6
1250450 1697.6
1250460 1692.3
1250470 1687.5
1250480 1687.5
1250490 1684.3
1250500 1681.1
1250510 1681.1
1250520 1678.8
1250530 1671.1
1250540 1671.1
1250550 1672.0
1250560 1670.4
1250570 1670.4
1250580 1670.1
1250590 1673.1
1250600 1673.1
1250610 1676.0
1250620 1677.9
1250630 1677.9
1250640 1674.2
1250650 1668.6
1250660 1660.9
1250670 1660.9
1250680 1645.3
1250690 1631.3
1250700 1631.3
1250710 1629.6
1250720 1640.9
1250730 1640.9
1250740 1649.6
1250750 1649.3
1250760 1649.3
1250770 1645.5
1250780 1640.3
1250790 1640.3
1250800 1638.4
1250810 1635.3
1250820 1635.3
1250830 1631.9
1250840 1629.0
1250850 1629.0
1250860 1625.2
1250870 1621.8
1250880 1621.8
1250890 1616.0
1250900 1613.1
1250910 1613.1
1250920 1612.0
1250930 1608.2
1250940 1605.0
1250950 1605.0
1250960 1600.4
1250970 1596.3
1250980 1596.3
1250990 1592.1
1251000 1588.0
1251010 1588.0
1251020 1587.1
1251030 1583.6
1251040 1583.6
1251050 1578.9
1251060 1571.4
1251070 1567.5
1251080 1559.1
1251090 1554.5
1251100 1554.5
1251110 1556.9
1251120 1554.7
1251130 1554.7
1251140 1551.5
1251150 1548.7
1251160 1548.7
1251170 1545.2
1251180 1544.5
1251190 1541.8
1251200 1541.8
1251210 1538.0
1251220 1533.8
1251230 1533.8
1251240 1529.0
1251250 1523.1
1251260 1523.1
1251270 1516.8
1251280 1510.0
1251290 1510.0
1251300 1501.1
1251310 1489.2
1251320 1489.2
1251330 1482.1
1251340 1461.8
1251350 1461.8
1251360 1446.1
1251370 1441.8
1251380 1441.8
1251390 1427.3
1251400 1416.3
1251410 1416.3
1251420 1406.7
1251430 1393.6
1251440 1393.6
1251450 1377.2
1251460 1365.3
1251470 1364.8
1251480 1364.8
1251490 1368.4
1251500 1373.0
1251510 1373.0
1251520 1376.9
1251530 1381.7
1251540 1381.7
1251550 1387.5
1251560 1393.1
1251570 1393.1
1251580 1400.8
1251590 1411.9
1251600 1411.9
1251610 1416.5
1251620 1402.3
1251630 1402.3
1251640 1406.2
1251650 1411.2
1251660 1411.2
1251670 1416.0
1251680 1413.8
1251690 1413.8
1251700 1413.5
1251710 1414.2
1251720 1414.2
1251730 1416.0
1251740 1417.2
1251750 1421.2
1251760 1421.2
1251770 1425.3
1251780 1423.6
1251790 1423.6
1251800 1430.3
1251810 1434.5
1251820 1434.5
1251830 1431.8
1251840 1431.1
1251850 1431.1
1251860 1439.7
1251870 1448.7
1251880 1448.7
1251890 1449.8
1251900 1449.3
1251910 1449.3
1251920 1451.0
1251930 1443.2
1251940 1443.2
1251950 1446.0
1251960 1460.9
1251970 1460.9
1251980 1467.2
1251990 1475.2
1252000 1475.2
1252010 1479.0
1252020 1482.9
1252030 1487.3
1252040 1487.3
1252050 1493.2
1252060 1499.3
1252070 1499.3
1252080 1509.2
1252090 1516.0
1252100 1516.0
1252110 1520.3
1252120 1526.5
1252130 1526.5
1252140 1532.3
1252150 1539.8
1252160 1539.8
1252170 1549.3
1252180 1559.6
1252190 1559.6
1252200 1568.0
1252210 1580.0
1252220 1580.0
1252230 1591.4
1252240 1598.2
1252250 1598.2
1252260 1604.5
1252270 1615.1
1252280 1615.1
1252290 1622.9
1252300 1630.3
1252310 1639.8
1252320 1639.8
1252330 1649.4
1252340 1659.3
1252350 1659.3
1252360 1669.2
1252370 1679.5
1252380 1679.5
1252390 1688.7
1252400 1696.2
1252410 1696.2
1252420 1702.3
1252430 1709.0
1252440 1709.0
1252450 1715.7
1252460 1722.3
1252470 1722.3
1252480 1728.7
1252490 1735.3
1252500 1735.3
1252510 1741.9
1252520 1746.9
1252530 1746.9
1252540 1750.8
1252550 1750.3
1252560 1750.3
1252570 1744.8
1252580 1737.8
1252590 1732.8
1252600 1732.8
1252610 1729.1
1252620 1725.9
1252630 1725.9
1252640 1723.1
1252650 1720.0
1252660 1720.0
1252670 1717.6
1252680 1713.4
1252690 1713.4
1252700 1708.5
1252710 1702.8
1252720 1698.1
1252730 1692.8
1252740 1688.0
1252750 1688.0
1252760 1684.9
1252770 1679.2
1252780 1679.2
1252790 1674.7
1252800 1671.3
1252810 1671.3
1252820 1665.2
1252830 1656.5
1252840 1645.7
1252850 1645.7
1252860 1636.0
1252870 1627.2
1252880 1627.2
1252890 1617.9
1252900 1609.6
1252910 1609.6
1252920 1607.7
1252930 1612.0
1252940 1612.0
1252950 1617.7
1252960 1624.1
1252970 1624.1
1252980 1622.4
1252990 1615.9
1253000 1615.9
1253010 1618.5
1253020 1622.8
1253030 1622.8
1253040 1628.8
1253050 1635.3
1253060 1635.3
1253070 1642.1
1253080 1648.9
1253090 1648.9
1253100 1653.8
1253110 1658.8
1253120 1664.0
1253130 1664.0
1253140 1668.8
1253150 1673.5
1253160 1673.5
1253170 1678.4
1253180 1683.1
1253190 1683.1
1253200 1688.9
1253210 1697.0
1253220 1697.0
1253230 1705.2
1253240 1713.0
1253250 1713.0
1253260 1718.4
1253270 1720.4
1253280 1720.4
1253290 1726.9
1253300 1732.3
1253310 1732.3
1253320 1735.6
1253330 1737.2
1253340 1737.2
1253350 1737.4
1253360 1734.6
1253370 1734.6
1253380 1730.2
1253390 1724.6
1253400 1713.6
1253410 1713.6
1253420 1705.1
1253430 1698.8
1253440 1698.8
1253450 1695.7
1253460 1693.5
1253470 1693.5
1253480 1690.7
1253490 1688.6
1253500 1688.6
1253510 1688.8
1253520 1687.4
1253530 1687.4
1253540 1689.4
1253550 1695.1
1253560 1695.1
1253570 1701.7
1253580 1705.1
1253590 1705.1
1253600 1707.3
1253610 1709.6
1253620 1709.6
1253630 1711.9
1253640 1713.4
1253650 1713.4
1253660 1715.0
1253670 1717.0
1253680 1719.1
1253690 1719.1
1253700 1721.0
1253710 1724.5
1253720 1724.5
1253730 1729.4
1253740 1734.1
1253750 1734.1
1253760 1738.9
1253770 1743.4
1253780 1743.4
1253790 1747.8
1253800 1748.4
1253810 1748.4
1253820 1747.7
1253830 1752.2
1253840 1752.2
1253850 1757.0
1253860 1763.1
1253870 1763.1
1253880 1768.1
1253890 1770.6
1253900 1770.6
1253910 1772.5
1253920 1776.6
1253930 1776.6
1253940 1780.9
1253950 1784.1
1253960 1787.2
1253970 1787.2
1253980 1790.8
1253990 1794.6
1254000 1794.6
1254010 1799.1
1254020 1803.7
1254030 1803.7
1254040 1807.6
1254050 1808.9
1254060 1808.9
1254070 1806.8
1254080 1805.1
1254090 1805.1
1254100 1804.7
1254110 1807.8
1254120 1807.8
1254130 1815.3
1254140 1823.1
1254150 1823.1
1254160 1831.0
1254170 1838.2
1254180 1838.2
1254190 1844.8
1254200 1851.8
1254210 1851.8
1254220 1858.6
1254230 1865.4
1254240 1871.4
1254250 1871.4
1254260 1877.4
1254270 1884.0
1254280 1884.0
1254290 1890.4
1254300 1896.9
1254310 1896.9
1254320 1903.0
1254330 1908.4
1254340 1908.4
1254350 1913.5
1254360 1918.6
1254370 1913.9
1254380 1919.5
1254390 1925.3
1254400 1925.3
1254410 1931.2
1254420 1936.3
1254430 1936.3
1254440 1942.1
1254450 1946.2
1254460 1946.2
1254470 1951.5
1254480 1956.5
1254490 1956.5
1254500 1962.0
1254510 1968.1
1254520 1972.9
1254530 1972.9
1254540 1978.7
1254550 1985.8
1254560 1985.8
1254570 1991.1
1254580 1996.3
1254590 1996.3
1254600 2005.3
1254610 2011.7
1254620 2011.7
1254630 2016.9
1254640 2022.8
1254650 2022.8
1254660 2027.3
1254670 2032.5
1254680 2032.5
1254690 2038.1
1254700 2040.6
1254710 2040.6
1254720 2035.1
1254730 2028.0
1254740 2028.0
1254750 2022.1
1254760 2017.5
1254770 2012.4
1254780 2012.4
1254790 2007.9
1254800 2003.0
1254810 2003.0
1254820 1998.6
1254830 1994.4
1254840 1994.4
1254850 1989.4
1254860 1984.8
1254870 1984.8
1254880 1979.2
1254890 1973.9
1254900 1973.9
1254910 1968.8
1254920 1958.2
1254930 1958.2
1254940 1950.5
1254950 1943.4
1254960 1943.4
1254970 1936.3
1254980 1931.9
1254990 1931.9
1255000 1928.1
1255010 1924.8
1255020 1924.8
1255030 1922.3
1255040 1923.4
1255050 1924.0
1255060 1924.0
1255070 1920.3
1255080 1914.0
1255090 1914.0
1255100 1907.2
1255110 1900.4
1255120 1900.4
1255130 1893.5
1255140 1885.3
1255150 1885.3
1255160 1878.1
1255170 1871.5
1255180 1871.5
1255190 1864.9
1255200 1858.5
1255210 1858.5
1255220 1852.4
1255230 1846.5
1255240 1846.5
1255250 1841.5
1255260 1837.0
1255270 1837.0
1255280 1832.3
1255290 1828.2
1255300 1828.2
1255310 1824.2
1255320 1820.2
1255330 1815.7
1255340 1815.7
1255350 1810.2
1255360 1804.4
1255370 1804.4
1255380 1798.5
1255390 1792.9
1255400 1792.9
1255410 1787.8
1255420 1783.0
1255430 1783.0
1255440 1778.9
1255450 1774.3
1255460 1774.3
1255470 1768.5
1255480 1762.9
1255490 1762.9
1255500 1755.4
1255510 1748.0
1255520 1748.0
1255530 1740.6
1255540 1732.4
1255550 1732.4
1255560 1726.6
1255570 1723.3
1255580 1723.3
1255590 1722.2
1255600 1723.8
1255610 1724.8
1255620 1724.8
1255630 1725.8
1255640 1722.9
1255650 1722.9
1255660 1717.1
1255670 1712.2
1255680 1712.2
1255690 1709.3
1255700 1708.9
1255710 1708.9
1255720 1709.9
1255730 1707.4
1255740 1707.4
1255750 1698.9
1255760 1693.3
1255770 1693.3
1255780 1689.9
1255790 1686.3
1255800 1686.3
1255810 1682.5
1255820 1679.2
1255830 1679.2
1255840 1673.0
1255850 1666.5
1255860 1666.5
1255870 1659.7
1255880 1657.8
1255890 1659.3
1255900 1659.3
1255910 1661.3
1255920 1667.6
1255930 1667.6
1255940 1675.2
1255950 1682.2
1255960 1682.2
1255970 1689.0
1255980 1695.8
1255990 1695.8
1256000 1702.4
1256010 1709.2
1256020 1709.2
1256030 1716.2
1256040 1720.3
1256050 1720.3
1256060 1724.9
1256070 1729.6
1256080 1729.6
1256090 1734.9
1256100 1740.4
1256110 1740.4
1256120 1745.8
1256130 1751.0
1256140 1755.8
1256150 1755.8
1256160 1760.5
1256170 1765.6
1256180 1765.6
1256190 1771.3
1256200 1775.7
1256210 1775.7
1256220 1779.7
1256230 1783.0
1256240 1783.0
1256250 1788.0
1256260 1794.9
1256270 1794.9
1256280 1801.7
1256290 1807.7
1256300 1807.7
1256310 1813.0
1256320 1818.3
1256330 1818.3
1256340 1824.1
1256350 1830.2
1256360 1830.2
1256370 1836.3
1256380 1841.8
1256390 1841.8
1256400 1846.0
1256410 1848.3
1256420 1849.7
1256430 1849.7
1256440 1850.6
1256450 1851.7
1256460 1851.7
1256470 1853.7
1256480 1856.2
1256490 1856.2
1256500 1859.4
1256510 1861.6
1256520 1861.6
1256530 1862.2
1256540 1861.3
1256550 1861.3
1256560 1859.7
1256570 1860.4
1256580 1860.4
1256590 1861.0
1256600 1856.6
1256610 1856.6
1256620 1853.4
1256630 1851.6
1256640 1851.6
1256650 1850.6
1256660 1849.7
1256670 1849.7
1256680 1847.8
1256690 1845.5
1256700 1843.2
1256710 1843.2
1256720 1841.0
1256730 1840.1
1256740 1840.1
1256750 1839.4
1256760 1838.1
1256770 1838.1
1256780 1835.9
1256790 1834.1
1256800 1834.1
1256810 1831.2
1256820 1828.8
1256830 1828.8
1256840 1826.0
1256850 1821.5
1256860 1821.5
1256870 1817.2
1256880 1813.4
1256890 1813.4
1256900 1809.1
1256910 1805.0
1256920 1805.0
1256930 1801.1
1256940 1797.1
1256950 1797.1
1256960 1792.8
1256970 1788.1
1256980 1783.6
1256990 1783.6
1257000 1780.6
1257010 1778.1
1257020 1778.1
1257030 1775.0
1257040 1771.0
1257050 1771.0
1257060 1767.1
1257070 1764.7
1257080 1764.7
1257090 1763.2
1257100 1763.5
1257110 1763.5
1257120 1764.4
1257130 1763.1
1257140 1763.1
1257150 1760.9
1257160 1763.5
1257170 1763.5
1257180 1765.1
1257190 1766.3
1257200 1766.3
1257210 1766.7
1257220 1765.8
1257230 1765.8
1257240 1766.7
1257250 1767.5
1257260 1768.0
1257270 1768.0
1257280 1769.1
1257290 1769.9
1257300 1769.9
1257310 1770.3
1257320 1771.0
1257330 1771.0
1257340 1774.1
1257350 1774.8
1257360 1774.8
1257370 1775.1
1257380 1775.2
1257390 1775.2
1257400 1776.1
1257410 1777.4
1257420 1777.4
1257430 1774.8
1257440 1775.2
1257450 1775.2
1257460 1777.5
1257470 1781.4
1257480 1781.4
1257490 1784.9
1257500 1789.3
1257510 1789.3
1257520 1792.8
1257530 1795.3
1257540 1797.8
1257550 1797.8
1257560 1799.7
1257570 1801.7
1257580 1801.7
1257590 1801.7
1257600 1799.0
1257610 1799.0
1257620 1794.2
1257630 1793.2
1257640 1793.2
1257650 1793.1
1257660 1788.2
1257670 1788.2
1257680 1789.5
1257690 1794.3
1257700 1794.3
1257710 1803.1
1257720 1808.9
1257730 1808.9
1257740 1813.8
1257750 1815.0
1257760 1815.0
1257770 1816.3
1257780 1817.7
1257790 1819.2
1257800 1819.2
1257810 1819.8
1257820 1817.0
1257830 1817.0
1257840 1815.7
1257850 1814.4
1257860 1814.4
1257870 1815.5
1257880 1812.7
1257890 1812.7
1257900 1809.0
1257910 1806.0
1257920 1806.0
1257930 1821.4
1257940 1831.5
1257950 1831.5
1257960 1838.6
1257970 1841.1
1257980 1841.1
1257990 1844.3
1258000 1846.5
1258010 1846.5
1258020 1846.5
1258030 1843.4
1258040 1843.4
1258050 1837.7
1258060 1826.2
1258070 1817.9
1258080 1817.9
1258090 1820.9
1258100 1825.8
1258110 1825.8
1258120 1818.1
1258130 1805.0
1258140 1805.0
1258150 1791.6
1258160 1781.9
1258170 1781.9
1258180 1778.4
1258190 1777.2
1258200 1777.2
1258210 1770.2
1258220 1762.7
1258230 1762.7
1258240 1762.6
1258250 1775.8
1258260 1775.8
1258270 1784.6
1258280 1796.7
1258290 1796.7
1258300 1802.2
1258310 1802.0
1258320 1802.0
1258330 1803.2
1258340 1808.7
1258350 1814.3
1258360 1814.3
1258370 1817.9
1258380 1822.2
1258390 1822.2
1258400 1826.1
1258410 1829.0
1258420 1829.0
1258430 1831.3
1258440 1834.5
1258450 1834.5
1258460 1839.6
1258470 1845.7
1258480 1845.7
1258490 1841.1
1258500 1832.8
1258510 1832.8
1258520 1828.3
1258530 1807.0
1258540 1807.0
1258550 1767.6
1258560 1752.4
1258570 1752.4
1258580 1743.7
1258590 1731.3
1258600 1731.3
1258610 1719.9
1258620 1715.8
1258630 1708.4
1258640 1708.4
1258650 1696.3
1258660 1678.1
1258670 1678.1
1258680 1664.0
1258690 1651.9
1258700 1651.9
1258710 1644.3
1258720 1638.3
1258730 1638.3
1258740 1633.8
1258750 1630.9
1258760 1630.9
1258770 1628.7
1258780 1626.0
1258790 1626.0
1258800 1623.6
1258810 1620.7
1258820 1620.7
1258830 1616.9
1258840 1618.5
1258850 1618.5
1258860 1615.7
1258870 1612.5
1258880 1612.5
1258890 1609.2
1258900 1606.4
1258910 1603.1
1258920 1603.1
1258930 1598.7
1258940 1594.1
1258950 1594.1
1258960 1588.8
1258970 1583.5
1258980 1583.5
1258990 1577.9
1259000 1573.4
1259010 1573.4
1259020 1569.8
1259030 1567.8
1259040 1567.8
1259050 1565.9
1259060 1564.2
1259070 1564.2
1259080 1564.4
1259090 1566.0
1259100 1566.0
1259110 1570.6
1259120 1573.8
1259130 1573.8
1259140 1575.2
1259150 1576.9
1259160 1576.9
1259170 1577.9
1259180 1579.7
1259190 1582.2
1259200 1582.2
1259210 1582.9
1259220 1583.9
1259230 1583.9
1259240 1586.0
1259250 1586.3
1259260 1586.3
1259270 1586.0
1259280 1587.7
1259290 1587.7
1259300 1588.7
1259310 1589.0
1259320 1589.0
1259330 1588.0
1259340 1587.8
1259350 1587.8
1259360 1588.8
1259370 1590.5
1259380 1590.5
1259390 1592.7
1259400 1595.2
1259410 1600.1
1259420 1606.0
1259430 1614.2
1259440 1622.7
1259450 1622.7
1259460 1629.6
1259470 1636.2
1259480 1636.2
1259490 1642.7
1259500 1648.7
1259510 1648.7
1259520 1655.2
1259530 1662.2
1259540 1662.2
1259550 1670.2
1259560 1677.8
1259570 1677.8
1259580 1683.1
1259590 1684.4
1259600 1684.4
1259610 1689.3
1259620 1691.2
1259630 1691.2
1259640 1691.0
1259650 1683.9
1259660 1683.9
1259670 1680.2
1259680 1675.9
1259690 1675.9
1259700 1667.4
1259710 1653.6
1259720 1648.0
1259730 1648.0
1259740 1640.9
1259750 1633.1
1259760 1633.1
1259770 1628.2
1259780 1623.8
1259790 1623.8
1259800 1619.6
1259810 1616.6
1259820 1616.6
1259830 1613.8
1259840 1611.4
1259850 1611.4
1259860 1610.8
1259870 1611.5
1259880 1611.5
1259890 1611.2
1259900 1610.4
1259910 1610.4
1259920 1609.7
1259930 1609.6
1259940 1609.6
1259950 1610.2
1259960 1610.1
1259970 1614.0
1259980 1613.4
1259990 1614.3
