1240000 1067.4
1240010 1063.1
1240020 1070.4
1240030 1075.6
1240040 1075.6
1240050 1080.0
1240060 1084.0
1240070 1088.2
1240080 1088.2
1240090 1092.6
1240100 1096.7
1240110 1096.7
1240120 1099.8
1240130 1101.8
1240140 1101.8
1240150 1103.3
1240160 1104.7
1240170 1104.7
1240180 1106.2
1240190 1108.0
1240200 1108.0
1240210 1109.4
1240220 1111.2
1240230 1111.2
1240240 1114.6
1240250 1119.2
1240260 1119.2
1240270 1125.0
1240280 1129.1
1240290 1129.1
1240300 1132.4
1240310 1135.4
1240320 1135.4
1240330 1137.8
1240340 1139.9
1240350 1142.0
1240360 1142.0
1240370 1143.7
1240380 1144.2
1240390 1144.2
1240400 1144.5
1240410 1145.5
1240420 1145.5
1240430 1146.8
1240440 1148.3
1240450 1148.3
1240460 1149.5
1240470 1150.4
1240480 1150.4
1240490 1152.4
1240500 1155.8
1240510 1155.8
1240520 1158.4
1240530 1158.8
1240540 1158.8
1240550 1161.9
1240560 1165.4
1240570 1165.4
1240580 1168.8
1240590 1172.5
1240600 1172.5
1240610 1176.2
1240620 1179.4
1240630 1182.1
1240640 1182.1
1240650 1184.2
1240660 1186.0
1240670 1186.0
1240680 1188.6
1240690 1190.7
1240700 1190.7
1240710 1191.8
1240720 1191.9
1240730 1191.9
1240740 1193.3
1240750 1196.4
1240760 1196.4
1240770 1201.3
1240780 1207.3
1240790 1207.3
1240800 1213.8
1240810 1217.8
1240820 1217.8
1240830 1220.2
1240840 1222.0
1240850 1222.0
1240860 1222.5
1240870 1222.2
1240880 1222.2
1240890 1222.1
1240900 1222.8
1240910 1223.7
1240920 1223.7
1240930 1224.4
1240940 1224.6
1240950 1224.6
1240960 1222.6
1240970 1220.4
1240980 1220.4
1240990 1219.0
1241000 1217.5
1241010 1217.5
1241020 1216.4
1241030 1215.7
1241040 1215.7
1241050 1215.8
1241060 1215.8
1241070 1215.8
1241080 1215.8
1241090 1216.0
1241100 1216.0
1241110 1216.3
1241120 1216.6
1241130 1216.6
1241140 1217.0
1241150 1217.2
1241160 1217.7
1241170 1217.7
1241180 1218.5
1241190 1220.0
1241200 1220.0
1241210 1221.6
1241220 1222.9
1241230 1222.9
1241240 1224.0
1241250 1225.2
1241260 1225.2
1241270 1226.5
1241280 1227.9
1241290 1227.9
1241300 1229.9
1241310 1232.5
1241320 1232.5
1241330 1234.9
1241340 1237.1
1241350 1237.1
1241360 1239.0
1241370 1240.2
1241380 1240.2
1241390 1240.6
1241400 1240.9
1241410 1240.9
1241420 1241.9
1241430 1244.3
1241440 1249.1
1241450 1249.1
1241460 1254.1
1241470 1258.9
1241480 1258.9
1241490 1263.1
1241500 1266.3
1241510 1266.3
1241520 1268.7
1241530 1271.7
1241540 1271.7
1241550 1274.0
1241560 1275.2
1241570 1273.6
1241580 1272.1
1241590 1269.1
1241600 1269.1
1241610 1267.7
1241620 1268.2
1241630 1268.2
1241640 1269.6
1241650 1271.4
1241660 1271.4
1241670 1273.6
1241680 1274.4
1241690 1274.4
1241700 1274.2
1241710 1271.8
1241720 1267.9
1241730 1267.9
1241740 1263.6
1241750 1259.1
1241760 1259.1
1241770 1254.9
1241780 1250.8
1241790 1250.8
1241800 1246.9
1241810 1243.4
1241820 1243.4
1241830 1242.1
1241840 1241.1
1241850 1241.1
1241860 1240.9
1241870 1242.5
1241880 1242.5
1241890 1244.3
1241900 1245.1
1241910 1245.1
1241920 1246.3
1241930 1246.6
1241940 1246.6
1241950 1248.3
1241960 1252.6
1241970 1252.6
1241980 1258.2
1241990 1264.5
1242000 1269.7
1242010 1269.7
1242020 1274.0
1242030 1277.8
1242040 1277.8
1242050 1280.1
1242060 1281.8
1242070 1281.8
1242080 1284.0
1242090 1285.6
1242100 1284.4
1242110 1285.2
1242120 1286.0
1242130 1286.0
1242140 1287.0
1242150 1289.1
1242160 1289.1
1242170 1290.7
1242180 1291.8
1242190 1291.8
1242200 1294.3
1242210 1296.9
1242220 1296.9
1242230 1297.1
1242240 1295.7
1242250 1295.7
1242260 1295.2
1242270 1296.7
1242280 1299.2
1242290 1299.2
1242300 1300.9
1242310 1302.5
1242320 1302.5
1242330 1304.7
1242340 1306.5
1242350 1306.5
1242360 1307.3
1242370 1307.7
1242380 1307.7
1242390 1307.7
1242400 1307.9
1242410 1307.9
1242420 1308.2
1242430 1307.9
1242440 1307.9
1242450 1307.3
1242460 1308.0
1242470 1308.0
1242480 1309.9
1242490 1312.6
1242500 1312.6
1242510 1315.7
1242520 1319.2
1242530 1319.2
1242540 1322.9
1242550 1327.0
1242560 1329.9
1242570 1329.9
1242580 1331.8
1242590 1333.5
1242600 1333.5
1242610 1334.6
1242620 1336.9
1242630 1336.9
1242640 1338.2
1242650 1339.6
1242660 1339.6
1242670 1341.5
1242680 1344.0
1242690 1344.0
1242700 1346.8
1242710 1350.2
1242720 1350.2
1242730 1353.7
1242740 1357.2
1242750 1357.2
1242760 1360.2
1242770 1363.2
1242780 1363.2
1242790 1366.5
1242800 1369.8
1242810 1372.9
1242820 1372.9
1242830 1375.7
1242840 1378.4
1242850 1378.4
1242860 1380.9
1242870 1383.3
1242880 1383.3
1242890 1384.6
1242900 1385.1
1242910 1385.1
1242920 1385.4
1242930 1386.2
1242940 1386.2
1242950 1388.2
1242960 1390.7
1242970 1390.7
1242980 1394.1
1242990 1398.2
1243000 1398.2
1243010 1402.7
1243020 1407.6
1243030 1407.6
1243040 1412.0
1243050 1415.1
1243060 1415.1
1243070 1417.1
1243080 1416.7
1243090 1415.2
1243100 1415.2
1243110 1415.0
1243120 1416.5
1243130 1416.5
1243140 1420.1
1243150 1422.7
1243160 1422.7
1243170 1425.9
1243180 1428.2
1243190 1428.2
1243200 1430.0
1243210 1431.1
1243220 1431.1
1243230 1431.2
1243240 1430.3
1243250 1430.3
1243260 1430.2
1243270 1432.2
1243280 1432.2
1243290 1434.2
1243300 1435.4
1243310 1435.4
1243320 1436.8
1243330 1438.8
1243340 1438.8
1243350 1440.7
1243360 1443.0
1243370 1444.2
1243380 1444.2
1243390 1444.5
1243400 1444.9
1243410 1444.9
1243420 1445.6
1243430 1446.3
1243440 1446.3
1243450 1446.0
1243460 1444.7
1243470 1444.7
1243480 1442.6
1243490 1441.4
1243500 1441.4
1243510 1441.0
1243520 1441.3
1243530 1441.3
1243540 1442.1
1243550 1443.6
1243560 1443.6
1243570 1445.4
1243580 1446.9
1243590 1446.9
1243600 1449.3
1243610 1452.3
1243620 1452.3
1243630 1454.9
1243640 1457.3
1243650 1459.5
1243660 1459.5
1243670 1462.0
1243680 1464.2
1243690 1464.2
1243700 1466.2
1243710 1468.7
1243720 1468.7
1243730 1470.9
1243740 1472.9
1243750 1472.9
1243760 1474.4
1243770 1475.2
1243780 1475.2
1243790 1475.9
1243800 1476.1
1243810 1476.1
1243820 1476.0
1243830 1475.0
1243840 1475.0
1243850 1472.9
1243860 1473.2
1243870 1473.2
1243880 1474.4
1243890 1475.8
1243900 1475.8
1243910 1476.2
1243920 1475.9
1243930 1475.0
1243940 1475.0
1243950 1473.3
1243960 1472.0
1243970 1472.0
1243980 1471.5
1243990 1470.5
1244000 1470.5
1244010 1467.8
1244020 1465.3
1244030 1465.3
1244040 1463.3
1244050 1461.1
1244060 1461.1
1244070 1458.4
1244080 1456.2
1244090 1456.2
1244100 1453.8
1244110 1449.9
1244120 1449.9
1244130 1444.9
1244140 1442.3
1244150 1442.3
1244160 1439.5
1244170 1437.5
1244180 1437.5
1244190 1437.6
1244200 1438.7
1244210 1436.2
1244220 1436.2
1244230 1436.0
1244240 1434.4
1244250 1434.4
1244260 1433.8
1244270 1432.0
1244280 1432.0
1244290 1431.5
1244300 1430.3
1244310 1430.3
1244320 1427.8
1244330 1423.7
1244340 1423.7
1244350 1416.3
1244360 1410.2
1244370 1410.2
1244380 1406.3
1244390 1402.9
1244400 1402.9
1244410 1399.6
1244420 1396.4
1244430 1396.4
1244440 1393.5
1244450 1390.6
1244460 1390.6
1244470 1388.0
1244480 1384.7
1244490 1381.0
1244500 1381.0
1244510 1378.6
1244520 1377.0
1244530 1377.0
1244540 1375.3
1244550 1372.8
1244560 1372.8
1244570 1369.8
1244580 1367.2
1244590 1367.2
1244600 1364.7
1244610 1361.5
1244620 1361.5
1244630 1356.9
1244640 1352.9
1244650 1352.9
1244660 1350.2
1244670 1347.3
1244680 1347.3
1244690 1344.1
1244700 1340.9
1244710 1340.9
1244720 1338.5
1244730 1334.5
1244740 1332.9
1244750 1332.9
1244760 1327.1
1244770 1322.4
1244780 1322.4
1244790 1318.0
1244800 1313.7
1244810 1313.7
1244820 1310.1
1244830 1307.2
1244840 1307.2
1244850 1305.8
1244860 1305.6
1244870 1305.6
1244880 1307.1
1244890 1308.6
1244900 1308.6
1244910 1309.3
1244920 1308.9
1244930 1308.9
1244940 1311.1
1244950 1313.7
1244960 1313.7
1244970 1316.1
1244980 1314.4
1244990 1314.4
1245000 1312.9
1245010 1315.0
1245020 1318.2
1245030 1318.2
1245040 1320.1
1245050 1321.9
1245060 1321.9
1245070 1323.4
1245080 1324.5
1245090 1324.5
1245100 1324.5
1245110 1324.1
1245120 1324.1
1245130 1323.8
1245140 1322.9
1245150 1322.9
1245160 1321.8
1245170 1321.2
1245180 1321.2
1245190 1320.7
1245200 1320.1
1245210 1320.1
1245220 1319.8
1245230 1318.9
1245240 1318.9
1245250 1316.5
1245260 1314.2
1245270 1308.5
1245280 1307.5
1245290 1307.1
1245300 1306.4
1245310 1306.4
1245320 1305.4
1245330 1304.6
1245340 1304.6
1245350 1304.0
1245360 1303.8
1245370 1303.8
1245380 1303.4
1245390 1302.6
1245400 1302.6
1245410 1301.4
1245420 1300.1
1245430 1300.1
1245440 1299.0
1245450 1299.0
1245460 1299.0
1245470 1298.3
1245480 1295.4
1245490 1295.4
1245500 1292.3
1245510 1291.4
1245520 1291.4
1245530 1291.5
1245540 1289.9
1245550 1289.9
1245560 1286.1
1245570 1281.8
1245580 1278.8
1245590 1278.8
1245600 1277.7
1245610 1279.2
1245620 1279.2
1245630 1280.5
1245640 1281.2
1245650 1281.2
1245660 1281.7
1245670 1282.4
1245680 1282.4
1245690 1281.7
1245700 1277.9
1245710 1277.9
1245720 1271.7
1245730 1264.5
1245740 1264.5
1245750 1257.9
1245760 1252.6
1245770 1252.6
1245780 1248.8
1245790 1247.0
1245800 1247.7
1245810 1245.3
1245820 1243.5
1245830 1243.5
1245840 1240.0
1245850 1234.6
1245860 1228.8
1245870 1228.8
1245880 1223.8
1245890 1218.0
1245900 1218.0
1245910 1211.7
1245920 1208.2
1245930 1208.2
1245940 1206.1
1245950 1201.3
1245960 1201.3
1245970 1196.1
1245980 1192.1
1245990 1192.1
1246000 1189.0
1246010 1186.1
1246020 1186.1
1246030 1183.3
1246040 1180.7
1246050 1180.7
1246060 1178.1
1246070 1175.8
1246080 1175.8
1246090 1173.6
1246100 1171.5
1246110 1171.5
1246120 1169.8
1246130 1168.6
1246140 1167.2
1246150 1167.2
1246160 1165.8
1246170 1164.2
1246180 1164.2
1246190 1162.6
1246200 1160.7
1246210 1160.7
1246220 1159.1
1246230 1158.3
1246240 1158.3
1246250 1158.0
1246260 1157.5
1246270 1157.5
1246280 1156.2
1246290 1154.2
1246300 1154.2
1246310 1151.1
1246320 1148.5
1246330 1148.5
1246340 1144.4
1246350 1141.4
1246360 1141.4
1246370 1139.0
1246380 1138.6
1246390 1138.2
1246400 1138.2
1246410 1137.8
1246420 1136.8
1246430 1136.8
1246440 1135.5
1246450 1134.3
1246460 1134.3
1246470 1133.3
1246480 1132.2
1246490 1132.2
1246500 1130.6
1246510 1128.8
1246520 1128.8
1246530 1127.2
1246540 1125.6
1246550 1125.6
1246560 1123.8
1246570 1121.9
1246580 1121.9
1246590 1119.9
1246600 1117.5
1246610 1117.5
1246620 1114.8
1246630 1113.6
1246640 1113.6
1246650 1113.4
1246660 1113.4
1246670 1113.4
1246680 1113.4
1246690 1112.8
1246700 1111.1
1246710 1111.1
1246720 1110.3
1246730 1109.8
1246740 1109.8
1246750 1109.0
1246760 1108.6
1246770 1108.6
1246780 1108.6
1246790 1109.3
1246800 1109.3
1246810 1111.1
1246820 1113.0
1246830 1113.0
1246840 1113.8
1246850 1114.7
1246860 1114.7
1246870 1116.3
1246880 1121.6
1246890 1121.6
1246900 1125.3
1246910 1125.3
1246920 1125.3
1246930 1124.4
1246940 1127.4
1246950 1132.1
1246960 1132.1
1246970 1134.4
1246980 1135.6
1246990 1135.6
1247000 1136.8
1247010 1138.7
1247020 1138.7
1247030 1139.9
1247040 1138.0
1247050 1138.0
1247060 1138.8
1247070 1141.4
1247080 1141.4
1247090 1146.1
1247100 1147.7
1247110 1147.7
1247120 1150.1
1247130 1154.9
1247140 1154.9
1247150 1157.5
1247160 1158.8
1247170 1158.8
1247180 1161.1
1247190 1163.9
1247200 1163.9
1247210 1166.7
1247220 1170.0
1247230 1173.3
1247240 1173.3
1247250 1177.3
1247260 1180.1
1247270 1180.1
1247280 1182.3
1247290 1184.9
1247300 1184.9
1247310 1187.1
1247320 1188.9
1247330 1188.9
1247340 1190.8
1247350 1192.5
1247360 1192.5
1247370 1193.9
1247380 1195.1
1247390 1195.1
1247400 1196.0
1247410 1201.0
1247420 1201.0
1247430 1202.2
1247440 1204.6
1247450 1204.6
1247460 1208.1
1247470 1212.5
1247480 1212.5
1247490 1217.7
1247500 1222.6
1247510 1227.4
1247520 1227.4
1247530 1233.2
1247540 1239.2
1247550 1239.2
1247560 1245.0
1247570 1250.7
1247580 1250.7
1247590 1257.6
1247600 1264.8
1247610 1264.8
1247620 1271.9
1247630 1277.5
1247640 1277.5
1247650 1282.7
1247660 1287.7
1247670 1287.7
1247680 1293.0
1247690 1299.4
1247700 1299.4
1247710 1306.0
1247720 1312.9
1247730 1312.9
1247740 1319.9
1247750 1326.4
1247760 1326.4
1247770 1333.1
1247780 1340.8
1247790 1347.5
1247800 1347.5
1247810 1353.2
1247820 1358.3
1247830 1358.3
1247840 1363.2
1247850 1367.5
1247860 1367.5
1247870 1371.5
1247880 1376.2
1247890 1376.2
1247900 1381.4
1247910 1387.2
1247920 1387.2
1247930 1392.7
1247940 1397.7
1247950 1400.5
1247960 1405.6
1247970 1411.1
1247980 1411.1
1247990 1416.6
1248000 1421.6
1248010 1421.6
1248020 1426.2
1248030 1431.4
1248040 1436.4
1248050 1436.4
1248060 1439.9
1248070 1443.6
1248080 1443.6
1248090 1447.9
1248100 1452.5
1248110 1452.5
1248120 1457.2
1248130 1461.5
1248140 1461.5
1248150 1465.1
1248160 1468.0
1248170 1468.0
1248180 1471.1
1248190 1474.8
1248200 1474.8
1248210 1479.1
1248220 1483.7
1248230 1483.7
1248240 1488.4
1248250 1492.9
1248260 1492.9
1248270 1495.3
1248280 1499.8
1248290 1499.8
1248300 1505.4
1248310 1511.9
1248320 1519.5
1248330 1519.5
1248340 1527.8
1248350 1536.0
1248360 1536.0
1248370 1544.4
1248380 1551.5
1248390 1551.5
1248400 1557.8
1248410 1564.3
1248420 1564.3
1248430 1571.8
1248440 1579.1
1248450 1579.1
1248460 1585.6
1248470 1591.1
1248480 1591.1
1248490 1592.8
1248500 1600.0
1248510 1600.0
1248520 1606.7
1248530 1612.5
1248540 1612.5
1248550 1616.9
1248560 1621.3
1248570 1621.3
1248580 1626.8
1248590 1632.9
1248600 1638.8
1248610 1638.8
1248620 1644.8
1248630 1651.1
1248640 1651.1
1248650 1657.5
1248660 1664.0
1248670 1664.0
1248680 1670.8
1248690 1676.5
1248700 1676.5
1248710 1681.9
1248720 1686.9
1248730 1686.9
1248740 1691.1
1248750 1695.4
1248760 1695.4
1248770 1699.3
1248780 1702.7
1248790 1702.7
1248800 1705.9
1248810 1710.0
1248820 1710.0
1248830 1714.6
1248840 1719.5
1248850 1719.5
1248860 1724.3
1248870 1728.8
1248880 1733.1
1248890 1733.1
1248900 1737.0
1248910 1741.5
1248920 1741.5
1248930 1746.5
1248940 1751.6
1248950 1751.6
1248960 1756.5
1248970 1762.8
1248980 1762.8
1248990 1769.8
1249000 1774.7
1249010 1774.7
1249020 1779.6
1249030 1783.6
1249040 1783.6
1249050 1788.1
1249060 1794.2
1249070 1794.2
1249080 1801.1
1249090 1806.6
1249100 1806.6
1249110 1811.9
1249120 1817.3
1249130 1817.3
1249140 1822.0
1249150 1823.3
1249160 1822.7
1249170 1822.7
1249180 1822.5
1249190 1823.5
1249200 1823.5
1249210 1825.1
1249220 1826.1
1249230 1826.1
1249240 1826.5
1249250 1827.6
1249260 1827.6
1249270 1828.9
1249280 1830.3
1249290 1830.3
1249300 1831.6
1249310 1832.7
1249320 1832.7
1249330 1833.7
1249340 1833.9
1249350 1833.9
1249360 1833.9
1249370 1834.0
1249380 1834.0
1249390 1834.8
1249400 1835.5
1249410 1835.5
1249420 1836.9
1249430 1839.1
1249440 1841.9
1249450 1841.9
1249460 1845.1
1249470 1848.9
1249480 1848.9
1249490 1852.7
1249500 1856.3
1249510 1856.3
1249520 1859.6
1249530 1863.4
1249540 1863.4
1249550 1868.5
1249560 1874.3
1249570 1881.8
1249580 1888.2
1249590 1895.9
1249600 1895.9
1249610 1902.2
1249620 1907.5
1249630 1907.5
1249640 1913.9
1249650 1921.0
1249660 1921.0
1249670 1925.6
1249680 1929.3
1249690 1932.9
1249700 1932.9
1249710 1936.4
1249720 1938.7
1249730 1938.7
1249740 1941.2
1249750 1942.2
1249760 1942.2
1249770 1948.2
1249780 1956.0
1249790 1956.0
1249800 1962.1
1249810 1967.6
1249820 1967.6
1249830 1972.8
1249840 1978.5
1249850 1978.5
1249860 1983.4
1249870 1985.6
1249880 1985.6
1249890 1985.8
1249900 1986.0
1249910 1986.0
1249920 1984.7
1249930 1982.6
1249940 1982.6
1249950 1980.1
1249960 1976.5
1249970 1971.9
1249980 1971.9
1249990 1968.9
1250000 1966.5
1250010 1966.5
1250020 1962.7
1250030 1958.4
1250040 1958.4
1250050 1953.5
1250060 1949.2
1250070 1949.2
1250080 1945.1
1250090 1939.6
1250100 1939.6
1250110 1936.9
1250120 1929.3
1250130 1929.3
1250140 1919.2
1250150 1906.7
1250160 1906.7
1250170 1897.2
1250180 1882.6
1250190 1882.6
1250200 1866.7
1250210 1855.2
1250220 1855.2
1250230 1845.1
1250240 1836.0
1250250 1825.1
1250260 1825.1
1250270 1812.5
1250280 1803.5
1250290 1803.5
1250300 1803.7
1250310 1800.0
1250320 1800.0
1250330 1793.2
1250340 1784.9
1250350 1784.9
1250360 1777.4
1250370 1770.2
1250380 1770.2
1250390 1762.4
1250400 1753.2
1250410 1753.2
1250420 1743.7
1250430 1732.8
1250440 1732.8
1250450 1721.3
1250460 1707.3
1250470 1707.3
1250480 1693.5
1250490 1684.7
1250500 1684.7
1250510 1678.8
1250520 1675.3
1250530 1661.2
1250540 1661.2
1250550 1650.6
1250560 1642.4
1250570 1642.4
1250580 1635.1
1250590 1629.1
1250600 1629.1
1250610 1624.2
1250620 1619.9
1250630 1619.9
1250640 1615.8
1250650 1609.4
1250660 1609.4
1250670 1602.4
1250680 1598.0
1250690 1598.0
1250700 1595.4
1250710 1592.6
1250720 1592.6
1250730 1587.1
1250740 1581.4
1250750 1581.4
1250760 1573.1
1250770 1574.7
1250780 1574.7
1250790 1577.2
1250800 1584.2
1250810 1585.4
1250820 1585.4
1250830 1577.4
1250840 1582.0
1250850 1582.0
1250860 1585.5
1250870 1582.6
1250880 1582.6
1250890 1579.2
1250900 1576.6
1250910 1576.6
1250920 1573.7
1250930 1568.6
1250940 1568.6
1250950 1561.6
1250960 1555.6
1250970 1555.6
1250980 1553.8
1250990 1554.4
1251000 1554.4
1251010 1552.7
1251020 1548.3
1251030 1548.3
1251040 1544.6
1251050 1538.8
1251060 1538.8
1251070 1531.7
1251080 1525.6
1251090 1521.8
1251100 1521.8
1251110 1516.1
1251120 1509.1
1251130 1509.1
1251140 1507.8
1251150 1507.1
1251160 1507.1
1251170 1504.3
1251180 1499.9
1251190 1499.9
1251200 1491.4
1251210 1491.8
1251220 1491.8
1251230 1489.6
1251240 1485.8
1251250 1485.8
1251260 1481.2
1251270 1477.3
1251280 1477.3
1251290 1472.2
1251300 1464.2
1251310 1464.2
1251320 1456.3
1251330 1449.7
1251340 1443.0
1251350 1443.0
1251360 1434.8
1251370 1426.3
1251380 1426.3
1251390 1418.4
1251400 1410.9
1251410 1410.9
1251420 1403.9
1251430 1396.6
1251440 1396.6
1251450 1389.2
1251460 1383.3
1251470 1383.3
1251480 1377.8
1251490 1372.2
1251500 1372.2
1251510 1364.9
1251520 1356.1
1251530 1356.1
1251540 1347.0
1251550 1342.4
1251560 1342.4
1251570 1342.0
1251580 1346.0
1251590 1346.0
1251600 1352.4
1251610 1360.0
1251620 1367.4
1251630 1367.4
1251640 1374.4
1251650 1373.7
1251660 1373.7
1251670 1369.8
1251680 1368.8
1251690 1368.8
1251700 1369.5
1251710 1371.8
1251720 1371.8
1251730 1373.5
1251740 1373.7
1251750 1372.3
1251760 1378.6
1251770 1385.3
1251780 1385.3
1251790 1391.4
1251800 1397.5
1251810 1397.5
1251820 1402.8
1251830 1407.2
1251840 1407.2
1251850 1410.6
1251860 1415.9
1251870 1415.9
1251880 1421.5
1251890 1426.9
1251900 1432.6
1251910 1432.6
1251920 1438.1
1251930 1443.6
1251940 1443.6
1251950 1449.0
1251960 1454.9
1251970 1454.9
1251980 1460.6
1251990 1466.1
1252000 1466.1
1252010 1471.7
1252020 1477.2
1252030 1477.2
1252040 1483.4
1252050 1489.7
1252060 1489.7
1252070 1495.9
1252080 1502.2
1252090 1502.2
1252100 1508.8
1252110 1516.4
1252120 1516.4
1252130 1524.6
1252140 1532.9
1252150 1532.9
1252160 1541.2
1252170 1550.5
1252180 1558.6
1252190 1558.6
1252200 1566.2
1252210 1577.9
1252220 1577.9
1252230 1581.2
1252240 1588.5
1252250 1588.5
1252260 1595.0
1252270 1604.4
1252280 1604.4
1252290 1602.3
1252300 1609.0
1252310 1609.0
1252320 1615.5
1252330 1622.3
1252340 1622.3
1252350 1629.5
1252360 1637.0
1252370 1637.0
1252380 1647.0
1252390 1660.4
1252400 1660.4
1252410 1672.9
1252420 1683.3
1252430 1683.3
1252440 1691.0
1252450 1696.4
1252460 1697.8
1252470 1697.8
1252480 1701.3
1252490 1705.1
1252500 1705.1
1252510 1701.3
1252520 1696.0
1252530 1696.0
1252540 1692.3
1252550 1691.4
1252560 1691.4
1252570 1694.0
1252580 1694.1
1252590 1694.1
1252600 1691.8
1252610 1685.8
1252620 1685.8
1252630 1677.9
1252640 1660.9
1252650 1660.9
1252660 1648.7
1252670 1650.3
1252680 1650.3
1252690 1641.9
1252700 1635.4
1252710 1635.4
1252720 1634.5
1252730 1636.0
1252740 1637.2
1252750 1637.2
1252760 1632.7
1252770 1623.0
1252780 1623.0
1252790 1621.0
1252800 1624.3
1252810 1624.3
1252820 1622.2
1252830 1613.4
1252840 1596.7
1252850 1587.6
1252860 1586.0
1252870 1586.0
1252880 1580.1
1252890 1575.5
1252900 1575.5
1252910 1575.1
1252920 1575.6
1252930 1575.6
1252940 1568.3
1252950 1553.9
1252960 1553.9
1252970 1537.8
1252980 1530.0
1252990 1529.7
1253000 1529.7
1253010 1534.9
1253020 1543.5
1253030 1543.5
1253040 1562.5
1253050 1575.1
1253060 1575.1
1253070 1580.7
1253080 1589.1
1253090 1589.1
1253100 1588.5
1253110 1591.2
1253120 1591.2
1253130 1601.7
1253140 1612.5
1253150 1612.5
1253160 1625.2
1253170 1634.1
1253180 1634.1
1253190 1640.4
1253200 1643.9
1253210 1643.9
1253220 1650.7
1253230 1653.9
1253240 1653.9
1253250 1653.3
1253260 1651.6
1253270 1651.8
1253280 1651.8
1253290 1654.0
1253300 1662.5
1253310 1662.5
1253320 1669.2
1253330 1660.8
1253340 1660.8
1253350 1652.1
1253360 1649.3
1253370 1649.3
1253380 1655.5
1253390 1646.1
1253400 1646.1
1253410 1642.5
1253420 1639.5
1253430 1639.5
1253440 1641.8
1253450 1646.0
1253460 1646.0
1253470 1646.7
1253480 1648.7
1253490 1648.7
1253500 1651.5
1253510 1656.3
1253520 1656.3
1253530 1658.3
1253540 1660.2
1253550 1662.7
1253560 1662.7
1253570 1665.5
1253580 1668.3
1253590 1668.3
1253600 1670.2
1253610 1675.6
1253620 1675.6
1253630 1681.2
1253640 1685.2
1253650 1685.2
1253660 1688.5
1253670 1691.5
1253680 1691.5
1253690 1695.2
1253700 1699.2
1253710 1699.2
1253720 1703.6
1253730 1708.9
1253740 1708.9
1253750 1713.9
1253760 1717.5
1253770 1717.5
1253780 1722.3
1253790 1726.5
1253800 1726.5
1253810 1728.6
1253820 1731.3
1253830 1735.3
1253840 1735.3
1253850 1739.6
1253860 1743.8
1253870 1743.8
1253880 1748.3
1253890 1752.4
1253900 1752.4
1253910 1756.6
1253920 1760.7
1253930 1760.7
1253940 1764.5
1253950 1767.5
1253960 1767.5
1253970 1771.4
1253980 1775.3
1253990 1775.3
1254000 1778.7
1254010 1782.3
1254020 1782.3
1254030 1785.8
1254040 1789.7
1254050 1789.7
1254060 1794.1
1254070 1799.5
1254080 1799.5
1254090 1805.4
1254100 1811.3
1254110 1816.7
1254120 1816.7
1254130 1821.6
1254140 1826.5
1254150 1826.5
1254160 1831.6
1254170 1837.2
1254180 1837.2
1254190 1842.8
1254200 1848.3
1254210 1848.3
1254220 1853.9
1254230 1859.2
1254240 1859.2
1254250 1864.0
1254260 1868.8
1254270 1868.8
1254280 1874.1
1254290 1880.3
1254300 1880.3
1254310 1885.1
1254320 1891.3
1254330 1891.3
1254340 1897.8
1254350 1904.0
1254360 1904.0
1254370 1909.7
1254380 1914.3
1254390 1918.2
1254400 1918.2
1254410 1923.6
1254420 1928.8
1254430 1928.8
1254440 1931.4
1254450 1934.1
1254460 1934.1
1254470 1938.0
1254480 1944.9
1254490 1944.9
1254500 1955.1
1254510 1962.6
1254520 1962.6
1254530 1969.6
1254540 1976.4
1254550 1976.4
1254560 1983.8
1254570 1991.6
1254580 1991.6
1254590 1998.6
1254600 2004.2
1254610 2004.2
1254620 2010.4
1254630 2017.1
1254640 2023.4
1254650 2023.4
1254660 2027.5
1254670 2029.7
1254680 2029.7
1254690 2032.1
1254700 2035.9
1254710 2035.9
1254720 2038.2
1254730 2037.6
1254740 2037.6
1254750 2035.7
1254760 2028.5
1254770 2028.5
1254780 2022.8
1254790 2018.6
1254800 2018.6
1254810 2010.2
1254820 1997.6
1254830 1997.6
1254840 1988.9
1254850 1981.5
1254860 1981.5
1254870 1974.5
1254880 1966.9
1254890 1966.9
1254900 1958.5
1254910 1952.0
1254920 1945.5
1254930 1945.5
1254940 1938.7
1254950 1932.4
1254960 1932.4
1254970 1926.4
1254980 1919.1
1254990 1919.1
1255000 1910.8
1255010 1903.5
1255020 1903.5
1255030 1897.4
1255040 1891.4
1255050 1896.2
1255060 1889.0
1255070 1881.7
1255080 1881.7
1255090 1883.9
1255100 1888.2
1255110 1888.2
1255120 1896.8
1255130 1907.5
1255140 1907.5
1255150 1910.6
1255160 1906.6
1255170 1906.6
1255180 1901.1
1255190 1897.4
1255200 1894.7
1255210 1894.7
1255220 1894.4
1255230 1893.7
1255240 1893.7
1255250 1888.7
1255260 1885.4
1255270 1885.4
1255280 1878.9
1255290 1876.5
1255300 1876.5
1255310 1877.5
1255320 1873.8
1255330 1873.8
1255340 1867.5
1255350 1860.0
1255360 1860.0
1255370 1852.2
1255380 1837.1
1255390 1837.1
1255400 1823.8
1255410 1814.3
1255420 1814.3
1255430 1808.1
1255440 1805.0
1255450 1805.0
1255460 1800.1
1255470 1793.4
1255480 1791.2
1255490 1791.2
1255500 1788.6
1255510 1783.5
1255520 1783.5
1255530 1776.4
1255540 1767.5
1255550 1767.5
1255560 1762.7
1255570 1759.4
1255580 1759.4
1255590 1758.3
1255600 1759.9
1255610 1764.8
1255620 1751.9
1255630 1736.3
1255640 1736.3
1255650 1726.7
1255660 1723.9
1255670 1723.9
1255680 1724.8
1255690 1720.5
1255700 1720.5
1255710 1705.3
1255720 1694.7
1255730 1694.7
1255740 1688.6
1255750 1683.3
1255760 1678.1
1255770 1678.1
1255780 1672.7
1255790 1666.7
1255800 1666.7
1255810 1661.5
1255820 1658.2
1255830 1658.2
1255840 1655.7
1255850 1652.8
1255860 1652.8
1255870 1650.4
1255880 1649.0
1255890 1649.0
1255900 1646.7
1255910 1648.3
1255920 1648.3
1255930 1657.0
1255940 1664.4
1255950 1664.4
1255960 1671.3
1255970 1678.6
1255980 1678.6
1255990 1686.0
1256000 1692.3
1256010 1692.3
1256020 1694.7
1256030 1696.5
1256040 1701.6
1256050 1701.6
1256060 1708.2
1256070 1715.2
1256080 1715.2
1256090 1722.5
1256100 1729.7
1256110 1729.7
1256120 1735.5
1256130 1741.1
1256140 1741.1
1256150 1746.1
1256160 1751.0
1256170 1748.1
1256180 1753.4
1256190 1757.6
1256200 1757.6
1256210 1761.9
1256220 1766.1
1256230 1766.1
1256240 1769.8
1256250 1774.7
1256260 1774.7
1256270 1780.4
1256280 1785.8
1256290 1791.0
1256300 1791.0
1256310 1795.2
1256320 1800.3
1256330 1800.3
1256340 1805.5
1256350 1810.7
1256360 1810.7
1256370 1815.5
1256380 1819.9
1256390 1819.9
1256400 1823.6
1256410 1826.8
1256420 1826.8
1256430 1830.4
1256440 1834.6
1256450 1834.6
1256460 1838.6
1256470 1841.9
1256480 1841.9
1256490 1843.8
1256500 1845.6
1256510 1845.6
1256520 1848.1
1256530 1850.0
1256540 1850.0
1256550 1850.0
1256560 1849.5
1256570 1849.5
1256580 1849.5
1256590 1848.7
1256600 1847.0
1256610 1847.0
1256620 1846.0
1256630 1845.0
1256640 1845.0
1256650 1844.6
1256660 1844.0
1256670 1844.0
1256680 1841.0
1256690 1836.5
1256700 1836.5
1256710 1833.6
1256720 1825.3
1256730 1825.3
1256740 1822.1
1256750 1819.2
1256760 1819.2
1256770 1816.6
1256780 1814.4
1256790 1814.4
1256800 1812.2
1256810 1810.3
1256820 1810.3
1256830 1808.4
1256840 1805.9
1256850 1803.1
1256860 1803.1
1256870 1800.0
1256880 1796.8
1256890 1796.8
1256900 1793.2
1256910 1790.1
1256920 1790.1
1256930 1788.4
1256940 1787.0
1256950 1787.0
1256960 1786.7
1256970 1787.4
1256980 1787.4
1256990 1787.1
1257000 1785.9
1257010 1785.9
1257020 1784.4
1257030 1782.9
1257040 1782.9
1257050 1781.7
1257060 1779.1
1257070 1779.1
1257080 1780.6
1257090 1780.2
1257100 1780.2
1257110 1779.4
1257120 1779.4
1257130 1780.9
1257140 1780.9
1257150 1782.2
1257160 1782.1
1257170 1782.1
1257180 1783.4
1257190 1785.3
1257200 1785.3
1257210 1786.5
1257220 1787.5
1257230 1787.5
1257240 1788.5
1257250 1790.5
1257260 1790.5
1257270 1790.9
1257280 1796.6
1257290 1796.6
1257300 1799.0
1257310 1801.0
1257320 1801.0
1257330 1803.3
1257340 1804.3
1257350 1804.3
1257360 1805.6
1257370 1807.4
1257380 1807.4
1257390 1809.5
1257400 1809.3
1257410 1806.1
1257420 1806.1
1257430 1809.8
1257440 1816.8
1257450 1816.8
1257460 1821.2
1257470 1823.2
1257480 1823.2
1257490 1825.1
1257500 1827.4
1257510 1827.4
1257520 1830.6
1257530 1832.4
1257540 1832.4
1257550 1833.1
1257560 1833.0
1257570 1833.0
1257580 1834.6
1257590 1837.0
1257600 1837.0
1257610 1838.4
1257620 1842.2
1257630 1842.2
1257640 1842.7
1257650 1842.9
1257660 1844.2
1257670 1844.2
1257680 1847.2
1257690 1847.8
1257700 1847.8
1257710 1848.0
1257720 1850.2
1257730 1850.2
1257740 1854.5
1257750 1862.2
1257760 1862.2
1257770 1867.9
1257780 1872.6
1257790 1872.6
1257800 1876.9
1257810 1883.7
1257820 1883.7
1257830 1888.8
1257840 1893.3
1257850 1899.5
1257860 1901.3
1257870 1901.9
1257880 1901.9
1257890 1901.2
1257900 1901.7
1257910 1901.7
1257920 1903.5
1257930 1904.7
1257940 1902.7
1257950 1902.7
1257960 1901.3
1257970 1903.1
1257980 1903.1
1257990 1907.0
1258000 1908.4
1258010 1908.4
1258020 1908.1
1258030 1909.7
1258040 1909.7
1258050 1910.1
1258060 1910.2
1258070 1910.2
1258080 1910.4
1258090 1911.3
1258100 1911.3
1258110 1910.3
1258120 1911.0
1258130 1911.0
1258140 1911.7
1258150 1909.2
1258160 1909.2
1258170 1907.4
1258180 1910.4
1258190 1910.4
1258200 1913.7
1258210 1914.0
1258220 1909.3
1258230 1909.3
1258240 1891.9
1258250 1868.3
1258260 1868.3
1258270 1851.9
1258280 1850.1
1258290 1850.1
1258300 1846.6
1258310 1852.3
1258320 1852.3
1258330 1858.7
1258340 1870.1
1258350 1870.1
1258360 1879.7
1258370 1885.3
1258380 1885.3
1258390 1894.4
1258400 1906.2
1258410 1911.5
1258420 1916.4
1258430 1918.4
1258440 1918.4
1258450 1921.1
1258460 1923.0
1258470 1923.0
1258480 1925.2
1258490 1924.2
1258500 1922.0
1258510 1922.0
1258520 1916.5
1258530 1908.3
1258540 1908.3
1258550 1895.9
1258560 1891.0
1258570 1891.0
1258580 1890.4
1258590 1886.7
1258600 1886.7
1258610 1880.1
1258620 1857.5
1258630 1857.5
1258640 1782.5
1258650 1756.0
1258660 1756.0
1258670 1745.9
1258680 1741.1
1258690 1741.1
1258700 1725.5
1258710 1711.1
1258720 1711.1
1258730 1718.4
1258740 1742.8
1258750 1742.8
1258760 1750.0
1258770 1730.8
1258780 1705.9
1258790 1705.9
1258800 1712.0
1258810 1714.3
1258820 1714.3
1258830 1683.3
1258840 1657.1
1258850 1657.1
1258860 1648.7
1258870 1642.8
1258880 1642.8
1258890 1637.2
1258900 1631.7
1258910 1631.7
1258920 1624.6
1258930 1618.0
1258940 1618.0
1258950 1612.4
1258960 1606.9
1258970 1609.1
1258980 1601.7
1258990 1595.7
1259000 1595.7
1259010 1591.0
1259020 1587.4
1259030 1587.4
1259040 1584.6
1259050 1581.7
1259060 1579.4
1259070 1579.4
1259080 1578.6
1259090 1578.5
1259100 1578.5
1259110 1579.0
1259120 1579.9
1259130 1579.9
1259140 1581.0
1259150 1585.3
1259160 1585.3
1259170 1592.1
1259180 1595.4
1259190 1595.4
1259200 1597.8
1259210 1600.7
1259220 1600.7
1259230 1603.5
1259240 1606.4
1259250 1606.4
1259260 1607.8
1259270 1605.7
1259280 1605.7
1259290 1606.1
1259300 1606.0
1259310 1607.7
1259320 1607.7
1259330 1610.9
1259340 1612.4
1259350 1612.4
1259360 1614.2
1259370 1618.7
1259380 1618.7
1259390 1625.9
1259400 1639.4
1259410 1639.4
1259420 1649.1
1259430 1657.9
1259440 1657.9
1259450 1657.1
1259460 1672.7
1259470 1672.7
1259480 1697.5
1259490 1711.9
1259500 1711.9
1259510 1720.0
1259520 1734.9
1259530 1734.9
1259540 1743.7
1259550 1753.6
1259560 1753.6
1259570 1763.8
1259580 1772.0
1259590 1772.8
1259600 1772.8
1259610 1768.8
1259620 1764.3
1259630 1764.3
1259640 1760.9
1259650 1759.8
1259660 1759.8
1259670 1761.8
1259680 1766.8
1259690 1766.8
1259700 1768.2
1259710 1766.3
1259720 1766.3
1259730 1760.7
1259740 1756.1
1259750 1756.1
1259760 1744.0
1259770 1718.3
1259780 1718.3
1259790 1693.8
1259800 1688.2
1259810 1688.2
1259820 1677.0
1259830 1661.9
1259840 1661.9
1259850 1646.4
1259860 1643.8
1259870 1643.2
1259880 1643.2
1259890 1643.2
1259900 1643.0
1259910 1643.0
1259920 1642.4
1259930 1641.9
1259940 1641.9
1259950 1640.9
1259960 1640.7
1259970 1640.7
1259980 1641.8
1259990 1642.4
