1240000 1021.8
1240010 1024.7
1240020 1027.9
1240030 1027.9
1240040 1031.9
1240050 1028.1
1240060 1028.1
1240070 1030.0
1240080 1033.2
1240090 1033.2
1240100 1036.2
1240110 1037.9
1240120 1037.9
1240130 1040.4
1240140 1043.7
1240150 1043.7
1240160 1048.3
1240170 1054.5
1240180 1058.9
1240190 1058.9
1240200 1059.6
1240210 1059.5
1240220 1059.5
1240230 1060.5
1240240 1063.5
1240250 1063.5
1240260 1068.6
1240270 1072.7
1240280 1072.7
1240290 1076.0
1240300 1078.7
1240310 1078.7
1240320 1081.1
1240330 1083.3
1240340 1083.3
1240350 1086.6
1240360 1089.9
1240370 1089.9
1240380 1092.9
1240390 1095.6
1240400 1095.6
1240410 1098.6
1240420 1102.7
1240430 1102.7
1240440 1107.1
1240450 1110.7
1240460 1113.6
1240470 1113.6
1240480 1116.8
1240490 1120.1
1240500 1120.1
1240510 1123.0
1240520 1125.7
1240530 1125.7
1240540 1128.8
1240550 1132.4
1240560 1132.4
1240570 1131.5
1240580 1134.9
1240590 1134.9
1240600 1138.3
1240610 1141.5
1240620 1141.5
1240630 1144.0
1240640 1146.1
1240650 1146.1
1240660 1149.0
1240670 1152.2
1240680 1152.2
1240690 1155.2
1240700 1158.4
1240710 1158.4
1240720 1161.4
1240730 1163.9
1240740 1166.2
1240750 1166.2
1240760 1168.1
1240770 1168.9
1240780 1168.9
1240790 1169.2
1240800 1169.0
1240810 1169.0
1240820 1168.0
1240830 1167.0
1240840 1167.0
1240850 1166.7
1240860 1167.0
1240870 1167.0
1240880 1169.4
1240890 1171.9
1240900 1171.9
1240910 1174.4
1240920 1177.6
1240930 1177.6
1240940 1179.8
1240950 1180.8
1240960 1180.8
1240970 1181.5
1240980 1182.2
1240990 1182.2
1241000 1183.6
1241010 1185.5
1241020 1188.2
1241030 1188.2
1241040 1191.0
1241050 1193.2
1241060 1193.2
1241070 1195.0
1241080 1197.3
1241090 1193.9
1241100 1196.8
1241110 1200.9
1241120 1200.9
1241130 1205.4
1241140 1209.3
1241150 1209.3
1241160 1211.6
1241170 1213.8
1241180 1213.8
1241190 1215.6
1241200 1217.6
1241210 1217.6
1241220 1220.0
1241230 1222.1
1241240 1222.1
1241250 1223.8
1241260 1225.8
1241270 1225.8
1241280 1228.4
1241290 1231.3
1241300 1234.2
1241310 1234.2
1241320 1236.4
1241330 1238.2
1241340 1238.2
1241350 1240.4
1241360 1242.3
1241370 1242.3
1241380 1243.5
1241390 1243.9
1241400 1243.9
1241410 1243.3
1241420 1240.6
1241430 1240.6
1241440 1237.3
1241450 1234.8
1241460 1234.8
1241470 1234.0
1241480 1234.4
1241490 1234.4
1241500 1235.2
1241510 1235.7
1241520 1235.7
1241530 1235.2
1241540 1234.1
1241550 1232.8
1241560 1232.8
1241570 1231.7
1241580 1229.7
1241590 1229.7
1241600 1227.7
1241610 1225.9
1241620 1222.8
1241630 1220.5
1241640 1218.8
1241650 1218.8
1241660 1219.1
1241670 1220.4
1241680 1220.4
1241690 1221.9
1241700 1225.4
1241710 1225.4
1241720 1228.4
1241730 1228.4
1241740 1228.4
1241750 1228.0
1241760 1227.8
1241770 1227.8
1241780 1227.0
1241790 1225.6
1241800 1225.6
1241810 1225.0
1241820 1224.7
1241830 1225.7
1241840 1225.7
1241850 1227.7
1241860 1230.0
1241870 1230.0
1241880 1232.4
1241890 1234.4
1241900 1234.4
1241910 1237.4
1241920 1240.2
1241930 1240.2
1241940 1243.3
1241950 1246.8
1241960 1246.8
1241970 1249.5
1241980 1251.6
1241990 1251.6
1242000 1253.3
1242010 1254.5
1242020 1254.5
1242030 1256.4
1242040 1259.6
1242050 1259.6
1242060 1262.8
1242070 1265.1
1242080 1265.1
1242090 1267.7
1242100 1270.4
1242110 1274.3
1242120 1274.3
1242130 1278.6
1242140 1282.0
1242150 1282.0
1242160 1284.9
1242170 1286.2
1242180 1286.2
1242190 1286.4
1242200 1287.2
1242210 1287.2
1242220 1289.5
1242230 1292.1
1242240 1292.1
1242250 1293.8
1242260 1294.2
1242270 1294.2
1242280 1294.9
1242290 1296.2
1242300 1296.2
1242310 1297.7
1242320 1299.4
1242330 1299.4
1242340 1301.8
1242350 1305.4
1242360 1305.4
1242370 1310.1
1242380 1315.4
1242390 1319.7
1242400 1319.7
1242410 1322.5
1242420 1324.0
1242430 1324.0
1242440 1325.4
1242450 1326.5
1242460 1326.5
1242470 1326.6
1242480 1326.7
1242490 1326.7
1242500 1327.3
1242510 1326.6
1242520 1326.6
1242530 1326.7
1242540 1326.5
1242550 1326.5
1242560 1326.5
1242570 1327.7
1242580 1327.7
1242590 1330.1
1242600 1333.3
1242610 1333.3
1242620 1337.8
1242630 1342.4
1242640 1342.4
1242650 1346.4
1242660 1349.2
1242670 1349.0
1242680 1349.0
1242690 1348.5
1242700 1347.7
1242710 1347.7
1242720 1347.6
1242730 1348.2
1242740 1348.2
1242750 1349.0
1242760 1349.7
1242770 1349.7
1242780 1350.8
1242790 1352.2
1242800 1352.2
1242810 1353.6
1242820 1355.5
1242830 1355.5
1242840 1358.6
1242850 1362.7
1242860 1362.7
1242870 1366.4
1242880 1371.1
1242890 1371.1
1242900 1377.2
1242910 1381.6
1242920 1381.6
1242930 1384.1
1242940 1385.4
1242950 1385.5
1242960 1385.5
1242970 1384.4
1242980 1382.0
1242990 1382.0
1243000 1380.0
1243010 1378.9
1243020 1378.9
1243030 1379.4
1243040 1380.7
1243050 1380.7
1243060 1381.5
1243070 1382.2
1243080 1382.2
1243090 1383.2
1243100 1385.4
1243110 1385.4
1243120 1388.4
1243130 1391.5
1243140 1391.5
1243150 1394.6
1243160 1398.1
1243170 1398.1
1243180 1402.8
1243190 1410.0
1243200 1417.6
1243210 1417.6
1243220 1423.0
1243230 1426.0
1243240 1426.0
1243250 1428.5
1243260 1430.7
1243270 1430.7
1243280 1432.7
1243290 1434.4
1243300 1434.4
1243310 1435.3
1243320 1435.5
1243330 1435.5
1243340 1435.2
1243350 1434.3
1243360 1434.3
1243370 1433.0
1243380 1432.5
1243390 1432.5
1243400 1432.5
1243410 1432.9
1243420 1432.9
1243430 1433.7
1243440 1434.4
1243450 1434.4
1243460 1434.7
1243470 1435.6
1243480 1436.6
1243490 1436.6
1243500 1436.7
1243510 1438.2
1243520 1438.2
1243530 1440.3
1243540 1442.0
1243550 1442.0
1243560 1443.3
1243570 1441.5
1243580 1441.5
1243590 1438.5
1243600 1439.8
1243610 1439.8
1243620 1441.0
1243630 1442.4
1243640 1442.4
1243650 1443.9
1243660 1445.8
1243670 1445.8
1243680 1446.9
1243690 1448.1
1243700 1448.1
1243710 1447.3
1243720 1433.7
1243730 1433.7
1243740 1431.9
1243750 1430.1
1243760 1429.1
1243770 1429.1
1243780 1428.3
1243790 1427.6
1243800 1427.6
1243810 1427.1
1243820 1426.3
1243830 1426.3
1243840 1425.6
1243850 1424.9
1243860 1424.9
1243870 1424.3
1243880 1423.6
1243890 1423.6
1243900 1422.5
1243910 1421.2
1243920 1421.2
1243930 1419.9
1243940 1418.4
1243950 1418.4
1243960 1416.5
1243970 1415.0
1243980 1415.0
1243990 1413.2
1244000 1411.0
1244010 1411.0
1244020 1408.8
1244030 1406.3
1244040 1403.1
1244050 1403.1
1244060 1399.9
1244070 1397.1
1244080 1397.1
1244090 1394.8
1244100 1393.5
1244110 1393.5
1244120 1392.3
1244130 1391.2
1244140 1391.2
1244150 1390.2
1244160 1388.8
1244170 1388.8
1244180 1387.3
1244190 1385.7
1244200 1385.7
1244210 1383.7
1244220 1381.4
1244230 1381.4
1244240 1378.7
1244250 1373.7
1244260 1373.7
1244270 1371.3
1244280 1368.7
1244290 1368.7
1244300 1366.0
1244310 1364.4
1244320 1363.4
1244330 1363.4
1244340 1362.0
1244350 1361.2
1244360 1361.2
1244370 1360.3
1244380 1358.6
1244390 1358.6
1244400 1355.1
1244410 1349.9
1244420 1349.9
1244430 1348.3
1244440 1347.3
1244450 1347.3
1244460 1345.8
1244470 1344.2
1244480 1344.2
1244490 1342.6
1244500 1340.9
1244510 1340.9
1244520 1339.1
1244530 1336.3
1244540 1336.3
1244550 1332.9
1244560 1330.0
1244570 1330.0
1244580 1328.1
1244590 1326.1
1244600 1324.7
1244610 1324.7
1244620 1322.9
1244630 1318.9
1244640 1318.9
1244650 1316.2
1244660 1313.8
1244670 1313.8
1244680 1311.0
1244690 1308.8
1244700 1308.8
1244710 1306.6
1244720 1305.0
1244730 1305.0
1244740 1304.3
1244750 1304.3
1244760 1304.3
1244770 1303.8
1244780 1301.4
1244790 1301.4
1244800 1299.4
1244810 1297.1
1244820 1297.1
1244830 1295.5
1244840 1294.3
1244850 1294.7
1244860 1294.7
1244870 1296.1
1244880 1297.0
1244890 1297.0
1244900 1296.3
1244910 1294.9
1244920 1294.9
1244930 1293.0
1244940 1291.1
1244950 1291.1
1244960 1289.9
1244970 1289.5
1244980 1289.5
1244990 1287.6
1245000 1287.7
1245010 1287.7
1245020 1285.2
1245030 1279.6
1245040 1279.6
1245050 1274.7
1245060 1273.1
1245070 1273.1
1245080 1272.0
1245090 1271.8
1245100 1271.8
1245110 1272.2
1245120 1272.9
1245130 1273.3
1245140 1273.3
1245150 1273.8
1245160 1273.3
1245170 1273.3
1245180 1273.4
1245190 1272.8
1245200 1272.8
1245210 1270.7
1245220 1268.8
1245230 1268.8
1245240 1267.2
1245250 1265.5
1245260 1265.5
1245270 1264.4
1245280 1263.5
1245290 1263.5
1245300 1262.0
1245310 1257.3
1245320 1257.3
1245330 1254.7
1245340 1251.5
1245350 1251.5
1245360 1250.1
1245370 1250.9
1245380 1250.9
1245390 1250.9
1245400 1250.4
1245410 1249.7
1245420 1249.7
1245430 1248.6
1245440 1247.3
1245450 1247.3
1245460 1245.7
1245470 1243.8
1245480 1243.8
1245490 1241.9
1245500 1240.1
1245510 1240.1
1245520 1239.1
1245530 1238.2
1245540 1238.2
1245550 1238.7
1245560 1240.0
1245570 1240.0
1245580 1238.2
1245590 1236.2
1245600 1236.2
1245610 1234.4
1245620 1232.0
1245630 1232.0
1245640 1233.1
1245650 1235.3
1245660 1235.3
1245670 1237.0
1245680 1239.4
1245690 1241.2
1245700 1241.2
1245710 1241.6
1245720 1241.6
1245730 1241.6
1245740 1241.6
1245750 1241.8
1245760 1241.8
1245770 1240.5
1245780 1236.5
1245790 1236.5
1245800 1230.5
1245810 1224.7
1245820 1224.7
1245830 1219.3
1245840 1214.8
1245850 1213.3
1245860 1210.3
1245870 1208.4
1245880 1208.4
1245890 1205.3
1245900 1201.7
1245910 1201.7
1245920 1198.9
1245930 1196.0
1245940 1196.0
1245950 1194.7
1245960 1193.0
1245970 1188.2
1245980 1188.2
1245990 1183.5
1246000 1179.1
1246010 1179.1
1246020 1175.5
1246030 1172.8
1246040 1172.8
1246050 1171.2
1246060 1169.5
1246070 1169.5
1246080 1166.8
1246090 1163.9
1246100 1163.9
1246110 1160.8
1246120 1157.7
1246130 1157.7
1246140 1154.8
1246150 1152.8
1246160 1152.8
1246170 1151.2
1246180 1149.2
1246190 1149.2
1246200 1147.2
1246210 1144.6
1246220 1144.6
1246230 1141.4
1246240 1137.9
1246250 1134.7
1246260 1134.7
1246270 1132.3
1246280 1130.0
1246290 1130.0
1246300 1128.3
1246310 1126.6
1246320 1126.6
1246330 1125.1
1246340 1123.9
1246350 1123.9
1246360 1123.2
1246370 1122.0
1246380 1118.1
1246390 1118.2
1246400 1117.4
1246410 1117.4
1246420 1116.2
1246430 1115.0
1246440 1115.0
1246450 1113.8
1246460 1112.5
1246470 1112.5
1246480 1111.3
1246490 1110.6
1246500 1109.8
1246510 1109.8
1246520 1108.3
1246530 1106.7
1246540 1106.7
1246550 1105.7
1246560 1103.9
1246570 1103.9
1246580 1102.1
1246590 1101.2
1246600 1101.2
1246610 1100.2
1246620 1096.8
1246630 1096.8
1246640 1093.8
1246650 1094.4
1246660 1094.4
1246670 1097.7
1246680 1101.9
1246690 1101.9
1246700 1104.5
1246710 1108.5
1246720 1108.5
1246730 1108.2
1246740 1107.7
1246750 1107.7
1246760 1107.6
1246770 1107.7
1246780 1108.7
1246790 1108.7
1246800 1110.4
1246810 1111.5
1246820 1111.5
1246830 1112.3
1246840 1114.1
1246850 1114.1
1246860 1116.6
1246870 1119.6
1246880 1119.6
1246890 1122.5
1246900 1123.7
1246910 1123.7
1246920 1124.3
1246930 1127.5
1246940 1127.5
1246950 1130.7
1246960 1132.4
1246970 1132.4
1246980 1133.2
1246990 1134.0
1247000 1134.0
1247010 1137.1
1247020 1139.3
1247030 1139.3
1247040 1141.8
1247050 1145.2
1247060 1147.0
1247070 1147.0
1247080 1149.8
1247090 1152.3
1247100 1152.3
1247110 1156.2
1247120 1158.0
1247130 1158.0
1247140 1157.9
1247150 1159.9
1247160 1159.9
1247170 1162.7
1247180 1165.7
1247190 1165.7
1247200 1169.0
1247210 1172.2
1247220 1172.2
1247230 1175.6
1247240 1179.7
1247250 1179.7
1247260 1184.4
1247270 1189.6
1247280 1189.6
1247290 1194.2
1247300 1198.1
1247310 1198.1
1247320 1202.2
1247330 1206.5
1247340 1211.4
1247350 1211.4
1247360 1216.8
1247370 1222.6
1247380 1222.6
1247390 1227.3
1247400 1230.3
1247410 1230.3
1247420 1231.7
1247430 1235.1
1247440 1235.1
1247450 1239.9
1247460 1243.9
1247470 1243.9
1247480 1247.5
1247490 1251.1
1247500 1251.1
1247510 1254.3
1247520 1256.6
1247530 1256.6
1247540 1258.1
1247550 1260.7
1247560 1260.7
1247570 1265.9
1247580 1274.6
1247590 1274.6
1247600 1282.2
1247610 1287.0
1247620 1291.2
1247630 1291.2
1247640 1296.0
1247650 1301.6
1247660 1301.6
1247670 1307.5
1247680 1311.4
1247690 1311.4
1247700 1316.2
1247710 1322.7
1247720 1322.7
1247730 1329.4
1247740 1336.6
1247750 1336.6
1247760 1344.2
1247770 1353.0
1247780 1353.0
1247790 1362.4
1247800 1371.0
1247810 1371.0
1247820 1376.5
1247830 1379.9
1247840 1379.9
1247850 1384.0
1247860 1389.7
1247870 1389.7
1247880 1394.7
1247890 1398.3
1247900 1401.8
1247910 1401.8
1247920 1405.6
1247930 1409.6
1247940 1409.6
1247950 1413.7
1247960 1418.4
1247970 1418.4
1247980 1423.3
1247990 1430.9
1248000 1430.9
1248010 1435.6
1248020 1440.8
1248030 1440.8
1248040 1445.8
1248050 1450.0
1248060 1450.0
1248070 1453.8
1248080 1457.7
1248090 1457.7
1248100 1461.8
1248110 1465.9
1248120 1465.9
1248130 1470.2
1248140 1475.5
1248150 1479.8
1248160 1479.8
1248170 1483.1
1248180 1486.4
1248190 1486.4
1248200 1489.4
1248210 1491.6
1248220 1491.6
1248230 1491.7
1248240 1489.2
1248250 1489.2
1248260 1487.5
1248270 1489.4
1248280 1489.4
1248290 1492.2
1248300 1495.6
1248310 1495.6
1248320 1499.6
1248330 1504.1
1248340 1504.1
1248350 1509.3
1248360 1514.8
1248370 1514.8
1248380 1520.6
1248390 1526.6
1248400 1526.6
1248410 1532.6
1248420 1538.5
1248430 1544.3
1248440 1544.3
1248450 1550.0
1248460 1555.4
1248470 1555.4
1248480 1560.8
1248490 1566.0
1248500 1566.0
1248510 1571.3
1248520 1576.4
1248530 1573.8
1248540 1577.0
1248550 1577.0
1248560 1577.0
1248570 1580.0
1248580 1583.3
1248590 1583.3
1248600 1587.8
1248610 1593.1
1248620 1593.1
1248630 1598.4
1248640 1605.0
1248650 1605.0
1248660 1612.5
1248670 1620.7
1248680 1620.7
1248690 1628.2
1248700 1633.5
1248710 1638.8
1248720 1638.8
1248730 1644.5
1248740 1649.0
1248750 1649.0
1248760 1653.0
1248770 1656.9
1248780 1656.9
1248790 1660.5
1248800 1664.1
1248810 1664.1
1248820 1668.2
1248830 1672.8
1248840 1672.8
1248850 1677.7
1248860 1682.8
1248870 1682.8
1248880 1687.6
1248890 1691.5
1248900 1691.5
1248910 1695.2
1248920 1698.9
1248930 1698.9
1248940 1702.9
1248950 1707.0
1248960 1707.0
1248970 1710.9
1248980 1715.6
1248990 1720.4
1249000 1720.4
1249010 1722.1
1249020 1718.1
1249030 1718.1
1249040 1719.1
1249050 1721.2
1249060 1721.2
1249070 1718.3
1249080 1724.4
1249090 1724.4
1249100 1729.6
1249110 1739.0
1249120 1739.0
1249130 1747.4
1249140 1754.2
1249150 1754.2
1249160 1759.2
1249170 1764.0
1249180 1764.0
1249190 1766.5
1249200 1762.2
1249210 1762.2
1249220 1763.9
1249230 1766.0
1249240 1766.0
1249250 1765.8
1249260 1769.9
1249270 1775.9
1249280 1775.9
1249290 1781.7
1249300 1789.3
1249310 1789.3
1249320 1797.4
1249330 1804.4
1249340 1804.4
1249350 1809.1
1249360 1814.1
1249370 1814.1
1249380 1819.3
1249390 1823.8
1249400 1823.8
1249410 1827.9
1249420 1832.1
1249430 1832.1
1249440 1837.1
1249450 1841.9
1249460 1841.9
1249470 1844.8
1249480 1847.8
1249490 1847.8
1249500 1853.6
1249510 1859.7
1249520 1865.8
1249530 1865.8
1249540 1872.1
1249550 1880.2
1249560 1880.2
1249570 1887.6
1249580 1891.7
1249590 1891.7
1249600 1897.0
1249610 1898.0
1249620 1898.0
1249630 1905.8
1249640 1911.6
1249650 1911.6
1249660 1912.9
1249670 1915.5
1249680 1915.5
1249690 1919.4
1249700 1926.5
1249710 1926.5
1249720 1929.0
1249730 1932.4
1249740 1932.4
1249750 1937.8
1249760 1940.6
1249770 1940.6
1249780 1943.6
1249790 1949.6
1249800 1956.0
1249810 1956.0
1249820 1960.7
1249830 1964.1
1249840 1964.1
1249850 1966.7
1249860 1969.5
1249870 1969.5
1249880 1970.4
1249890 1970.0
1249900 1970.0
1249910 1971.7
1249920 1975.5
1249930 1975.5
1249940 1979.5
1249950 1981.7
1249960 1981.7
1249970 1983.0
1249980 1984.1
1249990 1984.1
1250000 1983.8
1250010 1981.3
1250020 1981.3
1250030 1975.2
1250040 1970.3
1250050 1970.3
1250060 1967.5
1250070 1962.2
1250080 1948.8
1250090 1948.8
1250100 1930.3
1250110 1918.1
1250120 1918.1
1250130 1916.9
1250140 1911.8
1250150 1911.8
1250160 1902.2
1250170 1889.6
1250180 1889.6
1250190 1874.2
1250200 1857.1
1250210 1857.1
1250220 1847.0
1250230 1842.6
1250240 1842.6
1250250 1832.7
1250260 1822.4
1250270 1822.4
1250280 1814.4
1250290 1804.1
1250300 1804.1
1250310 1794.5
1250320 1786.6
1250330 1786.6
1250340 1777.8
1250350 1769.2
1250360 1755.4
1250370 1755.4
1250380 1741.9
1250390 1734.2
1250400 1734.2
1250410 1726.9
1250420 1719.8
1250430 1719.8
1250440 1718.1
1250450 1715.7
1250460 1715.7
1250470 1711.1
1250480 1709.4
1250490 1709.4
1250500 1707.2
1250510 1700.4
1250520 1700.4
1250530 1690.8
1250540 1679.1
1250550 1679.1
1250560 1668.2
1250570 1660.6
1250580 1660.6
1250590 1652.2
1250600 1645.0
1250610 1645.0
1250620 1637.6
1250630 1629.9
1250640 1622.1
1250650 1622.1
1250660 1611.2
1250670 1599.5
1250680 1599.5
1250690 1591.1
1250700 1583.4
1250710 1583.4
1250720 1576.8
1250730 1571.4
1250740 1571.4
1250750 1567.6
1250760 1564.5
1250770 1564.5
1250780 1558.2
1250790 1552.6
1250800 1552.6
1250810 1547.8
1250820 1543.8
1250830 1543.8
1250840 1540.6
1250850 1535.3
1250860 1535.3
1250870 1528.8
1250880 1522.3
1250890 1522.3
1250900 1515.6
1250910 1509.6
1250920 1503.6
1250930 1503.6
1250940 1497.7
1250950 1492.3
1250960 1492.3
1250970 1486.3
1250980 1481.1
1250990 1481.1
1251000 1474.9
1251010 1469.5
1251020 1469.5
1251030 1463.6
1251040 1459.3
1251050 1459.3
1251060 1455.2
1251070 1451.0
1251080 1451.0
1251090 1446.3
1251100 1440.4
1251110 1440.4
1251120 1433.6
1251130 1421.1
1251140 1421.1
1251150 1419.6
1251160 1421.3
1251170 1417.8
1251180 1417.8
1251190 1413.8
1251200 1410.3
1251210 1410.3
1251220 1406.8
1251230 1402.8
1251240 1396.7
1251250 1394.3
1251260 1392.2
1251270 1392.2
1251280 1389.1
1251290 1385.1
1251300 1385.1
1251310 1380.6
1251320 1375.5
1251330 1375.5
1251340 1363.5
1251350 1349.1
1251360 1349.1
1251370 1341.9
1251380 1324.5
1251390 1324.5
1251400 1308.1
1251410 1296.7
1251420 1296.7
1251430 1291.3
1251440 1291.6
1251450 1290.9
1251460 1290.9
1251470 1292.7
1251480 1299.5
1251490 1299.5
1251500 1308.2
1251510 1312.9
1251520 1312.9
1251530 1323.4
1251540 1330.6
1251550 1330.6
1251560 1339.7
1251570 1348.5
1251580 1348.5
1251590 1363.1
1251600 1376.4
1251610 1376.4
1251620 1389.2
1251630 1404.0
1251640 1404.0
1251650 1414.2
1251660 1421.7
1251670 1421.7
1251680 1428.7
1251690 1435.2
1251700 1435.2
1251710 1442.3
1251720 1449.5
1251730 1456.5
1251740 1456.5
1251750 1462.9
1251760 1468.9
1251770 1468.9
1251780 1475.5
1251790 1485.4
1251800 1485.4
1251810 1492.4
1251820 1499.5
1251830 1499.5
1251840 1506.1
1251850 1512.4
1251860 1512.4
1251870 1519.0
1251880 1525.6
1251890 1525.6
1251900 1531.9
1251910 1537.5
1251920 1537.5
1251930 1542.5
1251940 1547.9
1251950 1547.9
1251960 1553.4
1251970 1559.2
1251980 1559.2
1251990 1565.1
1252000 1571.4
1252010 1577.7
1252020 1577.7
1252030 1583.8
1252040 1589.2
1252050 1589.2
1252060 1594.4
1252070 1600.1
1252080 1600.1
1252090 1605.4
1252100 1609.3
1252110 1609.3
1252120 1611.8
1252130 1610.4
1252140 1610.4
1252150 1612.6
1252160 1620.2
1252170 1620.2
1252180 1626.0
1252190 1630.7
1252200 1630.7
1252210 1635.5
1252220 1640.3
1252230 1640.3
1252240 1644.7
1252250 1648.9
1252260 1648.9
1252270 1653.2
1252280 1657.8
1252290 1662.9
1252300 1662.9
1252310 1667.8
1252320 1673.2
1252330 1673.2
1252340 1672.9
1252350 1676.9
1252360 1676.9
1252370 1681.9
1252380 1686.9
1252390 1686.9
1252400 1692.4
1252410 1697.5
1252420 1697.5
1252430 1702.1
1252440 1706.0
1252450 1706.0
1252460 1708.9
1252470 1709.3
1252480 1709.3
1252490 1705.0
1252500 1696.4
1252510 1696.4
1252520 1686.8
1252530 1678.1
1252540 1669.6
1252550 1669.6
1252560 1662.0
1252570 1654.2
1252580 1654.2
1252590 1645.6
1252600 1637.1
1252610 1637.1
1252620 1629.9
1252630 1623.2
1252640 1623.2
1252650 1616.0
1252660 1607.9
1252670 1607.9
1252680 1596.4
1252690 1587.5
1252700 1587.5
1252710 1574.9
1252720 1556.2
1252730 1556.2
1252740 1540.2
1252750 1535.7
1252760 1535.7
1252770 1520.4
1252780 1508.5
1252790 1508.5
1252800 1503.3
1252810 1501.0
1252820 1500.7
1252830 1500.7
1252840 1497.2
1252850 1484.9
1252860 1484.9
1252870 1474.2
1252880 1470.5
1252890 1461.1
1252900 1455.4
1252910 1450.6
1252920 1450.6
1252930 1452.1
1252940 1460.0
1252950 1460.0
1252960 1477.7
1252970 1495.9
1252980 1495.9
1252990 1501.5
1253000 1497.3
1253010 1497.3
1253020 1483.7
1253030 1481.5
1253040 1481.5
1253050 1479.4
1253060 1479.7
1253070 1479.7
1253080 1476.7
1253090 1478.2
1253100 1484.4
1253110 1484.4
1253120 1491.8
1253130 1497.2
1253140 1497.2
1253150 1504.6
1253160 1513.6
1253170 1513.6
1253180 1520.1
1253190 1527.6
1253200 1527.6
1253210 1538.3
1253220 1549.0
1253230 1549.0
1253240 1559.7
1253250 1563.0
1253260 1563.0
1253270 1569.7
1253280 1579.9
1253290 1579.9
1253300 1593.7
1253310 1612.7
1253320 1612.7
1253330 1628.2
1253340 1635.4
1253350 1635.4
1253360 1640.9
1253370 1645.7
1253380 1651.3
1253390 1651.3
1253400 1655.9
1253410 1661.0
1253420 1661.0
1253430 1665.5
1253440 1672.6
1253450 1672.6
1253460 1680.2
1253470 1685.5
1253480 1685.5
1253490 1689.0
1253500 1694.2
1253510 1694.2
1253520 1701.5
1253530 1712.0
1253540 1712.0
1253550 1716.1
1253560 1723.6
1253570 1723.6
1253580 1732.8
1253590 1738.8
1253600 1738.8
1253610 1744.7
1253620 1750.5
1253630 1750.5
1253640 1753.7
1253650 1752.9
1253660 1755.0
1253670 1755.0
1253680 1757.9
1253690 1762.3
1253700 1762.3
1253710 1769.1
1253720 1776.2
1253730 1776.2
1253740 1785.3
1253750 1791.1
1253760 1791.1
1253770 1790.2
1253780 1794.7
1253790 1794.7
1253800 1801.8
1253810 1809.3
1253820 1809.3
1253830 1818.2
1253840 1823.9
1253850 1823.9
1253860 1821.9
1253870 1821.3
1253880 1821.3
1253890 1823.2
1253900 1828.5
1253910 1828.5
1253920 1835.5
1253930 1843.8
1253940 1850.9
1253950 1850.9
1253960 1857.6
1253970 1865.8
1253980 1865.8
1253990 1880.5
1254000 1887.0
1254010 1887.0
1254020 1892.8
1254030 1892.7
1254040 1892.7
1254050 1890.0
1254060 1890.1
1254070 1890.1
1254080 1891.2
1254090 1895.7
1254100 1895.7
1254110 1906.4
1254120 1919.7
1254130 1919.7
1254140 1922.8
1254150 1933.0
1254160 1933.0
1254170 1941.8
1254180 1944.5
1254190 1941.2
1254200 1941.2
1254210 1944.4
1254220 1946.2
1254230 1946.2
1254240 1944.2
1254250 1943.9
1254260 1943.9
1254270 1938.6
1254280 1933.5
1254290 1933.5
1254300 1927.1
1254310 1920.2
1254320 1920.2
1254330 1913.2
1254340 1907.6
1254350 1907.6
1254360 1904.6
1254370 1903.4
1254380 1903.4
1254390 1902.3
1254400 1899.7
1254410 1899.7
1254420 1896.9
1254430 1897.7
1254440 1897.7
1254450 1901.0
1254460 1904.7
1254470 1901.8
1254480 1901.8
1254490 1898.5
1254500 1897.2
1254510 1897.2
1254520 1899.0
1254530 1899.4
1254540 1890.1
1254550 1893.9
1254560 1898.0
1254570 1898.0
1254580 1903.4
1254590 1900.9
1254600 1900.9
1254610 1893.1
1254620 1884.6
1254630 1884.6
1254640 1874.2
1254650 1871.6
1254660 1871.6
1254670 1883.7
1254680 1889.7
1254690 1889.7
1254700 1901.1
1254710 1900.0
1254720 1900.0
1254730 1891.6
1254740 1887.2
1254750 1888.9
1254760 1888.9
1254770 1892.1
1254780 1896.0
1254790 1896.0
1254800 1902.1
1254810 1911.7
1254820 1911.7
1254830 1906.4
1254840 1896.3
1254850 1896.3
1254860 1889.0
1254870 1886.1
1254880 1886.1
1254890 1885.5
1254900 1887.7
1254910 1887.7
1254920 1888.6
1254930 1888.2
1254940 1888.2
1254950 1884.0
1254960 1879.3
1254970 1879.3
1254980 1880.5
1254990 1887.0
1255000 1887.0
1255010 1892.9
1255020 1894.1
1255030 1894.9
1255040 1894.9
1255050 1893.0
1255060 1891.7
1255070 1891.7
1255080 1891.5
1255090 1893.8
1255100 1885.3
1255110 1887.2
1255120 1887.3
1255130 1887.3
1255140 1884.8
1255150 1877.6
1255160 1877.6
1255170 1866.3
1255180 1857.9
1255190 1857.9
1255200 1850.4
1255210 1843.5
1255220 1843.5
1255230 1837.4
1255240 1829.4
1255250 1829.4
1255260 1821.9
1255270 1813.9
1255280 1813.9
1255290 1804.8
1255300 1791.2
1255310 1781.9
1255320 1781.9
1255330 1771.6
1255340 1761.6
1255350 1761.6
1255360 1759.6
1255370 1758.0
1255380 1758.0
1255390 1752.0
1255400 1746.8
1255410 1746.8
1255420 1743.0
1255430 1740.8
1255440 1740.8
1255450 1739.8
1255460 1738.6
1255470 1738.6
1255480 1738.5
1255490 1732.5
1255500 1732.5
1255510 1720.6
1255520 1718.1
1255530 1718.1
1255540 1710.8
1255550 1703.4
1255560 1696.5
1255570 1696.5
1255580 1690.2
1255590 1684.1
1255600 1684.1
1255610 1678.5
1255620 1673.1
1255630 1673.1
1255640 1668.6
1255650 1669.7
1255660 1669.7
1255670 1667.3
1255680 1665.5
1255690 1665.5
1255700 1664.6
1255710 1661.1
1255720 1661.1
1255730 1658.0
1255740 1655.7
1255750 1655.7
1255760 1654.2
1255770 1653.6
1255780 1653.6
1255790 1651.2
1255800 1648.1
1255810 1648.1
1255820 1642.1
1255830 1636.0
1255840 1628.3
1255850 1628.3
1255860 1621.4
1255870 1619.1
1255880 1619.1
1255890 1623.6
1255900 1630.2
1255910 1630.2
1255920 1636.7
1255930 1641.9
1255940 1641.9
1255950 1648.5
1255960 1656.2
1255970 1656.2
1255980 1663.3
1255990 1669.0
1256000 1669.0
1256010 1673.9
1256020 1679.0
1256030 1679.0
1256040 1683.8
1256050 1688.6
1256060 1688.6
1256070 1693.2
1256080 1697.4
1256090 1697.4
1256100 1701.1
1256110 1704.6
1256120 1708.1
1256130 1708.1
1256140 1711.7
1256150 1715.6
1256160 1715.6
1256170 1719.5
1256180 1723.3
1256190 1723.3
1256200 1727.1
1256210 1727.3
1256220 1727.3
1256230 1731.5
1256240 1735.4
1256250 1735.4
1256260 1739.3
1256270 1742.6
1256280 1742.6
1256290 1746.3
1256300 1749.8
1256310 1749.8
1256320 1753.6
1256330 1757.1
1256340 1757.1
1256350 1760.0
1256360 1762.9
1256370 1762.9
1256380 1766.3
1256390 1769.6
1256400 1773.2
1256410 1773.2
1256420 1776.2
1256430 1779.4
1256440 1779.4
1256450 1782.5
1256460 1785.2
1256470 1785.2
1256480 1787.4
1256490 1789.1
1256500 1789.1
1256510 1790.3
1256520 1791.4
1256530 1791.4
1256540 1792.5
1256550 1794.4
1256560 1794.4
1256570 1796.3
1256580 1796.8
1256590 1796.8
1256600 1795.6
1256610 1793.7
1256620 1793.7
1256630 1792.3
1256640 1790.8
1256650 1790.8
1256660 1788.9
1256670 1787.2
1256680 1784.7
1256690 1784.7
1256700 1782.0
1256710 1780.3
1256720 1780.3
1256730 1778.6
1256740 1778.1
1256750 1778.1
1256760 1780.1
1256770 1789.4
1256780 1789.4
1256790 1792.8
1256800 1796.0
1256810 1796.0
1256820 1799.8
1256830 1804.1
1256840 1804.1
1256850 1807.5
1256860 1810.4
1256870 1810.4
1256880 1813.1
1256890 1815.3
1256900 1815.3
1256910 1816.8
1256920 1818.8
1256930 1823.5
1256940 1823.5
1256950 1829.5
1256960 1832.9
1256970 1832.9
1256980 1834.7
1256990 1837.2
1257000 1837.2
1257010 1840.1
1257020 1841.2
1257030 1841.2
1257040 1842.7
1257050 1842.0
1257060 1842.0
1257070 1845.2
1257080 1852.5
1257090 1852.5
1257100 1858.9
1257110 1861.5
1257120 1861.5
1257130 1865.9
1257140 1869.9
1257150 1869.9
1257160 1874.9
1257170 1877.7
1257180 1877.7
1257190 1882.6
1257200 1887.8
1257210 1891.2
1257220 1891.2
1257230 1894.2
1257240 1894.3
1257250 1894.3
1257260 1898.5
1257270 1902.9
1257280 1902.9
1257290 1905.0
1257300 1908.4
1257310 1908.4
1257320 1909.9
1257330 1923.3
1257340 1923.3
1257350 1925.5
1257360 1928.3
1257370 1928.3
1257380 1927.9
1257390 1929.1
1257400 1929.1
1257410 1932.7
1257420 1933.6
1257430 1933.6
1257440 1933.6
1257450 1931.6
1257460 1931.6
1257470 1931.7
1257480 1934.3
1257490 1935.0
1257500 1935.0
1257510 1930.2
1257520 1935.4
1257530 1935.4
1257540 1946.1
1257550 1952.1
1257560 1952.1
1257570 1957.3
1257580 1961.5
1257590 1961.5
1257600 1964.1
1257610 1966.6
1257620 1966.6
1257630 1968.9
1257640 1972.6
1257650 1972.6
1257660 1973.5
1257670 1973.9
1257680 1973.9
1257690 1978.4
1257700 1982.1
1257710 1982.1
1257720 1984.1
1257730 1986.3
1257740 1986.3
1257750 1989.1
1257760 1990.3
1257770 1991.0
1257780 1991.0
1257790 1989.7
1257800 1982.2
1257810 1982.2
1257820 1981.3
1257830 1985.7
1257840 1985.7
1257850 1998.8
1257860 2009.4
1257870 2009.4
1257880 2015.8
1257890 2025.6
1257900 2025.6
1257910 2032.0
1257920 2038.0
1257930 2038.0
1257940 2044.3
1257950 2053.3
1257960 2053.3
1257970 2060.1
1257980 2064.6
1257990 2064.6
1258000 2068.9
1258010 2068.9
1258020 2068.9
1258030 2064.8
1258040 2061.2
1258050 2059.7
1258060 2059.7
1258070 2057.8
1258080 2057.5
1258090 2057.5
1258100 2061.1
1258110 2069.9
1258120 2069.9
1258130 2078.3
1258140 2081.4
1258150 2081.4
1258160 2076.1
1258170 2071.1
1258180 2071.1
1258190 2069.7
1258200 2068.9
1258210 2068.9
1258220 2068.0
1258230 2070.3
1258240 2070.3
1258250 2070.9
1258260 2071.5
1258270 2071.5
1258280 2070.3
1258290 2067.1
1258300 2069.2
1258310 2069.2
1258320 2056.0
1258330 2024.4
1258340 2024.4
1258350 2013.5
1258360 2006.8
1258370 2006.8
1258380 2004.3
1258390 2004.5
1258400 2004.5
1258410 2006.4
1258420 2008.1
1258430 2008.1
1258440 2010.0
1258450 2019.7
1258460 2019.7
1258470 2023.1
1258480 2028.0
1258490 2028.0
1258500 2035.0
1258510 2043.5
1258520 2043.5
1258530 2052.6
1258540 2060.5
1258550 2060.5
1258560 2065.4
1258570 2065.7
1258580 2059.8
1258590 2059.8
1258600 2054.9
1258610 2053.3
1258620 2053.3
1258630 2055.7
1258640 2057.3
1258650 2057.3
1258660 2060.5
1258670 2063.9
1258680 2063.9
1258690 2064.8
1258700 2065.5
1258710 2065.5
1258720 2068.7
1258730 2072.8
1258740 2072.8
1258750 2074.6
1258760 2077.1
1258770 2077.1
1258780 2070.2
1258790 2057.8
1258800 2057.8
1258810 2051.6
1258820 2047.7
1258830 2047.7
1258840 2056.7
1258850 2066.2
1258860 2050.0
1258870 2050.0
1258880 2021.1
1258890 1994.0
1258900 1994.0
1258910 1938.9
1258920 1926.3
1258930 1926.3
1258940 1907.6
1258950 1890.3
1258960 1890.3
1258970 1880.6
1258980 1870.9
1258990 1870.9
1259000 1850.5
1259010 1813.2
1259020 1827.2
1259030 1825.4
1259040 1809.9
1259050 1809.9
1259060 1775.3
1259070 1755.1
1259080 1755.1
1259090 1734.1
1259100 1713.4
1259110 1713.4
1259120 1708.4
1259130 1708.5
1259140 1711.9
1259150 1711.9
1259160 1715.1
1259170 1712.4
1259180 1712.4
1259190 1703.9
1259200 1697.4
1259210 1697.4
1259220 1694.6
1259230 1692.9
1259240 1692.9
1259250 1690.9
1259260 1690.2
1259270 1690.2
1259280 1689.8
1259290 1689.0
1259300 1689.0
1259310 1689.9
1259320 1692.2
1259330 1692.2
1259340 1695.4
1259350 1698.7
1259360 1698.7
1259370 1700.7
1259380 1700.6
1259390 1700.6
1259400 1701.8
1259410 1703.6
1259420 1707.8
1259430 1707.8
1259440 1715.1
1259450 1723.5
1259460 1723.5
1259470 1736.8
1259480 1762.7
1259490 1762.7
1259500 1784.0
1259510 1822.5
1259520 1822.5
1259530 1851.9
1259540 1873.8
1259550 1873.8
1259560 1899.2
1259570 1919.1
1259580 1911.9
1259590 1946.8
1259600 1972.4
1259610 1972.4
1259620 1975.1
1259630 1965.8
1259640 1965.8
1259650 1955.4
1259660 1943.2
1259670 1930.3
1259680 1930.3
1259690 1918.1
1259700 1906.6
1259710 1906.6
1259720 1896.9
1259730 1887.0
1259740 1887.0
1259750 1874.9
1259760 1865.5
1259770 1865.5
1259780 1856.8
1259790 1848.0
1259800 1848.0
1259810 1839.8
1259820 1835.5
1259830 1835.5
1259840 1835.8
1259850 1835.7
1259860 1835.7
1259870 1832.9
1259880 1834.0
1259890 1834.0
1259900 1832.0
1259910 1831.6
1259920 1831.6
1259930 1838.0
1259940 1838.9
1259950 1840.3
1259960 1840.3
1259970 1837.5
1259980 1828.5
1259990 1828.5
