1240000 1088.7
1240010 1089.5
1240020 1089.5
1240030 1090.2
1240040 1090.9
1240050 1089.3
1240060 1089.8
1240070 1090.4
1240080 1090.4
1240090 1091.0
1240100 1092.5
1240110 1092.5
1240120 1095.4
1240130 1098.9
1240140 1098.9
1240150 1102.8
1240160 1106.9
1240170 1106.9
1240180 1110.9
1240190 1114.5
1240200 1117.8
1240210 1117.8
1240220 1121.3
1240230 1125.2
1240240 1125.2
1240250 1129.9
1240260 1135.1
1240270 1135.1
1240280 1139.9
1240290 1144.1
1240300 1144.1
1240310 1148.2
1240320 1152.5
1240330 1152.5
1240340 1157.3
1240350 1162.0
1240360 1162.0
1240370 1166.2
1240380 1169.4
1240390 1169.4
1240400 1171.9
1240410 1174.0
1240420 1174.0
1240430 1175.4
1240440 1176.3
1240450 1176.3
1240460 1176.3
1240470 1175.6
1240480 1175.1
1240490 1175.1
1240500 1176.1
1240510 1178.3
1240520 1178.3
1240530 1180.3
1240540 1180.9
1240550 1180.9
1240560 1179.5
1240570 1174.3
1240580 1174.3
1240590 1174.2
1240600 1175.1
1240610 1175.1
1240620 1176.0
1240630 1176.7
1240640 1176.7
1240650 1178.0
1240660 1180.4
1240670 1180.4
1240680 1181.6
1240690 1182.3
1240700 1182.3
1240710 1182.7
1240720 1184.0
1240730 1184.0
1240740 1186.2
1240750 1187.8
1240760 1190.0
1240770 1190.0
1240780 1192.3
1240790 1194.9
1240800 1194.9
1240810 1196.7
1240820 1197.6
1240830 1197.6
1240840 1200.8
1240850 1204.8
1240860 1204.8
1240870 1206.1
1240880 1207.9
1240890 1207.9
1240900 1209.1
1240910 1209.9
1240920 1209.9
1240930 1210.2
1240940 1212.2
1240950 1212.2
1240960 1213.8
1240970 1214.7
1240980 1214.7
1240990 1215.8
1241000 1216.7
1241010 1216.7
1241020 1217.7
1241030 1218.0
1241040 1218.5
1241050 1218.5
1241060 1219.2
1241070 1219.6
1241080 1219.6
1241090 1219.4
1241100 1219.2
1241110 1219.2
1241120 1218.4
1241130 1218.6
1241140 1218.6
1241150 1219.6
1241160 1219.9
1241170 1219.9
1241180 1219.7
1241190 1219.6
1241200 1219.6
1241210 1219.3
1241220 1219.3
1241230 1219.3
1241240 1219.6
1241250 1219.9
1241260 1219.9
1241270 1220.4
1241280 1222.6
1241290 1222.6
1241300 1226.5
1241310 1231.0
1241320 1234.7
1241330 1234.7
1241340 1237.4
1241350 1239.6
1241360 1239.6
1241370 1241.2
1241380 1242.6
1241390 1242.6
1241400 1243.9
1241410 1244.7
1241420 1244.7
1241430 1245.7
1241440 1247.4
1241450 1247.4
1241460 1249.8
1241470 1253.2
1241480 1253.2
1241490 1256.9
1241500 1259.3
1241510 1259.3
1241520 1260.6
1241530 1264.6
1241540 1264.6
1241550 1268.9
1241560 1273.9
1241570 1277.6
1241580 1277.6
1241590 1278.9
1241600 1279.5
1241610 1279.5
1241620 1282.4
1241630 1281.7
1241640 1281.7
1241650 1279.6
1241660 1276.0
1241670 1276.0
1241680 1271.7
1241690 1267.6
1241700 1267.6
1241710 1264.0
1241720 1260.8
1241730 1260.8
1241740 1256.7
1241750 1253.3
1241760 1253.3
1241770 1251.4
1241780 1248.3
1241790 1248.3
1241800 1246.3
1241810 1244.7
1241820 1244.7
1241830 1243.1
1241840 1241.3
1241850 1238.4
1241860 1238.4
1241870 1235.3
1241880 1233.2
1241890 1233.2
1241900 1232.5
1241910 1232.6
1241920 1232.6
1241930 1233.2
1241940 1236.0
1241950 1236.0
1241960 1238.6
1241970 1240.8
1241980 1240.8
1241990 1243.3
1242000 1246.7
1242010 1246.7
1242020 1251.4
1242030 1256.5
1242040 1256.5
1242050 1261.4
1242060 1266.7
1242070 1266.7
1242080 1271.7
1242090 1276.2
1242100 1276.2
1242110 1277.7
1242120 1278.0
1242130 1278.9
1242140 1278.9
1242150 1283.8
1242160 1285.3
1242170 1285.3
1242180 1285.6
1242190 1286.3
1242200 1286.3
1242210 1287.9
1242220 1289.9
1242230 1289.9
1242240 1291.4
1242250 1291.5
1242260 1291.5
1242270 1290.6
1242280 1291.3
1242290 1291.3
1242300 1293.1
1242310 1294.9
1242320 1294.9
1242330 1298.1
1242340 1303.1
1242350 1303.1
1242360 1306.8
1242370 1308.5
1242380 1308.5
1242390 1310.2
1242400 1312.2
1242410 1313.4
1242420 1313.4
1242430 1312.8
1242440 1310.2
1242450 1310.2
1242460 1306.7
1242470 1305.1
1242480 1305.1
1242490 1305.6
1242500 1307.3
1242510 1307.3
1242520 1311.0
1242530 1314.4
1242540 1314.4
1242550 1316.7
1242560 1319.2
1242570 1319.2
1242580 1320.8
1242590 1321.6
1242600 1321.6
1242610 1322.1
1242620 1322.7
1242630 1322.7
1242640 1324.6
1242650 1327.3
1242660 1327.3
1242670 1333.0
1242680 1335.9
1242690 1339.1
1242700 1339.1
1242710 1343.0
1242720 1347.7
1242730 1347.7
1242740 1352.4
1242750 1355.3
1242760 1355.3
1242770 1355.9
1242780 1356.1
1242790 1356.1
1242800 1356.6
1242810 1359.2
1242820 1359.2
1242830 1364.6
1242840 1367.3
1242850 1367.3
1242860 1370.5
1242870 1373.9
1242880 1373.9
1242890 1375.7
1242900 1377.7
1242910 1377.7
1242920 1378.8
1242930 1379.8
1242940 1379.8
1242950 1381.2
1242960 1382.1
1242970 1382.6
1242980 1382.6
1242990 1384.6
1243000 1387.4
1243010 1387.4
1243020 1391.5
1243030 1395.3
1243040 1395.3
1243050 1397.7
1243060 1400.0
1243070 1400.0
1243080 1402.5
1243090 1404.5
1243100 1404.5
1243110 1406.8
1243120 1409.4
1243130 1409.4
1243140 1411.4
1243150 1414.5
1243160 1414.5
1243170 1418.2
1243180 1419.6
1243190 1419.6
1243200 1424.2
1243210 1426.9
1243220 1428.9
1243230 1428.9
1243240 1430.0
1243250 1431.2
1243260 1431.2
1243270 1433.5
1243280 1436.5
1243290 1436.5
1243300 1438.5
1243310 1439.8
1243320 1439.8
1243330 1441.8
1243340 1443.9
1243350 1443.9
1243360 1445.2
1243370 1446.2
1243380 1446.2
1243390 1446.4
1243400 1446.0
1243410 1446.0
1243420 1444.8
1243430 1443.6
1243440 1443.6
1243450 1442.8
1243460 1442.6
1243470 1442.6
1243480 1443.4
1243490 1444.4
1243500 1444.4
1243510 1444.4
1243520 1443.4
1243530 1442.4
1243540 1442.4
1243550 1442.4
1243560 1443.6
1243570 1443.6
1243580 1445.7
1243590 1448.2
1243600 1448.2
1243610 1450.4
1243620 1452.6
1243630 1452.6
1243640 1455.7
1243650 1459.8
1243660 1459.8
1243670 1464.4
1243680 1468.7
1243690 1468.7
1243700 1472.9
1243710 1477.5
1243720 1477.5
1243730 1479.4
1243740 1481.2
1243750 1481.2
1243760 1481.3
1243770 1481.5
1243780 1481.2
1243790 1481.2
1243800 1480.0
1243810 1479.1
1243820 1479.1
1243830 1478.8
1243840 1479.4
1243850 1479.4
1243860 1481.0
1243870 1481.9
1243880 1481.9
1243890 1481.5
1243900 1481.0
1243910 1481.0
1243920 1479.8
1243930 1478.5
1243940 1478.5
1243950 1477.5
1243960 1476.7
1243970 1476.7
1243980 1476.3
1243990 1475.3
1244000 1475.3
1244010 1473.3
1244020 1471.2
1244030 1471.2
1244040 1469.1
1244050 1466.8
1244060 1465.6
1244070 1465.6
1244080 1464.8
1244090 1465.1
1244100 1465.1
1244110 1463.6
1244120 1461.7
1244130 1461.7
1244140 1460.3
1244150 1460.7
1244160 1460.7
1244170 1460.9
1244180 1459.8
1244190 1459.8
1244200 1457.5
1244210 1454.5
1244220 1454.5
1244230 1451.3
1244240 1447.5
1244250 1447.5
1244260 1441.3
1244270 1438.1
1244280 1438.1
1244290 1434.9
1244300 1432.4
1244310 1432.4
1244320 1430.8
1244330 1429.2
1244340 1426.2
1244350 1426.2
1244360 1421.8
1244370 1418.4
1244380 1418.4
1244390 1414.4
1244400 1410.9
1244410 1410.9
1244420 1408.1
1244430 1406.0
1244440 1406.0
1244450 1403.3
1244460 1400.5
1244470 1400.5
1244480 1397.9
1244490 1394.7
1244500 1394.7
1244510 1391.1
1244520 1387.6
1244530 1387.6
1244540 1383.6
1244550 1379.4
1244560 1379.4
1244570 1375.7
1244580 1371.1
1244590 1371.1
1244600 1366.5
1244610 1362.8
1244620 1359.9
1244630 1359.9
1244640 1357.3
1244650 1355.3
1244660 1355.3
1244670 1354.6
1244680 1352.1
1244690 1352.1
1244700 1349.6
1244710 1348.0
1244720 1348.0
1244730 1346.3
1244740 1345.0
1244750 1345.0
1244760 1341.8
1244770 1336.8
1244780 1336.8
1244790 1330.3
1244800 1324.5
1244810 1324.5
1244820 1321.6
1244830 1325.0
1244840 1325.0
1244850 1326.4
1244860 1327.2
1244870 1327.2
1244880 1328.5
1244890 1331.1
1244900 1332.0
1244910 1332.0
1244920 1331.3
1244930 1329.6
1244940 1329.6
1244950 1327.8
1244960 1330.1
1244970 1330.1
1244980 1330.8
1244990 1330.9
1245000 1330.9
1245010 1330.7
1245020 1330.6
1245030 1330.6
1245040 1331.5
1245050 1332.2
1245060 1332.2
1245070 1333.8
1245080 1335.9
1245090 1335.9
1245100 1338.0
1245110 1339.7
1245120 1339.7
1245130 1339.9
1245140 1339.8
1245150 1339.2
1245160 1339.2
1245170 1338.0
1245180 1335.8
1245190 1335.8
1245200 1333.0
1245210 1330.3
1245220 1330.3
1245230 1328.0
1245240 1326.1
1245250 1326.1
1245260 1324.7
1245270 1323.3
1245280 1323.3
1245290 1322.2
1245300 1321.5
1245310 1321.5
1245320 1320.6
1245330 1320.4
1245340 1320.4
1245350 1320.1
1245360 1320.0
1245370 1320.0
1245380 1319.7
1245390 1319.0
1245400 1319.0
1245410 1318.0
1245420 1317.2
1245430 1316.5
1245440 1316.5
1245450 1315.9
1245460 1315.7
1245470 1315.7
1245480 1314.7
1245490 1313.3
1245500 1313.3
1245510 1312.0
1245520 1310.3
1245530 1310.3
1245540 1308.6
1245550 1306.5
1245560 1306.5
1245570 1303.6
1245580 1300.0
1245590 1300.0
1245600 1296.1
1245610 1292.3
1245620 1292.3
1245630 1289.5
1245640 1287.8
1245650 1287.8
1245660 1287.3
1245670 1285.6
1245680 1285.6
1245690 1281.4
1245700 1277.0
1245710 1274.4
1245720 1274.4
1245730 1270.3
1245740 1264.3
1245750 1264.3
1245760 1258.7
1245770 1254.4
1245780 1254.4
1245790 1251.5
1245800 1249.0
1245810 1249.0
1245820 1245.3
1245830 1240.5
1245840 1240.5
1245850 1234.8
1245860 1230.6
1245870 1230.6
1245880 1226.0
1245890 1221.4
1245900 1221.4
1245910 1216.8
1245920 1211.6
1245930 1211.6
1245940 1206.4
1245950 1202.7
1245960 1202.7
1245970 1200.9
1245980 1198.5
1245990 1194.9
1246000 1194.9
1246010 1192.9
1246020 1191.3
1246030 1191.3
1246040 1188.1
1246050 1184.3
1246060 1184.3
1246070 1181.3
1246080 1178.5
1246090 1178.5
1246100 1176.1
1246110 1174.0
1246120 1174.0
1246130 1171.2
1246140 1168.2
1246150 1168.2
1246160 1165.7
1246170 1163.8
1246180 1163.8
1246190 1162.5
1246200 1161.9
1246210 1161.9
1246220 1161.4
1246230 1161.0
1246240 1161.0
1246250 1160.7
1246260 1160.5
1246270 1160.3
1246280 1160.3
1246290 1159.9
1246300 1158.6
1246310 1158.6
1246320 1157.5
1246330 1157.1
1246340 1157.1
1246350 1156.1
1246360 1154.0
1246370 1154.0
1246380 1151.5
1246390 1148.0
1246400 1148.0
1246410 1146.3
1246420 1144.7
1246430 1144.7
1246440 1142.6
1246450 1140.1
1246460 1140.1
1246470 1137.6
1246480 1135.5
1246490 1135.5
1246500 1133.6
1246510 1131.8
1246520 1131.8
1246530 1130.3
1246540 1128.4
1246550 1127.3
1246560 1127.3
1246570 1126.1
1246580 1124.9
1246590 1124.9
1246600 1124.4
1246610 1123.9
1246620 1123.9
1246630 1123.7
1246640 1122.8
1246650 1122.8
1246660 1121.7
1246670 1121.7
1246680 1121.7
1246690 1122.5
1246700 1122.0
1246710 1122.0
1246720 1120.5
1246730 1116.8
1246740 1116.8
1246750 1115.2
1246760 1114.4
1246770 1114.4
1246780 1113.8
1246790 1112.6
1246800 1111.6
1246810 1111.6
1246820 1112.2
1246830 1114.5
1246840 1114.5
1246850 1118.0
1246860 1119.9
1246870 1119.9
1246880 1121.5
1246890 1123.6
1246900 1123.6
1246910 1125.7
1246920 1132.2
1246930 1132.2
1246940 1135.8
1246950 1137.5
1246960 1137.5
1246970 1137.9
1246980 1138.4
1246990 1138.4
1247000 1139.9
1247010 1142.0
1247020 1142.0
1247030 1142.7
1247040 1144.3
1247050 1144.3
1247060 1148.4
1247070 1152.2
1247080 1151.5
1247090 1151.5
1247100 1153.2
1247110 1155.8
1247120 1155.8
1247130 1160.1
1247140 1162.8
1247150 1162.8
1247160 1163.7
1247170 1164.2
1247180 1164.2
1247190 1165.8
1247200 1167.8
1247210 1167.8
1247220 1170.1
1247230 1170.7
1247240 1170.7
1247250 1172.6
1247260 1174.9
1247270 1174.9
1247280 1177.4
1247290 1180.8
1247300 1180.8
1247310 1184.3
1247320 1187.3
1247330 1187.3
1247340 1190.2
1247350 1192.6
1247360 1194.6
1247370 1194.6
1247380 1196.9
1247390 1199.4
1247400 1199.4
1247410 1201.8
1247420 1204.4
1247430 1204.4
1247440 1207.3
1247450 1210.7
1247460 1209.3
1247470 1212.9
1247480 1217.5
1247490 1217.5
1247500 1222.4
1247510 1227.7
1247520 1227.7
1247530 1232.9
1247540 1238.2
1247550 1238.2
1247560 1244.2
1247570 1250.1
1247580 1250.1
1247590 1255.5
1247600 1260.8
1247610 1260.8
1247620 1267.1
1247630 1273.1
1247640 1277.6
1247650 1277.6
1247660 1281.8
1247670 1286.1
1247680 1286.1
1247690 1291.5
1247700 1297.9
1247710 1297.9
1247720 1304.0
1247730 1311.3
1247740 1311.3
1247750 1317.9
1247760 1324.5
1247770 1324.5
1247780 1332.0
1247790 1338.8
1247800 1338.8
1247810 1343.9
1247820 1347.8
1247830 1347.8
1247840 1352.0
1247850 1356.0
1247860 1356.0
1247870 1359.7
1247880 1364.0
1247890 1364.0
1247900 1368.4
1247910 1373.4
1247920 1378.4
1247930 1378.4
1247940 1382.4
1247950 1386.4
1247960 1386.4
1247970 1391.2
1247980 1396.3
1247990 1396.3
1248000 1402.9
1248010 1408.1
1248020 1408.1
1248030 1411.9
1248040 1414.4
1248050 1414.4
1248060 1419.1
1248070 1424.4
1248080 1424.4
1248090 1427.9
1248100 1430.7
1248110 1430.7
1248120 1434.1
1248130 1437.8
1248140 1437.8
1248150 1440.5
1248160 1442.2
1248170 1442.2
1248180 1444.1
1248190 1447.3
1248200 1452.5
1248210 1452.5
1248220 1458.9
1248230 1465.8
1248240 1465.8
1248250 1474.0
1248260 1482.4
1248270 1482.4
1248280 1491.9
1248290 1502.5
1248300 1502.5
1248310 1512.4
1248320 1519.8
1248330 1519.8
1248340 1526.1
1248350 1532.3
1248360 1532.3
1248370 1539.9
1248380 1547.6
1248390 1547.6
1248400 1554.8
1248410 1561.7
1248420 1561.7
1248430 1568.7
1248440 1576.6
1248450 1576.6
1248460 1583.1
1248470 1587.4
1248480 1591.4
1248490 1591.4
1248500 1596.4
1248510 1602.1
1248520 1602.1
1248530 1608.1
1248540 1616.0
1248550 1616.0
1248560 1623.1
1248570 1628.4
1248580 1628.4
1248590 1633.1
1248600 1638.7
1248610 1638.7
1248620 1644.6
1248630 1650.1
1248640 1650.1
1248650 1654.9
1248660 1660.4
1248670 1660.4
1248680 1665.9
1248690 1671.4
1248700 1671.4
1248710 1676.5
1248720 1681.6
1248730 1686.3
1248740 1686.3
1248750 1691.0
1248760 1695.5
1248770 1695.5
1248780 1699.2
1248790 1703.4
1248800 1703.4
1248810 1707.9
1248820 1712.0
1248830 1712.0
1248840 1715.1
1248850 1717.0
1248860 1717.0
1248870 1718.5
1248880 1720.5
1248890 1720.5
1248900 1723.3
1248910 1726.9
1248920 1726.9
1248930 1729.1
1248940 1730.1
1248950 1730.1
1248960 1732.8
1248970 1737.2
1248980 1737.2
1248990 1742.8
1249000 1749.3
1249010 1757.4
1249020 1757.4
1249030 1765.2
1249040 1771.1
1249050 1771.1
1249060 1776.9
1249070 1782.6
1249080 1786.1
1249090 1792.1
1249100 1794.6
1249110 1794.6
1249120 1793.5
1249130 1792.2
1249140 1792.2
1249150 1791.9
1249160 1792.1
1249170 1792.1
1249180 1792.7
1249190 1792.4
1249200 1792.4
1249210 1792.1
1249220 1792.0
1249230 1792.0
1249240 1792.2
1249250 1792.4
1249260 1792.4
1249270 1792.5
1249280 1792.9
1249290 1793.6
1249300 1793.6
1249310 1794.4
1249320 1795.3
1249330 1795.3
1249340 1795.2
1249350 1793.5
1249360 1793.5
1249370 1794.2
1249380 1794.3
1249390 1794.3
1249400 1795.9
1249410 1798.2
1249420 1798.2
1249430 1802.6
1249440 1806.4
1249450 1806.4
1249460 1813.1
1249470 1820.2
1249480 1820.2
1249490 1827.3
1249500 1835.4
1249510 1835.4
1249520 1843.5
1249530 1852.8
1249540 1852.8
1249550 1860.5
1249560 1866.7
1249570 1872.0
1249580 1872.0
1249590 1875.8
1249600 1878.7
1249610 1878.7
1249620 1886.0
1249630 1888.4
1249640 1888.4
1249650 1889.8
1249660 1890.0
1249670 1890.0
1249680 1892.7
1249690 1896.0
1249700 1896.0
1249710 1900.2
1249720 1905.8
1249730 1905.8
1249740 1911.1
1249750 1916.0
1249760 1916.0
1249770 1920.8
1249780 1925.3
1249790 1925.3
1249800 1930.1
1249810 1934.7
1249820 1934.7
1249830 1939.6
1249840 1944.4
1249850 1948.1
1249860 1948.1
1249870 1950.7
1249880 1952.1
1249890 1952.1
1249900 1953.4
1249910 1954.0
1249920 1954.0
1249930 1953.4
1249940 1952.8
1249950 1952.8
1249960 1953.1
1249970 1952.2
1249980 1952.2
1249990 1951.3
1250000 1948.9
1250010 1948.9
1250020 1942.5
1250030 1933.9
1250040 1933.9
1250050 1925.3
1250060 1917.7
1250070 1917.7
1250080 1912.3
1250090 1908.3
1250100 1908.3
1250110 1905.0
1250120 1900.5
1250130 1891.3
1250140 1891.3
1250150 1880.9
1250160 1876.0
1250170 1876.0
1250180 1868.1
1250190 1858.6
1250200 1858.6
1250210 1845.5
1250220 1832.3
1250230 1832.3
1250240 1826.0
1250250 1801.5
1250260 1801.5
1250270 1787.4
1250280 1779.4
1250290 1779.4
1250300 1771.0
1250310 1764.2
1250320 1764.2
1250330 1757.2
1250340 1750.4
1250350 1750.4
1250360 1741.6
1250370 1735.3
1250380 1728.9
1250390 1728.9
1250400 1722.0
1250410 1716.4
1250420 1716.4
1250430 1707.6
1250440 1700.8
1250450 1700.8
1250460 1693.5
1250470 1685.7
1250480 1685.7
1250490 1679.5
1250500 1674.2
1250510 1674.2
1250520 1671.5
1250530 1671.1
1250540 1671.1
1250550 1672.0
1250560 1670.4
1250570 1670.4
1250580 1670.1
1250590 1673.1
1250600 1673.1
1250610 1676.0
1250620 1677.9
1250630 1677.9
1250640 1674.2
1250650 1668.6
1250660 1660.9
1250670 1660.9
1250680 1645.3
1250690 1631.3
1250700 1627.4
1250710 1622.0
1250720 1634.0
1250730 1634.0
1250740 1642.4
1250750 1642.1
1250760 1642.1
1250770 1639.8
1250780 1635.5
1250790 1635.5
1250800 1632.3
1250810 1628.9
1250820 1628.9
1250830 1624.9
1250840 1622.7
1250850 1622.7
1250860 1619.2
1250870 1615.4
1250880 1615.4
1250890 1611.0
1250900 1605.4
1250910 1605.4
1250920 1604.4
1250930 1601.2
1250940 1597.6
1250950 1597.6
1250960 1594.5
1250970 1591.0
1250980 1591.0
1250990 1586.8
1251000 1581.3
1251010 1581.3
1251020 1579.1
1251030 1576.3
1251040 1576.3
1251050 1572.5
1251060 1567.5
1251070 1567.5
1251080 1559.1
1251090 1554.5
1251100 1554.5
1251110 1556.9
1251120 1554.7
1251130 1554.7
1251140 1551.5
1251150 1548.7
1251160 1548.7
1251170 1545.2
1251180 1544.5
1251190 1544.5
1251200 1541.8
1251210 1538.0
1251220 1533.8
1251230 1533.8
1251240 1529.0
1251250 1518.2
1251260 1518.2
1251270 1512.0
1251280 1505.3
1251290 1505.3
1251300 1497.1
1251310 1486.4
1251320 1486.4
1251330 1471.7
1251340 1455.8
1251350 1455.8
1251360 1441.2
1251370 1434.9
1251380 1434.9
1251390 1428.6
1251400 1415.3
1251410 1415.3
1251420 1402.4
1251430 1391.0
1251440 1391.0
1251450 1378.7
1251460 1369.4
1251470 1369.4
1251480 1361.3
1251490 1360.5
1251500 1365.0
1251510 1365.0
1251520 1369.3
1251530 1374.4
1251540 1374.4
1251550 1380.2
1251560 1385.7
1251570 1385.7
1251580 1395.0
1251590 1403.7
1251600 1403.7
1251610 1402.5
1251620 1402.3
1251630 1402.3
1251640 1406.2
1251650 1411.2
1251660 1411.2
1251670 1416.0
1251680 1413.8
1251690 1413.8
1251700 1413.5
1251710 1414.2
1251720 1414.2
1251730 1416.0
1251740 1417.2
1251750 1417.2
1251760 1421.2
1251770 1425.3
1251780 1423.6
1251790 1423.6
1251800 1416.5
1251810 1421.2
1251820 1421.2
1251830 1419.5
1251840 1422.3
1251850 1422.3
1251860 1424.2
1251870 1424.9
1251880 1424.9
1251890 1427.7
1251900 1429.9
1251910 1429.9
1251920 1432.2
1251930 1432.4
1251940 1432.4
1251950 1437.9
1251960 1451.4
1251970 1451.4
1251980 1458.8
1251990 1466.0
1252000 1466.0
1252010 1469.7
1252020 1474.9
1252030 1480.9
1252040 1480.9
1252050 1487.3
1252060 1494.8
1252070 1494.8
1252080 1501.6
1252090 1508.0
1252100 1508.0
1252110 1515.8
1252120 1527.9
1252130 1527.9
1252140 1536.2
1252150 1541.4
1252160 1541.4
1252170 1549.3
1252180 1559.6
1252190 1559.6
1252200 1568.0
1252210 1580.0
1252220 1580.0
1252230 1591.4
1252240 1598.2
1252250 1598.2
1252260 1604.5
1252270 1615.1
1252280 1615.1
1252290 1622.9
1252300 1630.3
1252310 1639.8
1252320 1639.8
1252330 1649.4
1252340 1663.0
1252350 1663.0
1252360 1670.9
1252370 1679.9
1252380 1679.9
1252390 1688.4
1252400 1695.2
1252410 1695.2
1252420 1701.2
1252430 1708.5
1252440 1708.5
1252450 1715.6
1252460 1722.2
1252470 1722.2
1252480 1729.2
1252490 1736.2
1252500 1736.2
1252510 1742.8
1252520 1747.6
1252530 1747.6
1252540 1748.3
1252550 1743.6
1252560 1743.6
1252570 1738.1
1252580 1732.4
1252590 1727.4
1252600 1727.4
1252610 1719.9
1252620 1717.9
1252630 1717.9
1252640 1716.5
1252650 1713.8
1252660 1713.8
1252670 1710.9
1252680 1707.0
1252690 1707.0
1252700 1702.2
1252710 1698.1
1252720 1698.1
1252730 1692.8
1252740 1688.0
1252750 1688.0
1252760 1684.9
1252770 1679.2
1252780 1679.2
1252790 1674.7
1252800 1671.3
1252810 1671.3
1252820 1665.2
1252830 1656.5
1252840 1656.5
1252850 1645.7
1252860 1636.0
1252870 1627.2
1252880 1627.2
1252890 1613.4
1252900 1604.8
1252910 1604.8
1252920 1601.0
1252930 1606.1
1252940 1606.1
1252950 1612.8
1252960 1619.5
1252970 1619.5
1252980 1619.6
1252990 1613.3
1253000 1613.3
1253010 1615.8
1253020 1621.3
1253030 1621.3
1253040 1628.5
1253050 1636.7
1253060 1636.7
1253070 1644.7
1253080 1652.1
1253090 1652.1
1253100 1657.3
1253110 1659.9
1253120 1659.9
1253130 1664.7
1253140 1669.3
1253150 1672.9
1253160 1672.9
1253170 1675.4
1253180 1679.5
1253190 1679.5
1253200 1685.5
1253210 1692.6
1253220 1692.6
1253230 1701.1
1253240 1708.9
1253250 1708.9
1253260 1714.6
1253270 1720.4
1253280 1720.4
1253290 1726.9
1253300 1732.3
1253310 1732.3
1253320 1735.6
1253330 1737.2
1253340 1737.2
1253350 1737.4
1253360 1734.6
1253370 1734.6
1253380 1730.2
1253390 1724.6
1253400 1724.6
1253410 1713.6
1253420 1705.1
1253430 1698.8
1253440 1691.6
1253450 1689.0
1253460 1686.6
1253470 1686.6
1253480 1683.0
1253490 1680.4
1253500 1680.4
1253510 1681.0
1253520 1682.9
1253530 1682.9
1253540 1688.2
1253550 1694.1
1253560 1694.1
1253570 1697.1
1253580 1699.2
1253590 1699.2
1253600 1701.3
1253610 1703.5
1253620 1703.5
1253630 1705.8
1253640 1707.6
1253650 1707.6
1253660 1708.9
1253670 1710.9
1253680 1710.9
1253690 1713.4
1253700 1717.2
1253710 1721.8
1253720 1721.8
1253730 1726.3
1253740 1730.9
1253750 1730.9
1253760 1735.5
1253770 1739.8
1253780 1739.8
1253790 1742.1
1253800 1743.5
1253810 1743.5
1253820 1747.7
1253830 1752.2
1253840 1752.2
1253850 1757.0
1253860 1763.1
1253870 1763.1
1253880 1768.1
1253890 1770.6
1253900 1770.6
1253910 1772.5
1253920 1776.6
1253930 1776.6
1253940 1780.9
1253950 1784.1
1253960 1787.2
1253970 1787.2
1253980 1790.8
1253990 1794.6
1254000 1792.8
1254010 1797.0
1254020 1801.4
1254030 1801.4
1254040 1803.4
1254050 1801.2
1254060 1801.2
1254070 1799.1
1254080 1799.1
1254090 1799.1
1254100 1801.9
1254110 1807.6
1254120 1807.6
1254130 1815.2
1254140 1823.2
1254150 1823.2
1254160 1829.2
1254170 1833.8
1254180 1833.8
1254190 1840.1
1254200 1847.3
1254210 1847.3
1254220 1854.0
1254230 1860.2
1254240 1866.9
1254250 1866.9
1254260 1873.3
1254270 1879.7
1254280 1879.7
1254290 1886.1
1254300 1892.3
1254310 1892.3
1254320 1897.9
1254330 1902.9
1254340 1902.9
1254350 1908.0
1254360 1913.9
1254370 1913.9
1254380 1919.5
1254390 1925.3
1254400 1925.3
1254410 1931.2
1254420 1936.3
1254430 1936.3
1254440 1942.1
1254450 1946.2
1254460 1946.2
1254470 1951.5
1254480 1956.5
1254490 1956.5
1254500 1962.0
1254510 1968.1
1254520 1972.9
1254530 1972.9
1254540 1978.7
1254550 1981.2
1254560 1981.2
1254570 1985.5
1254580 1992.4
1254590 1992.4
1254600 1999.3
1254610 2005.6
1254620 2005.6
1254630 2011.2
1254640 2016.2
1254650 2016.2
1254660 2021.0
1254670 2027.1
1254680 2027.1
1254690 2033.4
1254700 2037.2
1254710 2037.2
1254720 2032.8
1254730 2025.9
1254740 2025.9
1254750 2018.8
1254760 2012.8
1254770 2012.8
1254780 2007.1
1254790 2002.2
1254800 1996.8
1254810 1996.8
1254820 1991.2
1254830 1987.7
1254840 1987.7
1254850 1982.9
1254860 1978.3
1254870 1978.3
1254880 1973.5
1254890 1970.7
1254900 1970.7
1254910 1965.5
1254920 1958.2
1254930 1958.2
1254940 1950.5
1254950 1943.4
1254960 1943.4
1254970 1936.3
1254980 1931.9
1254990 1931.9
1255000 1928.1
1255010 1924.8
1255020 1924.8
1255030 1922.3
1255040 1923.4
1255050 1923.4
1255060 1924.0
1255070 1920.3
1255080 1914.0
1255090 1914.0
1255100 1903.9
1255110 1898.0
1255120 1898.0
1255130 1891.6
1255140 1885.3
1255150 1885.3
1255160 1879.2
1255170 1873.6
1255180 1873.6
1255190 1868.2
1255200 1862.0
1255210 1862.0
1255220 1856.0
1255230 1850.2
1255240 1850.2
1255250 1845.1
1255260 1840.4
1255270 1840.4
1255280 1836.1
1255290 1832.7
1255300 1832.7
1255310 1829.3
1255320 1825.1
1255330 1819.5
1255340 1819.5
1255350 1813.3
1255360 1807.2
1255370 1807.2
1255380 1800.8
1255390 1794.2
1255400 1794.2
1255410 1787.7
1255420 1781.9
1255430 1781.9
1255440 1777.5
1255450 1773.0
1255460 1773.0
1255470 1768.4
1255480 1762.9
1255490 1762.9
1255500 1755.4
1255510 1748.0
1255520 1748.0
1255530 1740.6
1255540 1732.4
1255550 1732.4
1255560 1726.6
1255570 1723.3
1255580 1723.3
1255590 1722.2
1255600 1723.8
1255610 1724.8
1255620 1724.8
1255630 1725.8
1255640 1722.9
1255650 1722.9
1255660 1713.1
1255670 1706.7
1255680 1706.7
1255690 1702.4
1255700 1700.1
1255710 1700.1
1255720 1698.1
1255730 1693.7
1255740 1693.7
1255750 1689.6
1255760 1685.2
1255770 1685.2
1255780 1683.2
1255790 1680.9
1255800 1680.9
1255810 1677.1
1255820 1673.1
1255830 1673.1
1255840 1668.5
1255850 1663.5
1255860 1663.5
1255870 1657.6
1255880 1655.8
1255890 1657.8
1255900 1657.8
1255910 1659.5
1255920 1665.4
1255930 1665.4
1255940 1672.6
1255950 1679.5
1255960 1679.5
1255970 1686.8
1255980 1694.0
1255990 1694.0
1256000 1700.2
1256010 1707.2
1256020 1707.2
1256030 1714.9
1256040 1720.3
1256050 1720.3
1256060 1724.9
1256070 1729.6
1256080 1729.6
1256090 1734.9
1256100 1740.4
1256110 1740.4
1256120 1745.8
1256130 1751.0
1256140 1751.0
1256150 1755.8
1256160 1760.5
1256170 1765.6
1256180 1765.6
1256190 1771.3
1256200 1775.7
1256210 1775.7
1256220 1775.2
1256230 1781.8
1256240 1781.8
1256250 1788.8
1256260 1795.0
1256270 1795.0
1256280 1800.1
1256290 1805.1
1256300 1805.1
1256310 1810.5
1256320 1815.9
1256330 1815.9
1256340 1822.1
1256350 1828.3
1256360 1828.3
1256370 1834.7
1256380 1841.0
1256390 1841.0
1256400 1845.2
1256410 1847.7
1256420 1847.7
1256430 1848.9
1256440 1849.5
1256450 1850.6
1256460 1850.6
1256470 1854.3
1256480 1858.9
1256490 1858.9
1256500 1862.2
1256510 1863.5
1256520 1863.5
1256530 1862.3
1256540 1862.3
1256550 1862.3
1256560 1862.4
1256570 1863.1
1256580 1863.1
1256590 1861.0
1256600 1856.6
1256610 1856.6
1256620 1853.4
1256630 1851.6
1256640 1851.6
1256650 1850.6
1256660 1849.7
1256670 1849.7
1256680 1847.8
1256690 1845.5
1256700 1845.5
1256710 1843.2
1256720 1841.0
1256730 1840.1
1256740 1840.1
1256750 1839.4
1256760 1838.1
1256770 1838.1
1256780 1837.1
1256790 1835.0
1256800 1835.0
1256810 1831.4
1256820 1827.9
1256830 1827.9
1256840 1823.0
1256850 1818.0
1256860 1818.0
1256870 1814.0
1256880 1810.0
1256890 1810.0
1256900 1806.0
1256910 1802.4
1256920 1802.4
1256930 1798.5
1256940 1794.9
1256950 1794.9
1256960 1791.9
1256970 1789.2
1256980 1786.0
1256990 1786.0
1257000 1782.3
1257010 1778.1
1257020 1778.1
1257030 1773.2
1257040 1768.9
1257050 1768.9
1257060 1766.5
1257070 1766.2
1257080 1766.2
1257090 1767.5
1257100 1767.9
1257110 1767.9
1257120 1768.0
1257130 1765.4
1257140 1765.4
1257150 1760.9
1257160 1763.5
1257170 1763.5
1257180 1765.1
1257190 1766.3
1257200 1766.3
1257210 1766.7
1257220 1765.8
1257230 1765.8
1257240 1766.7
1257250 1767.5
1257260 1768.0
1257270 1768.0
1257280 1769.1
1257290 1769.9
1257300 1769.9
1257310 1770.3
1257320 1771.0
1257330 1771.0
1257340 1776.1
1257350 1778.9
1257360 1778.9
1257370 1779.3
1257380 1779.5
1257390 1779.5
1257400 1780.0
1257410 1781.4
1257420 1781.4
1257430 1781.3
1257440 1782.4
1257450 1782.4
1257460 1785.2
1257470 1789.4
1257480 1789.4
1257490 1792.2
1257500 1796.2
1257510 1796.2
1257520 1799.0
1257530 1801.5
1257540 1805.7
1257550 1805.7
1257560 1808.0
1257570 1807.3
1257580 1807.3
1257590 1806.2
1257600 1804.4
1257610 1804.4
1257620 1800.3
1257630 1802.5
1257640 1802.5
1257650 1803.6
1257660 1796.8
1257670 1796.8
1257680 1795.2
1257690 1797.8
1257700 1797.8
1257710 1803.1
1257720 1808.9
1257730 1808.9
1257740 1813.8
1257750 1815.0
1257760 1815.0
1257770 1816.3
1257780 1817.7
1257790 1817.7
1257800 1819.2
1257810 1819.8
1257820 1817.0
1257830 1817.0
1257840 1815.7
1257850 1814.4
1257860 1814.4
1257870 1815.5
1257880 1812.7
1257890 1812.7
1257900 1833.0
1257910 1832.8
1257920 1832.8
1257930 1843.8
1257940 1850.1
1257950 1850.1
1257960 1853.5
1257970 1854.2
1257980 1854.2
1257990 1856.9
1258000 1857.9
1258010 1857.9
1258020 1857.2
1258030 1857.5
1258040 1857.5
1258050 1856.1
1258060 1849.2
1258070 1849.2
1258080 1845.3
1258090 1848.2
1258100 1847.0
1258110 1847.0
1258120 1839.5
1258130 1818.4
1258140 1818.4
1258150 1803.0
1258160 1794.6
1258170 1794.6
1258180 1789.2
1258190 1788.8
1258200 1788.8
1258210 1790.1
1258220 1783.9
1258230 1783.9
1258240 1771.8
1258250 1776.5
1258260 1776.5
1258270 1788.9
1258280 1796.7
1258290 1796.7
1258300 1802.2
1258310 1802.0
1258320 1802.0
1258330 1803.2
1258340 1808.7
1258350 1808.7
1258360 1814.3
1258370 1817.9
1258380 1822.2
1258390 1822.2
1258400 1826.1
1258410 1829.0
1258420 1829.0
1258430 1831.3
1258440 1834.5
1258450 1834.5
1258460 1852.6
1258470 1857.4
1258480 1857.4
1258490 1849.8
1258500 1849.1
1258510 1849.1
1258520 1847.0
1258530 1840.7
1258540 1840.7
1258550 1805.2
1258560 1765.0
1258570 1765.0
1258580 1754.3
1258590 1743.0
1258600 1743.0
1258610 1732.7
1258620 1723.7
1258630 1713.2
1258640 1713.2
1258650 1699.9
1258660 1684.8
1258670 1684.8
1258680 1675.4
1258690 1660.7
1258700 1660.7
1258710 1646.1
1258720 1640.6
1258730 1640.6
1258740 1637.0
1258750 1635.0
1258760 1635.0
1258770 1633.0
1258780 1629.9
1258790 1629.9
1258800 1628.2
1258810 1625.3
1258820 1625.3
1258830 1621.6
1258840 1618.5
1258850 1618.5
1258860 1615.7
1258870 1612.5
1258880 1612.5
1258890 1609.2
1258900 1606.4
1258910 1603.1
1258920 1603.1
1258930 1598.7
1258940 1594.1
1258950 1594.1
1258960 1588.8
1258970 1583.5
1258980 1583.5
1258990 1577.9
1259000 1573.4
1259010 1573.4
1259020 1572.3
1259030 1569.3
1259040 1569.3
1259050 1567.6
1259060 1565.9
1259070 1565.9
1259080 1566.1
1259090 1567.4
1259100 1567.4
1259110 1571.8
1259120 1575.9
1259130 1575.9
1259140 1577.7
1259150 1579.3
1259160 1579.3
1259170 1580.8
1259180 1583.0
1259190 1585.3
1259200 1585.3
1259210 1586.8
1259220 1586.4
1259230 1586.4
1259240 1588.4
1259250 1588.8
1259260 1588.8
1259270 1588.5
1259280 1590.2
1259290 1590.2
1259300 1592.4
1259310 1592.7
1259320 1592.7
1259330 1592.0
1259340 1591.4
1259350 1591.4
1259360 1592.7
1259370 1594.4
1259380 1594.4
1259390 1597.3
1259400 1600.1
1259410 1600.1
1259420 1606.0
1259430 1614.2
1259440 1614.2
1259450 1622.7
1259460 1629.6
1259470 1636.2
1259480 1636.2
1259490 1642.7
1259500 1648.7
1259510 1648.7
1259520 1655.2
1259530 1662.2
1259540 1662.2
1259550 1670.2
1259560 1677.8
1259570 1677.8
1259580 1683.1
1259590 1712.9
1259600 1712.9
1259610 1713.6
1259620 1706.2
1259630 1706.2
1259640 1698.6
1259650 1690.4
1259660 1690.4
1259670 1688.4
1259680 1680.6
1259690 1680.6
1259700 1672.7
1259710 1669.0
1259720 1669.0
1259730 1668.8
1259740 1660.7
1259750 1645.1
1259760 1645.1
1259770 1633.7
1259780 1628.0
1259790 1628.0
1259800 1623.8
1259810 1621.6
1259820 1621.6
1259830 1618.8
1259840 1616.3
1259850 1616.3
1259860 1615.5
1259870 1616.1
1259880 1616.1
1259890 1616.0
1259900 1615.2
1259910 1615.2
1259920 1614.1
1259930 1613.9
1259940 1613.9
1259950 1614.5
1259960 1614.0
1259970 1614.0
1259980 1613.4
1259990 1614.3
