1240000 1198.1
1240010 1199.0
1240020 1199.0
1240030 1200.9
1240040 1203.2
1240050 1203.2
1240060 1205.7
1240070 1208.8
1240080 1208.8
1240090 1211.5
1240100 1213.4
1240110 1213.4
1240120 1215.2
1240130 1216.9
1240140 1218.6
1240150 1218.6
1240160 1220.0
1240170 1221.3
1240180 1221.3
1240190 1222.7
1240200 1224.0
1240210 1224.0
1240220 1225.2
1240230 1226.2
1240240 1226.2
1240250 1226.8
1240260 1227.5
1240270 1227.5
1240280 1228.5
1240290 1229.5
1240300 1229.5
1240310 1230.5
1240320 1231.5
1240330 1231.5
1240340 1232.6
1240350 1233.7
1240360 1233.7
1240370 1234.7
1240380 1235.5
1240390 1235.5
1240400 1236.4
1240410 1236.9
1240420 1237.7
1240430 1237.7
1240440 1238.6
1240450 1239.3
1240460 1239.3
1240470 1242.4
1240480 1245.0
1240490 1245.0
1240500 1246.0
1240510 1246.0
1240520 1241.8
1240530 1242.3
1240540 1244.1
1240550 1244.1
1240560 1245.7
1240570 1245.8
1240580 1245.8
1240590 1246.2
1240600 1246.5
1240610 1246.5
1240620 1246.5
1240630 1247.0
1240640 1247.0
1240650 1247.6
1240660 1248.4
1240670 1248.4
1240680 1249.8
1240690 1251.4
1240700 1252.0
1240710 1252.0
1240720 1252.6
1240730 1253.1
1240740 1253.1
1240750 1253.8
1240760 1255.0
1240770 1255.0
1240780 1256.2
1240790 1258.1
1240800 1258.1
1240810 1259.9
1240820 1261.4
1240830 1261.4
1240840 1262.2
1240850 1262.5
1240860 1262.5
1240870 1263.0
1240880 1263.6
1240890 1263.6
1240900 1263.9
1240910 1263.9
1240920 1263.9
1240930 1263.9
1240940 1264.1
1240950 1264.1
1240960 1264.5
1240970 1265.0
1240980 1265.6
1240990 1265.6
1241000 1266.1
1241010 1266.8
1241020 1266.8
1241030 1267.3
1241040 1267.8
1241050 1267.8
1241060 1268.2
1241070 1268.9
1241080 1268.9
1241090 1269.6
1241100 1270.5
1241110 1270.5
1241120 1271.4
1241130 1272.9
1241140 1272.9
1241150 1273.9
1241160 1276.4
1241170 1276.4
1241180 1279.2
1241190 1281.0
1241200 1281.0
1241210 1283.0
1241220 1284.3
1241230 1284.3
1241240 1282.5
1241250 1276.2
1241260 1275.0
1241270 1275.0
1241280 1281.0
1241290 1284.7
1241300 1284.7
1241310 1286.1
1241320 1286.7
1241330 1286.7
1241340 1287.5
1241350 1288.4
1241360 1288.4
1241370 1289.4
1241380 1290.3
1241390 1290.3
1241400 1291.0
1241410 1291.6
1241420 1291.6
1241430 1292.3
1241440 1293.1
1241450 1293.1
1241460 1293.2
1241470 1293.1
1241480 1293.1
1241490 1292.8
1241500 1292.2
1241510 1292.2
1241520 1291.9
1241530 1291.3
1241540 1291.3
1241550 1291.3
1241560 1289.3
1241570 1290.3
1241580 1290.3
1241590 1290.3
1241600 1289.9
1241610 1289.9
1241620 1289.5
1241630 1288.2
1241640 1288.2
1241650 1286.7
1241660 1285.8
1241670 1285.8
1241680 1284.4
1241690 1283.3
1241700 1283.3
1241710 1283.1
1241720 1282.9
1241730 1282.9
1241740 1282.9
1241750 1282.9
1241760 1282.9
1241770 1281.6
1241780 1280.7
1241790 1280.8
1241800 1280.8
1241810 1279.3
1241820 1278.6
1241830 1278.6
1241840 1277.5
1241850 1276.5
1241860 1276.5
1241870 1275.5
1241880 1275.1
1241890 1275.1
1241900 1274.6
1241910 1272.3
1241920 1272.3
1241930 1269.5
1241940 1267.5
1241950 1267.5
1241960 1264.4
1241970 1260.6
1241980 1260.6
1241990 1256.6
1242000 1250.1
1242010 1250.1
1242020 1242.5
1242030 1236.6
1242040 1236.6
1242050 1232.2
1242060 1229.6
1242070 1227.6
1242080 1227.6
1242090 1225.4
1242100 1223.5
1242110 1223.5
1242120 1223.2
1242130 1223.3
1242140 1223.3
1242150 1223.3
1242160 1223.0
1242170 1223.0
1242180 1222.7
1242190 1222.5
1242200 1222.5
1242210 1222.8
1242220 1223.0
1242230 1223.0
1242240 1222.9
1242250 1222.5
1242260 1222.5
1242270 1222.4
1242280 1222.4
1242290 1222.4
1242300 1222.8
1242310 1223.6
1242320 1223.6
1242330 1225.1
1242340 1226.5
1242350 1226.8
1242360 1226.8
1242370 1226.6
1242380 1226.6
1242390 1226.6
1242400 1226.8
1242410 1226.8
1242420 1226.8
1242430 1227.0
1242440 1227.0
1242450 1227.0
1242460 1227.1
1242470 1227.3
1242480 1227.3
1242490 1227.5
1242500 1227.8
1242510 1227.8
1242520 1228.1
1242530 1228.2
1242540 1228.2
1242550 1227.9
1242560 1227.3
1242570 1227.3
1242580 1228.2
1242590 1229.1
1242600 1229.1
1242610 1230.6
1242620 1232.2
1242630 1234.8
1242640 1234.8
1242650 1237.7
1242660 1240.6
1242670 1240.6
1242680 1242.5
1242690 1243.3
1242700 1243.3
1242710 1244.1
1242720 1245.9
1242730 1245.9
1242740 1248.4
1242750 1250.8
1242760 1250.8
1242770 1253.0
1242780 1255.6
1242790 1255.6
1242800 1259.9
1242810 1264.1
1242820 1264.1
1242830 1266.1
1242840 1268.6
1242850 1268.6
1242860 1275.6
1242870 1284.1
1242880 1284.1
1242890 1289.0
1242900 1292.4
1242910 1295.4
1242920 1295.4
1242930 1299.3
1242940 1304.6
1242950 1304.6
1242960 1308.5
1242970 1310.4
1242980 1310.4
1242990 1311.3
1243000 1311.0
1243010 1311.0
1243020 1311.6
1243030 1313.1
1243040 1313.1
1243050 1315.2
1243060 1318.1
1243070 1318.1
1243080 1321.4
1243090 1325.3
1243100 1325.3
1243110 1329.3
1243120 1332.1
1243130 1332.1
1243140 1339.9
1243150 1341.2
1243160 1341.2
1243170 1342.1
1243180 1343.3
1243190 1346.2
1243200 1346.2
1243210 1348.6
1243220 1351.8
1243230 1351.8
1243240 1355.7
1243250 1360.9
1243260 1360.9
1243270 1365.7
1243280 1370.4
1243290 1370.4
1243300 1373.5
1243310 1371.1
1243320 1371.1
1243330 1367.2
1243340 1365.6
1243350 1365.6
1243360 1363.5
1243370 1361.1
1243380 1361.1
1243390 1362.8
1243400 1368.6
1243410 1368.6
1243420 1374.3
1243430 1378.2
1243440 1378.2
1243450 1382.5
1243460 1387.4
1243470 1391.9
1243480 1391.9
1243490 1394.8
1243500 1398.1
1243510 1398.1
1243520 1401.5
1243530 1403.4
1243540 1403.4
1243550 1404.2
1243560 1406.5
1243570 1406.5
1243580 1409.8
1243590 1413.8
1243600 1413.8
1243610 1418.4
1243620 1423.2
1243630 1423.2
1243640 1427.0
1243650 1429.4
1243660 1429.4
1243670 1434.4
1243680 1434.3
1243690 1434.3
1243700 1433.8
1243710 1435.2
1243720 1435.2
1243730 1440.3
1243740 1443.9
1243750 1448.2
1243760 1448.2
1243770 1452.8
1243780 1456.8
1243790 1456.8
1243800 1460.0
1243810 1461.6
1243820 1461.6
1243830 1462.4
1243840 1463.6
1243850 1463.6
1243860 1465.1
1243870 1466.0
1243880 1466.0
1243890 1466.3
1243900 1466.1
1243910 1466.1
1243920 1465.7
1243930 1465.0
1243940 1465.0
1243950 1464.4
1243960 1463.5
1243970 1463.5
1243980 1462.7
1243990 1463.1
1244000 1463.1
1244010 1463.7
1244020 1464.3
1244030 1464.2
1244040 1464.2
1244050 1462.3
1244060 1458.4
1244070 1458.4
1244080 1458.0
1244090 1459.9
1244100 1459.9
1244110 1462.2
1244120 1464.3
1244130 1464.3
1244140 1465.7
1244150 1466.3
1244160 1466.3
1244170 1467.0
1244180 1467.7
1244190 1467.7
1244200 1467.1
1244210 1468.8
1244220 1468.8
1244230 1470.3
1244240 1472.5
1244250 1472.5
1244260 1474.8
1244270 1476.0
1244280 1476.2
1244290 1476.2
1244300 1476.8
1244310 1478.3
1244320 1478.3
1244330 1479.1
1244340 1478.8
1244350 1478.8
1244360 1478.8
1244370 1479.2
1244380 1479.2
1244390 1479.5
1244400 1480.4
1244410 1480.4
1244420 1481.7
1244430 1481.6
1244440 1481.6
1244450 1480.4
1244460 1478.5
1244470 1478.5
1244480 1476.8
1244490 1476.2
1244500 1476.2
1244510 1477.2
1244520 1478.1
1244530 1478.1
1244540 1478.2
1244550 1477.6
1244560 1476.4
1244570 1476.4
1244580 1475.1
1244590 1474.2
1244600 1474.2
1244610 1472.7
1244620 1470.4
1244630 1470.4
1244640 1468.5
1244650 1466.5
1244660 1466.5
1244670 1464.4
1244680 1462.6
1244690 1462.6
1244700 1460.8
1244710 1458.8
1244720 1458.8
1244730 1455.9
1244740 1451.0
1244750 1451.0
1244760 1447.0
1244770 1443.2
1244780 1443.2
1244790 1439.1
1244800 1436.4
1244810 1436.4
1244820 1434.1
1244830 1433.0
1244840 1431.1
1244850 1431.1
1244860 1428.3
1244870 1425.1
1244880 1425.1
1244890 1420.9
1244900 1418.3
1244910 1418.3
1244920 1414.4
1244930 1409.0
1244940 1409.0
1244950 1403.8
1244960 1397.7
1244970 1397.7
1244980 1390.3
1244990 1381.9
1245000 1381.9
1245010 1374.2
1245020 1368.3
1245030 1368.3
1245040 1363.9
1245050 1360.8
1245060 1360.8
1245070 1357.8
1245080 1354.3
1245090 1354.3
1245100 1351.2
1245110 1348.8
1245120 1346.1
1245130 1346.1
1245140 1343.9
1245150 1342.2
1245160 1342.2
1245170 1340.0
1245180 1337.2
1245190 1337.2
1245200 1334.7
1245210 1331.6
1245220 1331.6
1245230 1328.1
1245240 1325.0
1245250 1325.0
1245260 1323.8
1245270 1319.0
1245280 1319.0
1245290 1313.6
1245300 1309.3
1245310 1309.3
1245320 1305.5
1245330 1302.3
1245340 1302.3
1245350 1300.2
1245360 1296.9
1245370 1296.9
1245380 1292.7
1245390 1290.7
1245400 1290.5
1245410 1290.5
1245420 1289.7
1245430 1287.7
1245440 1287.7
1245450 1285.7
1245460 1284.5
1245470 1284.5
1245480 1282.6
1245490 1280.3
1245500 1280.3
1245510 1278.1
1245520 1275.4
1245530 1275.4
1245540 1271.6
1245550 1267.2
1245560 1267.2
1245570 1263.1
1245580 1258.1
1245590 1258.1
1245600 1251.6
1245610 1245.8
1245620 1245.8
1245630 1240.7
1245640 1236.7
1245650 1236.7
1245660 1232.3
1245670 1228.3
1245680 1223.7
1245690 1223.7
1245700 1219.4
1245710 1216.1
1245720 1216.1
1245730 1214.0
1245740 1212.3
1245750 1212.3
1245760 1210.8
1245770 1210.3
1245780 1210.3
1245790 1216.5
1245800 1213.7
1245810 1213.7
1245820 1212.0
1245830 1211.8
1245840 1211.8
1245850 1207.9
1245860 1206.4
1245870 1206.4
1245880 1206.7
1245890 1207.3
1245900 1207.3
1245910 1207.6
1245920 1204.8
1245930 1204.8
1245940 1201.6
1245950 1200.2
1245960 1199.9
1245970 1199.9
1245980 1200.1
1245990 1200.6
1246000 1200.6
1246010 1200.8
1246020 1200.2
1246030 1200.2
1246040 1199.0
1246050 1197.7
1246060 1197.7
1246070 1196.5
1246080 1195.6
1246090 1195.6
1246100 1195.0
1246110 1194.3
1246120 1194.3
1246130 1193.4
1246140 1192.0
1246150 1192.0
1246160 1190.3
1246170 1188.4
1246180 1188.4
1246190 1186.9
1246200 1185.9
1246210 1185.9
1246220 1185.2
1246230 1184.5
1246240 1184.1
1246250 1184.1
1246260 1184.4
1246270 1185.6
1246280 1185.6
1246290 1186.3
1246300 1184.5
1246310 1184.5
1246320 1183.3
1246330 1183.1
1246340 1183.1
1246350 1182.2
1246360 1181.5
1246370 1181.5
1246380 1180.6
1246390 1180.0
1246400 1180.0
1246410 1179.5
1246420 1177.2
1246430 1177.2
1246440 1175.9
1246450 1175.3
1246460 1175.3
1246470 1175.0
1246480 1175.0
1246490 1174.2
1246500 1174.2
1246510 1171.6
1246520 1169.4
1246530 1169.4
1246540 1166.7
1246550 1163.6
1246560 1163.6
1246570 1162.7
1246580 1162.3
1246590 1162.3
1246600 1162.0
1246610 1162.0
1246620 1162.0
1246630 1162.0
1246640 1162.1
1246650 1162.1
1246660 1162.1
1246670 1162.1
1246680 1162.1
1246690 1161.2
1246700 1159.8
1246710 1159.8
1246720 1159.8
1246730 1158.9
1246740 1158.9
1246750 1158.0
1246760 1157.0
1246770 1154.4
1246780 1154.4
1246790 1152.0
1246800 1149.5
1246810 1149.5
1246820 1147.0
1246830 1145.6
1246840 1145.6
1246850 1147.6
1246860 1155.0
1246870 1155.0
1246880 1156.2
1246890 1156.4
1246900 1156.4
1246910 1157.4
1246920 1157.5
1246930 1157.5
1246940 1157.5
1246950 1157.6
1246960 1157.6
1246970 1158.7
1246980 1160.2
1246990 1160.2
1247000 1161.9
1247010 1163.9
1247020 1163.9
1247030 1163.9
1247040 1165.6
1247050 1167.1
1247060 1167.1
1247070 1167.9
1247080 1168.8
1247090 1168.8
1247100 1170.3
1247110 1172.0
1247120 1172.0
1247130 1173.4
1247140 1174.7
1247150 1174.7
1247160 1176.2
1247170 1177.5
1247180 1177.5
1247190 1178.7
1247200 1179.8
1247210 1179.8
1247220 1180.8
1247230 1181.5
1247240 1181.5
1247250 1182.4
1247260 1183.8
1247270 1183.8
1247280 1186.6
1247290 1188.2
1247300 1188.2
1247310 1187.4
1247320 1184.5
1247330 1184.7
1247340 1184.7
1247350 1188.6
1247360 1190.9
1247370 1190.9
1247380 1192.5
1247390 1196.2
1247400 1197.6
1247410 1201.2
1247420 1204.3
1247430 1204.3
1247440 1207.6
1247450 1211.3
1247460 1211.3
1247470 1214.8
1247480 1218.3
1247490 1218.3
1247500 1221.8
1247510 1225.2
1247520 1225.2
1247530 1229.0
1247540 1233.2
1247550 1233.2
1247560 1237.1
1247570 1240.2
1247580 1240.2
1247590 1243.2
1247600 1246.5
1247610 1249.4
1247620 1249.4
1247630 1250.4
1247640 1251.9
1247650 1251.9
1247660 1254.5
1247670 1257.6
1247680 1257.6
1247690 1260.4
1247700 1263.8
1247710 1263.8
1247720 1268.2
1247730 1273.1
1247740 1273.1
1247750 1278.6
1247760 1285.1
1247770 1285.1
1247780 1291.9
1247790 1298.7
1247800 1298.7
1247810 1305.9
1247820 1313.2
1247830 1313.2
1247840 1321.0
1247850 1329.0
1247860 1329.0
1247870 1336.3
1247880 1342.7
1247890 1348.9
1247900 1348.9
1247910 1354.6
1247920 1359.0
1247930 1359.0
1247940 1370.5
1247950 1374.7
1247960 1374.7
1247970 1377.8
1247980 1378.7
1247990 1378.7
1248000 1379.5
1248010 1380.9
1248020 1380.9
1248030 1383.2
1248040 1383.8
1248050 1383.8
1248060 1382.7
1248070 1382.5
1248080 1382.5
1248090 1383.6
1248100 1387.1
1248110 1387.1
1248120 1388.5
1248130 1388.6
1248140 1388.6
1248150 1390.4
1248160 1392.5
1248170 1394.0
1248180 1394.0
1248190 1397.2
1248200 1398.7
1248210 1398.7
1248220 1401.0
1248230 1402.7
1248240 1402.7
1248250 1404.4
1248260 1405.7
1248270 1405.7
1248280 1407.5
1248290 1409.5
1248300 1409.5
1248310 1410.6
1248320 1411.0
1248330 1411.0
1248340 1409.9
1248350 1409.6
1248360 1409.6
1248370 1411.2
1248380 1413.2
1248390 1413.2
1248400 1416.5
1248410 1418.3
1248420 1418.3
1248430 1423.1
1248440 1425.0
1248450 1428.5
1248460 1428.5
1248470 1431.9
1248480 1437.6
1248490 1437.6
1248500 1436.3
1248510 1436.9
1248520 1436.9
1248530 1436.4
1248540 1437.4
1248550 1437.4
1248560 1436.9
1248570 1433.9
1248580 1433.9
1248590 1434.2
1248600 1442.6
1248610 1442.6
1248620 1450.2
1248630 1455.0
1248640 1455.0
1248650 1459.5
1248660 1463.2
1248670 1463.2
1248680 1466.9
1248690 1469.5
1248700 1469.0
1248710 1469.0
1248720 1468.1
1248730 1468.8
1248740 1468.8
1248750 1470.2
1248760 1473.6
1248770 1473.6
1248780 1477.6
1248790 1481.0
1248800 1481.0
1248810 1484.0
1248820 1488.7
1248830 1488.7
1248840 1495.5
1248850 1500.2
1248860 1500.2
1248870 1500.5
1248880 1501.7
1248890 1501.7
1248900 1504.9
1248910 1507.5
1248920 1507.5
1248930 1511.2
1248940 1515.0
1248950 1515.0
1248960 1519.6
1248970 1523.9
1248980 1526.8
1248990 1526.8
1249000 1530.8
1249010 1535.9
1249020 1538.0
1249030 1543.3
1249040 1548.0
1249050 1548.0
1249060 1552.7
1249070 1557.4
1249080 1557.4
1249090 1563.8
1249100 1570.7
1249110 1570.7
1249120 1577.2
1249130 1583.1
1249140 1583.1
1249150 1588.9
1249160 1594.8
1249170 1594.8
1249180 1600.1
1249190 1604.9
1249200 1604.9
1249210 1609.3
1249220 1612.5
1249230 1612.5
1249240 1614.7
1249250 1616.6
1249260 1618.6
1249270 1618.6
1249280 1621.2
1249290 1623.1
1249300 1623.1
1249310 1624.8
1249320 1627.0
1249330 1627.0
1249340 1630.4
1249350 1635.3
1249360 1635.3
1249370 1640.2
1249380 1645.6
1249390 1645.6
1249400 1650.9
1249410 1656.1
1249420 1656.1
1249430 1662.1
1249440 1668.3
1249450 1668.3
1249460 1674.1
1249470 1680.4
1249480 1680.4
1249490 1687.3
1249500 1694.3
1249510 1694.3
1249520 1701.0
1249530 1707.7
1249540 1714.9
1249550 1714.9
1249560 1724.6
1249570 1732.1
1249580 1732.1
1249590 1740.0
1249600 1746.6
1249610 1746.6
1249620 1753.3
1249630 1760.2
1249640 1760.2
1249650 1767.0
1249660 1773.6
1249670 1773.6
1249680 1781.1
1249690 1788.5
1249700 1788.5
1249710 1796.2
1249720 1804.4
1249730 1804.4
1249740 1811.8
1249750 1819.7
1249760 1819.7
1249770 1827.9
1249780 1833.3
1249790 1833.3
1249800 1838.4
1249810 1844.0
1249820 1850.4
1249830 1850.4
1249840 1856.5
1249850 1862.2
1249860 1862.2
1249870 1867.9
1249880 1873.8
1249890 1873.8
1249900 1879.4
1249910 1884.6
1249920 1884.6
1249930 1890.1
1249940 1895.4
1249950 1895.4
1249960 1900.8
1249970 1906.0
1249980 1906.0
1249990 1911.7
1250000 1917.9
1250010 1917.9
1250020 1925.5
1250030 1933.2
1250040 1933.2
1250050 1941.8
1250060 1954.2
1250070 1954.2
1250080 1964.9
1250090 1970.3
1250100 1970.8
1250110 1970.8
1250120 1973.1
1250130 1975.2
1250140 1975.2
1250150 1977.3
1250160 1980.3
1250170 1980.3
1250180 1983.9
1250190 1987.5
1250200 1987.5
1250210 1990.7
1250220 1993.5
1250230 1993.5
1250240 1997.0
1250250 2000.5
1250260 2000.5
1250270 2003.0
1250280 2003.6
1250290 2003.6
1250300 2004.9
1250310 2006.9
1250320 2006.9
1250330 2006.2
1250340 1993.9
1250350 1993.9
1250360 1983.3
1250370 1976.7
1250380 1970.7
1250390 1970.7
1250400 1964.7
1250410 1957.7
1250420 1957.7
1250430 1953.5
1250440 1951.0
1250450 1951.0
1250460 1948.5
1250470 1945.1
1250480 1945.1
1250490 1937.9
1250500 1930.4
1250510 1930.4
1250520 1928.0
1250530 1929.3
1250540 1929.3
1250550 1931.1
1250560 1932.4
1250570 1932.4
1250580 1936.0
1250590 1939.1
1250600 1939.1
1250610 1939.4
1250620 1939.0
1250630 1939.0
1250640 1937.6
1250650 1928.9
1250660 1931.0
1250670 1931.0
1250680 1933.4
1250690 1936.6
1250700 1936.6
1250710 1939.8
1250720 1942.4
1250730 1942.4
1250740 1944.3
1250750 1944.2
1250760 1944.2
1250770 1941.0
1250780 1937.4
1250790 1937.4
1250800 1931.4
1250810 1929.4
1250820 1929.4
1250830 1924.4
1250840 1912.8
1250850 1912.8
1250860 1902.9
1250870 1898.4
1250880 1898.4
1250890 1891.2
1250900 1884.0
1250910 1878.0
1250920 1878.0
1250930 1869.5
1250940 1861.1
1250950 1861.1
1250960 1854.2
1250970 1846.7
1250980 1846.7
1250990 1838.8
1251000 1831.5
1251010 1831.5
1251020 1824.8
1251030 1817.7
1251040 1817.7
1251050 1810.5
1251060 1803.8
1251070 1803.8
1251080 1796.6
1251090 1788.7
1251100 1788.7
1251110 1780.2
1251120 1771.1
1251130 1771.1
1251140 1762.8
1251150 1754.7
1251160 1754.7
1251170 1743.3
1251180 1723.4
1251190 1708.7
1251200 1708.7
1251210 1710.4
1251220 1713.6
1251230 1713.6
1251240 1716.4
1251250 1717.1
1251260 1717.1
1251270 1711.8
1251280 1701.7
1251290 1701.7
1251300 1690.3
1251310 1685.9
1251320 1685.9
1251330 1695.0
1251340 1695.9
1251350 1695.9
1251360 1684.6
1251370 1674.4
1251380 1674.4
1251390 1673.5
1251400 1671.9
1251410 1671.9
1251420 1664.5
1251430 1657.8
1251440 1657.8
1251450 1651.6
1251460 1653.9
1251470 1655.4
1251480 1655.4
1251490 1660.9
1251500 1655.0
1251510 1655.0
1251520 1644.2
1251530 1631.1
1251540 1631.1
1251550 1617.2
1251560 1605.2
1251570 1605.2
1251580 1596.0
1251590 1583.1
1251600 1583.1
1251610 1569.0
1251620 1555.9
1251630 1555.9
1251640 1542.4
1251650 1534.6
1251660 1534.6
1251670 1530.0
1251680 1534.3
1251690 1534.3
1251700 1539.8
1251710 1545.4
1251720 1545.4
1251730 1549.2
1251740 1556.3
1251750 1570.7
1251760 1570.7
1251770 1583.6
1251780 1597.2
1251790 1597.2
1251800 1609.2
1251810 1618.7
1251820 1618.7
1251830 1627.4
1251840 1636.7
1251850 1636.7
1251860 1643.6
1251870 1653.0
1251880 1653.0
1251890 1657.2
1251900 1657.7
1251910 1657.7
1251920 1654.7
1251930 1661.6
1251940 1661.6
1251950 1671.9
1251960 1680.2
1251970 1680.2
1251980 1691.7
1251990 1705.2
1252000 1705.2
1252010 1715.0
1252020 1725.7
1252030 1734.1
1252040 1734.1
1252050 1740.6
1252060 1748.2
1252070 1748.2
1252080 1754.5
1252090 1761.0
1252100 1761.0
1252110 1765.5
1252120 1770.6
1252130 1770.6
1252140 1778.5
1252150 1786.4
1252160 1786.4
1252170 1792.4
1252180 1799.0
1252190 1799.0
1252200 1806.0
1252210 1813.9
1252220 1813.9
1252230 1820.0
1252240 1826.0
1252250 1826.0
1252260 1833.5
1252270 1844.6
1252280 1844.6
1252290 1850.5
1252300 1863.7
1252310 1879.2
1252320 1879.2
1252330 1891.3
1252340 1898.6
1252350 1898.6
1252360 1904.3
1252370 1908.2
1252380 1908.2
1252390 1909.5
1252400 1906.4
1252410 1906.4
1252420 1906.3
1252430 1899.9
1252440 1899.9
1252450 1887.6
1252460 1896.0
1252470 1896.0
1252480 1906.7
1252490 1914.9
1252500 1914.9
1252510 1924.9
1252520 1918.6
1252530 1918.6
1252540 1908.4
1252550 1914.7
1252560 1914.7
1252570 1923.3
1252580 1931.5
1252590 1937.8
1252600 1937.8
1252610 1942.1
1252620 1943.7
1252630 1943.7
1252640 1953.8
1252650 1964.5
1252660 1964.5
1252670 1972.3
1252680 1982.9
1252690 1982.9
1252700 1984.7
1252710 1988.9
1252720 1988.9
1252730 1991.3
1252740 1981.9
1252750 1981.9
1252760 1972.4
1252770 1954.3
1252780 1954.3
1252790 1950.9
1252800 1961.0
1252810 1961.0
1252820 1973.5
1252830 1967.5
1252840 1967.5
1252850 1961.5
1252860 1954.5
1252870 1947.7
1252880 1947.7
1252890 1944.3
1252900 1942.1
1252910 1942.1
1252920 1940.7
1252930 1933.4
1252940 1933.4
1252950 1923.9
1252960 1916.7
1252970 1916.7
1252980 1907.4
1252990 1886.5
1253000 1886.5
1253010 1863.8
1253020 1868.4
1253030 1868.4
1253040 1894.0
1253050 1904.7
1253060 1904.7
1253070 1909.6
1253080 1913.6
1253090 1913.6
1253100 1912.7
1253110 1912.1
1253120 1917.8
1253130 1917.8
1253140 1911.2
1253150 1889.7
1253160 1889.7
1253170 1888.5
1253180 1910.6
1253190 1910.6
1253200 1926.3
1253210 1938.8
1253220 1938.8
1253230 1952.6
1253240 1964.0
1253250 1964.0
1253260 1973.5
1253270 1978.6
1253280 1978.6
1253290 1972.6
1253300 1981.3
1253310 1981.3
1253320 1995.7
1253330 2007.9
1253340 2007.9
1253350 2019.7
1253360 2029.8
1253370 2029.8
1253380 2040.6
1253390 2040.2
1253400 2047.5
1253410 2047.5
1253420 2054.6
1253430 2066.2
1253440 2066.2
1253450 2071.1
1253460 2069.6
1253470 2069.6
1253480 2062.2
1253490 2058.4
1253500 2058.4
1253510 2054.7
1253520 2052.8
1253530 2052.8
1253540 2047.8
1253550 2045.4
1253560 2045.4
1253570 2045.2
1253580 2042.1
1253590 2042.1
1253600 2044.0
1253610 2045.9
1253620 2045.9
1253630 2051.6
1253640 2058.1
1253650 2058.1
1253660 2067.1
1253670 2077.1
1253680 2084.3
1253690 2084.3
1253700 2090.0
1253710 2091.5
1253720 2091.5
1253730 2087.0
1253740 2088.7
1253750 2088.7
1253760 2083.9
1253770 2075.1
1253780 2075.1
1253790 2068.1
1253800 2064.1
1253810 2064.1
1253820 2070.9
1253830 2072.8
1253840 2072.8
1253850 2059.5
1253860 2044.8
1253870 2044.8
1253880 2025.9
1253890 2012.6
1253900 2012.6
1253910 2009.7
1253920 2020.1
1253930 2020.1
1253940 2003.9
1253950 2007.6
1253960 2013.9
1253970 2013.9
1253980 2030.7
1253990 2042.6
1254000 2042.6
1254010 2040.5
1254020 2033.1
1254030 2033.1
1254040 2041.0
1254050 2047.3
1254060 2047.3
1254070 2030.3
1254080 2017.6
1254090 2017.6
1254100 2023.2
1254110 2038.4
1254120 2038.4
1254130 2055.0
1254140 2064.5
1254150 2064.5
1254160 2070.8
1254170 2076.3
1254180 2076.3
1254190 2082.7
1254200 2091.6
1254210 2091.6
1254220 2095.7
1254230 2100.3
1254240 2102.6
1254250 2102.6
1254260 2103.4
1254270 2103.6
1254280 2103.6
1254290 2102.8
1254300 2101.3
1254310 2101.3
1254320 2099.3
1254330 2101.3
1254340 2101.3
1254350 2102.2
1254360 2099.1
1254370 2099.1
1254380 2103.8
1254390 2109.9
1254400 2109.9
1254410 2112.8
1254420 2114.5
1254430 2114.5
1254440 2116.1
1254450 2112.8
1254460 2112.8
1254470 2105.0
1254480 2108.6
1254490 2102.7
1254500 2106.7
1254510 2113.6
1254520 2116.9
1254530 2116.9
1254540 2120.4
1254550 2121.1
1254560 2121.1
1254570 2119.1
1254580 2124.7
1254590 2124.7
1254600 2129.4
1254610 2136.9
1254620 2136.9
1254630 2145.2
1254640 2151.7
1254650 2151.7
1254660 2155.4
1254670 2158.8
1254680 2158.8
1254690 2161.4
1254700 2167.9
1254710 2167.9
1254720 2169.4
1254730 2166.2
1254740 2166.2
1254750 2164.0
1254760 2156.9
1254770 2156.9
1254780 2149.0
1254790 2141.0
1254800 2132.8
1254810 2132.8
1254820 2123.2
1254830 2115.4
1254840 2115.4
1254850 2106.7
1254860 2093.5
1254870 2093.5
1254880 2079.7
1254890 2076.8
1254900 2076.8
1254910 2070.8
1254920 2057.3
1254930 2057.3
1254940 2047.6
1254950 2041.2
1254960 2041.2
1254970 2035.8
1254980 2027.7
1254990 2027.7
1255000 2018.9
1255010 2009.0
1255020 2009.0
1255030 2002.8
1255040 1997.3
1255050 1992.5
1255060 1992.5
1255070 1993.4
1255080 1999.5
1255090 1999.5
1255100 2005.4
1255110 2009.6
1255120 2009.6
1255130 2014.9
1255140 2025.3
1255150 2025.3
1255160 2027.6
1255170 2025.4
1255180 2025.4
1255190 2026.1
1255200 2027.4
1255210 2027.4
1255220 2026.0
1255230 2023.4
1255240 2023.4
1255250 2022.8
1255260 2021.6
1255270 2021.6
1255280 2020.1
1255290 2018.8
1255300 2018.8
1255310 2016.9
1255320 2011.4
1255330 2004.5
1255340 2004.5
1255350 1996.4
1255360 1988.7
1255370 1988.7
1255380 1981.3
1255390 1972.1
1255400 1972.1
1255410 1964.5
1255420 1958.2
1255430 1958.2
1255440 1952.7
1255450 1949.0
1255460 1949.0
1255470 1944.8
1255480 1939.9
1255490 1939.9
1255500 1933.0
1255510 1929.2
1255520 1929.2
1255530 1925.8
1255540 1919.2
1255550 1919.2
1255560 1910.9
1255570 1905.2
1255580 1905.2
1255590 1902.4
1255600 1892.5
1255610 1886.7
1255620 1886.7
1255630 1880.6
1255640 1872.4
1255650 1872.4
1255660 1865.7
1255670 1861.1
1255680 1861.1
1255690 1867.8
1255700 1881.1
1255710 1881.1
1255720 1879.2
1255730 1869.7
1255740 1869.7
1255750 1863.1
1255760 1857.3
1255770 1857.3
1255780 1851.1
1255790 1845.8
1255800 1845.8
1255810 1842.0
1255820 1836.9
1255830 1836.9
1255840 1831.8
1255850 1828.7
1255860 1828.7
1255870 1825.4
1255880 1821.3
1255890 1817.2
1255900 1817.2
1255910 1813.6
1255920 1813.3
1255930 1813.3
1255940 1813.4
1255950 1812.5
1255960 1812.5
1255970 1812.5
1255980 1812.6
1255990 1812.6
1256000 1813.3
1256010 1814.1
1256020 1814.1
1256030 1816.0
1256040 1818.7
1256050 1818.7
1256060 1824.0
1256070 1831.1
1256080 1831.1
1256090 1836.6
1256100 1843.7
1256110 1843.7
1256120 1851.1
1256130 1855.8
1256140 1855.8
1256150 1858.8
1256160 1851.9
1256170 1844.7
1256180 1844.7
1256190 1837.9
1256200 1841.4
1256210 1841.4
1256220 1840.5
1256230 1842.9
1256240 1842.9
1256250 1853.3
1256260 1861.3
1256270 1861.3
1256280 1867.1
1256290 1870.5
1256300 1870.5
1256310 1873.8
1256320 1878.9
1256330 1878.9
1256340 1881.9
1256350 1882.0
1256360 1882.0
1256370 1882.8
1256380 1884.7
1256390 1884.7
1256400 1881.8
1256410 1884.5
1256420 1884.5
1256430 1891.9
1256440 1898.6
1256450 1903.9
1256460 1903.9
1256470 1910.3
1256480 1915.0
1256490 1915.0
1256500 1919.9
1256510 1925.2
1256520 1925.2
1256530 1933.9
1256540 1943.9
1256550 1943.9
1256560 1946.6
1256570 1946.8
1256580 1946.8
1256590 1946.5
1256600 1945.4
1256610 1945.4
1256620 1944.9
1256630 1943.7
1256640 1943.7
1256650 1942.0
1256660 1939.1
1256670 1939.1
1256680 1931.0
1256690 1922.9
1256700 1922.9
1256710 1915.8
1256720 1912.6
1256730 1905.1
1256740 1905.1
1256750 1897.2
1256760 1890.1
1256770 1890.1
1256780 1882.2
1256790 1875.9
1256800 1875.9
1256810 1873.2
1256820 1871.2
1256830 1871.2
1256840 1869.3
1256850 1868.3
1256860 1868.3
1256870 1867.2
1256880 1865.0
1256890 1865.0
1256900 1862.7
1256910 1859.7
1256920 1859.7
1256930 1857.0
1256940 1853.2
1256950 1853.2
1256960 1850.4
1256970 1847.9
1256980 1847.9
1256990 1844.1
1257000 1840.4
1257010 1838.0
1257020 1838.0
1257030 1834.0
1257040 1829.6
1257050 1829.6
1257060 1825.7
1257070 1821.3
1257080 1821.3
1257090 1817.5
1257100 1813.8
1257110 1813.8
1257120 1810.2
1257130 1806.3
1257140 1806.3
1257150 1802.9
1257160 1799.8
1257170 1799.8
1257180 1797.0
1257190 1795.7
1257200 1795.7
1257210 1795.8
1257220 1794.9
1257230 1794.9
1257240 1793.8
1257250 1793.0
1257260 1791.4
1257270 1791.4
1257280 1783.3
1257290 1783.4
1257300 1783.4
1257310 1779.3
1257320 1776.0
1257330 1776.0
1257340 1775.5
1257350 1773.6
1257360 1773.6
1257370 1770.9
1257380 1769.3
1257390 1769.3
1257400 1766.5
1257410 1762.8
1257420 1762.8
1257430 1760.0
1257440 1756.2
1257450 1756.2
1257460 1751.7
1257470 1746.5
1257480 1746.5
1257490 1742.6
1257500 1741.6
1257510 1741.6
1257520 1743.0
1257530 1743.8
1257540 1742.6
1257550 1742.6
1257560 1739.8
1257570 1736.8
1257580 1736.8
1257590 1733.6
1257600 1730.4
1257610 1730.4
1257620 1727.1
1257630 1723.1
1257640 1723.1
1257650 1719.3
1257660 1715.9
1257670 1715.9
1257680 1713.3
1257690 1706.4
1257700 1706.4
1257710 1700.5
1257720 1695.4
1257730 1695.4
1257740 1690.5
1257750 1686.2
1257760 1686.2
1257770 1683.7
1257780 1684.1
1257790 1684.1
1257800 1683.8
1257810 1682.5
1257820 1679.9
1257830 1679.9
1257840 1673.0
1257850 1671.3
1257860 1671.3
1257870 1669.7
1257880 1667.9
1257890 1667.9
1257900 1664.9
1257910 1662.3
1257920 1662.3
1257930 1659.8
1257940 1657.4
1257950 1657.4
1257960 1656.3
1257970 1653.8
1257980 1653.8
1257990 1651.2
1258000 1648.6
1258010 1648.6
1258020 1645.5
1258030 1642.6
1258040 1642.6
1258050 1640.9
1258060 1639.0
1258070 1639.0
1258080 1637.0
1258090 1636.0
1258100 1633.8
1258110 1633.8
1258120 1631.4
1258130 1628.9
1258140 1628.9
1258150 1626.4
1258160 1623.9
1258170 1623.9
1258180 1621.0
1258190 1617.1
1258200 1617.1
1258210 1612.6
1258220 1608.5
1258230 1608.5
1258240 1605.4
1258250 1602.4
1258260 1602.4
1258270 1597.4
1258280 1593.8
1258290 1593.8
1258300 1592.1
1258310 1592.1
1258320 1592.1
1258330 1591.5
1258340 1589.8
1258350 1589.8
1258360 1588.8
1258370 1589.3
1258380 1588.5
1258390 1588.5
1258400 1588.7
1258410 1585.7
1258420 1585.7
1258430 1584.3
1258440 1583.1
1258450 1583.1
1258460 1581.9
1258470 1579.7
1258480 1579.7
1258490 1575.7
1258500 1570.0
1258510 1570.0
1258520 1565.0
1258530 1560.3
1258540 1560.3
1258550 1555.4
1258560 1551.8
1258570 1551.8
1258580 1549.8
1258590 1547.8
1258600 1547.8
1258610 1545.6
1258620 1543.2
1258630 1543.2
1258640 1541.0
1258650 1538.7
1258660 1535.9
1258670 1535.9
1258680 1532.3
1258690 1529.7
1258700 1529.7
1258710 1527.5
1258720 1525.5
1258730 1525.5
1258740 1523.3
1258750 1521.6
1258760 1521.6
1258770 1520.0
1258780 1518.3
1258790 1518.3
1258800 1516.6
1258810 1515.3
1258820 1515.3
1258830 1513.9
1258840 1511.9
1258850 1511.9
1258860 1509.1
1258870 1506.3
1258880 1506.3
1258890 1503.7
1258900 1501.5
1258910 1501.5
1258920 1498.9
1258930 1498.0
1258940 1498.6
1258950 1498.6
1258960 1501.4
1258970 1502.4
1258980 1502.4
1258990 1502.3
1259000 1502.2
1259010 1502.2
1259020 1501.3
1259030 1500.1
1259040 1500.1
1259050 1499.7
1259060 1500.2
1259070 1500.2
1259080 1502.0
1259090 1501.6
1259100 1501.6
1259110 1501.8
1259120 1501.3
1259130 1501.3
1259140 1501.3
1259150 1500.2
1259160 1500.2
1259170 1499.0
1259180 1498.7
1259190 1498.4
1259200 1498.4
1259210 1497.3
1259220 1496.8
1259230 1496.8
1259240 1496.3
1259250 1495.4
1259260 1495.4
1259270 1495.1
1259280 1494.3
1259290 1494.3
1259300 1491.8
1259310 1490.6
1259320 1490.6
1259330 1491.9
1259340 1493.7
1259350 1493.7
1259360 1495.4
1259370 1496.1
1259380 1496.1
1259390 1497.4
1259400 1499.1
1259410 1499.1
1259420 1501.2
1259430 1502.8
1259440 1502.8
1259450 1505.0
1259460 1507.0
1259470 1508.8
1259480 1508.8
1259490 1510.6
1259500 1512.4
1259510 1512.4
1259520 1514.0
1259530 1516.7
1259540 1516.7
1259550 1518.0
1259560 1519.4
1259570 1519.4
1259580 1520.6
1259590 1521.9
1259600 1521.9
1259610 1523.7
1259620 1525.2
1259630 1525.2
1259640 1526.3
1259650 1527.0
1259660 1527.0
1259670 1527.7
1259680 1528.1
1259690 1528.1
1259700 1530.0
1259710 1532.1
1259720 1532.1
1259730 1533.6
1259740 1535.5
1259750 1537.2
1259760 1537.2
1259770 1538.7
1259780 1539.3
1259790 1539.3
1259800 1540.3
1259810 1540.8
1259820 1540.8
1259830 1541.6
1259840 1543.2
1259850 1543.2
1259860 1545.3
1259870 1548.3
1259880 1548.3
1259890 1550.8
1259900 1553.0
1259910 1553.0
1259920 1555.0
1259930 1557.8
1259940 1557.8
1259950 1561.5
1259960 1564.9
1259970 1564.9
1259980 1568.3
1259990 1572.1
