1240000 1204.0
1240010 1204.8
1240020 1204.8
1240030 1206.2
1240040 1208.4
1240050 1208.4
1240060 1210.2
1240070 1212.7
1240080 1212.7
1240090 1214.4
1240100 1216.0
1240110 1216.0
1240120 1217.6
1240130 1219.2
1240140 1220.8
1240150 1220.8
1240160 1222.4
1240170 1224.0
1240180 1224.0
1240190 1225.4
1240200 1226.9
1240210 1226.9
1240220 1228.4
1240230 1229.4
1240240 1229.4
1240250 1230.3
1240260 1231.0
1240270 1231.0
1240280 1231.9
1240290 1233.0
1240300 1233.0
1240310 1234.0
1240320 1235.1
1240330 1235.1
1240340 1236.1
1240350 1233.7
1240360 1233.7
1240370 1234.7
1240380 1235.5
1240390 1236.4
1240400 1236.4
1240410 1236.9
1240420 1237.7
1240430 1237.7
1240440 1238.6
1240450 1239.3
1240460 1239.3
1240470 1242.4
1240480 1245.0
1240490 1245.0
1240500 1246.0
1240510 1246.0
1240520 1246.0
1240530 1246.9
1240540 1248.3
1240550 1248.3
1240560 1249.0
1240570 1249.2
1240580 1249.2
1240590 1249.6
1240600 1249.5
1240610 1249.5
1240620 1249.3
1240630 1249.4
1240640 1249.4
1240650 1249.8
1240660 1250.8
1240670 1252.2
1240680 1252.2
1240690 1253.6
1240700 1254.1
1240710 1254.1
1240720 1254.6
1240730 1254.8
1240740 1254.8
1240750 1255.3
1240760 1256.0
1240770 1256.0
1240780 1257.0
1240790 1258.3
1240800 1258.3
1240810 1260.1
1240820 1261.9
1240830 1261.9
1240840 1263.1
1240850 1263.9
1240860 1263.9
1240870 1263.0
1240880 1263.6
1240890 1263.6
1240900 1263.9
1240910 1263.9
1240920 1263.9
1240930 1263.9
1240940 1264.1
1240950 1264.5
1240960 1264.5
1240970 1265.0
1240980 1265.6
1240990 1265.6
1241000 1266.1
1241010 1266.8
1241020 1266.8
1241030 1267.3
1241040 1267.7
1241050 1267.7
1241060 1268.3
1241070 1269.2
1241080 1269.2
1241090 1270.2
1241100 1271.2
1241110 1271.2
1241120 1272.1
1241130 1273.5
1241140 1273.5
1241150 1274.5
1241160 1276.0
1241170 1276.0
1241180 1278.0
1241190 1279.8
1241200 1279.8
1241210 1281.6
1241220 1282.6
1241230 1279.2
1241240 1279.2
1241250 1275.3
1241260 1277.1
1241270 1277.1
1241280 1282.1
1241290 1284.9
1241300 1284.9
1241310 1286.9
1241320 1287.9
1241330 1287.9
1241340 1289.3
1241350 1290.4
1241360 1290.4
1241370 1291.4
1241380 1292.4
1241390 1290.3
1241400 1291.0
1241410 1291.6
1241420 1291.6
1241430 1292.3
1241440 1293.1
1241450 1293.1
1241460 1293.2
1241470 1293.1
1241480 1293.1
1241490 1292.8
1241500 1292.2
1241510 1291.9
1241520 1291.9
1241530 1291.3
1241540 1291.3
1241550 1291.3
1241560 1291.8
1241570 1292.4
1241580 1292.4
1241590 1292.6
1241600 1292.4
1241610 1292.4
1241620 1292.2
1241630 1290.9
1241640 1290.9
1241650 1288.7
1241660 1286.9
1241670 1286.9
1241680 1284.7
1241690 1284.1
1241700 1284.1
1241710 1283.8
1241720 1282.9
1241730 1282.9
1241740 1282.6
1241750 1283.1
1241760 1283.1
1241770 1282.3
1241780 1280.4
1241790 1280.0
1241800 1280.0
1241810 1278.5
1241820 1277.0
1241830 1277.0
1241840 1275.5
1241850 1274.9
1241860 1274.9
1241870 1274.8
1241880 1274.3
1241890 1274.3
1241900 1273.7
1241910 1272.3
1241920 1272.3
1241930 1269.5
1241940 1267.5
1241950 1267.5
1241960 1264.4
1241970 1260.6
1241980 1260.6
1241990 1256.6
1242000 1250.1
1242010 1250.1
1242020 1242.5
1242030 1236.6
1242040 1236.6
1242050 1232.2
1242060 1229.6
1242070 1227.6
1242080 1227.6
1242090 1225.6
1242100 1223.6
1242110 1223.6
1242120 1223.1
1242130 1223.2
1242140 1223.2
1242150 1223.1
1242160 1222.9
1242170 1222.9
1242180 1222.8
1242190 1222.6
1242200 1222.6
1242210 1222.5
1242220 1222.7
1242230 1222.7
1242240 1222.8
1242250 1222.5
1242260 1222.5
1242270 1222.2
1242280 1222.1
1242290 1222.1
1242300 1222.2
1242310 1222.5
1242320 1222.5
1242330 1223.3
1242340 1225.8
1242350 1226.7
1242360 1226.7
1242370 1226.6
1242380 1226.6
1242390 1226.6
1242400 1226.8
1242410 1227.0
1242420 1227.0
1242430 1227.0
1242440 1227.0
1242450 1227.0
1242460 1227.1
1242470 1227.3
1242480 1227.3
1242490 1227.5
1242500 1227.8
1242510 1227.8
1242520 1228.1
1242530 1228.2
1242540 1228.2
1242550 1227.9
1242560 1227.3
1242570 1227.3
1242580 1228.2
1242590 1229.1
1242600 1229.1
1242610 1230.1
1242620 1231.4
1242630 1233.2
1242640 1233.2
1242650 1235.8
1242660 1239.2
1242670 1239.2
1242680 1241.1
1242690 1242.1
1242700 1242.1
1242710 1243.5
1242720 1245.3
1242730 1245.3
1242740 1247.4
1242750 1249.5
1242760 1249.5
1242770 1251.1
1242780 1253.5
1242790 1253.5
1242800 1257.0
1242810 1260.6
1242820 1260.6
1242830 1264.1
1242840 1268.4
1242850 1268.4
1242860 1274.4
1242870 1282.0
1242880 1282.0
1242890 1288.4
1242900 1291.9
1242910 1294.5
1242920 1294.5
1242930 1297.1
1242940 1301.3
1242950 1301.3
1242960 1306.1
1242970 1310.4
1242980 1310.4
1242990 1311.3
1243000 1311.0
1243010 1311.0
1243020 1311.6
1243030 1313.1
1243040 1313.1
1243050 1315.2
1243060 1318.1
1243070 1318.1
1243080 1321.4
1243090 1325.3
1243100 1325.3
1243110 1329.3
1243120 1332.1
1243130 1332.1
1243140 1333.3
1243150 1334.6
1243160 1335.9
1243170 1335.9
1243180 1338.1
1243190 1341.0
1243200 1341.0
1243210 1343.3
1243220 1346.2
1243230 1346.2
1243240 1349.8
1243250 1353.7
1243260 1353.7
1243270 1358.0
1243280 1361.9
1243290 1361.9
1243300 1363.9
1243310 1362.2
1243320 1362.2
1243330 1359.7
1243340 1358.4
1243350 1358.4
1243360 1356.4
1243370 1354.6
1243380 1354.6
1243390 1356.5
1243400 1361.8
1243410 1361.8
1243420 1367.4
1243430 1372.7
1243440 1377.7
1243450 1377.7
1243460 1381.8
1243470 1385.7
1243480 1385.7
1243490 1388.6
1243500 1398.1
1243510 1398.1
1243520 1401.5
1243530 1403.4
1243540 1403.4
1243550 1404.2
1243560 1406.5
1243570 1406.5
1243580 1409.8
1243590 1413.8
1243600 1413.8
1243610 1418.4
1243620 1423.2
1243630 1423.2
1243640 1427.0
1243650 1429.4
1243660 1429.4
1243670 1430.4
1243680 1430.4
1243690 1430.4
1243700 1430.2
1243710 1432.5
1243720 1438.1
1243730 1438.1
1243740 1442.3
1243750 1446.9
1243760 1446.9
1243770 1452.0
1243780 1456.2
1243790 1456.2
1243800 1460.2
1243810 1463.8
1243820 1463.8
1243830 1464.9
1243840 1464.6
1243850 1464.6
1243860 1465.3
1243870 1466.1
1243880 1466.1
1243890 1466.6
1243900 1466.0
1243910 1466.0
1243920 1465.1
1243930 1464.3
1243940 1464.3
1243950 1463.8
1243960 1463.6
1243970 1463.6
1243980 1462.7
1243990 1462.4
1244000 1463.4
1244010 1463.4
1244020 1464.1
1244030 1464.2
1244040 1464.2
1244050 1462.3
1244060 1458.4
1244070 1458.4
1244080 1458.0
1244090 1459.9
1244100 1459.9
1244110 1462.2
1244120 1464.3
1244130 1464.3
1244140 1465.7
1244150 1466.3
1244160 1466.3
1244170 1467.0
1244180 1467.7
1244190 1467.7
1244200 1468.0
1244210 1469.4
1244220 1469.4
1244230 1471.3
1244240 1473.4
1244250 1473.4
1244260 1476.0
1244270 1478.5
1244280 1479.2
1244290 1479.2
1244300 1479.5
1244310 1480.6
1244320 1480.6
1244330 1481.6
1244340 1481.6
1244350 1481.6
1244360 1480.9
1244370 1480.8
1244380 1480.8
1244390 1481.6
1244400 1482.7
1244410 1482.7
1244420 1484.1
1244430 1485.2
1244440 1485.2
1244450 1483.9
1244460 1481.4
1244470 1481.4
1244480 1480.7
1244490 1480.9
1244500 1480.9
1244510 1481.5
1244520 1481.0
1244530 1481.0
1244540 1479.5
1244550 1478.3
1244560 1476.4
1244570 1476.4
1244580 1475.1
1244590 1474.2
1244600 1474.2
1244610 1472.7
1244620 1470.4
1244630 1470.4
1244640 1468.5
1244650 1466.5
1244660 1466.5
1244670 1464.4
1244680 1462.6
1244690 1462.6
1244700 1460.8
1244710 1458.8
1244720 1458.8
1244730 1456.0
1244740 1451.6
1244750 1451.6
1244760 1448.0
1244770 1444.9
1244780 1444.9
1244790 1441.7
1244800 1439.2
1244810 1439.2
1244820 1436.8
1244830 1434.8
1244840 1432.7
1244850 1432.7
1244860 1429.1
1244870 1425.2
1244880 1425.2
1244890 1422.3
1244900 1420.6
1244910 1420.6
1244920 1416.8
1244930 1410.9
1244940 1410.9
1244950 1405.8
1244960 1401.1
1244970 1401.1
1244980 1394.2
1244990 1385.0
1245000 1385.0
1245010 1376.7
1245020 1370.5
1245030 1370.5
1245040 1367.0
1245050 1364.0
1245060 1364.0
1245070 1360.5
1245080 1356.8
1245090 1354.3
1245100 1351.2
1245110 1348.8
1245120 1346.1
1245130 1346.1
1245140 1343.9
1245150 1342.2
1245160 1342.2
1245170 1340.0
1245180 1337.2
1245190 1337.2
1245200 1334.7
1245210 1331.6
1245220 1331.6
1245230 1328.1
1245240 1325.0
1245250 1325.0
1245260 1322.8
1245270 1319.8
1245280 1319.8
1245290 1314.4
1245300 1309.4
1245310 1309.4
1245320 1306.3
1245330 1303.1
1245340 1303.1
1245350 1299.5
1245360 1296.2
1245370 1292.9
1245380 1292.9
1245390 1290.1
1245400 1288.4
1245410 1288.4
1245420 1287.7
1245430 1285.9
1245440 1285.9
1245450 1283.8
1245460 1283.0
1245470 1283.0
1245480 1281.6
1245490 1280.4
1245500 1280.4
1245510 1278.5
1245520 1274.9
1245530 1274.9
1245540 1269.8
1245550 1264.6
1245560 1264.6
1245570 1260.2
1245580 1255.9
1245590 1255.9
1245600 1250.1
1245610 1244.2
1245620 1245.8
1245630 1240.7
1245640 1236.7
1245650 1232.3
1245660 1232.3
1245670 1228.3
1245680 1223.7
1245690 1223.7
1245700 1219.4
1245710 1216.1
1245720 1216.1
1245730 1214.0
1245740 1212.3
1245750 1212.3
1245760 1210.8
1245770 1210.3
1245780 1210.3
1245790 1210.3
1245800 1210.0
1245810 1210.0
1245820 1210.1
1245830 1208.6
1245840 1208.6
1245850 1206.2
1245860 1205.7
1245870 1205.7
1245880 1206.8
1245890 1208.0
1245900 1208.0
1245910 1209.1
1245920 1207.0
1245930 1202.4
1245940 1202.4
1245950 1200.8
1245960 1200.8
1245970 1200.8
1245980 1201.0
1245990 1201.6
1246000 1201.6
1246010 1201.9
1246020 1201.5
1246030 1201.5
1246040 1200.5
1246050 1199.4
1246060 1199.4
1246070 1198.0
1246080 1196.6
1246090 1196.6
1246100 1195.7
1246110 1195.1
1246120 1195.1
1246130 1194.4
1246140 1193.3
1246150 1193.3
1246160 1190.3
1246170 1188.4
1246180 1188.4
1246190 1186.9
1246200 1185.9
1246210 1185.2
1246220 1185.2
1246230 1184.5
1246240 1184.1
1246250 1184.1
1246260 1184.4
1246270 1185.6
1246280 1185.6
1246290 1186.3
1246300 1184.5
1246310 1184.5
1246320 1183.3
1246330 1182.7
1246340 1182.7
1246350 1182.0
1246360 1181.4
1246370 1181.4
1246380 1180.7
1246390 1180.2
1246400 1180.2
1246410 1179.2
1246420 1177.1
1246430 1177.1
1246440 1175.9
1246450 1175.2
1246460 1175.2
1246470 1175.0
1246480 1175.0
1246490 1173.9
1246500 1173.9
1246510 1173.1
1246520 1170.2
1246530 1170.2
1246540 1166.0
1246550 1163.5
1246560 1163.5
1246570 1162.8
1246580 1162.8
1246590 1162.8
1246600 1162.3
1246610 1162.4
1246620 1162.4
1246630 1162.5
1246640 1162.3
1246650 1162.3
1246660 1162.2
1246670 1162.2
1246680 1162.2
1246690 1161.2
1246700 1159.8
1246710 1159.8
1246720 1159.8
1246730 1158.9
1246740 1158.9
1246750 1158.0
1246760 1157.0
1246770 1154.4
1246780 1154.4
1246790 1152.0
1246800 1149.5
1246810 1149.5
1246820 1147.0
1246830 1145.6
1246840 1145.6
1246850 1147.6
1246860 1151.5
1246870 1151.5
1246880 1155.0
1246890 1156.4
1246900 1156.4
1246910 1157.8
1246920 1158.2
1246930 1158.2
1246940 1159.1
1246950 1159.7
1246960 1159.7
1246970 1160.0
1246980 1160.8
1246990 1160.8
1247000 1162.4
1247010 1164.3
1247020 1164.3
1247030 1164.5
1247040 1165.8
1247050 1167.7
1247060 1167.7
1247070 1169.2
1247080 1170.5
1247090 1170.5
1247100 1171.4
1247110 1172.6
1247120 1172.6
1247130 1173.3
1247140 1174.1
1247150 1174.1
1247160 1176.0
1247170 1177.7
1247180 1177.7
1247190 1178.8
1247200 1179.9
1247210 1179.9
1247220 1181.1
1247230 1181.5
1247240 1181.5
1247250 1182.4
1247260 1183.8
1247270 1183.8
1247280 1186.6
1247290 1188.2
1247300 1188.2
1247310 1187.4
1247320 1184.5
1247330 1184.7
1247340 1184.7
1247350 1188.6
1247360 1190.9
1247370 1190.9
1247380 1192.5
1247390 1196.2
1247400 1196.2
1247410 1200.7
1247420 1204.4
1247430 1204.4
1247440 1207.7
1247450 1211.1
1247460 1211.1
1247470 1214.9
1247480 1218.6
1247490 1218.6
1247500 1222.2
1247510 1225.8
1247520 1225.8
1247530 1230.1
1247540 1234.9
1247550 1234.9
1247560 1239.5
1247570 1243.9
1247580 1246.9
1247590 1246.9
1247600 1249.6
1247610 1252.3
1247620 1252.3
1247630 1255.5
1247640 1257.9
1247650 1257.9
1247660 1259.5
1247670 1261.7
1247680 1261.7
1247690 1264.7
1247700 1267.4
1247710 1267.4
1247720 1270.7
1247730 1274.5
1247740 1274.5
1247750 1279.0
1247760 1285.1
1247770 1285.1
1247780 1291.9
1247790 1298.7
1247800 1298.7
1247810 1305.9
1247820 1313.2
1247830 1313.2
1247840 1321.0
1247850 1329.0
1247860 1336.3
1247870 1336.3
1247880 1342.7
1247890 1348.9
1247900 1348.9
1247910 1354.6
1247920 1359.0
1247930 1359.0
1247940 1362.5
1247950 1365.9
1247960 1365.9
1247970 1368.8
1247980 1370.0
1247990 1370.0
1248000 1370.6
1248010 1372.2
1248020 1372.2
1248030 1374.3
1248040 1375.8
1248050 1375.8
1248060 1376.2
1248070 1376.4
1248080 1376.4
1248090 1378.5
1248100 1380.9
1248110 1380.9
1248120 1381.5
1248130 1382.5
1248140 1384.5
1248150 1384.5
1248160 1386.0
1248170 1388.0
1248180 1388.0
1248190 1390.9
1248200 1392.4
1248210 1392.4
1248220 1394.8
1248230 1396.7
1248240 1396.7
1248250 1398.6
1248260 1400.2
1248270 1400.2
1248280 1402.8
1248290 1404.5
1248300 1409.5
1248310 1410.6
1248320 1411.0
1248330 1411.0
1248340 1409.9
1248350 1409.6
1248360 1409.6
1248370 1411.2
1248380 1413.2
1248390 1413.2
1248400 1416.5
1248410 1418.3
1248420 1423.1
1248430 1423.1
1248440 1425.0
1248450 1428.5
1248460 1428.5
1248470 1431.9
1248480 1431.1
1248490 1431.1
1248500 1429.2
1248510 1429.7
1248520 1429.7
1248530 1429.5
1248540 1430.7
1248550 1430.7
1248560 1429.7
1248570 1426.9
1248580 1426.9
1248590 1430.3
1248600 1438.3
1248610 1438.3
1248620 1444.6
1248630 1449.5
1248640 1449.5
1248650 1453.6
1248660 1457.2
1248670 1457.2
1248680 1461.1
1248690 1462.9
1248700 1462.5
1248710 1462.5
1248720 1462.3
1248730 1463.4
1248740 1463.4
1248750 1466.5
1248760 1470.4
1248770 1470.4
1248780 1473.8
1248790 1477.0
1248800 1477.0
1248810 1481.1
1248820 1487.5
1248830 1487.5
1248840 1495.5
1248850 1500.2
1248860 1500.2
1248870 1500.5
1248880 1501.7
1248890 1501.7
1248900 1504.9
1248910 1507.5
1248920 1507.5
1248930 1511.2
1248940 1515.0
1248950 1515.0
1248960 1519.6
1248970 1523.9
1248980 1526.8
1248990 1526.8
1249000 1530.8
1249010 1535.9
1249020 1535.9
1249030 1540.4
1249040 1544.8
1249050 1544.8
1249060 1549.8
1249070 1555.9
1249080 1555.9
1249090 1562.6
1249100 1568.9
1249110 1568.9
1249120 1574.7
1249130 1580.7
1249140 1580.7
1249150 1586.7
1249160 1592.5
1249170 1592.5
1249180 1597.3
1249190 1601.1
1249200 1601.1
1249210 1604.1
1249220 1606.2
1249230 1606.2
1249240 1608.2
1249250 1609.9
1249260 1612.1
1249270 1612.1
1249280 1614.8
1249290 1616.9
1249300 1616.9
1249310 1619.9
1249320 1624.5
1249330 1624.5
1249340 1629.9
1249350 1635.3
1249360 1635.3
1249370 1641.4
1249380 1645.6
1249390 1645.6
1249400 1650.9
1249410 1656.1
1249420 1656.1
1249430 1662.1
1249440 1668.3
1249450 1668.3
1249460 1674.1
1249470 1680.4
1249480 1680.4
1249490 1687.3
1249500 1694.3
1249510 1694.3
1249520 1701.0
1249530 1707.7
1249540 1714.9
1249550 1714.9
1249560 1722.0
1249570 1729.5
1249580 1729.5
1249590 1737.0
1249600 1743.7
1249610 1743.7
1249620 1751.1
1249630 1758.0
1249640 1758.0
1249650 1765.4
1249660 1772.7
1249670 1772.7
1249680 1780.3
1249690 1788.5
1249700 1788.5
1249710 1796.5
1249720 1804.0
1249730 1804.0
1249740 1811.5
1249750 1819.3
1249760 1819.3
1249770 1827.0
1249780 1833.5
1249790 1839.4
1249800 1839.4
1249810 1845.9
1249820 1852.3
1249830 1852.3
1249840 1858.0
1249850 1863.6
1249860 1863.6
1249870 1869.5
1249880 1875.3
1249890 1875.3
1249900 1880.6
1249910 1885.9
1249920 1885.9
1249930 1890.1
1249940 1895.4
1249950 1895.4
1249960 1900.8
1249970 1906.0
1249980 1906.0
1249990 1911.7
1250000 1917.9
1250010 1917.9
1250020 1925.5
1250030 1933.2
1250040 1933.2
1250050 1941.8
1250060 1954.2
1250070 1964.9
1250080 1964.9
1250090 1970.3
1250100 1973.7
1250110 1973.7
1250120 1975.9
1250130 1977.9
1250140 1977.9
1250150 1980.3
1250160 1983.7
1250170 1983.7
1250180 1987.0
1250190 1990.8
1250200 1990.8
1250210 1994.0
1250220 1997.5
1250230 1997.5
1250240 2001.3
1250250 2004.4
1250260 2004.4
1250270 2006.6
1250280 2007.6
1250290 2007.6
1250300 2009.7
1250310 2010.8
1250320 2010.8
1250330 2008.8
1250340 1997.4
1250350 1988.6
1250360 1988.6
1250370 1981.5
1250380 1974.5
1250390 1974.5
1250400 1968.2
1250410 1964.2
1250420 1964.2
1250430 1961.8
1250440 1958.9
1250450 1958.9
1250460 1955.9
1250470 1945.1
1250480 1945.1
1250490 1937.9
1250500 1930.4
1250510 1930.4
1250520 1928.0
1250530 1929.3
1250540 1929.3
1250550 1931.1
1250560 1932.4
1250570 1932.4
1250580 1936.0
1250590 1939.1
1250600 1939.1
1250610 1939.4
1250620 1939.0
1250630 1937.6
1250640 1937.6
1250650 1936.5
1250660 1937.9
1250670 1937.9
1250680 1940.3
1250690 1943.6
1250700 1943.6
1250710 1946.9
1250720 1949.7
1250730 1949.7
1250740 1951.1
1250750 1950.0
1250760 1950.0
1250770 1946.9
1250780 1944.4
1250790 1944.4
1250800 1941.2
1250810 1937.8
1250820 1937.8
1250830 1926.5
1250840 1916.5
1250850 1916.5
1250860 1912.3
1250870 1908.1
1250880 1908.1
1250890 1900.0
1250900 1892.2
1250910 1882.3
1250920 1882.3
1250930 1871.0
1250940 1861.6
1250950 1861.6
1250960 1853.0
1250970 1844.4
1250980 1844.4
1250990 1836.3
1251000 1828.2
1251010 1831.5
1251020 1824.8
1251030 1817.7
1251040 1817.7
1251050 1810.5
1251060 1803.8
1251070 1803.8
1251080 1796.6
1251090 1788.7
1251100 1788.7
1251110 1780.2
1251120 1771.1
1251130 1771.1
1251140 1762.8
1251150 1754.7
1251160 1754.7
1251170 1743.3
1251180 1723.4
1251190 1716.0
1251200 1716.0
1251210 1718.8
1251220 1721.4
1251230 1721.4
1251240 1723.0
1251250 1718.0
1251260 1718.0
1251270 1708.8
1251280 1699.0
1251290 1699.0
1251300 1694.3
1251310 1699.3
1251320 1699.3
1251330 1707.0
1251340 1705.8
1251350 1705.8
1251360 1699.0
1251370 1691.1
1251380 1691.1
1251390 1686.4
1251400 1681.9
1251410 1681.9
1251420 1674.7
1251430 1669.7
1251440 1669.7
1251450 1665.4
1251460 1668.6
1251470 1667.2
1251480 1667.2
1251490 1669.7
1251500 1660.9
1251510 1660.9
1251520 1646.7
1251530 1624.6
1251540 1624.6
1251550 1608.7
1251560 1605.2
1251570 1605.2
1251580 1596.0
1251590 1583.1
1251600 1583.1
1251610 1569.0
1251620 1555.9
1251630 1555.9
1251640 1542.4
1251650 1534.6
1251660 1534.6
1251670 1530.0
1251680 1534.3
1251690 1534.3
1251700 1539.8
1251710 1545.4
1251720 1545.4
1251730 1549.2
1251740 1557.9
1251750 1570.7
1251760 1570.7
1251770 1584.6
1251780 1598.7
1251790 1598.7
1251800 1609.0
1251810 1616.6
1251820 1616.6
1251830 1622.9
1251840 1628.1
1251850 1628.1
1251860 1634.9
1251870 1642.9
1251880 1642.9
1251890 1651.6
1251900 1662.1
1251910 1662.1
1251920 1662.2
1251930 1662.5
1251940 1662.5
1251950 1667.7
1251960 1675.8
1251970 1675.8
1251980 1688.9
1251990 1702.4
1252000 1714.0
1252010 1714.0
1252020 1728.5
1252030 1740.7
1252040 1740.7
1252050 1746.9
1252060 1753.2
1252070 1753.2
1252080 1760.5
1252090 1766.9
1252100 1766.9
1252110 1765.5
1252120 1770.6
1252130 1770.6
1252140 1778.5
1252150 1786.4
1252160 1786.4
1252170 1792.4
1252180 1799.0
1252190 1799.0
1252200 1806.0
1252210 1813.9
1252220 1813.9
1252230 1820.0
1252240 1826.0
1252250 1826.0
1252260 1833.5
1252270 1844.6
1252280 1859.2
1252290 1859.2
1252300 1872.1
1252310 1888.5
1252320 1888.5
1252330 1899.8
1252340 1906.2
1252350 1906.2
1252360 1911.7
1252370 1916.7
1252380 1916.7
1252390 1918.9
1252400 1919.8
1252410 1919.8
1252420 1919.0
1252430 1911.7
1252440 1911.7
1252450 1905.4
1252460 1902.7
1252470 1902.7
1252480 1909.6
1252490 1919.5
1252500 1919.5
1252510 1930.6
1252520 1930.1
1252530 1930.1
1252540 1916.6
1252550 1919.5
1252560 1927.7
1252570 1927.7
1252580 1937.3
1252590 1945.4
1252600 1945.4
1252610 1950.4
1252620 1952.6
1252630 1952.6
1252640 1957.4
1252650 1968.7
1252660 1964.5
1252670 1972.3
1252680 1982.9
1252690 1982.9
1252700 1984.7
1252710 1988.9
1252720 1988.9
1252730 1991.3
1252740 1981.9
1252750 1981.9
1252760 1972.4
1252770 1954.3
1252780 1954.3
1252790 1950.9
1252800 1961.0
1252810 1961.0
1252820 1973.5
1252830 1977.9
1252840 1977.3
1252850 1977.3
1252860 1967.9
1252870 1956.9
1252880 1956.9
1252890 1951.6
1252900 1944.7
1252910 1944.7
1252920 1934.4
1252930 1930.7
1252940 1930.7
1252950 1926.3
1252960 1919.8
1252970 1919.8
1252980 1911.5
1252990 1888.6
1253000 1888.6
1253010 1867.1
1253020 1872.1
1253030 1872.1
1253040 1885.0
1253050 1896.7
1253060 1896.7
1253070 1903.0
1253080 1912.5
1253090 1912.5
1253100 1921.2
1253110 1930.3
1253120 1930.0
1253130 1930.0
1253140 1909.9
1253150 1890.9
1253160 1890.9
1253170 1895.7
1253180 1913.4
1253190 1913.4
1253200 1926.1
1253210 1938.8
1253220 1938.8
1253230 1952.6
1253240 1964.0
1253250 1964.0
1253260 1973.5
1253270 1978.6
1253280 1978.6
1253290 1972.6
1253300 1981.3
1253310 1981.3
1253320 1995.7
1253330 2007.9
1253340 2007.9
1253350 2019.7
1253360 2029.8
1253370 2029.8
1253380 2040.6
1253390 2050.7
1253400 2060.7
1253410 2060.7
1253420 2068.9
1253430 2074.7
1253440 2074.7
1253450 2079.6
1253460 2081.0
1253470 2081.0
1253480 2077.1
1253490 2074.3
1253500 2074.3
1253510 2069.9
1253520 2075.5
1253530 2075.5
1253540 2070.3
1253550 2062.4
1253560 2062.4
1253570 2065.2
1253580 2065.8
1253590 2065.8
1253600 2065.7
1253610 2067.6
1253620 2067.6
1253630 2070.4
1253640 2077.5
1253650 2077.5
1253660 2085.0
1253670 2093.0
1253680 2099.7
1253690 2099.7
1253700 2107.8
1253710 2108.9
1253720 2108.9
1253730 2103.6
1253740 2097.5
1253750 2097.5
1253760 2083.9
1253770 2075.1
1253780 2075.1
1253790 2068.1
1253800 2064.1
1253810 2064.1
1253820 2070.9
1253830 2072.8
1253840 2072.8
1253850 2059.5
1253860 2044.8
1253870 2044.8
1253880 2025.9
1253890 2012.6
1253900 2012.6
1253910 2009.7
1253920 2020.1
1253930 2020.1
1253940 2030.6
1253950 2040.1
1253960 2046.2
1253970 2046.2
1253980 2052.0
1253990 2052.9
1254000 2052.9
1254010 2045.4
1254020 2041.2
1254030 2041.2
1254040 2047.9
1254050 2054.9
1254060 2054.9
1254070 2042.3
1254080 2025.6
1254090 2025.6
1254100 2031.2
1254110 2042.3
1254120 2042.3
1254130 2053.4
1254140 2064.3
1254150 2064.3
1254160 2072.5
1254170 2081.1
1254180 2081.1
1254190 2090.3
1254200 2099.4
1254210 2105.4
1254220 2105.4
1254230 2112.0
1254240 2118.5
1254250 2118.5
1254260 2119.6
1254270 2118.7
1254280 2118.7
1254290 2112.8
1254300 2109.8
1254310 2101.3
1254320 2099.3
1254330 2101.3
1254340 2101.3
1254350 2102.2
1254360 2099.1
1254370 2099.1
1254380 2103.8
1254390 2109.9
1254400 2109.9
1254410 2112.8
1254420 2114.5
1254430 2114.5
1254440 2116.1
1254450 2112.8
1254460 2112.8
1254470 2105.0
1254480 2108.6
1254490 2114.3
1254500 2114.3
1254510 2120.5
1254520 2123.6
1254530 2123.6
1254540 2126.8
1254550 2128.2
1254560 2128.2
1254570 2126.6
1254580 2131.4
1254590 2131.4
1254600 2138.2
1254610 2145.2
1254620 2145.2
1254630 2152.9
1254640 2160.8
1254650 2160.8
1254660 2166.5
1254670 2170.0
1254680 2170.0
1254690 2169.3
1254700 2176.5
1254710 2176.5
1254720 2174.6
1254730 2162.2
1254740 2162.2
1254750 2155.6
1254760 2150.5
1254770 2146.0
1254780 2146.0
1254790 2139.5
1254800 2133.2
1254810 2133.2
1254820 2128.5
1254830 2124.6
1254840 2124.6
1254850 2119.5
1254860 2106.7
1254870 2093.5
1254880 2079.7
1254890 2076.8
1254900 2076.8
1254910 2070.8
1254920 2057.3
1254930 2057.3
1254940 2047.6
1254950 2041.2
1254960 2041.2
1254970 2035.8
1254980 2027.7
1254990 2027.7
1255000 2018.9
1255010 2009.0
1255020 2009.0
1255030 2002.8
1255040 1999.1
1255050 2004.0
1255060 2004.0
1255070 2007.8
1255080 2012.9
1255090 2012.9
1255100 2018.1
1255110 2023.9
1255120 2023.9
1255130 2030.7
1255140 2037.4
1255150 2037.4
1255160 2036.6
1255170 2035.0
1255180 2035.0
1255190 2034.1
1255200 2034.9
1255210 2034.9
1255220 2034.1
1255230 2031.5
1255240 2031.5
1255250 2030.6
1255260 2029.7
1255270 2029.7
1255280 2028.1
1255290 2025.5
1255300 2025.5
1255310 2019.5
1255320 2012.5
1255330 2004.6
1255340 2004.6
1255350 1996.0
1255360 1987.2
1255370 1987.2
1255380 1980.0
1255390 1972.9
1255400 1972.9
1255410 1966.6
1255420 1958.2
1255430 1958.2
1255440 1952.7
1255450 1949.0
1255460 1949.0
1255470 1944.8
1255480 1939.9
1255490 1939.9
1255500 1933.0
1255510 1929.2
1255520 1929.2
1255530 1925.8
1255540 1919.2
1255550 1919.2
1255560 1910.9
1255570 1905.2
1255580 1905.2
1255590 1902.4
1255600 1900.8
1255610 1894.8
1255620 1894.8
1255630 1886.3
1255640 1878.9
1255650 1878.9
1255660 1871.8
1255670 1866.5
1255680 1866.5
1255690 1872.4
1255700 1889.9
1255710 1889.9
1255720 1888.3
1255730 1874.8
1255740 1874.8
1255750 1867.4
1255760 1860.3
1255770 1860.3
1255780 1854.5
1255790 1851.1
1255800 1851.1
1255810 1847.1
1255820 1841.6
1255830 1841.6
1255840 1837.6
1255850 1834.7
1255860 1834.7
1255870 1831.2
1255880 1827.4
1255890 1823.2
1255900 1823.2
1255910 1819.0
1255920 1818.5
1255930 1818.5
1255940 1819.8
1255950 1818.8
1255960 1818.8
1255970 1818.0
1255980 1812.6
1255990 1812.6
1256000 1813.3
1256010 1814.1
1256020 1814.1
1256030 1816.0
1256040 1818.7
1256050 1818.7
1256060 1824.0
1256070 1831.1
1256080 1831.1
1256090 1836.6
1256100 1843.7
1256110 1843.7
1256120 1851.1
1256130 1855.8
1256140 1858.8
1256150 1858.8
1256160 1855.1
1256170 1847.9
1256180 1847.9
1256190 1840.6
1256200 1844.3
1256210 1844.3
1256220 1846.7
1256230 1844.1
1256240 1844.1
1256250 1850.1
1256260 1858.9
1256270 1858.9
1256280 1868.6
1256290 1877.7
1256300 1877.7
1256310 1880.6
1256320 1884.2
1256330 1884.2
1256340 1889.7
1256350 1890.0
1256360 1890.0
1256370 1889.4
1256380 1891.2
1256390 1891.2
1256400 1888.7
1256410 1888.9
1256420 1890.8
1256430 1890.8
1256440 1895.1
1256450 1902.5
1256460 1902.5
1256470 1910.9
1256480 1920.0
1256490 1920.0
1256500 1925.4
1256510 1931.1
1256520 1931.1
1256530 1940.6
1256540 1943.9
1256550 1943.9
1256560 1946.6
1256570 1946.8
1256580 1946.8
1256590 1946.5
1256600 1945.4
1256610 1945.4
1256620 1944.9
1256630 1943.7
1256640 1943.7
1256650 1942.0
1256660 1939.1
1256670 1939.1
1256680 1931.0
1256690 1922.9
1256700 1915.8
1256710 1915.8
1256720 1908.6
1256730 1901.9
1256740 1901.9
1256750 1894.8
1256760 1888.3
1256770 1888.3
1256780 1883.0
1256790 1879.4
1256800 1879.4
1256810 1876.6
1256820 1874.1
1256830 1874.1
1256840 1872.8
1256850 1872.1
1256860 1872.1
1256870 1870.2
1256880 1868.1
1256890 1868.1
1256900 1865.6
1256910 1862.9
1256920 1862.9
1256930 1859.0
1256940 1855.8
1256950 1855.8
1256960 1853.7
1256970 1850.9
1256980 1847.2
1256990 1847.2
1257000 1843.5
1257010 1839.9
1257020 1839.9
1257030 1835.4
1257040 1831.2
1257050 1831.2
1257060 1827.5
1257070 1823.1
1257080 1823.1
1257090 1817.5
1257100 1813.8
1257110 1813.8
1257120 1810.2
1257130 1806.3
1257140 1806.3
1257150 1802.9
1257160 1799.8
1257170 1799.8
1257180 1797.0
1257190 1795.7
1257200 1795.7
1257210 1795.8
1257220 1794.9
1257230 1794.9
1257240 1793.8
1257250 1793.0
1257260 1791.4
1257270 1791.4
1257280 1789.5
1257290 1789.5
1257300 1789.5
1257310 1785.5
1257320 1782.8
1257330 1782.8
1257340 1784.1
1257350 1781.3
1257360 1781.3
1257370 1778.3
1257380 1776.8
1257390 1776.8
1257400 1774.1
1257410 1769.9
1257420 1769.9
1257430 1766.3
1257440 1762.0
1257450 1762.0
1257460 1756.8
1257470 1753.1
1257480 1753.1
1257490 1750.2
1257500 1749.5
1257510 1749.5
1257520 1749.5
1257530 1749.3
1257540 1747.3
1257550 1747.3
1257560 1744.2
1257570 1740.7
1257580 1740.7
1257590 1738.0
1257600 1734.5
1257610 1734.5
1257620 1730.8
1257630 1727.0
1257640 1727.0
1257650 1723.8
1257660 1715.9
1257670 1715.9
1257680 1713.3
1257690 1706.4
1257700 1706.4
1257710 1700.5
1257720 1695.4
1257730 1695.4
1257740 1690.5
1257750 1686.2
1257760 1686.2
1257770 1683.7
1257780 1684.1
1257790 1684.1
1257800 1683.8
1257810 1682.5
1257820 1679.9
1257830 1679.9
1257840 1677.4
1257850 1676.1
1257860 1676.1
1257870 1674.2
1257880 1671.8
1257890 1671.8
1257900 1669.0
1257910 1666.2
1257920 1666.2
1257930 1663.6
1257940 1661.5
1257950 1661.5
1257960 1660.0
1257970 1657.2
1257980 1657.2
1257990 1654.1
1258000 1651.0
1258010 1651.0
1258020 1647.5
1258030 1645.7
1258040 1645.7
1258050 1644.6
1258060 1642.9
1258070 1641.0
1258080 1641.0
1258090 1639.4
1258100 1637.0
1258110 1637.0
1258120 1634.4
1258130 1631.6
1258140 1631.6
1258150 1628.6
1258160 1625.5
1258170 1625.5
1258180 1622.2
1258190 1618.5
1258200 1618.5
1258210 1614.2
1258220 1608.5
1258230 1608.5
1258240 1605.4
1258250 1602.4
1258260 1602.4
1258270 1597.4
1258280 1593.8
1258290 1593.8
1258300 1592.1
1258310 1592.1
1258320 1592.1
1258330 1591.5
1258340 1589.8
1258350 1588.8
1258360 1588.8
1258370 1589.3
1258380 1588.5
1258390 1588.5
1258400 1585.3
1258410 1582.2
1258420 1582.2
1258430 1580.0
1258440 1579.1
1258450 1579.1
1258460 1578.0
1258470 1577.0
1258480 1577.0
1258490 1574.6
1258500 1569.9
1258510 1569.9
1258520 1563.7
1258530 1560.4
1258540 1560.4
1258550 1557.4
1258560 1554.1
1258570 1554.1
1258580 1552.6
1258590 1550.0
1258600 1550.0
1258610 1547.1
1258620 1545.3
1258630 1543.8
1258640 1543.8
1258650 1543.1
1258660 1541.3
1258670 1541.3
1258680 1537.5
1258690 1534.0
1258700 1534.0
1258710 1532.1
1258720 1530.0
1258730 1530.0
1258740 1527.9
1258750 1525.8
1258760 1525.8
1258770 1523.6
1258780 1518.3
1258790 1518.3
1258800 1516.6
1258810 1515.3
1258820 1515.3
1258830 1513.9
1258840 1511.9
1258850 1511.9
1258860 1509.1
1258870 1506.3
1258880 1506.3
1258890 1503.7
1258900 1501.5
1258910 1498.9
1258920 1498.9
1258930 1498.0
1258940 1498.6
1258950 1498.6
1258960 1499.8
1258970 1500.7
1258980 1500.7
1258990 1500.7
1259000 1500.6
1259010 1500.6
1259020 1500.3
1259030 1499.0
1259040 1499.0
1259050 1498.2
1259060 1498.3
1259070 1498.3
1259080 1500.0
1259090 1500.0
1259100 1500.0
1259110 1499.7
1259120 1498.8
1259130 1498.8
1259140 1498.6
1259150 1498.0
1259160 1498.0
1259170 1496.3
1259180 1495.4
1259190 1495.1
1259200 1495.1
1259210 1494.9
1259220 1493.8
1259230 1493.8
1259240 1493.3
1259250 1493.0
1259260 1493.0
1259270 1492.6
1259280 1492.0
1259290 1492.0
1259300 1490.3
1259310 1489.1
1259320 1489.1
1259330 1490.0
1259340 1491.9
1259350 1493.7
1259360 1495.4
1259370 1496.1
1259380 1496.1
1259390 1497.4
1259400 1499.1
1259410 1499.1
1259420 1501.2
1259430 1502.8
1259440 1502.8
1259450 1505.0
1259460 1507.0
1259470 1508.8
1259480 1508.8
1259490 1510.6
1259500 1512.4
1259510 1512.4
1259520 1514.0
1259530 1515.5
1259540 1515.5
1259550 1516.8
1259560 1518.1
1259570 1518.1
1259580 1519.4
1259590 1520.9
1259600 1520.9
1259610 1522.5
1259620 1523.6
1259630 1523.6
1259640 1524.5
1259650 1525.1
1259660 1525.1
1259670 1525.9
1259680 1526.5
1259690 1526.5
1259700 1528.3
1259710 1530.2
1259720 1530.2
1259730 1531.6
1259740 1533.3
1259750 1535.1
1259760 1535.1
1259770 1536.0
1259780 1537.1
1259790 1537.1
1259800 1538.4
1259810 1539.4
1259820 1539.4
1259830 1540.5
1259840 1542.2
1259850 1542.2
1259860 1544.4
1259870 1547.1
1259880 1547.1
1259890 1549.9
1259900 1551.9
1259910 1553.0
1259920 1555.0
1259930 1557.8
1259940 1557.8
1259950 1561.5
1259960 1564.9
1259970 1564.9
1259980 1568.3
1259990 1572.1
