1240000 1306.6
1240010 1308.2
1240020 1308.2
1240030 1310.2
1240040 1311.9
1240050 1311.9
1240060 1313.3
1240070 1314.5
1240080 1314.5
1240090 1314.6
1240100 1315.2
1240110 1315.2
1240120 1316.7
1240130 1319.1
1240140 1321.3
1240150 1321.3
1240160 1321.9
1240170 1321.7
1240180 1321.7
1240190 1321.1
1240200 1320.0
1240210 1320.0
1240220 1318.4
1240230 1316.6
1240240 1316.6
1240250 1314.8
1240260 1312.4
1240270 1312.4
1240280 1309.7
1240290 1307.2
1240300 1307.2
1240310 1304.6
1240320 1301.0
1240330 1301.0
1240340 1298.0
1240350 1295.6
1240360 1295.6
1240370 1293.0
1240380 1289.7
1240390 1289.7
1240400 1286.7
1240410 1285.1
1240420 1284.6
1240430 1284.6
1240440 1283.9
1240450 1283.9
1240460 1283.9
1240470 1283.9
1240480 1283.9
1240490 1283.9
1240500 1283.9
1240510 1284.1
1240520 1284.1
1240530 1284.9
1240540 1285.7
1240550 1285.7
1240560 1286.7
1240570 1288.3
1240580 1288.3
1240590 1291.1
1240600 1293.5
1240610 1293.5
1240620 1294.9
1240630 1296.1
1240640 1296.1
1240650 1296.9
1240660 1297.3
1240670 1297.3
1240680 1297.6
1240690 1297.9
1240700 1297.9
1240710 1297.9
1240720 1298.0
1240730 1298.1
1240740 1298.1
1240750 1298.7
1240760 1299.7
1240770 1299.7
1240780 1300.6
1240790 1301.8
1240800 1301.8
1240810 1303.8
1240820 1305.5
1240830 1305.5
1240840 1306.4
1240850 1306.9
1240860 1306.9
1240870 1307.6
1240880 1308.4
1240890 1308.4
1240900 1308.8
1240910 1308.8
1240920 1308.8
1240930 1308.8
1240940 1308.8
1240950 1308.8
1240960 1308.4
1240970 1307.7
1240980 1306.9
1240990 1306.9
1241000 1304.9
1241010 1301.6
1241020 1301.6
1241030 1299.3
1241040 1298.8
1241050 1298.8
1241060 1300.7
1241070 1303.8
1241080 1303.8
1241090 1306.3
1241100 1308.5
1241110 1308.5
1241120 1311.0
1241130 1314.8
1241140 1314.8
1241150 1319.3
1241160 1323.3
1241170 1323.3
1241180 1326.3
1241190 1328.2
1241200 1328.2
1241210 1329.1
1241220 1328.9
1241230 1328.3
1241240 1328.3
1241250 1328.9
1241260 1330.4
1241270 1330.4
1241280 1331.7
1241290 1333.0
1241300 1333.0
1241310 1334.4
1241320 1335.3
1241330 1335.3
1241340 1335.8
1241350 1336.5
1241360 1336.5
1241370 1338.1
1241380 1340.0
1241390 1340.0
1241400 1341.5
1241410 1343.1
1241420 1343.1
1241430 1343.3
1241440 1342.3
1241450 1342.3
1241460 1342.0
1241470 1342.5
1241480 1342.5
1241490 1341.0
1241500 1339.8
1241510 1338.9
1241520 1338.9
1241530 1338.1
1241540 1337.0
1241550 1337.0
1241560 1335.6
1241570 1334.5
1241580 1334.5
1241590 1333.4
1241600 1331.9
1241610 1331.9
1241620 1329.9
1241630 1328.2
1241640 1328.2
1241650 1326.5
1241660 1324.2
1241670 1324.2
1241680 1321.4
1241690 1318.5
1241700 1318.5
1241710 1318.0
1241720 1316.2
1241730 1316.2
1241740 1314.3
1241750 1313.4
1241760 1313.4
1241770 1314.9
1241780 1316.0
1241790 1316.7
1241800 1316.7
1241810 1316.5
1241820 1316.0
1241830 1316.0
1241840 1315.2
1241850 1314.2
1241860 1314.2
1241870 1312.8
1241880 1310.9
1241890 1310.9
1241900 1308.4
1241910 1306.2
1241920 1306.2
1241930 1304.1
1241940 1301.6
1241950 1301.6
1241960 1298.7
1241970 1294.9
1241980 1294.9
1241990 1290.3
1242000 1284.7
1242010 1286.2
1242020 1280.0
1242030 1274.5
1242040 1274.5
1242050 1270.9
1242060 1268.9
1242070 1267.2
1242080 1267.2
1242090 1264.9
1242100 1262.8
1242110 1262.8
1242120 1261.7
1242130 1260.4
1242140 1260.4
1242150 1258.7
1242160 1257.3
1242170 1257.3
1242180 1256.4
1242190 1255.7
1242200 1255.7
1242210 1254.9
1242220 1253.6
1242230 1253.6
1242240 1251.5
1242250 1249.4
1242260 1249.4
1242270 1248.2
1242280 1247.2
1242290 1247.2
1242300 1246.2
1242310 1244.1
1242320 1244.1
1242330 1241.6
1242340 1239.0
1242350 1236.4
1242360 1236.4
1242370 1234.8
1242380 1234.1
1242390 1234.1
1242400 1233.8
1242410 1233.0
1242420 1233.0
1242430 1232.3
1242440 1230.8
1242450 1230.8
1242460 1228.5
1242470 1226.6
1242480 1226.6
1242490 1224.9
1242500 1223.2
1242510 1223.2
1242520 1221.2
1242530 1219.4
1242540 1219.7
1242550 1219.1
1242560 1221.2
1242570 1221.2
1242580 1223.0
1242590 1223.1
1242600 1223.1
1242610 1223.2
1242620 1223.5
1242630 1222.1
1242640 1222.1
1242650 1220.0
1242660 1223.3
1242670 1223.3
1242680 1225.6
1242690 1227.0
1242700 1227.0
1242710 1229.0
1242720 1230.9
1242730 1230.9
1242740 1231.5
1242750 1230.8
1242760 1230.8
1242770 1229.7
1242780 1228.6
1242790 1228.6
1242800 1227.4
1242810 1226.0
1242820 1226.0
1242830 1225.0
1242840 1225.3
1242850 1225.3
1242860 1226.4
1242870 1227.8
1242880 1227.8
1242890 1228.2
1242900 1226.7
1242910 1225.4
1242920 1225.4
1242930 1224.5
1242940 1222.9
1242950 1222.9
1242960 1222.5
1242970 1224.4
1242980 1224.4
1242990 1225.4
1243000 1225.2
1243010 1225.2
1243020 1225.2
1243030 1226.1
1243040 1226.1
1243050 1227.4
1243060 1226.5
1243070 1225.7
1243080 1224.5
1243090 1225.3
1243100 1225.3
1243110 1226.2
1243120 1226.4
1243130 1226.4
1243140 1226.2
1243150 1226.8
1243160 1226.8
1243170 1227.6
1243180 1228.5
1243190 1229.9
1243200 1229.9
1243210 1230.6
1243220 1231.6
1243230 1231.6
1243240 1233.3
1243250 1235.2
1243260 1235.2
1243270 1237.5
1243280 1240.1
1243290 1240.1
1243300 1242.7
1243310 1244.5
1243320 1244.5
1243330 1246.4
1243340 1250.5
1243350 1250.5
1243360 1253.7
1243370 1257.6
1243380 1257.6
1243390 1260.9
1243400 1262.9
1243410 1262.9
1243420 1266.3
1243430 1270.2
1243440 1270.2
1243450 1274.0
1243460 1277.2
1243470 1278.3
1243480 1278.3
1243490 1278.1
1243500 1281.1
1243510 1281.1
1243520 1285.2
1243530 1288.5
1243540 1288.5
1243550 1290.0
1243560 1291.5
1243570 1291.5
1243580 1296.6
1243590 1303.6
1243600 1309.4
1243610 1315.6
1243620 1319.4
1243630 1319.4
1243640 1321.6
1243650 1325.9
1243660 1325.9
1243670 1330.0
1243680 1331.7
1243690 1331.7
1243700 1332.9
1243710 1333.3
1243720 1333.3
1243730 1333.6
1243740 1333.7
1243750 1334.0
1243760 1334.0
1243770 1333.1
1243780 1334.4
1243790 1334.4
1243800 1339.8
1243810 1347.7
1243820 1347.7
1243830 1354.2
1243840 1359.9
1243850 1359.9
1243860 1365.5
1243870 1368.8
1243880 1368.8
1243890 1371.3
1243900 1373.3
1243910 1373.3
1243920 1375.8
1243930 1378.6
1243940 1378.6
1243950 1382.8
1243960 1386.2
1243970 1386.2
1243980 1388.3
1243990 1391.2
1244000 1391.2
1244010 1394.2
1244020 1394.9
1244030 1400.6
1244040 1400.6
1244050 1406.4
1244060 1410.4
1244070 1410.4
1244080 1413.7
1244090 1416.8
1244100 1416.8
1244110 1419.7
1244120 1422.2
1244130 1423.3
1244140 1425.5
1244150 1427.0
1244160 1427.0
1244170 1426.9
1244180 1428.0
1244190 1428.0
1244200 1429.9
1244210 1431.5
1244220 1431.5
1244230 1432.3
1244240 1432.6
1244250 1432.6
1244260 1432.7
1244270 1431.7
1244280 1431.7
1244290 1430.6
1244300 1429.6
1244310 1429.4
1244320 1429.4
1244330 1428.5
1244340 1426.7
1244350 1426.7
1244360 1426.0
1244370 1425.2
1244380 1425.2
1244390 1423.5
1244400 1421.0
1244410 1421.0
1244420 1419.1
1244430 1417.8
1244440 1417.8
1244450 1416.4
1244460 1415.4
1244470 1415.4
1244480 1415.1
1244490 1416.7
1244500 1416.7
1244510 1418.4
1244520 1419.6
1244530 1419.6
1244540 1420.8
1244550 1421.8
1244560 1422.6
1244570 1422.6
1244580 1423.3
1244590 1423.6
1244600 1423.6
1244610 1423.7
1244620 1422.8
1244630 1422.8
1244640 1421.5
1244650 1420.6
1244660 1422.1
1244670 1421.9
1244680 1422.2
1244690 1422.2
1244700 1421.6
1244710 1421.0
1244720 1421.0
1244730 1421.5
1244740 1422.3
1244750 1422.3
1244760 1422.6
1244770 1422.8
1244780 1422.8
1244790 1422.7
1244800 1422.2
1244810 1422.2
1244820 1421.7
1244830 1421.1
1244840 1420.1
1244850 1420.1
1244860 1418.1
1244870 1415.2
1244880 1415.2
1244890 1412.3
1244900 1410.0
1244910 1410.0
1244920 1407.9
1244930 1404.8
1244940 1404.8
1244950 1400.3
1244960 1396.1
1244970 1396.1
1244980 1393.7
1244990 1388.9
1245000 1388.9
1245010 1385.5
1245020 1382.4
1245030 1382.4
1245040 1378.7
1245050 1374.6
1245060 1374.6
1245070 1369.4
1245080 1363.6
1245090 1363.6
1245100 1357.8
1245110 1352.2
1245120 1347.7
1245130 1347.7
1245140 1343.3
1245150 1338.4
1245160 1338.4
1245170 1333.7
1245180 1328.1
1245190 1329.0
1245200 1325.2
1245210 1320.3
1245220 1320.3
1245230 1315.5
1245240 1311.7
1245250 1311.7
1245260 1307.6
1245270 1301.9
1245280 1301.9
1245290 1295.8
1245300 1289.4
1245310 1289.4
1245320 1284.3
1245330 1279.0
1245340 1279.0
1245350 1274.5
1245360 1269.5
1245370 1269.5
1245380 1264.8
1245390 1260.8
1245400 1257.3
1245410 1257.3
1245420 1253.9
1245430 1251.5
1245440 1251.5
1245450 1249.3
1245460 1247.2
1245470 1247.2
1245480 1245.5
1245490 1243.4
1245500 1243.4
1245510 1240.1
1245520 1237.0
1245530 1237.0
1245540 1233.6
1245550 1229.4
1245560 1229.4
1245570 1225.1
1245580 1221.0
1245590 1221.0
1245600 1216.6
1245610 1212.7
1245620 1212.7
1245630 1209.1
1245640 1205.3
1245650 1205.3
1245660 1201.4
1245670 1196.9
1245680 1193.5
1245690 1193.5
1245700 1191.2
1245710 1189.5
1245720 1189.8
1245730 1191.2
1245740 1193.1
1245750 1193.1
1245760 1193.0
1245770 1192.3
1245780 1192.3
1245790 1191.2
1245800 1190.5
1245810 1190.5
1245820 1190.0
1245830 1189.3
1245840 1189.3
1245850 1188.3
1245860 1187.9
1245870 1187.9
1245880 1186.7
1245890 1185.4
1245900 1185.4
1245910 1184.8
1245920 1183.9
1245930 1183.9
1245940 1183.0
1245950 1183.0
1245960 1182.9
1245970 1182.9
1245980 1182.9
1245990 1183.6
1246000 1183.6
1246010 1184.3
1246020 1185.5
1246030 1185.5
1246040 1185.8
1246050 1185.9
1246060 1185.9
1246070 1186.2
1246080 1186.6
1246090 1186.6
1246100 1187.3
1246110 1188.5
1246120 1188.5
1246130 1189.5
1246140 1190.4
1246150 1190.4
1246160 1191.5
1246170 1192.3
1246180 1192.3
1246190 1192.3
1246200 1191.9
1246210 1191.9
1246220 1191.7
1246230 1191.6
1246240 1191.4
1246250 1189.6
1246260 1189.3
1246270 1189.6
1246280 1189.6
1246290 1189.2
1246300 1188.5
1246310 1188.5
1246320 1187.4
1246330 1186.8
1246340 1186.8
1246350 1186.5
1246360 1186.9
1246370 1186.9
1246380 1187.1
1246390 1186.2
1246400 1186.2
1246410 1184.2
1246420 1183.5
1246430 1183.5
1246440 1183.4
1246450 1182.8
1246460 1182.8
1246470 1182.2
1246480 1182.0
1246490 1182.0
1246500 1182.0
1246510 1181.9
1246520 1181.8
1246530 1181.8
1246540 1182.5
1246550 1182.5
1246560 1182.5
1246570 1181.8
1246580 1182.9
1246590 1182.9
1246600 1183.6
1246610 1183.9
1246620 1183.9
1246630 1184.1
1246640 1185.0
1246650 1185.0
1246660 1186.0
1246670 1186.4
1246680 1186.4
1246690 1182.7
1246700 1177.7
1246710 1177.7
1246720 1176.8
1246730 1179.9
1246740 1179.9
1246750 1185.5
1246760 1188.5
1246770 1188.5
1246780 1188.9
1246790 1189.0
1246800 1189.2
1246810 1189.2
1246820 1188.9
1246830 1190.2
1246840 1190.2
1246850 1191.0
1246860 1190.9
1246870 1190.9
1246880 1189.3
1246890 1184.3
1246900 1184.3
1246910 1181.0
1246920 1180.3
1246930 1180.3
1246940 1178.7
1246950 1178.3
1246960 1178.3
1246970 1180.9
1246980 1182.7
1246990 1182.7
1247000 1183.0
1247010 1183.6
1247020 1183.6
1247030 1184.2
1247040 1184.8
1247050 1184.8
1247060 1185.6
1247070 1186.4
1247080 1187.2
1247090 1187.2
1247100 1187.4
1247110 1187.8
1247120 1187.8
1247130 1188.7
1247140 1189.7
1247150 1189.7
1247160 1190.7
1247170 1191.4
1247180 1191.4
1247190 1192.3
1247200 1193.2
1247210 1193.2
1247220 1194.1
1247230 1195.3
1247240 1195.3
1247250 1197.4
1247260 1201.2
1247270 1201.2
1247280 1206.6
1247290 1211.0
1247300 1211.0
1247310 1211.9
1247320 1210.5
1247330 1205.6
1247340 1205.8
1247350 1209.3
1247360 1212.7
1247370 1212.7
1247380 1216.4
1247390 1220.4
1247400 1220.4
1247410 1224.1
1247420 1227.2
1247430 1227.2
1247440 1229.7
1247450 1232.6
1247460 1232.6
1247470 1235.6
1247480 1237.3
1247490 1237.3
1247500 1239.2
1247510 1243.6
1247520 1243.6
1247530 1248.7
1247540 1252.5
1247550 1252.5
1247560 1254.8
1247570 1255.4
1247580 1255.4
1247590 1254.2
1247600 1251.6
1247610 1248.4
1247620 1248.4
1247630 1245.0
1247640 1244.2
1247650 1244.2
1247660 1246.3
1247670 1249.1
1247680 1249.1
1247690 1252.0
1247700 1255.5
1247710 1255.5
1247720 1259.0
1247730 1261.6
1247740 1261.6
1247750 1263.7
1247760 1266.8
1247770 1266.8
1247780 1269.5
1247790 1272.5
1247800 1272.5
1247810 1276.0
1247820 1280.1
1247830 1280.1
1247840 1284.2
1247850 1288.7
1247860 1286.0
1247870 1290.2
1247880 1294.1
1247890 1297.9
1247900 1297.9
1247910 1301.2
1247920 1303.6
1247930 1303.6
1247940 1307.7
1247950 1312.3
1247960 1312.3
1247970 1317.0
1247980 1321.4
1247990 1321.4
1248000 1326.2
1248010 1331.3
1248020 1331.3
1248030 1335.8
1248040 1340.1
1248050 1340.1
1248060 1344.9
1248070 1349.9
1248080 1349.9
1248090 1355.1
1248100 1360.9
1248110 1360.9
1248120 1367.6
1248130 1373.8
1248140 1373.8
1248150 1378.5
1248160 1382.6
1248170 1387.2
1248180 1387.2
1248190 1392.2
1248200 1398.1
1248210 1398.1
1248220 1405.4
1248230 1413.0
1248240 1413.0
1248250 1418.1
1248260 1422.3
1248270 1422.3
1248280 1426.5
1248290 1430.3
1248300 1430.3
1248310 1434.0
1248320 1437.7
1248330 1437.7
1248340 1441.5
1248350 1445.7
1248360 1445.7
1248370 1450.0
1248380 1454.9
1248390 1454.9
1248400 1454.5
1248410 1458.2
1248420 1458.2
1248430 1463.0
1248440 1469.8
1248450 1477.5
1248460 1477.5
1248470 1483.6
1248480 1488.2
1248490 1488.2
1248500 1492.8
1248510 1496.7
1248520 1496.7
1248530 1498.4
1248540 1497.9
1248550 1497.9
1248560 1495.9
1248570 1491.7
1248580 1491.7
1248590 1484.6
1248600 1478.8
1248610 1478.8
1248620 1474.7
1248630 1471.6
1248640 1471.6
1248650 1470.0
1248660 1469.5
1248670 1469.5
1248680 1468.9
1248690 1466.5
1248700 1466.5
1248710 1464.2
1248720 1460.9
1248730 1459.1
1248740 1459.1
1248750 1459.4
1248760 1460.8
1248770 1460.8
1248780 1463.1
1248790 1464.8
1248800 1464.8
1248810 1467.5
1248820 1472.3
1248830 1472.3
1248840 1479.2
1248850 1484.8
1248860 1484.8
1248870 1486.6
1248880 1490.7
1248890 1490.7
1248900 1496.7
1248910 1502.6
1248920 1502.6
1248930 1509.3
1248940 1521.0
1248950 1521.0
1248960 1527.6
1248970 1532.4
1248980 1532.4
1248990 1537.3
1249000 1543.5
1249010 1550.6
1249020 1550.6
1249030 1557.1
1249040 1564.0
1249050 1564.0
1249060 1570.9
1249070 1577.2
1249080 1577.2
1249090 1582.6
1249100 1589.1
1249110 1589.1
1249120 1595.9
1249130 1603.0
1249140 1603.0
1249150 1610.5
1249160 1618.7
1249170 1618.7
1249180 1626.1
1249190 1633.2
1249200 1633.2
1249210 1639.7
1249220 1645.9
1249230 1645.9
1249240 1650.5
1249250 1654.3
1249260 1654.3
1249270 1658.3
1249280 1664.9
1249290 1672.0
1249300 1672.0
1249310 1675.0
1249320 1676.4
1249330 1676.4
1249340 1680.3
1249350 1685.7
1249360 1685.7
1249370 1689.7
1249380 1694.8
1249390 1694.8
1249400 1700.8
1249410 1707.6
1249420 1707.6
1249430 1714.5
1249440 1721.3
1249450 1721.3
1249460 1726.5
1249470 1730.5
1249480 1736.1
1249490 1740.2
1249500 1744.1
1249510 1744.1
1249520 1748.2
1249530 1752.9
1249540 1752.9
1249550 1758.1
1249560 1761.1
1249570 1760.2
1249580 1760.2
1249590 1766.2
1249600 1772.5
1249610 1772.5
1249620 1777.9
1249630 1784.7
1249640 1784.7
1249650 1792.1
1249660 1798.9
1249670 1798.9
1249680 1805.0
1249690 1812.6
1249700 1812.6
1249710 1820.2
1249720 1828.0
1249730 1828.0
1249740 1833.5
1249750 1839.1
1249760 1839.1
1249770 1849.9
1249780 1859.4
1249790 1859.4
1249800 1863.0
1249810 1865.8
1249820 1865.8
1249830 1871.1
1249840 1874.9
1249850 1877.4
1249860 1877.4
1249870 1880.7
1249880 1886.5
1249890 1886.5
1249900 1892.2
1249910 1898.1
1249920 1898.1
1249930 1904.8
1249940 1911.8
1249950 1911.8
1249960 1918.8
1249970 1926.3
1249980 1926.3
1249990 1933.8
1250000 1941.1
1250010 1941.1
1250020 1948.2
1250030 1957.2
1250040 1957.2
1250050 1965.0
1250060 1972.4
1250070 1972.4
1250080 1979.3
1250090 1987.2
1250100 1987.2
1250110 1995.8
1250120 2003.9
1250130 2009.2
1250140 2009.2
1250150 2012.0
1250160 2015.6
1250170 2015.6
1250180 2021.2
1250190 2028.0
1250200 2028.0
1250210 2034.9
1250220 2042.7
1250230 2042.7
1250240 2051.5
1250250 2060.3
1250260 2060.3
1250270 2067.9
1250280 2074.6
1250290 2074.6
1250300 2081.4
1250310 2086.9
1250320 2086.9
1250330 2092.6
1250340 2099.3
1250350 2099.3
1250360 2105.0
1250370 2109.7
1250380 2109.7
1250390 2114.1
1250400 2119.1
1250410 2123.7
1250420 2123.7
1250430 2128.3
1250440 2134.1
1250450 2134.1
1250460 2141.3
1250470 2143.2
1250480 2143.2
1250490 2138.7
1250500 2127.6
1250510 2127.6
1250520 2119.5
1250530 2120.1
1250540 2120.1
1250550 2116.8
1250560 2096.8
1250570 2092.2
1250580 2081.2
1250590 2080.8
1250600 2080.8
1250610 2084.2
1250620 2086.4
1250630 2086.4
1250640 2080.8
1250650 2076.0
1250660 2078.4
1250670 2078.4
1250680 2077.8
1250690 2078.0
1250700 2078.0
1250710 2073.2
1250720 2064.0
1250730 2064.0
1250740 2053.6
1250750 2045.5
1250760 2045.5
1250770 2038.3
1250780 2031.5
1250790 2031.5
1250800 2025.3
1250810 2020.1
1250820 2020.1
1250830 2018.9
1250840 2017.0
1250850 2017.0
1250860 2014.0
1250870 2011.7
1250880 2011.7
1250890 2006.1
1250900 2006.7
1250910 2006.7
1250920 2013.0
1250930 2014.8
1250940 2012.1
1250950 2012.1
1250960 2009.1
1250970 2008.7
1250980 2008.7
1250990 2009.8
1251000 2008.6
1251010 2008.6
1251020 2002.6
1251030 1996.4
1251040 1996.4
1251050 1994.2
1251060 1996.8
1251070 1996.8
1251080 1999.0
1251090 1997.3
1251100 1997.3
1251110 1985.0
1251120 1988.3
1251130 1988.3
1251140 1985.8
1251150 1970.9
1251160 1970.9
1251170 1956.8
1251180 1949.8
1251190 1949.8
1251200 1941.4
1251210 1936.2
1251220 1935.2
1251230 1935.2
1251240 1929.3
1251250 1927.8
1251260 1927.8
1251270 1929.0
1251280 1932.3
1251290 1932.3
1251300 1927.8
1251310 1913.1
1251320 1913.1
1251330 1893.6
1251340 1869.5
1251350 1869.5
1251360 1859.1
1251370 1856.7
1251380 1856.7
1251390 1843.0
1251400 1828.6
1251410 1828.6
1251420 1816.4
1251430 1804.3
1251440 1804.3
1251450 1792.1
1251460 1785.7
1251470 1785.7
1251480 1782.8
1251490 1778.5
1251500 1774.4
1251510 1774.4
1251520 1771.0
1251530 1764.9
1251540 1764.9
1251550 1759.5
1251560 1756.3
1251570 1756.3
1251580 1753.1
1251590 1750.6
1251600 1750.6
1251610 1744.1
1251620 1737.9
1251630 1737.9
1251640 1732.3
1251650 1725.0
1251660 1718.4
1251670 1723.0
1251680 1726.8
1251690 1726.8
1251700 1730.0
1251710 1731.2
1251720 1731.2
1251730 1733.6
1251740 1736.5
1251750 1736.5
1251760 1736.4
1251770 1738.9
1251780 1743.2
1251790 1743.2
1251800 1748.4
1251810 1752.8
1251820 1752.8
1251830 1758.1
1251840 1768.8
1251850 1768.8
1251860 1769.9
1251870 1772.1
1251880 1772.1
1251890 1803.7
1251900 1820.3
1251910 1820.3
1251920 1831.7
1251930 1848.5
1251940 1848.5
1251950 1862.0
1251960 1865.7
1251970 1865.7
1251980 1875.6
1251990 1882.8
1252000 1882.8
1252010 1891.8
1252020 1902.9
1252030 1902.9
1252040 1914.1
1252050 1921.8
1252060 1928.8
1252070 1928.8
1252080 1939.0
1252090 1944.2
1252100 1944.2
1252110 1943.7
1252120 1953.1
1252130 1953.1
1252140 1964.2
1252150 1970.9
1252160 1970.9
1252170 1981.0
1252180 1987.7
1252190 1987.7
1252200 1992.3
1252210 1998.3
1252220 1998.3
1252230 2009.6
1252240 2017.6
1252250 2017.6
1252260 2019.2
1252270 2027.2
1252280 2027.2
1252290 2036.2
1252300 2045.5
1252310 2045.5
1252320 2053.4
1252330 2060.6
1252340 2067.9
1252350 2067.9
1252360 2073.6
1252370 2074.7
1252380 2074.7
1252390 2078.9
1252400 2089.7
1252410 2089.7
1252420 2099.9
1252430 2108.1
1252440 2108.1
1252450 2116.1
1252460 2124.1
1252470 2124.1
1252480 2130.2
1252490 2132.8
1252500 2132.8
1252510 2136.9
1252520 2140.7
1252530 2140.7
1252540 2146.0
1252550 2154.2
1252560 2154.2
1252570 2162.6
1252580 2173.7
1252590 2173.7
1252600 2184.5
1252610 2194.0
1252620 2203.3
1252630 2203.3
1252640 2211.9
1252650 2219.2
1252660 2219.2
1252670 2221.0
1252680 2218.9
1252690 2218.9
1252700 2213.6
1252710 2211.8
1252720 2211.8
1252730 2210.4
1252740 2203.7
1252750 2203.7
1252760 2192.5
1252770 2186.0
1252780 2186.0
1252790 2190.5
1252800 2194.1
1252810 2194.1
1252820 2198.5
1252830 2195.7
1252840 2195.7
1252850 2184.3
1252860 2179.9
1252870 2179.9
1252880 2176.0
1252890 2171.2
1252900 2175.3
1252910 2175.3
1252920 2180.7
1252930 2184.6
1252940 2184.6
1252950 2192.0
1252960 2203.3
1252970 2203.3
1252980 2212.6
1252990 2211.8
1253000 2211.8
1253010 2205.2
1253020 2209.7
1253030 2209.7
1253040 2214.8
1253050 2217.3
1253060 2217.3
1253070 2228.1
1253080 2237.8
1253090 2237.8
1253100 2245.5
1253110 2253.0
1253120 2253.0
1253130 2257.0
1253140 2262.7
1253150 2262.7
1253160 2270.4
1253170 2277.2
1253180 2284.2
1253190 2284.2
1253200 2291.0
1253210 2290.9
1253220 2290.9
1253230 2278.0
1253240 2259.0
1253250 2259.0
1253260 2251.6
1253270 2250.4
1253280 2250.4
1253290 2252.0
1253300 2253.5
1253310 2242.5
1253320 2244.4
1253330 2244.7
1253340 2244.7
1253350 2248.2
1253360 2251.5
1253370 2251.5
1253380 2255.5
1253390 2259.3
1253400 2259.3
1253410 2257.0
1253420 2251.6
1253430 2249.5
1253440 2249.5
1253450 2250.0
1253460 2249.1
1253470 2249.1
1253480 2250.2
1253490 2253.9
1253500 2253.9
1253510 2257.7
1253520 2253.4
1253530 2253.4
1253540 2245.4
1253550 2248.1
1253560 2248.1
1253570 2259.5
1253580 2268.1
1253590 2268.1
1253600 2265.5
1253610 2265.3
1253620 2265.3
1253630 2258.3
1253640 2264.5
1253650 2264.5
1253660 2278.8
1253670 2280.8
1253680 2280.8
1253690 2266.3
1253700 2258.6
1253710 2247.8
1253720 2247.8
1253730 2238.2
1253740 2229.4
1253750 2229.4
1253760 2223.8
1253770 2223.8
1253780 2223.8
1253790 2225.2
1253800 2226.3
1253810 2226.3
1253820 2227.1
1253830 2229.7
1253840 2229.7
1253850 2231.9
1253860 2261.7
1253870 2261.7
1253880 2271.1
1253890 2276.9
1253900 2276.9
1253910 2269.7
1253920 2266.9
1253930 2266.9
1253940 2279.8
1253950 2285.7
1253960 2285.7
1253970 2283.0
1253980 2273.3
1253990 2260.8
1254000 2260.8
1254010 2241.4
1254020 2218.1
1254030 2218.1
1254040 2197.6
1254050 2166.9
1254060 2166.9
1254070 2144.1
1254080 2129.0
1254090 2129.0
1254100 2120.4
1254110 2112.8
1254120 2112.8
1254130 2105.8
1254140 2099.2
1254150 2099.2
1254160 2092.7
1254170 2085.7
1254180 2085.7
1254190 2078.4
1254200 2072.0
1254210 2072.0
1254220 2063.6
1254230 2056.2
1254240 2056.2
1254250 2049.4
1254260 2042.8
1254270 2037.1
1254280 2037.1
1254290 2032.1
1254300 2027.1
1254310 2027.1
1254320 2021.8
1254330 2017.2
1254340 2017.2
1254350 2013.7
1254360 2010.5
1254370 2010.5
1254380 2007.5
1254390 2005.0
1254400 2005.0
1254410 2008.6
1254420 2006.7
1254430 2006.7
1254440 2005.1
1254450 2003.9
1254460 2003.9
1254470 2002.1
1254480 1999.4
1254490 1999.4
1254500 1996.1
1254510 1993.0
1254520 1993.0
1254530 1989.9
1254540 1988.2
1254550 1989.5
1254560 1989.5
1254570 1992.2
1254580 1995.4
1254590 1995.4
1254600 1998.8
1254610 2001.6
1254620 2001.6
1254630 2003.6
1254640 2005.7
1254650 2005.7
1254660 2007.7
1254670 2010.3
1254680 2010.3
1254690 2014.5
1254700 2017.1
1254710 2017.1
1254720 2018.5
1254730 2018.5
1254740 2018.5
1254750 2019.5
1254760 2023.9
1254770 2023.9
1254780 2029.2
1254790 2035.0
1254800 2035.0
1254810 2041.7
1254820 2047.3
1254830 2052.4
1254840 2052.4
1254850 2060.4
1254860 2067.6
1254870 2067.6
1254880 2068.0
1254890 2064.7
1254900 2064.7
1254910 2057.1
1254920 2050.5
1254930 2050.5
1254940 2049.4
1254950 2054.3
1254960 2054.3
1254970 2068.6
1254980 2071.4
1254990 2071.4
1255000 2074.4
1255010 2091.0
1255020 2091.0
1255030 2098.3
1255040 2106.6
1255050 2106.6
1255060 2114.9
1255070 2118.5
1255080 2118.5
1255090 2128.0
1255100 2123.3
1255110 2110.8
1255120 2110.8
1255130 2103.7
1255140 2093.7
1255150 2093.7
1255160 2083.5
1255170 2081.6
1255180 2081.6
1255190 2087.1
1255200 2091.6
1255210 2091.6
1255220 2093.8
1255230 2100.4
1255240 2100.4
1255250 2106.3
1255260 2116.0
1255270 2116.0
1255280 2117.3
1255290 2127.4
1255300 2127.4
1255310 2128.9
1255320 2130.3
1255330 2130.3
1255340 2144.7
1255350 2150.2
1255360 2150.2
1255370 2151.2
1255380 2154.8
1255390 2153.1
1255400 2153.1
1255410 2152.5
1255420 2149.7
1255430 2149.7
1255440 2137.5
1255450 2135.6
1255460 2135.6
1255470 2144.3
1255480 2144.0
1255490 2144.0
1255500 2139.9
1255510 2135.6
1255520 2133.5
1255530 2131.8
1255540 2132.1
1255550 2132.1
1255560 2129.0
1255570 2116.8
1255580 2116.8
1255590 2098.3
1255600 2087.7
1255610 2087.7
1255620 2078.0
1255630 2071.0
1255640 2071.0
1255650 2064.1
1255660 2058.0
1255670 2053.4
1255680 2053.4
1255690 2049.6
1255700 2046.0
1255710 2046.0
1255720 2042.8
1255730 2040.2
1255740 2040.2
1255750 2046.7
1255760 2051.7
1255770 2051.7
1255780 2043.7
1255790 2043.1
1255800 2043.1
1255810 2037.6
1255820 2024.8
1255830 2024.8
1255840 2014.6
1255850 2007.8
1255860 2007.8
1255870 2002.3
1255880 2000.1
1255890 2000.1
1255900 1998.9
1255910 1997.9
1255920 1997.9
1255930 1997.1
1255940 2000.7
1255950 2008.9
1255960 2008.9
1255970 2026.4
1255980 2041.3
1255990 2041.3
1256000 2031.3
1256010 2024.0
1256020 2024.0
1256030 2021.5
1256040 2026.0
1256050 2026.0
1256060 2037.5
1256070 2054.5
1256080 2024.6
1256090 2025.7
1256100 2027.0
1256110 2027.0
1256120 2024.0
1256130 2023.6
1256140 2023.6
1256150 2033.5
1256160 2053.6
1256170 2053.6
1256180 2090.8
1256190 2075.5
1256200 2086.4
1256210 2086.4
1256220 2095.7
1256230 2101.0
1256240 2101.0
1256250 2110.6
1256260 2116.2
1256270 2116.2
1256280 2120.6
1256290 2125.7
1256300 2125.7
1256310 2132.2
1256320 2137.4
1256330 2137.4
1256340 2130.8
1256350 2141.0
1256360 2141.0
1256370 2152.7
1256380 2146.4
1256390 2146.4
1256400 2136.5
1256410 2141.7
1256420 2141.7
1256430 2148.1
1256440 2151.8
1256450 2151.8
1256460 2150.6
1256470 2148.1
1256480 2150.2
1256490 2150.2
1256500 2155.4
1256510 2152.5
1256520 2152.5
1256530 2143.6
1256540 2128.0
1256550 2128.0
1256560 2115.0
1256570 2106.9
1256580 2106.9
1256590 2098.0
1256600 2087.6
1256610 2087.6
1256620 2078.5
1256630 2072.4
1256640 2067.5
1256650 2061.0
1256660 2054.8
1256670 2054.8
1256680 2049.9
1256690 2047.3
1256700 2047.3
1256710 2049.0
1256720 2050.8
1256730 2050.8
1256740 2047.3
1256750 2033.5
1256760 2034.6
1256770 2034.6
1256780 2046.3
1256790 2057.4
1256800 2057.4
1256810 2067.1
1256820 2068.4
1256830 2068.4
1256840 2063.0
1256850 2067.4
1256860 2067.4
1256870 2074.5
1256880 2081.2
1256890 2081.2
1256900 2087.6
1256910 2094.0
1256920 2094.0
1256930 2100.9
1256940 2108.3
1256950 2108.3
1256960 2119.2
1256970 2130.0
1256980 2130.0
1256990 2131.1
1257000 2125.7
1257010 2125.7
1257020 2117.3
1257030 2109.9
1257040 2102.6
1257050 2102.6
1257060 2094.1
1257070 2086.0
1257080 2086.0
1257090 2080.0
1257100 2075.8
1257110 2075.8
1257120 2074.2
1257130 2070.8
1257140 2070.8
1257150 2063.3
1257160 2054.9
1257170 2054.9
1257180 2043.9
1257190 2019.0
1257200 2030.1
1257210 2003.3
1257220 1995.4
1257230 1995.4
1257240 2002.8
1257250 2009.5
1257260 2009.5
1257270 2015.3
1257280 2020.6
1257290 2020.6
1257300 2024.7
1257310 2024.8
1257320 2021.4
1257330 2021.4
1257340 2012.6
1257350 2006.5
1257360 2006.5
1257370 2002.0
1257380 1998.4
1257390 1998.4
1257400 1994.3
1257410 1990.1
1257420 1990.1
1257430 1985.2
1257440 1980.0
1257450 1980.0
1257460 1971.5
1257470 1961.4
1257480 1961.4
1257490 1953.2
1257500 1946.1
1257510 1946.1
1257520 1938.1
1257530 1929.3
1257540 1929.3
1257550 1923.9
1257560 1919.2
1257570 1919.2
1257580 1910.5
1257590 1899.0
1257600 1888.6
1257610 1888.6
1257620 1879.5
1257630 1875.9
1257640 1875.9
1257650 1881.0
1257660 1886.8
1257670 1886.8
1257680 1889.1
1257690 1891.2
1257700 1891.2
1257710 1893.9
1257720 1894.8
1257730 1894.8
1257740 1890.0
1257750 1895.7
1257760 1886.4
1257770 1889.5
1257780 1893.3
1257790 1893.3
1257800 1899.0
1257810 1899.8
1257820 1899.8
1257830 1899.6
1257840 1899.0
1257850 1899.0
1257860 1896.8
1257870 1894.3
1257880 1890.5
1257890 1890.5
1257900 1886.2
1257910 1881.3
1257920 1881.3
1257930 1876.7
1257940 1872.3
1257950 1872.3
1257960 1865.7
1257970 1856.3
1257980 1856.3
1257990 1847.3
1258000 1839.3
1258010 1839.3
1258020 1831.1
1258030 1822.6
1258040 1822.6
1258050 1813.7
1258060 1804.8
1258070 1804.8
1258080 1793.5
1258090 1786.1
1258100 1786.1
1258110 1782.1
1258120 1779.4
1258130 1779.4
1258140 1776.3
1258150 1774.8
1258160 1776.6
1258170 1776.6
1258180 1783.5
1258190 1778.1
1258200 1778.1
1258210 1787.0
1258220 1796.4
1258230 1796.4
1258240 1796.2
1258250 1793.4
1258260 1793.4
1258270 1792.2
1258280 1787.6
1258290 1787.6
1258300 1782.8
1258310 1779.2
1258320 1770.6
1258330 1767.3
1258340 1763.2
1258350 1763.2
1258360 1758.1
1258370 1753.1
1258380 1753.1
1258390 1747.0
1258400 1739.7
1258410 1739.7
1258420 1732.3
1258430 1725.7
1258440 1718.2
1258450 1718.2
1258460 1710.8
1258470 1703.7
1258480 1703.7
1258490 1699.3
1258500 1695.4
1258510 1695.4
1258520 1687.4
1258530 1680.9
1258540 1680.9
1258550 1671.7
1258560 1660.0
1258570 1660.0
1258580 1639.2
1258590 1613.6
1258600 1613.6
1258610 1605.7
1258620 1597.8
1258630 1597.8
1258640 1589.8
1258650 1581.0
1258660 1581.0
1258670 1573.5
1258680 1568.1
1258690 1562.9
1258700 1562.9
1258710 1557.6
1258720 1551.5
1258730 1551.5
1258740 1545.0
1258750 1539.0
1258760 1539.0
1258770 1533.0
1258780 1526.6
1258790 1526.6
1258800 1520.1
1258810 1513.6
1258820 1513.6
1258830 1507.1
1258840 1500.4
1258850 1500.4
1258860 1493.8
1258870 1487.1
1258880 1487.1
1258890 1480.6
1258900 1474.6
1258910 1474.6
1258920 1468.4
1258930 1462.3
1258940 1462.3
1258950 1455.9
1258960 1450.3
1258970 1446.5
1258980 1446.5
1258990 1443.6
1259000 1439.0
1259010 1439.0
1259020 1439.6
1259030 1442.0
1259040 1442.0
1259050 1443.2
1259060 1444.0
1259070 1444.0
1259080 1443.3
1259090 1442.7
1259100 1442.7
1259110 1442.6
1259120 1442.5
1259130 1442.5
1259140 1442.6
1259150 1442.9
1259160 1442.9
1259170 1443.4
1259180 1443.8
1259190 1443.8
1259200 1443.3
1259210 1442.3
1259220 1442.3
1259230 1440.9
1259240 1439.6
1259250 1439.1
1259260 1439.1
1259270 1439.7
1259280 1439.9
1259290 1439.9
1259300 1438.7
1259310 1437.2
1259320 1437.2
1259330 1435.7
1259340 1434.6
1259350 1434.6
1259360 1434.2
1259370 1434.8
1259380 1434.8
1259390 1435.6
1259400 1435.8
1259410 1435.8
1259420 1436.4
1259430 1438.7
1259440 1438.7
1259450 1446.6
1259460 1452.3
1259470 1452.3
1259480 1457.9
1259490 1462.7
1259500 1462.7
1259510 1468.4
1259520 1474.2
1259530 1479.5
1259540 1479.5
1259550 1481.6
1259560 1482.2
1259570 1482.2
1259580 1483.0
1259590 1485.1
1259600 1485.1
1259610 1487.8
1259620 1489.5
1259630 1489.5
1259640 1490.5
1259650 1492.7
1259660 1492.7
1259670 1496.9
1259680 1501.4
1259690 1501.4
1259700 1506.7
1259710 1512.5
1259720 1512.5
1259730 1518.5
1259740 1524.3
1259750 1524.3
1259760 1530.9
1259770 1538.0
1259780 1538.0
1259790 1545.0
1259800 1552.1
1259810 1558.5
1259820 1558.5
1259830 1564.9
1259840 1571.7
1259850 1571.7
1259860 1578.0
1259870 1583.6
1259880 1583.6
1259890 1589.9
1259900 1596.7
1259910 1596.7
1259920 1604.1
1259930 1611.3
1259940 1611.3
1259950 1618.2
1259960 1624.1
1259970 1624.1
1259980 1629.8
1259990 1635.0
