1240000 1304.8
1240010 1305.7
1240020 1306.9
1240030 1306.9
1240040 1309.1
1240050 1311.8
1240060 1315.6
1240070 1315.6
1240080 1319.9
1240090 1325.3
1240100 1325.3
1240110 1330.9
1240120 1336.2
1240130 1336.2
1240140 1340.7
1240150 1344.4
1240160 1344.4
1240170 1347.1
1240180 1349.4
1240190 1349.4
1240200 1351.8
1240210 1354.2
1240220 1354.2
1240230 1355.2
1240240 1355.0
1240250 1355.0
1240260 1354.9
1240270 1354.3
1240280 1354.3
1240290 1352.9
1240300 1351.1
1240310 1351.1
1240320 1348.9
1240330 1346.0
1240340 1342.4
1240350 1342.4
1240360 1338.8
1240370 1335.6
1240380 1335.6
1240390 1333.6
1240400 1331.5
1240410 1331.5
1240420 1328.2
1240430 1325.4
1240440 1325.4
1240450 1323.2
1240460 1321.7
1240470 1321.7
1240480 1320.8
1240490 1320.2
1240500 1320.2
1240510 1320.0
1240520 1319.9
1240530 1319.9
1240540 1319.5
1240550 1319.0
1240560 1319.0
1240570 1319.3
1240580 1320.0
1240590 1320.0
1240600 1320.2
1240610 1320.3
1240620 1320.5
1240630 1320.5
1240640 1321.5
1240650 1322.1
1240660 1322.1
1240670 1322.1
1240680 1321.7
1240690 1321.7
1240700 1321.5
1240710 1321.6
1240720 1321.6
1240730 1321.1
1240740 1320.2
1240750 1320.2
1240760 1319.7
1240770 1318.4
1240780 1318.4
1240790 1316.2
1240800 1313.8
1240810 1313.8
1240820 1311.8
1240830 1310.5
1240840 1310.5
1240850 1309.9
1240860 1308.9
1240870 1308.9
1240880 1307.8
1240890 1306.1
1240900 1305.5
1240910 1304.2
1240920 1303.6
1240930 1303.9
1240940 1303.9
1240950 1303.8
1240960 1304.0
1240970 1304.0
1240980 1304.6
1240990 1305.2
1241000 1305.2
1241010 1305.5
1241020 1305.7
1241030 1305.7
1241040 1307.0
1241050 1309.8
1241060 1309.8
1241070 1312.2
1241080 1314.5
1241090 1314.5
1241100 1316.9
1241110 1319.7
1241120 1319.7
1241130 1322.5
1241140 1324.1
1241150 1324.1
1241160 1325.2
1241170 1326.9
1241180 1329.4
1241190 1329.4
1241200 1331.5
1241210 1332.7
1241220 1332.7
1241230 1333.4
1241240 1333.8
1241250 1333.8
1241260 1333.6
1241270 1333.1
1241280 1333.1
1241290 1334.5
1241300 1337.5
1241310 1337.5
1241320 1341.0
1241330 1343.9
1241340 1343.9
1241350 1347.5
1241360 1351.7
1241370 1351.7
1241380 1353.8
1241390 1353.6
1241400 1353.6
1241410 1351.7
1241420 1349.3
1241430 1347.1
1241440 1347.6
1241450 1349.0
1241460 1350.2
1241470 1350.2
1241480 1350.6
1241490 1350.3
1241500 1350.3
1241510 1349.8
1241520 1349.2
1241530 1349.2
1241540 1348.1
1241550 1345.8
1241560 1345.8
1241570 1340.9
1241580 1335.2
1241590 1335.2
1241600 1330.1
1241610 1325.1
1241620 1325.1
1241630 1320.2
1241640 1314.8
1241650 1314.8
1241660 1310.6
1241670 1307.1
1241680 1307.1
1241690 1304.6
1241700 1304.4
1241710 1304.4
1241720 1303.6
1241730 1300.9
1241740 1297.8
1241750 1297.8
1241760 1295.1
1241770 1292.1
1241780 1292.1
1241790 1289.3
1241800 1286.8
1241810 1286.8
1241820 1283.3
1241830 1279.4
1241840 1279.4
1241850 1276.1
1241860 1273.1
1241870 1273.1
1241880 1271.2
1241890 1273.3
1241900 1273.3
1241910 1274.2
1241920 1272.7
1241930 1272.7
1241940 1271.3
1241950 1268.8
1241960 1268.8
1241970 1268.0
1241980 1266.4
1241990 1266.4
1242000 1263.9
1242010 1262.3
1242020 1262.7
1242030 1262.7
1242040 1262.7
1242050 1263.0
1242060 1263.0
1242070 1263.4
1242080 1262.1
1242090 1262.1
1242100 1260.3
1242110 1259.3
1242120 1259.3
1242130 1258.1
1242140 1256.7
1242150 1256.7
1242160 1255.2
1242170 1253.5
1242180 1253.5
1242190 1251.5
1242200 1249.5
1242210 1249.5
1242220 1247.6
1242230 1245.9
1242240 1245.9
1242250 1244.3
1242260 1242.6
1242270 1242.6
1242280 1240.4
1242290 1238.0
1242300 1236.3
1242310 1236.3
1242320 1235.0
1242330 1234.4
1242340 1234.4
1242350 1233.7
1242360 1232.9
1242370 1232.9
1242380 1233.2
1242390 1233.6
1242400 1233.6
1242410 1233.1
1242420 1232.7
1242430 1232.7
1242440 1232.0
1242450 1230.7
1242460 1230.7
1242470 1229.2
1242480 1228.8
1242490 1228.8
1242500 1227.2
1242510 1225.6
1242520 1225.6
1242530 1223.5
1242540 1220.6
1242550 1217.8
1242560 1217.8
1242570 1215.8
1242580 1213.8
1242590 1213.8
1242600 1212.8
1242610 1210.9
1242620 1210.9
1242630 1208.7
1242640 1207.1
1242650 1207.1
1242660 1206.6
1242670 1204.7
1242680 1204.7
1242690 1201.7
1242700 1202.4
1242710 1202.4
1242720 1203.1
1242730 1198.6
1242740 1198.6
1242750 1194.4
1242760 1193.8
1242770 1193.8
1242780 1194.6
1242790 1199.2
1242800 1199.2
1242810 1201.5
1242820 1201.0
1242830 1200.2
1242840 1200.2
1242850 1199.1
1242860 1198.4
1242870 1198.4
1242880 1197.7
1242890 1197.1
1242900 1197.1
1242910 1196.6
1242920 1195.4
1242930 1195.4
1242940 1194.7
1242950 1192.2
1242960 1192.2
1242970 1192.0
1242980 1191.4
1242990 1191.4
1243000 1191.1
1243010 1194.3
1243020 1194.3
1243030 1196.4
1243040 1199.3
1243050 1199.3
1243060 1201.3
1243070 1203.8
1243080 1203.8
1243090 1205.1
1243100 1206.6
1243110 1207.6
1243120 1207.6
1243130 1208.8
1243140 1208.6
1243150 1208.6
1243160 1207.1
1243170 1207.4
1243180 1207.4
1243190 1208.6
1243200 1209.1
1243210 1209.1
1243220 1209.6
1243230 1209.9
1243240 1209.9
1243250 1208.5
1243260 1206.8
1243270 1206.8
1243280 1208.2
1243290 1208.7
1243300 1208.7
1243310 1208.1
1243320 1210.0
1243330 1210.0
1243340 1213.6
1243350 1217.5
1243360 1217.5
1243370 1221.3
1243380 1224.8
1243390 1228.4
1243400 1228.4
1243410 1232.4
1243420 1235.0
1243430 1235.0
1243440 1237.1
1243450 1239.3
1243460 1239.3
1243470 1241.0
1243480 1243.1
1243490 1243.1
1243500 1245.6
1243510 1247.4
1243520 1247.4
1243530 1251.9
1243540 1254.3
1243550 1254.3
1243560 1256.6
1243570 1258.5
1243580 1258.5
1243590 1260.3
1243600 1261.6
1243610 1261.6
1243620 1262.7
1243630 1263.2
1243640 1263.2
1243650 1262.3
1243660 1266.6
1243670 1275.7
1243680 1275.7
1243690 1281.3
1243700 1285.8
1243710 1285.8
1243720 1289.9
1243730 1293.1
1243740 1293.1
1243750 1296.8
1243760 1300.4
1243770 1300.4
1243780 1303.8
1243790 1307.0
1243800 1307.0
1243810 1310.1
1243820 1313.9
1243830 1313.9
1243840 1317.5
1243850 1321.0
1243860 1321.0
1243870 1323.6
1243880 1325.7
1243890 1325.7
1243900 1328.5
1243910 1330.7
1243920 1330.7
1243930 1332.3
1243940 1334.0
1243950 1335.7
1243960 1335.7
1243970 1337.3
1243980 1339.5
1243990 1339.5
1244000 1342.3
1244010 1344.9
1244020 1344.9
1244030 1347.6
1244040 1351.2
1244050 1351.2
1244060 1362.9
1244070 1369.6
1244080 1369.6
1244090 1373.7
1244100 1376.8
1244110 1376.8
1244120 1379.6
1244130 1379.9
1244140 1379.9
1244150 1378.6
1244160 1377.2
1244170 1377.2
1244180 1377.3
1244190 1378.5
1244200 1378.5
1244210 1379.5
1244220 1380.2
1244230 1380.5
1244240 1380.5
1244250 1381.0
1244260 1382.1
1244270 1382.1
1244280 1383.0
1244290 1383.6
1244300 1383.6
1244310 1384.0
1244320 1384.7
1244330 1384.7
1244340 1385.5
1244350 1386.4
1244360 1386.4
1244370 1386.8
1244380 1386.9
1244390 1386.9
1244400 1387.3
1244410 1387.8
1244420 1387.8
1244430 1388.0
1244440 1388.0
1244450 1388.0
1244460 1388.5
1244470 1389.0
1244480 1389.0
1244490 1388.8
1244500 1388.1
1244510 1386.6
1244520 1386.6
1244530 1384.4
1244540 1382.0
1244550 1382.0
1244560 1379.8
1244570 1378.7
1244580 1378.7
1244590 1379.5
1244600 1379.0
1244610 1379.0
1244620 1379.0
1244630 1379.4
1244640 1379.4
1244650 1379.6
1244660 1379.8
1244670 1379.8
1244680 1380.3
1244690 1380.9
1244700 1380.9
1244710 1380.9
1244720 1379.8
1244730 1379.8
1244740 1377.8
1244750 1376.1
1244760 1376.1
1244770 1375.3
1244780 1375.1
1244790 1375.2
1244800 1375.2
1244810 1375.9
1244820 1376.9
1244830 1376.9
1244840 1378.9
1244850 1381.5
1244860 1381.5
1244870 1382.1
1244880 1381.1
1244890 1381.1
1244900 1378.6
1244910 1376.4
1244920 1376.4
1244930 1373.6
1244940 1371.4
1244950 1371.4
1244960 1368.7
1244970 1365.4
1244980 1365.4
1244990 1361.9
1245000 1358.4
1245010 1358.4
1245020 1354.7
1245030 1350.2
1245040 1350.2
1245050 1345.1
1245060 1339.6
1245070 1333.5
1245080 1333.5
1245090 1327.2
1245100 1321.4
1245110 1321.4
1245120 1315.9
1245130 1315.2
1245140 1315.2
1245150 1310.6
1245160 1306.3
1245170 1306.3
1245180 1302.0
1245190 1297.0
1245200 1297.0
1245210 1293.4
1245220 1289.7
1245230 1289.7
1245240 1287.1
1245250 1284.5
1245260 1284.5
1245270 1281.3
1245280 1274.6
1245290 1274.6
1245300 1268.0
1245310 1263.2
1245320 1263.2
1245330 1258.8
1245340 1254.2
1245350 1250.3
1245360 1250.3
1245370 1247.6
1245380 1244.5
1245390 1244.5
1245400 1241.9
1245410 1238.6
1245420 1238.6
1245430 1235.5
1245440 1232.0
1245450 1232.0
1245460 1228.7
1245470 1226.1
1245480 1226.1
1245490 1223.8
1245500 1221.5
1245510 1221.5
1245520 1220.7
1245530 1218.5
1245540 1218.5
1245550 1215.8
1245560 1212.6
1245570 1212.6
1245580 1208.8
1245590 1205.5
1245600 1205.5
1245610 1202.2
1245620 1198.4
1245630 1195.0
1245640 1195.0
1245650 1192.1
1245660 1190.2
1245670 1190.2
1245680 1188.5
1245690 1187.2
1245700 1187.2
1245710 1185.8
1245720 1184.7
1245730 1184.7
1245740 1184.1
1245750 1183.3
1245760 1183.3
1245770 1183.0
1245780 1182.6
1245790 1182.6
1245800 1182.3
1245810 1181.9
1245820 1181.9
1245830 1181.7
1245840 1181.4
1245850 1181.4
1245860 1180.9
1245870 1180.4
1245880 1180.4
1245890 1179.9
1245900 1179.6
1245910 1179.7
1245920 1179.7
1245930 1179.8
1245940 1179.8
1245950 1179.8
1245960 1179.7
1245970 1179.8
1245980 1179.8
1245990 1180.8
1246000 1182.0
1246010 1182.0
1246020 1182.8
1246030 1183.2
1246040 1183.2
1246050 1183.3
1246060 1183.4
1246070 1183.4
1246080 1183.6
1246090 1184.1
1246100 1184.1
1246110 1184.9
1246120 1186.0
1246130 1186.0
1246140 1187.4
1246150 1188.8
1246160 1189.8
1246170 1189.8
1246180 1190.4
1246190 1191.1
1246200 1191.1
1246210 1191.0
1246220 1191.0
1246230 1191.0
1246240 1190.4
1246250 1188.7
1246260 1188.7
1246270 1185.9
1246280 1185.0
1246290 1185.0
1246300 1184.5
1246310 1184.2
1246320 1184.2
1246330 1184.3
1246340 1184.5
1246350 1184.5
1246360 1184.6
1246370 1185.0
1246380 1185.0
1246390 1185.4
1246400 1184.5
1246410 1184.5
1246420 1184.0
1246430 1184.0
1246440 1184.4
1246450 1184.4
1246460 1184.8
1246470 1185.2
1246480 1185.2
1246490 1185.7
1246500 1186.1
1246510 1186.1
1246520 1186.3
1246530 1185.7
1246540 1185.7
1246550 1185.2
1246560 1186.5
1246570 1186.5
1246580 1188.3
1246590 1188.6
1246600 1188.6
1246610 1185.7
1246620 1183.6
1246630 1183.6
1246640 1186.8
1246650 1190.2
1246660 1190.2
1246670 1190.5
1246680 1191.0
1246690 1191.0
1246700 1191.5
1246710 1191.9
1246720 1192.4
1246730 1192.7
1246740 1193.1
1246750 1193.6
1246760 1193.6
1246770 1194.3
1246780 1194.9
1246790 1194.9
1246800 1195.6
1246810 1196.3
1246820 1196.3
1246830 1197.1
1246840 1197.8
1246850 1197.8
1246860 1198.6
1246870 1199.3
1246880 1199.3
1246890 1200.0
1246900 1200.8
1246910 1200.8
1246920 1201.6
1246930 1203.0
1246940 1203.0
1246950 1203.9
1246960 1205.0
1246970 1205.0
1246980 1205.9
1246990 1206.8
1247000 1207.2
1247010 1207.2
1247020 1205.7
1247030 1206.3
1247040 1206.3
1247050 1206.9
1247060 1203.9
1247070 1203.9
1247080 1200.7
1247090 1199.2
1247100 1199.2
1247110 1198.6
1247120 1198.9
1247130 1198.9
1247140 1199.9
1247150 1200.9
1247160 1200.9
1247170 1201.8
1247180 1202.4
1247190 1202.4
1247200 1202.4
1247210 1203.1
1247220 1203.1
1247230 1204.8
1247240 1206.8
1247250 1206.8
1247260 1207.9
1247270 1208.7
1247280 1209.5
1247290 1209.5
1247300 1210.4
1247310 1211.6
1247320 1211.6
1247330 1212.5
1247340 1213.4
1247350 1213.4
1247360 1213.8
1247370 1214.3
1247380 1214.3
1247390 1216.2
1247400 1216.8
1247410 1216.8
1247420 1217.1
1247430 1218.6
1247440 1218.6
1247450 1219.6
1247460 1221.3
1247470 1221.3
1247480 1223.8
1247490 1224.7
1247500 1224.7
1247510 1227.5
1247520 1229.6
1247530 1229.6
1247540 1231.6
1247550 1234.1
1247560 1236.9
1247570 1236.9
1247580 1239.2
1247590 1241.3
1247600 1241.3
1247610 1243.6
1247620 1245.9
1247630 1245.9
1247640 1248.6
1247650 1251.4
1247660 1251.4
1247670 1254.0
1247680 1256.1
1247690 1256.1
1247700 1259.3
1247710 1263.1
1247720 1263.1
1247730 1266.6
1247740 1269.4
1247750 1269.4
1247760 1273.2
1247770 1278.2
1247780 1278.2
1247790 1283.9
1247800 1286.0
1247810 1286.0
1247820 1291.4
1247830 1296.9
1247840 1302.7
1247850 1302.7
1247860 1307.5
1247870 1312.0
1247880 1312.0
1247890 1316.7
1247900 1321.4
1247910 1321.4
1247920 1326.5
1247930 1331.7
1247940 1331.7
1247950 1336.7
1247960 1341.1
1247970 1341.1
1247980 1344.9
1247990 1349.5
1248000 1349.5
1248010 1355.2
1248020 1360.8
1248030 1360.8
1248040 1366.4
1248050 1371.9
1248060 1371.9
1248070 1377.7
1248080 1383.0
1248090 1383.0
1248100 1388.6
1248110 1394.6
1248120 1400.7
1248130 1400.7
1248140 1405.7
1248150 1410.2
1248160 1410.2
1248170 1415.5
1248180 1421.0
1248190 1421.0
1248200 1425.5
1248210 1430.5
1248220 1430.5
1248230 1436.6
1248240 1443.4
1248250 1443.4
1248260 1449.6
1248270 1455.1
1248280 1455.1
1248290 1460.8
1248300 1465.8
1248310 1465.8
1248320 1470.4
1248330 1474.7
1248340 1473.4
1248350 1477.5
1248360 1482.2
1248370 1482.2
1248380 1487.0
1248390 1491.9
1248400 1497.7
1248410 1497.7
1248420 1502.6
1248430 1506.6
1248440 1506.6
1248450 1511.0
1248460 1515.4
1248470 1515.4
1248480 1519.3
1248490 1523.5
1248500 1523.5
1248510 1527.4
1248520 1530.1
1248530 1530.1
1248540 1532.9
1248550 1536.3
1248560 1536.3
1248570 1539.6
1248580 1543.1
1248590 1543.1
1248600 1546.7
1248610 1550.9
1248620 1550.9
1248630 1555.1
1248640 1559.4
1248650 1559.4
1248660 1563.0
1248670 1566.3
1248680 1569.8
1248690 1569.8
1248700 1572.1
1248710 1573.2
1248720 1573.2
1248730 1574.1
1248740 1576.2
1248750 1576.2
1248760 1576.5
1248770 1570.8
1248780 1570.8
1248790 1572.9
1248800 1579.8
1248810 1579.8
1248820 1587.4
1248830 1595.3
1248840 1595.3
1248850 1600.0
1248860 1603.1
1248870 1603.1
1248880 1601.4
1248890 1605.3
1248900 1605.3
1248910 1606.7
1248920 1608.0
1248930 1608.0
1248940 1608.7
1248950 1610.1
1248960 1612.8
1248970 1612.8
1248980 1614.8
1248990 1616.1
1249000 1616.1
1249010 1616.5
1249020 1615.6
1249030 1615.6
1249040 1615.8
1249050 1618.6
1249060 1618.6
1249070 1621.9
1249080 1624.7
1249090 1624.7
1249100 1627.7
1249110 1629.8
1249120 1629.8
1249130 1632.2
1249140 1634.9
1249150 1634.9
1249160 1636.8
1249170 1640.7
1249180 1640.7
1249190 1645.0
1249200 1647.8
1249210 1647.8
1249220 1650.2
1249230 1652.4
1249240 1654.7
1249250 1654.7
1249260 1655.6
1249270 1653.8
1249280 1653.8
1249290 1654.1
1249300 1651.4
1249310 1651.4
1249320 1652.9
1249330 1658.6
1249340 1658.6
1249350 1660.5
1249360 1661.0
1249370 1661.0
1249380 1664.4
1249390 1666.6
1249400 1666.6
1249410 1667.7
1249420 1659.3
1249430 1659.3
1249440 1664.5
1249450 1670.9
1249460 1670.9
1249470 1677.9
1249480 1683.5
1249490 1690.3
1249500 1690.3
1249510 1696.6
1249520 1703.1
1249530 1703.1
1249540 1709.5
1249550 1716.0
1249560 1716.0
1249570 1722.2
1249580 1728.5
1249590 1728.5
1249600 1734.6
1249610 1741.0
1249620 1741.0
1249630 1747.4
1249640 1753.1
1249650 1753.1
1249660 1757.9
1249670 1762.4
1249680 1762.4
1249690 1766.7
1249700 1770.6
1249710 1770.6
1249720 1774.8
1249730 1781.0
1249740 1781.0
1249750 1789.0
1249760 1795.7
1249770 1802.6
1249780 1802.6
1249790 1809.4
1249800 1815.8
1249810 1815.8
1249820 1821.5
1249830 1826.8
1249840 1826.8
1249850 1831.8
1249860 1836.7
1249870 1836.7
1249880 1841.7
1249890 1847.9
1249900 1847.9
1249910 1854.8
1249920 1860.6
1249930 1860.6
1249940 1867.3
1249950 1874.0
1249960 1873.4
1249970 1880.3
1249980 1887.8
1249990 1887.8
1250000 1895.2
1250010 1902.1
1250020 1902.1
1250030 1907.9
1250040 1913.4
1250050 1918.7
1250060 1918.7
1250070 1924.4
1250080 1930.9
1250090 1930.9
1250100 1937.8
1250110 1944.1
1250120 1944.1
1250130 1950.3
1250140 1957.3
1250150 1957.3
1250160 1965.7
1250170 1972.6
1250180 1972.6
1250190 1976.0
1250200 1978.1
1250210 1978.1
1250220 1979.8
1250230 1984.2
1250240 1984.2
1250250 1991.7
1250260 1999.7
1250270 1999.7
1250280 2007.9
1250290 2014.5
1250300 2014.5
1250310 2020.1
1250320 2025.4
1250330 2032.2
1250340 2032.2
1250350 2039.7
1250360 2043.1
1250370 2043.1
1250380 2047.8
1250390 2054.0
1250400 2054.0
1250410 2060.5
1250420 2067.1
1250430 2067.1
1250440 2073.7
1250450 2080.1
1250460 2080.1
1250470 2087.4
1250480 2095.2
1250490 2095.2
1250500 2102.9
1250510 2111.8
1250520 2111.8
1250530 2119.0
1250540 2125.4
1250550 2125.4
1250560 2132.2
1250570 2139.3
1250580 2139.3
1250590 2146.2
1250600 2152.9
1250610 2159.8
1250620 2159.8
1250630 2166.1
1250640 2172.3
1250650 2172.3
1250660 2177.1
1250670 2174.7
1250680 2174.7
1250690 2170.1
1250700 2166.5
1250710 2166.5
1250720 2162.0
1250730 2157.4
1250740 2157.4
1250750 2155.1
1250760 2149.6
1250770 2149.6
1250780 2143.5
1250790 2138.4
1250800 2138.4
1250810 2133.1
1250820 2134.9
1250830 2134.9
1250840 2138.2
1250850 2133.4
1250860 2133.4
1250870 2134.4
1250880 2135.9
1250890 2130.5
1250900 2130.5
1250910 2125.0
1250920 2121.1
1250930 2121.1
1250940 2117.3
1250950 2116.1
1250960 2116.1
1250970 2116.7
1250980 2114.8
1250990 2114.8
1251000 2113.1
1251010 2105.9
1251020 2105.9
1251030 2105.9
1251040 2109.4
1251050 2102.7
1251060 2106.7
1251070 2102.6
1251080 2102.6
1251090 2094.3
1251100 2084.2
1251110 2084.2
1251120 2076.7
1251130 2069.4
1251140 2069.4
1251150 2065.3
1251160 2060.1
1251170 2053.6
1251180 2053.6
1251190 2038.4
1251200 2015.0
1251210 2015.0
1251220 2016.7
1251230 2003.5
1251240 2003.5
1251250 1978.8
1251260 1955.7
1251270 1955.7
1251280 1945.1
1251290 1939.3
1251300 1939.3
1251310 1932.1
1251320 1923.8
1251330 1923.8
1251340 1917.2
1251350 1913.4
1251360 1913.4
1251370 1913.0
1251380 1913.1
1251390 1913.1
1251400 1908.2
1251410 1894.8
1251420 1894.8
1251430 1884.2
1251440 1874.9
1251450 1867.5
1251460 1867.5
1251470 1860.3
1251480 1853.3
1251490 1853.3
1251500 1846.4
1251510 1839.3
1251520 1839.3
1251530 1830.4
1251540 1822.4
1251550 1822.4
1251560 1821.2
1251570 1821.0
1251580 1821.0
1251590 1817.9
1251600 1810.8
1251610 1810.8
1251620 1808.5
1251630 1809.0
1251640 1809.0
1251650 1808.0
1251660 1809.7
1251670 1809.7
1251680 1810.3
1251690 1811.4
1251700 1811.4
1251710 1815.9
1251720 1821.0
1251730 1825.3
1251740 1825.3
1251750 1829.7
1251760 1836.4
1251770 1836.4
1251780 1841.5
1251790 1844.5
1251800 1844.5
1251810 1850.7
1251820 1856.6
1251830 1856.6
1251840 1861.3
1251850 1865.4
1251860 1865.4
1251870 1869.4
1251880 1875.6
1251890 1875.6
1251900 1882.3
1251910 1888.2
1251920 1888.2
1251930 1893.4
1251940 1899.1
1251950 1899.1
1251960 1905.4
1251970 1911.8
1251980 1911.8
1251990 1916.4
1252000 1920.9
1252010 1926.5
1252020 1926.5
1252030 1931.0
1252040 1935.3
1252050 1935.3
1252060 1939.6
1252070 1944.1
1252080 1944.1
1252090 1948.7
1252100 1953.5
1252110 1953.5
1252120 1958.5
1252130 1963.4
1252140 1963.4
1252150 1970.9
1252160 1975.9
1252170 1975.9
1252180 1981.2
1252190 1986.6
1252200 1986.6
1252210 1992.0
1252220 1997.3
1252230 1997.3
1252240 2003.0
1252250 2008.7
1252260 2008.7
1252270 2014.8
1252280 2021.0
1252290 2026.5
1252300 2026.5
1252310 2032.0
1252320 2036.9
1252330 2036.9
1252340 2040.7
1252350 2044.3
1252360 2044.3
1252370 2049.2
1252380 2055.4
1252390 2055.4
1252400 2063.1
1252410 2071.7
1252420 2071.7
1252430 2074.2
1252440 2077.9
1252450 2077.9
1252460 2084.5
1252470 2094.2
1252480 2094.2
1252490 2104.7
1252500 2110.4
1252510 2110.4
1252520 2113.9
1252530 2122.5
1252540 2122.5
1252550 2126.9
1252560 2140.6
1252570 2151.9
1252580 2151.9
1252590 2161.5
1252600 2170.1
1252610 2170.1
1252620 2176.3
1252630 2174.8
1252640 2174.8
1252650 2180.2
1252660 2193.1
1252670 2193.1
1252680 2202.6
1252690 2216.4
1252700 2216.4
1252710 2230.3
1252720 2245.1
1252730 2245.1
1252740 2244.6
1252750 2249.9
1252760 2249.9
1252770 2275.9
1252780 2288.6
1252790 2288.6
1252800 2297.5
1252810 2306.9
1252820 2318.3
1252830 2318.3
1252840 2323.7
1252850 2321.3
1252860 2321.3
1252870 2306.2
1252880 2301.3
1252890 2301.3
1252900 2297.8
1252910 2313.9
1252920 2313.9
1252930 2324.7
1252940 2320.3
1252950 2320.3
1252960 2299.5
1252970 2302.0
1252980 2302.0
1252990 2304.1
1253000 2304.9
1253010 2304.9
1253020 2290.9
1253030 2291.8
1253040 2291.8
1253050 2286.9
1253060 2272.0
1253070 2272.0
1253080 2249.3
1253090 2233.8
1253100 2222.2
1253110 2222.2
1253120 2214.6
1253130 2209.1
1253140 2209.1
1253150 2211.0
1253160 2216.4
1253170 2216.4
1253180 2223.1
1253190 2225.0
1253200 2225.0
1253210 2221.8
1253220 2222.1
1253230 2222.1
1253240 2227.3
1253250 2257.7
1253260 2257.7
1253270 2251.3
1253280 2234.9
1253290 2234.9
1253300 2219.7
1253310 2203.4
1253320 2203.4
1253330 2188.4
1253340 2180.3
1253350 2180.3
1253360 2174.4
1253370 2167.1
1253380 2162.5
1253390 2162.5
1253400 2161.5
1253410 2157.3
1253420 2157.3
1253430 2151.9
1253440 2148.6
1253450 2148.6
1253460 2147.0
1253470 2142.2
1253480 2142.2
1253490 2136.5
1253500 2131.6
1253510 2131.6
1253520 2130.1
1253530 2140.9
1253540 2140.9
1253550 2150.0
1253560 2159.9
1253570 2159.9
1253580 2172.3
1253590 2176.2
1253600 2176.2
1253610 2167.4
1253620 2152.8
1253630 2152.8
1253640 2136.2
1253650 2121.1
1253660 2101.3
1253670 2101.3
1253680 2096.4
1253690 2109.3
1253700 2109.3
1253710 2109.3
1253720 2099.3
1253730 2099.3
1253740 2085.8
1253750 2079.1
1253760 2079.1
1253770 2067.6
1253780 2061.5
1253790 2061.5
1253800 2069.8
1253810 2070.8
1253820 2070.8
1253830 2070.9
1253840 2073.3
1253850 2073.3
1253860 2078.5
1253870 2095.2
1253880 2095.2
1253890 2119.2
1253900 2138.0
1253910 2138.0
1253920 2156.1
1253930 2160.5
1253940 2161.8
1253950 2161.8
1253960 2161.2
1253970 2155.8
1253980 2155.8
1253990 2160.2
1254000 2164.8
1254010 2164.8
1254020 2159.1
1254030 2144.5
1254040 2144.5
1254050 2133.1
1254060 2117.5
1254070 2117.5
1254080 2096.6
1254090 2083.5
1254100 2083.5
1254110 2074.8
1254120 2065.2
1254130 2065.2
1254140 2056.1
1254150 2049.0
1254160 2049.0
1254170 2043.2
1254180 2038.7
1254190 2038.7
1254200 2032.1
1254210 2025.4
1254220 2018.6
1254230 2018.6
1254240 2012.0
1254250 2006.2
1254260 2006.2
1254270 2000.7
1254280 1994.0
1254290 1994.0
1254300 1987.1
1254310 1980.1
1254320 1980.1
1254330 1972.9
1254340 1966.1
1254350 1965.4
1254360 1958.5
1254370 1952.0
1254380 1952.0
1254390 1946.4
1254400 1941.5
1254410 1941.5
1254420 1937.1
1254430 1933.2
1254440 1933.2
1254450 1929.7
1254460 1926.5
1254470 1926.5
1254480 1923.4
1254490 1920.4
1254500 1917.8
1254510 1917.8
1254520 1915.1
1254530 1912.1
1254540 1912.1
1254550 1909.8
1254560 1909.4
1254570 1909.4
1254580 1909.5
1254590 1910.7
1254600 1910.7
1254610 1911.2
1254620 1911.4
1254630 1911.4
1254640 1912.1
1254650 1913.0
1254660 1913.0
1254670 1914.1
1254680 1914.8
1254690 1914.8
1254700 1915.1
1254710 1915.9
1254720 1915.9
1254730 1920.0
1254740 1929.1
1254750 1929.1
1254760 1942.5
1254770 1951.4
1254780 1952.9
1254790 1952.9
1254800 1943.2
1254810 1926.9
1254820 1926.9
1254830 1914.6
1254840 1916.9
1254850 1916.9
1254860 1925.8
1254870 1937.4
1254880 1937.4
1254890 1945.8
1254900 1959.3
1254910 1959.3
1254920 1956.5
1254930 1950.5
1254940 1950.5
1254950 1944.9
1254960 1939.5
1254970 1939.5
1254980 1937.6
1254990 1938.7
1255000 1938.7
1255010 1936.7
1255020 1936.2
1255030 1936.2
1255040 1936.6
1255050 1935.9
1255060 1932.8
1255070 1932.8
1255080 1929.0
1255090 1930.4
1255100 1930.4
1255110 1939.0
1255120 1949.0
1255130 1949.0
1255140 1956.7
1255150 1958.0
1255160 1958.0
1255170 1955.5
1255180 1953.4
1255190 1953.4
1255200 1950.9
1255210 1952.7
1255220 1952.7
1255230 1955.4
1255240 1965.0
1255250 1965.0
1255260 1970.1
1255270 1974.8
1255280 1974.8
1255290 1980.1
1255300 1984.4
1255310 1984.4
1255320 1991.6
1255330 1996.4
1255340 2004.2
1255350 2004.2
1255360 2012.5
1255370 2022.0
1255380 2022.0
1255390 2028.5
1255400 2021.2
1255410 2021.2
1255420 2017.7
1255430 2022.0
1255440 2022.0
1255450 2028.4
1255460 2045.7
1255470 2045.7
1255480 2059.1
1255490 2059.9
1255500 2059.9
1255510 2067.8
1255520 2082.5
1255530 2082.5
1255540 2090.5
1255550 2086.0
1255560 2086.0
1255570 2077.7
1255580 2077.1
1255590 2077.1
1255600 2081.8
1255610 2087.1
1255620 2091.3
1255630 2091.3
1255640 2097.7
1255650 2105.5
1255660 2105.5
1255670 2116.1
1255680 2125.8
1255690 2125.8
1255700 2122.8
1255710 2116.6
1255720 2116.6
1255730 2112.4
1255740 2114.7
1255750 2114.7
1255760 2119.1
1255770 2108.2
1255780 2108.2
1255790 2099.0
1255800 2098.1
1255810 2098.1
1255820 2094.2
1255830 2088.4
1255840 2088.4
1255850 2094.5
1255860 2104.0
1255870 2131.0
1255880 2131.0
1255890 2149.3
1255900 2149.6
1255910 2149.6
1255920 2141.7
1255930 2145.2
1255940 2145.2
1255950 2154.8
1255960 2163.1
1255970 2163.1
1255980 2166.7
1255990 2169.6
1256000 2169.6
1256010 2172.9
1256020 2176.9
1256030 2176.9
1256040 2181.2
1256050 2185.0
1256060 2185.0
1256070 2190.0
1256080 2196.4
1256090 2196.4
1256100 2205.6
1256110 2213.4
1256120 2213.4
1256130 2220.7
1256140 2229.1
1256150 2234.5
1256160 2234.5
1256170 2238.4
1256180 2231.4
1256190 2231.4
1256200 2217.7
1256210 2209.4
1256220 2209.4
1256230 2207.9
1256240 2215.1
1256250 2215.1
1256260 2224.0
1256270 2234.0
1256280 2234.0
1256290 2237.7
1256300 2235.6
1256310 2235.6
1256320 2238.9
1256330 2239.1
1256340 2239.1
1256350 2242.6
1256360 2249.1
1256370 2249.1
1256380 2256.5
1256390 2254.1
1256400 2254.1
1256410 2249.1
1256420 2252.4
1256430 2256.1
1256440 2256.1
1256450 2258.4
1256460 2251.4
1256470 2251.4
1256480 2243.4
1256490 2237.6
1256500 2237.6
1256510 2230.7
1256520 2219.4
1256530 2219.4
1256540 2208.0
1256550 2199.3
1256560 2199.3
1256570 2190.9
1256580 2177.3
1256590 2177.3
1256600 2180.0
1256610 2179.4
1256620 2179.4
1256630 2179.0
1256640 2174.8
1256650 2174.8
1256660 2176.9
1256670 2187.3
1256680 2187.3
1256690 2193.7
1256700 2191.7
1256710 2179.5
1256720 2179.5
1256730 2187.6
1256740 2195.8
1256750 2195.8
1256760 2198.9
1256770 2195.9
1256780 2195.9
1256790 2202.4
1256800 2208.7
1256810 2208.7
1256820 2215.5
1256830 2208.3
1256840 2208.3
1256850 2211.5
1256860 2220.8
1256870 2220.8
1256880 2222.4
1256890 2214.5
1256900 2214.5
1256910 2207.4
1256920 2206.0
1256930 2206.0
1256940 2209.1
1256950 2214.6
1256960 2214.6
1256970 2221.0
1256980 2215.1
1256990 2212.7
1257000 2212.7
1257010 2216.9
1257020 2204.8
1257030 2204.8
1257040 2195.0
1257050 2187.1
1257060 2187.1
1257070 2181.4
1257080 2175.4
1257090 2175.4
1257100 2164.5
1257110 2154.7
1257120 2154.7
1257130 2126.1
1257140 2096.7
1257150 2096.7
1257160 2065.2
1257170 2045.4
1257180 2045.4
1257190 2037.1
1257200 2031.5
1257210 2031.5
1257220 2029.2
1257230 2038.1
1257240 2038.1
1257250 2063.5
1257260 2077.5
1257270 2066.1
1257280 2066.1
1257290 2060.0
1257300 2042.4
1257310 2042.4
1257320 2029.3
1257330 1991.9
1257340 1991.9
1257350 1981.4
1257360 1976.0
1257370 1976.0
1257380 1971.9
1257390 1973.3
1257400 1973.3
1257410 1973.4
1257420 1980.6
1257430 1980.6
1257440 1986.9
1257450 1976.3
1257460 1976.3
1257470 1973.5
1257480 1968.7
1257490 1968.7
1257500 1962.0
1257510 1955.9
1257520 1955.9
1257530 1951.3
1257540 1952.6
1257550 1958.8
1257560 1958.8
1257570 1962.6
1257580 1962.9
1257590 1962.9
1257600 1964.1
1257610 1970.2
1257620 1970.2
1257630 1969.3
1257640 1969.8
1257650 1969.8
1257660 1961.7
1257670 1960.3
1257680 1960.3
1257690 1970.4
1257700 1967.8
1257710 1967.8
1257720 1960.9
1257730 1948.4
1257740 1948.4
1257750 1936.0
1257760 1944.8
1257770 1944.8
1257780 1956.9
1257790 1953.4
1257800 1953.4
1257810 1945.3
1257820 1936.4
1257830 1933.2
1257840 1933.2
1257850 1936.4
1257860 1933.4
1257870 1933.4
1257880 1928.0
1257890 1922.0
1257900 1922.0
1257910 1917.7
1257920 1914.4
1257930 1914.4
1257940 1906.7
1257950 1901.9
1257960 1901.9
1257970 1897.6
1257980 1891.8
1257990 1891.8
1258000 1888.5
1258010 1886.7
1258020 1886.7
1258030 1887.6
1258040 1890.3
1258050 1890.3
1258060 1891.7
1258070 1888.7
1258080 1888.7
1258090 1885.1
1258100 1884.1
1258110 1881.1
1258120 1881.1
1258130 1884.4
1258140 1885.1
1258150 1885.1
1258160 1883.4
1258170 1880.4
1258180 1880.4
1258190 1876.3
1258200 1872.9
1258210 1872.9
1258220 1869.3
1258230 1864.0
1258240 1864.0
1258250 1858.1
1258260 1850.5
1258270 1850.5
1258280 1844.5
1258290 1838.5
1258300 1838.5
1258310 1832.6
1258320 1825.7
1258330 1825.7
1258340 1818.9
1258350 1812.7
1258360 1812.7
1258370 1806.4
1258380 1797.6
1258390 1788.2
1258400 1788.2
1258410 1784.9
1258420 1780.5
1258430 1780.5
1258440 1777.2
1258450 1777.5
1258460 1777.5
1258470 1774.9
1258480 1772.7
1258490 1772.7
1258500 1770.1
1258510 1765.1
1258520 1765.1
1258530 1758.8
1258540 1752.9
1258550 1752.9
1258560 1741.9
1258570 1725.1
1258580 1725.1
1258590 1708.6
1258600 1689.8
1258610 1689.8
1258620 1677.2
1258630 1676.9
1258640 1676.9
1258650 1662.7
1258660 1645.0
1258670 1633.0
1258680 1633.0
1258690 1617.2
1258700 1597.5
1258710 1597.5
1258720 1590.4
1258730 1573.8
1258740 1573.8
1258750 1566.0
1258760 1565.3
1258770 1565.3
1258780 1555.0
1258790 1541.1
1258800 1541.1
1258810 1527.8
1258820 1518.4
1258830 1518.4
1258840 1512.5
1258850 1506.7
1258860 1506.7
1258870 1500.7
1258880 1494.8
1258890 1494.8
1258900 1489.3
1258910 1485.1
1258920 1481.7
1258930 1481.7
1258940 1478.3
1258950 1474.5
1258960 1474.5
1258970 1471.0
1258980 1467.2
1258990 1467.2
1259000 1463.5
1259010 1459.5
1259020 1459.5
1259030 1455.6
1259040 1452.2
1259050 1452.2
1259060 1448.4
1259070 1444.2
1259080 1444.2
1259090 1439.9
1259100 1436.0
1259110 1436.0
1259120 1432.1
1259130 1426.5
1259140 1426.5
1259150 1421.1
1259160 1419.7
1259170 1419.7
1259180 1419.2
1259190 1419.7
1259200 1422.9
1259210 1422.9
1259220 1423.6
1259230 1422.9
1259240 1422.9
1259250 1422.0
1259260 1421.2
1259270 1421.2
1259280 1420.8
1259290 1420.3
1259300 1420.3
1259310 1419.8
1259320 1419.7
1259330 1419.7
1259340 1420.2
1259350 1420.7
1259360 1420.7
1259370 1420.8
1259380 1421.0
1259390 1421.8
1259400 1421.6
1259410 1421.4
1259420 1421.4
1259430 1423.5
1259440 1428.8
1259450 1428.8
1259460 1433.9
1259470 1439.3
1259480 1445.1
1259490 1445.1
1259500 1451.7
1259510 1458.3
1259520 1458.3
1259530 1465.4
1259540 1472.2
1259550 1472.2
1259560 1479.4
1259570 1485.7
1259580 1485.7
1259590 1492.3
1259600 1498.7
1259610 1498.7
1259620 1505.0
1259630 1511.2
1259640 1511.2
1259650 1517.0
1259660 1522.3
1259670 1522.3
1259680 1527.4
1259690 1532.6
1259700 1532.6
1259710 1538.6
1259720 1544.3
1259730 1544.3
1259740 1550.4
1259750 1556.9
1259760 1563.5
1259770 1563.5
1259780 1570.3
1259790 1577.2
1259800 1577.2
1259810 1584.5
1259820 1591.8
1259830 1591.8
1259840 1598.6
1259850 1605.1
1259860 1605.1
1259870 1611.5
1259880 1617.8
1259890 1617.8
1259900 1623.8
1259910 1629.8
1259920 1629.8
1259930 1636.0
1259940 1642.0
1259950 1645.7
1259960 1651.8
1259970 1655.1
1259980 1655.1
1259990 1657.8
