1240000 1377.6
1240010 1379.1
1240020 1380.0
1240030 1380.0
1240040 1380.6
1240050 1381.4
1240060 1381.4
1240070 1381.9
1240080 1383.0
1240090 1383.0
1240100 1386.0
1240110 1389.1
1240120 1389.1
1240130 1392.0
1240140 1394.8
1240150 1397.5
1240160 1397.5
1240170 1400.3
1240180 1402.6
1240190 1402.6
1240200 1404.2
1240210 1405.0
1240220 1405.0
1240230 1405.0
1240240 1404.9
1240250 1404.9
1240260 1405.4
1240270 1405.7
1240280 1402.4
1240290 1402.7
1240300 1402.5
1240310 1402.5
1240320 1401.8
1240330 1401.0
1240340 1401.0
1240350 1399.8
1240360 1398.8
1240370 1398.8
1240380 1398.0
1240390 1397.7
1240400 1397.7
1240410 1397.5
1240420 1397.4
1240430 1397.2
1240440 1397.2
1240450 1396.7
1240460 1396.1
1240470 1396.1
1240480 1395.4
1240490 1394.5
1240500 1394.5
1240510 1393.3
1240520 1392.0
1240530 1392.0
1240540 1390.6
1240550 1389.5
1240560 1389.5
1240570 1388.3
1240580 1386.8
1240590 1386.8
1240600 1385.3
1240610 1383.4
1240620 1383.4
1240630 1381.6
1240640 1379.9
1240650 1379.9
1240660 1378.4
1240670 1376.7
1240680 1376.7
1240690 1374.3
1240700 1371.9
1240710 1369.9
1240720 1369.9
1240730 1366.8
1240740 1364.1
1240750 1364.1
1240760 1364.6
1240770 1365.9
1240780 1365.9
1240790 1367.2
1240800 1363.8
1240810 1363.8
1240820 1364.4
1240830 1364.0
1240840 1364.0
1240850 1363.3
1240860 1362.0
1240870 1362.0
1240880 1360.2
1240890 1357.7
1240900 1357.7
1240910 1355.1
1240920 1352.0
1240930 1352.0
1240940 1350.6
1240950 1349.6
1240960 1349.6
1240970 1348.5
1240980 1347.9
1240990 1347.3
1241000 1347.3
1241010 1346.5
1241020 1346.1
1241030 1346.1
1241040 1345.7
1241050 1345.0
1241060 1345.0
1241070 1344.6
1241080 1344.8
1241090 1344.8
1241100 1344.9
1241110 1345.7
1241120 1345.7
1241130 1346.4
1241140 1347.4
1241150 1347.4
1241160 1348.4
1241170 1348.3
1241180 1348.3
1241190 1350.2
1241200 1352.2
1241210 1352.2
1241220 1353.7
1241230 1353.9
1241240 1353.9
1241250 1353.1
1241260 1351.9
1241270 1350.2
1241280 1350.2
1241290 1348.5
1241300 1347.3
1241310 1347.3
1241320 1348.0
1241330 1349.9
1241340 1349.9
1241350 1352.9
1241360 1355.6
1241370 1355.6
1241380 1357.2
1241390 1357.8
1241400 1357.8
1241410 1357.9
1241420 1358.6
1241430 1358.6
1241440 1358.5
1241450 1358.6
1241460 1358.6
1241470 1359.1
1241480 1359.9
1241490 1359.9
1241500 1360.0
1241510 1359.4
1241520 1359.4
1241530 1357.6
1241540 1356.2
1241550 1357.0
1241560 1357.0
1241570 1356.8
1241580 1355.5
1241590 1355.5
1241600 1353.6
1241610 1351.2
1241620 1351.2
1241630 1349.7
1241640 1348.4
1241650 1348.4
1241660 1347.0
1241670 1345.9
1241680 1345.9
1241690 1345.5
1241700 1345.2
1241710 1345.2
1241720 1345.1
1241730 1346.0
1241740 1346.0
1241750 1347.2
1241760 1348.1
1241770 1348.1
1241780 1348.2
1241790 1347.6
1241800 1347.6
1241810 1346.5
1241820 1344.8
1241830 1342.6
1241840 1342.6
1241850 1335.2
1241860 1333.4
1241870 1333.4
1241880 1331.5
1241890 1329.3
1241900 1329.3
1241910 1326.8
1241920 1324.6
1241930 1324.6
1241940 1322.5
1241950 1319.6
1241960 1319.6
1241970 1316.7
1241980 1314.9
1241990 1314.9
1242000 1313.6
1242010 1312.7
1242020 1312.7
1242030 1311.1
1242040 1306.9
1242050 1306.9
1242060 1302.0
1242070 1297.7
1242080 1297.7
1242090 1293.7
1242100 1292.0
1242110 1290.5
1242120 1290.5
1242130 1286.7
1242140 1281.4
1242150 1281.4
1242160 1277.1
1242170 1270.9
1242180 1270.9
1242190 1268.6
1242200 1273.5
1242210 1273.5
1242220 1275.8
1242230 1278.8
1242240 1278.8
1242250 1278.3
1242260 1274.8
1242270 1274.8
1242280 1272.9
1242290 1274.8
1242300 1274.8
1242310 1273.6
1242320 1267.9
1242330 1267.9
1242340 1264.7
1242350 1264.7
1242360 1264.7
1242370 1262.1
1242380 1264.3
1242390 1263.1
1242400 1263.1
1242410 1260.2
1242420 1256.5
1242430 1256.5
1242440 1253.2
1242450 1251.1
1242460 1251.1
1242470 1249.2
1242480 1247.7
1242490 1247.7
1242500 1246.0
1242510 1244.4
1242520 1244.4
1242530 1243.0
1242540 1241.8
1242550 1241.8
1242560 1240.4
1242570 1239.9
1242580 1239.9
1242590 1239.8
1242600 1237.5
1242610 1237.5
1242620 1236.9
1242630 1238.5
1242640 1238.5
1242650 1238.7
1242660 1238.3
1242670 1236.4
1242680 1236.4
1242690 1233.9
1242700 1232.6
1242710 1232.6
1242720 1234.0
1242730 1234.1
1242740 1234.1
1242750 1232.0
1242760 1229.7
1242770 1229.7
1242780 1227.6
1242790 1225.0
1242800 1225.0
1242810 1223.5
1242820 1222.6
1242830 1222.6
1242840 1221.3
1242850 1221.1
1242860 1221.1
1242870 1220.4
1242880 1219.5
1242890 1219.5
1242900 1215.8
1242910 1214.8
1242920 1214.2
1242930 1214.2
1242940 1213.3
1242950 1212.1
1242960 1212.1
1242970 1210.5
1242980 1207.8
1242990 1207.8
1243000 1204.5
1243010 1202.0
1243020 1202.0
1243030 1200.3
1243040 1198.5
1243050 1198.5
1243060 1197.2
1243070 1196.2
1243080 1196.2
1243090 1194.9
1243100 1192.8
1243110 1192.8
1243120 1190.4
1243130 1188.5
1243140 1188.5
1243150 1186.9
1243160 1185.9
1243170 1185.9
1243180 1185.6
1243190 1185.0
1243200 1184.8
1243210 1184.8
1243220 1184.5
1243230 1184.3
1243240 1184.3
1243250 1184.2
1243260 1184.2
1243270 1184.2
1243280 1184.0
1243290 1184.0
1243300 1184.0
1243310 1184.0
1243320 1183.9
1243330 1183.9
1243340 1183.8
1243350 1183.6
1243360 1183.6
1243370 1183.5
1243380 1183.3
1243390 1183.3
1243400 1183.2
1243410 1183.1
1243420 1183.1
1243430 1183.0
1243440 1182.8
1243450 1182.8
1243460 1182.7
1243470 1182.4
1243480 1182.2
1243490 1182.2
1243500 1182.0
1243510 1181.8
1243520 1181.8
1243530 1181.7
1243540 1181.4
1243550 1181.4
1243560 1181.3
1243570 1181.2
1243580 1181.2
1243590 1181.2
1243600 1181.4
1243610 1181.4
1243620 1181.5
1243630 1181.5
1243640 1181.5
1243650 1181.5
1243660 1181.6
1243670 1181.6
1243680 1181.5
1243690 1181.5
1243700 1181.5
1243710 1181.5
1243720 1181.4
1243730 1181.4
1243740 1181.3
1243750 1181.1
1243760 1181.0
1243770 1181.0
1243780 1180.8
1243790 1181.0
1243800 1181.0
1243810 1181.2
1243820 1181.3
1243830 1181.3
1243840 1181.7
1243850 1183.1
1243860 1183.1
1243870 1185.7
1243880 1189.5
1243890 1189.5
1243900 1193.1
1243910 1197.6
1243920 1197.6
1243930 1202.7
1243940 1207.7
1243950 1207.7
1243960 1212.0
1243970 1213.5
1243980 1213.5
1243990 1215.3
1244000 1215.2
1244010 1215.2
1244020 1215.2
1244030 1215.6
1244040 1217.8
1244050 1217.8
1244060 1220.2
1244070 1222.3
1244080 1222.3
1244090 1225.1
1244100 1227.6
1244110 1227.6
1244120 1230.7
1244130 1234.2
1244140 1234.2
1244150 1237.9
1244160 1241.6
1244170 1241.6
1244180 1245.7
1244190 1249.6
1244200 1249.6
1244210 1252.7
1244220 1254.8
1244230 1254.8
1244240 1257.5
1244250 1260.8
1244260 1260.8
1244270 1266.0
1244280 1266.6
1244290 1266.6
1244300 1266.1
1244310 1266.3
1244320 1267.1
1244330 1267.1
1244340 1267.8
1244350 1269.1
1244360 1269.1
1244370 1271.0
1244380 1274.0
1244390 1274.0
1244400 1276.3
1244410 1276.6
1244420 1276.6
1244430 1277.3
1244440 1278.2
1244450 1278.2
1244460 1278.9
1244470 1280.1
1244480 1280.1
1244490 1282.3
1244500 1282.4
1244510 1282.4
1244520 1282.2
1244530 1282.8
1244540 1282.8
1244550 1283.7
1244560 1284.1
1244570 1284.1
1244580 1284.1
1244590 1284.7
1244600 1285.8
1244610 1285.8
1244620 1286.6
1244630 1286.9
1244640 1286.9
1244650 1287.1
1244660 1286.9
1244670 1286.9
1244680 1285.8
1244690 1286.0
1244700 1286.0
1244710 1286.6
1244720 1287.6
1244730 1287.6
1244740 1289.2
1244750 1290.3
1244760 1290.3
1244770 1289.9
1244780 1286.7
1244790 1286.7
1244800 1285.5
1244810 1287.9
1244820 1287.9
1244830 1288.7
1244840 1288.6
1244850 1288.6
1244860 1287.9
1244870 1286.4
1244880 1284.6
1244890 1284.6
1244900 1283.2
1244910 1281.9
1244920 1281.9
1244930 1281.3
1244940 1281.1
1244950 1281.1
1244960 1281.1
1244970 1281.0
1244980 1281.0
1244990 1280.9
1245000 1280.6
1245010 1280.6
1245020 1284.4
1245030 1283.7
1245040 1283.7
1245050 1281.7
1245060 1280.6
1245070 1280.6
1245080 1281.5
1245090 1282.4
1245100 1282.4
1245110 1281.6
1245120 1278.6
1245130 1278.6
1245140 1274.5
1245150 1269.6
1245160 1264.6
1245170 1264.6
1245180 1258.9
1245190 1253.1
1245200 1253.1
1245210 1248.7
1245220 1245.9
1245230 1245.9
1245240 1243.8
1245250 1241.7
1245260 1241.7
1245270 1239.3
1245280 1238.0
1245290 1238.0
1245300 1237.2
1245310 1234.9
1245320 1234.9
1245330 1230.2
1245340 1224.9
1245350 1224.9
1245360 1220.0
1245370 1215.6
1245380 1215.6
1245390 1212.1
1245400 1209.6
1245410 1209.6
1245420 1208.1
1245430 1208.5
1245440 1210.2
1245450 1210.2
1245460 1210.7
1245470 1210.2
1245480 1210.2
1245490 1209.6
1245500 1207.0
1245510 1207.0
1245520 1204.6
1245530 1203.2
1245540 1203.2
1245550 1201.0
1245560 1198.4
1245570 1198.4
1245580 1195.1
1245590 1191.7
1245600 1191.7
1245610 1190.0
1245620 1188.7
1245630 1188.7
1245640 1188.3
1245650 1186.5
1245660 1186.5
1245670 1184.1
1245680 1182.6
1245690 1182.6
1245700 1181.2
1245710 1180.2
1245720 1178.8
1245730 1178.8
1245740 1178.5
1245750 1178.3
1245760 1178.3
1245770 1177.9
1245780 1177.7
1245790 1177.7
1245800 1177.6
1245810 1177.4
1245820 1177.4
1245830 1177.3
1245840 1177.3
1245850 1177.3
1245860 1177.3
1245870 1177.3
1245880 1177.3
1245890 1177.3
1245900 1177.3
1245910 1177.3
1245920 1177.3
1245930 1177.3
1245940 1177.3
1245950 1177.3
1245960 1177.3
1245970 1177.3
1245980 1177.3
1245990 1177.5
1246000 1177.8
1246010 1177.8
1246020 1177.9
1246030 1178.0
1246040 1178.0
1246050 1178.0
1246060 1178.1
1246070 1178.1
1246080 1178.2
1246090 1178.4
1246100 1178.4
1246110 1178.4
1246120 1178.5
1246130 1178.5
1246140 1178.5
1246150 1178.5
1246160 1178.5
1246170 1178.6
1246180 1178.6
1246190 1178.6
1246200 1178.5
1246210 1178.5
1246220 1178.5
1246230 1178.7
1246240 1178.8
1246250 1178.8
1246260 1178.8
1246270 1178.9
1246280 1178.9
1246290 1178.9
1246300 1178.9
1246310 1178.8
1246320 1178.8
1246330 1178.8
1246340 1178.9
1246350 1178.9
1246360 1178.8
1246370 1178.7
1246380 1178.7
1246390 1179.3
1246400 1179.6
1246410 1179.6
1246420 1180.0
1246430 1179.9
1246440 1179.9
1246450 1179.6
1246460 1179.3
1246470 1179.3
1246480 1179.3
1246490 1179.4
1246500 1179.4
1246510 1179.6
1246520 1179.6
1246530 1179.6
1246540 1179.9
1246550 1181.4
1246560 1181.0
1246570 1181.0
1246580 1180.2
1246590 1180.0
1246600 1180.0
1246610 1180.0
1246620 1180.0
1246630 1180.0
1246640 1180.0
1246650 1181.1
1246660 1181.1
1246670 1185.6
1246680 1188.1
1246690 1188.1
1246700 1190.3
1246710 1190.5
1246720 1190.5
1246730 1189.8
1246740 1189.9
1246750 1189.9
1246760 1189.9
1246770 1189.7
1246780 1189.7
1246790 1190.5
1246800 1193.2
1246810 1193.2
1246820 1195.1
1246830 1197.0
1246840 1198.3
1246850 1198.3
1246860 1199.2
1246870 1200.6
1246880 1200.6
1246890 1202.3
1246900 1204.0
1246910 1204.0
1246920 1205.8
1246930 1207.7
1246940 1207.7
1246950 1209.3
1246960 1210.8
1246970 1210.8
1246980 1212.9
1246990 1215.2
1247000 1215.2
1247010 1217.6
1247020 1220.1
1247030 1220.1
1247040 1222.8
1247050 1225.5
1247060 1225.5
1247070 1227.8
1247080 1230.6
1247090 1230.6
1247100 1233.4
1247110 1234.1
1247120 1234.5
1247130 1234.5
1247140 1235.7
1247150 1237.1
1247160 1236.0
1247170 1238.6
1247180 1240.5
1247190 1240.5
1247200 1241.9
1247210 1243.2
1247220 1243.2
1247230 1245.0
1247240 1247.8
1247250 1247.8
1247260 1251.1
1247270 1254.8
1247280 1254.8
1247290 1257.9
1247300 1261.1
1247310 1261.1
1247320 1264.3
1247330 1266.7
1247340 1266.7
1247350 1268.4
1247360 1270.1
1247370 1270.1
1247380 1271.0
1247390 1270.0
1247400 1268.2
1247410 1268.2
1247420 1266.9
1247430 1266.3
1247440 1266.3
1247450 1266.4
1247460 1267.2
1247470 1267.2
1247480 1268.6
1247490 1270.2
1247500 1270.2
1247510 1272.0
1247520 1274.2
1247530 1274.2
1247540 1276.3
1247550 1277.8
1247560 1277.8
1247570 1279.9
1247580 1281.9
1247590 1281.9
1247600 1283.8
1247610 1285.4
1247620 1285.4
1247630 1286.9
1247640 1288.6
1247650 1288.6
1247660 1289.6
1247670 1290.5
1247680 1291.5
1247690 1287.5
1247700 1288.1
1247710 1289.2
1247720 1289.2
1247730 1290.4
1247740 1290.6
1247750 1290.6
1247760 1289.5
1247770 1287.9
1247780 1287.9
1247790 1287.5
1247800 1289.4
1247810 1289.4
1247820 1294.5
1247830 1301.9
1247840 1301.9
1247850 1310.2
1247860 1319.2
1247870 1319.2
1247880 1329.0
1247890 1342.6
1247900 1342.6
1247910 1353.8
1247920 1359.4
1247930 1359.4
1247940 1366.3
1247950 1372.5
1247960 1378.7
1247970 1378.7
1247980 1386.2
1247990 1393.6
1248000 1393.6
1248010 1400.4
1248020 1404.9
1248030 1404.9
1248040 1408.4
1248050 1411.8
1248060 1411.8
1248070 1414.4
1248080 1416.3
1248090 1416.3
1248100 1418.4
1248110 1421.6
1248120 1421.6
1248130 1424.6
1248140 1427.1
1248150 1427.1
1248160 1426.2
1248170 1424.0
1248180 1424.0
1248190 1427.2
1248200 1435.0
1248210 1435.0
1248220 1443.7
1248230 1452.5
1248240 1456.3
1248250 1456.3
1248260 1458.9
1248270 1460.3
1248280 1460.3
1248290 1461.0
1248300 1461.6
1248310 1461.6
1248320 1464.9
1248330 1469.3
1248340 1469.3
1248350 1475.0
1248360 1481.3
1248370 1481.3
1248380 1487.2
1248390 1492.4
1248400 1492.4
1248410 1497.2
1248420 1501.5
1248430 1501.5
1248440 1507.4
1248450 1515.0
1248460 1515.0
1248470 1521.5
1248480 1525.6
1248490 1529.6
1248500 1529.6
1248510 1533.2
1248520 1537.3
1248530 1537.3
1248540 1542.2
1248550 1546.9
1248560 1546.9
1248570 1554.1
1248580 1562.4
1248590 1562.4
1248600 1569.2
1248610 1576.1
1248620 1576.1
1248630 1581.6
1248640 1586.8
1248650 1586.8
1248660 1590.8
1248670 1594.5
1248680 1594.5
1248690 1598.2
1248700 1602.4
1248710 1602.4
1248720 1606.8
1248730 1611.2
1248740 1611.2
1248750 1615.8
1248760 1619.6
1248770 1620.7
1248780 1620.7
1248790 1624.2
1248800 1627.7
1248810 1627.7
1248820 1630.9
1248830 1633.6
1248840 1633.6
1248850 1636.0
1248860 1638.2
1248870 1638.2
1248880 1640.9
1248890 1643.8
1248900 1643.8
1248910 1646.8
1248920 1649.8
1248930 1649.8
1248940 1653.5
1248950 1658.0
1248960 1658.0
1248970 1662.4
1248980 1666.8
1248990 1666.8
1249000 1671.4
1249010 1676.4
1249020 1676.4
1249030 1681.5
1249040 1686.9
1249050 1692.3
1249060 1692.3
1249070 1696.5
1249080 1700.5
1249090 1700.5
1249100 1705.5
1249110 1711.0
1249120 1711.0
1249130 1717.6
1249140 1723.8
1249150 1723.8
1249160 1728.0
1249170 1734.1
1249180 1734.1
1249190 1740.3
1249200 1746.5
1249210 1746.5
1249220 1752.6
1249230 1758.2
1249240 1758.2
1249250 1765.0
1249260 1772.1
1249270 1772.1
1249280 1779.0
1249290 1785.6
1249300 1785.6
1249310 1791.0
1249320 1797.8
1249330 1804.6
1249340 1804.6
1249350 1811.1
1249360 1817.3
1249370 1817.3
1249380 1823.6
1249390 1829.5
1249400 1829.5
1249410 1835.5
1249420 1841.5
1249430 1841.5
1249440 1847.5
1249450 1853.3
1249460 1853.3
1249470 1858.8
1249480 1864.2
1249490 1864.2
1249500 1869.7
1249510 1875.5
1249520 1875.5
1249530 1881.2
1249540 1887.4
1249550 1887.4
1249560 1893.6
1249570 1899.4
1249580 1899.4
1249590 1905.3
1249600 1911.1
1249610 1917.2
1249620 1917.2
1249630 1923.0
1249640 1928.5
1249650 1928.5
1249660 1933.8
1249670 1938.8
1249680 1938.8
1249690 1943.5
1249700 1948.4
1249710 1948.4
1249720 1952.9
1249730 1954.9
1249740 1954.9
1249750 1953.9
1249760 1953.1
1249770 1953.1
1249780 1953.1
1249790 1954.6
1249800 1954.6
1249810 1957.3
1249820 1963.0
1249830 1963.0
1249840 1969.7
1249850 1969.3
1249860 1969.3
1249870 1972.2
1249880 1978.0
1249890 1985.4
1249900 1985.4
1249910 1989.8
1249920 1996.3
1249930 1996.3
1249940 2002.6
1249950 2010.4
1249960 2010.4
1249970 2018.1
1249980 2022.5
1249990 2022.5
1250000 2027.6
1250010 2032.8
1250020 2032.8
1250030 2037.6
1250040 2042.9
1250050 2042.9
1250060 2048.5
1250070 2052.2
1250080 2052.2
1250090 2051.6
1250100 2045.0
1250110 2045.0
1250120 2050.1
1250130 2054.6
1250140 2054.6
1250150 2057.7
1250160 2062.1
1250170 2061.7
1250180 2061.7
1250190 2060.0
1250200 2060.7
1250210 2060.7
1250220 2062.5
1250230 2065.2
1250240 2065.2
1250250 2065.6
1250260 2063.7
1250270 2063.7
1250280 2068.7
1250290 2077.7
1250300 2077.7
1250310 2086.2
1250320 2093.6
1250330 2093.6
1250340 2096.6
1250350 2100.3
1250360 2100.3
1250370 2104.3
1250380 2105.8
1250390 2105.8
1250400 2099.4
1250410 2101.7
1250420 2101.7
1250430 2105.7
1250440 2107.8
1250450 2111.3
1250460 2111.3
1250470 2112.0
1250480 2111.4
1250490 2111.4
1250500 2114.3
1250510 2121.0
1250520 2121.0
1250530 2127.7
1250540 2134.0
1250550 2134.0
1250560 2140.6
1250570 2146.0
1250580 2146.0
1250590 2150.3
1250600 2154.1
1250610 2154.1
1250620 2159.4
1250630 2164.0
1250640 2164.0
1250650 2169.7
1250660 2177.2
1250670 2177.2
1250680 2184.5
1250690 2190.6
1250700 2190.6
1250710 2196.3
1250720 2202.5
1250730 2209.1
1250740 2209.1
1250750 2215.6
1250760 2221.5
1250770 2221.5
1250780 2227.7
1250790 2234.1
1250800 2234.1
1250810 2239.9
1250820 2245.7
1250830 2245.7
1250840 2252.5
1250850 2256.6
1250860 2256.6
1250870 2256.5
1250880 2249.2
1250890 2249.2
1250900 2240.3
1250910 2232.3
1250920 2232.3
1250930 2224.1
1250940 2214.2
1250950 2214.2
1250960 2208.0
1250970 2201.0
1250980 2201.0
1250990 2193.1
1251000 2185.3
1251010 2177.9
1251020 2177.9
1251030 2169.3
1251040 2160.8
1251050 2160.8
1251060 2151.7
1251070 2139.5
1251080 2139.5
1251090 2128.8
1251100 2124.3
1251110 2124.3
1251120 2120.9
1251130 2116.5
1251140 2116.5
1251150 2110.8
1251160 2102.7
1251170 2102.7
1251180 2093.9
1251190 2086.1
1251200 2086.1
1251210 2074.7
1251220 2059.2
1251230 2059.2
1251240 2049.7
1251250 2032.0
1251260 2032.0
1251270 2020.1
1251280 2016.2
1251290 2013.3
1251300 2013.3
1251310 2011.4
1251320 2014.2
1251330 2014.2
1251340 2015.1
1251350 2009.8
1251360 2009.8
1251370 2013.2
1251380 2017.6
1251390 2017.6
1251400 2020.1
1251410 2017.3
1251420 2017.3
1251430 2015.4
1251440 2015.1
1251450 2015.1
1251460 2021.3
1251470 2029.6
1251480 2029.6
1251490 2018.4
1251500 2012.8
1251510 2012.8
1251520 2011.2
1251530 2019.2
1251540 2019.2
1251550 2028.8
1251560 2039.1
1251570 2046.8
1251580 2046.8
1251590 2049.2
1251600 2046.3
1251610 2046.3
1251620 2045.3
1251630 2052.9
1251640 2052.9
1251650 2061.3
1251660 2062.5
1251670 2062.5
1251680 2065.4
1251690 2068.8
1251700 2068.8
1251710 2070.9
1251720 2072.4
1251730 2072.4
1251740 2072.3
1251750 2071.4
1251760 2071.4
1251770 2072.2
1251780 2073.2
1251790 2073.2
1251800 2073.6
1251810 2074.5
1251820 2074.5
1251830 2075.0
1251840 2077.2
1251850 2078.7
1251860 2078.7
1251870 2079.9
1251880 2081.6
1251890 2081.6
1251900 2083.8
1251910 2085.7
1251920 2085.7
1251930 2086.1
1251940 2084.9
1251950 2084.9
1251960 2083.3
1251970 2082.2
1251980 2082.2
1251990 2081.4
1252000 2082.7
1252010 2082.7
1252020 2084.6
1252030 2082.5
1252040 2089.5
1252050 2088.7
1252060 2091.3
1252070 2091.3
1252080 2092.9
1252090 2094.7
1252100 2094.7
1252110 2094.6
1252120 2083.6
1252130 2077.9
1252140 2077.9
1252150 2069.6
1252160 2059.7
1252170 2059.7
1252180 2052.3
1252190 2054.8
1252200 2054.8
1252210 2063.9
1252220 2070.2
1252230 2070.2
1252240 2074.3
1252250 2078.4
1252260 2078.4
1252270 2079.0
1252280 2076.0
1252290 2076.0
1252300 2076.3
1252310 2079.4
1252320 2079.4
1252330 2083.0
1252340 2093.0
1252350 2093.0
1252360 2101.3
1252370 2102.4
1252380 2102.4
1252390 2106.5
1252400 2102.3
1252410 2092.9
1252420 2092.9
1252430 2080.1
1252440 2067.8
1252450 2067.8
1252460 2067.3
1252470 2080.2
1252480 2080.2
1252490 2091.3
1252500 2083.8
1252510 2083.8
1252520 2074.4
1252530 2068.3
1252540 2068.3
1252550 2063.2
1252560 2061.8
1252570 2061.8
1252580 2078.6
1252590 2062.7
1252600 2062.7
1252610 2049.2
1252620 2043.7
1252630 2043.7
1252640 2040.7
1252650 2040.7
1252660 2040.7
1252670 2033.1
1252680 2033.0
1252690 2040.6
1252700 2040.6
1252710 2039.5
1252720 2038.3
1252730 2038.3
1252740 2055.1
1252750 2061.5
1252760 2061.5
1252770 2049.3
1252780 2028.7
1252790 2028.7
1252800 2014.1
1252810 2006.0
1252820 2006.0
1252830 2003.9
1252840 2002.4
1252850 2002.4
1252860 2000.3
1252870 1997.3
1252880 1997.3
1252890 1994.8
1252900 1993.4
1252910 1993.4
1252920 1992.1
1252930 1990.3
1252940 1990.3
1252950 1989.0
1252960 1987.4
1252970 1984.4
1252980 1984.4
1252990 1980.2
1253000 1975.5
1253010 1975.5
1253020 1970.1
1253030 1965.2
1253040 1965.2
1253050 1961.6
1253060 1957.8
1253070 1957.8
1253080 1955.0
1253090 1955.2
1253100 1955.2
1253110 1955.6
1253120 1954.9
1253130 1961.8
1253140 1960.2
1253150 1957.0
1253160 1957.0
1253170 1952.5
1253180 1948.9
1253190 1948.9
1253200 1945.5
1253210 1941.4
1253220 1941.4
1253230 1936.5
1253240 1931.2
1253250 1926.0
1253260 1926.0
1253270 1921.8
1253280 1918.8
1253290 1918.8
1253300 1917.3
1253310 1916.2
1253320 1916.2
1253330 1913.9
1253340 1911.4
1253350 1911.4
1253360 1909.9
1253370 1907.8
1253380 1907.8
1253390 1904.3
1253400 1900.1
1253410 1900.1
1253420 1895.7
1253430 1891.2
1253440 1891.2
1253450 1886.1
1253460 1880.1
1253470 1880.1
1253480 1874.5
1253490 1870.0
1253500 1866.1
1253510 1866.1
1253520 1864.0
1253530 1860.8
1253540 1860.8
1253550 1857.8
1253560 1852.7
1253570 1852.7
1253580 1847.8
1253590 1840.5
1253600 1840.5
1253610 1836.0
1253620 1835.2
1253630 1835.2
1253640 1836.8
1253650 1838.2
1253660 1838.2
1253670 1838.3
1253680 1838.5
1253690 1845.4
1253700 1845.5
1253710 1845.5
1253720 1845.5
1253730 1844.3
1253740 1843.1
1253750 1843.1
1253760 1842.6
1253770 1841.9
1253780 1840.7
1253790 1840.7
1253800 1839.8
1253810 1838.0
1253820 1838.0
1253830 1835.6
1253840 1833.0
1253850 1833.0
1253860 1830.5
1253870 1828.1
1253880 1828.1
1253890 1824.4
1253900 1821.8
1253910 1821.8
1253920 1818.3
1253930 1814.7
1253940 1814.7
1253950 1811.1
1253960 1807.1
1253970 1807.1
1253980 1803.0
1253990 1799.5
1254000 1799.5
1254010 1795.2
1254020 1790.5
1254030 1790.5
1254040 1786.5
1254050 1784.4
1254060 1785.1
1254070 1785.1
1254080 1786.5
1254090 1788.2
1254100 1788.2
1254110 1790.1
1254120 1792.6
1254130 1792.6
1254140 1795.5
1254150 1797.3
1254160 1797.3
1254170 1799.2
1254180 1801.7
1254190 1801.7
1254200 1806.7
1254210 1813.1
1254220 1813.1
1254230 1820.8
1254240 1830.6
1254250 1830.6
1254260 1843.3
1254270 1861.1
1254280 1861.1
1254290 1874.3
1254300 1883.7
1254310 1883.7
1254320 1877.5
1254330 1860.7
1254340 1834.6
1254350 1834.6
1254360 1839.1
1254370 1828.7
1254380 1828.7
1254390 1829.3
1254400 1825.5
1254410 1825.5
1254420 1808.0
1254430 1786.4
1254440 1786.4
1254450 1784.3
1254460 1783.9
1254470 1783.9
1254480 1782.3
1254490 1778.8
1254500 1778.8
1254510 1775.3
1254520 1771.5
1254530 1771.5
1254540 1767.0
1254550 1763.7
1254560 1763.7
1254570 1759.7
1254580 1756.6
1254590 1756.6
1254600 1753.6
1254610 1751.2
1254620 1747.3
1254630 1747.3
1254640 1743.5
1254650 1740.7
1254660 1740.7
1254670 1737.1
1254680 1733.9
1254690 1733.9
1254700 1732.7
1254710 1732.3
1254720 1732.3
1254730 1731.8
1254740 1731.2
1254750 1731.2
1254760 1730.9
1254770 1731.3
1254780 1731.3
1254790 1735.4
1254800 1735.6
1254810 1735.6
1254820 1736.7
1254830 1739.3
1254840 1739.3
1254850 1742.7
1254860 1745.6
1254870 1745.6
1254880 1748.4
1254890 1751.5
1254900 1754.4
1254910 1754.4
1254920 1757.3
1254930 1760.5
1254940 1760.5
1254950 1764.2
1254960 1768.1
1254970 1768.1
1254980 1772.2
1254990 1776.6
1255000 1776.6
1255010 1781.3
1255020 1786.2
1255030 1786.2
1255040 1791.2
1255050 1796.3
1255060 1796.3
1255070 1801.4
1255080 1806.6
1255090 1806.6
1255100 1812.0
1255110 1817.7
1255120 1817.7
1255130 1823.2
1255140 1828.6
1255150 1828.6
1255160 1834.3
1255170 1840.0
1255180 1845.5
1255190 1845.5
1255200 1851.0
1255210 1856.6
1255220 1856.6
1255230 1862.6
1255240 1868.5
1255250 1868.5
1255260 1874.5
1255270 1880.8
1255280 1880.8
1255290 1886.8
1255300 1892.6
1255310 1892.6
1255320 1898.3
1255330 1905.3
1255340 1905.3
1255350 1915.0
1255360 1923.7
1255370 1923.7
1255380 1935.9
1255390 1946.3
1255400 1946.3
1255410 1951.8
1255420 1957.8
1255430 1957.8
1255440 1963.0
1255450 1970.4
1255460 1977.7
1255470 1977.7
1255480 1986.8
1255490 1997.8
1255500 1997.8
1255510 2006.3
1255520 2016.7
1255530 2016.7
1255540 2026.3
1255550 2037.1
1255560 2037.1
1255570 2052.0
1255580 2067.1
1255590 2067.1
1255600 2077.8
1255610 2070.2
1255620 2070.2
1255630 2078.7
1255640 2089.9
1255650 2089.9
1255660 2089.4
1255670 2091.5
1255680 2091.5
1255690 2104.3
1255700 2116.5
1255710 2116.5
1255720 2127.5
1255730 2132.5
1255740 2143.7
1255750 2143.7
1255760 2168.9
1255770 2182.4
1255780 2182.4
1255790 2185.3
1255800 2185.1
1255810 2185.1
1255820 2190.6
1255830 2198.9
1255840 2198.9
1255850 2206.1
1255860 2204.4
1255870 2204.4
1255880 2198.5
1255890 2203.9
1255900 2216.0
1255910 2220.6
1255920 2226.0
1255930 2226.0
1255940 2232.4
1255950 2240.0
1255960 2240.0
1255970 2244.1
1255980 2248.7
1255990 2248.7
1256000 2254.9
1256010 2262.1
1256020 2270.7
1256030 2270.7
1256040 2277.6
1256050 2287.9
1256060 2287.9
1256070 2297.8
1256080 2302.4
1256090 2302.4
1256100 2312.9
1256110 2318.9
1256120 2318.9
1256130 2321.9
1256140 2323.3
1256150 2323.3
1256160 2326.2
1256170 2329.6
1256180 2329.6
1256190 2332.4
1256200 2338.0
1256210 2338.0
1256220 2334.0
1256230 2326.2
1256240 2326.2
1256250 2319.0
1256260 2316.0
1256270 2316.0
1256280 2317.1
1256290 2320.0
1256300 2324.7
1256310 2324.7
1256320 2328.9
1256330 2329.5
1256340 2329.5
1256350 2318.1
1256360 2300.5
1256370 2300.5
1256380 2289.3
1256390 2278.3
1256400 2278.3
1256410 2260.3
1256420 2235.3
1256430 2235.3
1256440 2216.5
1256450 2202.8
1256460 2214.6
1256470 2200.1
1256480 2182.6
1256490 2182.6
1256500 2169.0
1256510 2163.1
1256520 2163.1
1256530 2161.8
1256540 2164.2
1256550 2164.2
1256560 2172.4
1256570 2178.4
1256580 2178.7
1256590 2178.7
1256600 2177.0
1256610 2171.2
1256620 2171.2
1256630 2170.3
1256640 2168.1
1256650 2168.1
1256660 2166.3
1256670 2162.9
1256680 2162.9
1256690 2155.3
1256700 2145.0
1256710 2145.0
1256720 2133.4
1256730 2123.3
1256740 2123.3
1256750 2113.6
1256760 2101.0
1256770 2101.0
1256780 2087.2
1256790 2074.2
1256800 2074.2
1256810 2059.5
1256820 2046.3
1256830 2046.3
1256840 2035.1
1256850 2029.2
1256860 2022.4
1256870 2022.4
1256880 2011.1
1256890 2003.8
1256900 2003.8
1256910 1998.9
1256920 1991.8
1256930 1991.8
1256940 1983.9
1256950 1977.5
1256960 1977.5
1256970 1972.4
1256980 1966.7
1256990 1966.7
1257000 1960.6
1257010 1954.9
1257020 1958.0
1257030 1953.3
1257040 1948.8
1257050 1948.8
1257060 1943.1
1257070 1936.9
1257080 1936.9
1257090 1930.4
1257100 1924.1
1257110 1924.1
1257120 1918.0
1257130 1912.4
1257140 1907.4
1257150 1907.4
1257160 1902.3
1257170 1896.7
1257180 1896.7
1257190 1891.2
1257200 1886.6
1257210 1886.6
1257220 1882.0
1257230 1877.2
1257240 1877.2
1257250 1872.1
1257260 1866.7
1257270 1866.7
1257280 1860.8
1257290 1854.9
1257300 1854.9
1257310 1849.5
1257320 1844.8
1257330 1844.8
1257340 1839.7
1257350 1834.3
1257360 1834.3
1257370 1828.9
1257380 1823.8
1257390 1823.8
1257400 1818.7
1257410 1813.6
1257420 1808.8
1257430 1808.8
1257440 1804.1
1257450 1799.5
1257460 1799.5
1257470 1794.9
1257480 1790.2
1257490 1790.2
1257500 1785.8
1257510 1781.6
1257520 1781.6
1257530 1777.7
1257540 1774.2
1257550 1774.2
1257560 1770.7
1257570 1767.2
1257580 1769.2
1257590 1766.5
1257600 1764.1
1257610 1764.1
1257620 1761.7
1257630 1759.2
1257640 1759.2
1257650 1757.5
1257660 1755.9
1257670 1755.9
1257680 1755.2
1257690 1755.0
1257700 1754.1
1257710 1754.1
1257720 1754.2
1257730 1754.6
1257740 1754.6
1257750 1755.5
1257760 1754.4
1257770 1754.4
1257780 1751.5
1257790 1749.5
1257800 1749.5
1257810 1747.3
1257820 1745.2
1257830 1745.2
1257840 1742.0
1257850 1737.9
1257860 1737.9
1257870 1734.6
1257880 1731.5
1257890 1731.5
1257900 1727.6
1257910 1724.1
1257920 1724.1
1257930 1720.8
1257940 1717.7
1257950 1714.1
1257960 1714.1
1257970 1710.5
1257980 1707.8
1257990 1707.8
1258000 1704.6
1258010 1701.5
1258020 1701.5
1258030 1699.1
1258040 1697.9
1258050 1697.9
1258060 1697.1
1258070 1696.0
1258080 1696.0
1258090 1694.2
1258100 1692.4
1258110 1692.4
1258120 1690.0
1258130 1687.7
1258140 1691.8
1258150 1690.1
1258160 1687.1
1258170 1687.1
1258180 1684.3
1258190 1681.5
1258200 1681.5
1258210 1679.2
1258220 1676.2
1258230 1673.4
1258240 1673.4
1258250 1671.9
1258260 1669.1
1258270 1669.1
1258280 1667.1
1258290 1665.5
1258300 1665.5
1258310 1664.6
1258320 1663.6
1258330 1663.6
1258340 1662.6
1258350 1661.9
1258360 1661.9
1258370 1660.4
1258380 1660.7
1258390 1660.7
1258400 1660.8
1258410 1660.4
1258420 1660.4
1258430 1661.5
1258440 1663.4
1258450 1663.4
1258460 1664.8
1258470 1665.9
1258480 1665.9
1258490 1667.3
1258500 1669.3
1258510 1673.6
1258520 1673.6
1258530 1677.4
1258540 1681.7
1258550 1681.7
1258560 1679.8
1258570 1675.4
1258580 1675.4
1258590 1671.4
1258600 1661.0
1258610 1661.0
1258620 1649.1
1258630 1638.6
1258640 1638.6
1258650 1627.8
1258660 1619.3
1258670 1619.3
1258680 1611.0
1258690 1602.9
1258700 1602.9
1258710 1595.8
1258720 1586.6
1258730 1586.6
1258740 1578.1
1258750 1569.9
1258760 1569.9
1258770 1563.5
1258780 1556.6
1258790 1549.3
1258800 1549.3
1258810 1542.2
1258820 1535.3
1258830 1535.3
1258840 1528.6
1258850 1521.7
1258860 1521.7
1258870 1514.8
1258880 1507.9
1258890 1507.9
1258900 1501.1
1258910 1494.4
1258920 1494.4
1258930 1487.5
1258940 1480.5
1258950 1480.5
1258960 1473.6
1258970 1466.7
1258980 1466.7
1258990 1460.1
1259000 1453.4
1259010 1453.4
1259020 1446.6
1259030 1440.1
1259040 1440.1
1259050 1433.9
1259060 1427.9
1259070 1421.9
1259080 1421.9
1259090 1416.5
1259100 1411.0
1259110 1411.0
1259120 1406.8
1259130 1404.7
1259140 1404.7
1259150 1402.1
1259160 1399.5
1259170 1399.5
1259180 1397.2
1259190 1395.5
1259200 1395.5
1259210 1395.8
1259220 1396.2
1259230 1396.2
1259240 1396.2
1259250 1395.7
1259260 1395.7
1259270 1396.0
1259280 1395.3
1259290 1395.3
1259300 1395.1
1259310 1395.4
1259320 1395.4
1259330 1395.1
1259340 1391.8
1259350 1387.3
1259360 1387.3
1259370 1386.8
1259380 1388.5
1259390 1388.5
1259400 1391.3
1259410 1396.8
1259420 1396.8
1259430 1403.2
1259440 1409.5
1259450 1409.5
1259460 1415.9
1259470 1421.2
1259480 1421.2
1259490 1424.4
1259500 1428.9
1259510 1428.9
1259520 1434.2
1259530 1440.3
1259540 1440.3
1259550 1446.8
1259560 1453.4
1259570 1453.4
1259580 1460.0
1259590 1466.5
1259600 1466.5
1259610 1473.1
1259620 1479.6
1259630 1485.1
1259640 1485.1
1259650 1489.7
1259660 1493.6
1259670 1493.6
1259680 1497.0
1259690 1500.5
1259700 1500.5
1259710 1503.8
1259720 1506.4
1259730 1506.4
1259740 1509.5
1259750 1512.7
1259760 1512.7
1259770 1516.0
1259780 1520.6
1259790 1520.6
1259800 1525.5
1259810 1529.2
1259820 1529.2
1259830 1533.8
1259840 1538.9
1259850 1538.9
1259860 1542.4
1259870 1545.1
1259880 1545.1
1259890 1548.2
1259900 1549.6
1259910 1551.2
1259920 1551.2
1259930 1552.6
1259940 1552.3
1259950 1552.3
1259960 1552.2
1259970 1553.1
1259980 1553.1
1259990 1555.3
