1240000 1324.7
1240010 1327.1
1240020 1327.1
1240030 1330.2
1240040 1334.0
1240050 1338.9
1240060 1342.6
1240070 1346.8
1240080 1350.6
1240090 1350.6
1240100 1353.4
1240110 1355.4
1240120 1355.4
1240130 1357.3
1240140 1358.9
1240150 1358.9
1240160 1361.1
1240170 1362.4
1240180 1362.4
1240190 1362.6
1240200 1361.7
1240210 1361.7
1240220 1364.5
1240230 1370.4
1240240 1370.4
1240250 1374.7
1240260 1379.3
1240270 1379.3
1240280 1383.6
1240290 1386.3
1240300 1386.3
1240310 1388.5
1240320 1391.3
1240330 1391.3
1240340 1394.2
1240350 1397.4
1240360 1399.6
1240370 1399.6
1240380 1401.3
1240390 1403.4
1240400 1403.4
1240410 1405.7
1240420 1407.9
1240430 1407.9
1240440 1407.7
1240450 1407.3
1240460 1407.3
1240470 1408.7
1240480 1410.0
1240490 1410.0
1240500 1410.6
1240510 1410.6
1240520 1410.6
1240530 1410.3
1240540 1411.8
1240550 1411.8
1240560 1415.9
1240570 1419.9
1240580 1419.9
1240590 1425.5
1240600 1431.6
1240610 1431.6
1240620 1435.7
1240630 1435.4
1240640 1435.2
1240650 1435.2
1240660 1436.1
1240670 1436.1
1240680 1436.1
1240690 1434.8
1240700 1434.1
1240710 1434.1
1240720 1435.0
1240730 1435.4
1240740 1435.4
1240750 1432.2
1240760 1432.0
1240770 1432.0
1240780 1433.9
1240790 1434.7
1240800 1434.7
1240810 1435.7
1240820 1436.5
1240830 1436.5
1240840 1438.2
1240850 1438.8
1240860 1438.8
1240870 1439.4
1240880 1440.0
1240890 1440.0
1240900 1439.2
1240910 1438.9
1240920 1439.9
1240930 1439.9
1240940 1440.4
1240950 1441.9
1240960 1441.9
1240970 1445.0
1240980 1449.9
1240990 1449.9
1241000 1454.9
1241010 1459.5
1241020 1459.5
1241030 1463.6
1241040 1468.9
1241050 1468.9
1241060 1473.9
1241070 1477.9
1241080 1477.9
1241090 1480.1
1241100 1481.8
1241110 1481.8
1241120 1482.8
1241130 1483.7
1241140 1483.7
1241150 1484.4
1241160 1484.7
1241170 1484.7
1241180 1485.1
1241190 1485.2
1241200 1484.2
1241210 1484.2
1241220 1481.5
1241230 1478.7
1241240 1478.7
1241250 1476.5
1241260 1473.5
1241270 1473.5
1241280 1470.7
1241290 1468.7
1241300 1468.7
1241310 1467.3
1241320 1466.5
1241330 1466.5
1241340 1465.6
1241350 1464.7
1241360 1464.7
1241370 1464.3
1241380 1464.5
1241390 1464.5
1241400 1464.8
1241410 1465.3
1241420 1465.3
1241430 1466.3
1241440 1467.5
1241450 1467.5
1241460 1468.9
1241470 1470.5
1241480 1472.3
1241490 1472.3
1241500 1474.0
1241510 1475.4
1241520 1475.4
1241530 1477.2
1241540 1479.5
1241550 1479.5
1241560 1482.3
1241570 1485.3
1241580 1485.3
1241590 1488.3
1241600 1490.4
1241610 1490.4
1241620 1494.9
1241630 1497.6
1241640 1497.6
1241650 1499.9
1241660 1501.0
1241670 1501.0
1241680 1501.8
1241690 1502.0
1241700 1502.0
1241710 1501.8
1241720 1501.2
1241730 1501.2
1241740 1500.3
1241750 1499.2
1241760 1498.1
1241770 1498.1
1241780 1496.8
1241790 1495.8
1241800 1495.8
1241810 1494.6
1241820 1493.0
1241830 1493.0
1241840 1491.2
1241850 1490.1
1241860 1490.1
1241870 1489.5
1241880 1488.6
1241890 1488.6
1241900 1486.6
1241910 1485.4
1241920 1485.4
1241930 1485.0
1241940 1484.0
1241950 1484.0
1241960 1480.9
1241970 1477.6
1241980 1477.6
1241990 1474.2
1242000 1469.8
1242010 1469.8
1242020 1467.0
1242030 1466.0
1242040 1464.2
1242050 1464.2
1242060 1461.9
1242070 1459.7
1242080 1459.7
1242090 1457.2
1242100 1454.7
1242110 1454.7
1242120 1452.4
1242130 1449.4
1242140 1446.3
1242150 1441.4
1242160 1437.1
1242170 1437.1
1242180 1434.4
1242190 1431.3
1242200 1431.3
1242210 1429.9
1242220 1429.4
1242230 1429.4
1242240 1428.5
1242250 1427.8
1242260 1427.8
1242270 1427.1
1242280 1426.1
1242290 1426.1
1242300 1425.2
1242310 1424.1
1242320 1422.0
1242330 1422.0
1242340 1418.9
1242350 1415.8
1242360 1415.8
1242370 1413.8
1242380 1411.9
1242390 1411.9
1242400 1410.4
1242410 1409.8
1242420 1409.8
1242430 1409.3
1242440 1409.3
1242450 1409.3
1242460 1407.0
1242470 1403.8
1242480 1403.8
1242490 1402.6
1242500 1400.5
1242510 1400.5
1242520 1398.2
1242530 1394.5
1242540 1394.5
1242550 1389.4
1242560 1386.1
1242570 1386.1
1242580 1384.8
1242590 1383.9
1242600 1383.0
1242610 1383.0
1242620 1381.6
1242630 1378.9
1242640 1378.9
1242650 1374.9
1242660 1371.0
1242670 1368.4
1242680 1363.8
1242690 1360.7
1242700 1360.7
1242710 1357.6
1242720 1354.9
1242730 1354.9
1242740 1354.7
1242750 1353.9
1242760 1353.9
1242770 1351.3
1242780 1347.3
1242790 1347.3
1242800 1342.7
1242810 1339.2
1242820 1339.2
1242830 1336.6
1242840 1337.0
1242850 1337.0
1242860 1338.6
1242870 1338.4
1242880 1337.3
1242890 1337.3
1242900 1335.4
1242910 1334.6
1242920 1334.6
1242930 1334.0
1242940 1332.6
1242950 1332.6
1242960 1330.8
1242970 1330.2
1242980 1330.2
1242990 1330.4
1243000 1329.6
1243010 1329.6
1243020 1327.5
1243030 1325.6
1243040 1325.6
1243050 1322.2
1243060 1316.2
1243070 1316.2
1243080 1312.1
1243090 1310.4
1243100 1310.4
1243110 1309.2
1243120 1308.3
1243130 1308.3
1243140 1307.0
1243150 1303.2
1243160 1298.0
1243170 1298.0
1243180 1295.1
1243190 1294.0
1243200 1283.8
1243210 1280.2
1243220 1277.1
1243230 1277.1
1243240 1274.6
1243250 1272.7
1243260 1272.7
1243270 1272.1
1243280 1271.8
1243290 1271.8
1243300 1272.0
1243310 1273.1
1243320 1273.1
1243330 1275.3
1243340 1276.6
1243350 1276.6
1243360 1275.5
1243370 1273.9
1243380 1273.9
1243390 1273.0
1243400 1272.4
1243410 1272.4
1243420 1272.3
1243430 1271.7
1243440 1267.6
1243450 1267.6
1243460 1261.2
1243470 1256.9
1243480 1256.9
1243490 1254.5
1243500 1252.8
1243510 1252.8
1243520 1251.4
1243530 1250.6
1243540 1250.6
1243550 1249.7
1243560 1247.5
1243570 1247.5
1243580 1243.4
1243590 1239.9
1243600 1239.9
1243610 1237.8
1243620 1235.5
1243630 1235.5
1243640 1233.9
1243650 1232.1
1243660 1232.1
1243670 1229.0
1243680 1227.6
1243690 1227.6
1243700 1228.0
1243710 1228.8
1243720 1227.1
1243730 1227.1
1243740 1227.0
1243750 1226.5
1243760 1226.5
1243770 1225.7
1243780 1224.8
1243790 1224.8
1243800 1223.9
1243810 1222.4
1243820 1222.4
1243830 1220.9
1243840 1220.1
1243850 1220.1
1243860 1220.7
1243870 1220.2
1243880 1220.2
1243890 1216.1
1243900 1210.9
1243910 1210.9
1243920 1206.1
1243930 1202.1
1243940 1202.1
1243950 1199.3
1243960 1198.0
1243970 1198.0
1243980 1196.7
1243990 1194.1
1244000 1191.7
1244010 1191.7
1244020 1189.9
1244030 1188.1
1244040 1188.1
1244050 1187.0
1244060 1186.9
1244070 1186.9
1244080 1186.8
1244090 1186.7
1244100 1186.7
1244110 1186.9
1244120 1187.0
1244130 1187.0
1244140 1186.9
1244150 1186.4
1244160 1186.4
1244170 1185.8
1244180 1185.0
1244190 1185.0
1244200 1184.4
1244210 1183.9
1244220 1183.9
1244230 1183.6
1244240 1183.4
1244250 1183.2
1244260 1182.5
1244270 1181.3
1244280 1180.9
1244290 1180.9
1244300 1181.0
1244310 1180.6
1244320 1180.6
1244330 1180.1
1244340 1179.6
1244350 1179.6
1244360 1179.1
1244370 1179.0
1244380 1179.0
1244390 1179.0
1244400 1179.2
1244410 1179.2
1244420 1179.4
1244430 1179.3
1244440 1179.3
1244450 1179.2
1244460 1179.2
1244470 1179.2
1244480 1179.1
1244490 1179.0
1244500 1179.0
1244510 1179.0
1244520 1178.9
1244530 1178.9
1244540 1178.8
1244550 1178.9
1244560 1178.9
1244570 1178.9
1244580 1178.8
1244590 1178.8
1244600 1178.8
1244610 1178.9
1244620 1178.9
1244630 1178.9
1244640 1179.0
1244650 1179.3
1244660 1179.3
1244670 1179.5
1244680 1179.6
1244690 1179.6
1244700 1180.0
1244710 1181.3
1244720 1181.3
1244730 1182.9
1244740 1185.1
1244750 1185.1
1244760 1187.0
1244770 1188.8
1244780 1188.8
1244790 1191.7
1244800 1193.7
1244810 1193.7
1244820 1195.7
1244830 1197.3
1244840 1198.4
1244850 1198.4
1244860 1199.2
1244870 1199.6
1244880 1199.6
1244890 1199.9
1244900 1199.8
1244910 1199.8
1244920 1200.0
1244930 1200.7
1244940 1200.7
1244950 1201.9
1244960 1203.5
1244970 1203.5
1244980 1205.0
1244990 1205.9
1245000 1205.9
1245010 1206.2
1245020 1206.0
1245030 1206.0
1245040 1205.3
1245050 1205.0
1245060 1205.0
1245070 1204.5
1245080 1203.8
1245090 1203.8
1245100 1203.4
1245110 1203.7
1245120 1204.8
1245130 1204.8
1245140 1206.3
1245150 1206.7
1245160 1206.7
1245170 1206.1
1245180 1205.0
1245190 1205.0
1245200 1203.6
1245210 1201.9
1245220 1201.9
1245230 1200.1
1245240 1198.2
1245250 1198.2
1245260 1196.1
1245270 1193.3
1245280 1193.3
1245290 1189.7
1245300 1186.1
1245310 1186.1
1245320 1183.4
1245330 1180.7
1245340 1180.7
1245350 1178.7
1245360 1177.8
1245370 1177.8
1245380 1177.3
1245390 1177.8
1245400 1178.0
1245410 1178.0
1245420 1178.8
1245430 1179.0
1245440 1179.0
1245450 1178.9
1245460 1178.8
1245470 1178.8
1245480 1178.8
1245490 1178.8
1245500 1178.8
1245510 1178.7
1245520 1178.8
1245530 1178.8
1245540 1178.8
1245550 1178.9
1245560 1178.9
1245570 1179.3
1245580 1179.5
1245590 1179.5
1245600 1179.5
1245610 1179.6
1245620 1179.6
1245630 1179.8
1245640 1180.6
1245650 1180.6
1245660 1181.2
1245670 1180.7
1245680 1180.7
1245690 1180.7
1245700 1181.1
1245710 1181.3
1245720 1181.3
1245730 1181.6
1245740 1181.9
1245750 1181.9
1245760 1182.1
1245770 1182.6
1245780 1182.6
1245790 1183.0
1245800 1183.4
1245810 1183.4
1245820 1183.8
1245830 1183.9
1245840 1183.9
1245850 1184.2
1245860 1184.4
1245870 1184.4
1245880 1184.5
1245890 1184.9
1245900 1184.9
1245910 1185.2
1245920 1185.8
1245930 1185.8
1245940 1186.4
1245950 1186.4
1245960 1187.0
1245970 1187.0
1245980 1187.5
1245990 1187.7
1246000 1187.7
1246010 1188.2
1246020 1188.5
1246030 1188.5
1246040 1188.7
1246050 1188.9
1246060 1188.9
1246070 1189.2
1246080 1189.4
1246090 1189.4
1246100 1189.9
1246110 1190.3
1246120 1190.3
1246130 1190.6
1246140 1191.1
1246150 1191.1
1246160 1191.3
1246170 1191.4
1246180 1191.4
1246190 1191.5
1246200 1191.6
1246210 1191.6
1246220 1192.4
1246230 1192.7
1246240 1192.4
1246250 1192.4
1246260 1192.1
1246270 1192.3
1246280 1192.3
1246290 1192.9
1246300 1193.1
1246310 1193.1
1246320 1193.0
1246330 1193.0
1246340 1193.0
1246350 1193.3
1246360 1193.7
1246370 1193.7
1246380 1194.2
1246390 1194.6
1246400 1194.6
1246410 1194.8
1246420 1194.7
1246430 1194.7
1246440 1195.0
1246450 1195.8
1246460 1195.8
1246470 1196.1
1246480 1196.3
1246490 1196.3
1246500 1197.2
1246510 1198.0
1246520 1198.1
1246530 1198.1
1246540 1198.3
1246550 1198.8
1246560 1198.8
1246570 1199.4
1246580 1199.5
1246590 1199.5
1246600 1199.4
1246610 1199.1
1246620 1199.1
1246630 1199.4
1246640 1200.9
1246650 1200.9
1246660 1199.2
1246670 1198.7
1246680 1198.7
1246690 1198.9
1246700 1198.9
1246710 1198.9
1246720 1199.3
1246730 1199.7
1246740 1199.7
1246750 1199.8
1246760 1202.6
1246770 1202.6
1246780 1204.9
1246790 1206.3
1246800 1207.6
1246810 1207.6
1246820 1208.4
1246830 1209.1
1246840 1209.1
1246850 1209.7
1246860 1209.9
1246870 1209.9
1246880 1210.3
1246890 1211.1
1246900 1211.1
1246910 1212.4
1246920 1214.4
1246930 1214.4
1246940 1218.2
1246950 1223.2
1246960 1223.2
1246970 1228.8
1246980 1233.8
1246990 1233.8
1247000 1237.3
1247010 1239.6
1247020 1239.6
1247030 1242.1
1247040 1244.3
1247050 1244.3
1247060 1246.2
1247070 1248.6
1247080 1251.6
1247090 1251.6
1247100 1253.7
1247110 1255.6
1247120 1255.6
1247130 1257.8
1247140 1259.9
1247150 1259.9
1247160 1260.9
1247170 1262.6
1247180 1262.6
1247190 1265.4
1247200 1267.9
1247210 1267.9
1247220 1270.6
1247230 1271.9
1247240 1271.9
1247250 1273.2
1247260 1275.0
1247270 1275.0
1247280 1276.9
1247290 1278.7
1247300 1278.7
1247310 1280.0
1247320 1282.5
1247330 1282.5
1247340 1285.7
1247350 1288.7
1247360 1290.9
1247370 1290.9
1247380 1292.0
1247390 1294.1
1247400 1294.1
1247410 1298.3
1247420 1302.9
1247430 1302.9
1247440 1306.9
1247450 1310.7
1247460 1312.3
1247470 1316.4
1247480 1320.3
1247490 1320.3
1247500 1324.1
1247510 1327.8
1247520 1327.8
1247530 1331.9
1247540 1337.0
1247550 1337.0
1247560 1341.9
1247570 1345.6
1247580 1345.6
1247590 1348.8
1247600 1351.3
1247610 1351.3
1247620 1353.0
1247630 1353.6
1247640 1354.1
1247650 1354.1
1247660 1354.8
1247670 1356.1
1247680 1356.1
1247690 1357.3
1247700 1358.7
1247710 1358.7
1247720 1361.3
1247730 1364.9
1247740 1364.9
1247750 1369.0
1247760 1372.9
1247770 1372.9
1247780 1375.6
1247790 1378.6
1247800 1378.6
1247810 1381.5
1247820 1384.8
1247830 1384.8
1247840 1388.5
1247850 1393.3
1247860 1393.3
1247870 1401.3
1247880 1411.2
1247890 1411.2
1247900 1421.9
1247910 1430.1
1247920 1435.2
1247930 1435.2
1247940 1439.5
1247950 1444.5
1247960 1444.5
1247970 1450.2
1247980 1456.6
1247990 1457.8
1248000 1462.5
1248010 1466.8
1248020 1466.8
1248030 1471.0
1248040 1476.8
1248050 1476.8
1248060 1484.0
1248070 1491.6
1248080 1491.6
1248090 1500.1
1248100 1510.8
1248110 1510.8
1248120 1517.7
1248130 1522.8
1248140 1522.8
1248150 1528.5
1248160 1533.0
1248170 1533.0
1248180 1536.8
1248190 1541.4
1248200 1545.4
1248210 1545.4
1248220 1548.5
1248230 1550.9
1248240 1550.9
1248250 1554.3
1248260 1559.5
1248270 1559.5
1248280 1565.7
1248290 1572.7
1248300 1572.7
1248310 1581.0
1248320 1589.5
1248330 1589.5
1248340 1594.3
1248350 1598.9
1248360 1598.9
1248370 1599.6
1248380 1598.4
1248390 1598.4
1248400 1599.2
1248410 1600.9
1248420 1600.9
1248430 1603.2
1248440 1604.8
1248450 1604.8
1248460 1605.9
1248470 1608.7
1248480 1614.3
1248490 1614.3
1248500 1619.0
1248510 1623.0
1248520 1623.0
1248530 1626.3
1248540 1630.7
1248550 1630.7
1248560 1635.0
1248570 1640.4
1248580 1640.4
1248590 1645.7
1248600 1649.5
1248610 1649.5
1248620 1651.5
1248630 1654.5
1248640 1654.5
1248650 1657.0
1248660 1659.1
1248670 1659.1
1248680 1662.2
1248690 1666.0
1248700 1666.0
1248710 1669.0
1248720 1671.4
1248730 1671.4
1248740 1674.1
1248750 1678.3
1248760 1683.6
1248770 1683.6
1248780 1689.1
1248790 1694.2
1248800 1694.2
1248810 1699.5
1248820 1704.9
1248830 1704.9
1248840 1710.1
1248850 1715.3
1248860 1715.3
1248870 1720.9
1248880 1727.0
1248890 1727.0
1248900 1732.5
1248910 1737.0
1248920 1737.0
1248930 1740.4
1248940 1744.2
1248950 1744.2
1248960 1748.8
1248970 1752.7
1248980 1752.7
1248990 1755.6
1249000 1756.4
1249010 1756.4
1249020 1758.8
1249030 1762.0
1249040 1764.8
1249050 1764.8
1249060 1768.0
1249070 1767.0
1249080 1767.0
1249090 1769.7
1249100 1773.8
1249110 1773.8
1249120 1778.6
1249130 1782.1
1249140 1782.1
1249150 1784.5
1249160 1787.0
1249170 1787.0
1249180 1789.8
1249190 1792.6
1249200 1792.6
1249210 1795.7
1249220 1799.2
1249230 1799.2
1249240 1803.8
1249250 1808.2
1249260 1808.2
1249270 1811.5
1249280 1816.4
1249290 1816.4
1249300 1822.3
1249310 1828.3
1249320 1833.1
1249330 1833.1
1249340 1835.7
1249350 1838.1
1249360 1838.1
1249370 1841.0
1249380 1843.3
1249390 1843.3
1249400 1844.2
1249410 1846.2
1249420 1846.2
1249430 1852.9
1249440 1858.5
1249450 1858.5
1249460 1863.1
1249470 1868.1
1249480 1868.1
1249490 1873.1
1249500 1878.6
1249510 1878.6
1249520 1885.7
1249530 1893.1
1249540 1893.1
1249550 1899.9
1249560 1906.6
1249570 1906.6
1249580 1913.2
1249590 1920.4
1249600 1927.3
1249610 1927.3
1249620 1935.7
1249630 1942.7
1249640 1942.7
1249650 1949.5
1249660 1956.4
1249670 1956.4
1249680 1963.2
1249690 1970.7
1249700 1970.7
1249710 1979.1
1249720 1987.0
1249730 1987.0
1249740 1994.8
1249750 2003.3
1249760 2003.3
1249770 2011.4
1249780 2019.1
1249790 2019.1
1249800 2026.4
1249810 2033.9
1249820 2033.9
1249830 2041.7
1249840 2050.7
1249850 2050.7
1249860 2059.0
1249870 2066.9
1249880 2074.5
1249890 2074.5
1249900 2082.6
1249910 2090.5
1249920 2090.5
1249930 2098.3
1249940 2105.7
1249950 2105.7
1249960 2113.1
1249970 2120.6
1249980 2120.6
1249990 2128.6
1250000 2136.2
1250010 2136.2
1250020 2142.7
1250030 2148.7
1250040 2148.7
1250050 2155.0
1250060 2161.2
1250070 2161.2
1250080 2167.3
1250090 2172.8
1250100 2172.8
1250110 2177.5
1250120 2181.8
1250130 2181.8
1250140 2186.1
1250150 2190.2
1250160 2189.4
1250170 2189.4
1250180 2195.5
1250190 2201.4
1250200 2201.4
1250210 2207.0
1250220 2212.7
1250230 2212.7
1250240 2218.4
1250250 2215.7
1250260 2215.7
1250270 2204.0
1250280 2198.8
1250290 2198.8
1250300 2198.0
1250310 2190.8
1250320 2190.8
1250330 2181.1
1250340 2178.2
1250350 2178.2
1250360 2171.2
1250370 2169.6
1250380 2169.6
1250390 2155.7
1250400 2148.4
1250410 2148.4
1250420 2147.7
1250430 2133.6
1250440 2121.3
1250450 2121.3
1250460 2115.4
1250470 2108.4
1250480 2108.4
1250490 2103.0
1250500 2097.6
1250510 2097.6
1250520 2091.6
1250530 2085.0
1250540 2085.0
1250550 2078.3
1250560 2071.7
1250570 2071.7
1250580 2066.3
1250590 2061.8
1250600 2061.8
1250610 2058.4
1250620 2056.9
1250630 2056.9
1250640 2056.4
1250650 2055.8
1250660 2055.8
1250670 2056.1
1250680 2056.8
1250690 2056.8
1250700 2062.6
1250710 2063.7
1250720 2065.9
1250730 2065.9
1250740 2068.9
1250750 2072.5
1250760 2072.5
1250770 2076.6
1250780 2081.3
1250790 2081.3
1250800 2086.5
1250810 2091.9
1250820 2091.9
1250830 2097.5
1250840 2103.5
1250850 2103.5
1250860 2109.7
1250870 2116.1
1250880 2116.1
1250890 2122.8
1250900 2129.8
1250910 2129.8
1250920 2137.3
1250930 2146.2
1250940 2146.2
1250950 2157.1
1250960 2166.8
1250970 2166.8
1250980 2182.1
1250990 2197.5
1251000 2206.7
1251010 2206.7
1251020 2212.7
1251030 2208.7
1251040 2208.7
1251050 2192.6
1251060 2174.8
1251070 2174.8
1251080 2159.9
1251090 2156.3
1251100 2156.3
1251110 2146.1
1251120 2133.8
1251130 2133.8
1251140 2130.8
1251150 2129.5
1251160 2129.5
1251170 2119.1
1251180 2110.5
1251190 2110.5
1251200 2092.6
1251210 2069.4
1251220 2069.4
1251230 2045.7
1251240 2020.9
1251250 2015.9
1251260 2005.4
1251270 1999.8
1251280 1994.5
1251290 1994.5
1251300 1989.2
1251310 1984.1
1251320 1984.1
1251330 1978.9
1251340 1973.7
1251350 1973.7
1251360 1968.7
1251370 1963.6
1251380 1963.6
1251390 1958.5
1251400 1953.8
1251410 1953.8
1251420 1948.2
1251430 1942.5
1251440 1942.5
1251450 1937.7
1251460 1932.6
1251470 1932.6
1251480 1927.5
1251490 1922.4
1251500 1922.4
1251510 1917.2
1251520 1911.7
1251530 1911.7
1251540 1906.0
1251550 1900.4
1251560 1895.0
1251570 1895.0
1251580 1889.6
1251590 1884.7
1251600 1884.7
1251610 1880.7
1251620 1877.1
1251630 1877.1
1251640 1873.3
1251650 1869.1
1251660 1869.1
1251670 1864.3
1251680 1859.7
1251690 1859.7
1251700 1855.2
1251710 1850.5
1251720 1850.5
1251730 1845.6
1251740 1841.2
1251750 1841.2
1251760 1836.7
1251770 1832.1
1251780 1832.1
1251790 1827.6
1251800 1827.1
1251810 1827.1
1251820 1822.5
1251830 1818.0
1251840 1813.5
1251850 1813.5
1251860 1809.2
1251870 1805.0
1251880 1805.0
1251890 1800.8
1251900 1796.3
1251910 1796.3
1251920 1791.6
1251930 1787.2
1251940 1787.2
1251950 1783.0
1251960 1778.7
1251970 1778.7
1251980 1774.3
1251990 1769.9
1252000 1769.9
1252010 1766.0
1252020 1762.8
1252030 1762.8
1252040 1759.6
1252050 1755.8
1252060 1755.8
1252070 1751.9
1252080 1748.3
1252090 1748.3
1252100 1744.1
1252110 1739.8
1252120 1736.3
1252130 1736.3
1252140 1733.0
1252150 1728.9
1252160 1728.9
1252170 1724.0
1252180 1719.1
1252190 1719.1
1252200 1713.4
1252210 1708.3
1252220 1708.3
1252230 1704.3
1252240 1700.9
1252250 1700.9
1252260 1696.6
1252270 1692.2
1252280 1692.2
1252290 1687.9
1252300 1683.6
1252310 1683.6
1252320 1679.4
1252330 1675.6
1252340 1678.2
1252350 1674.8
1252360 1671.7
1252370 1671.7
1252380 1668.7
1252390 1665.5
1252400 1660.6
1252410 1660.6
1252420 1658.6
1252430 1661.0
1252440 1661.0
1252450 1660.7
1252460 1659.5
1252470 1659.5
1252480 1658.5
1252490 1657.5
1252500 1657.5
1252510 1656.1
1252520 1654.4
1252530 1654.4
1252540 1653.4
1252550 1651.8
1252560 1651.8
1252570 1651.0
1252580 1650.3
1252590 1650.3
1252600 1648.7
1252610 1648.3
1252620 1648.3
1252630 1648.3
1252640 1648.9
1252650 1648.9
1252660 1649.0
1252670 1650.0
1252680 1650.7
1252690 1650.7
1252700 1652.9
1252710 1656.4
1252720 1656.4
1252730 1659.9
1252740 1663.3
1252750 1663.3
1252760 1666.9
1252770 1672.8
1252780 1672.8
1252790 1679.4
1252800 1684.9
1252810 1684.9
1252820 1689.0
1252830 1693.9
1252840 1693.9
1252850 1699.0
1252860 1704.7
1252870 1704.7
1252880 1710.4
1252890 1721.6
1252900 1721.6
1252910 1728.3
1252920 1737.1
1252930 1737.1
1252940 1745.4
1252950 1757.0
1252960 1776.2
1252970 1776.2
1252980 1783.6
1252990 1791.1
1253000 1791.1
1253010 1793.6
1253020 1797.8
1253030 1797.8
1253040 1794.8
1253050 1787.0
1253060 1787.0
1253070 1779.0
1253080 1773.1
1253090 1773.1
1253100 1767.2
1253110 1760.9
1253120 1760.9
1253130 1755.5
1253140 1753.8
1253150 1753.8
1253160 1753.8
1253170 1754.3
1253180 1754.3
1253190 1753.9
1253200 1754.0
1253210 1754.0
1253220 1748.7
1253230 1742.1
1253240 1735.6
1253250 1735.6
1253260 1728.7
1253270 1722.4
1253280 1722.4
1253290 1717.7
1253300 1713.3
1253310 1713.3
1253320 1708.0
1253330 1701.5
1253340 1701.5
1253350 1695.0
1253360 1689.3
1253370 1689.3
1253380 1684.3
1253390 1679.9
1253400 1679.9
1253410 1674.8
1253420 1669.5
1253430 1669.5
1253440 1665.8
1253450 1660.1
1253460 1660.1
1253470 1655.2
1253480 1651.0
1253490 1651.0
1253500 1646.6
1253510 1641.6
1253520 1636.2
1253530 1636.2
1253540 1630.7
1253550 1625.0
1253560 1625.0
1253570 1619.2
1253580 1613.2
1253590 1613.2
1253600 1607.3
1253610 1602.2
1253620 1602.2
1253630 1597.7
1253640 1594.1
1253650 1594.1
1253660 1592.6
1253670 1590.1
1253680 1590.1
1253690 1585.0
1253700 1581.7
1253710 1581.7
1253720 1584.2
1253730 1589.2
1253740 1589.2
1253750 1593.1
1253760 1594.1
1253770 1594.1
1253780 1590.8
1253790 1586.9
1253800 1585.2
1253810 1585.2
1253820 1583.8
1253830 1583.7
1253840 1583.7
1253850 1583.1
1253860 1580.8
1253870 1580.8
1253880 1578.9
1253890 1579.2
1253900 1579.2
1253910 1579.2
1253920 1579.1
1253930 1579.1
1253940 1579.7
1253950 1579.7
1253960 1579.7
1253970 1578.9
1253980 1579.5
1253990 1579.5
1254000 1583.9
1254010 1584.0
1254020 1584.0
1254030 1585.3
1254040 1585.2
1254050 1585.2
1254060 1583.3
1254070 1585.0
1254080 1588.5
1254090 1588.5
1254100 1587.0
1254110 1582.1
1254120 1582.1
1254130 1578.3
1254140 1572.4
1254150 1572.4
1254160 1566.5
1254170 1560.8
1254180 1560.8
1254190 1555.2
1254200 1550.6
1254210 1550.6
1254220 1546.3
1254230 1541.5
1254240 1541.5
1254250 1536.0
1254260 1530.7
1254270 1530.7
1254280 1525.1
1254290 1519.2
1254300 1519.2
1254310 1513.3
1254320 1511.3
1254330 1511.3
1254340 1512.2
1254350 1513.3
1254360 1514.6
1254370 1514.6
1254380 1516.2
1254390 1517.5
1254400 1517.5
1254410 1518.5
1254420 1519.7
1254430 1519.7
1254440 1520.8
1254450 1522.1
1254460 1522.1
1254470 1522.9
1254480 1523.8
1254490 1523.8
1254500 1525.0
1254510 1526.3
1254520 1526.3
1254530 1527.8
1254540 1529.3
1254550 1529.2
1254560 1530.7
1254570 1532.3
1254580 1532.3
1254590 1533.9
1254600 1535.4
1254610 1535.4
1254620 1536.7
1254630 1538.1
1254640 1539.6
1254650 1539.6
1254660 1541.1
1254670 1542.3
1254680 1542.3
1254690 1543.1
1254700 1543.9
1254710 1543.9
1254720 1544.7
1254730 1546.0
1254740 1546.0
1254750 1547.6
1254760 1548.9
1254770 1548.9
1254780 1548.7
1254790 1547.3
1254800 1547.3
1254810 1547.2
1254820 1548.7
1254830 1548.7
1254840 1550.6
1254850 1552.5
1254860 1552.5
1254870 1555.6
1254880 1557.3
1254890 1557.3
1254900 1559.0
1254910 1560.6
1254920 1564.7
1254930 1564.7
1254940 1571.1
1254950 1577.0
1254960 1577.0
1254970 1581.0
1254980 1583.8
1254990 1583.8
1255000 1585.5
1255010 1587.2
1255020 1587.2
1255030 1589.6
1255040 1592.3
1255050 1592.3
1255060 1597.2
1255070 1603.5
1255080 1603.5
1255090 1609.7
1255100 1616.9
1255110 1616.7
1255120 1623.7
1255130 1631.1
1255140 1631.1
1255150 1638.1
1255160 1644.9
1255170 1644.9
1255180 1651.5
1255190 1657.9
1255200 1664.2
1255210 1664.2
1255220 1670.5
1255230 1676.9
1255240 1676.9
1255250 1683.1
1255260 1689.7
1255270 1689.7
1255280 1696.1
1255290 1703.0
1255300 1703.0
1255310 1709.8
1255320 1717.1
1255330 1717.1
1255340 1726.3
1255350 1734.3
1255360 1734.3
1255370 1739.3
1255380 1743.0
1255390 1743.0
1255400 1743.4
1255410 1742.1
1255420 1742.1
1255430 1742.8
1255440 1744.1
1255450 1744.1
1255460 1744.7
1255470 1747.3
1255480 1750.2
1255490 1750.2
1255500 1753.6
1255510 1757.0
1255520 1757.0
1255530 1761.1
1255540 1765.1
1255550 1765.1
1255560 1768.8
1255570 1772.8
1255580 1772.8
1255590 1776.7
1255600 1780.6
1255610 1780.6
1255620 1784.5
1255630 1788.4
1255640 1788.4
1255650 1792.0
1255660 1799.5
1255670 1799.5
1255680 1802.7
1255690 1806.1
1255700 1806.1
1255710 1810.8
1255720 1814.7
1255730 1814.7
1255740 1817.3
1255750 1819.5
1255760 1826.2
1255770 1826.2
1255780 1833.0
1255790 1837.6
1255800 1837.6
1255810 1842.5
1255820 1845.0
1255830 1845.0
1255840 1847.3
1255850 1852.5
1255860 1852.5
1255870 1858.1
1255880 1863.4
1255890 1863.4
1255900 1868.2
1255910 1872.7
1255920 1872.7
1255930 1876.7
1255940 1880.3
1255950 1880.3
1255960 1883.4
1255970 1887.3
1255980 1887.3
1255990 1889.2
1256000 1888.8
1256010 1888.8
1256020 1892.2
1256030 1899.8
1256040 1906.8
1256050 1906.8
1256060 1912.4
1256070 1918.4
1256080 1918.4
1256090 1926.1
1256100 1933.9
1256110 1933.9
1256120 1943.5
1256130 1952.6
1256140 1952.6
1256150 1959.7
1256160 1963.4
1256170 1963.4
1256180 1968.5
1256190 1974.7
1256200 1974.7
1256210 1979.6
1256220 1990.1
1256230 1990.1
1256240 1996.7
1256250 2006.1
1256260 2006.1
1256270 2015.2
1256280 2023.1
1256290 2023.1
1256300 2031.4
1256310 2039.1
1256320 2044.4
1256330 2044.4
1256340 2052.4
1256350 2061.7
1256360 2061.7
1256370 2070.3
1256380 2077.4
1256390 2077.4
1256400 2083.3
1256410 2089.3
1256420 2089.3
1256430 2096.2
1256440 2104.0
1256450 2104.0
1256460 2111.1
1256470 2115.3
1256480 2115.3
1256490 2116.2
1256500 2115.8
1256510 2115.8
1256520 2118.9
1256530 2123.8
1256540 2123.8
1256550 2131.1
1256560 2138.2
1256570 2138.2
1256580 2137.3
1256590 2131.3
1256600 2128.5
1256610 2128.5
1256620 2130.0
1256630 2134.2
1256640 2134.2
1256650 2132.1
1256660 2132.1
1256670 2132.1
1256680 2133.7
1256690 2134.2
1256700 2134.2
1256710 2137.0
1256720 2138.4
1256730 2138.4
1256740 2137.5
1256750 2132.8
1256760 2132.8
1256770 2125.0
1256780 2112.3
1256790 2112.3
1256800 2106.0
1256810 2102.2
1256820 2102.2
1256830 2096.7
1256840 2090.7
1256850 2090.7
1256860 2081.4
1256870 2069.5
1256880 2062.2
1256890 2062.2
1256900 2057.3
1256910 2056.5
1256920 2056.5
1256930 2057.2
1256940 2058.4
1256950 2058.4
1256960 2060.9
1256970 2068.4
1256980 2068.4
1256990 2076.2
1257000 2086.0
1257010 2086.0
1257020 2085.2
1257030 2074.5
1257040 2074.5
1257050 2064.5
1257060 2054.0
1257070 2054.0
1257080 2046.8
1257090 2039.8
1257100 2039.8
1257110 2034.4
1257120 2030.6
1257130 2030.6
1257140 2027.3
1257150 2025.4
1257160 2024.1
1257170 2024.1
1257180 2023.7
1257190 2023.3
1257200 2023.3
1257210 2020.9
1257220 2017.6
1257230 2017.6
1257240 2014.7
1257250 2012.8
1257260 2012.8
1257270 2008.2
1257280 2004.4
1257290 2004.4
1257300 2004.2
1257310 2003.5
1257320 2003.5
1257330 1999.7
1257340 1991.1
1257350 1991.1
1257360 1984.2
1257370 1977.3
1257380 1977.3
1257390 1970.0
1257400 1963.1
1257410 1963.1
1257420 1957.6
1257430 1952.3
1257440 1946.2
1257450 1946.2
1257460 1940.3
1257470 1934.9
1257480 1934.9
1257490 1929.7
1257500 1924.8
1257510 1924.8
1257520 1919.4
1257530 1914.9
1257540 1914.9
1257550 1910.8
1257560 1905.2
1257570 1905.2
1257580 1897.6
1257590 1890.8
1257600 1890.8
1257610 1884.1
1257620 1877.3
1257630 1877.3
1257640 1870.5
1257650 1863.1
1257660 1863.1
1257670 1856.1
1257680 1848.8
1257690 1848.8
1257700 1841.5
1257710 1834.4
1257720 1827.8
1257730 1827.8
1257740 1822.0
1257750 1817.7
1257760 1817.7
1257770 1815.8
1257780 1817.0
1257790 1817.0
1257800 1819.4
1257810 1823.0
1257820 1823.0
1257830 1823.1
1257840 1820.1
1257850 1820.1
1257860 1817.0
1257870 1813.2
1257880 1813.2
1257890 1809.0
1257900 1798.1
1257910 1798.1
1257920 1796.9
1257930 1795.2
1257940 1795.2
1257950 1792.0
1257960 1790.5
1257970 1790.5
1257980 1789.8
1257990 1786.8
1258000 1784.7
1258010 1784.7
1258020 1782.8
1258030 1780.0
1258040 1780.0
1258050 1776.6
1258060 1771.8
1258070 1771.8
1258080 1767.1
1258090 1762.7
1258100 1762.7
1258110 1757.5
1258120 1751.9
1258130 1751.9
1258140 1747.0
1258150 1741.2
1258160 1741.2
1258170 1733.2
1258180 1727.0
1258190 1727.0
1258200 1724.9
1258210 1722.6
1258220 1722.6
1258230 1716.1
1258240 1711.7
1258250 1711.7
1258260 1710.9
1258270 1711.4
1258280 1707.1
1258290 1707.1
1258300 1699.0
1258310 1691.8
1258320 1691.8
1258330 1686.1
1258340 1680.1
1258350 1680.1
1258360 1673.1
1258370 1666.7
1258380 1666.7
1258390 1663.2
1258400 1659.8
1258410 1659.8
1258420 1655.0
1258430 1650.2
1258440 1650.2
1258450 1644.4
1258460 1629.1
1258470 1629.1
1258480 1622.5
1258490 1616.1
1258500 1616.1
1258510 1608.9
1258520 1601.9
1258530 1601.9
1258540 1595.9
1258550 1592.2
1258560 1588.5
1258570 1588.5
1258580 1582.7
1258590 1575.9
1258600 1575.9
1258610 1568.7
1258620 1562.7
1258630 1562.7
1258640 1557.6
1258650 1553.0
1258660 1553.0
1258670 1548.5
1258680 1542.9
1258690 1542.9
1258700 1537.6
1258710 1532.9
1258720 1532.9
1258730 1527.8
1258740 1522.4
1258750 1522.4
1258760 1516.9
1258770 1511.7
1258780 1511.7
1258790 1506.4
1258800 1500.4
1258810 1500.4
1258820 1494.3
1258830 1489.0
1258840 1483.5
1258850 1483.5
1258860 1478.2
1258870 1473.1
1258880 1473.1
1258890 1468.2
1258900 1463.8
1258910 1463.8
1258920 1459.1
1258930 1453.6
1258940 1453.6
1258950 1448.0
1258960 1442.2
1258970 1442.2
1258980 1437.0
1258990 1432.2
1259000 1432.2
1259010 1427.3
1259020 1422.3
1259030 1418.7
1259040 1413.8
1259050 1408.8
1259060 1408.8
1259070 1404.0
1259080 1399.5
1259090 1399.5
1259100 1394.8
1259110 1389.8
1259120 1384.5
1259130 1384.5
1259140 1379.4
1259150 1374.4
1259160 1374.4
1259170 1369.1
1259180 1363.9
1259190 1363.9
1259200 1358.8
1259210 1354.1
1259220 1354.1
1259230 1350.2
1259240 1348.9
1259250 1348.9
1259260 1348.8
1259270 1347.9
1259280 1347.9
1259290 1346.4
1259300 1344.8
1259310 1344.8
1259320 1343.6
1259330 1342.2
1259340 1342.2
1259350 1341.3
1259360 1339.4
1259370 1339.4
1259380 1337.5
1259390 1335.3
1259400 1333.5
1259410 1333.5
1259420 1333.1
1259430 1332.9
1259440 1332.9
1259450 1332.7
1259460 1332.6
1259470 1332.6
1259480 1332.4
1259490 1332.1
1259500 1332.1
1259510 1331.8
1259520 1331.6
1259530 1331.6
1259540 1331.2
1259550 1330.5
1259560 1330.5
1259570 1329.8
1259580 1329.3
1259590 1330.4
1259600 1329.9
1259610 1329.4
1259620 1329.4
1259630 1328.8
1259640 1327.3
1259650 1327.3
1259660 1326.8
1259670 1327.8
1259680 1327.7
1259690 1327.7
1259700 1327.0
1259710 1326.1
1259720 1326.1
1259730 1325.3
1259740 1324.5
1259750 1324.5
1259760 1323.6
1259770 1322.7
1259780 1322.7
1259790 1321.8
1259800 1320.9
1259810 1320.9
1259820 1319.8
1259830 1318.6
1259840 1318.6
1259850 1317.7
1259860 1317.0
1259870 1317.0
1259880 1316.3
1259890 1315.7
1259900 1315.7
1259910 1314.8
1259920 1314.0
1259930 1314.0
1259940 1313.7
1259950 1313.5
1259960 1312.9
1259970 1312.9
1259980 1312.2
1259990 1311.6
