1240000 1312.7
1240010 1313.3
1240020 1313.3
1240030 1313.1
1240040 1312.8
1240050 1312.8
1240060 1312.4
1240070 1312.1
1240080 1312.1
1240090 1311.8
1240100 1311.4
1240110 1311.4
1240120 1311.4
1240130 1311.3
1240140 1311.3
1240150 1311.5
1240160 1312.0
1240170 1312.0
1240180 1312.3
1240190 1312.7
1240200 1312.7
1240210 1313.5
1240220 1314.1
1240230 1314.1
1240240 1315.0
1240250 1315.8
1240260 1317.0
1240270 1317.0
1240280 1317.8
1240290 1318.3
1240300 1318.3
1240310 1320.7
1240320 1324.5
1240330 1324.5
1240340 1327.6
1240350 1331.1
1240360 1331.1
1240370 1335.9
1240380 1340.3
1240390 1340.3
1240400 1343.7
1240410 1346.0
1240420 1346.0
1240430 1349.8
1240440 1355.9
1240450 1355.9
1240460 1359.5
1240470 1361.8
1240480 1361.8
1240490 1363.6
1240500 1364.9
1240510 1364.9
1240520 1364.8
1240530 1363.2
1240540 1362.7
1240550 1362.7
1240560 1363.4
1240570 1364.2
1240580 1364.2
1240590 1365.2
1240600 1366.5
1240610 1366.5
1240620 1367.8
1240630 1369.2
1240640 1369.2
1240650 1371.6
1240660 1375.0
1240670 1375.0
1240680 1378.9
1240690 1382.5
1240700 1382.5
1240710 1385.7
1240720 1389.3
1240730 1389.3
1240740 1394.4
1240750 1400.8
1240760 1400.8
1240770 1406.9
1240780 1412.6
1240790 1412.6
1240800 1416.3
1240810 1419.6
1240820 1422.1
1240830 1422.1
1240840 1423.2
1240850 1422.8
1240860 1422.8
1240870 1422.3
1240880 1423.6
1240890 1423.6
1240900 1425.8
1240910 1430.0
1240920 1430.0
1240930 1434.7
1240940 1440.3
1240950 1440.3
1240960 1445.6
1240970 1450.7
1240980 1450.7
1240990 1453.2
1241000 1454.1
1241010 1454.1
1241020 1454.8
1241030 1456.4
1241040 1456.4
1241050 1459.2
1241060 1461.2
1241070 1461.2
1241080 1462.4
1241090 1463.0
1241100 1463.7
1241110 1463.7
1241120 1463.9
1241130 1464.0
1241140 1464.0
1241150 1464.4
1241160 1465.8
1241170 1465.8
1241180 1467.3
1241190 1468.8
1241200 1468.8
1241210 1470.1
1241220 1471.1
1241230 1471.1
1241240 1472.2
1241250 1473.2
1241260 1473.2
1241270 1473.6
1241280 1473.8
1241290 1473.8
1241300 1474.8
1241310 1476.9
1241320 1476.9
1241330 1479.0
1241340 1481.1
1241350 1481.1
1241360 1482.4
1241370 1483.7
1241380 1485.4
1241390 1485.4
1241400 1487.2
1241410 1488.8
1241420 1488.8
1241430 1490.2
1241440 1491.5
1241450 1491.5
1241460 1492.1
1241470 1492.2
1241480 1492.2
1241490 1491.9
1241500 1494.3
1241510 1494.3
1241520 1496.7
1241530 1497.1
1241540 1497.1
1241550 1496.7
1241560 1496.1
1241570 1496.1
1241580 1494.7
1241590 1493.4
1241600 1493.4
1241610 1491.3
1241620 1488.6
1241630 1488.6
1241640 1485.9
1241650 1484.0
1241660 1483.3
1241670 1483.3
1241680 1483.6
1241690 1484.0
1241700 1484.0
1241710 1482.9
1241720 1481.8
1241730 1481.8
1241740 1480.6
1241750 1480.2
1241760 1480.2
1241770 1480.1
1241780 1478.7
1241790 1478.7
1241800 1475.0
1241810 1471.5
1241820 1471.5
1241830 1469.0
1241840 1466.0
1241850 1466.0
1241860 1465.7
1241870 1467.4
1241880 1467.4
1241890 1469.8
1241900 1472.0
1241910 1472.0
1241920 1471.7
1241930 1472.0
1241940 1473.7
1241950 1473.7
1241960 1476.0
1241970 1477.9
1241980 1477.9
1241990 1478.9
1242000 1479.7
1242010 1479.7
1242020 1479.8
1242030 1480.1
1242040 1480.1
1242050 1479.8
1242060 1480.4
1242070 1480.4
1242080 1480.0
1242090 1478.8
1242100 1478.8
1242110 1477.6
1242120 1476.2
1242130 1476.2
1242140 1476.4
1242150 1478.9
1242160 1478.9
1242170 1481.8
1242180 1483.9
1242190 1483.9
1242200 1485.3
1242210 1485.9
1242220 1485.7
1242230 1485.7
1242240 1486.3
1242250 1487.0
1242260 1487.0
1242270 1487.9
1242280 1488.9
1242290 1488.9
1242300 1489.7
1242310 1490.5
1242320 1490.5
1242330 1491.8
1242340 1494.0
1242350 1494.0
1242360 1495.6
1242370 1494.9
1242380 1494.9
1242390 1494.2
1242400 1492.5
1242410 1492.5
1242420 1489.1
1242430 1485.3
1242440 1485.3
1242450 1482.5
1242460 1479.8
1242470 1479.8
1242480 1477.7
1242490 1475.5
1242500 1473.4
1242510 1473.4
1242520 1470.2
1242530 1466.4
1242540 1466.4
1242550 1462.4
1242560 1458.7
1242570 1458.7
1242580 1455.5
1242590 1452.4
1242600 1452.4
1242610 1447.9
1242620 1441.8
1242630 1441.8
1242640 1435.9
1242650 1431.2
1242660 1431.2
1242670 1427.0
1242680 1423.3
1242690 1423.3
1242700 1420.3
1242710 1417.5
1242720 1417.5
1242730 1414.5
1242740 1409.9
1242750 1409.9
1242760 1404.0
1242770 1399.9
1242780 1396.7
1242790 1396.7
1242800 1393.3
1242810 1388.9
1242820 1388.9
1242830 1384.6
1242840 1379.3
1242850 1379.3
1242860 1374.1
1242870 1369.4
1242880 1365.8
1242890 1359.6
1242900 1353.9
1242910 1353.9
1242920 1348.7
1242930 1343.3
1242940 1343.3
1242950 1338.8
1242960 1336.0
1242970 1336.0
1242980 1334.5
1242990 1333.4
1243000 1333.4
1243010 1330.7
1243020 1328.2
1243030 1328.2
1243040 1326.6
1243050 1325.1
1243060 1323.7
1243070 1323.7
1243080 1323.3
1243090 1324.7
1243100 1324.7
1243110 1325.3
1243120 1324.4
1243130 1324.4
1243140 1321.4
1243150 1317.7
1243160 1317.7
1243170 1312.5
1243180 1308.0
1243190 1308.0
1243200 1304.1
1243210 1301.3
1243220 1301.3
1243230 1299.3
1243240 1298.7
1243250 1298.7
1243260 1297.6
1243270 1296.0
1243280 1296.0
1243290 1294.2
1243300 1292.7
1243310 1292.7
1243320 1291.0
1243330 1289.8
1243340 1288.9
1243350 1288.9
1243360 1288.3
1243370 1287.6
1243380 1287.6
1243390 1286.3
1243400 1285.0
1243410 1284.2
1243420 1283.2
1243430 1282.9
1243440 1282.9
1243450 1283.6
1243460 1284.6
1243470 1284.6
1243480 1283.3
1243490 1281.6
1243500 1281.6
1243510 1280.3
1243520 1280.4
1243530 1280.4
1243540 1280.6
1243550 1281.4
1243560 1281.4
1243570 1282.7
1243580 1284.0
1243590 1284.0
1243600 1283.8
1243610 1280.3
1243620 1275.6
1243630 1275.6
1243640 1272.0
1243650 1270.8
1243660 1270.8
1243670 1270.2
1243680 1269.5
1243690 1269.5
1243700 1268.6
1243710 1267.8
1243720 1267.8
1243730 1267.2
1243740 1266.9
1243750 1266.9
1243760 1266.8
1243770 1266.8
1243780 1266.8
1243790 1266.7
1243800 1266.8
1243810 1266.8
1243820 1265.9
1243830 1265.4
1243840 1265.4
1243850 1265.5
1243860 1265.2
1243870 1265.2
1243880 1264.6
1243890 1264.3
1243900 1263.7
1243910 1263.7
1243920 1262.0
1243930 1263.4
1243940 1260.7
1243950 1260.2
1243960 1258.3
1243970 1258.3
1243980 1255.9
1243990 1253.2
1244000 1253.2
1244010 1251.5
1244020 1250.8
1244030 1250.8
1244040 1247.9
1244050 1244.0
1244060 1244.0
1244070 1241.2
1244080 1238.8
1244090 1238.8
1244100 1238.8
1244110 1237.6
1244120 1237.6
1244130 1236.1
1244140 1234.9
1244150 1234.9
1244160 1234.6
1244170 1235.6
1244180 1233.8
1244190 1233.8
1244200 1228.2
1244210 1224.8
1244220 1224.8
1244230 1221.6
1244240 1219.0
1244250 1219.0
1244260 1216.1
1244270 1215.4
1244280 1215.4
1244290 1212.7
1244300 1209.0
1244310 1209.0
1244320 1207.2
1244330 1206.5
1244340 1206.5
1244350 1203.6
1244360 1202.5
1244370 1202.5
1244380 1201.8
1244390 1201.4
1244400 1201.4
1244410 1200.8
1244420 1200.0
1244430 1200.0
1244440 1200.1
1244450 1199.8
1244460 1200.5
1244470 1201.8
1244480 1202.1
1244490 1202.4
1244500 1202.4
1244510 1203.3
1244520 1204.5
1244530 1204.5
1244540 1204.4
1244550 1203.7
1244560 1203.7
1244570 1203.7
1244580 1203.9
1244590 1203.9
1244600 1203.5
1244610 1202.4
1244620 1202.4
1244630 1201.2
1244640 1199.9
1244650 1199.9
1244660 1198.4
1244670 1196.5
1244680 1196.5
1244690 1194.5
1244700 1193.1
1244710 1193.1
1244720 1190.3
1244730 1188.0
1244740 1186.5
1244750 1186.5
1244760 1185.5
1244770 1184.5
1244780 1184.5
1244790 1183.5
1244800 1181.8
1244810 1181.8
1244820 1181.1
1244830 1181.1
1244840 1181.1
1244850 1181.4
1244860 1181.5
1244870 1181.5
1244880 1180.9
1244890 1180.3
1244900 1180.3
1244910 1180.1
1244920 1179.8
1244930 1179.8
1244940 1179.3
1244950 1178.9
1244960 1178.9
1244970 1178.6
1244980 1178.4
1244990 1178.4
1245000 1177.7
1245010 1177.4
1245020 1178.0
1245030 1178.0
1245040 1178.8
1245050 1179.1
1245060 1179.1
1245070 1179.4
1245080 1180.4
1245090 1180.4
1245100 1182.2
1245110 1182.8
1245120 1182.8
1245130 1185.3
1245140 1185.3
1245150 1185.3
1245160 1185.2
1245170 1185.1
1245180 1185.1
1245190 1184.2
1245200 1182.1
1245210 1182.1
1245220 1181.0
1245230 1180.5
1245240 1180.5
1245250 1180.0
1245260 1179.6
1245270 1179.6
1245280 1179.2
1245290 1178.9
1245300 1178.8
1245310 1178.8
1245320 1178.6
1245330 1178.4
1245340 1178.4
1245350 1178.3
1245360 1178.2
1245370 1178.2
1245380 1178.2
1245390 1178.3
1245400 1178.3
1245410 1178.4
1245420 1178.4
1245430 1178.4
1245440 1178.5
1245450 1178.7
1245460 1178.7
1245470 1178.9
1245480 1179.1
1245490 1179.1
1245500 1179.4
1245510 1179.9
1245520 1179.9
1245530 1180.2
1245540 1180.5
1245550 1180.5
1245560 1180.8
1245570 1181.1
1245580 1181.4
1245590 1181.4
1245600 1181.4
1245610 1181.1
1245620 1181.1
1245630 1181.5
1245640 1182.4
1245650 1182.4
1245660 1182.8
1245670 1183.2
1245680 1183.2
1245690 1183.7
1245700 1184.5
1245710 1184.5
1245720 1184.9
1245730 1185.0
1245740 1185.0
1245750 1185.7
1245760 1186.3
1245770 1186.3
1245780 1186.5
1245790 1186.6
1245800 1186.6
1245810 1186.9
1245820 1187.1
1245830 1187.1
1245840 1187.4
1245850 1188.0
1245860 1188.6
1245870 1188.6
1245880 1188.7
1245890 1188.9
1245900 1188.9
1245910 1189.3
1245920 1189.8
1245930 1189.8
1245940 1190.4
1245950 1190.9
1245960 1190.9
1245970 1191.6
1245980 1192.5
1245990 1192.5
1246000 1192.0
1246010 1192.4
1246020 1192.4
1246030 1192.7
1246040 1193.2
1246050 1193.2
1246060 1193.6
1246070 1194.0
1246080 1194.0
1246090 1194.5
1246100 1194.9
1246110 1194.9
1246120 1195.4
1246130 1196.3
1246140 1197.3
1246150 1197.3
1246160 1197.8
1246170 1198.2
1246180 1198.2
1246190 1198.4
1246200 1198.7
1246210 1198.7
1246220 1198.8
1246230 1199.2
1246240 1199.2
1246250 1199.6
1246260 1200.9
1246270 1200.9
1246280 1202.0
1246290 1202.3
1246300 1202.3
1246310 1202.6
1246320 1202.9
1246330 1202.9
1246340 1203.1
1246350 1203.4
1246360 1203.4
1246370 1203.7
1246380 1204.0
1246390 1204.0
1246400 1204.4
1246410 1204.7
1246420 1205.3
1246430 1205.3
1246440 1205.7
1246450 1206.2
1246460 1206.2
1246470 1206.6
1246480 1206.9
1246490 1206.9
1246500 1207.9
1246510 1208.6
1246520 1208.6
1246530 1208.1
1246540 1208.4
1246550 1208.4
1246560 1209.5
1246570 1209.6
1246580 1209.6
1246590 1209.7
1246600 1210.6
1246610 1210.3
1246620 1211.1
1246630 1211.4
1246640 1211.4
1246650 1213.3
1246660 1215.0
1246670 1215.0
1246680 1213.1
1246690 1212.2
1246700 1212.3
1246710 1212.3
1246720 1213.8
1246730 1215.3
1246740 1215.3
1246750 1214.7
1246760 1214.0
1246770 1214.0
1246780 1213.7
1246790 1214.1
1246800 1214.1
1246810 1214.4
1246820 1214.6
1246830 1214.6
1246840 1214.6
1246850 1216.4
1246860 1216.4
1246870 1219.0
1246880 1223.1
1246890 1223.1
1246900 1225.9
1246910 1229.2
1246920 1229.2
1246930 1232.1
1246940 1234.6
1246950 1234.6
1246960 1237.4
1246970 1241.0
1246980 1241.0
1246990 1245.1
1247000 1249.0
1247010 1251.4
1247020 1251.4
1247030 1253.1
1247040 1254.1
1247050 1254.1
1247060 1255.4
1247070 1257.3
1247080 1257.3
1247090 1259.5
1247100 1261.6
1247110 1261.6
1247120 1264.2
1247130 1266.9
1247140 1266.3
1247150 1268.4
1247160 1271.3
1247170 1271.3
1247180 1274.8
1247190 1277.7
1247200 1277.7
1247210 1280.1
1247220 1282.0
1247230 1282.0
1247240 1284.3
1247250 1285.8
1247260 1285.8
1247270 1286.9
1247280 1288.3
1247290 1289.8
1247300 1289.8
1247310 1291.3
1247320 1292.9
1247330 1292.9
1247340 1294.8
1247350 1296.3
1247360 1296.3
1247370 1297.3
1247380 1298.2
1247390 1298.2
1247400 1298.6
1247410 1298.8
1247420 1298.8
1247430 1298.8
1247440 1298.8
1247450 1298.8
1247460 1298.9
1247470 1300.3
1247480 1300.3
1247490 1302.9
1247500 1306.3
1247510 1306.3
1247520 1310.1
1247530 1314.1
1247540 1314.1
1247550 1319.0
1247560 1324.8
1247570 1331.2
1247580 1331.2
1247590 1338.0
1247600 1343.8
1247610 1343.8
1247620 1349.7
1247630 1354.7
1247640 1354.7
1247650 1359.1
1247660 1363.8
1247670 1363.8
1247680 1369.4
1247690 1372.9
1247700 1372.9
1247710 1375.9
1247720 1377.2
1247730 1377.2
1247740 1377.0
1247750 1377.7
1247760 1377.7
1247770 1378.5
1247780 1379.8
1247790 1379.8
1247800 1383.0
1247810 1385.8
1247820 1385.8
1247830 1388.5
1247840 1390.8
1247850 1392.4
1247860 1392.4
1247870 1395.3
1247880 1400.1
1247890 1400.1
1247900 1405.5
1247910 1410.2
1247920 1410.2
1247930 1414.5
1247940 1418.2
1247950 1418.2
1247960 1421.8
1247970 1425.2
1247980 1425.2
1247990 1428.3
1248000 1431.2
1248010 1431.2
1248020 1434.6
1248030 1438.0
1248040 1438.0
1248050 1441.6
1248060 1446.2
1248070 1446.2
1248080 1451.3
1248090 1456.2
1248100 1456.2
1248110 1462.9
1248120 1470.9
1248130 1480.1
1248140 1480.1
1248150 1488.0
1248160 1494.5
1248170 1494.5
1248180 1501.4
1248190 1509.2
1248200 1509.2
1248210 1515.4
1248220 1522.7
1248230 1522.7
1248240 1527.6
1248250 1533.6
1248260 1533.6
1248270 1540.7
1248280 1546.9
1248290 1546.9
1248300 1550.8
1248310 1554.8
1248320 1554.8
1248330 1559.0
1248340 1563.3
1248350 1563.3
1248360 1568.6
1248370 1574.6
1248380 1574.6
1248390 1580.1
1248400 1586.6
1248410 1596.4
1248420 1596.4
1248430 1604.8
1248440 1609.4
1248450 1609.4
1248460 1613.1
1248470 1619.0
1248480 1619.0
1248490 1624.4
1248500 1625.9
1248510 1625.9
1248520 1628.7
1248530 1632.5
1248540 1632.5
1248550 1636.6
1248560 1640.7
1248570 1640.7
1248580 1644.0
1248590 1646.1
1248600 1646.1
1248610 1650.0
1248620 1656.2
1248630 1656.2
1248640 1661.1
1248650 1667.8
1248660 1667.8
1248670 1674.0
1248680 1680.3
1248690 1689.5
1248700 1689.5
1248710 1697.8
1248720 1704.5
1248730 1704.5
1248740 1711.8
1248750 1718.9
1248760 1724.8
1248770 1731.6
1248780 1736.2
1248790 1736.2
1248800 1740.0
1248810 1743.6
1248820 1743.6
1248830 1750.8
1248840 1755.1
1248850 1755.1
1248860 1758.5
1248870 1763.9
1248880 1763.9
1248890 1769.0
1248900 1774.0
1248910 1774.0
1248920 1778.6
1248930 1781.0
1248940 1781.0
1248950 1783.9
1248960 1787.1
1248970 1789.3
1248980 1789.3
1248990 1791.3
1249000 1792.9
1249010 1792.9
1249020 1795.5
1249030 1796.8
1249040 1796.8
1249050 1799.1
1249060 1802.0
1249070 1802.0
1249080 1805.6
1249090 1810.5
1249100 1810.5
1249110 1816.2
1249120 1821.9
1249130 1821.9
1249140 1826.2
1249150 1829.9
1249160 1829.9
1249170 1833.1
1249180 1835.3
1249190 1835.3
1249200 1836.6
1249210 1838.2
1249220 1838.2
1249230 1840.9
1249240 1843.8
1249250 1847.0
1249260 1847.0
1249270 1850.5
1249280 1854.0
1249290 1854.0
1249300 1858.7
1249310 1864.0
1249320 1864.0
1249330 1868.9
1249340 1874.3
1249350 1874.3
1249360 1879.6
1249370 1885.2
1249380 1885.2
1249390 1890.1
1249400 1894.2
1249410 1894.2
1249420 1898.5
1249430 1902.9
1249440 1902.9
1249450 1908.4
1249460 1914.3
1249470 1914.3
1249480 1920.5
1249490 1928.0
1249500 1928.0
1249510 1934.4
1249520 1939.0
1249530 1940.9
1249540 1940.9
1249550 1941.3
1249560 1944.7
1249570 1944.7
1249580 1950.6
1249590 1955.5
1249600 1955.5
1249610 1960.5
1249620 1967.0
1249630 1967.0
1249640 1974.9
1249650 1983.6
1249660 1983.6
1249670 1990.6
1249680 1996.0
1249690 1996.0
1249700 2001.4
1249710 2004.9
1249720 2004.9
1249730 2008.9
1249740 2012.1
1249750 2012.1
1249760 2016.4
1249770 2022.2
1249780 2022.2
1249790 2026.7
1249800 2029.4
1249810 2031.6
1249820 2031.6
1249830 2033.5
1249840 2035.0
1249850 2035.0
1249860 2035.5
1249870 2035.9
1249880 2035.9
1249890 2033.7
1249900 2029.1
1249910 2029.1
1249920 2026.9
1249930 2027.0
1249940 2027.0
1249950 2027.7
1249960 2031.9
1249970 2031.9
1249980 2035.2
1249990 2029.7
1250000 2029.7
1250010 2024.0
1250020 2025.8
1250030 2025.8
1250040 2038.8
1250050 2043.9
1250060 2043.9
1250070 2052.7
1250080 2053.9
1250090 2048.4
1250100 2048.4
1250110 2048.8
1250120 2053.2
1250130 2053.2
1250140 2061.5
1250150 2068.5
1250160 2068.5
1250170 2073.4
1250180 2080.2
1250190 2080.2
1250200 2090.4
1250210 2099.5
1250220 2099.5
1250230 2106.7
1250240 2113.0
1250250 2113.0
1250260 2117.1
1250270 2114.5
1250280 2114.5
1250290 2102.9
1250300 2085.9
1250310 2085.9
1250320 2073.7
1250330 2063.7
1250340 2063.7
1250350 2052.9
1250360 2031.9
1250370 2020.1
1250380 2029.1
1250390 2021.4
1250400 2017.0
1250410 2017.0
1250420 2013.0
1250430 2008.2
1250440 2008.2
1250450 2003.0
1250460 1998.0
1250470 1998.0
1250480 1993.6
1250490 1990.3
1250500 1990.3
1250510 1988.0
1250520 1985.9
1250530 1985.9
1250540 1983.6
1250550 1981.4
1250560 1981.4
1250570 1979.4
1250580 1978.8
1250590 1978.8
1250600 1978.8
1250610 1979.3
1250620 1979.3
1250630 1981.0
1250640 1983.8
1250650 1987.9
1250660 1987.9
1250670 1993.2
1250680 1999.7
1250690 1999.7
1250700 2006.3
1250710 2012.9
1250720 2012.9
1250730 2019.4
1250740 2025.8
1250750 2025.8
1250760 2032.4
1250770 2039.0
1250780 2039.0
1250790 2045.8
1250800 2052.8
1250810 2052.8
1250820 2059.9
1250830 2067.2
1250840 2067.2
1250850 2074.3
1250860 2081.7
1250870 2081.7
1250880 2089.0
1250890 2096.6
1250900 2096.6
1250910 2104.6
1250920 2112.4
1250930 2121.8
1250940 2121.8
1250950 2129.8
1250960 2138.3
1250970 2138.3
1250980 2137.8
1250990 2131.4
1251000 2131.4
1251010 2129.7
1251020 2124.6
1251030 2124.6
1251040 2125.7
1251050 2122.9
1251060 2122.9
1251070 2114.2
1251080 2103.0
1251090 2103.0
1251100 2086.6
1251110 2070.6
1251120 2070.6
1251130 2053.1
1251140 2043.9
1251150 2043.9
1251160 2025.4
1251170 2016.6
1251180 2016.6
1251190 2012.3
1251200 2006.3
1251210 1995.8
1251220 1995.8
1251230 1988.0
1251240 1980.0
1251250 1980.0
1251260 1972.8
1251270 1966.2
1251280 1966.2
1251290 1959.0
1251300 1952.7
1251310 1952.7
1251320 1943.1
1251330 1934.1
1251340 1934.1
1251350 1927.8
1251360 1921.4
1251370 1921.4
1251380 1915.0
1251390 1908.6
1251400 1908.6
1251410 1902.2
1251420 1895.9
1251430 1895.9
1251440 1889.3
1251450 1882.5
1251460 1882.5
1251470 1875.6
1251480 1869.5
1251490 1863.6
1251500 1863.6
1251510 1857.5
1251520 1851.2
1251530 1851.2
1251540 1845.3
1251550 1839.7
1251560 1839.7
1251570 1834.2
1251580 1828.8
1251590 1828.8
1251600 1823.3
1251610 1818.0
1251620 1818.0
1251630 1812.5
1251640 1807.2
1251650 1807.2
1251660 1802.0
1251670 1796.7
1251680 1796.7
1251690 1791.2
1251700 1785.2
1251710 1785.2
1251720 1779.7
1251730 1774.5
1251740 1774.5
1251750 1769.0
1251760 1763.5
1251770 1758.0
1251780 1758.0
1251790 1752.3
1251800 1746.5
1251810 1746.5
1251820 1741.0
1251830 1735.6
1251840 1735.6
1251850 1730.8
1251860 1727.5
1251870 1727.5
1251880 1725.7
1251890 1719.7
1251900 1719.7
1251910 1714.4
1251920 1704.5
1251930 1704.5
1251940 1696.3
1251950 1690.5
1251960 1690.5
1251970 1685.1
1251980 1679.0
1251990 1679.0
1252000 1670.5
1252010 1662.9
1252020 1669.8
1252030 1668.3
1252040 1663.5
1252050 1660.2
1252060 1660.2
1252070 1656.6
1252080 1651.1
1252090 1651.1
1252100 1645.9
1252110 1640.7
1252120 1640.7
1252130 1636.4
1252140 1632.4
1252150 1632.4
1252160 1628.2
1252170 1623.6
1252180 1623.6
1252190 1618.6
1252200 1614.0
1252210 1614.0
1252220 1609.4
1252230 1605.1
1252240 1605.1
1252250 1600.9
1252260 1596.5
1252270 1596.5
1252280 1592.3
1252290 1588.5
1252300 1588.5
1252310 1584.7
1252320 1580.7
1252330 1577.2
1252340 1577.2
1252350 1573.2
1252360 1569.2
1252370 1569.2
1252380 1565.3
1252390 1562.5
1252400 1562.5
1252410 1561.0
1252420 1559.5
1252430 1559.5
1252440 1558.5
1252450 1556.8
1252460 1556.8
1252470 1555.1
1252480 1553.8
1252490 1553.8
1252500 1553.2
1252510 1551.9
1252520 1551.9
1252530 1551.0
1252540 1549.9
1252550 1549.9
1252560 1548.8
1252570 1550.8
1252580 1550.8
1252590 1549.5
1252600 1548.3
1252610 1546.7
1252620 1546.7
1252630 1545.9
1252640 1544.4
1252650 1544.4
1252660 1543.4
1252670 1542.8
1252680 1542.8
1252690 1543.2
1252700 1545.7
1252710 1545.7
1252720 1550.0
1252730 1554.6
1252740 1554.6
1252750 1559.6
1252760 1564.1
1252770 1564.1
1252780 1568.4
1252790 1572.7
1252800 1572.7
1252810 1577.3
1252820 1581.8
1252830 1581.8
1252840 1586.0
1252850 1591.2
1252860 1591.2
1252870 1597.1
1252880 1602.7
1252890 1608.3
1252900 1608.3
1252910 1614.1
1252920 1620.4
1252930 1620.4
1252940 1626.3
1252950 1632.6
1252960 1632.6
1252970 1638.9
1252980 1645.8
1252990 1645.8
1253000 1654.7
1253010 1662.5
1253020 1662.5
1253030 1672.3
1253040 1681.9
1253050 1681.9
1253060 1684.7
1253070 1690.5
1253080 1690.5
1253090 1701.8
1253100 1711.2
1253110 1711.2
1253120 1720.1
1253130 1724.5
1253140 1724.5
1253150 1730.9
1253160 1734.0
1253170 1739.4
1253180 1739.4
1253190 1745.3
1253200 1756.4
1253210 1756.4
1253220 1763.8
1253230 1771.1
1253240 1771.1
1253250 1770.6
1253260 1764.7
1253270 1764.7
1253280 1757.9
1253290 1751.3
1253300 1751.3
1253310 1743.7
1253320 1736.5
1253330 1736.5
1253340 1729.1
1253350 1722.0
1253360 1722.0
1253370 1714.8
1253380 1707.6
1253390 1707.6
1253400 1699.7
1253410 1690.5
1253420 1690.5
1253430 1682.7
1253440 1675.8
1253450 1669.1
1253460 1669.1
1253470 1662.2
1253480 1655.9
1253490 1655.9
1253500 1648.6
1253510 1642.3
1253520 1642.3
1253530 1635.8
1253540 1629.5
1253550 1629.5
1253560 1622.9
1253570 1616.5
1253580 1616.5
1253590 1609.8
1253600 1602.7
1253610 1602.7
1253620 1596.1
1253630 1589.1
1253640 1589.1
1253650 1582.4
1253660 1574.0
1253670 1575.1
1253680 1567.5
1253690 1563.9
1253700 1563.9
1253710 1560.6
1253720 1555.5
1253730 1549.7
1253740 1549.7
1253750 1543.5
1253760 1536.6
1253770 1536.6
1253780 1530.0
1253790 1523.3
1253800 1523.3
1253810 1517.1
1253820 1511.4
1253830 1511.4
1253840 1505.3
1253850 1499.3
1253860 1499.3
1253870 1493.2
1253880 1487.6
1253890 1487.6
1253900 1485.0
1253910 1483.3
1253920 1483.3
1253930 1482.6
1253940 1480.2
1253950 1480.2
1253960 1475.2
1253970 1468.2
1253980 1468.2
1253990 1462.4
1254000 1462.0
1254010 1462.7
1254020 1462.7
1254030 1463.3
1254040 1464.3
1254050 1464.3
1254060 1465.2
1254070 1466.3
1254080 1466.3
1254090 1467.5
1254100 1468.6
1254110 1468.6
1254120 1469.7
1254130 1471.0
1254140 1471.0
1254150 1472.5
1254160 1473.8
1254170 1473.8
1254180 1474.8
1254190 1476.0
1254200 1476.0
1254210 1477.3
1254220 1478.7
1254230 1479.5
1254240 1480.9
1254250 1481.7
1254260 1481.7
1254270 1482.6
1254280 1483.5
1254290 1484.6
1254300 1484.6
1254310 1485.2
1254320 1486.0
1254330 1486.0
1254340 1487.3
1254350 1488.8
1254360 1488.8
1254370 1489.9
1254380 1491.2
1254390 1491.2
1254400 1492.6
1254410 1493.9
1254420 1493.9
1254430 1494.3
1254440 1493.8
1254450 1493.8
1254460 1494.9
1254470 1496.3
1254480 1496.3
1254490 1499.1
1254500 1501.7
1254510 1501.7
1254520 1503.7
1254530 1505.9
1254540 1505.9
1254550 1508.1
1254560 1510.1
1254570 1512.6
1254580 1512.6
1254590 1516.7
1254600 1520.7
1254610 1520.7
1254620 1524.1
1254630 1527.4
1254640 1527.4
1254650 1530.4
1254660 1533.2
1254670 1533.2
1254680 1537.0
1254690 1540.4
1254700 1540.4
1254710 1543.6
1254720 1547.3
1254730 1547.3
1254740 1550.5
1254750 1554.3
1254760 1554.3
1254770 1558.3
1254780 1561.5
1254790 1561.5
1254800 1564.9
1254810 1568.1
1254820 1568.1
1254830 1571.3
1254840 1574.3
1254850 1578.2
1254860 1578.2
1254870 1581.0
1254880 1583.4
1254890 1583.4
1254900 1585.9
1254910 1588.9
1254920 1588.9
1254930 1592.3
1254940 1595.7
1254950 1595.7
1254960 1599.3
1254970 1603.8
1254980 1603.8
1254990 1609.6
1255000 1616.0
1255010 1616.0
1255020 1622.2
1255030 1628.3
1255040 1628.3
1255050 1634.7
1255060 1641.1
1255070 1641.1
1255080 1646.2
1255090 1649.8
1255100 1649.8
1255110 1654.3
1255120 1660.3
1255130 1667.4
1255140 1667.4
1255150 1675.4
1255160 1682.9
1255170 1682.9
1255180 1690.2
1255190 1696.5
1255200 1696.5
1255210 1703.4
1255220 1710.5
1255230 1710.5
1255240 1717.1
1255250 1724.4
1255260 1724.4
1255270 1732.1
1255280 1740.3
1255290 1740.3
1255300 1748.3
1255310 1755.9
1255320 1755.9
1255330 1760.2
1255340 1766.5
1255350 1766.5
1255360 1772.4
1255370 1778.9
1255380 1778.9
1255390 1785.0
1255400 1789.6
1255410 1792.1
1255420 1792.1
1255430 1794.8
1255440 1798.8
1255450 1798.8
1255460 1802.1
1255470 1805.1
1255480 1805.1
1255490 1808.8
1255500 1810.8
1255510 1810.8
1255520 1811.4
1255530 1806.4
1255540 1806.4
1255550 1806.7
1255560 1809.2
1255570 1809.2
1255580 1813.0
1255590 1817.7
1255600 1817.7
1255610 1818.4
1255620 1818.7
1255630 1818.7
1255640 1822.8
1255650 1827.6
1255660 1827.6
1255670 1831.4
1255680 1836.1
1255690 1842.2
1255700 1842.2
1255710 1849.5
1255720 1866.2
1255730 1866.2
1255740 1876.0
1255750 1886.1
1255760 1886.1
1255770 1898.9
1255780 1908.1
1255790 1908.1
1255800 1916.6
1255810 1925.5
1255820 1925.5
1255830 1934.5
1255840 1942.5
1255850 1942.5
1255860 1950.6
1255870 1959.2
1255880 1959.2
1255890 1966.3
1255900 1971.7
1255910 1971.7
1255920 1976.6
1255930 1982.0
1255940 1982.0
1255950 1984.3
1255960 1987.7
1255970 1992.7
1255980 1992.7
1255990 1996.9
1256000 2000.5
1256010 2000.5
1256020 2005.3
1256030 2009.3
1256040 2009.3
1256050 2011.9
1256060 2018.9
1256070 2018.9
1256080 2025.0
1256090 2029.6
1256100 2029.6
1256110 2036.2
1256120 2041.9
1256130 2041.9
1256140 2049.3
1256150 2056.7
1256160 2056.7
1256170 2063.9
1256180 2070.6
1256190 2070.6
1256200 2077.0
1256210 2084.6
1256220 2084.6
1256230 2092.6
1256240 2098.9
1256250 2102.2
1256260 2102.2
1256270 2098.1
1256280 2101.3
1256290 2101.3
1256300 2109.2
1256310 2117.4
1256320 2117.4
1256330 2119.6
1256340 2122.5
1256350 2122.5
1256360 2130.5
1256370 2138.3
1256380 2138.3
1256390 2143.6
1256400 2144.5
1256410 2144.5
1256420 2149.8
1256430 2156.5
1256440 2156.5
1256450 2157.2
1256460 2165.3
1256470 2165.3
1256480 2172.6
1256490 2180.4
1256500 2180.4
1256510 2186.0
1256520 2181.3
1256530 2174.4
1256540 2174.4
1256550 2168.2
1256560 2163.6
1256570 2163.6
1256580 2157.1
1256590 2144.7
1256600 2144.7
1256610 2130.9
1256620 2123.3
1256630 2123.3
1256640 2110.4
1256650 2098.5
1256660 2098.5
1256670 2089.3
1256680 2076.6
1256690 2076.6
1256700 2064.1
1256710 2054.2
1256720 2054.2
1256730 2044.5
1256740 2037.7
1256750 2037.7
1256760 2031.8
1256770 2026.5
1256780 2026.5
1256790 2020.5
1256800 2015.5
1256810 2010.5
1256820 2010.5
1256830 2005.2
1256840 1999.9
1256850 1999.9
1256860 1994.9
1256870 1989.7
1256880 1989.7
1256890 1984.6
1256900 1979.8
1256910 1979.8
1256920 1975.7
1256930 1972.6
1256940 1972.6
1256950 1970.1
1256960 1968.3
1256970 1968.3
1256980 1967.1
1256990 1966.8
1257000 1966.8
1257010 1969.7
1257020 1969.2
1257030 1969.2
1257040 1968.8
1257050 1969.0
1257060 1969.0
1257070 1970.2
1257080 1972.4
1257090 1975.0
1257100 1975.0
1257110 1977.9
1257120 1982.3
1257130 1982.3
1257140 1987.9
1257150 1994.5
1257160 1994.5
1257170 2002.5
1257180 2005.8
1257190 2005.8
1257200 2000.2
1257210 1994.9
1257220 1994.9
1257230 1990.5
1257240 1986.4
1257250 1986.4
1257260 1982.2
1257270 1978.0
1257280 1978.0
1257290 1973.3
1257300 1969.0
1257310 1969.0
1257320 1965.9
1257330 1962.2
1257340 1962.2
1257350 1957.3
1257360 1952.3
1257370 1947.2
1257380 1947.2
1257390 1942.3
1257400 1937.6
1257410 1937.6
1257420 1933.3
1257430 1928.9
1257440 1928.9
1257450 1924.8
1257460 1920.9
1257470 1920.9
1257480 1916.6
1257490 1912.4
1257500 1912.4
1257510 1908.4
1257520 1905.6
1257530 1905.6
1257540 1902.0
1257550 1899.2
1257560 1899.2
1257570 1903.1
1257580 1901.8
1257590 1901.8
1257600 1899.6
1257610 1896.9
1257620 1896.9
1257630 1892.8
1257640 1890.9
1257650 1888.0
1257660 1888.0
1257670 1885.8
1257680 1883.1
1257690 1883.1
1257700 1880.0
1257710 1877.7
1257720 1877.7
1257730 1875.4
1257740 1872.0
1257750 1872.0
1257760 1868.9
1257770 1866.1
1257780 1866.1
1257790 1862.4
1257800 1857.2
1257810 1857.2
1257820 1852.9
1257830 1849.4
1257840 1849.4
1257850 1845.7
1257860 1842.1
1257870 1842.1
1257880 1837.4
1257890 1832.9
1257900 1832.9
1257910 1829.0
1257920 1824.2
1257930 1819.1
1257940 1819.1
1257950 1815.0
1257960 1811.1
1257970 1811.1
1257980 1807.6
1257990 1803.7
1258000 1803.7
1258010 1802.0
1258020 1799.3
1258030 1799.3
1258040 1796.0
1258050 1791.1
1258060 1791.1
1258070 1785.5
1258080 1778.5
1258090 1778.5
1258100 1775.1
1258110 1770.8
1258120 1770.8
1258130 1770.8
1258140 1763.1
1258150 1763.1
1258160 1757.0
1258170 1752.9
1258180 1752.9
1258190 1747.9
1258200 1742.3
1258210 1737.7
1258220 1737.7
1258230 1733.6
1258240 1729.9
1258250 1729.9
1258260 1726.6
1258270 1724.4
1258280 1724.4
1258290 1722.9
1258300 1720.6
1258310 1720.6
1258320 1717.4
1258330 1714.7
1258340 1714.7
1258350 1711.2
1258360 1706.8
1258370 1706.8
1258380 1702.1
1258390 1697.6
1258400 1697.6
1258410 1692.4
1258420 1686.2
1258430 1686.2
1258440 1679.5
1258450 1673.0
1258460 1673.0
1258470 1666.1
1258480 1659.5
1258490 1653.0
1258500 1653.0
1258510 1646.8
1258520 1640.1
1258530 1640.1
1258540 1631.9
1258550 1624.7
1258560 1624.7
1258570 1619.1
1258580 1613.6
1258590 1613.6
1258600 1606.8
1258610 1599.6
1258620 1599.6
1258630 1594.5
1258640 1592.4
1258650 1592.4
1258660 1591.9
1258670 1592.4
1258680 1592.4
1258690 1592.1
1258700 1598.1
1258710 1598.1
1258720 1597.4
1258730 1595.4
1258740 1595.4
1258750 1591.7
1258760 1586.8
1258770 1580.9
1258780 1580.9
1258790 1575.6
1258800 1570.8
1258810 1570.8
1258820 1567.0
1258830 1563.1
1258840 1563.1
1258850 1558.4
1258860 1554.7
1258870 1554.7
1258880 1551.6
1258890 1545.1
1258900 1545.1
1258910 1537.7
1258920 1530.7
1258930 1530.7
1258940 1524.7
1258950 1518.0
1258960 1518.0
1258970 1510.8
1258980 1505.3
1258990 1505.3
1259000 1500.2
1259010 1495.1
1259020 1495.1
1259030 1489.3
1259040 1482.0
1259050 1473.9
1259060 1473.9
1259070 1467.4
1259080 1458.7
1259090 1458.7
1259100 1446.1
1259110 1436.6
1259120 1436.6
1259130 1431.1
1259140 1430.4
1259150 1430.4
1259160 1436.0
1259170 1442.6
1259180 1442.6
1259190 1443.8
1259200 1446.4
1259210 1446.4
1259220 1446.2
1259230 1437.8
1259240 1437.8
1259250 1438.6
1259260 1433.5
1259270 1433.5
1259280 1439.5
1259290 1442.1
1259300 1442.1
1259310 1438.2
1259320 1441.6
1259330 1448.7
1259340 1448.7
1259350 1450.4
1259360 1450.0
1259370 1450.0
1259380 1452.6
1259390 1449.8
1259400 1449.8
1259410 1446.2
1259420 1447.1
1259430 1447.1
1259440 1446.5
1259450 1442.8
1259460 1442.8
1259470 1439.3
1259480 1437.6
1259490 1437.6
1259500 1436.5
1259510 1434.3
1259520 1434.3
1259530 1430.7
1259540 1427.2
1259550 1427.2
1259560 1425.1
1259570 1424.3
1259580 1424.3
1259590 1423.0
1259600 1421.2
1259610 1419.5
1259620 1419.5
1259630 1416.3
1259640 1412.4
1259650 1412.4
1259660 1407.6
1259670 1404.2
1259680 1404.2
1259690 1403.3
1259700 1402.6
1259710 1402.6
1259720 1401.6
1259730 1400.5
1259740 1400.5
1259750 1399.4
1259760 1399.0
1259770 1399.0
1259780 1396.8
1259790 1394.1
1259800 1394.1
1259810 1391.6
1259820 1389.1
1259830 1383.7
1259840 1380.9
1259850 1377.5
1259860 1377.5
1259870 1373.4
1259880 1369.0
1259890 1364.7
1259900 1364.7
1259910 1360.3
1259920 1356.1
1259930 1356.1
1259940 1352.9
1259950 1351.2
1259960 1351.2
1259970 1349.3
1259980 1346.9
1259990 1346.9
