1240000 1299.2
1240010 1301.7
1240020 1304.0
1240030 1304.0
1240040 1306.5
1240050 1308.6
1240060 1308.6
1240070 1309.7
1240080 1310.6
1240090 1310.6
1240100 1312.5
1240110 1316.5
1240120 1316.5
1240130 1319.4
1240140 1322.9
1240150 1322.9
1240160 1327.0
1240170 1331.1
1240180 1335.1
1240190 1335.1
1240200 1338.6
1240210 1340.0
1240220 1340.0
1240230 1339.7
1240240 1339.3
1240250 1339.3
1240260 1339.5
1240270 1340.9
1240280 1340.9
1240290 1342.6
1240300 1345.3
1240310 1345.3
1240320 1349.1
1240330 1353.6
1240340 1353.6
1240350 1358.2
1240360 1361.6
1240370 1361.6
1240380 1363.8
1240390 1366.1
1240400 1366.1
1240410 1369.2
1240420 1373.5
1240430 1373.5
1240440 1379.0
1240450 1384.2
1240460 1389.1
1240470 1389.1
1240480 1393.4
1240490 1397.2
1240500 1397.2
1240510 1401.1
1240520 1404.4
1240530 1404.4
1240540 1407.0
1240550 1409.1
1240560 1409.1
1240570 1411.4
1240580 1412.7
1240590 1412.7
1240600 1412.7
1240610 1411.8
1240620 1411.8
1240630 1411.8
1240640 1412.9
1240650 1412.9
1240660 1415.0
1240670 1415.5
1240680 1415.5
1240690 1415.8
1240700 1416.6
1240710 1416.6
1240720 1417.8
1240730 1418.5
1240740 1417.5
1240750 1417.5
1240760 1416.1
1240770 1415.2
1240780 1415.2
1240790 1415.7
1240800 1417.5
1240810 1417.5
1240820 1420.8
1240830 1423.4
1240840 1423.4
1240850 1425.3
1240860 1426.3
1240870 1426.3
1240880 1426.5
1240890 1427.5
1240900 1427.5
1240910 1429.0
1240920 1430.8
1240930 1430.8
1240940 1432.9
1240950 1435.3
1240960 1435.3
1240970 1437.4
1240980 1439.8
1240990 1439.8
1241000 1442.2
1241010 1444.8
1241020 1447.6
1241030 1447.6
1241040 1450.6
1241050 1453.9
1241060 1453.9
1241070 1457.6
1241080 1461.5
1241090 1461.5
1241100 1465.8
1241110 1470.7
1241120 1470.7
1241130 1476.4
1241140 1483.1
1241150 1484.4
1241160 1487.4
1241170 1489.9
1241180 1489.9
1241190 1491.7
1241200 1492.8
1241210 1492.8
1241220 1493.8
1241230 1494.5
1241240 1494.5
1241250 1494.7
1241260 1494.3
1241270 1494.3
1241280 1493.7
1241290 1493.2
1241300 1492.6
1241310 1492.6
1241320 1492.0
1241330 1491.3
1241340 1491.3
1241350 1489.8
1241360 1488.8
1241370 1488.8
1241380 1488.2
1241390 1488.1
1241400 1488.1
1241410 1487.8
1241420 1487.4
1241430 1487.4
1241440 1486.7
1241450 1485.9
1241460 1485.9
1241470 1484.7
1241480 1482.9
1241490 1482.9
1241500 1481.0
1241510 1479.8
1241520 1479.8
1241530 1481.3
1241540 1483.4
1241550 1483.4
1241560 1484.4
1241570 1485.0
1241580 1485.3
1241590 1485.3
1241600 1484.6
1241610 1483.0
1241620 1483.0
1241630 1482.2
1241640 1481.4
1241650 1481.4
1241660 1481.3
1241670 1482.3
1241680 1484.1
1241690 1486.2
1241700 1488.4
1241710 1488.4
1241720 1491.1
1241730 1494.0
1241740 1494.0
1241750 1496.5
1241760 1497.9
1241770 1497.9
1241780 1498.6
1241790 1499.3
1241800 1499.3
1241810 1499.8
1241820 1500.2
1241830 1500.2
1241840 1500.6
1241850 1500.7
1241860 1501.2
1241870 1501.2
1241880 1502.1
1241890 1503.7
1241900 1503.7
1241910 1505.6
1241920 1506.6
1241930 1506.6
1241940 1506.3
1241950 1505.3
1241960 1505.3
1241970 1503.8
1241980 1501.4
1241990 1501.4
1242000 1497.5
1242010 1492.2
1242020 1492.2
1242030 1486.8
1242040 1482.4
1242050 1482.4
1242060 1479.0
1242070 1477.8
1242080 1477.8
1242090 1479.1
1242100 1481.1
1242110 1481.1
1242120 1482.1
1242130 1481.8
1242140 1480.9
1242150 1480.9
1242160 1479.5
1242170 1477.2
1242180 1477.2
1242190 1474.6
1242200 1468.8
1242210 1468.8
1242220 1468.4
1242230 1467.9
1242240 1467.9
1242250 1466.8
1242260 1465.2
1242270 1465.2
1242280 1463.4
1242290 1461.2
1242300 1461.2
1242310 1459.9
1242320 1459.4
1242330 1459.4
1242340 1458.7
1242350 1457.1
1242360 1457.1
1242370 1455.2
1242380 1452.8
1242390 1452.8
1242400 1448.8
1242410 1443.9
1242420 1438.6
1242430 1438.6
1242440 1433.7
1242450 1430.6
1242460 1430.6
1242470 1427.8
1242480 1424.9
1242490 1424.9
1242500 1422.1
1242510 1418.9
1242520 1418.9
1242530 1415.6
1242540 1412.2
1242550 1412.2
1242560 1407.9
1242570 1404.5
1242580 1404.5
1242590 1401.8
1242600 1399.5
1242610 1399.5
1242620 1397.2
1242630 1394.8
1242640 1394.8
1242650 1391.1
1242660 1384.6
1242670 1384.6
1242680 1377.9
1242690 1372.8
1242700 1368.5
1242710 1368.5
1242720 1364.3
1242730 1361.6
1242740 1361.6
1242750 1359.7
1242760 1356.1
1242770 1356.1
1242780 1353.6
1242790 1354.1
1242800 1354.1
1242810 1353.9
1242820 1349.9
1242830 1349.9
1242840 1346.4
1242850 1344.7
1242860 1344.7
1242870 1341.5
1242880 1339.6
1242890 1339.6
1242900 1338.4
1242910 1337.1
1242920 1337.1
1242930 1337.3
1242940 1335.4
1242950 1335.4
1242960 1332.4
1242970 1330.8
1242980 1330.2
1242990 1330.2
1243000 1330.2
1243010 1330.4
1243020 1330.4
1243030 1331.0
1243040 1330.2
1243050 1330.2
1243060 1329.1
1243070 1327.8
1243080 1327.8
1243090 1325.6
1243100 1325.5
1243110 1325.5
1243120 1325.9
1243130 1323.1
1243140 1323.1
1243150 1318.0
1243160 1315.6
1243170 1315.6
1243180 1312.2
1243190 1305.7
1243200 1305.7
1243210 1300.1
1243220 1294.9
1243230 1294.9
1243240 1290.9
1243250 1290.0
1243260 1290.6
1243270 1290.6
1243280 1291.1
1243290 1291.0
1243300 1291.0
1243310 1290.3
1243320 1288.4
1243330 1288.4
1243340 1286.1
1243350 1284.8
1243360 1284.8
1243370 1284.4
1243380 1284.3
1243390 1284.3
1243400 1283.3
1243410 1281.3
1243420 1281.3
1243430 1280.1
1243440 1277.1
1243450 1277.1
1243460 1272.4
1243470 1269.0
1243480 1269.0
1243490 1266.3
1243500 1263.9
1243510 1263.9
1243520 1265.1
1243530 1267.8
1243540 1268.3
1243550 1268.3
1243560 1269.6
1243570 1270.3
1243580 1270.3
1243590 1269.5
1243600 1268.7
1243610 1268.7
1243620 1268.1
1243630 1268.0
1243640 1268.0
1243650 1266.5
1243660 1263.7
1243670 1263.7
1243680 1259.0
1243690 1253.6
1243700 1253.6
1243710 1249.8
1243720 1247.0
1243730 1247.0
1243740 1244.7
1243750 1242.3
1243760 1242.3
1243770 1240.4
1243780 1238.6
1243790 1235.2
1243800 1233.6
1243810 1233.1
1243820 1232.5
1243830 1232.5
1243840 1232.3
1243850 1232.6
1243860 1232.6
1243870 1232.6
1243880 1231.7
1243890 1231.7
1243900 1230.3
1243910 1229.3
1243920 1229.3
1243930 1227.2
1243940 1224.9
1243950 1224.9
1243960 1223.2
1243970 1222.0
1243980 1222.0
1243990 1221.5
1244000 1221.5
1244010 1221.5
1244020 1221.6
1244030 1221.0
1244040 1221.0
1244050 1217.5
1244060 1212.9
1244070 1212.9
1244080 1207.4
1244090 1202.7
1244100 1199.4
1244110 1199.4
1244120 1198.7
1244130 1198.5
1244140 1198.5
1244150 1197.8
1244160 1195.7
1244170 1195.7
1244180 1192.5
1244190 1190.1
1244200 1190.1
1244210 1189.8
1244220 1190.9
1244230 1190.9
1244240 1190.6
1244250 1190.1
1244260 1190.1
1244270 1189.4
1244280 1188.4
1244290 1188.4
1244300 1187.8
1244310 1187.3
1244320 1186.7
1244330 1185.9
1244340 1185.4
1244350 1185.4
1244360 1185.3
1244370 1185.2
1244380 1185.1
1244390 1185.1
1244400 1185.6
1244410 1186.0
1244420 1186.0
1244430 1186.2
1244440 1186.1
1244450 1186.1
1244460 1186.0
1244470 1185.9
1244480 1185.9
1244490 1185.8
1244500 1185.8
1244510 1185.8
1244520 1185.8
1244530 1185.6
1244540 1185.6
1244550 1185.2
1244560 1184.5
1244570 1184.5
1244580 1183.6
1244590 1182.7
1244600 1182.7
1244610 1183.3
1244620 1183.6
1244630 1183.6
1244640 1182.3
1244650 1180.7
1244660 1179.2
1244670 1179.2
1244680 1179.0
1244690 1179.0
1244700 1179.0
1244710 1178.9
1244720 1178.8
1244730 1178.8
1244740 1179.3
1244750 1179.7
1244760 1179.7
1244770 1179.9
1244780 1180.0
1244790 1180.0
1244800 1180.0
1244810 1179.9
1244820 1179.9
1244830 1180.2
1244840 1180.9
1244850 1183.5
1244860 1183.3
1244870 1183.3
1244880 1183.3
1244890 1188.4
1244900 1191.0
1244910 1191.0
1244920 1192.0
1244930 1194.2
1244940 1196.0
1244950 1196.0
1244960 1197.7
1244970 1195.5
1244980 1195.5
1244990 1194.4
1245000 1196.8
1245010 1196.8
1245020 1201.2
1245030 1205.4
1245040 1205.4
1245050 1207.5
1245060 1208.3
1245070 1208.3
1245080 1209.2
1245090 1210.3
1245100 1210.3
1245110 1210.3
1245120 1208.5
1245130 1208.5
1245140 1207.3
1245150 1207.1
1245160 1207.1
1245170 1207.0
1245180 1206.3
1245190 1206.3
1245200 1204.1
1245210 1201.9
1245220 1202.0
1245230 1202.0
1245240 1200.4
1245250 1197.0
1245260 1197.0
1245270 1195.4
1245280 1194.8
1245290 1194.8
1245300 1194.3
1245310 1193.2
1245320 1193.2
1245330 1189.8
1245340 1185.4
1245350 1185.4
1245360 1180.9
1245370 1178.3
1245380 1178.1
1245390 1177.9
1245400 1178.4
1245410 1178.4
1245420 1178.6
1245430 1178.5
1245440 1178.5
1245450 1178.4
1245460 1178.4
1245470 1178.4
1245480 1178.6
1245490 1178.6
1245500 1178.8
1245510 1178.8
1245520 1178.9
1245530 1179.2
1245540 1179.2
1245550 1179.5
1245560 1179.7
1245570 1179.7
1245580 1180.1
1245590 1180.2
1245600 1180.2
1245610 1180.4
1245620 1181.1
1245630 1181.1
1245640 1181.1
1245650 1181.2
1245660 1181.2
1245670 1181.7
1245680 1181.9
1245690 1181.9
1245700 1182.2
1245710 1182.7
1245720 1182.7
1245730 1183.0
1245740 1183.2
1245750 1183.2
1245760 1183.5
1245770 1183.5
1245780 1183.9
1245790 1183.9
1245800 1184.8
1245810 1184.9
1245820 1184.9
1245830 1185.1
1245840 1185.7
1245850 1185.7
1245860 1187.1
1245870 1187.3
1245880 1187.3
1245890 1187.2
1245900 1187.0
1245910 1186.8
1245920 1186.9
1245930 1187.3
1245940 1187.3
1245950 1187.7
1245960 1188.1
1245970 1188.1
1245980 1188.5
1245990 1189.1
1246000 1189.1
1246010 1189.5
1246020 1189.6
1246030 1189.6
1246040 1189.8
1246050 1190.1
1246060 1190.4
1246070 1190.4
1246080 1190.7
1246090 1191.0
1246100 1191.0
1246110 1191.3
1246120 1191.7
1246130 1191.7
1246140 1192.1
1246150 1192.5
1246160 1192.5
1246170 1192.3
1246180 1192.0
1246190 1192.0
1246200 1192.0
1246210 1192.5
1246220 1192.5
1246230 1193.9
1246240 1194.6
1246250 1194.6
1246260 1194.7
1246270 1194.9
1246280 1194.9
1246290 1195.2
1246300 1195.4
1246310 1195.4
1246320 1195.7
1246330 1195.9
1246340 1196.3
1246350 1196.3
1246360 1196.3
1246370 1196.6
1246380 1196.6
1246390 1196.9
1246400 1197.1
1246410 1197.1
1246420 1197.4
1246430 1198.0
1246440 1198.0
1246450 1198.4
1246460 1198.8
1246470 1198.8
1246480 1199.4
1246490 1200.5
1246500 1200.5
1246510 1201.0
1246520 1201.3
1246530 1201.3
1246540 1201.3
1246550 1199.7
1246560 1199.7
1246570 1200.0
1246580 1201.0
1246590 1201.0
1246600 1201.9
1246610 1203.0
1246620 1204.5
1246630 1204.5
1246640 1205.1
1246650 1204.2
1246660 1204.2
1246670 1202.7
1246680 1202.5
1246690 1202.5
1246700 1202.7
1246710 1203.6
1246720 1203.6
1246730 1203.6
1246740 1203.9
1246750 1203.9
1246760 1205.0
1246770 1206.7
1246780 1206.7
1246790 1207.9
1246800 1208.2
1246810 1208.2
1246820 1208.1
1246830 1208.8
1246840 1208.8
1246850 1210.8
1246860 1212.4
1246870 1212.4
1246880 1214.4
1246890 1215.4
1246900 1216.7
1246910 1216.7
1246920 1218.7
1246930 1222.5
1246940 1222.5
1246950 1227.5
1246960 1233.1
1246970 1233.1
1246980 1238.3
1246990 1243.4
1247000 1243.4
1247010 1248.1
1247020 1252.7
1247030 1252.7
1247040 1256.4
1247050 1259.6
1247060 1259.6
1247070 1262.7
1247080 1265.2
1247090 1265.2
1247100 1267.2
1247110 1269.0
1247120 1269.0
1247130 1271.2
1247140 1273.8
1247150 1273.8
1247160 1276.0
1247170 1277.8
1247180 1279.4
1247190 1279.4
1247200 1280.6
1247210 1281.0
1247220 1281.0
1247230 1281.0
1247240 1280.3
1247250 1280.3
1247260 1280.1
1247270 1280.9
1247280 1280.9
1247290 1282.2
1247300 1283.5
1247310 1283.5
1247320 1284.6
1247330 1285.9
1247340 1285.9
1247350 1288.2
1247360 1290.8
1247370 1290.8
1247380 1293.2
1247390 1295.5
1247400 1295.5
1247410 1297.5
1247420 1299.8
1247430 1299.8
1247440 1303.3
1247450 1307.8
1247460 1312.8
1247470 1312.8
1247480 1318.6
1247490 1324.6
1247500 1324.6
1247510 1329.2
1247520 1332.6
1247530 1332.6
1247540 1336.8
1247550 1340.8
1247560 1340.8
1247570 1344.5
1247580 1347.3
1247590 1347.3
1247600 1349.1
1247610 1349.5
1247620 1349.5
1247630 1349.7
1247640 1351.2
1247650 1351.2
1247660 1353.0
1247670 1354.1
1247680 1354.1
1247690 1353.6
1247700 1355.0
1247710 1355.0
1247720 1357.8
1247730 1360.8
1247740 1364.4
1247750 1364.4
1247760 1369.8
1247770 1375.9
1247780 1375.9
1247790 1382.2
1247800 1387.5
1247810 1387.5
1247820 1392.8
1247830 1398.4
1247840 1398.4
1247850 1404.3
1247860 1410.5
1247870 1410.5
1247880 1416.9
1247890 1422.5
1247900 1422.5
1247910 1428.1
1247920 1434.2
1247930 1434.2
1247940 1441.7
1247950 1447.1
1247960 1447.1
1247970 1450.3
1247980 1454.2
1247990 1454.2
1248000 1460.0
1248010 1467.3
1248020 1474.4
1248030 1474.4
1248040 1480.6
1248050 1486.5
1248060 1486.3
1248070 1492.0
1248080 1498.5
1248090 1498.5
1248100 1505.7
1248110 1512.2
1248120 1512.2
1248130 1518.6
1248140 1522.4
1248150 1522.4
1248160 1525.7
1248170 1531.5
1248180 1531.5
1248190 1538.6
1248200 1546.4
1248210 1546.4
1248220 1554.1
1248230 1560.6
1248240 1560.6
1248250 1566.1
1248260 1573.7
1248270 1573.7
1248280 1582.3
1248290 1589.2
1248300 1593.1
1248310 1593.1
1248320 1594.8
1248330 1598.5
1248340 1598.5
1248350 1604.1
1248360 1609.2
1248370 1609.2
1248380 1613.0
1248390 1614.6
1248400 1614.6
1248410 1618.1
1248420 1623.6
1248430 1623.6
1248440 1627.8
1248450 1629.7
1248460 1629.7
1248470 1630.8
1248480 1632.3
1248490 1632.3
1248500 1633.8
1248510 1634.7
1248520 1634.7
1248530 1634.9
1248540 1635.5
1248550 1635.5
1248560 1637.2
1248570 1642.5
1248580 1648.7
1248590 1648.7
1248600 1654.5
1248610 1658.4
1248620 1658.4
1248630 1660.8
1248640 1664.9
1248650 1664.9
1248660 1669.4
1248670 1675.3
1248680 1675.3
1248690 1680.7
1248700 1683.9
1248710 1683.9
1248720 1687.5
1248730 1691.9
1248740 1691.9
1248750 1696.3
1248760 1700.4
1248770 1700.4
1248780 1704.0
1248790 1707.9
1248800 1707.9
1248810 1712.1
1248820 1715.9
1248830 1715.9
1248840 1719.2
1248850 1722.2
1248860 1725.0
1248870 1725.0
1248880 1728.1
1248890 1731.7
1248900 1731.7
1248910 1735.9
1248920 1740.1
1248930 1740.1
1248940 1743.9
1248950 1747.5
1248960 1747.5
1248970 1751.3
1248980 1754.9
1248990 1754.9
1249000 1758.3
1249010 1763.4
1249020 1763.4
1249030 1769.8
1249040 1776.1
1249050 1776.1
1249060 1780.5
1249070 1783.7
1249080 1783.7
1249090 1787.5
1249100 1791.6
1249110 1791.6
1249120 1794.5
1249130 1797.3
1249140 1799.8
1249150 1799.8
1249160 1804.2
1249170 1808.6
1249180 1808.6
1249190 1812.5
1249200 1817.6
1249210 1817.6
1249220 1823.2
1249230 1828.6
1249240 1828.6
1249250 1833.3
1249260 1837.7
1249270 1837.7
1249280 1842.3
1249290 1846.9
1249300 1846.9
1249310 1851.9
1249320 1857.0
1249330 1857.0
1249340 1861.9
1249350 1867.4
1249360 1867.4
1249370 1872.7
1249380 1876.6
1249390 1876.6
1249400 1880.4
1249410 1884.1
1249420 1887.8
1249430 1887.8
1249440 1890.5
1249450 1893.1
1249460 1893.1
1249470 1895.4
1249480 1898.1
1249490 1898.1
1249500 1901.0
1249510 1901.8
1249520 1901.8
1249530 1902.0
1249540 1905.3
1249550 1905.3
1249560 1913.3
1249570 1920.6
1249580 1920.6
1249590 1928.1
1249600 1936.2
1249610 1936.2
1249620 1943.1
1249630 1949.6
1249640 1949.6
1249650 1956.5
1249660 1963.4
1249670 1963.4
1249680 1969.3
1249690 1976.7
1249700 1984.2
1249710 1984.2
1249720 1991.1
1249730 1998.3
1249740 1998.3
1249750 2005.4
1249760 2012.7
1249770 2012.7
1249780 2020.3
1249790 2027.7
1249800 2027.7
1249810 2035.3
1249820 2042.9
1249830 2042.9
1249840 2051.0
1249850 2059.3
1249860 2059.3
1249870 2067.1
1249880 2075.2
1249890 2075.2
1249900 2084.7
1249910 2092.8
1249920 2092.8
1249930 2100.4
1249940 2107.6
1249950 2107.6
1249960 2114.7
1249970 2121.6
1249980 2128.5
1249990 2128.5
1250000 2135.5
1250010 2142.7
1250020 2142.7
1250030 2149.8
1250040 2156.8
1250050 2156.8
1250060 2163.7
1250070 2170.3
1250080 2170.3
1250090 2175.1
1250100 2180.0
1250110 2180.0
1250120 2185.1
1250130 2190.3
1250140 2190.3
1250150 2194.7
1250160 2198.5
1250170 2198.5
1250180 2201.7
1250190 2204.0
1250200 2204.0
1250210 2204.3
1250220 2192.9
1250230 2192.9
1250240 2175.8
1250250 2168.5
1250260 2163.7
1250270 2163.7
1250280 2157.0
1250290 2153.1
1250300 2153.1
1250310 2150.8
1250320 2148.3
1250330 2148.3
1250340 2136.8
1250350 2123.0
1250360 2123.0
1250370 2116.6
1250380 2110.5
1250390 2110.5
1250400 2105.1
1250410 2099.9
1250420 2099.9
1250430 2094.5
1250440 2089.1
1250450 2089.1
1250460 2081.1
1250470 2074.5
1250480 2074.5
1250490 2069.6
1250500 2065.0
1250510 2065.0
1250520 2060.6
1250530 2055.2
1250540 2049.9
1250550 2049.9
1250560 2044.8
1250570 2039.9
1250580 2039.9
1250590 2035.0
1250600 2030.0
1250610 2030.0
1250620 2026.6
1250630 2025.2
1250640 2025.2
1250650 2024.6
1250660 2024.3
1250670 2024.3
1250680 2024.3
1250690 2025.2
1250700 2025.2
1250710 2027.5
1250720 2031.4
1250730 2031.4
1250740 2036.2
1250750 2041.5
1250760 2041.5
1250770 2049.9
1250780 2056.0
1250790 2056.0
1250800 2062.3
1250810 2068.7
1250820 2075.2
1250830 2075.2
1250840 2081.7
1250850 2088.2
1250860 2088.2
1250870 2095.1
1250880 2103.5
1250890 2103.5
1250900 2114.0
1250910 2125.0
1250920 2125.0
1250930 2135.2
1250940 2143.8
1250950 2143.8
1250960 2154.0
1250970 2161.4
1250980 2161.4
1250990 2167.6
1251000 2173.3
1251010 2173.3
1251020 2178.1
1251030 2183.3
1251040 2183.3
1251050 2180.1
1251060 2159.4
1251070 2159.4
1251080 2142.7
1251090 2134.0
1251100 2130.1
1251110 2130.1
1251120 2122.1
1251130 2109.2
1251140 2109.2
1251150 2098.5
1251160 2081.0
1251170 2081.0
1251180 2063.4
1251190 2059.1
1251200 2059.1
1251210 2047.4
1251220 2022.5
1251230 2022.5
1251240 2000.0
1251250 1985.0
1251260 1985.0
1251270 1977.9
1251280 1971.1
1251290 1971.1
1251300 1964.2
1251310 1958.4
1251320 1958.4
1251330 1951.5
1251340 1944.8
1251350 1944.8
1251360 1938.6
1251370 1932.4
1251380 1926.5
1251390 1926.5
1251400 1920.9
1251410 1915.4
1251420 1915.4
1251430 1910.1
1251440 1905.1
1251450 1905.1
1251460 1900.9
1251470 1897.2
1251480 1897.2
1251490 1893.3
1251500 1889.6
1251510 1889.6
1251520 1885.4
1251530 1880.6
1251540 1880.6
1251550 1876.0
1251560 1871.7
1251570 1871.7
1251580 1866.7
1251590 1861.4
1251600 1861.4
1251610 1856.4
1251620 1852.0
1251630 1852.0
1251640 1847.8
1251650 1843.4
1251660 1839.0
1251670 1839.0
1251680 1834.8
1251690 1830.4
1251700 1830.4
1251710 1826.0
1251720 1821.2
1251730 1821.2
1251740 1816.9
1251750 1813.0
1251760 1813.0
1251770 1808.9
1251780 1804.8
1251790 1804.8
1251800 1801.0
1251810 1796.9
1251820 1796.9
1251830 1792.0
1251840 1787.3
1251850 1787.3
1251860 1785.9
1251870 1782.0
1251880 1782.0
1251890 1777.8
1251900 1773.6
1251910 1773.6
1251920 1769.9
1251930 1765.6
1251940 1760.4
1251950 1760.4
1251960 1755.9
1251970 1751.8
1251980 1751.8
1251990 1747.5
1252000 1743.0
1252010 1743.0
1252020 1738.4
1252030 1734.0
1252040 1734.0
1252050 1730.0
1252060 1726.6
1252070 1726.6
1252080 1723.5
1252090 1720.9
1252100 1720.9
1252110 1718.0
1252120 1714.1
1252130 1714.1
1252140 1710.1
1252150 1707.3
1252160 1707.3
1252170 1705.0
1252180 1701.1
1252190 1701.1
1252200 1695.6
1252210 1689.4
1252220 1683.5
1252230 1683.5
1252240 1678.3
1252250 1673.4
1252260 1673.4
1252270 1668.8
1252280 1663.6
1252290 1663.6
1252300 1658.2
1252310 1652.7
1252320 1652.7
1252330 1649.8
1252340 1647.1
1252350 1647.1
1252360 1643.7
1252370 1639.8
1252380 1639.8
1252390 1636.0
1252400 1631.9
1252410 1635.8
1252420 1631.2
1252430 1628.5
1252440 1628.5
1252450 1625.9
1252460 1622.5
1252470 1622.5
1252480 1625.2
1252490 1631.9
1252500 1635.1
1252510 1635.1
1252520 1633.5
1252530 1629.9
1252540 1629.9
1252550 1625.6
1252560 1622.6
1252570 1622.6
1252580 1619.7
1252590 1619.6
1252600 1619.6
1252610 1619.9
1252620 1619.4
1252630 1619.4
1252640 1618.7
1252650 1618.9
1252660 1618.9
1252670 1620.2
1252680 1624.3
1252690 1624.3
1252700 1625.9
1252710 1626.5
1252720 1626.5
1252730 1628.3
1252740 1630.1
1252750 1630.1
1252760 1632.8
1252770 1636.4
1252780 1640.0
1252790 1640.0
1252800 1644.1
1252810 1649.1
1252820 1649.1
1252830 1653.9
1252840 1658.8
1252850 1658.8
1252860 1663.7
1252870 1667.4
1252880 1667.4
1252890 1670.9
1252900 1675.1
1252910 1675.1
1252920 1680.0
1252930 1685.5
1252940 1685.5
1252950 1691.5
1252960 1701.1
1252970 1701.1
1252980 1708.2
1252990 1717.7
1253000 1717.7
1253010 1724.6
1253020 1730.5
1253030 1730.5
1253040 1737.1
1253050 1744.0
1253060 1751.4
1253070 1751.4
1253080 1759.2
1253090 1767.5
1253100 1767.5
1253110 1766.9
1253120 1759.5
1253130 1759.5
1253140 1752.3
1253150 1745.6
1253160 1745.6
1253170 1739.9
1253180 1735.8
1253190 1735.8
1253200 1732.9
1253210 1729.4
1253220 1729.4
1253230 1725.0
1253240 1719.9
1253250 1719.9
1253260 1715.1
1253270 1711.6
1253280 1711.6
1253290 1705.9
1253300 1699.8
1253310 1699.8
1253320 1693.5
1253330 1687.7
1253340 1682.2
1253350 1682.2
1253360 1676.5
1253370 1671.0
1253380 1671.0
1253390 1665.9
1253400 1661.2
1253410 1661.2
1253420 1656.6
1253430 1652.2
1253440 1652.2
1253450 1647.5
1253460 1642.4
1253470 1642.4
1253480 1638.0
1253490 1633.9
1253500 1633.9
1253510 1629.5
1253520 1624.8
1253530 1624.8
1253540 1620.1
1253550 1615.6
1253560 1615.6
1253570 1610.5
1253580 1605.1
1253590 1605.1
1253600 1599.6
1253610 1594.1
1253620 1587.9
1253630 1587.9
1253640 1580.8
1253650 1574.3
1253660 1574.3
1253670 1569.3
1253680 1565.4
1253690 1565.4
1253700 1561.8
1253710 1558.6
1253720 1558.6
1253730 1557.5
1253740 1562.0
1253750 1562.0
1253760 1567.7
1253770 1572.1
1253780 1572.1
1253790 1574.9
1253800 1572.8
1253810 1572.8
1253820 1566.7
1253830 1561.8
1253840 1561.8
1253850 1558.6
1253860 1556.0
1253870 1556.0
1253880 1554.9
1253890 1553.6
1253900 1553.2
1253910 1553.2
1253920 1553.4
1253930 1553.2
1253940 1553.2
1253950 1552.4
1253960 1550.4
1253970 1550.4
1253980 1548.4
1253990 1546.6
1254000 1546.6
1254010 1545.1
1254020 1543.7
1254030 1543.7
1254040 1542.1
1254050 1540.9
1254060 1543.9
1254070 1544.1
1254080 1544.3
1254090 1544.3
1254100 1544.5
1254110 1543.9
1254120 1543.9
1254130 1542.8
1254140 1539.1
1254150 1539.1
1254160 1533.3
1254170 1526.7
1254180 1520.7
1254190 1520.7
1254200 1514.9
1254210 1509.5
1254220 1509.5
1254230 1504.1
1254240 1500.7
1254250 1500.7
1254260 1500.9
1254270 1501.6
1254280 1501.6
1254290 1502.2
1254300 1502.9
1254310 1502.9
1254320 1504.2
1254330 1505.4
1254340 1505.4
1254350 1506.7
1254360 1508.1
1254370 1508.1
1254380 1509.2
1254390 1510.5
1254400 1510.5
1254410 1511.7
1254420 1513.0
1254430 1513.0
1254440 1514.5
1254450 1515.9
1254460 1517.2
1254470 1517.2
1254480 1518.4
1254490 1519.8
1254500 1519.8
1254510 1521.1
1254520 1521.8
1254530 1521.8
1254540 1522.3
1254550 1522.7
1254560 1522.7
1254570 1523.7
1254580 1525.0
1254590 1525.0
1254600 1526.3
1254610 1527.5
1254620 1528.7
1254630 1530.0
1254640 1530.8
1254650 1530.8
1254660 1532.1
1254670 1533.0
1254680 1533.0
1254690 1533.5
1254700 1532.2
1254710 1532.2
1254720 1532.4
1254730 1534.7
1254740 1537.4
1254750 1537.4
1254760 1539.3
1254770 1541.5
1254780 1541.5
1254790 1543.6
1254800 1545.8
1254810 1545.8
1254820 1547.7
1254830 1549.0
1254840 1549.0
1254850 1550.2
1254860 1551.6
1254870 1551.6
1254880 1553.4
1254890 1555.5
1254900 1555.5
1254910 1558.0
1254920 1560.6
1254930 1560.6
1254940 1562.8
1254950 1564.8
1254960 1564.8
1254970 1568.7
1254980 1571.4
1254990 1571.4
1255000 1573.0
1255010 1574.8
1255020 1576.9
1255030 1576.9
1255040 1579.6
1255050 1582.5
1255060 1582.5
1255070 1584.6
1255080 1587.0
1255090 1587.0
1255100 1590.6
1255110 1593.7
1255120 1593.7
1255130 1596.6
1255140 1599.8
1255150 1599.8
1255160 1603.4
1255170 1614.5
1255180 1614.5
1255190 1620.8
1255200 1625.3
1255210 1625.3
1255220 1630.3
1255230 1635.4
1255240 1635.4
1255250 1641.1
1255260 1648.4
1255270 1648.4
1255280 1655.9
1255290 1660.3
1255300 1665.4
1255310 1665.4
1255320 1665.4
1255330 1665.5
1255340 1665.5
1255350 1667.9
1255360 1678.3
1255370 1678.3
1255380 1687.2
1255390 1691.9
1255400 1691.9
1255410 1694.2
1255420 1696.9
1255430 1696.9
1255440 1695.3
1255450 1689.5
1255460 1689.5
1255470 1694.1
1255480 1700.2
1255490 1700.2
1255500 1703.2
1255510 1706.0
1255520 1706.0
1255530 1711.0
1255540 1716.4
1255550 1716.4
1255560 1719.1
1255570 1722.2
1255580 1729.2
1255590 1729.2
1255600 1738.1
1255610 1745.0
1255620 1745.0
1255630 1753.0
1255640 1762.2
1255650 1762.2
1255660 1772.8
1255670 1778.8
1255680 1778.8
1255690 1783.5
1255700 1787.1
1255710 1787.1
1255720 1791.2
1255730 1797.4
1255740 1797.4
1255750 1806.7
1255760 1813.3
1255770 1813.3
1255780 1819.6
1255790 1825.3
1255800 1825.3
1255810 1830.0
1255820 1835.3
1255830 1835.3
1255840 1840.3
1255850 1843.9
1255860 1847.0
1255870 1847.0
1255880 1851.2
1255890 1856.9
1255900 1856.9
1255910 1858.6
1255920 1856.6
1255930 1856.6
1255940 1858.8
1255950 1864.3
1255960 1864.3
1255970 1868.0
1255980 1871.5
1255990 1871.5
1256000 1876.3
1256010 1882.0
1256020 1882.0
1256030 1887.6
1256040 1893.3
1256050 1893.3
1256060 1899.3
1256070 1905.8
1256080 1905.8
1256090 1912.3
1256100 1918.7
1256110 1918.7
1256120 1925.1
1256130 1931.6
1256140 1938.2
1256150 1938.2
1256160 1944.5
1256170 1950.6
1256180 1950.6
1256190 1956.5
1256200 1962.5
1256210 1962.5
1256220 1968.8
1256230 1975.6
1256240 1975.6
1256250 1981.9
1256260 1988.1
1256270 1988.1
1256280 1994.2
1256290 1999.3
1256300 1999.3
1256310 2005.9
1256320 2012.7
1256330 2012.7
1256340 2019.4
1256350 2026.3
1256360 2026.3
1256370 2033.3
1256380 2040.4
1256390 2040.4
1256400 2047.3
1256410 2054.4
1256420 2061.4
1256430 2061.4
1256440 2068.1
1256450 2075.0
1256460 2075.0
1256470 2082.2
1256480 2089.0
1256490 2089.0
1256500 2096.0
1256510 2103.5
1256520 2103.5
1256530 2110.6
1256540 2117.2
1256550 2117.2
1256560 2124.3
1256570 2131.0
1256580 2131.0
1256590 2138.0
1256600 2145.1
1256610 2145.1
1256620 2152.1
1256630 2158.7
1256640 2158.7
1256650 2160.5
1256660 2153.3
1256670 2153.3
1256680 2145.4
1256690 2137.9
1256700 2130.2
1256710 2130.2
1256720 2122.9
1256730 2116.4
1256740 2116.4
1256750 2111.0
1256760 2104.9
1256770 2104.9
1256780 2098.9
1256790 2092.1
1256800 2092.1
1256810 2085.4
1256820 2083.2
1256830 2083.2
1256840 2086.2
1256850 2084.0
1256860 2084.0
1256870 2082.7
1256880 2081.4
1256890 2081.4
1256900 2078.9
1256910 2075.9
1256920 2075.9
1256930 2076.1
1256940 2076.1
1256950 2076.1
1256960 2073.6
1256970 2069.6
1256980 2069.9
1256990 2069.9
1257000 2071.4
1257010 2074.4
1257020 2074.4
1257030 2077.7
1257040 2083.2
1257050 2083.2
1257060 2086.4
1257070 2089.4
1257080 2089.4
1257090 2094.6
1257100 2097.4
1257110 2097.4
1257120 2099.1
1257130 2097.2
1257140 2097.2
1257150 2093.7
1257160 2089.3
1257170 2089.3
1257180 2084.3
1257190 2080.2
1257200 2080.2
1257210 2076.3
1257220 2070.1
1257230 2070.1
1257240 2063.7
1257250 2056.8
1257260 2049.3
1257270 2049.3
1257280 2041.8
1257290 2034.3
1257300 2034.3
1257310 2026.9
1257320 2019.9
1257330 2019.9
1257340 2012.8
1257350 2005.5
1257360 2005.5
1257370 1998.7
1257380 1991.9
1257390 1991.9
1257400 1983.9
1257410 1977.2
1257420 1977.2
1257430 1970.5
1257440 1963.7
1257450 1963.7
1257460 1957.3
1257470 1951.5
1257480 1951.5
1257490 1945.6
1257500 1941.2
1257510 1941.2
1257520 1937.4
1257530 1932.1
1257540 1926.6
1257550 1926.6
1257560 1918.3
1257570 1910.4
1257580 1910.4
1257590 1904.4
1257600 1896.8
1257610 1896.8
1257620 1888.3
1257630 1881.1
1257640 1881.1
1257650 1880.6
1257660 1885.7
1257670 1885.7
1257680 1885.7
1257690 1882.7
1257700 1882.7
1257710 1879.2
1257720 1877.7
1257730 1877.7
1257740 1875.7
1257750 1872.5
1257760 1872.5
1257770 1871.4
1257780 1873.2
1257790 1873.2
1257800 1874.2
1257810 1872.7
1257820 1868.8
1257830 1868.8
1257840 1865.7
1257850 1862.0
1257860 1862.0
1257870 1858.9
1257880 1856.0
1257890 1856.0
1257900 1853.1
1257910 1850.2
1257920 1850.2
1257930 1847.8
1257940 1845.6
1257950 1845.6
1257960 1843.8
1257970 1837.2
1257980 1837.2
1257990 1835.1
1258000 1831.1
1258010 1831.1
1258020 1825.1
1258030 1819.5
1258040 1819.5
1258050 1814.6
1258060 1810.3
1258070 1810.3
1258080 1805.9
1258090 1801.5
1258100 1797.8
1258110 1797.8
1258120 1794.1
1258130 1790.4
1258140 1790.4
1258150 1786.1
1258160 1782.3
1258170 1782.3
1258180 1778.7
1258190 1774.6
1258200 1774.6
1258210 1770.3
1258220 1764.7
1258230 1764.7
1258240 1759.4
1258250 1753.7
1258260 1753.7
1258270 1747.2
1258280 1741.9
1258290 1741.9
1258300 1736.6
1258310 1731.8
1258320 1731.8
1258330 1727.0
1258340 1722.5
1258350 1722.5
1258360 1717.9
1258370 1713.1
1258380 1707.5
1258390 1707.5
1258400 1701.1
1258410 1694.1
1258420 1694.1
1258430 1687.0
1258440 1679.7
1258450 1679.7
1258460 1672.8
1258470 1666.2
1258480 1666.2
1258490 1661.9
1258500 1658.8
1258510 1658.8
1258520 1655.9
1258530 1645.7
1258540 1645.7
1258550 1642.4
1258560 1638.6
1258570 1638.6
1258580 1633.8
1258590 1627.8
1258600 1627.8
1258610 1619.9
1258620 1612.5
1258630 1612.5
1258640 1605.5
1258650 1598.8
1258660 1594.7
1258670 1594.7
1258680 1589.6
1258690 1582.0
1258700 1582.0
1258710 1576.4
1258720 1571.0
1258730 1571.0
1258740 1563.9
1258750 1556.9
1258760 1556.9
1258770 1550.2
1258780 1545.0
1258790 1545.0
1258800 1539.8
1258810 1535.0
1258820 1535.0
1258830 1530.9
1258840 1526.9
1258850 1526.9
1258860 1518.9
1258870 1510.3
1258880 1510.3
1258890 1504.6
1258900 1499.7
1258910 1499.7
1258920 1495.3
1258930 1491.5
1258940 1487.5
1258950 1487.5
1258960 1483.1
1258970 1478.2
1258980 1478.2
1258990 1473.1
1259000 1467.5
1259010 1467.5
1259020 1460.7
1259030 1453.1
1259040 1453.1
1259050 1445.3
1259060 1438.5
1259070 1438.5
1259080 1431.9
1259090 1422.3
1259100 1422.3
1259110 1415.4
1259120 1408.7
1259130 1408.7
1259140 1402.9
1259150 1397.6
1259160 1397.6
1259170 1392.5
1259180 1388.8
1259190 1388.8
1259200 1385.9
1259210 1382.5
1259220 1379.7
1259230 1379.7
1259240 1376.6
1259250 1372.9
1259260 1372.9
1259270 1369.0
1259280 1365.4
1259290 1365.4
1259300 1361.5
1259310 1357.6
1259320 1357.6
1259330 1354.3
1259340 1351.6
1259350 1351.6
1259360 1348.6
1259370 1345.2
1259380 1345.2
1259390 1341.9
1259400 1339.2
1259410 1339.2
1259420 1337.7
1259430 1336.9
1259440 1336.9
1259450 1335.9
1259460 1334.9
1259470 1334.9
1259480 1334.2
1259490 1333.4
1259500 1332.1
1259510 1332.1
1259520 1330.4
1259530 1328.0
1259540 1328.0
1259550 1326.8
1259560 1325.9
1259570 1325.9
1259580 1325.1
1259590 1324.6
1259600 1324.6
1259610 1324.2
1259620 1323.5
1259630 1323.5
1259640 1322.7
1259650 1322.2
1259660 1321.0
1259670 1319.9
1259680 1319.8
1259690 1319.8
1259700 1320.3
1259710 1319.5
1259720 1319.5
1259730 1318.0
1259740 1317.3
1259750 1317.3
1259760 1318.0
1259770 1318.0
1259780 1317.3
1259790 1317.3
1259800 1316.6
1259810 1315.8
1259820 1315.8
1259830 1315.1
1259840 1314.4
1259850 1314.4
1259860 1313.6
1259870 1312.9
1259880 1312.9
1259890 1312.3
1259900 1311.7
1259910 1311.7
1259920 1310.7
1259930 1309.9
1259940 1309.9
1259950 1309.0
1259960 1308.0
1259970 1308.0
1259980 1307.1
1259990 1306.1
