1240000 1378.9
1240010 1379.9
1240020 1379.9
1240030 1380.9
1240040 1381.7
1240050 1381.7
1240060 1381.4
1240070 1379.8
1240080 1379.8
1240090 1378.2
1240100 1378.3
1240110 1378.3
1240120 1377.4
1240130 1375.7
1240140 1375.7
1240150 1373.1
1240160 1370.3
1240170 1370.3
1240180 1367.8
1240190 1364.8
1240200 1364.8
1240210 1361.3
1240220 1357.7
1240230 1354.8
1240240 1354.8
1240250 1352.1
1240260 1350.2
1240270 1350.2
1240280 1347.1
1240290 1343.1
1240300 1343.1
1240310 1342.3
1240320 1342.6
1240330 1342.6
1240340 1343.0
1240350 1343.2
1240360 1343.2
1240370 1343.8
1240380 1344.2
1240390 1344.2
1240400 1343.8
1240410 1343.7
1240420 1343.7
1240430 1343.5
1240440 1343.4
1240450 1343.4
1240460 1343.1
1240470 1343.1
1240480 1343.1
1240490 1343.6
1240500 1344.8
1240510 1347.2
1240520 1347.2
1240530 1349.3
1240540 1350.9
1240550 1350.9
1240560 1352.0
1240570 1352.1
1240580 1352.1
1240590 1351.9
1240600 1351.2
1240610 1351.2
1240620 1350.0
1240630 1345.4
1240640 1345.4
1240650 1344.2
1240660 1342.8
1240670 1342.8
1240680 1342.0
1240690 1341.2
1240700 1341.2
1240710 1339.8
1240720 1338.0
1240730 1338.0
1240740 1337.7
1240750 1337.8
1240760 1337.8
1240770 1337.8
1240780 1336.8
1240790 1335.2
1240800 1335.2
1240810 1331.8
1240820 1330.1
1240830 1330.1
1240840 1333.1
1240850 1332.3
1240860 1332.3
1240870 1330.5
1240880 1330.0
1240890 1330.0
1240900 1329.9
1240910 1330.1
1240920 1330.1
1240930 1330.5
1240940 1330.1
1240950 1330.1
1240960 1329.5
1240970 1328.4
1240980 1328.4
1240990 1326.6
1241000 1325.5
1241010 1325.5
1241020 1325.3
1241030 1325.3
1241040 1325.3
1241050 1325.9
1241060 1326.6
1241070 1327.5
1241080 1327.5
1241090 1327.9
1241100 1327.9
1241110 1327.9
1241120 1327.5
1241130 1327.2
1241140 1327.2
1241150 1325.3
1241160 1325.8
1241170 1325.8
1241180 1326.5
1241190 1327.1
1241200 1327.1
1241210 1327.7
1241220 1328.4
1241230 1328.4
1241240 1329.4
1241250 1330.0
1241260 1330.0
1241270 1330.5
1241280 1330.9
1241290 1330.9
1241300 1331.7
1241310 1332.4
1241320 1332.4
1241330 1333.0
1241340 1333.2
1241350 1333.3
1241360 1333.3
1241370 1333.2
1241380 1332.9
1241390 1332.9
1241400 1332.3
1241410 1330.4
1241420 1330.4
1241430 1327.0
1241440 1324.0
1241450 1324.0
1241460 1322.4
1241470 1321.5
1241480 1321.5
1241490 1321.1
1241500 1321.1
1241510 1321.1
1241520 1320.8
1241530 1319.8
1241540 1319.8
1241550 1318.8
1241560 1318.8
1241570 1318.8
1241580 1320.1
1241590 1321.5
1241600 1321.5
1241610 1320.7
1241620 1318.9
1241630 1318.9
1241640 1317.4
1241650 1316.3
1241660 1315.8
1241670 1318.2
1241680 1317.2
1241690 1315.9
1241700 1315.9
1241710 1316.7
1241720 1318.1
1241730 1318.1
1241740 1318.1
1241750 1317.7
1241760 1317.7
1241770 1318.2
1241780 1319.3
1241790 1319.3
1241800 1319.5
1241810 1319.8
1241820 1319.8
1241830 1321.8
1241840 1324.7
1241850 1324.7
1241860 1327.6
1241870 1329.0
1241880 1329.0
1241890 1329.1
1241900 1328.2
1241910 1328.2
1241920 1327.2
1241930 1326.7
1241940 1325.6
1241950 1325.6
1241960 1322.5
1241970 1319.5
1241980 1319.5
1241990 1316.5
1242000 1313.8
1242010 1313.8
1242020 1311.5
1242030 1311.7
1242040 1311.7
1242050 1310.6
1242060 1309.0
1242070 1309.0
1242080 1307.4
1242090 1305.9
1242100 1305.9
1242110 1305.2
1242120 1304.9
1242130 1304.9
1242140 1304.9
1242150 1304.9
1242160 1304.9
1242170 1304.9
1242180 1304.8
1242190 1304.8
1242200 1304.9
1242210 1304.8
1242220 1304.5
1242230 1304.5
1242240 1304.3
1242250 1304.2
1242260 1304.2
1242270 1304.0
1242280 1303.8
1242290 1303.8
1242300 1303.5
1242310 1303.3
1242320 1303.3
1242330 1303.0
1242340 1302.9
1242350 1302.9
1242360 1302.9
1242370 1302.8
1242380 1302.8
1242390 1302.3
1242400 1301.8
1242410 1301.8
1242420 1301.3
1242430 1301.1
1242440 1301.1
1242450 1300.7
1242460 1300.3
1242470 1300.3
1242480 1299.9
1242490 1299.7
1242500 1300.1
1242510 1300.1
1242520 1299.9
1242530 1299.3
1242540 1299.3
1242550 1299.1
1242560 1298.5
1242570 1298.5
1242580 1297.4
1242590 1296.5
1242600 1296.5
1242610 1295.6
1242620 1294.5
1242630 1294.5
1242640 1293.2
1242650 1292.0
1242660 1292.0
1242670 1291.5
1242680 1294.8
1242690 1294.8
1242700 1299.8
1242710 1304.7
1242720 1302.6
1242730 1303.8
1242740 1304.4
1242750 1304.4
1242760 1301.4
1242770 1299.8
1242780 1299.9
1242790 1299.9
1242800 1297.5
1242810 1293.3
1242820 1293.3
1242830 1290.7
1242840 1288.0
1242850 1288.0
1242860 1283.9
1242870 1281.9
1242880 1281.9
1242890 1282.1
1242900 1282.4
1242910 1282.4
1242920 1282.2
1242930 1279.2
1242940 1279.2
1242950 1275.0
1242960 1270.2
1242970 1270.2
1242980 1265.3
1242990 1262.6
1243000 1262.6
1243010 1261.9
1243020 1262.9
1243030 1262.9
1243040 1262.9
1243050 1262.1
1243060 1261.3
1243070 1261.3
1243080 1261.0
1243090 1262.5
1243100 1262.5
1243110 1264.1
1243120 1264.7
1243130 1264.7
1243140 1263.0
1243150 1260.3
1243160 1260.3
1243170 1257.4
1243180 1253.8
1243190 1253.8
1243200 1249.8
1243210 1246.9
1243220 1246.9
1243230 1243.4
1243240 1240.2
1243250 1242.0
1243260 1242.6
1243270 1243.0
1243280 1243.0
1243290 1243.7
1243300 1244.9
1243310 1244.9
1243320 1245.8
1243330 1245.4
1243340 1245.7
1243350 1245.7
1243360 1246.6
1243370 1247.7
1243380 1247.7
1243390 1249.2
1243400 1247.8
1243410 1247.8
1243420 1247.2
1243430 1246.4
1243440 1246.4
1243450 1245.2
1243460 1243.5
1243470 1243.5
1243480 1241.2
1243490 1239.0
1243500 1239.0
1243510 1236.7
1243520 1234.9
1243530 1234.9
1243540 1233.5
1243550 1232.2
1243560 1232.2
1243570 1229.9
1243580 1228.8
1243590 1228.8
1243600 1228.3
1243610 1228.3
1243620 1228.8
1243630 1228.8
1243640 1229.8
1243650 1230.8
1243660 1230.8
1243670 1231.7
1243680 1232.2
1243690 1232.2
1243700 1232.8
1243710 1233.1
1243720 1233.1
1243730 1233.0
1243740 1232.7
1243750 1232.7
1243760 1231.6
1243770 1230.7
1243780 1232.9
1243790 1231.7
1243800 1229.3
1243810 1229.3
1243820 1227.5
1243830 1226.1
1243840 1226.1
1243850 1223.9
1243860 1222.7
1243870 1222.7
1243880 1223.1
1243890 1221.6
1243900 1219.0
1243910 1219.0
1243920 1216.1
1243930 1212.8
1243940 1212.8
1243950 1209.3
1243960 1207.0
1243970 1207.0
1243980 1205.5
1243990 1204.4
1244000 1204.4
1244010 1203.8
1244020 1203.9
1244030 1203.9
1244040 1204.1
1244050 1201.2
1244060 1201.2
1244070 1199.7
1244080 1199.2
1244090 1199.2
1244100 1198.9
1244110 1197.9
1244120 1197.9
1244130 1196.7
1244140 1195.5
1244150 1195.5
1244160 1195.0
1244170 1194.0
1244180 1193.3
1244190 1193.3
1244200 1193.4
1244210 1189.5
1244220 1189.5
1244230 1184.3
1244240 1182.9
1244250 1182.9
1244260 1186.2
1244270 1188.3
1244280 1188.3
1244290 1188.5
1244300 1188.6
1244310 1188.5
1244320 1188.6
1244330 1188.6
1244340 1188.6
1244350 1188.5
1244360 1188.5
1244370 1188.5
1244380 1188.3
1244390 1188.2
1244400 1188.2
1244410 1188.2
1244420 1188.0
1244430 1188.0
1244440 1188.0
1244450 1188.9
1244460 1188.9
1244470 1193.4
1244480 1200.0
1244490 1201.8
1244500 1201.8
1244510 1200.8
1244520 1200.2
1244530 1200.2
1244540 1199.7
1244550 1198.8
1244560 1198.8
1244570 1197.6
1244580 1197.0
1244590 1197.0
1244600 1195.6
1244610 1194.9
1244620 1194.9
1244630 1196.3
1244640 1198.7
1244650 1198.7
1244660 1200.6
1244670 1202.5
1244680 1202.5
1244690 1204.5
1244700 1206.4
1244710 1206.4
1244720 1208.4
1244730 1210.8
1244740 1210.8
1244750 1212.3
1244760 1213.1
1244770 1213.9
1244780 1213.9
1244790 1214.6
1244800 1214.7
1244810 1214.7
1244820 1214.3
1244830 1213.6
1244840 1212.1
1244850 1211.5
1244860 1211.2
1244870 1211.2
1244880 1211.1
1244890 1211.4
1244900 1211.4
1244910 1211.8
1244920 1212.5
1244930 1212.5
1244940 1213.5
1244950 1215.0
1244960 1215.0
1244970 1216.4
1244980 1217.4
1244990 1217.4
1245000 1218.3
1245010 1219.3
1245020 1219.3
1245030 1219.7
1245040 1219.8
1245050 1219.9
1245060 1219.9
1245070 1220.0
1245080 1219.8
1245090 1219.8
1245100 1219.6
1245110 1219.5
1245120 1219.5
1245130 1219.3
1245140 1219.1
1245150 1219.1
1245160 1218.9
1245170 1217.5
1245180 1217.5
1245190 1216.0
1245200 1214.6
1245210 1214.6
1245220 1213.0
1245230 1211.7
1245240 1211.7
1245250 1210.6
1245260 1208.1
1245270 1208.1
1245280 1206.3
1245290 1203.7
1245300 1203.7
1245310 1202.9
1245320 1202.5
1245330 1200.7
1245340 1200.7
1245350 1199.2
1245360 1197.8
1245370 1197.3
1245380 1196.6
1245390 1194.3
1245400 1194.3
1245410 1191.0
1245420 1189.4
1245430 1189.4
1245440 1187.8
1245450 1186.6
1245460 1186.6
1245470 1185.6
1245480 1184.6
1245490 1184.6
1245500 1183.7
1245510 1183.0
1245520 1183.0
1245530 1182.4
1245540 1182.1
1245550 1182.1
1245560 1181.8
1245570 1181.0
1245580 1181.0
1245590 1180.2
1245600 1180.2
1245610 1180.2
1245620 1180.2
1245630 1180.7
1245640 1182.5
1245650 1182.5
1245660 1184.7
1245670 1185.5
1245680 1185.5
1245690 1186.7
1245700 1187.0
1245710 1187.0
1245720 1186.2
1245730 1184.9
1245740 1184.9
1245750 1183.6
1245760 1180.6
1245770 1180.6
1245780 1178.1
1245790 1176.7
1245800 1176.7
1245810 1177.4
1245820 1177.7
1245830 1177.7
1245840 1178.0
1245850 1178.3
1245860 1178.3
1245870 1179.3
1245880 1179.9
1245890 1180.3
1245900 1180.3
1245910 1180.2
1245920 1180.4
1245930 1180.4
1245940 1181.0
1245950 1181.6
1245960 1181.6
1245970 1182.1
1245980 1182.5
1245990 1182.5
1246000 1183.3
1246010 1184.1
1246020 1184.1
1246030 1184.2
1246040 1184.4
1246050 1184.4
1246060 1184.6
1246070 1184.7
1246080 1184.7
1246090 1185.1
1246100 1186.9
1246110 1186.9
1246120 1188.4
1246130 1192.3
1246140 1192.3
1246150 1197.1
1246160 1199.8
1246170 1200.9
1246180 1200.9
1246190 1202.8
1246200 1204.3
1246210 1204.3
1246220 1206.3
1246230 1206.9
1246240 1206.9
1246250 1206.8
1246260 1208.9
1246270 1208.9
1246280 1210.8
1246290 1212.4
1246300 1212.4
1246310 1212.6
1246320 1213.2
1246330 1213.2
1246340 1224.2
1246350 1235.8
1246360 1235.8
1246370 1242.9
1246380 1246.8
1246390 1246.8
1246400 1248.6
1246410 1250.0
1246420 1250.0
1246430 1252.4
1246440 1253.0
1246450 1254.9
1246460 1254.9
1246470 1258.4
1246480 1263.0
1246490 1263.0
1246500 1265.9
1246510 1267.7
1246520 1267.7
1246530 1268.3
1246540 1267.3
1246550 1267.3
1246560 1267.3
1246570 1269.9
1246580 1269.9
1246590 1275.4
1246600 1281.4
1246610 1281.4
1246620 1285.9
1246630 1289.6
1246640 1289.6
1246650 1293.2
1246660 1296.9
1246670 1296.9
1246680 1299.7
1246690 1302.4
1246700 1302.4
1246710 1306.1
1246720 1309.6
1246730 1311.5
1246740 1311.5
1246750 1312.9
1246760 1314.8
1246770 1314.8
1246780 1316.0
1246790 1317.7
1246800 1317.7
1246810 1317.7
1246820 1317.9
1246830 1317.9
1246840 1320.6
1246850 1323.6
1246860 1323.6
1246870 1323.7
1246880 1323.1
1246890 1323.1
1246900 1325.9
1246910 1325.7
1246920 1325.7
1246930 1325.7
1246940 1327.8
1246950 1327.8
1246960 1330.4
1246970 1332.9
1246980 1330.3
1246990 1332.2
1247000 1334.0
1247010 1335.5
1247020 1335.5
1247030 1336.7
1247040 1337.5
1247050 1337.5
1247060 1338.2
1247070 1339.3
1247080 1339.3
1247090 1340.3
1247100 1341.5
1247110 1341.5
1247120 1342.7
1247130 1343.6
1247140 1343.6
1247150 1344.3
1247160 1344.6
1247170 1344.6
1247180 1344.7
1247190 1345.7
1247200 1345.7
1247210 1345.7
1247220 1343.1
1247230 1343.1
1247240 1341.7
1247250 1340.8
1247260 1340.8
1247270 1339.5
1247280 1338.4
1247290 1338.6
1247300 1338.6
1247310 1338.9
1247320 1339.0
1247330 1339.0
1247340 1339.3
1247350 1339.2
1247360 1339.2
1247370 1339.5
1247380 1340.5
1247390 1340.5
1247400 1338.8
1247410 1338.0
1247420 1338.0
1247430 1338.9
1247440 1339.2
1247450 1339.2
1247460 1338.9
1247470 1338.1
1247480 1338.1
1247490 1337.7
1247500 1338.4
1247510 1338.4
1247520 1337.3
1247530 1339.4
1247540 1339.4
1247550 1340.9
1247560 1340.3
1247570 1340.3
1247580 1337.7
1247590 1335.7
1247600 1334.9
1247610 1334.9
1247620 1332.7
1247630 1331.4
1247640 1331.4
1247650 1331.1
1247660 1327.1
1247670 1327.1
1247680 1320.3
1247690 1315.7
1247700 1315.7
1247710 1314.8
1247720 1315.0
1247730 1315.0
1247740 1315.2
1247750 1316.8
1247760 1316.8
1247770 1319.0
1247780 1320.1
1247790 1320.1
1247800 1320.4
1247810 1320.3
1247820 1320.3
1247830 1321.3
1247840 1323.2
1247850 1323.2
1247860 1324.5
1247870 1327.0
1247880 1329.7
1247890 1329.7
1247900 1332.2
1247910 1332.7
1247920 1332.7
1247930 1332.8
1247940 1333.2
1247950 1333.2
1247960 1333.2
1247970 1332.9
1247980 1332.9
1247990 1336.5
1248000 1341.9
1248010 1341.9
1248020 1345.3
1248030 1346.5
1248040 1346.5
1248050 1342.4
1248060 1344.0
1248070 1344.0
1248080 1346.1
1248090 1348.0
1248100 1348.0
1248110 1349.8
1248120 1351.7
1248130 1351.7
1248140 1353.6
1248150 1355.1
1248160 1356.2
1248170 1356.2
1248180 1357.2
1248190 1357.8
1248200 1357.8
1248210 1357.8
1248220 1357.3
1248230 1357.3
1248240 1356.1
1248250 1356.1
1248260 1356.1
1248270 1360.0
1248280 1364.8
1248290 1364.8
1248300 1368.6
1248310 1371.4
1248320 1371.4
1248330 1375.2
1248340 1382.8
1248350 1382.8
1248360 1389.0
1248370 1392.8
1248380 1392.8
1248390 1396.4
1248400 1400.6
1248410 1400.6
1248420 1404.9
1248430 1409.3
1248440 1414.4
1248450 1414.4
1248460 1418.5
1248470 1420.5
1248480 1420.5
1248490 1420.8
1248500 1424.1
1248510 1424.1
1248520 1427.0
1248530 1428.4
1248540 1428.4
1248550 1430.0
1248560 1429.9
1248570 1429.9
1248580 1428.9
1248590 1433.7
1248600 1433.7
1248610 1435.6
1248620 1438.0
1248630 1438.0
1248640 1438.8
1248650 1441.2
1248660 1441.2
1248670 1446.6
1248680 1451.6
1248690 1451.6
1248700 1454.5
1248710 1456.1
1248720 1455.3
1248730 1455.3
1248740 1452.3
1248750 1450.3
1248760 1450.3
1248770 1451.6
1248780 1452.2
1248790 1452.2
1248800 1452.1
1248810 1454.4
1248820 1454.4
1248830 1459.0
1248840 1462.8
1248850 1462.8
1248860 1464.1
1248870 1460.3
1248880 1460.3
1248890 1456.7
1248900 1458.8
1248910 1458.8
1248920 1464.2
1248930 1468.9
1248940 1468.9
1248950 1471.4
1248960 1474.4
1248970 1474.4
1248980 1477.4
1248990 1480.4
1249000 1483.9
1249010 1483.9
1249020 1487.3
1249030 1489.4
1249040 1489.4
1249050 1492.3
1249060 1497.5
1249070 1497.5
1249080 1506.6
1249090 1528.5
1249100 1528.5
1249110 1538.7
1249120 1542.8
1249130 1550.2
1249140 1553.7
1249150 1555.5
1249160 1555.5
1249170 1560.4
1249180 1564.9
1249190 1564.9
1249200 1564.9
1249210 1563.4
1249220 1563.4
1249230 1560.5
1249240 1554.2
1249250 1554.2
1249260 1545.3
1249270 1536.9
1249280 1537.5
1249290 1537.5
1249300 1540.8
1249310 1547.9
1249320 1547.9
1249330 1555.2
1249340 1559.4
1249350 1559.4
1249360 1566.0
1249370 1570.6
1249380 1570.6
1249390 1574.8
1249400 1578.1
1249410 1578.1
1249420 1585.4
1249430 1600.3
1249440 1600.3
1249450 1608.8
1249460 1609.3
1249470 1609.3
1249480 1607.1
1249490 1607.7
1249500 1607.7
1249510 1608.1
1249520 1608.3
1249530 1608.3
1249540 1604.0
1249550 1595.7
1249560 1589.8
1249570 1589.8
1249580 1584.4
1249590 1579.1
1249600 1579.1
1249610 1582.4
1249620 1590.3
1249630 1590.3
1249640 1597.8
1249650 1602.8
1249660 1602.8
1249670 1610.3
1249680 1628.1
1249690 1628.1
1249700 1632.5
1249710 1638.4
1249720 1638.4
1249730 1645.7
1249740 1645.2
1249750 1645.2
1249760 1641.8
1249770 1636.3
1249780 1636.3
1249790 1630.5
1249800 1625.4
1249810 1625.4
1249820 1619.4
1249830 1612.3
1249840 1609.2
1249850 1609.2
1249860 1609.0
1249870 1605.6
1249880 1605.6
1249890 1604.6
1249900 1608.5
1249910 1608.5
1249920 1616.3
1249930 1623.8
1249940 1623.8
1249950 1632.1
1249960 1639.4
1249970 1639.4
1249980 1644.8
1249990 1649.7
1250000 1649.7
1250010 1655.0
1250020 1662.2
1250030 1662.2
1250040 1669.9
1250050 1678.1
1250060 1678.1
1250070 1688.9
1250080 1697.7
1250090 1697.7
1250100 1704.1
1250110 1710.8
1250120 1717.3
1250130 1717.3
1250140 1724.8
1250150 1732.9
1250160 1732.9
1250170 1741.5
1250180 1750.3
1250190 1750.3
1250200 1758.4
1250210 1765.6
1250220 1760.2
1250230 1766.8
1250240 1775.1
1250250 1775.1
1250260 1789.9
1250270 1797.5
1250280 1797.5
1250290 1814.1
1250300 1828.7
1250310 1828.7
1250320 1835.9
1250330 1847.3
1250340 1847.3
1250350 1859.7
1250360 1868.9
1250370 1868.9
1250380 1876.6
1250390 1883.8
1250400 1883.8
1250410 1891.2
1250420 1898.7
1250430 1906.4
1250440 1906.4
1250450 1913.8
1250460 1922.0
1250470 1922.0
1250480 1931.5
1250490 1937.7
1250500 1937.7
1250510 1940.2
1250520 1943.5
1250530 1943.5
1250540 1946.6
1250550 1950.2
1250560 1950.2
1250570 1954.6
1250580 1959.8
1250590 1959.8
1250600 1965.5
1250610 1972.7
1250620 1972.7
1250630 1980.4
1250640 1992.5
1250650 1992.5
1250660 2001.5
1250670 2008.2
1250680 2008.2
1250690 2015.0
1250700 2020.8
1250710 2027.3
1250720 2027.3
1250730 2034.6
1250740 2042.5
1250750 2042.5
1250760 2051.1
1250770 2058.5
1250780 2058.5
1250790 2066.6
1250800 2073.8
1250810 2073.8
1250820 2077.6
1250830 2073.1
1250840 2073.1
1250850 2067.4
1250860 2070.3
1250870 2070.3
1250880 2077.6
1250890 2071.8
1250900 2071.8
1250910 2071.0
1250920 2073.5
1250930 2073.5
1250940 2075.2
1250950 2077.2
1250960 2077.2
1250970 2078.9
1250980 2086.2
1250990 2094.0
1251000 2094.0
1251010 2101.2
1251020 2108.4
1251030 2108.4
1251040 2114.9
1251050 2121.3
1251060 2121.3
1251070 2128.3
1251080 2135.3
1251090 2135.3
1251100 2142.0
1251110 2147.5
1251120 2147.5
1251130 2151.3
1251140 2150.7
1251150 2150.7
1251160 2143.7
1251170 2134.5
1251180 2134.5
1251190 2126.7
1251200 2119.3
1251210 2119.3
1251220 2111.6
1251230 2104.2
1251240 2104.2
1251250 2096.8
1251260 2090.2
1251270 2083.7
1251280 2083.7
1251290 2077.4
1251300 2071.3
1251310 2069.4
1251320 2063.6
1251330 2058.3
1251340 2058.3
1251350 2053.6
1251360 2045.8
1251370 2045.8
1251380 2036.8
1251390 2025.6
1251400 2025.6
1251410 2017.6
1251420 2010.6
1251430 2010.6
1251440 2003.3
1251450 1996.3
1251460 1996.3
1251470 1988.9
1251480 1980.6
1251490 1980.6
1251500 1973.3
1251510 1965.8
1251520 1965.8
1251530 1959.2
1251540 1950.6
1251550 1935.7
1251560 1935.7
1251570 1922.6
1251580 1913.6
1251590 1913.6
1251600 1902.3
1251610 1894.1
1251620 1894.1
1251630 1884.3
1251640 1874.2
1251650 1874.2
1251660 1865.1
1251670 1856.8
1251680 1856.8
1251690 1848.2
1251700 1840.0
1251710 1840.0
1251720 1827.6
1251730 1812.9
1251740 1812.9
1251750 1801.9
1251760 1796.2
1251770 1796.2
1251780 1793.0
1251790 1789.6
1251800 1789.6
1251810 1783.7
1251820 1777.1
1251830 1769.9
1251840 1769.9
1251850 1769.0
1251860 1788.6
1251870 1788.6
1251880 1788.6
1251890 1785.6
1251900 1785.6
1251910 1777.1
1251920 1760.6
1251930 1760.6
1251940 1731.8
1251950 1716.0
1251960 1716.0
1251970 1708.4
1251980 1703.8
1251990 1703.8
1252000 1704.3
1252010 1694.4
1252020 1694.4
1252030 1689.0
1252040 1691.3
1252050 1691.3
1252060 1685.3
1252070 1672.2
1252080 1672.2
1252090 1670.6
1252100 1673.9
1252110 1665.0
1252120 1665.0
1252130 1642.0
1252140 1626.7
1252150 1626.7
1252160 1614.9
1252170 1610.4
1252180 1610.4
1252190 1599.1
1252200 1588.0
1252210 1588.0
1252220 1572.1
1252230 1562.4
1252240 1562.4
1252250 1559.9
1252260 1558.5
1252270 1558.5
1252280 1550.2
1252290 1537.9
1252300 1537.9
1252310 1524.8
1252320 1514.9
1252330 1514.9
1252340 1508.4
1252350 1504.5
1252360 1504.5
1252370 1500.7
1252380 1497.2
1252390 1493.8
1252400 1494.6
1252410 1492.1
1252420 1489.6
1252430 1489.6
1252440 1486.2
1252450 1482.4
1252460 1482.4
1252470 1478.5
1252480 1474.5
1252490 1474.5
1252500 1470.2
1252510 1466.1
1252520 1466.1
1252530 1462.2
1252540 1458.6
1252550 1458.6
1252560 1455.2
1252570 1451.7
1252580 1451.7
1252590 1448.0
1252600 1444.3
1252610 1444.3
1252620 1440.5
1252630 1437.0
1252640 1437.0
1252650 1433.9
1252660 1431.0
1252670 1428.1
1252680 1428.1
1252690 1425.0
1252700 1423.4
1252710 1423.4
1252720 1421.9
1252730 1420.5
1252740 1420.5
1252750 1418.1
1252760 1416.4
1252770 1416.4
1252780 1414.6
1252790 1412.2
1252800 1412.2
1252810 1410.2
1252820 1408.6
1252830 1408.6
1252840 1406.9
1252850 1404.9
1252860 1404.9
1252870 1403.4
1252880 1401.7
1252890 1401.7
1252900 1399.8
1252910 1398.1
1252920 1398.1
1252930 1396.5
1252940 1394.5
1252950 1392.8
1252960 1391.9
1252970 1389.8
1252980 1387.6
1252990 1387.6
1253000 1385.7
1253010 1384.1
1253020 1384.1
1253030 1383.0
1253040 1382.4
1253050 1382.4
1253060 1380.4
1253070 1379.9
1253080 1379.9
1253090 1379.1
1253100 1377.7
1253110 1377.7
1253120 1377.1
1253130 1376.6
1253140 1376.6
1253150 1375.5
1253160 1374.8
1253170 1374.8
1253180 1373.7
1253190 1372.8
1253200 1372.8
1253210 1372.1
1253220 1371.1
1253230 1369.8
1253240 1369.8
1253250 1368.5
1253260 1367.1
1253270 1367.1
1253280 1366.4
1253290 1368.7
1253300 1368.7
1253310 1372.6
1253320 1374.9
1253330 1374.9
1253340 1373.8
1253350 1370.3
1253360 1370.3
1253370 1368.3
1253380 1367.7
1253390 1367.7
1253400 1366.3
1253410 1367.0
1253420 1367.0
1253430 1368.3
1253440 1368.8
1253450 1368.8
1253460 1367.6
1253470 1365.9
1253480 1365.9
1253490 1368.6
1253500 1371.0
1253510 1375.7
1253520 1375.0
1253530 1371.8
1253540 1368.5
1253550 1368.5
1253560 1367.5
1253570 1368.4
1253580 1368.4
1253590 1369.7
1253600 1371.2
1253610 1371.2
1253620 1372.6
1253630 1373.8
1253640 1373.8
1253650 1375.0
1253660 1376.0
1253670 1376.0
1253680 1377.0
1253690 1378.0
1253700 1378.0
1253710 1378.4
1253720 1378.7
1253730 1378.7
1253740 1379.3
1253750 1380.3
1253760 1380.3
1253770 1381.6
1253780 1383.6
1253790 1383.6
1253800 1385.8
1253810 1387.9
1253820 1389.9
1253830 1389.9
1253840 1391.9
1253850 1393.8
1253860 1393.8
1253870 1395.5
1253880 1397.0
1253890 1397.0
1253900 1398.3
1253910 1399.7
1253920 1399.7
1253930 1401.1
1253940 1402.5
1253950 1402.5
1253960 1404.7
1253970 1406.4
1253980 1406.4
1253990 1407.7
1254000 1409.1
1254010 1409.1
1254020 1410.6
1254030 1411.5
1254040 1411.5
1254050 1410.3
1254060 1414.1
1254070 1414.1
1254080 1412.1
1254090 1412.4
1254100 1413.9
1254110 1413.9
1254120 1415.2
1254130 1416.6
1254140 1416.6
1254150 1418.3
1254160 1420.8
1254170 1420.8
1254180 1424.8
1254190 1428.9
1254200 1428.9
1254210 1433.7
1254220 1437.9
1254230 1437.9
1254240 1440.9
1254250 1443.5
1254260 1443.5
1254270 1445.6
1254280 1448.0
1254290 1448.0
1254300 1449.4
1254310 1450.6
1254320 1450.6
1254330 1452.6
1254340 1454.8
1254350 1454.8
1254360 1458.6
1254370 1462.8
1254380 1466.5
1254390 1466.5
1254400 1471.0
1254410 1475.6
1254420 1475.6
1254430 1480.9
1254440 1486.3
1254450 1486.3
1254460 1490.0
1254470 1493.0
1254480 1493.0
1254490 1496.7
1254500 1500.3
1254510 1500.3
1254520 1503.2
1254530 1507.2
1254540 1507.2
1254550 1514.7
1254560 1522.2
1254570 1522.2
1254580 1528.9
1254590 1537.5
1254600 1537.5
1254610 1538.7
1254620 1535.1
1254630 1535.1
1254640 1533.7
1254650 1535.7
1254660 1539.7
1254670 1539.7
1254680 1548.7
1254690 1568.0
1254700 1568.0
1254710 1591.2
1254720 1599.6
1254730 1599.6
1254740 1601.0
1254750 1607.0
1254760 1607.0
1254770 1614.9
1254780 1621.5
1254790 1621.5
1254800 1626.0
1254810 1630.4
1254820 1630.4
1254830 1633.6
1254840 1637.1
1254850 1637.1
1254860 1641.7
1254870 1648.0
1254880 1648.0
1254890 1657.2
1254900 1665.1
1254910 1665.1
1254920 1670.6
1254930 1676.8
1254940 1684.1
1254950 1684.1
1254960 1695.4
1254970 1711.4
1254980 1711.4
1254990 1728.7
1255000 1744.0
1255010 1744.0
1255020 1752.3
1255030 1758.5
1255040 1758.5
1255050 1766.7
1255060 1774.5
1255070 1774.5
1255080 1780.4
1255090 1774.2
1255100 1774.2
1255110 1774.6
1255120 1784.9
1255130 1784.9
1255140 1794.5
1255150 1800.3
1255160 1800.3
1255170 1812.1
1255180 1821.2
1255190 1821.2
1255200 1826.8
1255210 1834.8
1255220 1843.4
1255230 1843.4
1255240 1840.9
1255250 1837.5
1255260 1837.5
1255270 1847.8
1255280 1860.2
1255290 1860.2
1255300 1869.2
1255310 1873.0
1255320 1873.0
1255330 1876.0
1255340 1874.6
1255350 1874.6
1255360 1881.4
1255370 1879.8
1255380 1879.8
1255390 1876.6
1255400 1879.5
1255410 1879.5
1255420 1875.9
1255430 1885.5
1255440 1885.5
1255450 1888.3
1255460 1887.2
1255470 1887.2
1255480 1887.4
1255490 1890.9
1255500 1894.7
1255510 1894.7
1255520 1899.4
1255530 1905.2
1255540 1905.2
1255550 1914.6
1255560 1921.0
1255570 1921.0
1255580 1922.2
1255590 1927.1
1255600 1927.1
1255610 1940.7
1255620 1956.7
1255630 1956.7
1255640 1971.7
1255650 1979.6
1255660 1979.6
1255670 1987.2
1255680 1998.5
1255690 1998.5
1255700 2008.7
1255710 2015.6
1255720 2013.2
1255730 2019.3
1255740 2025.6
1255750 2025.6
1255760 2033.3
1255770 2040.5
1255780 2047.5
1255790 2047.5
1255800 2054.2
1255810 2060.4
1255820 2060.4
1255830 2066.5
1255840 2072.1
1255850 2072.1
1255860 2077.8
1255870 2083.7
1255880 2083.7
1255890 2089.6
1255900 2095.2
1255910 2095.2
1255920 2101.0
1255930 2107.7
1255940 2107.7
1255950 2114.8
1255960 2121.9
1255970 2121.9
1255980 2128.7
1255990 2135.5
1256000 2135.5
1256010 2142.4
1256020 2149.3
1256030 2149.3
1256040 2155.9
1256050 2162.8
1256060 2169.4
1256070 2169.4
1256080 2175.6
1256090 2180.8
1256100 2180.8
1256110 2180.6
1256120 2172.5
1256130 2172.5
1256140 2163.8
1256150 2155.6
1256160 2155.6
1256170 2149.0
1256180 2144.0
1256190 2144.0
1256200 2132.5
1256210 2122.5
1256220 2122.5
1256230 2104.5
1256240 2092.7
1256250 2092.7
1256260 2077.6
1256270 2070.9
1256280 2084.7
1256290 2080.4
1256300 2081.0
1256310 2081.0
1256320 2081.5
1256330 2075.0
1256340 2067.0
1256350 2067.0
1256360 2055.5
1256370 2038.8
1256380 2038.8
1256390 2021.2
1256400 2010.7
1256410 2010.7
1256420 1999.0
1256430 1985.4
1256440 1985.4
1256450 1981.8
1256460 1977.6
1256470 1977.6
1256480 1970.3
1256490 1964.4
1256500 1964.4
1256510 1958.2
1256520 1947.1
1256530 1947.1
1256540 1936.6
1256550 1929.0
1256560 1929.0
1256570 1921.6
1256580 1917.6
1256590 1917.6
1256600 1921.0
1256610 1920.2
1256620 1923.8
1256630 1923.8
1256640 1924.2
1256650 1920.0
1256660 1920.0
1256670 1908.1
1256680 1886.8
1256690 1886.8
1256700 1888.8
1256710 1891.2
1256720 1891.2
1256730 1890.5
1256740 1880.6
1256750 1880.6
1256760 1871.2
1256770 1861.1
1256780 1861.1
1256790 1855.3
1256800 1848.8
1256810 1848.8
1256820 1844.3
1256830 1844.3
1256840 1853.2
1256850 1850.4
1256860 1854.6
1256870 1854.6
1256880 1852.9
1256890 1849.4
1256900 1849.4
1256910 1846.6
1256920 1840.5
1256930 1833.0
1256940 1833.0
1256950 1823.7
1256960 1815.7
1256970 1815.7
1256980 1801.1
1256990 1790.0
1257000 1790.0
1257010 1780.5
1257020 1768.0
1257030 1768.0
1257040 1749.3
1257050 1739.1
1257060 1739.1
1257070 1733.4
1257080 1727.3
1257090 1727.3
1257100 1719.5
1257110 1706.2
1257120 1706.2
1257130 1690.8
1257140 1683.1
1257150 1683.1
1257160 1679.7
1257170 1674.6
1257180 1674.6
1257190 1669.2
1257200 1663.9
1257210 1661.6
1257220 1661.6
1257230 1656.5
1257240 1647.6
1257250 1647.6
1257260 1638.3
1257270 1631.9
1257280 1631.9
1257290 1625.5
1257300 1617.7
1257310 1617.7
1257320 1614.4
1257330 1613.3
1257340 1613.3
1257350 1612.5
1257360 1611.2
1257370 1611.2
1257380 1607.5
1257390 1603.8
1257400 1608.0
1257410 1607.7
1257420 1608.0
1257430 1608.0
1257440 1606.7
1257450 1605.6
1257460 1605.6
1257470 1605.7
1257480 1605.6
1257490 1605.2
1257500 1605.2
1257510 1604.4
1257520 1604.8
1257530 1604.8
1257540 1605.0
1257550 1605.4
1257560 1605.4
1257570 1605.9
1257580 1605.7
1257590 1605.7
1257600 1605.4
1257610 1605.1
1257620 1605.1
1257630 1604.6
1257640 1605.6
1257650 1605.6
1257660 1606.4
1257670 1609.6
1257680 1609.6
1257690 1611.8
1257700 1612.9
1257710 1612.9
1257720 1612.9
1257730 1613.0
1257740 1613.0
1257750 1616.7
1257760 1620.7
1257770 1623.9
1257780 1623.9
1257790 1621.6
1257800 1615.7
1257810 1615.7
1257820 1615.0
1257830 1622.5
1257840 1622.5
1257850 1629.2
1257860 1636.4
1257870 1636.4
1257880 1640.7
1257890 1644.7
1257900 1644.7
1257910 1645.9
1257920 1646.3
1257930 1646.3
1257940 1644.8
1257950 1644.0
1257960 1651.7
1257970 1654.7
1257980 1656.2
1257990 1656.2
1258000 1658.6
1258010 1668.4
1258020 1668.4
1258030 1679.4
1258040 1686.2
1258050 1695.2
1258060 1695.2
1258070 1701.0
1258080 1706.2
1258090 1706.2
1258100 1710.8
1258110 1714.7
1258120 1714.7
1258130 1717.4
1258140 1720.3
1258150 1720.3
1258160 1722.2
1258170 1722.4
1258180 1722.4
1258190 1723.3
1258200 1724.3
1258210 1724.3
1258220 1725.1
1258230 1726.5
1258240 1726.5
1258250 1728.8
1258260 1733.1
1258270 1733.1
1258280 1738.6
1258290 1741.6
1258300 1741.6
1258310 1742.7
1258320 1740.2
1258330 1738.7
1258340 1738.7
1258350 1738.6
1258360 1743.0
1258370 1743.0
1258380 1748.0
1258390 1749.9
1258400 1749.9
1258410 1753.0
1258420 1754.2
1258430 1754.2
1258440 1754.4
1258450 1756.5
1258460 1756.5
1258470 1762.7
1258480 1769.3
1258490 1769.3
1258500 1775.2
1258510 1781.5
1258520 1781.5
1258530 1785.4
1258540 1792.0
1258550 1792.0
1258560 1798.3
1258570 1804.4
1258580 1804.4
1258590 1810.0
1258600 1816.7
1258610 1821.8
1258620 1821.8
1258630 1826.3
1258640 1830.3
1258650 1830.3
1258660 1834.0
1258670 1837.7
1258680 1837.7
1258690 1841.3
1258700 1845.2
1258710 1845.2
1258720 1849.5
1258730 1853.5
1258740 1853.5
1258750 1857.1
1258760 1860.9
1258770 1860.9
1258780 1864.6
1258790 1867.9
1258800 1867.9
1258810 1871.3
1258820 1874.6
1258830 1874.6
1258840 1876.1
1258850 1876.7
1258860 1876.7
1258870 1878.9
1258880 1880.8
1258890 1882.2
1258900 1882.2
1258910 1884.3
1258920 1887.5
1258930 1887.5
1258940 1892.0
1258950 1897.0
1258960 1897.0
1258970 1901.0
1258980 1905.2
1258990 1905.2
1259000 1908.0
1259010 1910.4
1259020 1910.4
1259030 1913.7
1259040 1915.8
1259050 1915.8
1259060 1917.9
1259070 1918.9
1259080 1918.9
1259090 1917.2
1259100 1919.1
1259110 1919.1
1259120 1921.4
1259130 1924.3
1259140 1924.3
1259150 1925.9
1259160 1926.4
1259170 1924.7
1259180 1924.7
1259190 1922.3
1259200 1919.6
1259210 1919.6
1259220 1915.8
1259230 1912.0
1259240 1912.0
1259250 1907.1
1259260 1903.5
1259270 1903.5
1259280 1898.4
1259290 1891.0
1259300 1891.0
1259310 1883.1
1259320 1875.4
1259330 1875.4
1259340 1868.1
1259350 1860.7
1259360 1860.7
1259370 1855.2
1259380 1851.4
1259390 1851.4
1259400 1847.9
1259410 1840.2
1259420 1840.2
1259430 1831.9
1259440 1825.1
1259450 1818.3
1259460 1818.3
1259470 1810.6
1259480 1802.9
1259490 1802.9
1259500 1795.6
1259510 1790.6
1259520 1790.6
1259530 1785.9
1259540 1779.6
1259550 1779.6
1259560 1767.3
1259570 1752.9
1259580 1752.9
1259590 1744.3
1259600 1737.2
1259610 1737.2
1259620 1730.1
1259630 1724.0
1259640 1724.0
1259650 1718.7
1259660 1719.3
1259670 1719.3
1259680 1713.9
1259690 1707.4
1259700 1707.4
1259710 1700.3
1259720 1693.5
1259730 1686.7
1259740 1686.7
1259750 1679.8
1259760 1672.9
1259770 1672.9
1259780 1666.1
1259790 1660.3
1259800 1660.3
1259810 1656.7
1259820 1658.1
1259830 1658.1
1259840 1659.8
1259850 1656.5
1259860 1656.5
1259870 1647.5
1259880 1639.9
1259890 1639.9
1259900 1641.2
1259910 1647.1
1259920 1647.1
1259930 1649.0
1259940 1643.7
1259950 1643.7
1259960 1640.8
1259970 1636.1
1259980 1636.1
1259990 1634.8
