1240000 1317.5
1240010 1317.5
1240020 1317.5
1240030 1317.7
1240040 1318.5
1240050 1318.5
1240060 1319.9
1240070 1321.4
1240080 1321.4
1240090 1321.8
1240100 1322.1
1240110 1322.1
1240120 1322.4
1240130 1322.3
1240140 1322.3
1240150 1322.1
1240160 1321.9
1240170 1321.9
1240180 1321.3
1240190 1320.1
1240200 1320.1
1240210 1318.2
1240220 1316.1
1240230 1316.1
1240240 1314.8
1240250 1313.5
1240260 1312.1
1240270 1312.1
1240280 1310.6
1240290 1309.0
1240300 1309.0
1240310 1308.0
1240320 1307.2
1240330 1307.2
1240340 1306.6
1240350 1306.6
1240360 1306.6
1240370 1306.8
1240380 1306.7
1240390 1306.7
1240400 1306.9
1240410 1306.8
1240420 1306.8
1240430 1306.4
1240440 1306.2
1240450 1306.2
1240460 1306.4
1240470 1307.6
1240480 1307.6
1240490 1309.4
1240500 1311.1
1240510 1311.1
1240520 1313.6
1240530 1315.4
1240540 1316.9
1240550 1316.9
1240560 1317.2
1240570 1316.5
1240580 1316.5
1240590 1315.7
1240600 1314.3
1240610 1314.3
1240620 1314.1
1240630 1314.8
1240640 1314.8
1240650 1316.1
1240660 1316.9
1240670 1316.9
1240680 1317.8
1240690 1320.3
1240700 1320.3
1240710 1324.0
1240720 1327.7
1240730 1327.7
1240740 1334.1
1240750 1339.0
1240760 1339.0
1240770 1342.4
1240780 1344.4
1240790 1344.4
1240800 1344.2
1240810 1344.8
1240820 1344.8
1240830 1344.1
1240840 1342.8
1240850 1341.5
1240860 1341.5
1240870 1341.1
1240880 1343.9
1240890 1343.9
1240900 1347.0
1240910 1349.4
1240920 1349.4
1240930 1351.1
1240940 1352.2
1240950 1352.2
1240960 1352.1
1240970 1350.9
1240980 1350.9
1240990 1352.5
1241000 1356.7
1241010 1356.7
1241020 1359.5
1241030 1359.8
1241040 1363.1
1241050 1364.3
1241060 1365.2
1241070 1365.2
1241080 1364.7
1241090 1363.9
1241100 1363.9
1241110 1363.6
1241120 1365.1
1241130 1367.2
1241140 1367.2
1241150 1367.8
1241160 1368.4
1241170 1368.4
1241180 1367.2
1241190 1366.6
1241200 1366.6
1241210 1371.2
1241220 1375.8
1241230 1375.8
1241240 1378.6
1241250 1380.7
1241260 1380.7
1241270 1383.5
1241280 1386.6
1241290 1386.6
1241300 1390.0
1241310 1392.7
1241320 1392.7
1241330 1395.2
1241340 1397.7
1241350 1397.7
1241360 1398.8
1241370 1397.6
1241380 1397.6
1241390 1396.6
1241400 1396.0
1241410 1395.4
1241420 1395.4
1241430 1394.9
1241440 1394.9
1241450 1394.9
1241460 1395.7
1241470 1395.3
1241480 1395.3
1241490 1393.8
1241500 1392.9
1241510 1392.9
1241520 1393.4
1241530 1393.4
1241540 1393.4
1241550 1392.1
1241560 1390.5
1241570 1389.8
1241580 1387.4
1241590 1385.5
1241600 1385.5
1241610 1384.3
1241620 1383.5
1241630 1383.5
1241640 1383.0
1241650 1382.6
1241660 1382.6
1241670 1382.3
1241680 1382.2
1241690 1382.1
1241700 1382.1
1241710 1382.0
1241720 1382.0
1241730 1382.0
1241740 1382.0
1241750 1382.0
1241760 1382.0
1241770 1382.7
1241780 1383.8
1241790 1383.8
1241800 1385.8
1241810 1386.7
1241820 1386.7
1241830 1385.9
1241840 1384.9
1241850 1384.9
1241860 1386.1
1241870 1387.2
1241880 1387.2
1241890 1389.1
1241900 1389.4
1241910 1389.4
1241920 1389.3
1241930 1391.4
1241940 1391.4
1241950 1394.8
1241960 1396.9
1241970 1397.9
1241980 1397.9
1241990 1398.9
1242000 1398.9
1242010 1398.9
1242020 1397.4
1242030 1397.1
1242040 1397.1
1242050 1400.2
1242060 1403.1
1242070 1403.1
1242080 1405.0
1242090 1404.9
1242100 1404.9
1242110 1404.5
1242120 1404.7
1242130 1404.7
1242140 1405.2
1242150 1406.2
1242160 1406.2
1242170 1407.8
1242180 1410.5
1242190 1410.5
1242200 1414.0
1242210 1417.0
1242220 1417.0
1242230 1419.1
1242240 1421.5
1242250 1424.0
1242260 1424.0
1242270 1427.2
1242280 1429.5
1242290 1429.5
1242300 1429.4
1242310 1428.8
1242320 1428.8
1242330 1428.3
1242340 1427.4
1242350 1427.4
1242360 1424.8
1242370 1421.1
1242380 1421.1
1242390 1417.1
1242400 1413.1
1242410 1413.1
1242420 1408.8
1242430 1404.9
1242440 1404.9
1242450 1401.1
1242460 1398.3
1242470 1398.3
1242480 1396.0
1242490 1394.3
1242500 1394.3
1242510 1393.4
1242520 1391.1
1242530 1388.7
1242540 1388.7
1242550 1386.0
1242560 1383.1
1242570 1383.1
1242580 1380.8
1242590 1379.9
1242600 1379.9
1242610 1378.7
1242620 1379.2
1242630 1379.2
1242640 1377.0
1242650 1374.9
1242660 1374.9
1242670 1373.7
1242680 1371.5
1242690 1371.5
1242700 1371.3
1242710 1370.5
1242720 1370.5
1242730 1369.7
1242740 1370.1
1242750 1370.1
1242760 1369.6
1242770 1368.9
1242780 1368.9
1242790 1367.5
1242800 1368.7
1242810 1369.1
1242820 1369.1
1242830 1369.5
1242840 1369.3
1242850 1369.3
1242860 1368.7
1242870 1366.7
1242880 1366.7
1242890 1364.8
1242900 1362.6
1242910 1362.6
1242920 1359.7
1242930 1356.3
1242940 1356.3
1242950 1352.6
1242960 1349.3
1242970 1349.3
1242980 1345.4
1242990 1342.4
1243000 1342.4
1243010 1341.6
1243020 1340.3
1243030 1340.3
1243040 1338.5
1243050 1336.4
1243060 1336.4
1243070 1334.7
1243080 1332.5
1243090 1329.0
1243100 1329.0
1243110 1325.7
1243120 1325.9
1243130 1325.9
1243140 1326.3
1243150 1324.9
1243160 1324.9
1243170 1324.8
1243180 1323.9
1243190 1323.9
1243200 1321.3
1243210 1318.2
1243220 1318.2
1243230 1314.0
1243240 1310.4
1243250 1310.4
1243260 1306.7
1243270 1302.7
1243280 1302.7
1243290 1299.1
1243300 1295.7
1243310 1295.7
1243320 1292.7
1243330 1290.7
1243340 1290.7
1243350 1288.8
1243360 1286.6
1243370 1284.5
1243380 1284.5
1243390 1280.8
1243400 1279.2
1243410 1279.2
1243420 1280.2
1243430 1277.2
1243440 1277.2
1243450 1274.6
1243460 1276.9
1243470 1276.9
1243480 1278.5
1243490 1280.3
1243500 1280.3
1243510 1282.7
1243520 1285.4
1243530 1285.4
1243540 1286.7
1243550 1286.6
1243560 1286.6
1243570 1286.0
1243580 1286.4
1243590 1286.4
1243600 1284.8
1243610 1281.9
1243620 1281.9
1243630 1278.5
1243640 1275.6
1243650 1276.6
1243660 1276.6
1243670 1280.8
1243680 1285.9
1243690 1285.9
1243700 1287.1
1243710 1286.3
1243720 1286.3
1243730 1284.4
1243740 1282.7
1243750 1282.7
1243760 1281.5
1243770 1280.3
1243780 1280.3
1243790 1278.2
1243800 1275.0
1243810 1275.0
1243820 1271.8
1243830 1269.9
1243840 1269.9
1243850 1269.0
1243860 1268.8
1243870 1268.8
1243880 1268.8
1243890 1268.8
1243900 1268.8
1243910 1268.7
1243920 1268.6
1243930 1268.9
1243940 1268.9
1243950 1269.5
1243960 1270.2
1243970 1270.2
1243980 1270.8
1243990 1271.3
1244000 1271.3
1244010 1270.3
1244020 1269.3
1244030 1269.3
1244040 1268.4
1244050 1267.4
1244060 1267.4
1244070 1269.7
1244080 1272.1
1244090 1272.1
1244100 1272.0
1244110 1270.5
1244120 1270.5
1244130 1270.2
1244140 1269.9
1244150 1269.9
1244160 1269.4
1244170 1268.3
1244180 1268.3
1244190 1267.2
1244200 1266.9
1244210 1265.9
1244220 1265.9
1244230 1264.7
1244240 1263.1
1244250 1263.1
1244260 1262.8
1244270 1261.5
1244280 1261.5
1244290 1260.7
1244300 1260.6
1244310 1260.6
1244320 1259.7
1244330 1258.1
1244340 1258.1
1244350 1255.6
1244360 1251.4
1244370 1251.4
1244380 1247.0
1244390 1241.1
1244400 1241.1
1244410 1236.2
1244420 1232.0
1244430 1232.0
1244440 1226.2
1244450 1223.8
1244460 1223.8
1244470 1220.3
1244480 1218.2
1244490 1213.5
1244500 1213.5
1244510 1208.7
1244520 1204.9
1244530 1204.9
1244540 1201.8
1244550 1198.3
1244560 1198.3
1244570 1193.2
1244580 1191.8
1244590 1191.8
1244600 1190.9
1244610 1188.4
1244620 1188.4
1244630 1186.5
1244640 1184.2
1244650 1184.2
1244660 1183.2
1244670 1182.9
1244680 1182.9
1244690 1182.9
1244700 1182.8
1244710 1182.8
1244720 1182.6
1244730 1182.4
1244740 1182.5
1244750 1182.7
1244760 1183.6
1244770 1183.6
1244780 1184.4
1244790 1185.2
1244800 1186.1
1244810 1186.1
1244820 1187.4
1244830 1188.2
1244840 1188.2
1244850 1188.4
1244860 1189.7
1244870 1189.7
1244880 1192.5
1244890 1193.7
1244900 1193.7
1244910 1194.6
1244920 1195.0
1244930 1195.0
1244940 1195.1
1244950 1194.8
1244960 1194.8
1244970 1194.3
1244980 1192.8
1244990 1192.8
1245000 1191.8
1245010 1190.6
1245020 1190.6
1245030 1190.1
1245040 1190.2
1245050 1190.2
1245060 1190.5
1245070 1190.2
1245080 1189.3
1245090 1189.3
1245100 1187.6
1245110 1185.7
1245120 1185.7
1245130 1184.0
1245140 1182.5
1245150 1182.5
1245160 1181.2
1245170 1179.9
1245180 1179.9
1245190 1178.6
1245200 1177.3
1245210 1177.3
1245220 1176.7
1245230 1176.5
1245240 1176.5
1245250 1176.5
1245260 1176.6
1245270 1177.5
1245280 1177.5
1245290 1177.5
1245300 1177.5
1245310 1177.5
1245320 1177.4
1245330 1177.4
1245340 1176.9
1245350 1177.1
1245360 1176.7
1245370 1176.7
1245380 1175.9
1245390 1176.3
1245400 1176.3
1245410 1176.7
1245420 1176.8
1245430 1176.8
1245440 1176.8
1245450 1177.5
1245460 1177.5
1245470 1178.1
1245480 1178.8
1245490 1178.8
1245500 1179.2
1245510 1178.9
1245520 1178.9
1245530 1179.0
1245540 1179.3
1245550 1179.3
1245560 1179.6
1245570 1179.8
1245580 1179.8
1245590 1179.8
1245600 1180.2
1245610 1180.2
1245620 1180.6
1245630 1181.1
1245640 1181.5
1245650 1181.5
1245660 1181.6
1245670 1182.0
1245680 1182.0
1245690 1182.3
1245700 1182.8
1245710 1182.8
1245720 1183.5
1245730 1183.8
1245740 1183.8
1245750 1184.1
1245760 1184.4
1245770 1184.4
1245780 1184.7
1245790 1185.3
1245800 1185.3
1245810 1185.8
1245820 1186.2
1245830 1186.2
1245840 1186.6
1245850 1186.9
1245860 1186.9
1245870 1187.3
1245880 1187.7
1245890 1187.7
1245900 1188.2
1245910 1188.7
1245920 1189.3
1245930 1189.3
1245940 1189.5
1245950 1190.2
1245960 1190.2
1245970 1190.9
1245980 1191.4
1245990 1191.4
1246000 1192.0
1246010 1192.6
1246020 1192.6
1246030 1193.2
1246040 1193.8
1246050 1193.8
1246060 1194.5
1246070 1195.8
1246080 1195.8
1246090 1196.5
1246100 1196.5
1246110 1196.5
1246120 1197.0
1246130 1197.6
1246140 1197.6
1246150 1198.2
1246160 1199.1
1246170 1199.1
1246180 1199.7
1246190 1200.8
1246200 1202.0
1246210 1202.0
1246220 1202.7
1246230 1202.7
1246240 1202.7
1246250 1203.1
1246260 1203.9
1246270 1203.9
1246280 1204.8
1246290 1205.5
1246300 1205.5
1246310 1206.5
1246320 1207.6
1246330 1207.6
1246340 1207.8
1246350 1207.9
1246360 1207.9
1246370 1209.6
1246380 1210.4
1246390 1210.4
1246400 1210.9
1246410 1211.5
1246420 1211.5
1246430 1213.1
1246440 1214.0
1246450 1214.0
1246460 1214.7
1246470 1215.3
1246480 1215.7
1246490 1215.7
1246500 1216.2
1246510 1217.0
1246520 1217.0
1246530 1217.9
1246540 1218.3
1246550 1218.3
1246560 1219.0
1246570 1219.8
1246580 1219.8
1246590 1221.1
1246600 1222.2
1246610 1222.2
1246620 1222.5
1246630 1223.1
1246640 1223.1
1246650 1226.4
1246660 1229.6
1246670 1229.6
1246680 1230.2
1246690 1230.2
1246700 1230.2
1246710 1230.7
1246720 1231.7
1246730 1231.7
1246740 1232.8
1246750 1233.3
1246760 1234.8
1246770 1234.8
1246780 1235.9
1246790 1236.1
1246800 1236.1
1246810 1236.7
1246820 1237.5
1246830 1237.5
1246840 1238.4
1246850 1239.3
1246860 1239.3
1246870 1238.7
1246880 1238.1
1246890 1238.1
1246900 1235.4
1246910 1237.1
1246920 1237.1
1246930 1240.6
1246940 1246.9
1246950 1246.9
1246960 1251.1
1246970 1252.5
1246980 1252.5
1246990 1254.2
1247000 1256.4
1247010 1256.4
1247020 1258.3
1247030 1261.0
1247040 1263.0
1247050 1263.0
1247060 1264.9
1247070 1266.7
1247080 1266.7
1247090 1268.4
1247100 1268.8
1247110 1268.8
1247120 1268.9
1247130 1270.6
1247140 1270.6
1247150 1272.4
1247160 1274.3
1247170 1274.3
1247180 1276.6
1247190 1278.9
1247200 1278.9
1247210 1280.7
1247220 1282.6
1247230 1282.6
1247240 1284.8
1247250 1287.1
1247260 1287.1
1247270 1289.4
1247280 1291.6
1247290 1291.6
1247300 1293.8
1247310 1295.9
1247320 1298.8
1247330 1298.8
1247340 1302.2
1247350 1305.5
1247360 1305.5
1247370 1308.4
1247380 1310.5
1247390 1310.5
1247400 1312.7
1247410 1314.7
1247420 1314.7
1247430 1317.2
1247440 1319.1
1247450 1319.1
1247460 1320.5
1247470 1321.7
1247480 1321.7
1247490 1322.9
1247500 1324.2
1247510 1324.2
1247520 1325.8
1247530 1327.5
1247540 1327.5
1247550 1329.4
1247560 1331.3
1247570 1331.3
1247580 1332.5
1247590 1333.7
1247600 1334.3
1247610 1334.3
1247620 1334.4
1247630 1334.3
1247640 1334.3
1247650 1335.2
1247660 1336.8
1247670 1336.8
1247680 1337.9
1247690 1338.5
1247700 1338.5
1247710 1339.0
1247720 1340.6
1247730 1340.6
1247740 1342.8
1247750 1345.0
1247760 1345.0
1247770 1347.5
1247780 1351.2
1247790 1351.2
1247800 1355.8
1247810 1359.7
1247820 1359.7
1247830 1361.9
1247840 1364.4
1247850 1364.4
1247860 1366.7
1247870 1368.6
1247880 1370.6
1247890 1370.6
1247900 1372.9
1247910 1376.6
1247920 1376.6
1247930 1381.0
1247940 1385.4
1247950 1381.7
1247960 1386.6
1247970 1391.2
1247980 1391.2
1247990 1394.7
1248000 1397.1
1248010 1397.1
1248020 1400.1
1248030 1403.6
1248040 1403.6
1248050 1405.8
1248060 1408.2
1248070 1408.2
1248080 1410.2
1248090 1413.3
1248100 1413.3
1248110 1416.5
1248120 1419.1
1248130 1419.1
1248140 1422.1
1248150 1426.1
1248160 1429.6
1248170 1429.6
1248180 1432.7
1248190 1436.6
1248200 1436.6
1248210 1440.9
1248220 1444.8
1248230 1444.8
1248240 1449.4
1248250 1453.9
1248260 1453.9
1248270 1456.8
1248280 1460.1
1248290 1460.1
1248300 1464.6
1248310 1469.9
1248320 1469.9
1248330 1473.8
1248340 1476.3
1248350 1476.3
1248360 1479.4
1248370 1482.3
1248380 1482.3
1248390 1485.7
1248400 1488.4
1248410 1488.4
1248420 1490.8
1248430 1493.4
1248440 1496.6
1248450 1496.6
1248460 1501.4
1248470 1505.7
1248480 1509.7
1248490 1514.4
1248500 1518.6
1248510 1518.6
1248520 1522.0
1248530 1524.9
1248540 1524.9
1248550 1528.1
1248560 1531.5
1248570 1531.5
1248580 1535.2
1248590 1539.2
1248600 1539.2
1248610 1544.0
1248620 1549.3
1248630 1549.3
1248640 1554.7
1248650 1560.6
1248660 1560.6
1248670 1566.1
1248680 1569.8
1248690 1569.8
1248700 1570.2
1248710 1571.0
1248720 1574.9
1248730 1574.9
1248740 1579.9
1248750 1585.3
1248760 1585.3
1248770 1591.4
1248780 1597.2
1248790 1597.2
1248800 1602.1
1248810 1605.8
1248820 1605.8
1248830 1607.9
1248840 1608.8
1248850 1608.8
1248860 1610.3
1248870 1614.8
1248880 1614.8
1248890 1617.2
1248900 1617.2
1248910 1617.2
1248920 1618.2
1248930 1618.7
1248940 1618.7
1248950 1617.2
1248960 1619.5
1248970 1619.5
1248980 1623.7
1248990 1628.2
1249000 1636.4
1249010 1636.4
1249020 1643.0
1249030 1649.7
1249040 1649.7
1249050 1655.5
1249060 1661.5
1249070 1661.5
1249080 1667.1
1249090 1672.5
1249100 1672.5
1249110 1679.6
1249120 1686.8
1249130 1686.8
1249140 1693.9
1249150 1701.9
1249160 1701.9
1249170 1708.0
1249180 1715.5
1249190 1715.5
1249200 1723.2
1249210 1731.1
1249220 1731.1
1249230 1739.3
1249240 1746.2
1249250 1746.2
1249260 1754.1
1249270 1760.7
1249280 1760.7
1249290 1766.7
1249300 1771.5
1249310 1776.2
1249320 1776.2
1249330 1781.2
1249340 1784.3
1249350 1784.3
1249360 1788.1
1249370 1792.8
1249380 1792.8
1249390 1797.9
1249400 1803.8
1249410 1803.8
1249420 1809.6
1249430 1815.0
1249440 1815.0
1249450 1820.5
1249460 1821.3
1249470 1821.3
1249480 1818.7
1249490 1818.9
1249500 1818.9
1249510 1820.8
1249520 1824.3
1249530 1824.3
1249540 1828.4
1249550 1833.0
1249560 1833.0
1249570 1842.3
1249580 1840.8
1249590 1836.0
1249600 1836.0
1249610 1830.8
1249620 1825.5
1249630 1825.5
1249640 1818.1
1249650 1809.3
1249660 1809.3
1249670 1801.3
1249680 1796.9
1249690 1796.9
1249700 1793.6
1249710 1792.4
1249720 1792.4
1249730 1805.2
1249740 1818.7
1249750 1818.7
1249760 1820.0
1249770 1813.4
1249780 1813.4
1249790 1801.2
1249800 1801.1
1249810 1801.1
1249820 1809.4
1249830 1815.4
1249840 1815.4
1249850 1806.4
1249860 1793.9
1249870 1788.2
1249880 1788.2
1249890 1787.7
1249900 1786.9
1249910 1786.9
1249920 1786.6
1249930 1787.0
1249940 1787.0
1249950 1786.4
1249960 1786.9
1249970 1786.9
1249980 1788.8
1249990 1790.9
1250000 1790.9
1250010 1791.4
1250020 1794.3
1250030 1794.3
1250040 1797.3
1250050 1799.4
1250060 1799.4
1250070 1802.3
1250080 1807.1
1250090 1807.1
1250100 1811.4
1250110 1815.7
1250120 1815.7
1250130 1817.8
1250140 1819.5
1250150 1825.4
1250160 1825.4
1250170 1832.2
1250180 1838.9
1250190 1838.9
1250200 1842.7
1250210 1843.4
1250220 1843.4
1250230 1844.3
1250240 1846.1
1250250 1846.1
1250260 1848.0
1250270 1849.7
1250280 1849.7
1250290 1851.1
1250300 1851.9
1250310 1851.9
1250320 1852.4
1250330 1852.9
1250340 1852.9
1250350 1853.7
1250360 1852.1
1250370 1852.1
1250380 1851.8
1250390 1851.7
1250400 1851.7
1250410 1851.9
1250420 1852.4
1250430 1852.8
1250440 1852.8
1250450 1857.1
1250460 1863.4
1250470 1863.4
1250480 1870.3
1250490 1879.3
1250500 1879.3
1250510 1888.1
1250520 1897.0
1250530 1897.0
1250540 1904.0
1250550 1909.3
1250560 1909.3
1250570 1915.1
1250580 1922.5
1250590 1922.5
1250600 1930.6
1250610 1937.9
1250620 1937.9
1250630 1945.2
1250640 1952.5
1250650 1951.8
1250660 1962.3
1250670 1974.6
1250680 1974.6
1250690 1983.0
1250700 1999.7
1250710 2012.2
1250720 2012.2
1250730 2019.7
1250740 2030.4
1250750 2030.4
1250760 2048.7
1250770 2070.9
1250780 2070.9
1250790 2087.9
1250800 2109.2
1250810 2109.2
1250820 2121.9
1250830 2130.1
1250840 2130.1
1250850 2136.4
1250860 2145.4
1250870 2145.4
1250880 2148.8
1250890 2151.8
1250900 2151.8
1250910 2156.9
1250920 2162.3
1250930 2162.3
1250940 2168.3
1250950 2174.7
1250960 2174.7
1250970 2181.4
1250980 2187.0
1250990 2183.5
1251000 2183.5
1251010 2174.4
1251020 2165.8
1251030 2165.8
1251040 2158.8
1251050 2151.1
1251060 2151.1
1251070 2143.0
1251080 2133.5
1251090 2133.5
1251100 2127.0
1251110 2121.7
1251120 2121.7
1251130 2114.6
1251140 2106.0
1251150 2106.0
1251160 2093.4
1251170 2084.2
1251180 2084.2
1251190 2086.8
1251200 2080.4
1251210 2080.4
1251220 2073.9
1251230 2059.9
1251240 2059.9
1251250 2051.4
1251260 2050.6
1251270 2053.8
1251280 2053.8
1251290 2052.5
1251300 2047.9
1251310 2047.9
1251320 2043.9
1251330 2041.1
1251340 2041.1
1251350 2038.1
1251360 2035.2
1251370 2035.2
1251380 2031.3
1251390 2021.7
1251400 2021.7
1251410 2007.9
1251420 1999.9
1251430 1999.9
1251440 2002.2
1251450 2001.5
1251460 2001.5
1251470 1988.2
1251480 1980.2
1251490 1980.2
1251500 1974.1
1251510 1969.0
1251520 1969.0
1251530 1964.6
1251540 1960.3
1251550 1957.4
1251560 1957.4
1251570 1954.0
1251580 1948.7
1251590 1948.7
1251600 1943.5
1251610 1943.9
1251620 1943.9
1251630 1944.1
1251640 1941.2
1251650 1941.2
1251660 1936.8
1251670 1931.0
1251680 1931.0
1251690 1928.4
1251700 1926.1
1251710 1926.1
1251720 1923.3
1251730 1919.6
1251740 1919.6
1251750 1908.6
1251760 1902.5
1251770 1902.5
1251780 1895.5
1251790 1888.5
1251800 1888.5
1251810 1880.7
1251820 1866.9
1251830 1852.0
1251840 1852.0
1251850 1836.4
1251860 1819.8
1251870 1819.8
1251880 1807.7
1251890 1796.7
1251900 1796.7
1251910 1786.5
1251920 1779.2
1251930 1779.2
1251940 1775.0
1251950 1772.3
1251960 1772.3
1251970 1772.2
1251980 1772.0
1251990 1772.0
1252000 1767.7
1252010 1761.0
1252020 1761.0
1252030 1752.2
1252040 1738.1
1252050 1738.1
1252060 1727.2
1252070 1718.9
1252080 1718.9
1252090 1711.9
1252100 1704.4
1252110 1693.2
1252120 1693.2
1252130 1681.2
1252140 1671.2
1252150 1671.2
1252160 1662.8
1252170 1656.9
1252180 1656.9
1252190 1642.7
1252200 1623.0
1252210 1623.0
1252220 1607.8
1252230 1599.8
1252240 1599.8
1252250 1590.0
1252260 1581.7
1252270 1581.7
1252280 1573.6
1252290 1565.6
1252300 1565.6
1252310 1557.9
1252320 1550.6
1252330 1550.6
1252340 1543.0
1252350 1535.4
1252360 1535.4
1252370 1528.4
1252380 1521.9
1252390 1516.2
1252400 1516.2
1252410 1511.2
1252420 1506.5
1252430 1506.5
1252440 1502.1
1252450 1497.8
1252460 1497.8
1252470 1493.5
1252480 1489.7
1252490 1489.7
1252500 1486.1
1252510 1482.4
1252520 1482.4
1252530 1480.1
1252540 1479.7
1252550 1479.7
1252560 1478.8
1252570 1478.1
1252580 1478.1
1252590 1478.0
1252600 1476.8
1252610 1476.8
1252620 1474.3
1252630 1471.9
1252640 1471.9
1252650 1469.6
1252660 1467.9
1252670 1466.2
1252680 1466.2
1252690 1463.4
1252700 1459.8
1252710 1459.8
1252720 1459.0
1252730 1458.2
1252740 1458.2
1252750 1457.4
1252760 1457.8
1252770 1457.8
1252780 1458.5
1252790 1459.5
1252800 1459.5
1252810 1462.4
1252820 1467.6
1252830 1467.6
1252840 1475.4
1252850 1480.2
1252860 1480.2
1252870 1483.8
1252880 1488.0
1252890 1488.0
1252900 1492.2
1252910 1496.0
1252920 1496.0
1252930 1499.4
1252940 1503.3
1252950 1509.0
1252960 1509.0
1252970 1516.3
1252980 1522.7
1252990 1522.7
1253000 1529.5
1253010 1537.3
1253020 1537.3
1253030 1554.9
1253040 1570.8
1253050 1570.8
1253060 1575.1
1253070 1585.5
1253080 1585.5
1253090 1594.4
1253100 1604.6
1253110 1604.6
1253120 1611.0
1253130 1606.0
1253140 1606.0
1253150 1613.9
1253160 1622.9
1253170 1622.9
1253180 1628.3
1253190 1631.1
1253200 1631.1
1253210 1626.0
1253220 1623.7
1253230 1614.4
1253240 1614.4
1253250 1606.7
1253260 1608.2
1253270 1608.2
1253280 1609.7
1253290 1609.5
1253300 1609.5
1253310 1613.9
1253320 1611.7
1253330 1611.7
1253340 1617.4
1253350 1620.8
1253360 1620.8
1253370 1619.5
1253380 1617.1
1253390 1617.1
1253400 1619.1
1253410 1614.9
1253420 1614.9
1253430 1610.2
1253440 1604.0
1253450 1604.0
1253460 1595.7
1253470 1587.8
1253480 1587.8
1253490 1579.5
1253500 1571.9
1253510 1564.0
1253520 1564.0
1253530 1559.3
1253540 1561.1
1253550 1561.1
1253560 1561.8
1253570 1557.7
1253580 1557.7
1253590 1551.3
1253600 1545.5
1253610 1545.5
1253620 1540.4
1253630 1534.7
1253640 1534.7
1253650 1529.0
1253660 1523.1
1253670 1523.1
1253680 1517.2
1253690 1511.9
1253700 1511.9
1253710 1506.0
1253720 1499.8
1253730 1499.8
1253740 1493.8
1253750 1487.3
1253760 1487.3
1253770 1481.3
1253780 1476.3
1253790 1471.8
1253800 1471.8
1253810 1467.7
1253820 1463.5
1253830 1463.5
1253840 1459.5
1253850 1455.8
1253860 1455.8
1253870 1452.0
1253880 1446.7
1253890 1446.7
1253900 1440.0
1253910 1434.1
1253920 1434.1
1253930 1428.3
1253940 1427.6
1253950 1428.3
1253960 1429.6
1253970 1431.1
1253980 1431.1
1253990 1431.9
1254000 1432.1
1254010 1432.1
1254020 1432.7
1254030 1433.6
1254040 1433.6
1254050 1435.1
1254060 1436.5
1254070 1437.4
1254080 1437.4
1254090 1438.3
1254100 1439.3
1254110 1439.3
1254120 1440.3
1254130 1441.3
1254140 1441.3
1254150 1442.2
1254160 1442.8
1254170 1442.8
1254180 1443.4
1254190 1443.7
1254200 1443.7
1254210 1443.6
1254220 1443.0
1254230 1443.0
1254240 1442.8
1254250 1443.0
1254260 1443.0
1254270 1443.2
1254280 1443.6
1254290 1443.6
1254300 1444.2
1254310 1444.9
1254320 1444.9
1254330 1445.8
1254340 1447.5
1254350 1447.5
1254360 1448.7
1254370 1450.1
1254380 1452.7
1254390 1452.7
1254400 1456.5
1254410 1460.9
1254420 1460.9
1254430 1464.9
1254440 1469.4
1254450 1469.4
1254460 1474.3
1254470 1479.4
1254480 1479.4
1254490 1484.5
1254500 1490.3
1254510 1490.3
1254520 1495.8
1254530 1501.6
1254540 1501.6
1254550 1507.6
1254560 1514.0
1254570 1514.0
1254580 1520.4
1254590 1526.6
1254600 1526.6
1254610 1532.7
1254620 1538.5
1254630 1538.5
1254640 1543.9
1254650 1548.3
1254660 1553.5
1254670 1553.5
1254680 1559.4
1254690 1565.9
1254700 1565.9
1254710 1571.6
1254720 1577.7
1254730 1577.7
1254740 1584.5
1254750 1591.2
1254760 1591.2
1254770 1597.5
1254780 1603.9
1254790 1603.9
1254800 1610.6
1254810 1617.8
1254820 1617.8
1254830 1625.5
1254840 1634.0
1254850 1634.0
1254860 1650.2
1254870 1667.4
1254880 1667.4
1254890 1675.8
1254900 1683.7
1254910 1683.7
1254920 1692.1
1254930 1698.9
1254940 1705.0
1254950 1705.0
1254960 1711.6
1254970 1717.9
1254980 1717.9
1254990 1723.7
1255000 1728.1
1255010 1728.1
1255020 1731.9
1255030 1736.4
1255040 1736.4
1255050 1743.5
1255060 1746.5
1255070 1746.5
1255080 1751.2
1255090 1755.8
1255100 1755.8
1255110 1760.9
1255120 1765.0
1255130 1765.0
1255140 1770.0
1255150 1775.4
1255160 1775.4
1255170 1781.2
1255180 1787.9
1255190 1787.9
1255200 1793.4
1255210 1796.9
1255220 1799.9
1255230 1799.9
1255240 1802.1
1255250 1802.9
1255260 1802.9
1255270 1803.2
1255280 1804.5
1255290 1804.5
1255300 1804.5
1255310 1801.4
1255320 1801.4
1255330 1795.1
1255340 1788.7
1255350 1788.7
1255360 1786.0
1255370 1783.3
1255380 1783.3
1255390 1784.3
1255400 1787.4
1255410 1787.4
1255420 1791.1
1255430 1795.4
1255440 1795.4
1255450 1799.0
1255460 1803.4
1255470 1803.4
1255480 1808.7
1255490 1813.7
1255500 1818.7
1255510 1818.7
1255520 1824.1
1255530 1829.7
1255540 1829.7
1255550 1834.9
1255560 1840.3
1255570 1840.3
1255580 1846.2
1255590 1852.1
1255600 1852.1
1255610 1856.0
1255620 1861.3
1255630 1861.3
1255640 1866.3
1255650 1871.4
1255660 1871.4
1255670 1876.8
1255680 1882.2
1255690 1882.2
1255700 1887.7
1255710 1893.3
1255720 1893.3
1255730 1898.9
1255740 1904.5
1255750 1904.5
1255760 1910.1
1255770 1915.6
1255780 1921.3
1255790 1921.3
1255800 1927.4
1255810 1933.9
1255820 1933.9
1255830 1940.5
1255840 1947.0
1255850 1947.0
1255860 1953.2
1255870 1959.7
1255880 1959.7
1255890 1966.2
1255900 1972.6
1255910 1972.6
1255920 1979.0
1255930 1985.7
1255940 1985.7
1255950 1992.6
1255960 1999.3
1255970 1999.3
1255980 2005.8
1255990 2012.3
1256000 2012.3
1256010 2019.2
1256020 2026.2
1256030 2026.2
1256040 2033.2
1256050 2040.2
1256060 2047.2
1256070 2047.2
1256080 2054.2
1256090 2061.4
1256100 2061.4
1256110 2068.7
1256120 2075.8
1256130 2075.8
1256140 2083.0
1256150 2090.2
1256160 2090.2
1256170 2097.8
1256180 2106.0
1256190 2106.0
1256200 2113.6
1256210 2120.8
1256220 2120.8
1256230 2127.9
1256240 2136.0
1256250 2136.0
1256260 2140.3
1256270 2133.7
1256280 2133.7
1256290 2126.3
1256300 2119.4
1256310 2119.4
1256320 2112.2
1256330 2104.9
1256340 2098.1
1256350 2098.1
1256360 2091.4
1256370 2084.5
1256380 2084.5
1256390 2077.3
1256400 2070.1
1256410 2070.1
1256420 2062.9
1256430 2056.0
1256440 2056.0
1256450 2049.3
1256460 2042.6
1256470 2042.6
1256480 2035.9
1256490 2029.2
1256500 2029.2
1256510 2022.2
1256520 2015.0
1256530 2015.0
1256540 2007.9
1256550 2000.8
1256560 2000.8
1256570 1994.2
1256580 1987.8
1256590 1987.8
1256600 1981.7
1256610 1975.7
1256620 1968.6
1256630 1968.6
1256640 1961.6
1256650 1955.2
1256660 1955.2
1256670 1949.0
1256680 1942.8
1256690 1942.8
1256700 1936.6
1256710 1930.4
1256720 1930.4
1256730 1926.3
1256740 1920.7
1256750 1920.7
1256760 1915.3
1256770 1909.6
1256780 1909.6
1256790 1904.1
1256800 1898.6
1256810 1898.6
1256820 1893.0
1256830 1887.1
1256840 1887.1
1256850 1881.6
1256860 1876.3
1256870 1876.3
1256880 1871.1
1256890 1865.8
1256900 1860.9
1256910 1860.9
1256920 1855.8
1256930 1850.8
1256940 1850.8
1256950 1846.2
1256960 1841.7
1256970 1841.7
1256980 1837.3
1256990 1833.4
1257000 1833.4
1257010 1829.7
1257020 1826.0
1257030 1826.0
1257040 1822.1
1257050 1818.3
1257060 1818.3
1257070 1815.3
1257080 1810.6
1257090 1810.6
1257100 1807.6
1257110 1807.6
1257120 1807.6
1257130 1806.5
1257140 1806.8
1257150 1806.8
1257160 1808.2
1257170 1810.2
1257180 1811.7
1257190 1811.7
1257200 1812.7
1257210 1813.4
1257220 1813.4
1257230 1813.9
1257240 1814.4
1257250 1814.4
1257260 1815.7
1257270 1819.4
1257280 1819.4
1257290 1829.4
1257300 1832.3
1257310 1832.3
1257320 1834.0
1257330 1838.2
1257340 1838.2
1257350 1843.9
1257360 1851.7
1257370 1851.7
1257380 1859.2
1257390 1871.1
1257400 1871.1
1257410 1888.3
1257420 1900.2
1257430 1900.2
1257440 1908.5
1257450 1916.1
1257460 1917.9
1257470 1917.9
1257480 1903.8
1257490 1883.1
1257500 1883.1
1257510 1870.0
1257520 1883.7
1257530 1883.7
1257540 1917.6
1257550 1941.1
1257560 1941.1
1257570 1945.7
1257580 1947.0
1257590 1947.0
1257600 1948.8
1257610 1950.1
1257620 1950.1
1257630 1948.9
1257640 1946.0
1257650 1946.0
1257660 1939.4
1257670 1932.6
1257680 1932.6
1257690 1927.0
1257700 1919.4
1257710 1919.4
1257720 1915.9
1257730 1910.9
1257740 1903.4
1257750 1903.4
1257760 1899.6
1257770 1901.7
1257780 1901.7
1257790 1903.6
1257800 1907.1
1257810 1907.1
1257820 1910.0
1257830 1909.5
1257840 1909.5
1257850 1902.7
1257860 1900.6
1257870 1900.6
1257880 1898.4
1257890 1896.2
1257900 1896.2
1257910 1893.2
1257920 1888.1
1257930 1888.1
1257940 1882.5
1257950 1876.9
1257960 1876.9
1257970 1871.7
1257980 1866.0
1257990 1866.0
1258000 1860.8
1258010 1855.6
1258020 1850.3
1258030 1850.3
1258040 1844.8
1258050 1841.7
1258060 1841.7
1258070 1836.4
1258080 1831.3
1258090 1831.3
1258100 1829.1
1258110 1825.5
1258120 1825.5
1258130 1821.1
1258140 1816.8
1258150 1816.8
1258160 1812.7
1258170 1807.8
1258180 1807.8
1258190 1801.7
1258200 1795.6
1258210 1795.6
1258220 1792.7
1258230 1790.8
1258240 1790.8
1258250 1788.3
1258260 1786.0
1258270 1786.0
1258280 1783.6
1258290 1780.5
1258300 1777.8
1258310 1777.8
1258320 1773.5
1258330 1769.6
1258340 1769.6
1258350 1766.9
1258360 1766.5
1258370 1766.5
1258380 1766.1
1258390 1763.0
1258400 1763.0
1258410 1751.9
1258420 1746.2
1258430 1746.2
1258440 1741.3
1258450 1738.5
1258460 1738.5
1258470 1735.7
1258480 1734.8
1258490 1734.8
1258500 1733.8
1258510 1731.5
1258520 1731.5
1258530 1728.1
1258540 1723.3
1258550 1723.3
1258560 1717.8
1258570 1711.5
1258580 1705.0
1258590 1705.0
1258600 1698.6
1258610 1692.0
1258620 1692.0
1258630 1685.6
1258640 1679.0
1258650 1679.0
1258660 1671.6
1258670 1664.0
1258680 1664.0
1258690 1657.0
1258700 1650.1
1258710 1650.1
1258720 1642.4
1258730 1634.7
1258740 1634.7
1258750 1637.1
1258760 1642.8
1258770 1642.8
1258780 1647.1
1258790 1650.4
1258800 1650.4
1258810 1651.5
1258820 1655.8
1258830 1655.8
1258840 1659.9
1258850 1661.4
1258860 1658.9
1258870 1658.9
1258880 1656.3
1258890 1658.7
1258900 1658.7
1258910 1664.3
1258920 1671.1
1258930 1671.1
1258940 1678.6
1258950 1684.4
1258960 1684.4
1258970 1688.1
1258980 1683.3
1258990 1683.3
1259000 1684.5
1259010 1686.5
1259020 1686.5
1259030 1689.1
1259040 1691.8
1259050 1691.8
1259060 1692.7
1259070 1692.0
1259080 1692.0
1259090 1690.5
1259100 1691.1
1259110 1691.1
1259120 1690.6
1259130 1689.2
1259140 1687.5
1259150 1687.5
1259160 1682.6
1259170 1681.2
1259180 1681.2
1259190 1685.5
1259200 1694.3
1259210 1694.3
1259220 1701.1
1259230 1703.7
1259240 1703.7
1259250 1702.9
1259260 1700.3
1259270 1700.3
1259280 1697.3
1259290 1694.6
1259300 1694.6
1259310 1691.8
1259320 1692.3
1259330 1692.3
1259340 1695.7
1259350 1699.3
1259360 1699.3
1259370 1702.1
1259380 1704.8
1259390 1704.8
1259400 1709.3
1259410 1711.7
1259420 1710.6
1259430 1710.6
1259440 1706.7
1259450 1698.7
1259460 1698.7
1259470 1691.2
1259480 1687.3
1259490 1687.3
1259500 1679.0
1259510 1672.2
1259520 1672.2
1259530 1668.1
1259540 1655.5
1259550 1655.5
1259560 1653.3
1259570 1658.2
1259580 1658.2
1259590 1660.4
1259600 1656.4
1259610 1656.4
1259620 1656.5
1259630 1659.2
1259640 1659.2
1259650 1659.4
1259660 1653.4
1259670 1653.4
1259680 1642.3
1259690 1633.1
1259700 1627.0
1259710 1627.0
1259720 1622.1
1259730 1615.0
1259740 1615.0
1259750 1611.0
1259760 1610.6
1259770 1610.6
1259780 1613.5
1259790 1611.1
1259800 1611.1
1259810 1604.8
1259820 1598.3
1259830 1598.3
1259840 1590.9
1259850 1587.8
1259860 1587.8
1259870 1587.8
1259880 1587.6
1259890 1587.6
1259900 1578.9
1259910 1577.6
1259920 1577.6
1259930 1577.2
1259940 1568.9
1259950 1568.9
1259960 1564.9
1259970 1556.1
1259980 1547.9
1259990 1547.9
