1240000 1309.0
1240010 1309.0
1240020 1308.5
1240030 1309.0
1240040 1309.0
1240050 1309.7
1240060 1311.0
1240070 1311.0
1240080 1313.6
1240090 1315.6
1240100 1315.6
1240110 1317.6
1240120 1316.9
1240130 1316.9
1240140 1317.5
1240150 1318.2
1240160 1318.2
1240170 1317.7
1240180 1315.5
1240190 1315.5
1240200 1313.8
1240210 1313.9
1240220 1313.9
1240230 1316.0
1240240 1317.0
1240250 1317.5
1240260 1317.5
1240270 1317.0
1240280 1315.4
1240290 1315.4
1240300 1314.8
1240310 1314.3
1240320 1314.3
1240330 1313.8
1240340 1313.7
1240350 1313.7
1240360 1314.2
1240370 1314.9
1240380 1314.9
1240390 1315.6
1240400 1315.7
1240410 1315.7
1240420 1316.4
1240430 1318.7
1240440 1318.7
1240450 1321.6
1240460 1323.7
1240470 1323.7
1240480 1325.3
1240490 1325.8
1240500 1325.8
1240510 1326.2
1240520 1326.2
1240530 1327.3
1240540 1327.3
1240550 1328.9
1240560 1331.7
1240570 1331.7
1240580 1334.8
1240590 1337.7
1240600 1337.7
1240610 1342.5
1240620 1345.9
1240630 1345.9
1240640 1348.4
1240650 1350.3
1240660 1350.3
1240670 1352.6
1240680 1353.6
1240690 1353.6
1240700 1354.9
1240710 1357.6
1240720 1357.6
1240730 1359.5
1240740 1361.3
1240750 1361.3
1240760 1362.3
1240770 1362.2
1240780 1362.2
1240790 1361.9
1240800 1362.6
1240810 1363.9
1240820 1363.9
1240830 1365.8
1240840 1368.0
1240850 1368.0
1240860 1370.2
1240870 1372.3
1240880 1372.3
1240890 1374.5
1240900 1375.4
1240910 1375.4
1240920 1375.1
1240930 1376.0
1240940 1376.0
1240950 1378.9
1240960 1382.0
1240970 1382.0
1240980 1385.4
1240990 1388.1
1241000 1388.1
1241010 1390.3
1241020 1391.3
1241030 1391.3
1241040 1392.3
1241050 1392.9
1241060 1392.9
1241070 1393.6
1241080 1394.0
1241090 1395.5
1241100 1395.5
1241110 1398.8
1241120 1399.4
1241130 1399.4
1241140 1401.5
1241150 1403.3
1241160 1403.3
1241170 1405.0
1241180 1406.4
1241190 1406.4
1241200 1406.5
1241210 1406.0
1241220 1406.0
1241230 1404.6
1241240 1403.5
1241250 1403.5
1241260 1402.8
1241270 1402.7
1241280 1402.7
1241290 1402.6
1241300 1403.2
1241310 1403.2
1241320 1404.0
1241330 1404.6
1241340 1404.6
1241350 1404.5
1241360 1404.3
1241370 1404.9
1241380 1404.9
1241390 1405.2
1241400 1405.0
1241410 1405.0
1241420 1404.3
1241430 1404.1
1241440 1404.1
1241450 1406.1
1241460 1410.2
1241470 1410.2
1241480 1412.8
1241490 1413.7
1241500 1413.7
1241510 1414.1
1241520 1413.9
1241530 1413.9
1241540 1414.0
1241550 1414.7
1241560 1414.7
1241570 1415.3
1241580 1415.7
1241590 1415.7
1241600 1416.2
1241610 1417.1
1241620 1417.1
1241630 1418.7
1241640 1420.7
1241650 1421.1
1241660 1424.8
1241670 1423.7
1241680 1424.6
1241690 1424.6
1241700 1424.7
1241710 1423.6
1241720 1423.6
1241730 1422.3
1241740 1422.2
1241750 1422.2
1241760 1423.4
1241770 1424.7
1241780 1424.7
1241790 1425.4
1241800 1424.4
1241810 1424.4
1241820 1424.3
1241830 1423.7
1241840 1423.7
1241850 1423.4
1241860 1423.6
1241870 1423.6
1241880 1424.2
1241890 1424.9
1241900 1424.9
1241910 1425.9
1241920 1426.8
1241930 1427.6
1241940 1427.6
1241950 1427.8
1241960 1428.2
1241970 1428.2
1241980 1428.7
1241990 1429.9
1242000 1429.9
1242010 1430.7
1242020 1430.2
1242030 1430.2
1242040 1428.6
1242050 1426.7
1242060 1426.7
1242070 1424.2
1242080 1422.6
1242090 1422.6
1242100 1423.1
1242110 1424.4
1242120 1424.4
1242130 1426.9
1242140 1428.1
1242150 1428.1
1242160 1428.6
1242170 1430.1
1242180 1430.1
1242190 1435.0
1242200 1437.0
1242210 1438.2
1242220 1438.2
1242230 1438.5
1242240 1439.0
1242250 1439.0
1242260 1439.3
1242270 1439.0
1242280 1439.0
1242290 1438.8
1242300 1438.8
1242310 1438.8
1242320 1439.2
1242330 1438.5
1242340 1438.5
1242350 1436.3
1242360 1434.3
1242370 1434.3
1242380 1431.1
1242390 1428.5
1242400 1428.5
1242410 1427.2
1242420 1425.4
1242430 1425.4
1242440 1424.0
1242450 1422.4
1242460 1422.4
1242470 1420.3
1242480 1417.7
1242490 1414.7
1242500 1414.7
1242510 1412.2
1242520 1410.0
1242530 1410.0
1242540 1406.9
1242550 1404.3
1242560 1404.3
1242570 1402.7
1242580 1400.7
1242590 1400.7
1242600 1398.4
1242610 1397.0
1242620 1397.0
1242630 1396.5
1242640 1395.7
1242650 1395.7
1242660 1393.7
1242670 1392.4
1242680 1392.4
1242690 1390.6
1242700 1388.5
1242710 1387.9
1242720 1385.6
1242730 1383.3
1242740 1383.3
1242750 1380.4
1242760 1377.6
1242770 1377.6
1242780 1375.6
1242790 1374.2
1242800 1371.4
1242810 1371.4
1242820 1368.4
1242830 1365.7
1242840 1365.7
1242850 1362.8
1242860 1360.0
1242870 1360.0
1242880 1357.3
1242890 1356.1
1242900 1356.1
1242910 1355.7
1242920 1352.9
1242930 1352.9
1242940 1352.2
1242950 1350.8
1242960 1350.8
1242970 1346.8
1242980 1341.7
1242990 1341.7
1243000 1338.1
1243010 1338.4
1243020 1338.4
1243030 1337.8
1243040 1334.5
1243050 1334.5
1243060 1329.2
1243070 1325.5
1243080 1327.0
1243090 1327.0
1243100 1326.6
1243110 1323.7
1243120 1323.7
1243130 1320.7
1243140 1318.0
1243150 1318.0
1243160 1314.9
1243170 1313.5
1243180 1313.5
1243190 1313.1
1243200 1310.1
1243210 1310.1
1243220 1305.8
1243230 1301.6
1243240 1304.5
1243250 1299.3
1243260 1295.4
1243270 1295.4
1243280 1293.2
1243290 1292.8
1243300 1292.8
1243310 1292.5
1243320 1291.3
1243330 1291.3
1243340 1289.3
1243350 1287.2
1243360 1287.2
1243370 1287.2
1243380 1286.3
1243390 1284.1
1243400 1284.1
1243410 1282.1
1243420 1281.5
1243430 1281.5
1243440 1281.3
1243450 1281.2
1243460 1281.2
1243470 1281.1
1243480 1281.1
1243490 1281.1
1243500 1281.4
1243510 1281.8
1243520 1281.8
1243530 1281.8
1243540 1281.8
1243550 1281.8
1243560 1281.3
1243570 1280.4
1243580 1280.4
1243590 1279.4
1243600 1279.5
1243610 1279.5
1243620 1279.8
1243630 1279.5
1243640 1278.4
1243650 1278.4
1243660 1277.8
1243670 1277.5
1243680 1277.5
1243690 1277.0
1243700 1276.7
1243710 1276.7
1243720 1275.8
1243730 1274.6
1243740 1274.6
1243750 1273.6
1243760 1272.4
1243770 1272.4
1243780 1272.5
1243790 1272.4
1243800 1272.4
1243810 1272.1
1243820 1271.8
1243830 1271.8
1243840 1272.5
1243850 1275.2
1243860 1275.2
1243870 1277.4
1243880 1279.1
1243890 1279.1
1243900 1279.7
1243910 1279.9
1243920 1280.3
1243930 1280.3
1243940 1280.4
1243950 1282.0
1243960 1282.0
1243970 1284.3
1243980 1285.4
1243990 1285.4
1244000 1284.0
1244010 1282.2
1244020 1282.2
1244030 1282.8
1244040 1281.8
1244050 1281.8
1244060 1278.7
1244070 1276.0
1244080 1276.0
1244090 1274.4
1244100 1273.3
1244110 1273.3
1244120 1272.3
1244130 1271.9
1244140 1271.9
1244150 1272.0
1244160 1272.5
1244170 1272.5
1244180 1272.3
1244190 1270.9
1244200 1268.9
1244210 1268.9
1244220 1267.5
1244230 1266.4
1244240 1266.4
1244250 1265.1
1244260 1262.7
1244270 1262.7
1244280 1260.1
1244290 1257.0
1244300 1255.0
1244310 1252.3
1244320 1250.3
1244330 1250.3
1244340 1249.2
1244350 1247.3
1244360 1247.3
1244370 1245.2
1244380 1242.2
1244390 1242.2
1244400 1238.8
1244410 1236.1
1244420 1236.1
1244430 1233.8
1244440 1231.6
1244450 1231.6
1244460 1228.7
1244470 1225.9
1244480 1222.0
1244490 1222.0
1244500 1219.9
1244510 1217.1
1244520 1217.1
1244530 1211.4
1244540 1208.6
1244550 1208.6
1244560 1207.0
1244570 1203.0
1244580 1203.0
1244590 1195.6
1244600 1191.9
1244610 1191.9
1244620 1189.0
1244630 1188.4
1244640 1188.4
1244650 1186.2
1244660 1183.0
1244670 1183.0
1244680 1182.2
1244690 1182.0
1244700 1182.0
1244710 1181.7
1244720 1181.8
1244730 1181.8
1244740 1182.1
1244750 1183.5
1244760 1186.4
1244770 1186.4
1244780 1188.7
1244790 1189.5
1244800 1189.5
1244810 1189.9
1244820 1190.4
1244830 1190.6
1244840 1190.9
1244850 1190.9
1244860 1190.9
1244870 1190.9
1244880 1191.1
1244890 1191.1
1244900 1191.4
1244910 1191.6
1244920 1191.6
1244930 1192.1
1244940 1193.0
1244950 1193.0
1244960 1192.4
1244970 1190.0
1244980 1190.0
1244990 1186.9
1245000 1184.2
1245010 1184.2
1245020 1182.1
1245030 1180.5
1245040 1179.4
1245050 1179.4
1245060 1178.8
1245070 1178.5
1245080 1178.5
1245090 1178.2
1245100 1178.3
1245110 1178.3
1245120 1178.3
1245130 1178.3
1245140 1178.3
1245150 1178.3
1245160 1178.1
1245170 1178.1
1245180 1177.9
1245190 1177.7
1245200 1177.7
1245210 1177.6
1245220 1177.4
1245230 1177.4
1245240 1177.2
1245250 1177.2
1245260 1177.2
1245270 1177.1
1245280 1177.2
1245290 1177.2
1245300 1177.3
1245310 1177.3
1245320 1177.1
1245330 1177.1
1245340 1176.7
1245350 1176.8
1245360 1176.9
1245370 1177.6
1245380 1177.7
1245390 1177.7
1245400 1177.8
1245410 1178.2
1245420 1178.2
1245430 1178.2
1245440 1178.1
1245450 1178.1
1245460 1178.2
1245470 1178.3
1245480 1178.3
1245490 1178.5
1245500 1178.7
1245510 1178.7
1245520 1178.8
1245530 1179.0
1245540 1179.0
1245550 1179.2
1245560 1179.6
1245570 1179.6
1245580 1180.3
1245590 1181.0
1245600 1181.4
1245610 1181.4
1245620 1181.8
1245630 1182.4
1245640 1182.4
1245650 1182.8
1245660 1183.2
1245670 1183.2
1245680 1183.3
1245690 1182.7
1245700 1182.7
1245710 1183.5
1245720 1184.4
1245730 1184.4
1245740 1184.8
1245750 1185.4
1245760 1185.4
1245770 1185.8
1245780 1186.1
1245790 1186.1
1245800 1186.5
1245810 1187.1
1245820 1187.1
1245830 1187.6
1245840 1187.8
1245850 1187.8
1245860 1188.0
1245870 1188.3
1245880 1188.9
1245890 1188.9
1245900 1190.2
1245910 1190.6
1245920 1190.6
1245930 1190.8
1245940 1191.1
1245950 1191.1
1245960 1191.8
1245970 1192.5
1245980 1192.5
1245990 1192.9
1246000 1193.2
1246010 1193.2
1246020 1193.8
1246030 1193.9
1246040 1193.9
1246050 1194.2
1246060 1195.0
1246070 1195.0
1246080 1195.6
1246090 1195.7
1246100 1195.7
1246110 1196.0
1246120 1197.0
1246130 1197.0
1246140 1197.8
1246150 1198.4
1246160 1198.9
1246170 1198.9
1246180 1199.3
1246190 1199.9
1246200 1199.9
1246210 1200.6
1246220 1201.4
1246230 1201.4
1246240 1202.1
1246250 1202.8
1246260 1202.8
1246270 1203.4
1246280 1205.0
1246290 1205.0
1246300 1205.3
1246310 1205.2
1246320 1205.2
1246330 1206.0
1246340 1206.6
1246350 1206.6
1246360 1207.5
1246370 1208.3
1246380 1208.3
1246390 1209.2
1246400 1210.0
1246410 1210.0
1246420 1211.0
1246430 1211.8
1246440 1212.5
1246450 1212.5
1246460 1214.3
1246470 1215.3
1246480 1215.3
1246490 1215.2
1246500 1215.5
1246510 1215.5
1246520 1216.5
1246530 1217.7
1246540 1217.7
1246550 1218.7
1246560 1219.4
1246570 1219.4
1246580 1220.1
1246590 1220.7
1246600 1220.7
1246610 1221.6
1246620 1222.8
1246630 1222.8
1246640 1223.9
1246650 1224.4
1246660 1224.4
1246670 1223.0
1246680 1224.1
1246690 1224.1
1246700 1224.6
1246710 1224.4
1246720 1224.4
1246730 1224.4
1246740 1224.5
1246750 1224.6
1246760 1224.6
1246770 1224.9
1246780 1225.2
1246790 1225.2
1246800 1225.5
1246810 1226.9
1246820 1226.9
1246830 1228.7
1246840 1228.4
1246850 1228.4
1246860 1227.0
1246870 1227.8
1246880 1227.8
1246890 1231.5
1246900 1235.5
1246910 1235.5
1246920 1236.8
1246930 1237.7
1246940 1237.7
1246950 1237.8
1246960 1239.0
1246970 1239.5
1246980 1243.6
1246990 1246.6
1247000 1249.2
1247010 1249.2
1247020 1251.5
1247030 1254.3
1247040 1254.3
1247050 1256.5
1247060 1258.7
1247070 1258.7
1247080 1261.1
1247090 1263.5
1247100 1263.5
1247110 1266.0
1247120 1268.3
1247130 1268.3
1247140 1270.7
1247150 1272.9
1247160 1272.9
1247170 1275.0
1247180 1277.1
1247190 1277.1
1247200 1278.8
1247210 1280.4
1247220 1280.4
1247230 1281.9
1247240 1283.2
1247250 1283.2
1247260 1284.7
1247270 1286.4
1247280 1288.2
1247290 1288.2
1247300 1290.0
1247310 1292.2
1247320 1292.2
1247330 1294.5
1247340 1296.9
1247350 1296.9
1247360 1300.0
1247370 1302.9
1247380 1302.9
1247390 1306.3
1247400 1309.2
1247410 1309.2
1247420 1311.6
1247430 1313.7
1247440 1313.7
1247450 1315.3
1247460 1316.6
1247470 1316.6
1247480 1317.8
1247490 1319.1
1247500 1318.1
1247510 1318.9
1247520 1319.6
1247530 1319.6
1247540 1320.4
1247550 1320.5
1247560 1320.3
1247570 1320.3
1247580 1320.7
1247590 1320.3
1247600 1320.3
1247610 1320.3
1247620 1322.6
1247630 1322.6
1247640 1324.8
1247650 1327.5
1247660 1327.5
1247670 1330.7
1247680 1333.6
1247690 1333.6
1247700 1336.0
1247710 1338.0
1247720 1338.0
1247730 1340.5
1247740 1343.4
1247750 1343.4
1247760 1346.0
1247770 1348.3
1247780 1348.3
1247790 1350.9
1247800 1354.0
1247810 1354.0
1247820 1357.6
1247830 1361.8
1247840 1366.4
1247850 1366.4
1247860 1370.6
1247870 1374.8
1247880 1374.8
1247890 1379.7
1247900 1384.8
1247910 1384.8
1247920 1390.9
1247930 1398.0
1247940 1398.0
1247950 1404.4
1247960 1409.2
1247970 1409.2
1247980 1412.5
1247990 1414.8
1248000 1414.8
1248010 1415.9
1248020 1417.0
1248030 1417.0
1248040 1421.2
1248050 1422.8
1248060 1422.8
1248070 1424.9
1248080 1426.7
1248090 1426.7
1248100 1428.7
1248110 1431.8
1248120 1431.8
1248130 1435.9
1248140 1439.4
1248150 1442.3
1248160 1442.3
1248170 1445.6
1248180 1449.4
1248190 1449.4
1248200 1453.5
1248210 1459.5
1248220 1459.5
1248230 1465.6
1248240 1470.1
1248250 1470.1
1248260 1475.9
1248270 1483.7
1248280 1483.7
1248290 1489.5
1248300 1492.8
1248310 1492.8
1248320 1495.2
1248330 1497.9
1248340 1497.9
1248350 1499.3
1248360 1500.8
1248370 1500.8
1248380 1503.0
1248390 1505.8
1248400 1505.8
1248410 1509.3
1248420 1514.0
1248430 1519.1
1248440 1519.1
1248450 1525.4
1248460 1532.0
1248470 1532.0
1248480 1537.1
1248490 1540.9
1248500 1540.9
1248510 1544.0
1248520 1547.2
1248530 1547.2
1248540 1550.3
1248550 1553.1
1248560 1553.1
1248570 1557.2
1248580 1566.5
1248590 1566.5
1248600 1573.0
1248610 1578.1
1248620 1578.1
1248630 1582.0
1248640 1584.6
1248650 1584.6
1248660 1588.5
1248670 1593.2
1248680 1593.2
1248690 1597.9
1248700 1603.6
1248710 1610.1
1248720 1610.1
1248730 1616.7
1248740 1623.6
1248750 1623.6
1248760 1630.9
1248770 1638.8
1248780 1638.8
1248790 1650.8
1248800 1661.4
1248810 1661.4
1248820 1666.4
1248830 1670.3
1248840 1670.3
1248850 1676.0
1248860 1684.1
1248870 1684.1
1248880 1697.9
1248890 1706.2
1248900 1706.2
1248910 1708.9
1248920 1711.0
1248930 1711.0
1248940 1712.7
1248950 1715.4
1248960 1715.4
1248970 1717.7
1248980 1718.2
1248990 1717.3
1249000 1717.3
1249010 1717.3
1249020 1716.8
1249030 1716.8
1249040 1716.2
1249050 1717.7
1249060 1717.7
1249070 1717.8
1249080 1716.7
1249090 1716.7
1249100 1714.4
1249110 1713.3
1249120 1724.7
1249130 1729.6
1249140 1732.8
1249150 1732.8
1249160 1733.0
1249170 1732.9
1249180 1732.9
1249190 1736.2
1249200 1743.4
1249210 1743.4
1249220 1751.0
1249230 1758.2
1249240 1758.2
1249250 1765.4
1249260 1772.8
1249270 1780.7
1249280 1780.7
1249290 1789.1
1249300 1800.1
1249310 1800.1
1249320 1819.6
1249330 1827.3
1249340 1827.3
1249350 1830.7
1249360 1833.8
1249370 1833.8
1249380 1837.8
1249390 1842.4
1249400 1842.4
1249410 1848.6
1249420 1856.1
1249430 1856.1
1249440 1862.4
1249450 1869.0
1249460 1869.0
1249470 1875.6
1249480 1882.0
1249490 1882.0
1249500 1887.6
1249510 1890.6
1249520 1890.6
1249530 1892.8
1249540 1893.9
1249550 1891.3
1249560 1891.3
1249570 1888.1
1249580 1886.9
1249590 1886.9
1249600 1883.2
1249610 1876.2
1249620 1876.2
1249630 1867.8
1249640 1865.8
1249650 1865.8
1249660 1877.1
1249670 1879.6
1249680 1879.6
1249690 1878.8
1249700 1878.4
1249710 1878.4
1249720 1877.7
1249730 1875.1
1249740 1875.1
1249750 1874.2
1249760 1875.6
1249770 1875.6
1249780 1877.4
1249790 1876.4
1249800 1876.4
1249810 1870.8
1249820 1866.2
1249830 1865.6
1249840 1865.6
1249850 1861.7
1249860 1857.3
1249870 1857.3
1249880 1855.3
1249890 1855.9
1249900 1855.9
1249910 1854.7
1249920 1851.3
1249930 1851.3
1249940 1848.0
1249950 1846.5
1249960 1846.5
1249970 1846.2
1249980 1846.4
1249990 1846.4
1250000 1847.0
1250010 1848.6
1250020 1848.6
1250030 1850.0
1250040 1851.6
1250050 1851.6
1250060 1853.8
1250070 1856.0
1250080 1856.0
1250090 1857.3
1250100 1858.3
1250110 1858.3
1250120 1858.3
1250130 1857.1
1250140 1855.6
1250150 1855.6
1250160 1855.5
1250170 1857.8
1250180 1857.8
1250190 1860.2
1250200 1863.5
1250210 1868.3
1250220 1871.7
1250230 1875.6
1250240 1875.6
1250250 1878.9
1250260 1881.6
1250270 1881.6
1250280 1884.7
1250290 1887.4
1250300 1887.4
1250310 1888.9
1250320 1889.3
1250330 1889.3
1250340 1891.5
1250350 1892.5
1250360 1892.5
1250370 1892.9
1250380 1895.5
1250390 1899.3
1250400 1899.3
1250410 1903.9
1250420 1907.2
1250430 1907.2
1250440 1911.5
1250450 1917.4
1250460 1917.4
1250470 1922.9
1250480 1927.0
1250490 1927.0
1250500 1932.6
1250510 1936.0
1250520 1936.0
1250530 1936.8
1250540 1943.1
1250550 1943.1
1250560 1952.3
1250570 1959.3
1250580 1959.3
1250590 1963.9
1250600 1965.2
1250610 1965.2
1250620 1965.0
1250630 1969.2
1250640 1969.2
1250650 1977.6
1250660 1984.6
1250670 1991.2
1250680 1991.2
1250690 1998.3
1250700 2005.9
1250710 2005.9
1250720 2018.9
1250730 2033.4
1250740 2033.4
1250750 2037.5
1250760 2041.9
1250770 2041.9
1250780 2049.8
1250790 2060.1
1250800 2060.1
1250810 2071.0
1250820 2074.9
1250830 2074.9
1250840 2083.1
1250850 2095.6
1250860 2095.6
1250870 2107.2
1250880 2118.4
1250890 2118.4
1250900 2128.7
1250910 2136.9
1250920 2136.9
1250930 2145.8
1250940 2153.1
1250950 2164.1
1250960 2164.1
1250970 2179.4
1250980 2178.1
1250990 2178.1
1251000 2163.1
1251010 2136.3
1251020 2136.3
1251030 2126.3
1251040 2118.5
1251050 2118.5
1251060 2110.2
1251070 2101.4
1251080 2101.4
1251090 2093.8
1251100 2085.3
1251110 2085.3
1251120 2077.4
1251130 2071.4
1251140 2071.4
1251150 2066.1
1251160 2062.5
1251170 2062.5
1251180 2059.9
1251190 2058.3
1251200 2058.3
1251210 2057.8
1251220 2055.6
1251230 2046.5
1251240 2046.5
1251250 2031.5
1251260 2013.8
1251270 2013.8
1251280 2004.4
1251290 1997.0
1251300 1995.9
1251310 1988.7
1251320 1981.3
1251330 1981.3
1251340 1973.7
1251350 1967.2
1251360 1967.2
1251370 1961.5
1251380 1959.6
1251390 1959.6
1251400 1955.8
1251410 1948.7
1251420 1948.7
1251430 1942.2
1251440 1937.2
1251450 1937.2
1251460 1932.3
1251470 1927.8
1251480 1927.8
1251490 1923.0
1251500 1918.3
1251510 1913.2
1251520 1913.2
1251530 1907.6
1251540 1901.6
1251550 1901.6
1251560 1895.8
1251570 1890.4
1251580 1890.4
1251590 1884.6
1251600 1878.8
1251610 1878.8
1251620 1874.4
1251630 1872.6
1251640 1872.6
1251650 1870.6
1251660 1867.1
1251670 1867.1
1251680 1862.7
1251690 1856.3
1251700 1856.3
1251710 1848.9
1251720 1842.3
1251730 1842.3
1251740 1837.2
1251750 1836.6
1251760 1836.6
1251770 1835.1
1251780 1832.6
1251790 1828.6
1251800 1828.6
1251810 1823.3
1251820 1816.8
1251830 1816.8
1251840 1805.8
1251850 1800.5
1251860 1800.5
1251870 1795.0
1251880 1790.6
1251890 1790.6
1251900 1782.0
1251910 1772.0
1251920 1772.0
1251930 1762.4
1251940 1755.1
1251950 1755.1
1251960 1749.7
1251970 1743.7
1251980 1743.7
1251990 1735.7
1252000 1729.8
1252010 1729.8
1252020 1724.7
1252030 1720.2
1252040 1720.2
1252050 1709.4
1252060 1696.7
1252070 1680.6
1252080 1680.6
1252090 1666.7
1252100 1657.0
1252110 1657.0
1252120 1649.5
1252130 1643.5
1252140 1643.5
1252150 1637.5
1252160 1632.1
1252170 1632.1
1252180 1626.8
1252190 1619.2
1252200 1619.2
1252210 1610.3
1252220 1598.5
1252230 1598.5
1252240 1584.8
1252250 1574.3
1252260 1574.3
1252270 1569.5
1252280 1563.9
1252290 1563.9
1252300 1558.4
1252310 1553.4
1252320 1553.4
1252330 1548.9
1252340 1544.3
1252350 1539.4
1252360 1539.4
1252370 1534.6
1252380 1529.7
1252390 1531.4
1252400 1527.5
1252410 1523.6
1252420 1523.6
1252430 1520.3
1252440 1518.4
1252450 1518.4
1252460 1516.9
1252470 1514.5
1252480 1514.5
1252490 1510.0
1252500 1506.0
1252510 1506.0
1252520 1503.8
1252530 1501.7
1252540 1501.7
1252550 1499.7
1252560 1500.0
1252570 1500.0
1252580 1500.9
1252590 1498.6
1252600 1498.6
1252610 1497.2
1252620 1495.6
1252630 1493.8
1252640 1493.8
1252650 1491.1
1252660 1487.7
1252670 1487.7
1252680 1485.1
1252690 1483.0
1252700 1483.0
1252710 1484.2
1252720 1487.5
1252730 1487.5
1252740 1490.7
1252750 1493.4
1252760 1493.4
1252770 1496.2
1252780 1498.4
1252790 1498.4
1252800 1500.8
1252810 1504.8
1252820 1504.8
1252830 1509.8
1252840 1515.1
1252850 1515.1
1252860 1520.3
1252870 1525.3
1252880 1525.3
1252890 1530.1
1252900 1533.9
1252910 1538.0
1252920 1538.0
1252930 1543.4
1252940 1553.3
1252950 1553.3
1252960 1559.5
1252970 1566.2
1252980 1566.2
1252990 1573.2
1253000 1580.2
1253010 1580.2
1253020 1589.7
1253030 1598.9
1253040 1598.9
1253050 1608.3
1253060 1614.5
1253070 1614.5
1253080 1618.7
1253090 1625.9
1253100 1625.9
1253110 1634.6
1253120 1644.2
1253130 1644.2
1253140 1651.0
1253150 1657.6
1253160 1657.6
1253170 1663.7
1253180 1671.1
1253190 1676.4
1253200 1676.4
1253210 1679.7
1253220 1688.7
1253230 1688.7
1253240 1697.8
1253250 1702.9
1253260 1702.9
1253270 1704.3
1253280 1703.6
1253290 1703.6
1253300 1700.7
1253310 1696.3
1253320 1696.3
1253330 1690.1
1253340 1682.0
1253350 1682.0
1253360 1674.4
1253370 1668.7
1253380 1668.7
1253390 1663.1
1253400 1657.2
1253410 1657.2
1253420 1650.2
1253430 1643.0
1253440 1643.0
1253450 1636.5
1253460 1629.4
1253470 1622.2
1253480 1622.2
1253490 1618.3
1253500 1611.6
1253510 1611.6
1253520 1605.6
1253530 1600.2
1253540 1600.2
1253550 1594.4
1253560 1588.7
1253570 1588.7
1253580 1582.7
1253590 1576.1
1253600 1576.1
1253610 1569.8
1253620 1563.6
1253630 1563.6
1253640 1557.1
1253650 1550.5
1253660 1550.5
1253670 1543.8
1253680 1536.4
1253690 1536.4
1253700 1529.3
1253710 1522.6
1253720 1522.6
1253730 1516.2
1253740 1509.8
1253750 1503.6
1253760 1503.6
1253770 1497.7
1253780 1491.8
1253790 1491.8
1253800 1486.2
1253810 1480.7
1253820 1480.7
1253830 1475.3
1253840 1470.2
1253850 1470.2
1253860 1465.0
1253870 1459.8
1253880 1459.8
1253890 1454.7
1253900 1449.8
1253910 1449.8
1253920 1446.2
1253930 1443.6
1253940 1443.6
1253950 1441.0
1253960 1438.2
1253970 1438.2
1253980 1438.5
1253990 1439.9
1254000 1439.9
1254010 1440.6
1254020 1441.6
1254030 1441.6
1254040 1442.8
1254050 1444.9
1254060 1445.9
1254070 1445.9
1254080 1446.9
1254090 1448.0
1254100 1448.0
1254110 1448.8
1254120 1449.9
1254130 1449.9
1254140 1451.3
1254150 1451.8
1254160 1451.8
1254170 1452.4
1254180 1452.9
1254190 1452.9
1254200 1453.9
1254210 1455.0
1254220 1455.0
1254230 1457.2
1254240 1458.1
1254250 1458.1
1254260 1458.2
1254270 1459.5
1254280 1459.5
1254290 1460.3
1254300 1460.6
1254310 1460.6
1254320 1461.0
1254330 1461.5
1254340 1462.5
1254350 1462.5
1254360 1464.9
1254370 1468.0
1254380 1468.0
1254390 1471.0
1254400 1474.0
1254410 1474.0
1254420 1476.8
1254430 1479.8
1254440 1479.8
1254450 1483.0
1254460 1485.5
1254470 1485.5
1254480 1488.6
1254490 1491.1
1254500 1491.1
1254510 1494.2
1254520 1496.7
1254530 1496.7
1254540 1499.0
1254550 1501.2
1254560 1501.2
1254570 1504.7
1254580 1508.7
1254590 1508.7
1254600 1513.1
1254610 1516.7
1254620 1519.2
1254630 1519.2
1254640 1521.4
1254650 1525.1
1254660 1525.1
1254670 1529.4
1254680 1534.2
1254690 1534.2
1254700 1540.5
1254710 1548.1
1254720 1548.1
1254730 1556.2
1254740 1564.1
1254750 1564.1
1254760 1571.0
1254770 1577.0
1254780 1577.0
1254790 1583.0
1254800 1589.2
1254810 1589.2
1254820 1597.6
1254830 1606.6
1254840 1606.6
1254850 1615.9
1254860 1621.4
1254870 1621.4
1254880 1625.3
1254890 1630.8
1254900 1638.0
1254910 1638.0
1254920 1645.7
1254930 1653.4
1254940 1653.4
1254950 1655.9
1254960 1655.1
1254970 1655.1
1254980 1657.9
1254990 1665.3
1255000 1665.3
1255010 1673.1
1255020 1679.3
1255030 1679.3
1255040 1684.6
1255050 1689.4
1255060 1689.4
1255070 1693.9
1255080 1698.3
1255090 1698.3
1255100 1702.0
1255110 1706.2
1255120 1706.2
1255130 1711.1
1255140 1716.8
1255150 1711.5
1255160 1714.1
1255170 1717.5
1255180 1720.7
1255190 1720.7
1255200 1724.0
1255210 1725.9
1255220 1725.9
1255230 1728.2
1255240 1730.7
1255250 1730.7
1255260 1732.1
1255270 1732.9
1255280 1732.9
1255290 1733.0
1255300 1736.2
1255310 1736.2
1255320 1739.9
1255330 1744.0
1255340 1744.0
1255350 1748.5
1255360 1753.1
1255370 1753.1
1255380 1757.9
1255390 1763.2
1255400 1763.2
1255410 1768.9
1255420 1774.4
1255430 1774.4
1255440 1779.7
1255450 1784.8
1255460 1789.8
1255470 1789.8
1255480 1794.9
1255490 1800.3
1255500 1800.3
1255510 1805.5
1255520 1810.8
1255530 1810.8
1255540 1816.6
1255550 1823.9
1255560 1823.9
1255570 1831.2
1255580 1838.4
1255590 1838.4
1255600 1845.7
1255610 1853.0
1255620 1853.0
1255630 1860.1
1255640 1866.7
1255650 1866.7
1255660 1873.6
1255670 1875.8
1255680 1875.8
1255690 1881.2
1255700 1888.4
1255710 1893.9
1255720 1900.2
1255730 1905.6
1255740 1910.9
1255750 1910.9
1255760 1917.1
1255770 1923.6
1255780 1923.6
1255790 1930.1
1255800 1936.2
1255810 1936.2
1255820 1940.7
1255830 1946.4
1255840 1946.4
1255850 1955.1
1255860 1965.6
1255870 1965.6
1255880 1979.0
1255890 1990.8
1255900 1990.8
1255910 1998.0
1255920 2005.6
1255930 2005.6
1255940 2013.0
1255950 2020.2
1255960 2020.2
1255970 2027.4
1255980 2031.7
1255990 2031.7
1256000 2036.0
1256010 2042.5
1256020 2050.5
1256030 2050.5
1256040 2059.9
1256050 2067.4
1256060 2067.4
1256070 2073.1
1256080 2080.9
1256090 2080.9
1256100 2088.6
1256110 2095.4
1256120 2095.4
1256130 2103.5
1256140 2111.4
1256150 2111.4
1256160 2119.3
1256170 2127.3
1256180 2127.3
1256190 2135.3
1256200 2142.9
1256210 2142.9
1256220 2149.8
1256230 2156.4
1256240 2156.4
1256250 2162.3
1256260 2166.0
1256270 2163.6
1256280 2168.4
1256290 2167.6
1256300 2167.7
1256310 2167.7
1256320 2163.4
1256330 2153.7
1256340 2153.7
1256350 2148.2
1256360 2132.8
1256370 2132.8
1256380 2118.3
1256390 2107.6
1256400 2107.6
1256410 2099.3
1256420 2090.6
1256430 2090.6
1256440 2083.8
1256450 2078.0
1256460 2078.0
1256470 2077.5
1256480 2079.1
1256490 2079.1
1256500 2076.3
1256510 2072.5
1256520 2072.5
1256530 2064.2
1256540 2055.2
1256550 2055.2
1256560 2049.3
1256570 2040.8
1256580 2025.9
1256590 2025.9
1256600 2010.1
1256610 2002.0
1256620 2002.0
1256630 1995.6
1256640 1989.6
1256650 1989.6
1256660 1983.7
1256670 1977.8
1256680 1977.8
1256690 1972.2
1256700 1966.3
1256710 1966.3
1256720 1960.0
1256730 1953.8
1256740 1953.8
1256750 1947.8
1256760 1941.7
1256770 1941.7
1256780 1935.6
1256790 1929.4
1256800 1929.4
1256810 1923.4
1256820 1917.4
1256830 1918.8
1256840 1913.3
1256850 1908.0
1256860 1903.1
1256870 1903.1
1256880 1898.8
1256890 1895.0
1256900 1895.0
1256910 1891.3
1256920 1887.6
1256930 1887.6
1256940 1884.0
1256950 1880.6
1256960 1880.6
1256970 1877.5
1256980 1873.4
1256990 1873.4
1257000 1868.0
1257010 1866.4
1257020 1866.4
1257030 1868.0
1257040 1871.6
1257050 1871.6
1257060 1873.6
1257070 1873.4
1257080 1873.4
1257090 1872.5
1257100 1872.5
1257110 1872.5
1257120 1873.7
1257130 1879.3
1257140 1881.2
1257150 1881.2
1257160 1880.6
1257170 1881.9
1257180 1881.9
1257190 1882.6
1257200 1889.2
1257210 1889.2
1257220 1901.5
1257230 1917.1
1257240 1917.1
1257250 1930.5
1257260 1935.5
1257270 1935.5
1257280 1936.9
1257290 1938.9
1257300 1938.9
1257310 1942.4
1257320 1944.6
1257330 1944.6
1257340 1949.7
1257350 1960.5
1257360 1960.5
1257370 1969.4
1257380 1974.4
1257390 1972.6
1257400 1965.0
1257410 1959.2
1257420 1956.2
1257430 1956.2
1257440 1950.4
1257450 1945.4
1257460 1945.4
1257470 1940.6
1257480 1935.1
1257490 1935.1
1257500 1929.0
1257510 1921.3
1257520 1921.3
1257530 1914.9
1257540 1908.7
1257550 1908.7
1257560 1902.5
1257570 1895.4
1257580 1895.4
1257590 1889.0
1257600 1883.1
1257610 1883.1
1257620 1877.2
1257630 1872.9
1257640 1872.9
1257650 1867.9
1257660 1861.7
1257670 1861.7
1257680 1855.0
1257690 1848.9
1257700 1843.9
1257710 1843.9
1257720 1839.4
1257730 1835.1
1257740 1835.1
1257750 1831.3
1257760 1830.0
1257770 1830.0
1257780 1829.8
1257790 1828.7
1257800 1828.7
1257810 1827.8
1257820 1827.6
1257830 1827.6
1257840 1826.7
1257850 1824.5
1257860 1824.5
1257870 1822.9
1257880 1821.3
1257890 1821.3
1257900 1820.1
1257910 1819.0
1257920 1819.0
1257930 1818.3
1257940 1817.2
1257950 1810.3
1257960 1808.3
1257970 1807.2
1257980 1805.3
1257990 1805.3
1258000 1800.7
1258010 1796.2
1258020 1796.2
1258030 1789.6
1258040 1783.4
1258050 1783.4
1258060 1777.9
1258070 1773.7
1258080 1773.7
1258090 1769.2
1258100 1763.3
1258110 1763.3
1258120 1756.3
1258130 1751.8
1258140 1751.8
1258150 1748.7
1258160 1746.4
1258170 1746.4
1258180 1742.9
1258190 1742.1
1258200 1742.1
1258210 1740.6
1258220 1738.9
1258230 1738.9
1258240 1736.3
1258250 1734.1
1258260 1732.2
1258270 1732.2
1258280 1728.7
1258290 1724.3
1258300 1724.3
1258310 1721.9
1258320 1721.0
1258330 1721.0
1258340 1717.5
1258350 1712.7
1258360 1712.7
1258370 1708.5
1258380 1708.3
1258390 1708.3
1258400 1707.0
1258410 1702.6
1258420 1702.6
1258430 1697.5
1258440 1690.9
1258450 1690.9
1258460 1682.8
1258470 1675.7
1258480 1675.7
1258490 1671.4
1258500 1670.6
1258510 1663.4
1258520 1664.7
1258530 1665.0
1258540 1662.8
1258550 1662.8
1258560 1657.7
1258570 1653.0
1258580 1653.0
1258590 1653.4
1258600 1654.9
1258610 1654.9
1258620 1656.5
1258630 1656.0
1258640 1656.0
1258650 1652.7
1258660 1647.3
1258670 1647.3
1258680 1639.5
1258690 1631.9
1258700 1631.9
1258710 1625.8
1258720 1617.8
1258730 1617.8
1258740 1608.7
1258750 1599.1
1258760 1599.1
1258770 1589.8
1258780 1580.1
1258790 1580.1
1258800 1571.9
1258810 1574.6
1258820 1581.0
1258830 1581.0
1258840 1585.3
1258850 1585.2
1258860 1585.2
1258870 1587.9
1258880 1596.2
1258890 1596.2
1258900 1602.2
1258910 1607.7
1258920 1607.7
1258930 1612.2
1258940 1613.7
1258950 1613.7
1258960 1614.5
1258970 1614.0
1258980 1614.0
1258990 1610.9
1259000 1608.8
1259010 1608.8
1259020 1609.3
1259030 1611.4
1259040 1611.4
1259050 1614.1
1259060 1616.4
1259070 1616.4
1259080 1610.2
1259090 1609.0
1259100 1605.5
1259110 1605.5
1259120 1602.1
1259130 1604.3
1259140 1604.3
1259150 1611.4
1259160 1616.8
1259170 1616.8
1259180 1621.3
1259190 1626.3
1259200 1626.3
1259210 1629.2
1259220 1628.7
1259230 1628.7
1259240 1627.7
1259250 1626.4
1259260 1626.4
1259270 1623.6
1259280 1619.4
1259290 1619.4
1259300 1614.9
1259310 1618.2
1259320 1618.2
1259330 1625.6
1259340 1633.3
1259350 1633.3
1259360 1639.2
1259370 1643.3
1259380 1645.6
1259390 1645.6
1259400 1643.8
1259410 1643.2
1259420 1643.2
1259430 1643.5
1259440 1642.6
1259450 1642.6
1259460 1638.7
1259470 1631.3
1259480 1631.3
1259490 1623.3
1259500 1619.2
1259510 1619.2
1259520 1615.0
1259530 1605.5
1259540 1605.5
1259550 1597.5
1259560 1591.1
1259570 1591.1
1259580 1583.8
1259590 1577.7
1259600 1577.7
1259610 1574.2
1259620 1574.1
1259630 1574.1
1259640 1566.4
1259650 1566.1
1259660 1565.0
1259670 1565.0
1259680 1563.9
1259690 1563.6
1259700 1563.6
1259710 1562.9
1259720 1565.0
1259730 1565.0
1259740 1568.6
1259750 1568.7
1259760 1568.7
1259770 1563.2
1259780 1555.2
1259790 1555.2
1259800 1546.6
1259810 1535.0
1259820 1535.0
1259830 1526.3
1259840 1520.7
1259850 1520.7
1259860 1515.9
1259870 1513.0
1259880 1513.0
1259890 1509.4
1259900 1505.3
1259910 1505.3
1259920 1503.8
1259930 1501.0
1259940 1496.3
1259950 1496.3
1259960 1491.7
1259970 1487.4
1259980 1487.4
1259990 1482.9
