1240000 1312.9
1240010 1312.9
1240020 1313.1
1240030 1313.4
1240040 1313.4
1240050 1313.9
1240060 1315.1
1240070 1315.1
1240080 1315.7
1240090 1316.0
1240100 1316.0
1240110 1316.9
1240120 1318.9
1240130 1318.9
1240140 1319.6
1240150 1319.0
1240160 1318.2
1240170 1318.2
1240180 1316.8
1240190 1315.5
1240200 1315.5
1240210 1315.2
1240220 1317.2
1240230 1317.2
1240240 1318.5
1240250 1318.1
1240260 1318.1
1240270 1317.3
1240280 1316.4
1240290 1316.4
1240300 1314.8
1240310 1312.0
1240320 1312.0
1240330 1309.9
1240340 1310.2
1240350 1310.2
1240360 1311.8
1240370 1312.2
1240380 1312.2
1240390 1311.6
1240400 1311.6
1240410 1311.6
1240420 1312.2
1240430 1313.2
1240440 1314.9
1240450 1314.9
1240460 1318.2
1240470 1321.5
1240480 1321.5
1240490 1323.5
1240500 1324.1
1240510 1324.1
1240520 1323.9
1240530 1323.1
1240540 1323.1
1240550 1322.4
1240560 1321.4
1240570 1321.4
1240580 1320.7
1240590 1321.1
1240600 1321.1
1240610 1322.0
1240620 1323.3
1240630 1323.3
1240640 1328.8
1240650 1332.1
1240660 1332.1
1240670 1337.1
1240680 1342.6
1240690 1342.6
1240700 1347.2
1240710 1350.0
1240720 1351.7
1240730 1351.7
1240740 1352.5
1240750 1353.1
1240760 1353.1
1240770 1353.3
1240780 1354.1
1240790 1354.1
1240800 1356.2
1240810 1357.5
1240820 1357.5
1240830 1358.5
1240840 1359.6
1240850 1359.6
1240860 1361.3
1240870 1363.7
1240880 1363.7
1240890 1365.0
1240900 1365.0
1240910 1365.0
1240920 1365.2
1240930 1369.1
1240940 1369.1
1240950 1372.2
1240960 1374.9
1240970 1374.9
1240980 1377.6
1240990 1380.0
1241000 1380.4
1241010 1380.4
1241020 1382.0
1241030 1383.9
1241040 1383.9
1241050 1384.7
1241060 1384.0
1241070 1384.0
1241080 1382.5
1241090 1381.4
1241100 1381.4
1241110 1382.4
1241120 1385.7
1241130 1385.7
1241140 1387.4
1241150 1388.4
1241160 1388.4
1241170 1393.4
1241180 1395.6
1241190 1395.6
1241200 1398.7
1241210 1400.6
1241220 1400.6
1241230 1401.1
1241240 1401.4
1241250 1401.4
1241260 1400.0
1241270 1398.7
1241280 1401.1
1241290 1401.1
1241300 1402.5
1241310 1403.3
1241320 1403.3
1241330 1403.6
1241340 1403.7
1241350 1403.7
1241360 1404.0
1241370 1404.1
1241380 1404.1
1241390 1404.0
1241400 1403.5
1241410 1403.5
1241420 1402.8
1241430 1401.6
1241440 1401.6
1241450 1400.8
1241460 1400.3
1241470 1400.3
1241480 1399.7
1241490 1399.2
1241500 1399.2
1241510 1399.2
1241520 1399.6
1241530 1399.6
1241540 1400.7
1241550 1400.8
1241560 1400.0
1241570 1400.0
1241580 1397.9
1241590 1396.9
1241600 1396.9
1241610 1398.6
1241620 1400.9
1241630 1400.9
1241640 1402.9
1241650 1404.6
1241660 1404.6
1241670 1405.0
1241680 1405.8
1241690 1410.2
1241700 1411.0
1241710 1409.7
1241720 1409.7
1241730 1409.3
1241740 1409.5
1241750 1409.5
1241760 1409.3
1241770 1409.0
1241780 1409.0
1241790 1408.8
1241800 1408.6
1241810 1408.6
1241820 1408.2
1241830 1407.9
1241840 1409.1
1241850 1409.1
1241860 1410.1
1241870 1410.0
1241880 1410.0
1241890 1411.5
1241900 1413.0
1241910 1413.0
1241920 1414.2
1241930 1415.1
1241940 1415.1
1241950 1416.4
1241960 1417.6
1241970 1417.6
1241980 1418.3
1241990 1418.4
1242000 1418.4
1242010 1418.5
1242020 1418.9
1242030 1418.9
1242040 1418.4
1242050 1416.4
1242060 1416.4
1242070 1412.4
1242080 1411.6
1242090 1411.6
1242100 1412.5
1242110 1412.3
1242120 1413.8
1242130 1413.8
1242140 1415.4
1242150 1417.8
1242160 1417.8
1242170 1421.8
1242180 1425.6
1242190 1425.6
1242200 1428.1
1242210 1428.8
1242220 1430.8
1242230 1430.2
1242240 1428.8
1242250 1428.8
1242260 1427.0
1242270 1425.1
1242280 1425.1
1242290 1423.8
1242300 1422.4
1242310 1422.4
1242320 1421.9
1242330 1422.5
1242340 1422.5
1242350 1423.6
1242360 1425.0
1242370 1425.0
1242380 1426.0
1242390 1425.0
1242400 1421.7
1242410 1421.7
1242420 1417.2
1242430 1414.4
1242440 1414.4
1242450 1414.5
1242460 1412.2
1242470 1412.2
1242480 1407.9
1242490 1405.1
1242500 1405.1
1242510 1404.4
1242520 1402.7
1242530 1402.7
1242540 1400.7
1242550 1398.0
1242560 1398.0
1242570 1394.7
1242580 1392.6
1242590 1392.6
1242600 1389.8
1242610 1387.1
1242620 1387.1
1242630 1385.5
1242640 1384.1
1242650 1384.1
1242660 1383.6
1242670 1383.0
1242680 1383.4
1242690 1383.4
1242700 1383.0
1242710 1381.6
1242720 1381.6
1242730 1379.8
1242740 1379.5
1242750 1379.5
1242760 1376.7
1242770 1374.5
1242780 1374.5
1242790 1373.2
1242800 1370.9
1242810 1370.9
1242820 1369.0
1242830 1368.3
1242840 1368.3
1242850 1367.7
1242860 1366.1
1242870 1366.1
1242880 1363.6
1242890 1361.6
1242900 1361.6
1242910 1359.3
1242920 1356.1
1242930 1356.1
1242940 1352.9
1242950 1350.5
1242960 1348.7
1242970 1348.7
1242980 1346.7
1242990 1342.5
1243000 1342.5
1243010 1337.6
1243020 1333.8
1243030 1333.8
1243040 1331.3
1243050 1329.1
1243060 1329.1
1243070 1326.3
1243080 1323.5
1243090 1323.5
1243100 1321.2
1243110 1319.5
1243120 1319.5
1243130 1317.9
1243140 1316.8
1243150 1316.8
1243160 1315.5
1243170 1313.9
1243180 1313.9
1243190 1313.8
1243200 1315.7
1243210 1315.7
1243220 1315.4
1243230 1312.0
1243240 1308.4
1243250 1308.4
1243260 1305.0
1243270 1301.6
1243280 1301.6
1243290 1298.0
1243300 1293.9
1243310 1293.9
1243320 1290.8
1243330 1288.4
1243340 1288.4
1243350 1286.7
1243360 1285.9
1243370 1285.9
1243380 1285.1
1243390 1284.6
1243400 1284.6
1243410 1284.0
1243420 1282.5
1243430 1282.5
1243440 1281.0
1243450 1279.9
1243460 1279.9
1243470 1280.3
1243480 1283.7
1243490 1283.7
1243500 1284.9
1243510 1285.7
1243520 1285.7
1243530 1286.4
1243540 1287.1
1243550 1287.2
1243560 1287.2
1243570 1287.2
1243580 1286.5
1243590 1286.5
1243600 1285.7
1243610 1284.8
1243620 1284.8
1243630 1284.2
1243640 1284.5
1243650 1284.5
1243660 1285.0
1243670 1285.5
1243680 1285.5
1243690 1285.7
1243700 1285.8
1243710 1285.8
1243720 1286.2
1243730 1284.7
1243740 1284.7
1243750 1280.9
1243760 1277.8
1243770 1277.8
1243780 1275.2
1243790 1273.1
1243800 1272.3
1243810 1270.9
1243820 1271.2
1243830 1272.7
1243840 1272.7
1243850 1273.4
1243860 1274.6
1243870 1274.6
1243880 1275.3
1243890 1275.2
1243900 1275.2
1243910 1275.0
1243920 1275.2
1243930 1275.2
1243940 1274.8
1243950 1274.7
1243960 1274.7
1243970 1275.0
1243980 1274.2
1243990 1274.2
1244000 1273.6
1244010 1272.7
1244020 1272.7
1244030 1273.7
1244040 1273.8
1244050 1273.8
1244060 1274.2
1244070 1275.8
1244080 1275.8
1244090 1276.2
1244100 1274.4
1244110 1272.9
1244120 1272.9
1244130 1272.3
1244140 1271.9
1244150 1271.9
1244160 1271.5
1244170 1270.7
1244180 1270.7
1244190 1270.1
1244200 1269.3
1244210 1269.3
1244220 1268.7
1244230 1267.9
1244240 1267.9
1244250 1266.3
1244260 1265.1
1244270 1265.1
1244280 1264.4
1244290 1263.0
1244300 1263.0
1244310 1260.7
1244320 1258.2
1244330 1255.3
1244340 1252.6
1244350 1250.1
1244360 1250.1
1244370 1247.4
1244380 1244.5
1244390 1240.8
1244400 1240.8
1244410 1238.5
1244420 1235.4
1244430 1235.4
1244440 1230.7
1244450 1225.8
1244460 1225.8
1244470 1221.5
1244480 1218.3
1244490 1218.3
1244500 1215.7
1244510 1212.5
1244520 1212.5
1244530 1207.1
1244540 1202.2
1244550 1202.2
1244560 1199.4
1244570 1198.5
1244580 1198.5
1244590 1195.3
1244600 1190.5
1244610 1190.5
1244620 1189.7
1244630 1188.3
1244640 1188.3
1244650 1184.5
1244660 1182.9
1244670 1182.4
1244680 1182.4
1244690 1182.3
1244700 1182.8
1244710 1182.8
1244720 1183.0
1244730 1182.4
1244740 1182.4
1244750 1182.0
1244760 1183.0
1244770 1183.0
1244780 1185.2
1244790 1187.4
1244800 1187.4
1244810 1189.1
1244820 1189.4
1244830 1189.4
1244840 1189.9
1244850 1191.8
1244860 1192.3
1244870 1192.6
1244880 1193.0
1244890 1193.0
1244900 1193.5
1244910 1193.9
1244920 1193.9
1244930 1194.3
1244940 1194.5
1244950 1194.5
1244960 1194.5
1244970 1194.5
1244980 1194.1
1244990 1194.1
1245000 1191.8
1245010 1189.4
1245020 1189.4
1245030 1187.5
1245040 1185.7
1245050 1185.7
1245060 1184.1
1245070 1182.6
1245080 1182.6
1245090 1180.6
1245100 1179.0
1245110 1179.0
1245120 1178.1
1245130 1177.8
1245140 1177.8
1245150 1177.8
1245160 1177.8
1245170 1177.8
1245180 1177.7
1245190 1177.9
1245200 1177.9
1245210 1177.9
1245220 1177.7
1245230 1177.6
1245240 1177.6
1245250 1177.6
1245260 1177.5
1245270 1177.5
1245280 1177.2
1245290 1177.0
1245300 1177.0
1245310 1176.9
1245320 1177.1
1245330 1177.1
1245340 1177.0
1245350 1176.6
1245360 1176.6
1245370 1176.7
1245380 1177.1
1245390 1177.1
1245400 1176.8
1245410 1177.5
1245420 1177.5
1245430 1178.4
1245440 1178.3
1245450 1178.3
1245460 1178.2
1245470 1178.1
1245480 1178.1
1245490 1178.3
1245500 1178.6
1245510 1178.8
1245520 1178.8
1245530 1179.0
1245540 1179.3
1245550 1179.3
1245560 1179.8
1245570 1180.1
1245580 1180.1
1245590 1180.6
1245600 1180.8
1245610 1180.8
1245620 1181.5
1245630 1182.1
1245640 1182.1
1245650 1181.7
1245660 1181.9
1245670 1181.9
1245680 1183.1
1245690 1183.4
1245700 1183.4
1245710 1183.8
1245720 1184.3
1245730 1184.3
1245740 1184.7
1245750 1184.9
1245760 1184.9
1245770 1185.2
1245780 1185.5
1245790 1185.9
1245800 1185.9
1245810 1186.3
1245820 1187.5
1245830 1187.5
1245840 1187.8
1245850 1187.7
1245860 1187.7
1245870 1187.5
1245880 1187.7
1245890 1187.7
1245900 1188.4
1245910 1189.3
1245920 1189.3
1245930 1190.5
1245940 1190.8
1245950 1190.8
1245960 1191.3
1245970 1191.9
1245980 1191.9
1245990 1192.3
1246000 1192.9
1246010 1192.9
1246020 1193.3
1246030 1193.9
1246040 1193.9
1246050 1194.7
1246060 1194.8
1246070 1195.4
1246080 1195.4
1246090 1195.9
1246100 1196.4
1246110 1196.4
1246120 1198.4
1246130 1198.6
1246140 1198.6
1246150 1198.3
1246160 1198.5
1246170 1198.5
1246180 1199.1
1246190 1199.8
1246200 1199.8
1246210 1200.3
1246220 1201.2
1246230 1201.2
1246240 1202.6
1246250 1203.3
1246260 1203.3
1246270 1203.6
1246280 1204.3
1246290 1204.3
1246300 1205.5
1246310 1206.3
1246320 1206.3
1246330 1206.4
1246340 1207.4
1246350 1208.1
1246360 1208.1
1246370 1208.8
1246380 1209.5
1246390 1209.5
1246400 1210.3
1246410 1211.0
1246420 1211.0
1246430 1211.8
1246440 1212.9
1246450 1212.9
1246460 1213.8
1246470 1214.4
1246480 1214.4
1246490 1215.8
1246500 1216.4
1246510 1216.4
1246520 1216.8
1246530 1217.9
1246540 1217.9
1246550 1219.3
1246560 1220.0
1246570 1220.0
1246580 1221.5
1246590 1223.7
1246600 1223.7
1246610 1223.6
1246620 1223.7
1246630 1224.5
1246640 1224.5
1246650 1223.4
1246660 1223.7
1246670 1223.7
1246680 1226.1
1246690 1225.3
1246700 1225.3
1246710 1225.1
1246720 1225.3
1246730 1225.3
1246740 1225.5
1246750 1226.6
1246760 1226.6
1246770 1228.4
1246780 1230.0
1246790 1230.0
1246800 1231.1
1246810 1231.6
1246820 1231.6
1246830 1232.2
1246840 1232.6
1246850 1232.6
1246860 1231.4
1246870 1230.5
1246880 1230.5
1246890 1230.2
1246900 1234.6
1246910 1239.4
1246920 1239.4
1246930 1243.2
1246940 1244.3
1246950 1244.3
1246960 1246.3
1246970 1248.8
1246980 1248.8
1246990 1250.6
1247000 1249.4
1247010 1249.4
1247020 1249.7
1247030 1251.2
1247040 1251.2
1247050 1253.9
1247060 1256.5
1247070 1256.5
1247080 1258.8
1247090 1261.0
1247100 1261.0
1247110 1262.5
1247120 1264.3
1247130 1264.3
1247140 1266.9
1247150 1270.1
1247160 1270.1
1247170 1273.3
1247180 1275.9
1247190 1278.2
1247200 1278.2
1247210 1280.3
1247220 1282.2
1247230 1282.2
1247240 1284.0
1247250 1285.8
1247260 1285.8
1247270 1287.4
1247280 1288.8
1247290 1288.8
1247300 1290.1
1247310 1292.1
1247320 1292.1
1247330 1294.7
1247340 1297.0
1247350 1297.0
1247360 1299.0
1247370 1301.1
1247380 1301.1
1247390 1303.5
1247400 1306.1
1247410 1306.1
1247420 1308.8
1247430 1312.3
1247440 1312.3
1247450 1315.4
1247460 1317.4
1247470 1319.0
1247480 1319.0
1247490 1320.0
1247500 1320.8
1247510 1320.8
1247520 1321.8
1247530 1323.4
1247540 1323.4
1247550 1324.6
1247560 1325.9
1247570 1325.9
1247580 1327.2
1247590 1327.2
1247600 1327.2
1247610 1325.3
1247620 1326.0
1247630 1326.0
1247640 1328.1
1247650 1329.8
1247660 1329.8
1247670 1331.2
1247680 1332.5
1247690 1332.5
1247700 1334.7
1247710 1337.3
1247720 1337.3
1247730 1340.1
1247740 1343.0
1247750 1346.3
1247760 1346.3
1247770 1350.3
1247780 1353.9
1247790 1353.9
1247800 1357.4
1247810 1361.5
1247820 1361.5
1247830 1365.6
1247840 1369.7
1247850 1369.7
1247860 1373.1
1247870 1375.9
1247880 1375.9
1247890 1378.2
1247900 1380.2
1247910 1380.2
1247920 1382.9
1247930 1386.6
1247940 1386.6
1247950 1391.1
1247960 1396.9
1247970 1396.9
1247980 1402.3
1247990 1406.8
1248000 1406.8
1248010 1409.1
1248020 1410.1
1248030 1411.8
1248040 1411.8
1248050 1414.3
1248060 1417.1
1248070 1418.9
1248080 1421.6
1248090 1424.0
1248100 1424.0
1248110 1425.5
1248120 1427.9
1248130 1427.9
1248140 1431.5
1248150 1435.6
1248160 1435.6
1248170 1439.8
1248180 1443.7
1248190 1443.7
1248200 1446.4
1248210 1448.2
1248220 1448.2
1248230 1451.1
1248240 1455.8
1248250 1455.8
1248260 1463.5
1248270 1471.9
1248280 1471.9
1248290 1479.6
1248300 1485.6
1248310 1489.3
1248320 1489.3
1248330 1491.6
1248340 1493.1
1248350 1493.1
1248360 1494.7
1248370 1496.7
1248380 1496.7
1248390 1497.8
1248400 1501.2
1248410 1501.2
1248420 1505.6
1248430 1509.7
1248440 1509.7
1248450 1513.6
1248460 1517.7
1248470 1517.7
1248480 1521.4
1248490 1525.5
1248500 1525.5
1248510 1530.1
1248520 1534.1
1248530 1534.1
1248540 1537.2
1248550 1541.2
1248560 1541.2
1248570 1546.5
1248580 1551.7
1248590 1551.7
1248600 1557.2
1248610 1567.5
1248620 1573.0
1248630 1573.0
1248640 1578.3
1248650 1580.3
1248660 1580.3
1248670 1582.8
1248680 1588.5
1248690 1588.5
1248700 1594.6
1248710 1600.3
1248720 1600.3
1248730 1605.0
1248740 1609.4
1248750 1609.4
1248760 1615.3
1248770 1623.0
1248780 1623.0
1248790 1629.2
1248800 1635.4
1248810 1635.4
1248820 1642.6
1248830 1649.0
1248840 1649.0
1248850 1653.7
1248860 1658.0
1248870 1658.0
1248880 1661.6
1248890 1665.0
1248900 1672.9
1248910 1672.9
1248920 1678.0
1248930 1680.7
1248940 1680.7
1248950 1682.6
1248960 1685.2
1248970 1685.2
1248980 1685.4
1248990 1686.1
1249000 1686.1
1249010 1684.8
1249020 1684.8
1249030 1684.8
1249040 1686.2
1249050 1682.1
1249060 1682.1
1249070 1682.0
1249080 1685.1
1249090 1685.1
1249100 1684.5
1249110 1684.8
1249120 1684.8
1249130 1692.7
1249140 1702.0
1249150 1706.2
1249160 1718.3
1249170 1727.2
1249180 1736.1
1249190 1736.1
1249200 1743.3
1249210 1750.4
1249220 1750.4
1249230 1758.8
1249240 1766.5
1249250 1766.5
1249260 1773.3
1249270 1780.5
1249280 1780.5
1249290 1788.0
1249300 1795.0
1249310 1795.0
1249320 1801.9
1249330 1808.4
1249340 1808.4
1249350 1814.0
1249360 1819.3
1249370 1819.3
1249380 1824.9
1249390 1831.9
1249400 1831.9
1249410 1840.1
1249420 1844.3
1249430 1844.3
1249440 1849.7
1249450 1856.6
1249460 1862.9
1249470 1862.9
1249480 1867.8
1249490 1875.3
1249500 1875.3
1249510 1880.1
1249520 1881.3
1249530 1881.3
1249540 1880.1
1249550 1876.4
1249560 1876.4
1249570 1872.3
1249580 1868.2
1249590 1868.2
1249600 1863.0
1249610 1856.8
1249620 1856.8
1249630 1846.4
1249640 1839.0
1249650 1839.0
1249660 1836.2
1249670 1836.5
1249680 1836.5
1249690 1836.4
1249700 1846.3
1249710 1846.3
1249720 1842.9
1249730 1842.4
1249740 1844.5
1249750 1844.5
1249760 1852.2
1249770 1855.8
1249780 1855.8
1249790 1856.9
1249800 1854.4
1249810 1854.4
1249820 1849.0
1249830 1842.4
1249840 1842.4
1249850 1834.4
1249860 1829.8
1249870 1829.8
1249880 1829.3
1249890 1829.1
1249900 1829.1
1249910 1829.6
1249920 1828.6
1249930 1828.6
1249940 1826.0
1249950 1823.4
1249960 1823.4
1249970 1821.4
1249980 1821.4
1249990 1821.4
1250000 1822.6
1250010 1823.4
1250020 1824.9
1250030 1824.9
1250040 1827.7
1250050 1829.3
1250060 1829.3
1250070 1831.3
1250080 1833.7
1250090 1833.7
1250100 1835.1
1250110 1836.3
1250120 1836.3
1250130 1836.5
1250140 1836.7
1250150 1836.7
1250160 1837.4
1250170 1840.0
1250180 1840.0
1250190 1843.7
1250200 1848.1
1250210 1848.1
1250220 1852.5
1250230 1855.7
1250240 1858.7
1250250 1862.3
1250260 1864.9
1250270 1864.9
1250280 1866.8
1250290 1867.9
1250300 1866.8
1250310 1866.8
1250320 1867.6
1250330 1873.1
1250340 1873.1
1250350 1878.2
1250360 1881.9
1250370 1881.9
1250380 1885.5
1250390 1889.7
1250400 1889.7
1250410 1894.9
1250420 1897.6
1250430 1897.6
1250440 1901.0
1250450 1906.2
1250460 1906.2
1250470 1908.5
1250480 1909.9
1250490 1909.9
1250500 1912.9
1250510 1914.8
1250520 1914.8
1250530 1917.4
1250540 1927.0
1250550 1927.0
1250560 1930.1
1250570 1932.2
1250580 1936.9
1250590 1936.9
1250600 1942.9
1250610 1951.5
1250620 1951.5
1250630 1958.8
1250640 1965.1
1250650 1965.1
1250660 1972.5
1250670 1979.7
1250680 1979.7
1250690 1988.7
1250700 2007.0
1250710 2007.0
1250720 2022.7
1250730 2037.7
1250740 2037.7
1250750 2049.8
1250760 2060.4
1250770 2060.4
1250780 2067.2
1250790 2075.0
1250800 2075.0
1250810 2082.0
1250820 2090.8
1250830 2090.8
1250840 2097.1
1250850 2103.4
1250860 2112.5
1250870 2112.5
1250880 2124.2
1250890 2134.5
1250900 2134.5
1250910 2141.9
1250920 2149.0
1250930 2149.0
1250940 2157.3
1250950 2167.2
1250960 2167.2
1250970 2177.1
1250980 2169.0
1250990 2169.0
1251000 2156.9
1251010 2145.7
1251020 2145.7
1251030 2135.5
1251040 2127.4
1251050 2127.4
1251060 2120.3
1251070 2113.7
1251080 2113.7
1251090 2109.1
1251100 2105.5
1251110 2105.5
1251120 2101.2
1251130 2096.3
1251140 2088.4
1251150 2088.4
1251160 2081.8
1251170 2070.3
1251180 2070.3
1251190 2060.9
1251200 2053.6
1251210 2053.6
1251220 2049.2
1251230 2040.5
1251240 2040.5
1251250 2028.2
1251260 2018.4
1251270 2018.4
1251280 2015.7
1251290 2012.1
1251300 2012.1
1251310 2009.5
1251320 2004.5
1251330 2000.1
1251340 1995.1
1251350 1991.0
1251360 1991.0
1251370 1991.0
1251380 1988.0
1251390 1988.0
1251400 1982.5
1251410 1974.8
1251420 1966.4
1251430 1966.4
1251440 1958.8
1251450 1951.5
1251460 1951.5
1251470 1944.7
1251480 1937.4
1251490 1937.4
1251500 1930.6
1251510 1925.3
1251520 1925.3
1251530 1922.9
1251540 1920.7
1251550 1920.7
1251560 1917.4
1251570 1913.4
1251580 1913.4
1251590 1909.7
1251600 1905.3
1251610 1905.3
1251620 1899.5
1251630 1892.7
1251640 1892.7
1251650 1886.9
1251660 1883.7
1251670 1883.7
1251680 1878.4
1251690 1874.5
1251700 1873.9
1251710 1873.9
1251720 1871.3
1251730 1868.3
1251740 1868.3
1251750 1866.0
1251760 1861.9
1251770 1861.9
1251780 1856.0
1251790 1851.1
1251800 1851.1
1251810 1848.9
1251820 1846.7
1251830 1846.7
1251840 1838.7
1251850 1828.5
1251860 1828.5
1251870 1817.3
1251880 1804.3
1251890 1804.3
1251900 1793.0
1251910 1781.2
1251920 1781.2
1251930 1766.9
1251940 1753.5
1251950 1753.5
1251960 1743.0
1251970 1734.7
1251980 1726.6
1251990 1726.6
1252000 1718.3
1252010 1710.1
1252020 1710.1
1252030 1703.2
1252040 1699.3
1252050 1699.3
1252060 1697.3
1252070 1692.6
1252080 1692.6
1252090 1685.1
1252100 1679.8
1252110 1679.8
1252120 1674.7
1252130 1664.3
1252140 1664.3
1252150 1650.3
1252160 1640.7
1252170 1640.7
1252180 1630.5
1252190 1621.8
1252200 1621.8
1252210 1613.8
1252220 1600.9
1252230 1600.9
1252240 1589.2
1252250 1580.9
1252260 1573.0
1252270 1573.0
1252280 1564.2
1252290 1556.3
1252300 1556.3
1252310 1549.9
1252320 1543.9
1252330 1543.9
1252340 1538.2
1252350 1532.9
1252360 1532.9
1252370 1527.8
1252380 1523.2
1252390 1523.2
1252400 1519.1
1252410 1515.2
1252420 1516.8
1252430 1513.3
1252440 1510.0
1252450 1510.0
1252460 1507.1
1252470 1504.7
1252480 1504.7
1252490 1502.8
1252500 1502.2
1252510 1502.2
1252520 1499.8
1252530 1496.6
1252540 1494.9
1252550 1494.9
1252560 1492.6
1252570 1491.7
1252580 1491.7
1252590 1489.2
1252600 1488.0
1252610 1488.0
1252620 1488.3
1252630 1487.4
1252640 1487.4
1252650 1484.5
1252660 1481.4
1252670 1481.4
1252680 1478.0
1252690 1474.9
1252700 1474.9
1252710 1474.4
1252720 1476.2
1252730 1476.2
1252740 1478.0
1252750 1479.8
1252760 1479.8
1252770 1481.1
1252780 1482.6
1252790 1482.6
1252800 1485.1
1252810 1490.1
1252820 1494.5
1252830 1494.5
1252840 1499.0
1252850 1503.7
1252860 1503.7
1252870 1507.6
1252880 1513.1
1252890 1513.1
1252900 1519.2
1252910 1524.6
1252920 1524.6
1252930 1529.0
1252940 1533.7
1252950 1533.7
1252960 1538.9
1252970 1548.7
1252980 1548.7
1252990 1555.3
1253000 1562.9
1253010 1562.9
1253020 1570.5
1253030 1579.3
1253040 1579.3
1253050 1590.1
1253060 1599.3
1253070 1599.3
1253080 1604.4
1253090 1604.9
1253100 1608.2
1253110 1608.2
1253120 1614.0
1253130 1620.0
1253140 1620.0
1253150 1628.2
1253160 1638.0
1253170 1638.0
1253180 1649.6
1253190 1660.2
1253200 1660.2
1253210 1671.5
1253220 1678.6
1253230 1678.6
1253240 1681.9
1253250 1682.3
1253260 1682.3
1253270 1681.8
1253280 1680.8
1253290 1680.8
1253300 1677.3
1253310 1674.0
1253320 1674.0
1253330 1671.1
1253340 1666.8
1253350 1666.8
1253360 1661.4
1253370 1655.6
1253380 1649.7
1253390 1649.7
1253400 1643.0
1253410 1635.2
1253420 1635.2
1253430 1628.0
1253440 1623.3
1253450 1623.3
1253460 1618.2
1253470 1614.0
1253480 1614.0
1253490 1611.0
1253500 1607.2
1253510 1607.2
1253520 1601.9
1253530 1596.7
1253540 1596.7
1253550 1589.4
1253560 1582.6
1253570 1582.6
1253580 1575.8
1253590 1568.4
1253600 1568.4
1253610 1560.9
1253620 1554.2
1253630 1554.2
1253640 1547.5
1253650 1540.5
1253660 1534.3
1253670 1534.3
1253680 1529.7
1253690 1525.7
1253700 1525.7
1253710 1520.7
1253720 1515.1
1253730 1515.1
1253740 1509.3
1253750 1502.3
1253760 1502.3
1253770 1495.0
1253780 1488.2
1253790 1488.2
1253800 1481.1
1253810 1474.7
1253820 1474.7
1253830 1468.6
1253840 1463.1
1253850 1463.1
1253860 1458.1
1253870 1453.4
1253880 1453.4
1253890 1448.6
1253900 1444.0
1253910 1444.0
1253920 1439.7
1253930 1437.0
1253940 1435.3
1253950 1435.3
1253960 1433.9
1253970 1434.9
1253980 1434.9
1253990 1436.2
1254000 1437.3
1254010 1437.3
1254020 1438.4
1254030 1439.7
1254040 1439.7
1254050 1440.9
1254060 1442.0
1254070 1442.0
1254080 1444.0
1254090 1445.0
1254100 1445.0
1254110 1444.7
1254120 1444.3
1254130 1444.3
1254140 1445.3
1254150 1447.9
1254160 1447.9
1254170 1450.2
1254180 1451.2
1254190 1451.2
1254200 1452.0
1254210 1452.6
1254220 1452.6
1254230 1453.3
1254240 1453.7
1254250 1454.3
1254260 1454.3
1254270 1454.9
1254280 1455.3
1254290 1455.3
1254300 1455.3
1254310 1455.5
1254320 1455.5
1254330 1456.8
1254340 1458.8
1254350 1458.8
1254360 1461.4
1254370 1464.3
1254380 1464.3
1254390 1466.8
1254400 1469.1
1254410 1469.1
1254420 1471.7
1254430 1474.9
1254440 1474.9
1254450 1477.6
1254460 1480.8
1254470 1480.8
1254480 1483.8
1254490 1487.1
1254500 1487.1
1254510 1491.0
1254520 1494.7
1254530 1499.2
1254540 1499.2
1254550 1503.7
1254560 1508.0
1254570 1508.0
1254580 1512.5
1254590 1516.7
1254600 1516.7
1254610 1520.1
1254620 1523.3
1254630 1519.5
1254640 1523.8
1254650 1527.4
1254660 1527.4
1254670 1532.0
1254680 1539.0
1254690 1539.0
1254700 1547.5
1254710 1555.7
1254720 1555.7
1254730 1564.0
1254740 1575.8
1254750 1575.8
1254760 1586.0
1254770 1596.7
1254780 1596.7
1254790 1609.5
1254800 1615.2
1254810 1618.5
1254820 1618.5
1254830 1623.5
1254840 1625.3
1254850 1625.3
1254860 1629.6
1254870 1639.7
1254880 1639.7
1254890 1656.5
1254900 1667.3
1254910 1667.3
1254920 1672.3
1254930 1677.0
1254940 1677.0
1254950 1680.8
1254960 1685.8
1254970 1685.8
1254980 1688.2
1254990 1688.4
1255000 1688.4
1255010 1691.1
1255020 1692.9
1255030 1692.9
1255040 1697.9
1255050 1705.5
1255060 1705.5
1255070 1712.4
1255080 1719.6
1255090 1727.2
1255100 1727.2
1255110 1732.3
1255120 1736.3
1255130 1736.3
1255140 1740.6
1255150 1745.8
1255160 1745.8
1255170 1751.1
1255180 1756.1
1255190 1750.1
1255200 1753.5
1255210 1755.5
1255220 1755.5
1255230 1756.7
1255240 1758.9
1255250 1758.9
1255260 1760.3
1255270 1760.3
1255280 1760.3
1255290 1759.9
1255300 1760.2
1255310 1760.2
1255320 1758.5
1255330 1757.2
1255340 1757.2
1255350 1759.1
1255360 1762.5
1255370 1766.6
1255380 1766.6
1255390 1770.7
1255400 1775.2
1255410 1775.2
1255420 1780.2
1255430 1784.9
1255440 1784.9
1255450 1789.6
1255460 1794.7
1255470 1794.7
1255480 1800.2
1255490 1805.0
1255500 1805.0
1255510 1810.2
1255520 1815.6
1255530 1815.6
1255540 1821.0
1255550 1826.2
1255560 1826.2
1255570 1831.4
1255580 1837.6
1255590 1837.6
1255600 1843.4
1255610 1849.0
1255620 1849.0
1255630 1854.6
1255640 1860.5
1255650 1866.5
1255660 1866.5
1255670 1872.5
1255680 1878.0
1255690 1878.0
1255700 1883.5
1255710 1889.4
1255720 1889.4
1255730 1895.6
1255740 1903.4
1255750 1903.4
1255760 1910.5
1255770 1917.7
1255780 1917.7
1255790 1924.9
1255800 1932.4
1255810 1932.4
1255820 1939.9
1255830 1947.6
1255840 1947.6
1255850 1955.2
1255860 1963.4
1255870 1963.4
1255880 1976.5
1255890 1992.8
1255900 1992.8
1255910 2006.6
1255920 2017.9
1255930 2026.6
1255940 2026.6
1255950 2033.9
1255960 2041.0
1255970 2041.0
1255980 2045.3
1255990 2053.6
1256000 2053.6
1256010 2061.5
1256020 2068.1
1256030 2068.1
1256040 2074.3
1256050 2080.3
1256060 2080.3
1256070 2086.6
1256080 2093.0
1256090 2093.0
1256100 2099.7
1256110 2106.7
1256120 2106.7
1256130 2113.7
1256140 2120.7
1256150 2120.7
1256160 2127.4
1256170 2134.3
1256180 2134.3
1256190 2140.9
1256200 2147.6
1256210 2154.4
1256220 2154.4
1256230 2161.4
1256240 2167.3
1256250 2167.3
1256260 2164.4
1256270 2156.2
1256280 2156.2
1256290 2147.5
1256300 2142.9
1256310 2142.9
1256320 2140.0
1256330 2130.3
1256340 2130.3
1256350 2118.4
1256360 2107.1
1256370 2107.1
1256380 2095.4
1256390 2088.8
1256400 2088.8
1256410 2083.2
1256420 2081.2
1256430 2081.2
1256440 2077.7
1256450 2071.7
1256460 2071.7
1256470 2068.1
1256480 2060.2
1256490 2041.9
1256500 2041.9
1256510 2029.6
1256520 2023.5
1256530 2023.5
1256540 2022.2
1256550 2019.7
1256560 2019.7
1256570 2017.2
1256580 2005.4
1256590 2005.4
1256600 1991.5
1256610 1985.3
1256620 1985.3
1256630 1978.6
1256640 1972.7
1256650 1972.7
1256660 1967.0
1256670 1961.9
1256680 1961.9
1256690 1956.8
1256700 1952.0
1256710 1952.0
1256720 1947.2
1256730 1942.2
1256740 1942.2
1256750 1936.4
1256760 1930.7
1256770 1925.4
1256780 1925.4
1256790 1920.0
1256800 1914.7
1256810 1914.7
1256820 1909.1
1256830 1903.2
1256840 1903.2
1256850 1897.6
1256860 1894.9
1256870 1894.9
1256880 1889.4
1256890 1884.2
1256900 1884.2
1256910 1879.1
1256920 1874.6
1256930 1874.6
1256940 1870.8
1256950 1867.1
1256960 1867.1
1256970 1863.4
1256980 1859.9
1256990 1859.9
1257000 1856.4
1257010 1850.3
1257020 1850.3
1257030 1845.6
1257040 1845.8
1257050 1847.3
1257060 1847.3
1257070 1847.3
1257080 1845.9
1257090 1845.9
1257100 1844.5
1257110 1844.7
1257120 1844.7
1257130 1846.4
1257140 1848.7
1257150 1848.7
1257160 1851.8
1257170 1854.2
1257180 1854.2
1257190 1855.1
1257200 1855.6
1257210 1855.6
1257220 1857.1
1257230 1859.7
1257240 1859.7
1257250 1867.1
1257260 1878.9
1257270 1878.9
1257280 1896.9
1257290 1908.6
1257300 1908.6
1257310 1914.3
1257320 1921.4
1257330 1926.2
1257340 1926.2
1257350 1925.5
1257360 1925.7
1257370 1925.7
1257380 1929.0
1257390 1930.8
1257400 1930.8
1257410 1932.2
1257420 1969.9
1257430 1969.9
1257440 1973.3
1257450 1972.0
1257460 1972.0
1257470 1971.6
1257480 1965.8
1257490 1965.8
1257500 1957.6
1257510 1952.8
1257520 1952.8
1257530 1943.0
1257540 1932.5
1257550 1932.5
1257560 1925.5
1257570 1918.0
1257580 1918.0
1257590 1911.0
1257600 1907.1
1257610 1906.8
1257620 1906.8
1257630 1904.1
1257640 1895.2
1257650 1895.2
1257660 1882.2
1257670 1876.1
1257680 1876.1
1257690 1872.6
1257700 1868.1
1257710 1868.1
1257720 1862.3
1257730 1857.3
1257740 1857.3
1257750 1853.2
1257760 1852.5
1257770 1852.5
1257780 1851.5
1257790 1851.8
1257800 1851.8
1257810 1850.7
1257820 1851.6
1257830 1851.6
1257840 1851.5
1257850 1852.0
1257860 1852.0
1257870 1852.2
1257880 1853.1
1257890 1852.7
1257900 1852.7
1257910 1852.7
1257920 1852.6
1257930 1852.6
1257940 1851.4
1257950 1849.5
1257960 1849.5
1257970 1845.8
1257980 1833.5
1257990 1833.5
1258000 1827.9
1258010 1817.8
1258020 1817.8
1258030 1809.7
1258040 1804.9
1258050 1804.9
1258060 1799.3
1258070 1792.6
1258080 1792.6
1258090 1788.4
1258100 1785.5
1258110 1785.5
1258120 1779.1
1258130 1774.2
1258140 1774.2
1258150 1770.4
1258160 1768.9
1258170 1768.9
1258180 1768.9
1258190 1768.3
1258200 1767.7
1258210 1767.7
1258220 1766.4
1258230 1763.5
1258240 1763.5
1258250 1758.6
1258260 1754.2
1258270 1754.2
1258280 1750.5
1258290 1746.0
1258300 1746.0
1258310 1740.8
1258320 1735.4
1258330 1735.4
1258340 1733.7
1258350 1733.5
1258360 1733.5
1258370 1732.7
1258380 1732.3
1258390 1732.3
1258400 1729.5
1258410 1722.8
1258420 1722.8
1258430 1716.4
1258440 1709.0
1258450 1701.3
1258460 1701.3
1258470 1697.4
1258480 1696.2
1258490 1696.2
1258500 1697.3
1258510 1696.4
1258520 1696.4
1258530 1693.7
1258540 1691.4
1258550 1685.3
1258560 1682.9
1258570 1682.5
1258580 1682.5
1258590 1680.9
1258600 1678.7
1258610 1678.7
1258620 1675.8
1258630 1670.4
1258640 1670.4
1258650 1663.7
1258660 1656.7
1258670 1656.7
1258680 1648.9
1258690 1639.7
1258700 1639.7
1258710 1631.3
1258720 1623.2
1258730 1615.3
1258740 1615.3
1258750 1606.2
1258760 1596.7
1258770 1596.7
1258780 1593.6
1258790 1600.0
1258800 1600.0
1258810 1608.2
1258820 1612.3
1258830 1612.3
1258840 1614.9
1258850 1618.1
1258860 1618.1
1258870 1616.1
1258880 1617.8
1258890 1617.8
1258900 1625.4
1258910 1631.8
1258920 1631.8
1258930 1636.3
1258940 1638.5
1258950 1638.5
1258960 1639.7
1258970 1639.9
1258980 1639.9
1258990 1640.4
1259000 1639.3
1259010 1638.7
1259020 1638.7
1259030 1642.0
1259040 1644.1
1259050 1644.1
1259060 1645.6
1259070 1646.3
1259080 1646.3
1259090 1646.4
1259100 1641.2
1259110 1635.7
1259120 1628.7
1259130 1630.1
1259140 1630.1
1259150 1637.1
1259160 1642.9
1259170 1642.9
1259180 1648.4
1259190 1653.7
1259200 1653.7
1259210 1657.3
1259220 1658.6
1259230 1658.6
1259240 1658.2
1259250 1655.9
1259260 1655.9
1259270 1653.7
1259280 1649.9
1259290 1643.1
1259300 1643.1
1259310 1639.6
1259320 1643.9
1259330 1643.9
1259340 1650.9
1259350 1657.4
1259360 1657.4
1259370 1663.9
1259380 1670.4
1259390 1670.4
1259400 1673.3
1259410 1672.2
1259420 1672.2
1259430 1669.1
1259440 1665.5
1259450 1665.5
1259460 1660.5
1259470 1655.0
1259480 1655.0
1259490 1651.1
1259500 1645.0
1259510 1645.0
1259520 1634.5
1259530 1626.2
1259540 1626.2
1259550 1620.3
1259560 1613.6
1259570 1607.9
1259580 1607.9
1259590 1604.9
1259600 1603.9
1259610 1603.9
1259620 1606.1
1259630 1607.4
1259640 1607.4
1259650 1607.8
1259660 1613.5
1259670 1613.5
1259680 1606.2
1259690 1607.5
1259700 1607.5
1259710 1602.8
1259720 1593.6
1259730 1593.6
1259740 1582.4
1259750 1574.4
1259760 1574.4
1259770 1567.5
1259780 1561.2
1259790 1561.2
1259800 1556.1
1259810 1550.7
1259820 1550.7
1259830 1548.1
1259840 1546.2
1259850 1544.8
1259860 1544.8
1259870 1540.0
1259880 1535.8
1259890 1535.8
1259900 1532.3
1259910 1527.9
1259920 1527.9
1259930 1523.6
1259940 1519.4
1259950 1519.4
1259960 1515.7
1259970 1511.6
1259980 1511.6
1259990 1506.8
