1240000 1304.0
1240010 1304.8
1240020 1304.8
1240030 1305.5
1240040 1306.0
1240050 1306.5
1240060 1306.5
1240070 1306.8
1240080 1307.1
1240090 1307.1
1240100 1307.6
1240110 1307.5
1240120 1307.5
1240130 1308.2
1240140 1308.7
1240150 1308.7
1240160 1309.0
1240170 1309.2
1240180 1309.2
1240190 1309.6
1240200 1310.0
1240210 1310.0
1240220 1310.3
1240230 1311.7
1240240 1311.7
1240250 1314.5
1240260 1318.2
1240270 1318.2
1240280 1319.9
1240290 1319.6
1240300 1319.6
1240310 1319.3
1240320 1320.2
1240330 1321.4
1240340 1321.4
1240350 1322.9
1240360 1325.2
1240370 1325.2
1240380 1329.6
1240390 1333.0
1240400 1333.0
1240410 1334.9
1240420 1337.4
1240430 1337.4
1240440 1340.5
1240450 1344.0
1240460 1344.0
1240470 1348.1
1240480 1351.1
1240490 1351.1
1240500 1351.2
1240510 1351.0
1240520 1351.0
1240530 1352.6
1240540 1354.9
1240550 1354.9
1240560 1357.3
1240570 1360.0
1240580 1360.0
1240590 1362.1
1240600 1363.4
1240610 1364.6
1240620 1364.6
1240630 1366.4
1240640 1368.5
1240650 1368.5
1240660 1370.2
1240670 1373.0
1240680 1373.0
1240690 1378.1
1240700 1381.3
1240710 1381.3
1240720 1384.3
1240730 1389.4
1240740 1389.4
1240750 1394.7
1240760 1400.9
1240770 1400.9
1240780 1409.0
1240790 1416.1
1240800 1416.1
1240810 1419.5
1240820 1422.9
1240830 1422.9
1240840 1425.1
1240850 1424.4
1240860 1424.4
1240870 1426.2
1240880 1427.4
1240890 1427.5
1240900 1427.5
1240910 1426.8
1240920 1426.5
1240930 1426.5
1240940 1426.5
1240950 1426.6
1240960 1426.6
1240970 1426.7
1240980 1427.4
1240990 1427.4
1241000 1430.9
1241010 1436.5
1241020 1436.5
1241030 1443.3
1241040 1448.9
1241050 1448.9
1241060 1451.7
1241070 1454.0
1241080 1454.0
1241090 1455.7
1241100 1456.2
1241110 1456.2
1241120 1455.1
1241130 1455.1
1241140 1455.1
1241150 1457.6
1241160 1460.0
1241170 1462.3
1241180 1462.3
1241190 1464.1
1241200 1467.1
1241210 1467.1
1241220 1469.2
1241230 1469.7
1241240 1469.7
1241250 1469.8
1241260 1470.5
1241270 1470.5
1241280 1470.8
1241290 1470.7
1241300 1470.7
1241310 1469.8
1241320 1468.4
1241330 1468.4
1241340 1467.5
1241350 1466.8
1241360 1466.8
1241370 1467.7
1241380 1465.5
1241390 1465.5
1241400 1464.5
1241410 1465.0
1241420 1465.0
1241430 1466.2
1241440 1467.3
1241450 1468.1
1241460 1468.1
1241470 1470.9
1241480 1474.8
1241490 1474.8
1241500 1477.3
1241510 1478.8
1241520 1478.8
1241530 1479.5
1241540 1479.7
1241550 1479.7
1241560 1479.6
1241570 1479.2
1241580 1479.2
1241590 1478.5
1241600 1477.1
1241610 1477.1
1241620 1475.2
1241630 1474.3
1241640 1474.3
1241650 1474.6
1241660 1474.2
1241670 1474.2
1241680 1472.8
1241690 1471.8
1241700 1471.8
1241710 1470.9
1241720 1469.9
1241730 1469.9
1241740 1469.4
1241750 1469.3
1241760 1469.5
1241770 1469.5
1241780 1469.1
1241790 1467.9
1241800 1467.9
1241810 1465.9
1241820 1463.5
1241830 1463.5
1241840 1462.5
1241850 1461.9
1241860 1461.9
1241870 1458.3
1241880 1453.6
1241890 1454.9
1241900 1452.6
1241910 1450.5
1241920 1450.5
1241930 1446.5
1241940 1442.5
1241950 1442.5
1241960 1443.2
1241970 1446.7
1241980 1446.7
1241990 1450.1
1242000 1453.8
1242010 1453.8
1242020 1457.0
1242030 1459.3
1242040 1461.1
1242050 1461.1
1242060 1462.0
1242070 1462.6
1242080 1462.6
1242090 1462.6
1242100 1463.2
1242110 1463.2
1242120 1464.1
1242130 1463.6
1242140 1463.6
1242150 1462.2
1242160 1460.9
1242170 1460.9
1242180 1461.7
1242190 1462.5
1242200 1462.5
1242210 1463.0
1242220 1463.9
1242230 1463.9
1242240 1464.9
1242250 1465.4
1242260 1465.4
1242270 1466.2
1242280 1467.2
1242290 1467.2
1242300 1467.3
1242310 1466.3
1242320 1466.0
1242330 1466.0
1242340 1466.9
1242350 1469.1
1242360 1469.1
1242370 1472.4
1242380 1475.8
1242390 1475.8
1242400 1478.4
1242410 1480.0
1242420 1483.0
1242430 1483.0
1242440 1482.6
1242450 1482.6
1242460 1481.2
1242470 1478.2
1242480 1478.2
1242490 1474.1
1242500 1470.4
1242510 1470.4
1242520 1466.6
1242530 1462.8
1242540 1462.8
1242550 1459.7
1242560 1457.9
1242570 1457.9
1242580 1456.0
1242590 1452.7
1242600 1448.4
1242610 1448.4
1242620 1443.8
1242630 1439.7
1242640 1439.7
1242650 1436.0
1242660 1432.6
1242670 1432.6
1242680 1428.8
1242690 1425.1
1242700 1425.1
1242710 1422.7
1242720 1420.6
1242730 1420.6
1242740 1418.3
1242750 1415.4
1242760 1415.4
1242770 1412.3
1242780 1409.4
1242790 1409.4
1242800 1405.9
1242810 1401.2
1242820 1401.2
1242830 1395.8
1242840 1389.7
1242850 1389.7
1242860 1382.6
1242870 1376.3
1242880 1370.8
1242890 1370.8
1242900 1365.8
1242910 1362.6
1242920 1362.6
1242930 1361.4
1242940 1361.8
1242950 1362.0
1242960 1360.8
1242970 1358.6
1242980 1358.6
1242990 1356.4
1243000 1353.5
1243010 1353.5
1243020 1350.5
1243030 1348.1
1243040 1348.1
1243050 1346.3
1243060 1344.0
1243070 1344.0
1243080 1339.8
1243090 1336.2
1243100 1336.2
1243110 1333.4
1243120 1331.0
1243130 1331.0
1243140 1329.9
1243150 1330.5
1243160 1329.9
1243170 1329.9
1243180 1326.1
1243190 1323.2
1243200 1323.2
1243210 1319.9
1243220 1317.2
1243230 1317.2
1243240 1313.5
1243250 1308.5
1243260 1308.5
1243270 1305.2
1243280 1306.1
1243290 1306.1
1243300 1304.7
1243310 1302.6
1243320 1302.6
1243330 1300.4
1243340 1297.7
1243350 1297.7
1243360 1295.7
1243370 1294.7
1243380 1294.7
1243390 1294.2
1243400 1294.6
1243410 1294.6
1243420 1295.2
1243430 1295.1
1243440 1292.5
1243450 1292.5
1243460 1288.9
1243470 1283.8
1243480 1283.8
1243490 1282.2
1243500 1281.5
1243510 1281.5
1243520 1281.3
1243530 1281.5
1243540 1281.5
1243550 1282.3
1243560 1282.4
1243570 1282.4
1243580 1282.2
1243590 1280.9
1243600 1280.9
1243610 1279.9
1243620 1280.0
1243630 1280.0
1243640 1282.9
1243650 1285.5
1243660 1285.5
1243670 1287.5
1243680 1288.2
1243690 1288.2
1243700 1287.2
1243710 1286.1
1243720 1285.6
1243730 1285.6
1243740 1285.7
1243750 1285.4
1243760 1285.4
1243770 1286.1
1243780 1287.9
1243790 1287.9
1243800 1286.9
1243810 1283.2
1243820 1283.2
1243830 1280.8
1243840 1280.2
1243850 1280.2
1243860 1280.3
1243870 1279.9
1243880 1279.9
1243890 1279.0
1243900 1277.8
1243910 1277.8
1243920 1276.2
1243930 1274.3
1243940 1274.3
1243950 1272.0
1243960 1270.3
1243970 1270.3
1243980 1269.5
1243990 1268.3
1244000 1262.4
1244010 1262.4
1244020 1263.0
1244030 1263.7
1244040 1263.7
1244050 1263.9
1244060 1263.0
1244070 1263.0
1244080 1261.0
1244090 1259.5
1244100 1259.5
1244110 1259.2
1244120 1257.0
1244130 1257.0
1244140 1254.3
1244150 1252.4
1244160 1252.4
1244170 1250.6
1244180 1248.7
1244190 1248.7
1244200 1246.3
1244210 1243.5
1244220 1243.5
1244230 1242.2
1244240 1240.9
1244250 1240.9
1244260 1239.4
1244270 1237.6
1244280 1234.7
1244290 1234.7
1244300 1229.2
1244310 1226.1
1244320 1226.1
1244330 1223.6
1244340 1221.1
1244350 1221.1
1244360 1218.4
1244370 1216.7
1244380 1216.7
1244390 1215.6
1244400 1214.5
1244410 1214.5
1244420 1213.1
1244430 1212.0
1244440 1212.0
1244450 1209.8
1244460 1206.8
1244470 1206.8
1244480 1204.7
1244490 1203.0
1244500 1203.0
1244510 1201.0
1244520 1199.3
1244530 1199.9
1244540 1198.8
1244550 1197.4
1244560 1196.8
1244570 1196.8
1244580 1195.3
1244590 1194.3
1244600 1194.3
1244610 1193.9
1244620 1193.2
1244630 1193.2
1244640 1192.2
1244650 1190.6
1244660 1190.6
1244670 1188.9
1244680 1186.9
1244690 1186.9
1244700 1186.7
1244710 1188.1
1244720 1188.1
1244730 1189.7
1244740 1188.8
1244750 1188.8
1244760 1186.8
1244770 1184.3
1244780 1184.3
1244790 1183.8
1244800 1183.4
1244810 1183.4
1244820 1182.4
1244830 1181.9
1244840 1181.6
1244850 1181.6
1244860 1181.2
1244870 1180.9
1244880 1180.9
1244890 1180.6
1244900 1180.2
1244910 1180.2
1244920 1180.1
1244930 1179.9
1244940 1179.9
1244950 1179.7
1244960 1179.5
1244970 1179.5
1244980 1179.4
1244990 1179.3
1245000 1179.3
1245010 1179.3
1245020 1179.3
1245030 1179.3
1245040 1179.2
1245050 1179.2
1245060 1179.2
1245070 1179.4
1245080 1179.3
1245090 1179.3
1245100 1179.3
1245110 1178.9
1245120 1177.9
1245130 1177.9
1245140 1178.7
1245150 1178.1
1245160 1178.1
1245170 1177.1
1245180 1177.2
1245190 1177.2
1245200 1177.2
1245210 1177.2
1245220 1177.2
1245230 1179.1
1245240 1178.9
1245250 1178.9
1245260 1177.9
1245270 1177.7
1245280 1177.7
1245290 1177.4
1245300 1177.0
1245310 1177.0
1245320 1177.4
1245330 1177.9
1245340 1177.9
1245350 1178.1
1245360 1178.1
1245370 1178.1
1245380 1178.1
1245390 1178.1
1245400 1178.0
1245410 1178.0
1245420 1178.0
1245430 1178.3
1245440 1178.3
1245450 1178.6
1245460 1178.6
1245470 1178.6
1245480 1178.9
1245490 1178.8
1245500 1178.8
1245510 1178.9
1245520 1179.9
1245530 1179.9
1245540 1180.3
1245550 1180.4
1245560 1180.4
1245570 1180.7
1245580 1181.0
1245590 1181.0
1245600 1181.1
1245610 1181.3
1245620 1181.3
1245630 1181.9
1245640 1182.2
1245650 1182.2
1245660 1183.3
1245670 1183.9
1245680 1183.5
1245690 1183.5
1245700 1184.0
1245710 1184.7
1245720 1184.7
1245730 1185.0
1245740 1185.3
1245750 1185.3
1245760 1185.8
1245770 1186.3
1245780 1186.3
1245790 1186.6
1245800 1186.9
1245810 1186.9
1245820 1187.2
1245830 1187.8
1245840 1187.8
1245850 1188.3
1245860 1188.6
1245870 1188.6
1245880 1188.9
1245890 1189.4
1245900 1189.4
1245910 1189.8
1245920 1190.1
1245930 1190.1
1245940 1190.4
1245950 1190.9
1245960 1191.5
1245970 1191.5
1245980 1191.7
1245990 1192.2
1246000 1192.2
1246010 1192.6
1246020 1193.2
1246030 1193.2
1246040 1193.8
1246050 1194.3
1246060 1194.3
1246070 1194.6
1246080 1195.1
1246090 1195.1
1246100 1195.6
1246110 1196.1
1246120 1196.1
1246130 1196.6
1246140 1198.5
1246150 1198.5
1246160 1199.1
1246170 1199.5
1246180 1199.5
1246190 1200.3
1246200 1200.5
1246210 1200.5
1246220 1200.6
1246230 1201.1
1246240 1201.9
1246250 1201.9
1246260 1202.6
1246270 1203.0
1246280 1203.0
1246290 1203.1
1246300 1203.1
1246310 1203.1
1246320 1203.2
1246330 1202.3
1246340 1202.3
1246350 1200.4
1246360 1200.6
1246370 1200.6
1246380 1205.0
1246390 1207.7
1246400 1207.7
1246410 1208.3
1246420 1207.3
1246430 1207.3
1246440 1208.6
1246450 1209.8
1246460 1209.8
1246470 1209.9
1246480 1210.2
1246490 1210.2
1246500 1211.0
1246510 1211.3
1246520 1212.2
1246530 1212.2
1246540 1213.9
1246550 1214.2
1246560 1214.2
1246570 1214.5
1246580 1214.5
1246590 1214.5
1246600 1214.9
1246610 1215.2
1246620 1215.2
1246630 1215.8
1246640 1215.4
1246650 1215.4
1246660 1217.0
1246670 1218.6
1246680 1218.6
1246690 1216.6
1246700 1214.9
1246710 1214.9
1246720 1215.5
1246730 1219.4
1246740 1219.4
1246750 1220.6
1246760 1218.2
1246770 1218.2
1246780 1216.3
1246790 1217.9
1246800 1219.0
1246810 1219.0
1246820 1219.4
1246830 1220.5
1246840 1220.5
1246850 1220.7
1246860 1221.7
1246870 1221.7
1246880 1225.0
1246890 1229.2
1246900 1229.2
1246910 1232.5
1246920 1233.9
1246930 1233.9
1246940 1235.6
1246950 1238.4
1246960 1238.4
1246970 1241.7
1246980 1245.6
1246990 1245.6
1247000 1249.4
1247010 1253.1
1247020 1253.1
1247030 1257.4
1247040 1260.9
1247050 1260.9
1247060 1262.7
1247070 1263.6
1247080 1265.0
1247090 1265.0
1247100 1266.6
1247110 1267.9
1247120 1267.9
1247130 1269.4
1247140 1270.7
1247150 1270.7
1247160 1271.7
1247170 1271.7
1247180 1271.7
1247190 1271.8
1247200 1275.8
1247210 1275.8
1247220 1277.9
1247230 1279.7
1247240 1279.7
1247250 1281.5
1247260 1282.9
1247270 1282.9
1247280 1284.2
1247290 1285.7
1247300 1285.7
1247310 1287.0
1247320 1289.1
1247330 1289.1
1247340 1291.0
1247350 1292.9
1247360 1295.2
1247370 1295.2
1247380 1297.5
1247390 1299.5
1247400 1299.5
1247410 1301.8
1247420 1303.6
1247430 1303.6
1247440 1304.6
1247450 1305.3
1247460 1305.3
1247470 1305.5
1247480 1306.7
1247490 1306.7
1247500 1308.9
1247510 1310.9
1247520 1310.9
1247530 1313.5
1247540 1316.7
1247550 1316.7
1247560 1320.3
1247570 1324.7
1247580 1324.7
1247590 1329.4
1247600 1333.2
1247610 1333.2
1247620 1336.6
1247630 1339.1
1247640 1341.4
1247650 1341.4
1247660 1344.8
1247670 1349.2
1247680 1349.2
1247690 1354.1
1247700 1358.1
1247710 1358.1
1247720 1361.9
1247730 1365.1
1247740 1366.8
1247750 1369.4
1247760 1371.4
1247770 1371.4
1247780 1373.6
1247790 1375.8
1247800 1375.8
1247810 1378.0
1247820 1380.1
1247830 1380.1
1247840 1381.8
1247850 1383.6
1247860 1383.6
1247870 1385.5
1247880 1387.8
1247890 1387.8
1247900 1389.8
1247910 1391.6
1247920 1394.0
1247930 1394.0
1247940 1397.2
1247950 1400.5
1247960 1400.5
1247970 1404.0
1247980 1407.9
1247990 1407.9
1248000 1412.7
1248010 1417.0
1248020 1417.0
1248030 1420.7
1248040 1424.9
1248050 1424.9
1248060 1428.8
1248070 1433.4
1248080 1433.4
1248090 1438.4
1248100 1445.5
1248110 1445.5
1248120 1452.7
1248130 1458.1
1248140 1458.1
1248150 1463.0
1248160 1467.7
1248170 1467.7
1248180 1472.3
1248190 1477.4
1248200 1482.3
1248210 1482.3
1248220 1487.4
1248230 1492.9
1248240 1492.9
1248250 1498.9
1248260 1504.9
1248270 1504.9
1248280 1517.1
1248290 1523.2
1248300 1523.2
1248310 1532.5
1248320 1540.8
1248330 1540.8
1248340 1549.0
1248350 1556.9
1248360 1556.9
1248370 1562.6
1248380 1566.5
1248390 1566.5
1248400 1569.5
1248410 1572.6
1248420 1572.6
1248430 1576.4
1248440 1580.4
1248450 1580.4
1248460 1584.2
1248470 1587.6
1248480 1591.0
1248490 1591.0
1248500 1592.6
1248510 1595.0
1248520 1595.0
1248530 1599.4
1248540 1603.3
1248550 1603.3
1248560 1603.4
1248570 1606.2
1248580 1606.2
1248590 1610.7
1248600 1615.1
1248610 1615.1
1248620 1618.8
1248630 1623.1
1248640 1623.1
1248650 1628.8
1248660 1635.7
1248670 1635.7
1248680 1642.3
1248690 1650.3
1248700 1650.3
1248710 1662.9
1248720 1673.8
1248730 1673.8
1248740 1683.3
1248750 1690.7
1248760 1690.7
1248770 1696.8
1248780 1702.7
1248790 1708.3
1248800 1708.3
1248810 1712.9
1248820 1724.7
1248830 1724.7
1248840 1732.5
1248850 1738.0
1248860 1738.0
1248870 1743.7
1248880 1751.0
1248890 1751.0
1248900 1756.9
1248910 1765.0
1248920 1765.0
1248930 1773.4
1248940 1778.9
1248950 1778.9
1248960 1783.0
1248970 1787.1
1248980 1787.1
1248990 1792.7
1249000 1797.6
1249010 1797.6
1249020 1802.8
1249030 1807.5
1249040 1807.5
1249050 1809.0
1249060 1811.4
1249070 1814.0
1249080 1814.0
1249090 1818.4
1249100 1823.5
1249110 1823.5
1249120 1827.0
1249130 1829.4
1249140 1829.4
1249150 1831.5
1249160 1833.5
1249170 1833.5
1249180 1835.5
1249190 1836.5
1249200 1836.5
1249210 1838.4
1249220 1841.3
1249230 1841.3
1249240 1846.2
1249250 1851.4
1249260 1851.4
1249270 1855.4
1249280 1858.6
1249290 1858.6
1249300 1860.9
1249310 1864.1
1249320 1864.1
1249330 1867.2
1249340 1870.6
1249350 1874.4
1249360 1874.5
1249370 1875.9
1249380 1878.2
1249390 1878.2
1249400 1880.9
1249410 1883.4
1249420 1883.4
1249430 1885.7
1249440 1888.2
1249450 1888.2
1249460 1890.8
1249470 1894.5
1249480 1894.5
1249490 1899.2
1249500 1904.2
1249510 1904.2
1249520 1908.7
1249530 1913.0
1249540 1913.0
1249550 1916.7
1249560 1919.9
1249570 1919.9
1249580 1926.5
1249590 1932.4
1249600 1932.4
1249610 1938.7
1249620 1944.5
1249630 1949.9
1249640 1949.9
1249650 1955.6
1249660 1961.6
1249670 1961.6
1249680 1967.1
1249690 1972.1
1249700 1972.1
1249710 1977.1
1249720 1981.8
1249730 1981.8
1249740 1985.9
1249750 1987.2
1249760 1987.2
1249770 1986.6
1249780 1985.2
1249790 1985.2
1249800 1981.1
1249810 1978.2
1249820 1978.2
1249830 1974.9
1249840 1969.5
1249850 1969.5
1249860 1967.1
1249870 1967.0
1249880 1967.0
1249890 1965.2
1249900 1969.2
1249910 1960.8
1249920 1960.8
1249930 1959.3
1249940 1961.7
1249950 1961.7
1249960 1964.5
1249970 1967.2
1249980 1967.2
1249990 1970.1
1250000 1974.1
1250010 1974.1
1250020 1979.4
1250030 1988.1
1250040 1988.1
1250050 2000.2
1250060 2009.7
1250070 2009.7
1250080 2017.2
1250090 2023.3
1250100 2023.3
1250110 2029.9
1250120 2035.8
1250130 2035.8
1250140 2041.2
1250150 2045.3
1250160 2045.3
1250170 2049.7
1250180 2053.3
1250190 2056.6
1250200 2056.6
1250210 2060.7
1250220 2060.3
1250230 2060.3
1250240 2054.4
1250250 2041.2
1250260 2041.2
1250270 2032.7
1250280 2023.1
1250290 2023.1
1250300 2018.0
1250310 2020.6
1250320 2020.6
1250330 2017.2
1250340 2005.7
1250350 2005.7
1250360 1997.0
1250370 1986.3
1250380 1986.3
1250390 1979.3
1250400 1973.6
1250410 1973.6
1250420 1967.5
1250430 1962.1
1250440 1962.1
1250450 1962.2
1250460 1958.8
1250470 1955.9
1250480 1955.9
1250490 1953.2
1250500 1953.1
1250510 1953.1
1250520 1955.9
1250530 1958.0
1250540 1958.0
1250550 1958.9
1250560 1959.4
1250570 1959.4
1250580 1961.2
1250590 1963.4
1250600 1963.4
1250610 1966.8
1250620 1971.0
1250630 1971.0
1250640 1976.0
1250650 1981.6
1250660 1981.6
1250670 1987.8
1250680 1994.0
1250690 1994.0
1250700 2000.3
1250710 2006.6
1250720 2006.6
1250730 2013.1
1250740 2019.6
1250750 2026.3
1250760 2026.3
1250770 2033.1
1250780 2040.2
1250790 2040.2
1250800 2047.0
1250810 2053.8
1250820 2053.8
1250830 2061.4
1250840 2068.5
1250850 2068.5
1250860 2075.1
1250870 2084.2
1250880 2084.2
1250890 2093.7
1250900 2100.3
1250910 2100.3
1250920 2107.4
1250930 2115.3
1250940 2115.3
1250950 2122.7
1250960 2122.2
1250970 2122.2
1250980 2108.7
1250990 2100.3
1251000 2100.3
1251010 2092.8
1251020 2085.4
1251030 2078.1
1251040 2078.1
1251050 2071.0
1251060 2064.5
1251070 2064.5
1251080 2058.0
1251090 2051.6
1251100 2051.6
1251110 2044.8
1251120 2038.8
1251130 2038.8
1251140 2031.6
1251150 2023.9
1251160 2023.9
1251170 2015.8
1251180 2006.6
1251190 2006.6
1251200 1997.7
1251210 1991.1
1251220 1991.1
1251230 1984.5
1251240 1977.9
1251250 1977.9
1251260 1971.6
1251270 1965.3
1251280 1965.3
1251290 1958.9
1251300 1952.5
1251310 1946.3
1251320 1946.3
1251330 1940.4
1251340 1934.4
1251350 1934.4
1251360 1928.4
1251370 1922.5
1251380 1922.5
1251390 1916.8
1251400 1911.4
1251410 1911.4
1251420 1906.3
1251430 1901.4
1251440 1901.4
1251450 1897.2
1251460 1893.7
1251470 1893.7
1251480 1888.8
1251490 1882.1
1251500 1882.1
1251510 1876.6
1251520 1871.7
1251530 1871.7
1251540 1864.4
1251550 1858.8
1251560 1858.8
1251570 1854.4
1251580 1849.8
1251590 1845.8
1251600 1845.8
1251610 1841.4
1251620 1838.1
1251630 1838.1
1251640 1833.5
1251650 1829.6
1251660 1829.6
1251670 1825.3
1251680 1820.6
1251690 1820.6
1251700 1816.0
1251710 1812.0
1251720 1812.0
1251730 1807.4
1251740 1802.7
1251750 1802.7
1251760 1798.2
1251770 1793.2
1251780 1793.2
1251790 1786.6
1251800 1778.1
1251810 1778.1
1251820 1769.8
1251830 1761.0
1251840 1761.0
1251850 1750.9
1251860 1743.5
1251870 1740.3
1251880 1740.3
1251890 1735.4
1251900 1729.7
1251910 1729.7
1251920 1724.1
1251930 1713.7
1251940 1713.7
1251950 1703.0
1251960 1692.8
1251970 1692.8
1251980 1688.2
1251990 1685.5
1252000 1685.5
1252010 1681.3
1252020 1676.1
1252030 1676.1
1252040 1672.4
1252050 1660.0
1252060 1660.0
1252070 1647.5
1252080 1636.5
1252090 1632.4
1252100 1622.3
1252110 1616.2
1252120 1616.2
1252130 1610.0
1252140 1603.2
1252150 1597.9
1252160 1597.9
1252170 1593.0
1252180 1589.2
1252190 1589.2
1252200 1585.9
1252210 1583.2
1252220 1583.2
1252230 1581.7
1252240 1581.6
1252250 1581.6
1252260 1581.2
1252270 1581.2
1252280 1581.2
1252290 1579.8
1252300 1578.4
1252310 1578.4
1252320 1575.5
1252330 1571.3
1252340 1571.3
1252350 1567.4
1252360 1563.4
1252370 1563.4
1252380 1560.1
1252390 1557.4
1252400 1557.4
1252410 1554.3
1252420 1550.5
1252430 1546.9
1252440 1546.9
1252450 1543.9
1252460 1541.0
1252470 1541.0
1252480 1537.6
1252490 1535.1
1252500 1535.1
1252510 1532.2
1252520 1530.3
1252530 1530.3
1252540 1528.1
1252550 1526.5
1252560 1526.5
1252570 1525.9
1252580 1526.1
1252590 1526.1
1252600 1526.4
1252610 1525.6
1252620 1525.6
1252630 1526.6
1252640 1526.1
1252650 1526.1
1252660 1525.4
1252670 1524.9
1252680 1524.9
1252690 1523.4
1252700 1523.3
1252710 1526.5
1252720 1526.5
1252730 1530.8
1252740 1535.1
1252750 1535.1
1252760 1540.0
1252770 1545.1
1252780 1545.1
1252790 1549.6
1252800 1554.0
1252810 1554.0
1252820 1558.5
1252830 1563.0
1252840 1563.0
1252850 1567.3
1252860 1571.6
1252870 1571.6
1252880 1576.8
1252890 1581.9
1252900 1581.9
1252910 1586.6
1252920 1592.2
1252930 1592.2
1252940 1599.2
1252950 1606.8
1252960 1606.8
1252970 1614.2
1252980 1621.5
1252990 1629.2
1253000 1629.2
1253010 1638.3
1253020 1648.7
1253030 1648.7
1253040 1655.4
1253050 1652.7
1253060 1652.7
1253070 1656.7
1253080 1665.1
1253090 1665.1
1253100 1673.7
1253110 1687.8
1253120 1687.8
1253130 1700.5
1253140 1710.0
1253150 1710.0
1253160 1718.5
1253170 1725.4
1253180 1725.4
1253190 1730.1
1253200 1743.8
1253210 1743.8
1253220 1753.2
1253230 1760.9
1253240 1760.9
1253250 1764.0
1253260 1765.2
1253270 1766.3
1253280 1766.3
1253290 1765.9
1253300 1760.9
1253310 1760.9
1253320 1753.8
1253330 1746.1
1253340 1746.1
1253350 1739.1
1253360 1733.9
1253370 1733.9
1253380 1728.2
1253390 1718.8
1253400 1718.8
1253410 1709.6
1253420 1704.8
1253430 1704.8
1253440 1693.0
1253450 1679.4
1253460 1679.4
1253470 1668.2
1253480 1661.1
1253490 1661.1
1253500 1656.1
1253510 1649.0
1253520 1649.0
1253530 1641.6
1253540 1633.4
1253550 1625.0
1253560 1625.0
1253570 1616.8
1253580 1608.3
1253590 1608.3
1253600 1600.1
1253610 1593.2
1253620 1593.2
1253630 1586.8
1253640 1580.5
1253650 1580.5
1253660 1573.3
1253670 1565.5
1253680 1565.5
1253690 1557.2
1253700 1549.1
1253710 1549.1
1253720 1541.0
1253730 1533.3
1253740 1530.4
1253750 1524.0
1253760 1518.5
1253770 1518.5
1253780 1513.5
1253790 1508.7
1253800 1508.7
1253810 1504.8
1253820 1502.0
1253830 1499.4
1253840 1499.4
1253850 1495.4
1253860 1490.8
1253870 1490.8
1253880 1486.1
1253890 1481.4
1253900 1481.4
1253910 1476.7
1253920 1472.6
1253930 1472.6
1253940 1468.9
1253950 1465.8
1253960 1465.8
1253970 1463.2
1253980 1460.8
1253990 1460.8
1254000 1458.9
1254010 1457.3
1254020 1457.3
1254030 1456.2
1254040 1455.4
1254050 1455.4
1254060 1457.0
1254070 1458.9
1254080 1458.9
1254090 1460.3
1254100 1461.8
1254110 1463.3
1254120 1463.3
1254130 1464.3
1254140 1465.0
1254150 1465.0
1254160 1465.6
1254170 1466.4
1254180 1466.4
1254190 1467.9
1254200 1469.1
1254210 1469.1
1254220 1470.1
1254230 1471.0
1254240 1471.0
1254250 1471.8
1254260 1473.2
1254270 1473.2
1254280 1474.8
1254290 1477.1
1254300 1477.1
1254310 1478.6
1254320 1479.7
1254330 1479.7
1254340 1480.8
1254350 1481.6
1254360 1481.6
1254370 1481.0
1254380 1481.8
1254390 1483.3
1254400 1483.3
1254410 1484.9
1254420 1487.6
1254430 1487.6
1254440 1490.7
1254450 1493.9
1254460 1493.9
1254470 1497.0
1254480 1500.2
1254490 1500.2
1254500 1503.6
1254510 1506.7
1254520 1506.7
1254530 1509.7
1254540 1512.9
1254550 1512.9
1254560 1516.2
1254570 1519.2
1254580 1519.2
1254590 1522.4
1254600 1525.8
1254610 1525.8
1254620 1529.1
1254630 1532.3
1254640 1532.3
1254650 1535.7
1254660 1538.9
1254670 1541.9
1254680 1541.9
1254690 1545.1
1254700 1549.0
1254710 1549.0
1254720 1552.8
1254730 1556.2
1254740 1556.2
1254750 1559.7
1254760 1563.3
1254770 1563.3
1254780 1566.9
1254790 1570.8
1254800 1570.8
1254810 1574.6
1254820 1578.0
1254830 1578.0
1254840 1581.8
1254850 1585.1
1254860 1585.1
1254870 1588.6
1254880 1592.5
1254890 1592.5
1254900 1596.6
1254910 1600.5
1254920 1600.5
1254930 1604.5
1254940 1608.1
1254950 1612.1
1254960 1612.1
1254970 1616.0
1254980 1619.9
1254990 1619.9
1255000 1624.0
1255010 1627.6
1255020 1627.6
1255030 1631.5
1255040 1635.2
1255050 1635.2
1255060 1638.9
1255070 1643.0
1255080 1643.0
1255090 1647.3
1255100 1651.5
1255110 1651.5
1255120 1655.6
1255130 1659.4
1255140 1659.4
1255150 1663.2
1255160 1667.7
1255170 1667.7
1255180 1673.0
1255190 1678.1
1255200 1678.1
1255210 1683.7
1255220 1689.3
1255230 1694.9
1255240 1694.9
1255250 1700.7
1255260 1706.6
1255270 1706.6
1255280 1712.8
1255290 1719.3
1255300 1719.3
1255310 1725.6
1255320 1732.4
1255330 1732.4
1255340 1739.3
1255350 1745.3
1255360 1745.3
1255370 1749.4
1255380 1755.4
1255390 1755.4
1255400 1766.2
1255410 1772.6
1255420 1772.6
1255430 1779.8
1255440 1789.7
1255450 1789.7
1255460 1803.1
1255470 1815.7
1255480 1815.7
1255490 1823.4
1255500 1828.9
1255510 1838.9
1255520 1838.9
1255530 1851.0
1255540 1855.1
1255550 1855.1
1255560 1856.7
1255570 1862.7
1255580 1862.7
1255590 1868.3
1255600 1873.1
1255610 1873.1
1255620 1883.3
1255630 1886.0
1255640 1886.0
1255650 1887.7
1255660 1892.1
1255670 1892.1
1255680 1896.0
1255690 1901.8
1255700 1901.8
1255710 1909.2
1255720 1917.4
1255730 1917.4
1255740 1923.4
1255750 1928.4
1255760 1928.4
1255770 1934.2
1255780 1940.4
1255790 1946.7
1255800 1946.7
1255810 1951.5
1255820 1954.2
1255830 1954.2
1255840 1958.3
1255850 1962.9
1255860 1962.9
1255870 1968.7
1255880 1972.6
1255890 1972.6
1255900 1976.2
1255910 1974.7
1255920 1974.7
1255930 1975.0
1255940 1980.2
1255950 1980.2
1255960 1974.4
1255970 1979.5
1255980 1979.5
1255990 1984.3
1256000 1989.3
1256010 1989.3
1256020 1994.4
1256030 2001.1
1256040 2001.1
1256050 2008.3
1256060 2017.1
1256070 2025.8
1256080 2025.8
1256090 2031.0
1256100 2036.3
1256110 2036.3
1256120 2042.6
1256130 2049.0
1256140 2049.0
1256150 2056.1
1256160 2064.7
1256170 2064.7
1256180 2072.6
1256190 2083.5
1256200 2083.5
1256210 2091.7
1256220 2098.8
1256230 2098.8
1256240 2107.1
1256250 2115.0
1256260 2115.0
1256270 2121.5
1256280 2129.4
1256290 2129.4
1256300 2140.5
1256310 2151.3
1256320 2151.3
1256330 2159.7
1256340 2164.2
1256350 2169.6
1256360 2169.6
1256370 2177.4
1256380 2184.0
1256390 2184.0
1256400 2190.3
1256410 2195.7
1256420 2195.7
1256430 2201.3
1256440 2200.2
1256450 2200.2
1256460 2190.1
1256470 2182.7
1256480 2182.7
1256490 2177.1
1256500 2165.9
1256510 2165.9
1256520 2154.4
1256530 2147.1
1256540 2147.1
1256550 2137.3
1256560 2121.5
1256570 2121.5
1256580 2107.8
1256590 2097.6
1256600 2097.6
1256610 2089.1
1256620 2078.6
1256630 2063.1
1256640 2063.1
1256650 2054.7
1256660 2048.6
1256670 2048.6
1256680 2044.1
1256690 2037.4
1256700 2037.4
1256710 2032.0
1256720 2026.6
1256730 2026.6
1256740 2015.4
1256750 2005.8
1256760 2005.8
1256770 1999.9
1256780 1994.0
1256790 1994.0
1256800 1987.7
1256810 1981.7
1256820 1981.7
1256830 1976.0
1256840 1971.0
1256850 1971.0
1256860 1966.6
1256870 1962.4
1256880 1962.4
1256890 1958.6
1256900 1955.0
1256910 1951.2
1256920 1951.2
1256930 1948.0
1256940 1945.3
1256950 1945.3
1256960 1943.1
1256970 1942.9
1256980 1942.9
1256990 1944.1
1257000 1946.5
1257010 1946.5
1257020 1950.6
1257030 1955.5
1257040 1955.5
1257050 1960.2
1257060 1964.9
1257070 1964.9
1257080 1969.1
1257090 1974.1
1257100 1974.1
1257110 1977.3
1257120 1979.6
1257130 1979.6
1257140 1982.4
1257150 1986.7
1257160 1986.7
1257170 1992.6
1257180 1995.4
1257190 1990.4
1257200 1990.4
1257210 1985.5
1257220 1980.2
1257230 1980.2
1257240 1974.1
1257250 1966.5
1257260 1966.5
1257270 1958.5
1257280 1950.9
1257290 1950.9
1257300 1943.9
1257310 1937.8
1257320 1937.8
1257330 1931.3
1257340 1926.1
1257350 1926.1
1257360 1921.8
1257370 1918.2
1257380 1918.2
1257390 1915.1
1257400 1911.2
1257410 1911.2
1257420 1907.3
1257430 1903.5
1257440 1903.5
1257450 1898.9
1257460 1894.4
1257470 1890.3
1257480 1890.3
1257490 1887.3
1257500 1884.9
1257510 1884.9
1257520 1882.7
1257530 1880.2
1257540 1880.2
1257550 1878.3
1257560 1878.7
1257570 1878.7
1257580 1877.4
1257590 1872.3
1257600 1872.3
1257610 1868.8
1257620 1867.2
1257630 1867.2
1257640 1867.6
1257650 1864.8
1257660 1864.8
1257670 1859.4
1257680 1852.7
1257690 1852.7
1257700 1848.0
1257710 1844.6
1257720 1844.6
1257730 1839.5
1257740 1834.8
1257750 1832.9
1257760 1832.9
1257770 1829.8
1257780 1824.9
1257790 1824.9
1257800 1819.2
1257810 1813.4
1257820 1813.4
1257830 1809.0
1257840 1805.9
1257850 1805.9
1257860 1803.2
1257870 1800.3
1257880 1800.3
1257890 1799.0
1257900 1797.8
1257910 1797.8
1257920 1794.4
1257930 1788.0
1257940 1788.0
1257950 1782.5
1257960 1778.0
1257970 1778.0
1257980 1773.5
1257990 1768.3
1258000 1768.3
1258010 1762.9
1258020 1756.9
1258030 1750.7
1258040 1750.7
1258050 1745.2
1258060 1740.9
1258070 1740.9
1258080 1738.0
1258090 1731.7
1258100 1731.7
1258110 1725.1
1258120 1719.7
1258130 1719.7
1258140 1716.3
1258150 1711.0
1258160 1711.0
1258170 1705.2
1258180 1702.2
1258190 1702.2
1258200 1703.2
1258210 1698.8
1258220 1698.8
1258230 1694.3
1258240 1690.3
1258250 1690.3
1258260 1685.9
1258270 1680.6
1258280 1680.6
1258290 1675.7
1258300 1672.8
1258310 1671.3
1258320 1671.3
1258330 1668.1
1258340 1664.9
1258350 1664.9
1258360 1665.7
1258370 1663.9
1258380 1663.9
1258390 1660.7
1258400 1658.7
1258410 1658.7
1258420 1655.4
1258430 1651.2
1258440 1651.2
1258450 1647.1
1258460 1643.6
1258470 1643.6
1258480 1640.0
1258490 1636.0
1258500 1636.0
1258510 1632.9
1258520 1629.5
1258530 1629.5
1258540 1624.4
1258550 1620.9
1258560 1620.9
1258570 1615.2
1258580 1609.7
1258590 1609.7
1258600 1604.4
1258610 1597.6
1258620 1588.2
1258630 1588.2
1258640 1580.3
1258650 1572.2
1258660 1572.2
1258670 1565.0
1258680 1558.4
1258690 1558.4
1258700 1550.0
1258710 1543.1
1258720 1543.1
1258730 1545.7
1258740 1542.6
1258750 1542.6
1258760 1528.1
1258770 1523.1
1258780 1523.1
1258790 1516.9
1258800 1512.8
1258810 1512.8
1258820 1509.4
1258830 1506.0
1258840 1506.0
1258850 1502.6
1258860 1500.2
1258870 1500.2
1258880 1498.0
1258890 1497.8
1258900 1499.7
1258910 1499.7
1258920 1501.3
1258930 1502.9
1258940 1502.9
1258950 1504.0
1258960 1501.1
1258970 1501.1
1258980 1502.0
1258990 1500.6
1259000 1500.6
1259010 1502.9
1259020 1507.0
1259030 1507.0
1259040 1504.4
1259050 1501.2
1259060 1501.2
1259070 1501.1
1259080 1501.4
1259090 1501.4
1259100 1497.8
1259110 1492.5
1259120 1492.5
1259130 1496.1
1259140 1500.8
1259150 1500.8
1259160 1507.8
1259170 1516.6
1259180 1515.4
1259190 1515.4
1259200 1505.6
1259210 1503.0
1259220 1503.0
1259230 1504.4
1259240 1507.7
1259250 1507.7
1259260 1511.5
1259270 1509.9
1259280 1509.9
1259290 1508.1
1259300 1513.7
1259310 1513.7
1259320 1520.8
1259330 1521.6
1259340 1521.6
1259350 1524.2
1259360 1519.5
1259370 1519.5
1259380 1514.0
1259390 1513.2
1259400 1513.2
1259410 1515.5
1259420 1512.9
1259430 1512.9
1259440 1505.6
1259450 1500.9
1259460 1499.6
1259470 1499.6
1259480 1499.9
1259490 1502.2
1259500 1502.2
1259510 1505.2
1259520 1497.8
1259530 1497.8
1259540 1488.9
1259550 1484.2
1259560 1484.2
1259570 1480.3
1259580 1478.9
1259590 1478.9
1259600 1478.2
1259610 1476.5
1259620 1476.5
1259630 1474.1
1259640 1470.6
1259650 1470.6
1259660 1464.7
1259670 1461.3
1259680 1461.3
1259690 1460.6
1259700 1458.0
1259710 1458.0
1259720 1454.3
1259730 1452.1
1259740 1448.6
1259750 1448.6
1259760 1444.3
1259770 1440.4
1259780 1440.4
1259790 1437.2
1259800 1432.2
1259810 1432.2
1259820 1427.3
1259830 1424.2
1259840 1424.2
1259850 1421.5
1259860 1417.9
1259870 1417.9
1259880 1413.6
1259890 1403.8
1259900 1403.8
1259910 1400.2
1259920 1398.7
1259930 1398.7
1259940 1399.6
1259950 1399.9
1259960 1399.9
1259970 1398.8
1259980 1396.4
1259990 1396.4
