1240000 1303.3
1240010 1303.7
1240020 1304.1
1240030 1304.1
1240040 1304.6
1240050 1305.1
1240060 1305.1
1240070 1305.6
1240080 1306.0
1240090 1306.0
1240100 1306.5
1240110 1307.0
1240120 1307.0
1240130 1307.3
1240140 1307.7
1240150 1307.7
1240160 1308.1
1240170 1308.6
1240180 1308.6
1240190 1308.9
1240200 1309.2
1240210 1309.2
1240220 1309.6
1240230 1311.1
1240240 1311.1
1240250 1312.8
1240260 1315.7
1240270 1319.0
1240280 1319.0
1240290 1321.2
1240300 1322.0
1240310 1322.0
1240320 1322.1
1240330 1322.0
1240340 1322.0
1240350 1322.4
1240360 1323.9
1240370 1323.9
1240380 1326.9
1240390 1330.1
1240400 1330.1
1240410 1331.6
1240420 1332.5
1240430 1332.5
1240440 1334.5
1240450 1336.9
1240460 1336.9
1240470 1339.3
1240480 1340.9
1240490 1340.9
1240500 1343.2
1240510 1345.8
1240520 1347.0
1240530 1348.5
1240540 1351.1
1240550 1354.2
1240560 1354.2
1240570 1357.3
1240580 1360.0
1240590 1360.0
1240600 1361.8
1240610 1362.8
1240620 1362.8
1240630 1363.9
1240640 1365.3
1240650 1365.3
1240660 1366.8
1240670 1369.4
1240680 1369.4
1240690 1373.8
1240700 1378.7
1240710 1378.7
1240720 1382.0
1240730 1385.4
1240740 1385.4
1240750 1390.7
1240760 1397.1
1240770 1397.1
1240780 1405.1
1240790 1413.1
1240800 1413.1
1240810 1416.9
1240820 1419.0
1240830 1421.2
1240840 1421.2
1240850 1423.2
1240860 1424.5
1240870 1424.5
1240880 1425.7
1240890 1426.6
1240900 1426.6
1240910 1426.5
1240920 1425.8
1240930 1425.8
1240940 1425.4
1240950 1425.0
1240960 1425.0
1240970 1424.6
1240980 1424.1
1240990 1424.1
1241000 1424.7
1241010 1425.9
1241020 1425.9
1241030 1426.8
1241040 1431.5
1241050 1431.5
1241060 1435.7
1241070 1439.2
1241080 1439.2
1241090 1441.2
1241100 1441.3
1241110 1442.2
1241120 1442.2
1241130 1442.5
1241140 1441.7
1241150 1441.7
1241160 1442.9
1241170 1444.8
1241180 1444.8
1241190 1447.2
1241200 1450.2
1241210 1450.2
1241220 1451.3
1241230 1451.1
1241240 1451.1
1241250 1451.2
1241260 1453.4
1241270 1453.4
1241280 1456.7
1241290 1458.0
1241300 1458.0
1241310 1458.7
1241320 1458.1
1241330 1458.1
1241340 1458.2
1241350 1457.1
1241360 1457.1
1241370 1457.0
1241380 1457.3
1241390 1457.3
1241400 1457.3
1241410 1457.1
1241420 1457.0
1241430 1457.0
1241440 1458.0
1241450 1459.5
1241460 1459.5
1241470 1460.9
1241480 1463.2
1241490 1463.2
1241500 1466.4
1241510 1468.0
1241520 1468.0
1241530 1467.8
1241540 1467.3
1241550 1467.3
1241560 1467.0
1241570 1471.2
1241580 1471.2
1241590 1471.7
1241600 1471.9
1241610 1471.9
1241620 1471.5
1241630 1470.7
1241640 1470.7
1241650 1468.6
1241660 1466.4
1241670 1465.4
1241680 1465.4
1241690 1465.0
1241700 1465.0
1241710 1465.0
1241720 1464.7
1241730 1464.2
1241740 1464.2
1241750 1464.0
1241760 1464.8
1241770 1464.8
1241780 1465.5
1241790 1465.5
1241800 1465.5
1241810 1464.5
1241820 1463.2
1241830 1463.2
1241840 1460.8
1241850 1457.5
1241860 1457.5
1241870 1454.1
1241880 1450.2
1241890 1450.2
1241900 1445.6
1241910 1440.9
1241920 1440.9
1241930 1438.0
1241940 1436.0
1241950 1435.8
1241960 1435.8
1241970 1437.9
1241980 1441.4
1241990 1441.4
1242000 1444.9
1242010 1447.8
1242020 1447.8
1242030 1449.2
1242040 1449.3
1242050 1449.3
1242060 1449.0
1242070 1450.3
1242080 1450.3
1242090 1455.7
1242100 1456.5
1242110 1456.5
1242120 1458.0
1242130 1460.1
1242140 1460.1
1242150 1461.7
1242160 1461.8
1242170 1461.8
1242180 1460.9
1242190 1459.1
1242200 1459.1
1242210 1457.9
1242220 1457.0
1242230 1456.7
1242240 1456.7
1242250 1456.5
1242260 1456.2
1242270 1456.2
1242280 1455.8
1242290 1455.8
1242300 1455.8
1242310 1456.2
1242320 1455.9
1242330 1455.9
1242340 1455.2
1242350 1457.4
1242360 1457.4
1242370 1458.9
1242380 1460.5
1242390 1460.5
1242400 1462.4
1242410 1463.7
1242420 1463.7
1242430 1464.0
1242440 1462.7
1242450 1462.7
1242460 1460.1
1242470 1457.7
1242480 1457.7
1242490 1455.5
1242500 1453.6
1242510 1452.3
1242520 1452.3
1242530 1450.5
1242540 1447.8
1242550 1447.8
1242560 1444.6
1242570 1441.3
1242580 1441.3
1242590 1437.8
1242600 1434.7
1242610 1434.7
1242620 1436.0
1242630 1434.1
1242640 1434.1
1242650 1433.4
1242660 1432.9
1242670 1432.9
1242680 1432.7
1242690 1431.3
1242700 1431.3
1242710 1427.6
1242720 1424.4
1242730 1424.4
1242740 1421.0
1242750 1417.2
1242760 1417.2
1242770 1413.3
1242780 1409.7
1242790 1406.6
1242800 1406.6
1242810 1403.0
1242820 1398.6
1242830 1398.6
1242840 1394.6
1242850 1390.0
1242860 1390.0
1242870 1384.4
1242880 1378.6
1242890 1378.6
1242900 1373.2
1242910 1368.9
1242920 1368.9
1242930 1366.1
1242940 1363.3
1242950 1363.3
1242960 1360.2
1242970 1357.2
1242980 1357.2
1242990 1355.2
1243000 1354.8
1243010 1354.8
1243020 1352.7
1243030 1349.2
1243040 1349.2
1243050 1346.4
1243060 1344.4
1243070 1342.0
1243080 1342.0
1243090 1338.8
1243100 1336.6
1243110 1336.6
1243120 1334.9
1243130 1332.1
1243140 1332.1
1243150 1330.2
1243160 1327.5
1243170 1327.5
1243180 1324.8
1243190 1321.1
1243200 1321.1
1243210 1319.0
1243220 1317.5
1243230 1317.5
1243240 1313.3
1243250 1307.3
1243260 1307.3
1243270 1303.1
1243280 1301.0
1243290 1301.0
1243300 1299.0
1243310 1299.4
1243320 1299.4
1243330 1302.5
1243340 1303.3
1243350 1300.6
1243360 1300.6
1243370 1298.5
1243380 1297.5
1243390 1297.5
1243400 1296.9
1243410 1295.9
1243420 1295.9
1243430 1294.0
1243440 1291.5
1243450 1291.5
1243460 1291.0
1243470 1290.8
1243480 1290.8
1243490 1288.3
1243500 1286.0
1243510 1286.0
1243520 1284.4
1243530 1282.9
1243540 1282.9
1243550 1280.8
1243560 1280.2
1243570 1280.2
1243580 1280.3
1243590 1280.1
1243600 1280.1
1243610 1280.1
1243620 1280.0
1243630 1281.5
1243640 1281.5
1243650 1285.7
1243660 1289.4
1243670 1289.4
1243680 1293.4
1243690 1294.0
1243700 1294.0
1243710 1293.4
1243720 1292.0
1243730 1292.0
1243740 1289.8
1243750 1288.2
1243760 1288.2
1243770 1287.8
1243780 1288.1
1243790 1288.1
1243800 1288.4
1243810 1287.2
1243820 1287.2
1243830 1284.2
1243840 1282.9
1243850 1282.9
1243860 1284.0
1243870 1284.9
1243880 1284.9
1243890 1285.0
1243900 1284.9
1243910 1284.9
1243920 1284.9
1243930 1284.5
1243940 1283.2
1243950 1283.2
1243960 1281.3
1243970 1279.6
1243980 1279.6
1243990 1278.3
1244000 1276.8
1244010 1276.8
1244020 1275.7
1244030 1274.9
1244040 1274.9
1244050 1273.9
1244060 1272.4
1244070 1272.4
1244080 1271.3
1244090 1270.5
1244100 1270.5
1244110 1269.6
1244120 1268.2
1244130 1268.2
1244140 1266.6
1244150 1264.7
1244160 1264.7
1244170 1262.3
1244180 1260.1
1244190 1257.3
1244200 1257.3
1244210 1252.4
1244220 1250.2
1244230 1250.2
1244240 1247.1
1244250 1244.3
1244260 1244.3
1244270 1241.0
1244280 1237.4
1244290 1237.4
1244300 1234.8
1244310 1232.8
1244320 1232.8
1244330 1231.6
1244340 1229.9
1244350 1229.9
1244360 1227.3
1244370 1224.5
1244380 1224.5
1244390 1222.0
1244400 1220.3
1244410 1220.3
1244420 1219.4
1244430 1218.7
1244440 1218.7
1244450 1217.7
1244460 1215.5
1244470 1212.2
1244480 1212.2
1244490 1208.0
1244500 1204.7
1244510 1204.7
1244520 1201.9
1244530 1199.0
1244540 1199.0
1244550 1195.5
1244560 1192.9
1244570 1192.9
1244580 1190.8
1244590 1189.7
1244600 1189.7
1244610 1188.6
1244620 1187.7
1244630 1187.7
1244640 1186.7
1244650 1186.4
1244660 1186.4
1244670 1186.2
1244680 1185.3
1244690 1185.3
1244700 1184.8
1244710 1184.6
1244720 1184.6
1244730 1184.7
1244740 1184.1
1244750 1183.5
1244760 1183.5
1244770 1183.0
1244780 1182.7
1244790 1182.7
1244800 1182.8
1244810 1182.4
1244820 1182.4
1244830 1181.5
1244840 1180.0
1244850 1180.0
1244860 1179.2
1244870 1179.0
1244880 1179.0
1244890 1178.8
1244900 1178.6
1244910 1178.6
1244920 1178.5
1244930 1178.7
1244940 1178.7
1244950 1178.8
1244960 1179.0
1244970 1179.0
1244980 1179.0
1244990 1179.0
1245000 1179.0
1245010 1179.1
1245020 1178.9
1245030 1178.9
1245040 1178.9
1245050 1178.9
1245060 1178.9
1245070 1178.9
1245080 1178.8
1245090 1178.7
1245100 1178.7
1245110 1178.7
1245120 1178.8
1245130 1178.8
1245140 1178.8
1245150 1178.3
1245160 1178.3
1245170 1177.1
1245180 1176.8
1245190 1176.8
1245200 1177.4
1245210 1178.2
1245220 1178.2
1245230 1178.7
1245240 1178.9
1245250 1178.9
1245260 1178.7
1245270 1177.9
1245280 1177.9
1245290 1177.9
1245300 1178.0
1245310 1177.8
1245320 1177.8
1245330 1177.9
1245340 1178.1
1245350 1178.1
1245360 1178.1
1245370 1178.1
1245380 1178.1
1245390 1178.1
1245400 1178.2
1245410 1178.2
1245420 1178.3
1245430 1178.3
1245440 1178.3
1245450 1178.4
1245460 1178.6
1245470 1178.6
1245480 1178.9
1245490 1179.1
1245500 1179.1
1245510 1179.2
1245520 1179.5
1245530 1179.5
1245540 1179.9
1245550 1180.3
1245560 1180.3
1245570 1180.6
1245580 1181.0
1245590 1181.0
1245600 1181.1
1245610 1181.4
1245620 1182.0
1245630 1182.0
1245640 1182.5
1245650 1183.0
1245660 1183.0
1245670 1183.5
1245680 1183.8
1245690 1183.8
1245700 1184.3
1245710 1184.6
1245720 1184.6
1245730 1185.1
1245740 1185.6
1245750 1185.6
1245760 1185.9
1245770 1186.3
1245780 1186.3
1245790 1186.8
1245800 1187.1
1245810 1187.1
1245820 1187.7
1245830 1188.1
1245840 1188.1
1245850 1188.5
1245860 1188.9
1245870 1188.9
1245880 1189.4
1245890 1190.0
1245900 1190.2
1245910 1190.2
1245920 1190.2
1245930 1190.6
1245940 1190.6
1245950 1191.0
1245960 1191.6
1245970 1191.6
1245980 1192.0
1245990 1192.5
1246000 1192.5
1246010 1193.1
1246020 1193.6
1246030 1193.6
1246040 1194.0
1246050 1194.4
1246060 1194.4
1246070 1195.0
1246080 1195.4
1246090 1195.4
1246100 1195.7
1246110 1196.3
1246120 1196.3
1246130 1197.0
1246140 1198.3
1246150 1198.3
1246160 1198.9
1246170 1198.9
1246180 1199.8
1246190 1199.8
1246200 1200.0
1246210 1200.3
1246220 1200.3
1246230 1200.9
1246240 1202.6
1246250 1202.6
1246260 1203.1
1246270 1203.6
1246280 1203.6
1246290 1203.6
1246300 1203.0
1246310 1203.0
1246320 1201.8
1246330 1200.6
1246340 1200.8
1246350 1200.5
1246360 1200.6
1246370 1200.6
1246380 1202.4
1246390 1207.5
1246400 1207.5
1246410 1209.0
1246420 1209.1
1246430 1209.1
1246440 1210.0
1246450 1210.4
1246460 1211.0
1246470 1211.0
1246480 1211.7
1246490 1212.8
1246500 1212.8
1246510 1213.7
1246520 1214.1
1246530 1214.1
1246540 1214.8
1246550 1215.4
1246560 1215.4
1246570 1215.7
1246580 1216.1
1246590 1216.1
1246600 1216.6
1246610 1217.0
1246620 1217.0
1246630 1217.2
1246640 1217.8
1246650 1217.8
1246660 1218.5
1246670 1220.2
1246680 1220.2
1246690 1219.3
1246700 1218.0
1246710 1218.0
1246720 1218.8
1246730 1222.2
1246740 1222.9
1246750 1222.9
1246760 1223.6
1246770 1225.2
1246780 1225.2
1246790 1223.7
1246800 1221.0
1246810 1221.0
1246820 1218.9
1246830 1219.9
1246840 1219.9
1246850 1221.0
1246860 1222.4
1246870 1222.1
1246880 1223.5
1246890 1225.6
1246900 1225.6
1246910 1228.2
1246920 1230.9
1246930 1230.9
1246940 1235.2
1246950 1237.5
1246960 1237.5
1246970 1239.6
1246980 1242.3
1246990 1242.3
1247000 1245.8
1247010 1249.2
1247020 1253.0
1247030 1253.0
1247040 1257.1
1247050 1261.2
1247060 1261.2
1247070 1264.0
1247080 1265.7
1247090 1265.7
1247100 1267.0
1247110 1269.0
1247120 1269.0
1247130 1271.0
1247140 1272.7
1247150 1272.7
1247160 1274.5
1247170 1275.7
1247180 1275.7
1247190 1277.3
1247200 1278.0
1247210 1278.0
1247220 1278.5
1247230 1278.9
1247240 1278.9
1247250 1279.0
1247260 1279.1
1247270 1279.1
1247280 1281.4
1247290 1284.4
1247300 1287.0
1247310 1287.0
1247320 1289.0
1247330 1290.7
1247340 1290.7
1247350 1292.4
1247360 1294.0
1247370 1294.0
1247380 1295.7
1247390 1297.2
1247400 1297.2
1247410 1299.8
1247420 1302.3
1247430 1302.3
1247440 1304.3
1247450 1305.9
1247460 1305.9
1247470 1307.3
1247480 1309.0
1247490 1309.0
1247500 1311.6
1247510 1313.8
1247520 1313.8
1247530 1315.7
1247540 1318.9
1247550 1318.9
1247560 1323.2
1247570 1326.5
1247580 1329.2
1247590 1329.2
1247600 1332.0
1247610 1335.2
1247620 1335.2
1247630 1337.9
1247640 1340.0
1247650 1340.0
1247660 1341.7
1247670 1343.5
1247680 1343.5
1247690 1346.2
1247700 1350.2
1247710 1350.2
1247720 1354.6
1247730 1358.2
1247740 1358.2
1247750 1361.6
1247760 1365.1
1247770 1365.1
1247780 1368.7
1247790 1371.8
1247800 1371.8
1247810 1374.0
1247820 1374.7
1247830 1374.7
1247840 1374.5
1247850 1375.6
1247860 1377.4
1247870 1377.4
1247880 1380.5
1247890 1383.9
1247900 1383.9
1247910 1387.5
1247920 1391.5
1247930 1391.5
1247940 1396.5
1247950 1401.4
1247960 1401.4
1247970 1407.2
1247980 1411.0
1247990 1411.0
1248000 1414.2
1248010 1418.7
1248020 1418.7
1248030 1423.1
1248040 1425.3
1248050 1425.3
1248060 1427.4
1248070 1431.2
1248080 1431.2
1248090 1435.0
1248100 1440.0
1248110 1440.0
1248120 1445.0
1248130 1449.9
1248140 1455.3
1248150 1455.3
1248160 1460.1
1248170 1464.5
1248180 1464.5
1248190 1468.6
1248200 1472.7
1248210 1472.7
1248220 1477.7
1248230 1482.4
1248240 1482.4
1248250 1486.7
1248260 1491.2
1248270 1491.2
1248280 1496.5
1248290 1502.3
1248300 1502.3
1248310 1507.9
1248320 1514.5
1248330 1514.5
1248340 1521.3
1248350 1527.5
1248360 1527.5
1248370 1533.9
1248380 1541.8
1248390 1541.8
1248400 1549.8
1248410 1557.2
1248420 1564.3
1248430 1564.3
1248440 1568.8
1248450 1572.4
1248460 1572.4
1248470 1575.1
1248480 1578.2
1248490 1580.3
1248500 1583.3
1248510 1585.3
1248520 1585.3
1248530 1586.8
1248540 1589.2
1248550 1589.2
1248560 1593.8
1248570 1596.8
1248580 1596.8
1248590 1597.5
1248600 1601.4
1248610 1601.4
1248620 1606.1
1248630 1611.4
1248640 1611.4
1248650 1616.7
1248660 1621.6
1248670 1621.6
1248680 1627.5
1248690 1635.7
1248700 1652.0
1248710 1652.0
1248720 1661.1
1248730 1667.8
1248740 1667.8
1248750 1678.0
1248760 1688.3
1248770 1688.3
1248780 1697.1
1248790 1703.3
1248800 1703.3
1248810 1709.9
1248820 1715.0
1248830 1715.0
1248840 1719.2
1248850 1723.1
1248860 1723.1
1248870 1727.7
1248880 1733.4
1248890 1733.4
1248900 1739.3
1248910 1744.4
1248920 1744.4
1248930 1751.3
1248940 1761.1
1248950 1761.1
1248960 1770.3
1248970 1775.6
1248980 1780.1
1248990 1780.1
1249000 1785.1
1249010 1790.1
1249020 1790.1
1249030 1796.0
1249040 1797.0
1249050 1797.0
1249060 1796.4
1249070 1797.9
1249080 1797.9
1249090 1802.4
1249100 1808.2
1249110 1808.2
1249120 1810.9
1249130 1811.4
1249140 1811.4
1249150 1811.2
1249160 1812.1
1249170 1812.1
1249180 1813.3
1249190 1816.7
1249200 1816.7
1249210 1821.8
1249220 1827.2
1249230 1827.2
1249240 1831.6
1249250 1834.7
1249260 1837.8
1249270 1837.8
1249280 1840.7
1249290 1843.5
1249300 1843.5
1249310 1846.5
1249320 1850.5
1249330 1850.5
1249340 1853.9
1249350 1859.7
1249360 1859.7
1249370 1867.1
1249380 1872.9
1249390 1872.9
1249400 1878.2
1249410 1883.4
1249420 1883.4
1249430 1887.4
1249440 1890.2
1249450 1890.2
1249460 1892.3
1249470 1894.5
1249480 1894.5
1249490 1897.1
1249500 1900.5
1249510 1900.5
1249520 1903.9
1249530 1906.9
1249540 1910.3
1249550 1910.3
1249560 1916.5
1249570 1923.6
1249580 1923.6
1249590 1928.1
1249600 1933.2
1249610 1933.2
1249620 1938.1
1249630 1941.9
1249640 1941.9
1249650 1945.8
1249660 1950.4
1249670 1950.4
1249680 1954.1
1249690 1958.0
1249700 1958.0
1249710 1960.8
1249720 1963.4
1249730 1963.4
1249740 1965.1
1249750 1963.8
1249760 1963.8
1249770 1962.7
1249780 1960.9
1249790 1960.9
1249800 1958.3
1249810 1956.2
1249820 1954.0
1249830 1954.0
1249840 1951.0
1249850 1947.9
1249860 1947.9
1249870 1942.1
1249880 1936.9
1249890 1936.9
1249900 1933.3
1249910 1931.6
1249920 1931.6
1249930 1934.2
1249940 1937.3
1249950 1937.3
1249960 1941.0
1249970 1949.3
1249980 1949.3
1249990 1965.3
1250000 1969.7
1250010 1969.7
1250020 1971.9
1250030 1966.4
1250040 1966.4
1250050 1951.8
1250060 1951.9
1250070 1951.9
1250080 1966.7
1250090 1957.0
1250100 1974.4
1250110 1994.0
1250120 2009.2
1250130 2013.8
1250140 2013.8
1250150 2014.8
1250160 2018.5
1250170 2018.5
1250180 2023.5
1250190 2029.9
1250200 2029.9
1250210 2035.1
1250220 2038.7
1250230 2038.7
1250240 2040.1
1250250 2036.5
1250260 2036.5
1250270 2028.3
1250280 2015.9
1250290 2015.9
1250300 2003.4
1250310 1987.5
1250320 1987.5
1250330 1990.5
1250340 1992.7
1250350 1992.7
1250360 1981.9
1250370 1964.5
1250380 1959.6
1250390 1959.6
1250400 1956.8
1250410 1952.7
1250420 1952.7
1250430 1948.8
1250440 1945.7
1250450 1945.7
1250460 1943.1
1250470 1942.5
1250480 1942.5
1250490 1943.1
1250500 1945.9
1250510 1945.9
1250520 1948.5
1250530 1950.3
1250540 1950.3
1250550 1951.5
1250560 1953.7
1250570 1953.7
1250580 1958.2
1250590 1963.5
1250600 1963.5
1250610 1966.9
1250620 1970.4
1250630 1970.4
1250640 1974.3
1250650 1978.8
1250660 1985.2
1250670 1985.2
1250680 1991.4
1250690 1997.5
1250700 1997.5
1250710 2003.7
1250720 2010.1
1250730 2010.1
1250740 2016.4
1250750 2022.8
1250760 2022.8
1250770 2029.4
1250780 2036.2
1250790 2036.2
1250800 2043.5
1250810 2053.1
1250820 2053.1
1250830 2065.6
1250840 2076.3
1250850 2076.3
1250860 2083.3
1250870 2091.1
1250880 2091.1
1250890 2105.6
1250900 2119.0
1250910 2119.0
1250920 2123.3
1250930 2126.9
1250940 2129.7
1250950 2129.7
1250960 2123.8
1250970 2120.8
1250980 2120.8
1250990 2115.4
1251000 2108.4
1251010 2108.4
1251020 2103.6
1251030 2096.9
1251040 2096.9
1251050 2080.0
1251060 2069.9
1251070 2069.9
1251080 2061.8
1251090 2054.2
1251100 2054.2
1251110 2046.7
1251120 2039.6
1251130 2039.6
1251140 2032.8
1251150 2026.3
1251160 2026.3
1251170 2019.0
1251180 2012.0
1251190 2012.0
1251200 2004.1
1251210 1997.3
1251220 1990.6
1251230 1990.6
1251240 1983.9
1251250 1977.3
1251260 1977.3
1251270 1970.9
1251280 1964.5
1251290 1964.5
1251300 1958.1
1251310 1951.7
1251320 1951.7
1251330 1945.7
1251340 1940.0
1251350 1940.0
1251360 1934.6
1251370 1929.9
1251380 1929.9
1251390 1924.9
1251400 1920.7
1251410 1920.7
1251420 1917.2
1251430 1913.0
1251440 1913.0
1251450 1907.5
1251460 1902.3
1251470 1902.3
1251480 1897.9
1251490 1892.7
1251500 1886.7
1251510 1886.7
1251520 1882.6
1251530 1878.0
1251540 1878.0
1251550 1873.0
1251560 1868.6
1251570 1868.6
1251580 1864.3
1251590 1859.4
1251600 1859.4
1251610 1854.8
1251620 1850.3
1251630 1850.3
1251640 1845.2
1251650 1840.1
1251660 1840.1
1251670 1835.3
1251680 1830.8
1251690 1830.8
1251700 1826.0
1251710 1820.9
1251720 1820.9
1251730 1815.3
1251740 1807.9
1251750 1808.2
1251760 1801.9
1251770 1796.1
1251780 1789.3
1251790 1789.3
1251800 1781.3
1251810 1773.4
1251820 1773.4
1251830 1766.7
1251840 1762.7
1251850 1762.7
1251860 1757.7
1251870 1749.6
1251880 1749.6
1251890 1736.6
1251900 1726.9
1251910 1726.9
1251920 1722.5
1251930 1719.8
1251940 1719.8
1251950 1715.5
1251960 1710.9
1251970 1710.9
1251980 1706.2
1251990 1701.0
1252000 1701.0
1252010 1696.9
1252020 1693.4
1252030 1693.4
1252040 1684.6
1252050 1674.2
1252060 1660.5
1252070 1660.5
1252080 1644.6
1252090 1633.7
1252100 1633.7
1252110 1625.8
1252120 1617.8
1252130 1617.8
1252140 1609.9
1252150 1602.0
1252160 1602.0
1252170 1595.8
1252180 1590.2
1252190 1590.2
1252200 1585.1
1252210 1580.6
1252220 1580.6
1252230 1576.5
1252240 1572.3
1252250 1572.3
1252260 1568.4
1252270 1564.8
1252280 1564.8
1252290 1561.2
1252300 1557.9
1252310 1557.9
1252320 1556.0
1252330 1555.3
1252340 1555.4
1252350 1555.4
1252360 1555.0
1252370 1553.4
1252380 1553.4
1252390 1550.2
1252400 1546.9
1252410 1546.9
1252420 1544.4
1252430 1541.9
1252440 1541.9
1252450 1539.3
1252460 1536.6
1252470 1536.6
1252480 1533.7
1252490 1531.1
1252500 1531.1
1252510 1529.1
1252520 1525.3
1252530 1525.3
1252540 1522.6
1252550 1519.5
1252560 1519.5
1252570 1517.5
1252580 1516.4
1252590 1516.4
1252600 1516.2
1252610 1516.8
1252620 1516.0
1252630 1516.0
1252640 1512.7
1252650 1512.0
1252660 1512.0
1252670 1514.0
1252680 1512.9
1252690 1512.9
1252700 1515.3
1252710 1517.6
1252720 1517.6
1252730 1520.9
1252740 1524.2
1252750 1524.2
1252760 1528.0
1252770 1532.3
1252780 1532.3
1252790 1536.3
1252800 1539.8
1252810 1539.8
1252820 1543.2
1252830 1547.4
1252840 1551.1
1252850 1555.7
1252860 1560.9
1252870 1560.9
1252880 1565.6
1252890 1571.5
1252900 1577.5
1252910 1577.5
1252920 1584.4
1252930 1591.7
1252940 1591.7
1252950 1599.2
1252960 1607.9
1252970 1607.9
1252980 1615.9
1252990 1622.1
1253000 1622.1
1253010 1621.8
1253020 1623.0
1253030 1623.0
1253040 1633.1
1253050 1642.5
1253060 1642.5
1253070 1649.7
1253080 1657.5
1253090 1657.5
1253100 1667.8
1253110 1673.6
1253120 1673.6
1253130 1681.0
1253140 1691.3
1253150 1691.3
1253160 1702.3
1253170 1710.8
1253180 1710.8
1253190 1719.4
1253200 1726.1
1253210 1731.9
1253220 1731.9
1253230 1739.5
1253240 1747.2
1253250 1747.2
1253260 1755.7
1253270 1760.8
1253280 1760.8
1253290 1760.3
1253300 1756.3
1253310 1756.3
1253320 1750.2
1253330 1745.1
1253340 1745.1
1253350 1739.3
1253360 1733.1
1253370 1733.1
1253380 1727.3
1253390 1722.4
1253400 1723.7
1253410 1716.1
1253420 1708.8
1253430 1708.8
1253440 1698.0
1253450 1687.3
1253460 1687.3
1253470 1680.3
1253480 1677.5
1253490 1673.4
1253500 1673.4
1253510 1658.6
1253520 1643.3
1253530 1643.3
1253540 1634.7
1253550 1627.2
1253560 1627.2
1253570 1619.0
1253580 1610.1
1253590 1610.1
1253600 1601.1
1253610 1592.5
1253620 1592.5
1253630 1585.0
1253640 1577.5
1253650 1577.5
1253660 1569.8
1253670 1563.3
1253680 1563.3
1253690 1555.9
1253700 1548.9
1253710 1548.9
1253720 1542.2
1253730 1535.9
1253740 1535.9
1253750 1529.5
1253760 1523.4
1253770 1517.1
1253780 1517.1
1253790 1511.2
1253800 1504.6
1253810 1504.6
1253820 1497.4
1253830 1490.9
1253840 1490.9
1253850 1485.9
1253860 1482.8
1253870 1482.8
1253880 1479.9
1253890 1476.6
1253900 1476.6
1253910 1473.2
1253920 1469.8
1253930 1469.8
1253940 1466.9
1253950 1465.6
1253960 1465.6
1253970 1462.7
1253980 1460.0
1253990 1460.0
1254000 1457.7
1254010 1455.6
1254020 1455.6
1254030 1453.5
1254040 1451.8
1254050 1454.4
1254060 1454.4
1254070 1456.2
1254080 1457.5
1254090 1457.5
1254100 1458.5
1254110 1459.8
1254120 1459.8
1254130 1461.1
1254140 1462.1
1254150 1462.1
1254160 1463.2
1254170 1464.0
1254180 1464.0
1254190 1465.0
1254200 1465.9
1254210 1465.9
1254220 1467.4
1254230 1468.8
1254240 1468.8
1254250 1470.1
1254260 1471.2
1254270 1471.2
1254280 1472.0
1254290 1473.1
1254300 1473.1
1254310 1474.1
1254320 1475.4
1254330 1475.6
1254340 1475.6
1254350 1475.4
1254360 1476.5
1254370 1476.5
1254380 1477.7
1254390 1479.6
1254400 1479.6
1254410 1482.5
1254420 1485.4
1254430 1485.4
1254440 1488.8
1254450 1491.9
1254460 1491.9
1254470 1494.7
1254480 1497.9
1254490 1497.9
1254500 1501.5
1254510 1504.6
1254520 1504.6
1254530 1508.2
1254540 1512.2
1254550 1512.2
1254560 1515.3
1254570 1518.4
1254580 1518.4
1254590 1521.8
1254600 1525.2
1254610 1528.6
1254620 1528.6
1254630 1531.9
1254640 1534.8
1254650 1534.8
1254660 1538.3
1254670 1541.5
1254680 1541.5
1254690 1544.6
1254700 1547.8
1254710 1547.8
1254720 1551.1
1254730 1554.4
1254740 1554.4
1254750 1558.8
1254760 1562.8
1254770 1562.8
1254780 1566.8
1254790 1570.3
1254800 1570.3
1254810 1573.5
1254820 1577.6
1254830 1577.6
1254840 1581.9
1254850 1586.1
1254860 1586.1
1254870 1590.1
1254880 1593.9
1254890 1598.1
1254900 1598.1
1254910 1602.4
1254920 1606.2
1254930 1606.2
1254940 1610.6
1254950 1614.7
1254960 1614.7
1254970 1618.7
1254980 1622.8
1254990 1622.8
1255000 1627.0
1255010 1631.4
1255020 1631.4
1255030 1635.7
1255040 1640.0
1255050 1640.0
1255060 1643.2
1255070 1647.6
1255080 1647.6
1255090 1651.9
1255100 1655.6
1255110 1655.6
1255120 1659.7
1255130 1664.1
1255140 1664.1
1255150 1668.7
1255160 1673.4
1255170 1678.1
1255180 1678.1
1255190 1682.0
1255200 1685.8
1255210 1685.8
1255220 1690.5
1255230 1695.2
1255240 1695.2
1255250 1699.4
1255260 1703.7
1255270 1703.7
1255280 1708.5
1255290 1714.2
1255300 1714.2
1255310 1719.6
1255320 1725.5
1255330 1725.5
1255340 1732.0
1255350 1739.5
1255360 1739.5
1255370 1747.7
1255380 1757.3
1255390 1757.3
1255400 1765.9
1255410 1773.0
1255420 1773.0
1255430 1780.5
1255440 1788.8
1255450 1796.3
1255460 1796.3
1255470 1801.0
1255480 1805.7
1255490 1805.7
1255500 1811.9
1255510 1817.4
1255520 1817.4
1255530 1820.8
1255540 1824.4
1255550 1824.4
1255560 1831.6
1255570 1839.0
1255580 1839.0
1255590 1844.1
1255600 1848.7
1255610 1854.9
1255620 1859.9
1255630 1864.9
1255640 1864.9
1255650 1870.5
1255660 1876.2
1255670 1876.2
1255680 1882.6
1255690 1889.4
1255700 1889.4
1255710 1896.6
1255720 1903.3
1255730 1908.3
1255740 1908.3
1255750 1916.2
1255760 1923.8
1255770 1923.8
1255780 1930.9
1255790 1936.4
1255800 1936.4
1255810 1945.1
1255820 1954.5
1255830 1954.5
1255840 1961.4
1255850 1973.5
1255860 1973.5
1255870 1989.6
1255880 1995.1
1255890 1995.1
1255900 1998.6
1255910 2003.4
1255920 2003.4
1255930 2008.3
1255940 2014.0
1255950 2014.0
1255960 2019.3
1255970 2023.7
1255980 2023.7
1255990 2028.2
1256000 2031.0
1256010 2033.2
1256020 2033.2
1256030 2034.0
1256040 2038.1
1256050 2038.1
1256060 2039.0
1256070 2037.3
1256080 2037.3
1256090 2039.1
1256100 2045.3
1256110 2045.3
1256120 2052.4
1256130 2059.2
1256140 2059.2
1256150 2063.4
1256160 2066.0
1256170 2059.8
1256180 2067.9
1256190 2075.3
1256200 2075.3
1256210 2082.7
1256220 2089.7
1256230 2089.7
1256240 2098.6
1256250 2107.8
1256260 2107.8
1256270 2116.1
1256280 2124.4
1256290 2131.8
1256300 2131.8
1256310 2141.4
1256320 2153.1
1256330 2153.1
1256340 2160.3
1256350 2166.9
1256360 2166.9
1256370 2173.5
1256380 2180.6
1256390 2180.6
1256400 2188.4
1256410 2194.5
1256420 2194.5
1256430 2190.8
1256440 2184.2
1256450 2184.2
1256460 2163.7
1256470 2152.8
1256480 2152.8
1256490 2151.4
1256500 2144.7
1256510 2144.7
1256520 2128.1
1256530 2109.4
1256540 2109.4
1256550 2105.1
1256560 2097.3
1256570 2098.3
1256580 2098.3
1256590 2101.1
1256600 2094.1
1256610 2094.1
1256620 2080.8
1256630 2076.0
1256640 2076.0
1256650 2060.2
1256660 2046.0
1256670 2046.0
1256680 2038.1
1256690 2030.9
1256700 2030.9
1256710 2019.5
1256720 2005.5
1256730 2021.3
1256740 2002.6
1256750 1988.5
1256760 1988.5
1256770 1982.3
1256780 1980.3
1256790 1980.3
1256800 1976.6
1256810 1971.7
1256820 1971.7
1256830 1966.8
1256840 1961.4
1256850 1956.1
1256860 1956.1
1256870 1951.2
1256880 1946.9
1256890 1946.9
1256900 1943.3
1256910 1939.9
1256920 1939.9
1256930 1937.0
1256940 1934.9
1256950 1934.9
1256960 1934.0
1256970 1936.2
1256980 1936.2
1256990 1940.6
1257000 1945.5
1257010 1945.5
1257020 1950.3
1257030 1955.1
1257040 1955.1
1257050 1960.5
1257060 1966.8
1257070 1966.8
1257080 1972.1
1257090 1974.8
1257100 1974.8
1257110 1976.8
1257120 1979.6
1257130 1983.8
1257140 1983.8
1257150 1989.5
1257160 1996.2
1257170 1996.2
1257180 2003.3
1257190 2003.9
1257200 2003.9
1257210 1996.0
1257220 1988.8
1257230 1988.8
1257240 1982.4
1257250 1974.5
1257260 1974.5
1257270 1968.1
1257280 1961.6
1257290 1956.2
1257300 1950.1
1257310 1943.3
1257320 1943.3
1257330 1937.7
1257340 1931.4
1257350 1931.4
1257360 1925.6
1257370 1919.3
1257380 1919.3
1257390 1913.4
1257400 1908.0
1257410 1903.4
1257420 1903.4
1257430 1899.8
1257440 1896.7
1257450 1896.7
1257460 1893.7
1257470 1890.8
1257480 1890.8
1257490 1887.6
1257500 1884.4
1257510 1884.4
1257520 1881.5
1257530 1878.6
1257540 1878.6
1257550 1875.8
1257560 1873.7
1257570 1873.7
1257580 1872.2
1257590 1870.1
1257600 1870.1
1257610 1870.0
1257620 1870.6
1257630 1870.6
1257640 1872.2
1257650 1871.8
1257660 1871.8
1257670 1867.2
1257680 1861.0
1257690 1854.6
1257700 1854.6
1257710 1848.4
1257720 1841.4
1257730 1841.4
1257740 1835.6
1257750 1830.4
1257760 1830.4
1257770 1824.4
1257780 1818.1
1257790 1818.1
1257800 1812.2
1257810 1806.8
1257820 1806.8
1257830 1801.9
1257840 1797.3
1257850 1802.0
1257860 1800.0
1257870 1796.8
1257880 1796.8
1257890 1793.8
1257900 1789.9
1257910 1789.9
1257920 1784.4
1257930 1778.5
1257940 1778.5
1257950 1772.1
1257960 1766.3
1257970 1759.6
1257980 1759.6
1257990 1752.5
1258000 1746.7
1258010 1746.7
1258020 1740.5
1258030 1735.7
1258040 1735.7
1258050 1731.5
1258060 1727.0
1258070 1727.0
1258080 1722.2
1258090 1717.2
1258100 1717.2
1258110 1711.9
1258120 1706.3
1258130 1706.3
1258140 1700.4
1258150 1696.0
1258160 1696.0
1258170 1692.5
1258180 1688.1
1258190 1688.1
1258200 1683.9
1258210 1680.5
1258220 1680.5
1258230 1676.1
1258240 1671.6
1258250 1667.3
1258260 1667.3
1258270 1662.4
1258280 1658.5
1258290 1658.5
1258300 1655.5
1258310 1653.0
1258320 1653.0
1258330 1650.5
1258340 1648.1
1258350 1648.1
1258360 1645.2
1258370 1640.8
1258380 1640.8
1258390 1636.8
1258400 1633.7
1258410 1639.5
1258420 1636.0
1258430 1633.4
1258440 1633.4
1258450 1628.7
1258460 1623.1
1258470 1623.1
1258480 1617.7
1258490 1612.8
1258500 1612.8
1258510 1607.6
1258520 1603.1
1258530 1600.2
1258540 1600.2
1258550 1597.1
1258560 1593.1
1258570 1593.1
1258580 1588.7
1258590 1584.6
1258600 1584.6
1258610 1579.6
1258620 1573.4
1258630 1573.4
1258640 1567.5
1258650 1565.0
1258660 1565.0
1258670 1563.5
1258680 1563.8
1258690 1563.8
1258700 1567.0
1258710 1567.8
1258720 1567.8
1258730 1563.5
1258740 1559.2
1258750 1559.2
1258760 1557.1
1258770 1554.6
1258780 1554.6
1258790 1551.3
1258800 1545.9
1258810 1538.6
1258820 1538.6
1258830 1530.6
1258840 1521.5
1258850 1521.5
1258860 1517.7
1258870 1522.6
1258880 1522.6
1258890 1526.9
1258900 1531.3
1258910 1531.3
1258920 1532.9
1258930 1533.5
1258940 1533.5
1258950 1533.0
1258960 1532.6
1258970 1532.6
1258980 1525.2
1258990 1522.8
1259000 1522.8
1259010 1519.2
1259020 1522.4
1259030 1522.4
1259040 1523.2
1259050 1523.1
1259060 1523.1
1259070 1525.5
1259080 1526.1
1259090 1523.7
1259100 1523.7
1259110 1519.0
1259120 1523.1
1259130 1523.1
1259140 1530.4
1259150 1534.6
1259160 1534.6
1259170 1534.4
1259180 1530.3
1259190 1530.3
1259200 1528.2
1259210 1528.0
1259220 1528.0
1259230 1528.9
1259240 1531.0
1259250 1531.0
1259260 1533.4
1259270 1530.6
1259280 1530.6
1259290 1529.6
1259300 1534.0
1259310 1534.0
1259320 1538.2
1259330 1543.8
1259340 1543.8
1259350 1551.2
1259360 1553.5
1259370 1551.4
1259380 1551.4
1259390 1550.8
1259400 1542.9
1259410 1542.9
1259420 1537.3
1259430 1536.8
1259440 1536.8
1259450 1540.8
1259460 1541.6
1259470 1541.6
1259480 1537.5
1259490 1529.7
1259500 1529.7
1259510 1524.3
1259520 1518.8
1259530 1518.8
1259540 1507.8
1259550 1507.1
1259560 1507.1
1259570 1506.0
1259580 1504.6
1259590 1504.6
1259600 1504.8
1259610 1501.1
1259620 1501.1
1259630 1494.5
1259640 1489.6
1259650 1488.3
1259660 1488.3
1259670 1485.5
1259680 1479.3
1259690 1479.3
1259700 1475.6
1259710 1472.0
1259720 1472.0
1259730 1467.3
1259740 1462.4
1259750 1462.4
1259760 1459.8
1259770 1457.6
1259780 1457.6
1259790 1453.2
1259800 1449.1
1259810 1449.1
1259820 1445.7
1259830 1442.9
1259840 1442.9
1259850 1438.6
1259860 1434.6
1259870 1434.6
1259880 1432.0
1259890 1429.0
1259900 1429.0
1259910 1428.3
1259920 1429.3
1259930 1427.2
1259940 1427.2
1259950 1425.2
1259960 1422.4
1259970 1422.4
1259980 1419.1
1259990 1415.9
