1240000 1385.6
1240010 1386.7
1240020 1388.0
1240030 1389.4
1240040 1389.4
1240050 1390.2
1240060 1390.2
1240070 1390.2
1240080 1389.8
1240090 1390.7
1240100 1390.7
1240110 1392.7
1240120 1394.5
1240130 1394.5
1240140 1395.5
1240150 1395.5
1240160 1395.5
1240170 1395.3
1240180 1395.4
1240190 1395.4
1240200 1395.2
1240210 1395.1
1240220 1395.1
1240230 1397.0
1240240 1397.5
1240250 1397.5
1240260 1391.2
1240270 1388.5
1240280 1388.5
1240290 1386.9
1240300 1386.1
1240310 1385.1
1240320 1385.1
1240330 1383.2
1240340 1381.4
1240350 1381.4
1240360 1380.2
1240370 1379.7
1240380 1379.7
1240390 1379.9
1240400 1381.2
1240410 1381.2
1240420 1381.4
1240430 1381.0
1240440 1381.0
1240450 1380.3
1240460 1379.6
1240470 1379.6
1240480 1378.4
1240490 1377.1
1240500 1377.1
1240510 1376.2
1240520 1375.8
1240530 1375.8
1240540 1375.3
1240550 1374.5
1240560 1374.5
1240570 1373.3
1240580 1372.4
1240590 1372.1
1240600 1372.1
1240610 1371.6
1240620 1371.1
1240630 1371.1
1240640 1371.5
1240650 1372.5
1240660 1372.5
1240670 1373.8
1240680 1375.0
1240690 1375.0
1240700 1376.2
1240710 1377.3
1240720 1377.3
1240730 1378.1
1240740 1378.8
1240750 1378.8
1240760 1378.9
1240770 1377.5
1240780 1375.1
1240790 1373.2
1240800 1370.6
1240810 1370.6
1240820 1369.4
1240830 1368.7
1240840 1368.7
1240850 1367.1
1240860 1368.1
1240870 1368.7
1240880 1368.7
1240890 1368.6
1240900 1368.8
1240910 1368.8
1240920 1369.7
1240930 1371.3
1240940 1371.3
1240950 1372.6
1240960 1372.7
1240970 1372.7
1240980 1370.2
1240990 1368.4
1241000 1368.4
1241010 1367.1
1241020 1365.2
1241030 1365.2
1241040 1362.3
1241050 1359.9
1241060 1359.9
1241070 1358.2
1241080 1358.3
1241090 1358.3
1241100 1360.0
1241110 1361.9
1241120 1361.9
1241130 1364.0
1241140 1366.0
1241150 1367.0
1241160 1367.0
1241170 1367.0
1241180 1366.3
1241190 1366.3
1241200 1365.0
1241210 1364.2
1241220 1364.2
1241230 1363.8
1241240 1363.2
1241250 1363.2
1241260 1362.0
1241270 1360.6
1241280 1360.6
1241290 1359.0
1241300 1355.9
1241310 1355.9
1241320 1354.0
1241330 1352.2
1241340 1352.2
1241350 1350.2
1241360 1347.7
1241370 1347.7
1241380 1345.4
1241390 1343.5
1241400 1343.5
1241410 1342.2
1241420 1341.2
1241430 1340.1
1241440 1340.1
1241450 1338.8
1241460 1337.4
1241470 1337.4
1241480 1336.1
1241490 1334.5
1241500 1334.5
1241510 1332.7
1241520 1330.6
1241530 1330.6
1241540 1331.1
1241550 1333.4
1241560 1333.4
1241570 1335.6
1241580 1337.3
1241590 1337.3
1241600 1338.6
1241610 1339.7
1241620 1339.7
1241630 1340.5
1241640 1340.8
1241650 1340.8
1241660 1340.7
1241670 1340.1
1241680 1340.1
1241690 1339.0
1241700 1337.8
1241710 1337.8
1241720 1336.6
1241730 1335.2
1241740 1333.6
1241750 1333.6
1241760 1331.8
1241770 1329.9
1241780 1329.9
1241790 1327.8
1241800 1323.9
1241810 1323.9
1241820 1320.1
1241830 1315.9
1241840 1315.9
1241850 1313.9
1241860 1313.0
1241870 1313.0
1241880 1312.1
1241890 1311.2
1241900 1311.2
1241910 1310.1
1241920 1310.0
1241930 1310.0
1241940 1310.5
1241950 1310.9
1241960 1310.9
1241970 1310.6
1241980 1309.4
1241990 1309.4
1242000 1308.0
1242010 1307.2
1242020 1306.3
1242030 1306.3
1242040 1305.5
1242050 1305.6
1242060 1305.6
1242070 1306.1
1242080 1306.1
1242090 1306.1
1242100 1305.6
1242110 1304.7
1242120 1304.7
1242130 1304.0
1242140 1303.6
1242150 1303.6
1242160 1304.0
1242170 1305.3
1242180 1305.3
1242190 1305.2
1242200 1305.1
1242210 1305.1
1242220 1305.0
1242230 1304.8
1242240 1304.8
1242250 1304.7
1242260 1304.7
1242270 1304.7
1242280 1305.0
1242290 1305.1
1242300 1304.9
1242310 1304.9
1242320 1305.0
1242330 1305.4
1242340 1305.4
1242350 1305.9
1242360 1305.5
1242370 1305.5
1242380 1305.4
1242390 1305.5
1242400 1305.5
1242410 1305.8
1242420 1305.9
1242430 1305.9
1242440 1306.0
1242450 1306.3
1242460 1306.3
1242470 1306.7
1242480 1306.8
1242490 1306.8
1242500 1306.9
1242510 1306.7
1242520 1306.7
1242530 1306.3
1242540 1305.8
1242550 1305.8
1242560 1305.4
1242570 1305.1
1242580 1306.0
1242590 1306.0
1242600 1306.9
1242610 1307.4
1242620 1307.4
1242630 1307.7
1242640 1308.0
1242650 1308.0
1242660 1308.6
1242670 1309.3
1242680 1309.3
1242690 1310.0
1242700 1310.7
1242710 1310.7
1242720 1311.2
1242730 1311.2
1242740 1311.2
1242750 1311.0
1242760 1310.8
1242770 1310.8
1242780 1310.7
1242790 1310.5
1242800 1310.5
1242810 1310.5
1242820 1310.5
1242830 1310.5
1242840 1310.2
1242850 1309.2
1242860 1308.5
1242870 1308.5
1242880 1306.5
1242890 1306.6
1242900 1306.6
1242910 1307.4
1242920 1307.8
1242930 1307.8
1242940 1306.9
1242950 1305.4
1242960 1305.4
1242970 1303.9
1242980 1302.3
1242990 1302.3
1243000 1300.8
1243010 1299.5
1243020 1299.5
1243030 1298.4
1243040 1297.0
1243050 1297.0
1243060 1294.9
1243070 1291.6
1243080 1291.6
1243090 1289.3
1243100 1288.1
1243110 1288.1
1243120 1285.8
1243130 1282.7
1243140 1280.6
1243150 1280.6
1243160 1278.7
1243170 1276.8
1243180 1276.8
1243190 1275.3
1243200 1273.6
1243210 1273.6
1243220 1271.5
1243230 1269.6
1243240 1269.6
1243250 1267.1
1243260 1265.0
1243270 1265.0
1243280 1262.5
1243290 1259.7
1243300 1259.7
1243310 1257.3
1243320 1254.9
1243330 1254.9
1243340 1253.0
1243350 1250.8
1243360 1250.8
1243370 1246.3
1243380 1245.2
1243390 1245.2
1243400 1248.3
1243410 1247.0
1243420 1246.1
1243430 1246.1
1243440 1244.7
1243450 1243.8
1243460 1243.8
1243470 1242.7
1243480 1241.4
1243490 1241.4
1243500 1239.8
1243510 1238.1
1243520 1238.1
1243530 1236.8
1243540 1236.2
1243550 1236.2
1243560 1235.8
1243570 1233.9
1243580 1233.9
1243590 1230.6
1243600 1228.1
1243610 1228.1
1243620 1226.0
1243630 1224.2
1243640 1224.2
1243650 1222.2
1243660 1220.7
1243670 1220.7
1243680 1219.3
1243690 1218.1
1243700 1217.2
1243710 1217.2
1243720 1216.0
1243730 1213.8
1243740 1213.8
1243750 1212.2
1243760 1214.5
1243770 1214.5
1243780 1218.0
1243790 1216.5
1243800 1216.5
1243810 1214.1
1243820 1212.1
1243830 1212.1
1243840 1208.4
1243850 1205.1
1243860 1205.1
1243870 1202.5
1243880 1199.1
1243890 1199.1
1243900 1196.1
1243910 1193.8
1243920 1193.8
1243930 1191.6
1243940 1189.9
1243950 1189.9
1243960 1190.5
1243970 1192.6
1243980 1192.6
1243990 1195.9
1244000 1199.5
1244010 1197.4
1244020 1197.4
1244030 1192.5
1244040 1187.9
1244050 1187.9
1244060 1183.8
1244070 1181.2
1244080 1181.2
1244090 1180.5
1244100 1179.7
1244110 1179.7
1244120 1178.6
1244130 1177.9
1244140 1177.9
1244150 1177.1
1244160 1176.7
1244170 1176.7
1244180 1175.9
1244190 1175.3
1244200 1175.3
1244210 1174.6
1244220 1174.2
1244230 1174.2
1244240 1173.8
1244250 1173.3
1244260 1173.3
1244270 1173.0
1244280 1172.6
1244290 1172.4
1244300 1172.4
1244310 1172.2
1244320 1171.9
1244330 1171.9
1244340 1171.4
1244350 1171.1
1244360 1171.1
1244370 1170.8
1244380 1170.2
1244390 1170.2
1244400 1169.7
1244410 1169.0
1244420 1169.0
1244430 1168.6
1244440 1168.1
1244450 1168.1
1244460 1167.7
1244470 1166.7
1244480 1166.7
1244490 1166.3
1244500 1166.3
1244510 1166.3
1244520 1166.4
1244530 1166.5
1244540 1166.5
1244550 1167.0
1244560 1169.3
1244570 1175.4
1244580 1175.4
1244590 1179.3
1244600 1178.6
1244610 1178.6
1244620 1177.2
1244630 1176.4
1244640 1176.4
1244650 1175.4
1244660 1176.3
1244670 1176.3
1244680 1179.9
1244690 1186.6
1244700 1186.6
1244710 1192.3
1244720 1195.6
1244730 1195.6
1244740 1198.6
1244750 1199.4
1244760 1199.4
1244770 1199.1
1244780 1198.1
1244790 1198.1
1244800 1199.5
1244810 1204.6
1244820 1204.6
1244830 1207.4
1244840 1207.8
1244850 1207.6
1244860 1207.6
1244870 1207.5
1244880 1207.2
1244890 1207.2
1244900 1208.5
1244910 1209.7
1244920 1209.7
1244930 1211.0
1244940 1212.2
1244950 1212.2
1244960 1212.6
1244970 1213.6
1244980 1213.6
1244990 1214.5
1245000 1216.4
1245010 1216.4
1245020 1217.2
1245030 1218.0
1245040 1218.0
1245050 1218.2
1245060 1217.7
1245070 1217.7
1245080 1216.9
1245090 1216.0
1245100 1216.0
1245110 1215.3
1245120 1214.7
1245130 1214.3
1245140 1214.3
1245150 1213.8
1245160 1212.2
1245170 1212.2
1245180 1211.3
1245190 1211.2
1245200 1211.2
1245210 1211.7
1245220 1212.8
1245230 1212.8
1245240 1212.6
1245250 1212.4
1245260 1212.4
1245270 1212.6
1245280 1212.4
1245290 1212.4
1245300 1211.7
1245310 1211.6
1245320 1211.6
1245330 1211.7
1245340 1211.8
1245350 1211.8
1245360 1211.2
1245370 1209.8
1245380 1209.8
1245390 1208.2
1245400 1207.1
1245410 1206.0
1245420 1206.0
1245430 1205.5
1245440 1205.5
1245450 1205.5
1245460 1205.1
1245470 1204.4
1245480 1204.4
1245490 1203.9
1245500 1203.3
1245510 1203.3
1245520 1202.0
1245530 1201.5
1245540 1201.5
1245550 1201.1
1245560 1200.5
1245570 1200.5
1245580 1200.0
1245590 1198.0
1245600 1198.0
1245610 1197.3
1245620 1197.7
1245630 1197.7
1245640 1197.2
1245650 1195.7
1245660 1195.7
1245670 1194.7
1245680 1193.8
1245690 1193.4
1245700 1193.4
1245710 1192.7
1245720 1191.9
1245730 1191.9
1245740 1191.0
1245750 1190.1
1245760 1190.1
1245770 1189.3
1245780 1189.1
1245790 1189.1
1245800 1188.2
1245810 1185.6
1245820 1185.6
1245830 1183.1
1245840 1180.3
1245850 1180.3
1245860 1177.5
1245870 1173.8
1245880 1173.8
1245890 1171.9
1245900 1171.6
1245910 1171.6
1245920 1171.3
1245930 1171.1
1245940 1171.1
1245950 1170.7
1245960 1172.1
1245970 1175.3
1245980 1175.3
1245990 1175.2
1246000 1174.8
1246010 1174.8
1246020 1173.7
1246030 1175.4
1246040 1175.4
1246050 1176.3
1246060 1176.9
1246070 1176.9
1246080 1177.3
1246090 1178.4
1246100 1178.4
1246110 1178.7
1246120 1179.4
1246130 1179.4
1246140 1183.3
1246150 1185.0
1246160 1185.0
1246170 1185.6
1246180 1185.8
1246190 1185.8
1246200 1185.8
1246210 1185.7
1246220 1185.7
1246230 1185.5
1246240 1185.8
1246250 1185.7
1246260 1185.7
1246270 1185.5
1246280 1186.2
1246290 1186.2
1246300 1186.8
1246310 1187.2
1246320 1187.2
1246330 1188.4
1246340 1190.9
1246350 1190.9
1246360 1196.4
1246370 1202.1
1246380 1202.1
1246390 1203.5
1246400 1205.3
1246410 1205.3
1246420 1209.7
1246430 1214.5
1246440 1214.5
1246450 1219.8
1246460 1227.1
1246470 1227.1
1246480 1235.3
1246490 1243.7
1246500 1243.7
1246510 1252.3
1246520 1265.7
1246530 1265.7
1246540 1279.5
1246550 1286.6
1246560 1295.6
1246570 1295.6
1246580 1307.1
1246590 1317.2
1246600 1319.4
1246610 1324.7
1246620 1329.6
1246630 1329.6
1246640 1335.1
1246650 1342.1
1246660 1342.1
1246670 1350.1
1246680 1356.7
1246690 1356.7
1246700 1361.3
1246710 1363.6
1246720 1363.6
1246730 1364.3
1246740 1365.2
1246750 1365.2
1246760 1366.2
1246770 1368.8
1246780 1368.8
1246790 1371.3
1246800 1373.0
1246810 1373.0
1246820 1374.7
1246830 1375.6
1246840 1378.4
1246850 1378.4
1246860 1382.1
1246870 1386.4
1246880 1386.4
1246890 1389.1
1246900 1390.7
1246910 1390.7
1246920 1392.4
1246930 1393.8
1246940 1393.8
1246950 1395.4
1246960 1396.4
1246970 1396.4
1246980 1397.7
1246990 1399.1
1247000 1399.1
1247010 1399.8
1247020 1401.1
1247030 1401.1
1247040 1402.2
1247050 1403.3
1247060 1403.3
1247070 1404.9
1247080 1406.7
1247090 1406.7
1247100 1407.6
1247110 1408.3
1247120 1408.6
1247130 1406.5
1247140 1406.6
1247150 1406.7
1247160 1406.7
1247170 1407.1
1247180 1407.3
1247190 1407.3
1247200 1407.4
1247210 1407.5
1247220 1407.5
1247230 1407.8
1247240 1408.7
1247250 1408.7
1247260 1410.0
1247270 1411.0
1247280 1411.0
1247290 1411.4
1247300 1411.1
1247310 1411.1
1247320 1411.7
1247330 1412.6
1247340 1412.6
1247350 1412.5
1247360 1412.3
1247370 1412.3
1247380 1412.4
1247390 1414.5
1247400 1416.3
1247410 1416.3
1247420 1417.4
1247430 1418.1
1247440 1418.1
1247450 1418.4
1247460 1419.4
1247470 1419.4
1247480 1419.9
1247490 1420.0
1247500 1420.0
1247510 1420.0
1247520 1420.6
1247530 1420.6
1247540 1420.0
1247550 1419.8
1247560 1419.8
1247570 1423.3
1247580 1427.3
1247590 1427.3
1247600 1429.9
1247610 1431.0
1247620 1431.0
1247630 1430.7
1247640 1427.7
1247650 1427.7
1247660 1425.3
1247670 1418.6
1247680 1416.9
1247690 1416.9
1247700 1416.1
1247710 1414.2
1247720 1414.2
1247730 1414.7
1247740 1416.5
1247750 1416.5
1247760 1416.8
1247770 1415.4
1247780 1415.4
1247790 1412.0
1247800 1408.9
1247810 1408.9
1247820 1407.2
1247830 1409.7
1247840 1409.7
1247850 1411.3
1247860 1411.0
1247870 1411.0
1247880 1411.3
1247890 1410.8
1247900 1410.8
1247910 1411.4
1247920 1414.1
1247930 1414.1
1247940 1415.6
1247950 1415.5
1247960 1418.4
1247970 1418.4
1247980 1421.7
1247990 1424.7
1248000 1424.7
1248010 1425.0
1248020 1425.1
1248030 1425.1
1248040 1424.3
1248050 1423.6
1248060 1423.6
1248070 1424.2
1248080 1426.7
1248090 1426.7
1248100 1426.6
1248110 1426.0
1248120 1426.0
1248130 1428.5
1248140 1430.3
1248150 1430.3
1248160 1430.2
1248170 1430.0
1248180 1430.0
1248190 1430.4
1248200 1431.0
1248210 1425.7
1248220 1425.4
1248230 1425.5
1248240 1428.2
1248250 1428.2
1248260 1430.7
1248270 1432.1
1248280 1432.1
1248290 1434.3
1248300 1436.0
1248310 1436.0
1248320 1436.6
1248330 1437.1
1248340 1437.1
1248350 1437.2
1248360 1438.2
1248370 1438.2
1248380 1440.2
1248390 1441.4
1248400 1441.4
1248410 1439.6
1248420 1438.2
1248430 1438.2
1248440 1437.1
1248450 1435.3
1248460 1435.3
1248470 1432.0
1248480 1429.2
1248490 1429.2
1248500 1428.3
1248510 1427.0
1248520 1425.7
1248530 1425.7
1248540 1429.0
1248550 1433.9
1248560 1433.9
1248570 1437.6
1248580 1440.7
1248590 1440.7
1248600 1442.8
1248610 1444.4
1248620 1444.4
1248630 1445.9
1248640 1447.1
1248650 1447.1
1248660 1447.4
1248670 1447.9
1248680 1447.9
1248690 1448.8
1248700 1449.9
1248710 1449.9
1248720 1451.1
1248730 1452.3
1248740 1452.3
1248750 1447.7
1248760 1449.8
1248770 1449.8
1248780 1451.9
1248790 1453.4
1248800 1456.6
1248810 1456.6
1248820 1458.6
1248830 1462.1
1248840 1462.1
1248850 1465.6
1248860 1469.7
1248870 1469.7
1248880 1477.1
1248890 1481.1
1248900 1481.1
1248910 1481.4
1248920 1479.9
1248930 1479.9
1248940 1479.0
1248950 1479.4
1248960 1479.4
1248970 1479.9
1248980 1480.2
1248990 1480.2
1249000 1481.7
1249010 1482.3
1249020 1482.3
1249030 1483.3
1249040 1481.6
1249050 1481.6
1249060 1481.4
1249070 1485.7
1249080 1485.7
1249090 1490.5
1249100 1494.8
1249110 1497.9
1249120 1497.9
1249130 1499.4
1249140 1500.8
1249150 1500.8
1249160 1501.7
1249170 1501.5
1249180 1501.5
1249190 1500.6
1249200 1497.6
1249210 1497.6
1249220 1499.3
1249230 1503.4
1249240 1503.4
1249250 1506.2
1249260 1508.5
1249270 1508.5
1249280 1509.7
1249290 1503.3
1249300 1503.3
1249310 1505.5
1249320 1507.9
1249330 1507.9
1249340 1508.8
1249350 1510.7
1249360 1510.7
1249370 1512.8
1249380 1514.4
1249390 1516.0
1249400 1516.0
1249410 1518.8
1249420 1521.9
1249430 1521.9
1249440 1524.0
1249450 1525.3
1249460 1525.3
1249470 1528.6
1249480 1531.0
1249490 1531.0
1249500 1532.9
1249510 1534.2
1249520 1534.2
1249530 1535.3
1249540 1537.1
1249550 1537.1
1249560 1538.8
1249570 1540.4
1249580 1540.4
1249590 1540.7
1249600 1541.7
1249610 1541.7
1249620 1543.5
1249630 1544.3
1249640 1544.3
1249650 1544.3
1249660 1547.3
1249670 1550.7
1249680 1550.7
1249690 1553.1
1249700 1555.7
1249710 1555.7
1249720 1558.4
1249730 1561.9
1249740 1561.9
1249750 1564.1
1249760 1566.2
1249770 1566.2
1249780 1569.4
1249790 1572.7
1249800 1572.7
1249810 1575.6
1249820 1579.2
1249830 1572.0
1249840 1575.7
1249850 1576.1
1249860 1576.1
1249870 1573.0
1249880 1574.6
1249890 1574.6
1249900 1589.8
1249910 1600.5
1249920 1600.5
1249930 1609.1
1249940 1620.4
1249950 1630.5
1249960 1630.5
1249970 1634.9
1249980 1636.2
1249990 1636.2
1250000 1640.4
1250010 1647.2
1250020 1647.2
1250030 1656.1
1250040 1666.3
1250050 1666.3
1250060 1672.8
1250070 1679.8
1250080 1679.8
1250090 1688.6
1250100 1696.2
1250110 1696.2
1250120 1702.6
1250130 1708.5
1250140 1708.5
1250150 1713.9
1250160 1718.4
1250170 1718.4
1250180 1722.6
1250190 1726.6
1250200 1726.6
1250210 1731.4
1250220 1736.6
1250230 1742.4
1250240 1742.4
1250250 1747.7
1250260 1753.4
1250270 1753.4
1250280 1759.2
1250290 1765.0
1250300 1765.0
1250310 1771.4
1250320 1778.7
1250330 1778.7
1250340 1787.4
1250350 1798.0
1250360 1798.0
1250370 1806.0
1250380 1811.7
1250390 1811.7
1250400 1807.2
1250410 1803.0
1250420 1803.0
1250430 1805.3
1250440 1813.7
1250450 1813.7
1250460 1824.1
1250470 1829.5
1250480 1829.5
1250490 1834.9
1250500 1839.3
1250510 1845.2
1250520 1845.2
1250530 1852.1
1250540 1856.9
1250550 1856.9
1250560 1862.0
1250570 1868.1
1250580 1868.1
1250590 1874.4
1250600 1879.4
1250610 1879.4
1250620 1883.4
1250630 1887.4
1250640 1887.4
1250650 1890.7
1250660 1895.5
1250670 1895.5
1250680 1900.1
1250690 1906.1
1250700 1906.1
1250710 1913.9
1250720 1921.9
1250730 1921.9
1250740 1922.1
1250750 1914.5
1250760 1914.5
1250770 1921.5
1250780 1936.7
1250790 1944.5
1250800 1944.5
1250810 1950.3
1250820 1956.0
1250830 1956.0
1250840 1961.6
1250850 1967.2
1250860 1967.2
1250870 1973.0
1250880 1972.7
1250890 1972.7
1250900 1970.2
1250910 1975.8
1250920 1979.6
1250930 1987.4
1250940 1995.0
1250950 1995.0
1250960 2001.4
1250970 2007.5
1250980 2007.5
1250990 2014.1
1251000 2021.0
1251010 2021.0
1251020 2027.7
1251030 2034.8
1251040 2034.8
1251050 2042.2
1251060 2049.0
1251070 2055.6
1251080 2055.6
1251090 2062.5
1251100 2070.3
1251110 2070.3
1251120 2077.1
1251130 2084.3
1251140 2084.3
1251150 2091.3
1251160 2098.9
1251170 2098.9
1251180 2107.1
1251190 2112.4
1251200 2112.4
1251210 2116.0
1251220 2113.7
1251230 2113.7
1251240 2106.3
1251250 2098.2
1251260 2098.2
1251270 2090.3
1251280 2082.6
1251290 2082.6
1251300 2076.1
1251310 2069.6
1251320 2069.6
1251330 2061.4
1251340 2054.2
1251350 2048.8
1251360 2048.8
1251370 2044.0
1251380 2038.3
1251390 2038.3
1251400 2032.6
1251410 2028.2
1251420 2028.2
1251430 2027.6
1251440 2028.2
1251450 2028.2
1251460 2024.8
1251470 2010.1
1251480 2010.1
1251490 2001.3
1251500 1996.6
1251510 1996.6
1251520 1994.7
1251530 1991.2
1251540 1991.2
1251550 1981.2
1251560 1968.7
1251570 1968.7
1251580 1959.8
1251590 1946.5
1251600 1946.5
1251610 1935.5
1251620 1931.2
1251630 1931.2
1251640 1929.3
1251650 1929.3
1251660 1928.0
1251670 1928.0
1251680 1916.5
1251690 1895.8
1251700 1895.8
1251710 1886.4
1251720 1880.4
1251730 1880.4
1251740 1876.0
1251750 1871.1
1251760 1871.1
1251770 1864.1
1251780 1853.7
1251790 1853.7
1251800 1842.7
1251810 1831.3
1251820 1831.3
1251830 1823.1
1251840 1816.2
1251850 1816.2
1251860 1810.1
1251870 1803.1
1251880 1803.1
1251890 1795.5
1251900 1788.0
1251910 1788.0
1251920 1781.3
1251930 1774.8
1251940 1766.8
1251950 1766.8
1251960 1759.5
1251970 1754.3
1251980 1754.3
1251990 1749.9
1252000 1742.7
1252010 1742.7
1252020 1729.6
1252030 1722.7
1252040 1722.7
1252050 1713.8
1252060 1707.4
1252070 1707.4
1252080 1695.8
1252090 1678.6
1252100 1678.6
1252110 1667.0
1252120 1655.7
1252130 1655.7
1252140 1643.5
1252150 1628.0
1252160 1628.0
1252170 1605.5
1252180 1589.0
1252190 1589.0
1252200 1580.8
1252210 1573.7
1252220 1566.4
1252230 1566.4
1252240 1558.1
1252250 1550.9
1252260 1550.9
1252270 1546.2
1252280 1543.3
1252290 1543.3
1252300 1539.8
1252310 1536.2
1252320 1536.2
1252330 1532.5
1252340 1528.7
1252350 1528.7
1252360 1524.9
1252370 1520.5
1252380 1520.5
1252390 1515.5
1252400 1510.5
1252410 1510.5
1252420 1507.1
1252430 1505.4
1252440 1505.4
1252450 1504.1
1252460 1501.6
1252470 1501.6
1252480 1498.3
1252490 1494.1
1252500 1490.4
1252510 1490.4
1252520 1487.1
1252530 1483.5
1252540 1483.5
1252550 1479.9
1252560 1475.0
1252570 1475.0
1252580 1471.1
1252590 1467.5
1252600 1467.5
1252610 1463.6
1252620 1459.9
1252630 1459.9
1252640 1456.6
1252650 1453.4
1252660 1453.4
1252670 1449.9
1252680 1446.3
1252690 1446.3
1252700 1443.0
1252710 1439.0
1252720 1439.0
1252730 1434.7
1252740 1431.2
1252750 1431.2
1252760 1428.0
1252770 1424.5
1252780 1421.2
1252790 1421.2
1252800 1418.0
1252810 1415.0
1252820 1415.0
1252830 1411.7
1252840 1408.7
1252850 1408.7
1252860 1405.9
1252870 1403.1
1252880 1403.1
1252890 1400.1
1252900 1397.9
1252910 1397.9
1252920 1396.0
1252930 1394.2
1252940 1394.2
1252950 1391.7
1252960 1388.6
1252970 1388.6
1252980 1385.6
1252990 1383.1
1253000 1383.1
1253010 1380.8
1253020 1378.0
1253030 1378.0
1253040 1375.2
1253050 1372.7
1253060 1370.9
1253070 1370.9
1253080 1369.3
1253090 1367.7
1253100 1367.7
1253110 1366.2
1253120 1365.4
1253130 1365.4
1253140 1364.0
1253150 1362.7
1253160 1362.7
1253170 1361.1
1253180 1359.7
1253190 1359.7
1253200 1358.2
1253210 1356.4
1253220 1356.4
1253230 1354.4
1253240 1352.8
1253250 1352.8
1253260 1351.7
1253270 1350.5
1253280 1350.5
1253290 1349.2
1253300 1348.0
1253310 1348.0
1253320 1347.1
1253330 1346.0
1253340 1345.3
1253350 1345.3
1253360 1344.6
1253370 1344.2
1253380 1344.2
1253390 1344.2
1253400 1346.2
1253410 1346.2
1253420 1345.2
1253430 1342.9
1253440 1342.9
1253450 1342.9
1253460 1344.1
1253470 1344.1
1253480 1345.3
1253490 1346.2
1253500 1346.2
1253510 1347.0
1253520 1348.7
1253530 1348.7
1253540 1350.6
1253550 1351.7
1253560 1351.7
1253570 1353.3
1253580 1354.6
1253590 1354.6
1253600 1355.8
1253610 1357.0
1253620 1358.0
1253630 1358.0
1253640 1358.4
1253650 1358.7
1253660 1358.7
1253670 1361.6
1253680 1362.6
1253690 1362.6
1253700 1363.5
1253710 1364.9
1253720 1364.9
1253730 1365.7
1253740 1366.4
1253750 1366.4
1253760 1366.2
1253770 1366.7
1253780 1366.7
1253790 1367.9
1253800 1368.8
1253810 1368.8
1253820 1369.7
1253830 1371.0
1253840 1371.0
1253850 1372.8
1253860 1376.0
1253870 1376.0
1253880 1379.7
1253890 1383.8
1253900 1388.3
1253910 1388.3
1253920 1393.2
1253930 1397.7
1253940 1397.7
1253950 1401.6
1253960 1405.5
1253970 1405.5
1253980 1409.8
1253990 1414.3
1254000 1414.3
1254010 1418.6
1254020 1422.8
1254030 1422.8
1254040 1427.2
1254050 1431.7
1254060 1431.7
1254070 1436.3
1254080 1440.7
1254090 1440.7
1254100 1445.2
1254110 1449.4
1254120 1449.4
1254130 1454.0
1254140 1458.5
1254150 1458.5
1254160 1462.8
1254170 1466.5
1254180 1466.5
1254190 1470.4
1254200 1474.3
1254210 1478.7
1254220 1475.9
1254230 1479.6
1254240 1483.2
1254250 1483.2
1254260 1486.9
1254270 1490.7
1254280 1490.7
1254290 1494.9
1254300 1499.7
1254310 1499.7
1254320 1504.4
1254330 1508.9
1254340 1508.9
1254350 1512.5
1254360 1516.4
1254370 1516.4
1254380 1521.6
1254390 1525.2
1254400 1525.2
1254410 1528.1
1254420 1530.8
1254430 1530.8
1254440 1535.0
1254450 1540.7
1254460 1540.7
1254470 1547.1
1254480 1553.3
1254490 1559.4
1254500 1559.4
1254510 1564.9
1254520 1571.5
1254530 1571.5
1254540 1579.2
1254550 1589.8
1254560 1589.8
1254570 1601.4
1254580 1622.4
1254590 1622.4
1254600 1638.2
1254610 1643.8
1254620 1643.8
1254630 1649.1
1254640 1655.3
1254650 1655.3
1254660 1662.6
1254670 1670.6
1254680 1670.6
1254690 1677.5
1254700 1682.6
1254710 1682.6
1254720 1680.0
1254730 1671.5
1254740 1671.5
1254750 1676.7
1254760 1685.2
1254770 1687.8
1254780 1687.8
1254790 1697.5
1254800 1707.6
1254810 1707.6
1254820 1715.5
1254830 1723.0
1254840 1723.0
1254850 1727.5
1254860 1732.2
1254870 1732.2
1254880 1735.9
1254890 1740.4
1254900 1740.4
1254910 1743.5
1254920 1744.4
1254930 1744.4
1254940 1746.5
1254950 1747.9
1254960 1747.9
1254970 1749.2
1254980 1751.5
1254990 1751.5
1255000 1755.3
1255010 1762.2
1255020 1762.2
1255030 1769.4
1255040 1775.7
1255050 1780.5
1255060 1780.5
1255070 1781.6
1255080 1782.0
1255090 1782.0
1255100 1786.0
1255110 1786.6
1255120 1786.6
1255130 1787.7
1255140 1789.0
1255150 1789.0
1255160 1782.1
1255170 1772.1
1255180 1772.1
1255190 1772.8
1255200 1782.2
1255210 1782.2
1255220 1791.5
1255230 1804.2
1255240 1804.2
1255250 1813.4
1255260 1813.7
1255270 1813.7
1255280 1811.3
1255290 1813.8
1255300 1813.8
1255310 1820.5
1255320 1830.0
1255330 1829.2
1255340 1829.2
1255350 1834.9
1255360 1840.1
1255370 1840.1
1255380 1845.8
1255390 1858.7
1255400 1858.7
1255410 1874.3
1255420 1885.5
1255430 1885.5
1255440 1900.7
1255450 1909.1
1255460 1909.1
1255470 1914.0
1255480 1916.7
1255490 1916.7
1255500 1920.3
1255510 1925.9
1255520 1925.9
1255530 1930.2
1255540 1934.5
1255550 1934.5
1255560 1940.8
1255570 1946.5
1255580 1946.5
1255590 1952.6
1255600 1958.8
1255610 1964.7
1255620 1964.7
1255630 1970.2
1255640 1977.4
1255650 1977.4
1255660 1985.5
1255670 1992.9
1255680 1992.9
1255690 2000.7
1255700 2008.8
1255710 2008.8
1255720 2016.3
1255730 2024.7
1255740 2024.7
1255750 2033.9
1255760 2041.7
1255770 2041.7
1255780 2048.6
1255790 2054.7
1255800 2054.7
1255810 2057.0
1255820 2058.8
1255830 2058.8
1255840 2062.6
1255850 2069.4
1255860 2069.4
1255870 2077.1
1255880 2084.5
1255890 2096.5
1255900 2096.5
1255910 2098.8
1255920 2102.0
1255930 2102.0
1255940 2108.9
1255950 2110.7
1255960 2110.7
1255970 2106.5
1255980 2105.6
1255990 2105.6
1256000 2125.4
1256010 2143.3
1256020 2143.3
1256030 2149.1
1256040 2150.7
1256050 2150.7
1256060 2148.6
1256070 2140.9
1256080 2140.9
1256090 2131.6
1256100 2125.1
1256110 2125.1
1256120 2118.2
1256130 2110.9
1256140 2110.9
1256150 2101.9
1256160 2094.8
1256170 2083.7
1256180 2083.7
1256190 2060.8
1256200 2041.3
1256210 2041.3
1256220 2030.9
1256230 2019.2
1256240 2019.2
1256250 2001.0
1256260 1992.8
1256270 1992.8
1256280 1995.7
1256290 1995.6
1256300 1995.6
1256310 1979.6
1256320 1971.4
1256330 1971.4
1256340 1965.4
1256350 1953.5
1256360 1953.5
1256370 1944.7
1256380 1940.9
1256390 1940.9
1256400 1927.0
1256410 1913.8
1256420 1913.8
1256430 1903.8
1256440 1893.8
1256450 1884.5
1256460 1884.5
1256470 1877.1
1256480 1872.1
1256490 1872.1
1256500 1867.7
1256510 1865.1
1256520 1865.1
1256530 1866.5
1256540 1860.0
1256550 1860.0
1256560 1837.6
1256570 1826.9
1256580 1826.9
1256590 1825.3
1256600 1828.7
1256610 1828.7
1256620 1822.4
1256630 1810.9
1256640 1810.9
1256650 1804.7
1256660 1802.3
1256670 1802.3
1256680 1796.2
1256690 1793.0
1256700 1793.0
1256710 1795.1
1256720 1797.0
1256730 1797.0
1256740 1787.1
1256750 1771.8
1256760 1762.0
1256770 1762.0
1256780 1754.4
1256790 1748.8
1256800 1748.8
1256810 1744.4
1256820 1742.6
1256830 1742.6
1256840 1741.1
1256850 1742.6
1256860 1742.6
1256870 1736.1
1256880 1732.9
1256890 1732.9
1256900 1733.7
1256910 1730.9
1256920 1730.9
1256930 1717.2
1256940 1720.4
1256950 1720.4
1256960 1720.3
1256970 1708.3
1256980 1708.3
1256990 1696.7
1257000 1681.2
1257010 1681.2
1257020 1675.4
1257030 1667.6
1257040 1659.2
1257050 1659.2
1257060 1650.2
1257070 1641.5
1257080 1641.5
1257090 1632.9
1257100 1625.2
1257110 1625.2
1257120 1619.5
1257130 1615.2
1257140 1615.2
1257150 1611.0
1257160 1607.4
1257170 1607.4
1257180 1604.6
1257190 1602.0
1257200 1602.0
1257210 1598.8
1257220 1595.2
1257230 1595.2
1257240 1592.3
1257250 1589.1
1257260 1589.1
1257270 1585.6
1257280 1583.1
1257290 1583.1
1257300 1581.0
1257310 1579.2
1257320 1576.5
1257330 1576.5
1257340 1573.8
1257350 1570.2
1257360 1570.2
1257370 1566.2
1257380 1563.9
1257390 1563.9
1257400 1562.3
1257410 1560.3
1257420 1560.3
1257430 1558.3
1257440 1556.5
1257450 1556.5
1257460 1554.3
1257470 1551.7
1257480 1551.7
1257490 1549.0
1257500 1546.3
1257510 1546.3
1257520 1543.9
1257530 1541.6
1257540 1541.6
1257550 1539.5
1257560 1537.7
1257570 1538.7
1257580 1537.2
1257590 1535.7
1257600 1533.9
1257610 1533.9
1257620 1532.0
1257630 1530.8
1257640 1530.8
1257650 1529.0
1257660 1527.0
1257670 1527.0
1257680 1525.4
1257690 1524.5
1257700 1524.5
1257710 1524.8
1257720 1525.8
1257730 1525.8
1257740 1526.1
1257750 1527.0
1257760 1527.0
1257770 1529.3
1257780 1532.0
1257790 1532.0
1257800 1534.4
1257810 1535.6
1257820 1535.6
1257830 1535.9
1257840 1535.8
1257850 1535.8
1257860 1537.3
1257870 1539.7
1257880 1542.4
1257890 1542.4
1257900 1543.5
1257910 1545.7
1257920 1545.7
1257930 1547.0
1257940 1545.3
1257950 1545.3
1257960 1547.0
1257970 1549.7
1257980 1549.7
1257990 1553.4
1258000 1558.7
1258010 1558.7
1258020 1564.7
1258030 1568.9
1258040 1568.9
1258050 1572.2
1258060 1576.5
1258070 1576.5
1258080 1581.3
1258090 1583.4
1258100 1583.4
1258110 1584.5
1258120 1584.3
1258130 1591.3
1258140 1592.8
1258150 1596.0
1258160 1601.4
1258170 1601.4
1258180 1608.4
1258190 1614.5
1258200 1614.5
1258210 1617.4
1258220 1619.0
1258230 1619.0
1258240 1623.4
1258250 1628.7
1258260 1628.7
1258270 1634.3
1258280 1642.1
1258290 1642.1
1258300 1650.9
1258310 1659.6
1258320 1659.6
1258330 1668.4
1258340 1676.6
1258350 1676.6
1258360 1684.3
1258370 1691.9
1258380 1691.9
1258390 1699.3
1258400 1706.6
1258410 1706.6
1258420 1713.2
1258430 1720.9
1258440 1728.1
1258450 1728.1
1258460 1734.5
1258470 1741.1
1258480 1741.1
1258490 1747.7
1258500 1753.6
1258510 1753.6
1258520 1757.9
1258530 1762.2
1258540 1762.2
1258550 1765.0
1258560 1768.6
1258570 1768.6
1258580 1770.5
1258590 1774.9
1258600 1774.9
1258610 1779.3
1258620 1782.8
1258630 1782.8
1258640 1786.0
1258650 1789.8
1258660 1789.8
1258670 1795.2
1258680 1799.0
1258690 1803.9
1258700 1807.3
1258710 1810.2
1258720 1812.3
1258730 1812.3
1258740 1814.1
1258750 1812.5
1258760 1812.5
1258770 1810.2
1258780 1808.4
1258790 1808.4
1258800 1805.9
1258810 1803.1
1258820 1803.1
1258830 1804.9
1258840 1808.5
1258850 1808.5
1258860 1811.3
1258870 1812.8
1258880 1812.8
1258890 1815.3
1258900 1818.4
1258910 1818.4
1258920 1820.7
1258930 1821.0
1258940 1821.0
1258950 1821.3
1258960 1824.1
1258970 1824.1
1258980 1825.8
1258990 1828.4
1259000 1834.2
1259010 1834.2
1259020 1840.3
1259030 1844.3
1259040 1844.3
1259050 1847.3
1259060 1851.4
1259070 1851.4
1259080 1857.3
1259090 1863.8
1259100 1863.8
1259110 1870.5
1259120 1876.2
1259130 1876.2
1259140 1881.9
1259150 1887.6
1259160 1887.6
1259170 1892.9
1259180 1898.1
1259190 1898.1
1259200 1902.4
1259210 1904.2
1259220 1904.2
1259230 1905.2
1259240 1906.4
1259250 1906.4
1259260 1907.5
1259270 1907.9
1259280 1906.9
1259290 1906.9
1259300 1905.2
1259310 1902.9
1259320 1902.9
1259330 1900.0
1259340 1896.3
1259350 1896.3
1259360 1892.3
1259370 1886.6
1259380 1886.6
1259390 1879.6
1259400 1873.5
1259410 1873.5
1259420 1867.9
1259430 1863.0
1259440 1863.0
1259450 1859.1
1259460 1855.6
1259470 1855.6
1259480 1852.6
1259490 1848.8
1259500 1848.8
1259510 1844.8
1259520 1839.6
1259530 1839.6
1259540 1834.0
1259550 1828.3
1259560 1822.3
1259570 1822.3
1259580 1816.2
1259590 1810.4
1259600 1810.4
1259610 1805.6
1259620 1801.2
1259630 1801.2
1259640 1797.0
1259650 1792.0
1259660 1792.0
1259670 1784.8
1259680 1781.6
1259690 1781.6
1259700 1781.8
1259710 1779.8
1259720 1779.8
1259730 1776.3
1259740 1775.4
1259750 1775.4
1259760 1774.9
1259770 1772.5
1259780 1772.5
1259790 1769.7
1259800 1766.9
1259810 1766.9
1259820 1761.1
1259830 1758.1
1259840 1758.1
1259850 1757.6
1259860 1756.8
1259870 1755.1
1259880 1755.1
1259890 1754.0
1259900 1753.0
1259910 1753.0
1259920 1749.3
1259930 1746.1
1259940 1746.1
1259950 1741.5
1259960 1735.7
1259970 1735.7
1259980 1732.2
1259990 1730.2
