1240000 1390.4
1240010 1390.4
1240020 1391.3
1240030 1392.1
1240040 1392.1
1240050 1392.9
1240060 1393.8
1240070 1393.8
1240080 1394.0
1240090 1394.1
1240100 1394.1
1240110 1394.8
1240120 1397.1
1240130 1397.1
1240140 1399.4
1240150 1400.6
1240160 1400.6
1240170 1400.8
1240180 1400.8
1240190 1400.8
1240200 1400.6
1240210 1400.0
1240220 1400.0
1240230 1399.2
1240240 1400.0
1240250 1402.2
1240260 1402.2
1240270 1397.6
1240280 1394.2
1240290 1394.2
1240300 1391.3
1240310 1389.4
1240320 1389.4
1240330 1388.2
1240340 1387.0
1240350 1387.0
1240360 1385.5
1240370 1383.9
1240380 1383.9
1240390 1383.5
1240400 1383.8
1240410 1383.8
1240420 1384.4
1240430 1385.1
1240440 1385.1
1240450 1384.8
1240460 1384.1
1240470 1384.1
1240480 1383.2
1240490 1382.0
1240500 1382.0
1240510 1380.2
1240520 1378.4
1240530 1377.9
1240540 1377.9
1240550 1377.1
1240560 1376.4
1240570 1376.4
1240580 1375.4
1240590 1374.7
1240600 1374.7
1240610 1373.9
1240620 1373.4
1240630 1373.4
1240640 1373.5
1240650 1374.1
1240660 1374.1
1240670 1375.1
1240680 1376.2
1240690 1376.2
1240700 1377.3
1240710 1378.3
1240720 1378.3
1240730 1379.5
1240740 1379.7
1240750 1379.7
1240760 1379.1
1240770 1378.5
1240780 1378.5
1240790 1377.0
1240800 1375.0
1240810 1375.0
1240820 1373.2
1240830 1371.0
1240840 1370.1
1240850 1370.1
1240860 1369.8
1240870 1370.3
1240880 1370.3
1240890 1370.0
1240900 1370.0
1240910 1370.0
1240920 1369.4
1240930 1368.8
1240940 1368.8
1240950 1367.8
1240960 1367.6
1240970 1367.6
1240980 1368.1
1240990 1368.0
1241000 1368.0
1241010 1368.1
1241020 1367.7
1241030 1367.7
1241040 1366.4
1241050 1364.6
1241060 1364.6
1241070 1362.7
1241080 1361.2
1241090 1361.2
1241100 1360.1
1241110 1359.8
1241120 1360.8
1241130 1360.8
1241140 1361.8
1241150 1362.4
1241160 1362.4
1241170 1363.7
1241180 1364.9
1241190 1364.9
1241200 1364.6
1241210 1362.5
1241220 1362.5
1241230 1360.5
1241240 1359.1
1241250 1359.1
1241260 1357.7
1241270 1356.1
1241280 1356.1
1241290 1354.8
1241300 1353.7
1241310 1353.7
1241320 1355.4
1241330 1354.4
1241340 1354.4
1241350 1353.1
1241360 1351.4
1241370 1351.4
1241380 1349.4
1241390 1347.3
1241400 1344.9
1241410 1344.9
1241420 1342.6
1241430 1340.3
1241440 1340.3
1241450 1338.3
1241460 1336.6
1241470 1336.6
1241480 1335.2
1241490 1334.2
1241500 1334.2
1241510 1333.0
1241520 1330.7
1241530 1330.7
1241540 1329.0
1241550 1329.8
1241560 1329.8
1241570 1332.1
1241580 1334.3
1241590 1334.3
1241600 1336.5
1241610 1338.6
1241620 1338.6
1241630 1340.4
1241640 1341.5
1241650 1341.5
1241660 1342.3
1241670 1342.6
1241680 1342.0
1241690 1342.0
1241700 1339.3
1241710 1335.8
1241720 1335.8
1241730 1334.1
1241740 1332.5
1241750 1332.5
1241760 1330.1
1241770 1327.5
1241780 1327.5
1241790 1324.7
1241800 1322.1
1241810 1322.1
1241820 1319.2
1241830 1316.4
1241840 1316.0
1241850 1314.6
1241860 1313.4
1241870 1313.4
1241880 1312.6
1241890 1312.1
1241900 1312.1
1241910 1312.3
1241920 1313.1
1241930 1313.1
1241940 1313.1
1241950 1312.9
1241960 1311.8
1241970 1311.8
1241980 1310.8
1241990 1310.2
1242000 1310.2
1242010 1309.5
1242020 1308.8
1242030 1308.8
1242040 1308.2
1242050 1307.6
1242060 1307.6
1242070 1307.3
1242080 1306.8
1242090 1306.8
1242100 1306.1
1242110 1305.2
1242120 1305.2
1242130 1304.8
1242140 1304.9
1242150 1304.9
1242160 1305.4
1242170 1305.5
1242180 1305.5
1242190 1305.4
1242200 1305.2
1242210 1305.2
1242220 1305.2
1242230 1305.1
1242240 1305.2
1242250 1305.2
1242260 1305.3
1242270 1305.5
1242280 1305.5
1242290 1305.6
1242300 1305.7
1242310 1305.7
1242320 1305.8
1242330 1305.7
1242340 1305.7
1242350 1305.8
1242360 1305.7
1242370 1305.0
1242380 1305.2
1242390 1305.6
1242400 1305.6
1242410 1306.0
1242420 1306.2
1242430 1306.2
1242440 1306.3
1242450 1306.7
1242460 1306.7
1242470 1307.0
1242480 1307.1
1242490 1307.1
1242500 1307.0
1242510 1307.0
1242520 1307.0
1242530 1307.0
1242540 1306.9
1242550 1306.6
1242560 1306.6
1242570 1306.0
1242580 1305.7
1242590 1305.7
1242600 1306.6
1242610 1307.2
1242620 1307.2
1242630 1307.7
1242640 1308.1
1242650 1308.1
1242660 1308.6
1242670 1309.2
1242680 1309.2
1242690 1309.9
1242700 1310.8
1242710 1310.8
1242720 1311.5
1242730 1312.0
1242740 1312.0
1242750 1312.2
1242760 1311.9
1242770 1311.9
1242780 1311.6
1242790 1311.4
1242800 1311.6
1242810 1311.6
1242820 1311.7
1242830 1311.9
1242840 1311.9
1242850 1312.0
1242860 1312.0
1242870 1312.0
1242880 1312.1
1242890 1309.0
1242900 1309.0
1242910 1306.6
1242920 1304.9
1242930 1304.9
1242940 1304.0
1242950 1303.1
1242960 1303.1
1242970 1302.1
1242980 1301.4
1242990 1301.4
1243000 1300.4
1243010 1298.9
1243020 1298.9
1243030 1297.4
1243040 1295.5
1243050 1295.5
1243060 1293.4
1243070 1291.0
1243080 1291.0
1243090 1288.9
1243100 1287.1
1243110 1285.2
1243120 1285.2
1243130 1283.3
1243140 1281.4
1243150 1281.4
1243160 1279.8
1243170 1278.2
1243180 1278.2
1243190 1276.8
1243200 1275.6
1243210 1275.6
1243220 1274.0
1243230 1272.5
1243240 1272.5
1243250 1270.4
1243260 1268.3
1243270 1268.3
1243280 1266.1
1243290 1263.3
1243300 1263.3
1243310 1260.5
1243320 1257.5
1243330 1257.5
1243340 1252.5
1243350 1249.9
1243360 1249.9
1243370 1250.8
1243380 1253.6
1243390 1257.3
1243400 1257.3
1243410 1259.0
1243420 1252.6
1243430 1252.6
1243440 1250.2
1243450 1248.9
1243460 1248.9
1243470 1247.3
1243480 1246.5
1243490 1246.5
1243500 1246.4
1243510 1245.7
1243520 1245.7
1243530 1244.3
1243540 1243.0
1243550 1243.0
1243560 1241.4
1243570 1238.3
1243580 1238.3
1243590 1234.6
1243600 1231.1
1243610 1231.1
1243620 1227.9
1243630 1225.7
1243640 1225.7
1243650 1223.4
1243660 1220.7
1243670 1219.1
1243680 1219.1
1243690 1218.6
1243700 1218.1
1243710 1218.1
1243720 1218.0
1243730 1218.3
1243740 1218.3
1243750 1218.7
1243760 1222.9
1243770 1222.9
1243780 1226.2
1243790 1226.0
1243800 1226.0
1243810 1224.2
1243820 1219.8
1243830 1219.8
1243840 1215.4
1243850 1212.3
1243860 1212.3
1243870 1208.4
1243880 1205.6
1243890 1205.6
1243900 1204.3
1243910 1203.1
1243920 1203.1
1243930 1202.1
1243940 1202.2
1243950 1198.8
1243960 1198.8
1243970 1199.9
1243980 1202.3
1243990 1202.3
1244000 1203.6
1244010 1199.6
1244020 1199.6
1244030 1195.5
1244040 1191.4
1244050 1191.4
1244060 1186.7
1244070 1184.1
1244080 1184.1
1244090 1183.4
1244100 1182.3
1244110 1182.3
1244120 1181.0
1244130 1179.1
1244140 1179.1
1244150 1178.5
1244160 1178.2
1244170 1178.2
1244180 1177.6
1244190 1177.0
1244200 1177.0
1244210 1176.6
1244220 1176.3
1244230 1175.8
1244240 1175.8
1244250 1175.2
1244260 1174.6
1244270 1174.6
1244280 1173.9
1244290 1173.4
1244300 1173.4
1244310 1173.1
1244320 1172.6
1244330 1172.6
1244340 1172.3
1244350 1172.0
1244360 1172.0
1244370 1171.7
1244380 1171.5
1244390 1171.5
1244400 1171.0
1244410 1170.5
1244420 1170.5
1244430 1170.3
1244440 1169.8
1244450 1169.8
1244460 1169.2
1244470 1168.4
1244480 1167.3
1244490 1166.9
1244500 1166.4
1244510 1166.3
1244520 1166.3
1244530 1166.2
1244540 1166.2
1244550 1166.2
1244560 1166.1
1244570 1167.0
1244580 1167.0
1244590 1168.0
1244600 1167.8
1244610 1167.8
1244620 1167.7
1244630 1168.2
1244640 1168.2
1244650 1172.1
1244660 1177.1
1244670 1177.1
1244680 1180.5
1244690 1180.4
1244700 1180.4
1244710 1180.8
1244720 1184.4
1244730 1184.4
1244740 1185.7
1244750 1185.7
1244760 1185.7
1244770 1186.5
1244780 1189.3
1244790 1194.4
1244800 1194.4
1244810 1200.4
1244820 1203.4
1244830 1203.4
1244840 1201.2
1244850 1203.7
1244860 1203.7
1244870 1205.4
1244880 1205.4
1244890 1205.4
1244900 1206.4
1244910 1207.2
1244920 1207.2
1244930 1208.0
1244940 1209.0
1244950 1209.0
1244960 1209.9
1244970 1210.4
1244980 1210.4
1244990 1211.6
1245000 1212.5
1245010 1213.9
1245020 1215.1
1245030 1216.8
1245040 1216.8
1245050 1217.9
1245060 1218.1
1245070 1217.8
1245080 1217.8
1245090 1217.2
1245100 1216.5
1245110 1216.5
1245120 1215.8
1245130 1215.0
1245140 1215.0
1245150 1214.0
1245160 1213.7
1245170 1213.7
1245180 1214.2
1245190 1213.4
1245200 1213.4
1245210 1211.6
1245220 1210.4
1245230 1210.4
1245240 1211.3
1245250 1212.2
1245260 1212.2
1245270 1212.2
1245280 1212.0
1245290 1212.0
1245300 1211.3
1245310 1210.8
1245320 1210.8
1245330 1210.5
1245340 1210.3
1245350 1210.3
1245360 1210.4
1245370 1209.7
1245380 1208.3
1245390 1208.3
1245400 1206.9
1245410 1205.6
1245420 1205.6
1245430 1204.6
1245440 1204.3
1245450 1204.3
1245460 1204.0
1245470 1203.8
1245480 1203.8
1245490 1203.6
1245500 1203.4
1245510 1203.4
1245520 1203.2
1245530 1202.8
1245540 1202.4
1245550 1202.2
1245560 1200.8
1245570 1200.8
1245580 1200.5
1245590 1199.4
1245600 1199.4
1245610 1197.9
1245620 1198.0
1245630 1198.0
1245640 1198.0
1245650 1197.1
1245660 1195.8
1245670 1195.8
1245680 1193.5
1245690 1191.8
1245700 1191.8
1245710 1190.8
1245720 1189.9
1245730 1189.9
1245740 1188.6
1245750 1187.7
1245760 1187.7
1245770 1186.6
1245780 1186.2
1245790 1186.2
1245800 1186.3
1245810 1186.6
1245820 1186.6
1245830 1185.9
1245840 1184.3
1245850 1184.3
1245860 1182.8
1245870 1180.3
1245880 1180.3
1245890 1176.5
1245900 1172.9
1245910 1172.9
1245920 1173.0
1245930 1173.8
1245940 1171.3
1245950 1171.3
1245960 1169.9
1245970 1171.1
1245980 1171.1
1245990 1171.3
1246000 1173.0
1246010 1173.0
1246020 1174.4
1246030 1174.7
1246040 1174.7
1246050 1176.2
1246060 1176.5
1246070 1176.5
1246080 1176.2
1246090 1176.8
1246100 1176.8
1246110 1178.1
1246120 1180.0
1246130 1180.0
1246140 1182.7
1246150 1184.7
1246160 1184.7
1246170 1186.0
1246180 1185.5
1246190 1185.5
1246200 1184.9
1246210 1185.1
1246220 1187.0
1246230 1187.0
1246240 1188.1
1246250 1186.4
1246260 1186.4
1246270 1184.9
1246280 1185.2
1246290 1185.2
1246300 1187.1
1246310 1187.4
1246320 1187.4
1246330 1188.4
1246340 1190.6
1246350 1190.6
1246360 1195.6
1246370 1201.1
1246380 1201.1
1246390 1202.5
1246400 1204.0
1246410 1204.0
1246420 1211.7
1246430 1216.5
1246440 1216.5
1246450 1221.6
1246460 1227.3
1246470 1227.3
1246480 1232.8
1246490 1239.2
1246500 1246.3
1246510 1246.3
1246520 1255.8
1246530 1266.9
1246540 1266.9
1246550 1275.5
1246560 1286.9
1246570 1286.9
1246580 1299.1
1246590 1308.6
1246600 1308.6
1246610 1322.2
1246620 1329.5
1246630 1329.5
1246640 1335.1
1246650 1340.1
1246660 1340.1
1246670 1343.9
1246680 1345.2
1246690 1345.2
1246700 1346.5
1246710 1348.4
1246720 1348.4
1246730 1350.9
1246740 1352.7
1246750 1352.7
1246760 1354.8
1246770 1358.3
1246780 1360.9
1246790 1360.9
1246800 1365.0
1246810 1370.2
1246820 1370.2
1246830 1372.0
1246840 1373.5
1246850 1373.5
1246860 1375.1
1246870 1377.9
1246880 1377.9
1246890 1383.1
1246900 1388.9
1246910 1388.9
1246920 1393.0
1246930 1395.8
1246940 1395.8
1246950 1397.7
1246960 1398.7
1246970 1398.7
1246980 1399.4
1246990 1400.0
1247000 1400.0
1247010 1400.6
1247020 1400.9
1247030 1400.9
1247040 1401.8
1247050 1404.2
1247060 1406.9
1247070 1406.9
1247080 1409.3
1247090 1410.8
1247100 1410.8
1247110 1411.5
1247120 1411.6
1247130 1411.6
1247140 1409.5
1247150 1408.7
1247160 1408.7
1247170 1410.3
1247180 1412.5
1247190 1412.5
1247200 1414.3
1247210 1415.0
1247220 1415.0
1247230 1415.2
1247240 1415.4
1247250 1415.4
1247260 1415.9
1247270 1416.5
1247280 1416.5
1247290 1416.8
1247300 1416.5
1247310 1416.5
1247320 1416.0
1247330 1416.5
1247340 1417.3
1247350 1417.3
1247360 1417.1
1247370 1416.9
1247380 1416.9
1247390 1417.4
1247400 1418.5
1247410 1418.5
1247420 1419.6
1247430 1420.5
1247440 1420.5
1247450 1421.2
1247460 1422.0
1247470 1422.0
1247480 1423.2
1247490 1424.1
1247500 1424.1
1247510 1424.6
1247520 1425.3
1247530 1425.3
1247540 1425.6
1247550 1425.7
1247560 1425.7
1247570 1427.5
1247580 1431.5
1247590 1431.5
1247600 1434.2
1247610 1435.9
1247620 1437.2
1247630 1437.2
1247640 1437.2
1247650 1436.5
1247660 1436.5
1247670 1435.5
1247680 1433.7
1247690 1427.8
1247700 1426.7
1247710 1425.0
1247720 1425.0
1247730 1424.3
1247740 1424.6
1247750 1424.6
1247760 1425.5
1247770 1423.8
1247780 1423.8
1247790 1422.2
1247800 1420.4
1247810 1420.4
1247820 1421.0
1247830 1423.1
1247840 1423.1
1247850 1424.2
1247860 1424.2
1247870 1424.2
1247880 1423.7
1247890 1423.3
1247900 1423.3
1247910 1424.1
1247920 1425.2
1247930 1426.3
1247940 1426.3
1247950 1425.9
1247960 1428.0
1247970 1428.0
1247980 1430.1
1247990 1433.6
1248000 1433.6
1248010 1434.8
1248020 1435.6
1248030 1435.6
1248040 1434.4
1248050 1432.4
1248060 1432.4
1248070 1431.5
1248080 1432.4
1248090 1432.4
1248100 1434.4
1248110 1435.3
1248120 1435.3
1248130 1435.6
1248140 1435.5
1248150 1435.5
1248160 1435.3
1248170 1436.2
1248180 1436.2
1248190 1437.5
1248200 1439.2
1248210 1441.0
1248220 1441.0
1248230 1437.4
1248240 1439.5
1248250 1439.5
1248260 1441.7
1248270 1444.0
1248280 1444.0
1248290 1446.7
1248300 1448.3
1248310 1448.3
1248320 1448.1
1248330 1449.3
1248340 1449.3
1248350 1451.3
1248360 1451.6
1248370 1451.6
1248380 1451.2
1248390 1452.0
1248400 1452.0
1248410 1451.9
1248420 1451.7
1248430 1451.7
1248440 1451.5
1248450 1449.6
1248460 1449.6
1248470 1445.6
1248480 1443.8
1248490 1441.8
1248500 1441.8
1248510 1438.6
1248520 1436.5
1248530 1436.5
1248540 1436.2
1248550 1441.4
1248560 1441.4
1248570 1446.9
1248580 1451.9
1248590 1451.9
1248600 1455.5
1248610 1457.8
1248620 1457.8
1248630 1459.2
1248640 1461.3
1248650 1461.3
1248660 1462.0
1248670 1462.6
1248680 1462.6
1248690 1463.8
1248700 1465.3
1248710 1465.3
1248720 1465.6
1248730 1466.3
1248740 1466.3
1248750 1467.2
1248760 1467.4
1248770 1462.7
1248780 1462.7
1248790 1464.0
1248800 1467.6
1248810 1467.6
1248820 1470.8
1248830 1473.6
1248840 1473.6
1248850 1477.7
1248860 1481.2
1248870 1481.2
1248880 1486.3
1248890 1491.7
1248900 1491.7
1248910 1493.2
1248920 1492.4
1248930 1492.4
1248940 1492.0
1248950 1492.1
1248960 1492.1
1248970 1491.8
1248980 1491.9
1248990 1491.9
1249000 1492.9
1249010 1493.4
1249020 1493.4
1249030 1493.8
1249040 1492.0
1249050 1490.2
1249060 1490.2
1249070 1494.7
1249080 1501.3
1249090 1501.3
1249100 1506.5
1249110 1510.5
1249120 1510.5
1249130 1512.7
1249140 1514.2
1249150 1514.2
1249160 1515.0
1249170 1514.7
1249180 1514.7
1249190 1513.9
1249200 1510.9
1249210 1510.9
1249220 1509.9
1249230 1515.9
1249240 1515.9
1249250 1520.0
1249260 1521.2
1249270 1521.2
1249280 1523.1
1249290 1523.7
1249300 1523.7
1249310 1518.1
1249320 1520.5
1249330 1522.7
1249340 1522.7
1249350 1525.4
1249360 1527.7
1249370 1527.7
1249380 1529.7
1249390 1531.3
1249400 1531.3
1249410 1534.2
1249420 1538.3
1249430 1538.3
1249440 1540.5
1249450 1541.8
1249460 1541.8
1249470 1542.8
1249480 1547.2
1249490 1547.2
1249500 1550.0
1249510 1556.9
1249520 1556.9
1249530 1563.3
1249540 1563.0
1249550 1563.0
1249560 1561.2
1249570 1561.7
1249580 1561.7
1249590 1560.5
1249600 1558.2
1249610 1560.0
1249620 1560.0
1249630 1562.0
1249640 1562.7
1249650 1562.7
1249660 1564.0
1249670 1567.8
1249680 1567.8
1249690 1569.6
1249700 1573.8
1249710 1573.8
1249720 1577.7
1249730 1579.0
1249740 1579.0
1249750 1581.1
1249760 1584.0
1249770 1584.0
1249780 1586.9
1249790 1588.7
1249800 1588.7
1249810 1590.2
1249820 1594.2
1249830 1594.2
1249840 1598.6
1249850 1592.7
1249860 1592.7
1249870 1593.1
1249880 1592.8
1249890 1596.3
1249900 1596.3
1249910 1598.6
1249920 1600.8
1249930 1600.8
1249940 1605.1
1249950 1609.2
1249960 1609.2
1249970 1616.8
1249980 1623.0
1249990 1623.0
1250000 1629.4
1250010 1640.4
1250020 1640.4
1250030 1653.6
1250040 1658.2
1250050 1658.2
1250060 1660.6
1250070 1666.8
1250080 1666.8
1250090 1680.0
1250100 1690.9
1250110 1690.9
1250120 1697.4
1250130 1701.4
1250140 1701.4
1250150 1705.8
1250160 1709.2
1250170 1709.2
1250180 1714.0
1250190 1719.6
1250200 1724.4
1250210 1724.4
1250220 1728.5
1250230 1733.2
1250240 1733.2
1250250 1738.4
1250260 1743.0
1250270 1743.0
1250280 1749.0
1250290 1755.3
1250300 1755.3
1250310 1762.1
1250320 1769.4
1250330 1769.4
1250340 1776.1
1250350 1784.0
1250360 1784.0
1250370 1792.8
1250380 1794.2
1250390 1800.8
1250400 1793.9
1250410 1792.2
1250420 1792.2
1250430 1799.9
1250440 1808.0
1250450 1808.0
1250460 1812.0
1250470 1818.0
1250480 1824.3
1250490 1824.3
1250500 1830.6
1250510 1838.3
1250520 1838.3
1250530 1844.3
1250540 1851.5
1250550 1851.5
1250560 1857.0
1250570 1861.5
1250580 1861.5
1250590 1867.6
1250600 1873.2
1250610 1873.2
1250620 1877.4
1250630 1880.4
1250640 1880.4
1250650 1885.0
1250660 1890.9
1250670 1890.9
1250680 1895.2
1250690 1898.9
1250700 1898.9
1250710 1900.4
1250720 1900.0
1250730 1900.0
1250740 1902.5
1250750 1908.5
1250760 1921.8
1250770 1921.8
1250780 1932.5
1250790 1939.5
1250800 1939.5
1250810 1945.4
1250820 1950.5
1250830 1950.5
1250840 1953.1
1250850 1953.1
1250860 1953.1
1250870 1954.6
1250880 1957.8
1250890 1957.8
1250900 1965.1
1250910 1974.4
1250920 1974.4
1250930 1981.4
1250940 1990.4
1250950 1990.4
1250960 1997.4
1250970 2004.6
1250980 2004.6
1250990 2011.5
1251000 2018.8
1251010 2018.8
1251020 2026.0
1251030 2033.2
1251040 2039.7
1251050 2039.7
1251060 2046.5
1251070 2053.3
1251080 2053.3
1251090 2059.5
1251100 2066.3
1251110 2066.3
1251120 2073.0
1251130 2079.3
1251140 2079.3
1251150 2086.1
1251160 2093.2
1251170 2093.2
1251180 2100.5
1251190 2107.0
1251200 2107.0
1251210 2113.0
1251220 2119.5
1251230 2119.5
1251240 2115.1
1251250 2105.7
1251260 2105.7
1251270 2098.1
1251280 2090.8
1251290 2090.8
1251300 2086.8
1251310 2080.6
1251320 2070.5
1251330 2070.5
1251340 2064.8
1251350 2060.5
1251360 2060.5
1251370 2054.4
1251380 2047.9
1251390 2047.9
1251400 2043.6
1251410 2040.9
1251420 2040.9
1251430 2040.7
1251440 2038.0
1251450 2038.0
1251460 2031.9
1251470 2025.7
1251480 2020.9
1251490 2014.8
1251500 2010.7
1251510 2010.7
1251520 2005.2
1251530 1996.1
1251540 1996.1
1251550 1983.0
1251560 1973.2
1251570 1973.2
1251580 1965.7
1251590 1954.7
1251600 1948.0
1251610 1948.0
1251620 1943.8
1251630 1942.3
1251640 1942.3
1251650 1934.7
1251660 1922.2
1251670 1922.2
1251680 1908.5
1251690 1895.0
1251700 1895.0
1251710 1876.8
1251720 1870.0
1251730 1870.0
1251740 1864.3
1251750 1858.8
1251760 1858.8
1251770 1853.9
1251780 1848.0
1251790 1848.0
1251800 1840.0
1251810 1833.0
1251820 1833.0
1251830 1828.4
1251840 1819.1
1251850 1819.1
1251860 1805.3
1251870 1798.2
1251880 1791.0
1251890 1791.0
1251900 1786.2
1251910 1784.0
1251920 1784.0
1251930 1778.9
1251940 1771.3
1251950 1771.3
1251960 1763.9
1251970 1757.3
1251980 1757.3
1251990 1750.2
1252000 1742.1
1252010 1742.1
1252020 1734.4
1252030 1727.5
1252040 1727.5
1252050 1719.5
1252060 1711.9
1252070 1711.9
1252080 1701.8
1252090 1689.2
1252100 1689.2
1252110 1676.8
1252120 1659.1
1252130 1659.1
1252140 1635.1
1252150 1623.8
1252160 1606.3
1252170 1606.3
1252180 1593.0
1252190 1585.0
1252200 1585.0
1252210 1577.3
1252220 1569.2
1252230 1569.2
1252240 1561.9
1252250 1556.2
1252260 1556.2
1252270 1552.5
1252280 1547.5
1252290 1547.5
1252300 1539.9
1252310 1533.5
1252320 1533.5
1252330 1529.0
1252340 1525.8
1252350 1525.8
1252360 1524.1
1252370 1522.3
1252380 1522.3
1252390 1521.8
1252400 1521.0
1252410 1521.0
1252420 1519.0
1252430 1516.4
1252440 1513.1
1252450 1513.1
1252460 1508.6
1252470 1503.3
1252480 1503.3
1252490 1498.1
1252500 1493.0
1252510 1493.0
1252520 1489.0
1252530 1485.8
1252540 1485.8
1252550 1483.1
1252560 1480.2
1252570 1480.2
1252580 1474.7
1252590 1471.1
1252600 1471.1
1252610 1467.6
1252620 1464.3
1252630 1464.3
1252640 1460.7
1252650 1456.8
1252660 1456.8
1252670 1453.4
1252680 1449.9
1252690 1449.9
1252700 1445.9
1252710 1441.9
1252720 1437.9
1252730 1437.9
1252740 1435.3
1252750 1432.7
1252760 1432.7
1252770 1429.5
1252780 1426.2
1252790 1426.2
1252800 1422.7
1252810 1419.3
1252820 1419.3
1252830 1416.0
1252840 1413.1
1252850 1413.1
1252860 1409.8
1252870 1406.7
1252880 1406.7
1252890 1404.3
1252900 1402.0
1252910 1402.0
1252920 1399.2
1252930 1396.0
1252940 1396.0
1252950 1392.8
1252960 1389.9
1252970 1389.9
1252980 1386.7
1252990 1383.5
1253000 1383.5
1253010 1380.9
1253020 1379.0
1253030 1377.0
1253040 1377.0
1253050 1374.7
1253060 1373.0
1253070 1373.0
1253080 1371.2
1253090 1369.2
1253100 1369.2
1253110 1367.1
1253120 1364.8
1253130 1364.1
1253140 1362.1
1253150 1360.3
1253160 1360.3
1253170 1358.6
1253180 1357.4
1253190 1357.4
1253200 1356.0
1253210 1354.4
1253220 1354.4
1253230 1352.7
1253240 1351.5
1253250 1351.5
1253260 1350.2
1253270 1348.9
1253280 1348.9
1253290 1347.5
1253300 1346.2
1253310 1345.1
1253320 1345.1
1253330 1344.1
1253340 1343.0
1253350 1343.0
1253360 1342.4
1253370 1342.0
1253380 1342.0
1253390 1342.9
1253400 1344.5
1253410 1344.5
1253420 1344.1
1253430 1341.6
1253440 1341.6
1253450 1341.2
1253460 1342.1
1253470 1342.1
1253480 1343.1
1253490 1344.0
1253500 1344.0
1253510 1345.1
1253520 1347.0
1253530 1347.0
1253540 1348.4
1253550 1349.9
1253560 1349.9
1253570 1351.4
1253580 1352.5
1253590 1353.5
1253600 1353.5
1253610 1354.0
1253620 1354.1
1253630 1354.1
1253640 1354.7
1253650 1356.0
1253660 1356.0
1253670 1357.2
1253680 1359.3
1253690 1359.3
1253700 1360.4
1253710 1361.5
1253720 1361.5
1253730 1362.1
1253740 1362.2
1253750 1362.2
1253760 1362.3
1253770 1362.6
1253780 1362.6
1253790 1363.8
1253800 1365.2
1253810 1365.2
1253820 1366.9
1253830 1369.6
1253840 1369.6
1253850 1373.4
1253860 1377.3
1253870 1381.5
1253880 1381.5
1253890 1386.0
1253900 1389.6
1253910 1389.6
1253920 1394.1
1253930 1398.5
1253940 1398.5
1253950 1402.9
1253960 1407.2
1253970 1407.2
1253980 1411.4
1253990 1416.1
1254000 1416.1
1254010 1420.6
1254020 1424.6
1254030 1424.6
1254040 1428.7
1254050 1433.2
1254060 1433.2
1254070 1437.3
1254080 1441.8
1254090 1441.8
1254100 1446.6
1254110 1451.5
1254120 1451.5
1254130 1456.1
1254140 1460.9
1254150 1465.3
1254160 1465.3
1254170 1469.3
1254180 1473.4
1254190 1473.4
1254200 1477.9
1254210 1482.0
1254220 1482.0
1254230 1485.9
1254240 1488.4
1254250 1488.4
1254260 1492.3
1254270 1496.4
1254280 1496.4
1254290 1500.6
1254300 1504.4
1254310 1504.4
1254320 1508.6
1254330 1513.0
1254340 1513.0
1254350 1518.0
1254360 1522.7
1254370 1522.7
1254380 1527.1
1254390 1532.0
1254400 1532.0
1254410 1536.4
1254420 1538.8
1254430 1542.6
1254440 1542.6
1254450 1547.2
1254460 1551.6
1254470 1551.6
1254480 1555.0
1254490 1559.2
1254500 1559.2
1254510 1566.4
1254520 1575.3
1254530 1575.3
1254540 1583.1
1254550 1591.0
1254560 1591.0
1254570 1606.3
1254580 1624.3
1254590 1624.3
1254600 1635.2
1254610 1641.9
1254620 1641.9
1254630 1648.3
1254640 1655.3
1254650 1655.3
1254660 1663.2
1254670 1670.9
1254680 1670.9
1254690 1681.0
1254700 1697.7
1254710 1707.1
1254720 1707.1
1254730 1701.8
1254740 1691.8
1254750 1691.8
1254760 1693.9
1254770 1706.5
1254780 1706.5
1254790 1716.4
1254800 1721.1
1254810 1721.1
1254820 1721.1
1254830 1726.9
1254840 1726.9
1254850 1737.9
1254860 1745.7
1254870 1745.7
1254880 1751.1
1254890 1755.4
1254900 1755.4
1254910 1760.0
1254920 1761.8
1254930 1761.8
1254940 1762.1
1254950 1763.8
1254960 1763.8
1254970 1765.8
1254980 1767.7
1254990 1770.3
1255000 1770.3
1255010 1774.8
1255020 1781.9
1255030 1781.9
1255040 1787.0
1255050 1794.0
1255060 1794.0
1255070 1798.5
1255080 1799.3
1255090 1799.3
1255100 1802.4
1255110 1804.8
1255120 1804.8
1255130 1805.5
1255140 1805.9
1255150 1805.9
1255160 1800.8
1255170 1790.2
1255180 1790.2
1255190 1791.5
1255200 1801.2
1255210 1801.2
1255220 1808.5
1255230 1820.6
1255240 1820.6
1255250 1828.1
1255260 1832.9
1255270 1836.1
1255280 1836.1
1255290 1835.3
1255300 1840.3
1255310 1840.3
1255320 1848.7
1255330 1851.7
1255340 1851.7
1255350 1847.5
1255360 1855.3
1255370 1855.3
1255380 1861.0
1255390 1862.7
1255400 1862.7
1255410 1864.8
1255420 1870.9
1255430 1870.9
1255440 1879.3
1255450 1886.8
1255460 1886.8
1255470 1894.5
1255480 1901.7
1255490 1901.7
1255500 1908.5
1255510 1917.3
1255520 1917.3
1255530 1924.5
1255540 1930.1
1255550 1930.1
1255560 1935.0
1255570 1943.1
1255580 1952.6
1255590 1952.6
1255600 1959.8
1255610 1965.1
1255620 1965.1
1255630 1971.0
1255640 1977.6
1255650 1977.6
1255660 1986.4
1255670 1994.2
1255680 1994.2
1255690 2002.4
1255700 2009.8
1255710 2009.8
1255720 2017.2
1255730 2023.8
1255740 2023.8
1255750 2029.5
1255760 2034.3
1255770 2034.3
1255780 2039.7
1255790 2039.5
1255800 2039.5
1255810 2037.4
1255820 2046.4
1255830 2046.4
1255840 2056.1
1255850 2064.1
1255860 2066.8
1255870 2066.8
1255880 2069.3
1255890 2073.4
1255900 2081.2
1255910 2074.8
1255920 2072.1
1255930 2072.1
1255940 2076.6
1255950 2081.7
1255960 2081.7
1255970 2086.7
1255980 2082.0
1255990 2082.0
1256000 2086.8
1256010 2100.2
1256020 2100.2
1256030 2100.6
1256040 2102.9
1256050 2102.9
1256060 2111.5
1256070 2110.2
1256080 2110.2
1256090 2108.0
1256100 2109.1
1256110 2109.1
1256120 2107.6
1256130 2100.8
1256140 2079.4
1256150 2079.4
1256160 2049.1
1256170 2040.5
1256180 2040.5
1256190 2031.8
1256200 2022.6
1256210 2022.6
1256220 2012.8
1256230 2006.6
1256240 2006.6
1256250 2001.9
1256260 1996.4
1256270 1996.4
1256280 1990.5
1256290 1981.9
1256300 1981.9
1256310 1971.4
1256320 1961.9
1256330 1961.9
1256340 1951.5
1256350 1941.2
1256360 1941.2
1256370 1934.5
1256380 1927.2
1256390 1927.2
1256400 1919.6
1256410 1913.0
1256420 1908.1
1256430 1908.1
1256440 1906.1
1256450 1905.4
1256460 1895.8
1256470 1895.6
1256480 1891.1
1256490 1891.1
1256500 1884.5
1256510 1885.0
1256520 1885.0
1256530 1884.5
1256540 1873.5
1256550 1873.5
1256560 1849.9
1256570 1839.9
1256580 1839.9
1256590 1841.8
1256600 1842.0
1256610 1842.0
1256620 1840.7
1256630 1836.2
1256640 1836.2
1256650 1827.6
1256660 1817.6
1256670 1817.6
1256680 1812.4
1256690 1807.4
1256700 1809.7
1256710 1809.7
1256720 1813.1
1256730 1816.5
1256740 1816.5
1256750 1812.8
1256760 1783.0
1256770 1783.0
1256780 1777.3
1256790 1778.0
1256800 1778.0
1256810 1776.1
1256820 1773.1
1256830 1773.1
1256840 1765.5
1256850 1761.2
1256860 1761.2
1256870 1761.6
1256880 1755.5
1256890 1755.5
1256900 1748.2
1256910 1740.8
1256920 1740.8
1256930 1732.9
1256940 1726.9
1256950 1726.9
1256960 1719.5
1256970 1710.6
1256980 1700.3
1256990 1700.3
1257000 1689.0
1257010 1680.0
1257020 1676.9
1257030 1669.2
1257040 1660.5
1257050 1660.5
1257060 1651.6
1257070 1643.4
1257080 1643.4
1257090 1635.4
1257100 1628.0
1257110 1628.0
1257120 1620.9
1257130 1614.8
1257140 1614.8
1257150 1611.5
1257160 1608.1
1257170 1608.1
1257180 1604.4
1257190 1600.8
1257200 1600.8
1257210 1597.4
1257220 1593.5
1257230 1593.5
1257240 1590.3
1257250 1587.4
1257260 1584.5
1257270 1584.5
1257280 1581.5
1257290 1578.4
1257300 1578.4
1257310 1575.2
1257320 1572.7
1257330 1572.7
1257340 1570.2
1257350 1568.1
1257360 1568.1
1257370 1566.7
1257380 1564.5
1257390 1564.5
1257400 1562.2
1257410 1559.3
1257420 1559.3
1257430 1556.0
1257440 1553.4
1257450 1553.4
1257460 1551.9
1257470 1550.0
1257480 1550.0
1257490 1547.9
1257500 1545.7
1257510 1545.7
1257520 1543.3
1257530 1540.9
1257540 1538.2
1257550 1538.2
1257560 1535.9
1257570 1533.9
1257580 1534.5
1257590 1533.0
1257600 1531.6
1257610 1531.6
1257620 1530.0
1257630 1528.5
1257640 1528.5
1257650 1526.9
1257660 1525.5
1257670 1525.5
1257680 1523.7
1257690 1522.1
1257700 1522.1
1257710 1520.6
1257720 1519.6
1257730 1519.6
1257740 1519.9
1257750 1521.5
1257760 1521.5
1257770 1523.2
1257780 1525.2
1257790 1525.2
1257800 1526.4
1257810 1527.3
1257820 1527.7
1257830 1527.7
1257840 1528.0
1257850 1528.1
1257860 1528.1
1257870 1530.2
1257880 1532.3
1257890 1532.3
1257900 1533.4
1257910 1535.4
1257920 1535.4
1257930 1536.4
1257940 1538.9
1257950 1538.9
1257960 1541.7
1257970 1545.5
1257980 1545.5
1257990 1550.7
1258000 1557.0
1258010 1557.0
1258020 1559.7
1258030 1563.2
1258040 1563.2
1258050 1567.5
1258060 1567.8
1258070 1567.8
1258080 1568.2
1258090 1570.4
1258100 1572.1
1258110 1572.1
1258120 1575.6
1258130 1580.6
1258140 1582.4
1258150 1588.5
1258160 1592.8
1258170 1592.8
1258180 1597.2
1258190 1602.4
1258200 1602.4
1258210 1609.1
1258220 1616.3
1258230 1616.3
1258240 1623.1
1258250 1629.5
1258260 1629.5
1258270 1637.0
1258280 1645.4
1258290 1645.4
1258300 1653.8
1258310 1661.4
1258320 1661.4
1258330 1668.6
1258340 1676.2
1258350 1676.2
1258360 1683.4
1258370 1690.9
1258380 1690.9
1258390 1698.2
1258400 1705.4
1258410 1712.7
1258420 1712.7
1258430 1720.3
1258440 1728.2
1258450 1728.2
1258460 1734.7
1258470 1740.2
1258480 1740.2
1258490 1744.6
1258500 1748.4
1258510 1748.4
1258520 1750.8
1258530 1752.4
1258540 1752.4
1258550 1754.1
1258560 1755.8
1258570 1755.8
1258580 1759.9
1258590 1763.6
1258600 1763.6
1258610 1766.8
1258620 1769.2
1258630 1769.2
1258640 1774.5
1258650 1779.4
1258660 1779.4
1258670 1783.9
1258680 1788.1
1258690 1790.8
1258700 1790.8
1258710 1799.0
1258720 1800.7
1258730 1800.7
1258740 1801.7
1258750 1798.8
1258760 1798.8
1258770 1795.9
1258780 1793.9
1258790 1793.9
1258800 1791.6
1258810 1788.9
1258820 1788.9
1258830 1790.8
1258840 1793.8
1258850 1793.8
1258860 1796.6
1258870 1799.0
1258880 1799.0
1258890 1802.1
1258900 1804.6
1258910 1804.6
1258920 1805.2
1258930 1806.3
1258940 1806.3
1258950 1808.3
1258960 1810.2
1258970 1813.4
1258980 1813.4
1258990 1819.4
1259000 1825.4
1259010 1825.4
1259020 1829.1
1259030 1832.8
1259040 1832.8
1259050 1839.9
1259060 1845.9
1259070 1845.9
1259080 1851.0
1259090 1856.8
1259100 1856.8
1259110 1863.2
1259120 1869.6
1259130 1869.6
1259140 1876.1
1259150 1882.6
1259160 1882.6
1259170 1889.1
1259180 1895.0
1259190 1895.0
1259200 1898.9
1259210 1900.5
1259220 1900.5
1259230 1902.4
1259240 1904.7
1259250 1905.8
1259260 1905.8
1259270 1907.2
1259280 1906.3
1259290 1906.3
1259300 1905.4
1259310 1903.9
1259320 1903.9
1259330 1901.7
1259340 1899.3
1259350 1899.3
1259360 1896.0
1259370 1891.5
1259380 1891.5
1259390 1886.9
1259400 1882.0
1259410 1882.0
1259420 1876.9
1259430 1872.6
1259440 1872.6
1259450 1867.9
1259460 1863.6
1259470 1863.6
1259480 1860.6
1259490 1856.2
1259500 1856.2
1259510 1850.8
1259520 1844.5
1259530 1838.2
1259540 1838.2
1259550 1833.0
1259560 1827.5
1259570 1827.5
1259580 1820.9
1259590 1814.6
1259600 1814.6
1259610 1809.8
1259620 1805.8
1259630 1805.8
1259640 1800.4
1259650 1797.9
1259660 1797.9
1259670 1797.4
1259680 1795.5
1259690 1795.5
1259700 1791.7
1259710 1788.1
1259720 1788.1
1259730 1785.5
1259740 1782.7
1259750 1782.7
1259760 1781.0
1259770 1778.7
1259780 1778.7
1259790 1776.3
1259800 1774.2
1259810 1771.4
1259820 1771.4
1259830 1769.8
1259840 1765.1
1259850 1765.1
1259860 1762.8
1259870 1760.5
1259880 1760.5
1259890 1758.8
1259900 1756.3
1259910 1756.3
1259920 1753.7
1259930 1751.4
1259940 1751.4
1259950 1746.8
1259960 1742.4
1259970 1742.4
1259980 1739.6
1259990 1737.0
