1240000 1383.6
1240010 1388.6
1240020 1393.9
1240030 1393.9
1240040 1400.0
1240050 1403.0
1240060 1403.0
1240070 1407.4
1240080 1411.5
1240090 1411.5
1240100 1413.9
1240110 1417.7
1240120 1417.7
1240130 1423.8
1240140 1428.7
1240150 1428.7
1240160 1434.7
1240170 1439.2
1240180 1439.2
1240190 1442.5
1240200 1446.5
1240210 1446.5
1240220 1449.5
1240230 1452.2
1240240 1454.6
1240250 1454.6
1240260 1455.9
1240270 1455.0
1240280 1455.0
1240290 1456.2
1240300 1459.8
1240310 1459.8
1240320 1463.8
1240330 1466.2
1240340 1466.2
1240350 1466.1
1240360 1465.5
1240370 1460.0
1240380 1461.4
1240390 1464.4
1240400 1464.4
1240410 1466.6
1240420 1468.2
1240430 1468.2
1240440 1469.5
1240450 1471.5
1240460 1471.5
1240470 1472.3
1240480 1473.6
1240490 1473.6
1240500 1476.1
1240510 1479.4
1240520 1481.8
1240530 1481.8
1240540 1484.2
1240550 1487.0
1240560 1487.0
1240570 1489.7
1240580 1492.8
1240590 1492.8
1240600 1496.8
1240610 1500.4
1240620 1500.4
1240630 1504.9
1240640 1510.5
1240650 1510.5
1240660 1516.9
1240670 1523.5
1240680 1523.5
1240690 1528.6
1240700 1532.1
1240710 1532.1
1240720 1535.0
1240730 1536.7
1240740 1536.7
1240750 1536.1
1240760 1534.5
1240770 1534.5
1240780 1533.1
1240790 1532.6
1240800 1532.1
1240810 1532.1
1240820 1530.5
1240830 1529.5
1240840 1529.5
1240850 1528.9
1240860 1529.0
1240870 1529.0
1240880 1528.9
1240890 1525.8
1240900 1525.8
1240910 1523.8
1240920 1521.8
1240930 1521.8
1240940 1522.1
1240950 1524.1
1240960 1524.1
1240970 1525.3
1240980 1523.1
1240990 1523.1
1241000 1520.0
1241010 1516.1
1241020 1516.1
1241030 1511.9
1241040 1507.9
1241050 1507.9
1241060 1504.1
1241070 1500.0
1241080 1496.7
1241090 1496.7
1241100 1494.1
1241110 1491.2
1241120 1491.2
1241130 1487.5
1241140 1484.9
1241150 1484.9
1241160 1483.5
1241170 1482.3
1241180 1482.3
1241190 1480.1
1241200 1475.8
1241210 1475.8
1241220 1471.5
1241230 1468.7
1241240 1468.7
1241250 1466.3
1241260 1463.7
1241270 1463.7
1241280 1460.9
1241290 1457.8
1241300 1457.8
1241310 1455.4
1241320 1453.7
1241330 1453.7
1241340 1451.8
1241350 1449.5
1241360 1446.3
1241370 1446.3
1241380 1444.0
1241390 1441.7
1241400 1441.7
1241410 1439.4
1241420 1440.8
1241430 1440.8
1241440 1437.2
1241450 1433.2
1241460 1433.2
1241470 1430.7
1241480 1429.7
1241490 1429.7
1241500 1428.9
1241510 1426.9
1241520 1426.9
1241530 1424.1
1241540 1420.1
1241550 1420.1
1241560 1416.1
1241570 1412.8
1241580 1412.8
1241590 1409.2
1241600 1407.2
1241610 1407.2
1241620 1405.7
1241630 1404.3
1241640 1404.3
1241650 1404.6
1241660 1403.9
1241670 1401.9
1241680 1401.9
1241690 1399.5
1241700 1396.7
1241710 1396.7
1241720 1394.9
1241730 1394.0
1241740 1394.0
1241750 1391.9
1241760 1389.9
1241770 1389.9
1241780 1388.7
1241790 1387.8
1241800 1387.8
1241810 1388.2
1241820 1389.7
1241830 1389.7
1241840 1390.9
1241850 1391.1
1241860 1391.1
1241870 1388.7
1241880 1385.6
1241890 1385.6
1241900 1383.2
1241910 1381.4
1241920 1381.4
1241930 1379.6
1241940 1377.3
1241950 1372.8
1241960 1372.8
1241970 1367.6
1241980 1364.2
1241990 1364.2
1242000 1360.7
1242010 1358.8
1242020 1358.8
1242030 1357.5
1242040 1356.0
1242050 1356.0
1242060 1354.8
1242070 1353.8
1242080 1353.8
1242090 1353.0
1242100 1352.5
1242110 1352.5
1242120 1353.0
1242130 1354.0
1242140 1354.0
1242150 1355.5
1242160 1357.3
1242170 1357.3
1242180 1359.0
1242190 1359.5
1242200 1359.5
1242210 1358.9
1242220 1356.8
1242230 1355.1
1242240 1355.1
1242250 1355.4
1242260 1353.2
1242270 1353.2
1242280 1349.0
1242290 1346.0
1242300 1346.0
1242310 1343.8
1242320 1342.0
1242330 1342.0
1242340 1340.9
1242350 1340.4
1242360 1340.4
1242370 1339.8
1242380 1337.4
1242390 1337.4
1242400 1336.9
1242410 1337.9
1242420 1337.9
1242430 1338.2
1242440 1337.8
1242450 1337.8
1242460 1336.9
1242470 1336.3
1242480 1336.3
1242490 1334.4
1242500 1335.5
1242510 1337.2
1242520 1337.2
1242530 1338.4
1242540 1339.3
1242550 1339.3
1242560 1339.7
1242570 1340.7
1242580 1340.7
1242590 1340.8
1242600 1340.8
1242610 1340.8
1242620 1341.1
1242630 1341.4
1242640 1341.4
1242650 1341.3
1242660 1340.6
1242670 1340.6
1242680 1339.4
1242690 1337.6
1242700 1337.6
1242710 1335.4
1242720 1333.3
1242730 1333.3
1242740 1331.4
1242750 1330.0
1242760 1330.0
1242770 1328.4
1242780 1326.7
1242790 1325.0
1242800 1325.0
1242810 1323.5
1242820 1322.5
1242830 1322.5
1242840 1321.6
1242850 1320.9
1242860 1320.9
1242870 1320.3
1242880 1319.9
1242890 1319.9
1242900 1318.9
1242910 1317.2
1242920 1317.2
1242930 1316.0
1242940 1315.0
1242950 1315.0
1242960 1314.0
1242970 1312.6
1242980 1312.6
1242990 1309.6
1243000 1308.5
1243010 1308.5
1243020 1308.6
1243030 1309.5
1243040 1309.5
1243050 1310.9
1243060 1312.5
1243070 1312.5
1243080 1313.6
1243090 1316.6
1243100 1319.6
1243110 1319.6
1243120 1321.4
1243130 1323.9
1243140 1323.9
1243150 1327.6
1243160 1329.8
1243170 1329.8
1243180 1329.2
1243190 1325.8
1243200 1325.8
1243210 1324.0
1243220 1321.7
1243230 1321.7
1243240 1319.4
1243250 1316.1
1243260 1316.1
1243270 1311.8
1243280 1308.2
1243290 1308.2
1243300 1307.3
1243310 1307.9
1243320 1307.9
1243330 1305.0
1243340 1301.1
1243350 1301.1
1243360 1296.7
1243370 1293.6
1243380 1291.0
1243390 1291.0
1243400 1288.4
1243410 1286.9
1243420 1286.9
1243430 1284.1
1243440 1282.7
1243450 1282.7
1243460 1285.1
1243470 1285.9
1243480 1285.9
1243490 1284.4
1243500 1285.0
1243510 1285.0
1243520 1279.3
1243530 1280.8
1243540 1280.8
1243550 1281.7
1243560 1280.2
1243570 1280.2
1243580 1277.5
1243590 1275.6
1243600 1275.6
1243610 1272.9
1243620 1271.3
1243630 1271.3
1243640 1271.0
1243650 1269.0
1243660 1266.5
1243670 1266.5
1243680 1267.1
1243690 1266.7
1243700 1266.7
1243710 1269.5
1243720 1273.6
1243730 1273.6
1243740 1269.2
1243750 1264.4
1243760 1264.4
1243770 1263.9
1243780 1264.3
1243790 1264.3
1243800 1259.2
1243810 1256.4
1243820 1256.4
1243830 1256.0
1243840 1257.9
1243850 1257.9
1243860 1262.3
1243870 1266.6
1243880 1266.6
1243890 1267.9
1243900 1267.5
1243910 1267.5
1243920 1268.1
1243930 1270.3
1243940 1275.3
1243950 1275.3
1243960 1281.2
1243970 1287.8
1243980 1287.8
1243990 1295.2
1244000 1297.7
1244010 1297.7
1244020 1295.8
1244030 1294.1
1244040 1294.1
1244050 1290.5
1244060 1288.5
1244070 1288.5
1244080 1285.8
1244090 1282.6
1244100 1282.6
1244110 1278.7
1244120 1275.3
1244130 1275.3
1244140 1272.8
1244150 1271.3
1244160 1271.3
1244170 1270.4
1244180 1269.8
1244190 1269.8
1244200 1269.8
1244210 1270.1
1244220 1270.0
1244230 1270.0
1244240 1269.4
1244250 1267.9
1244260 1267.9
1244270 1266.1
1244280 1264.3
1244290 1264.3
1244300 1262.6
1244310 1260.6
1244320 1260.6
1244330 1258.5
1244340 1256.1
1244350 1256.1
1244360 1253.5
1244370 1251.2
1244380 1251.2
1244390 1251.3
1244400 1252.4
1244410 1252.4
1244420 1251.7
1244430 1250.1
1244440 1250.1
1244450 1249.1
1244460 1247.9
1244470 1247.9
1244480 1246.5
1244490 1245.5
1244500 1244.5
1244510 1244.5
1244520 1242.7
1244530 1239.3
1244540 1239.3
1244550 1234.9
1244560 1230.6
1244570 1230.6
1244580 1227.7
1244590 1226.7
1244600 1226.7
1244610 1225.3
1244620 1223.9
1244630 1223.9
1244640 1220.4
1244650 1216.8
1244660 1216.8
1244670 1213.4
1244680 1210.7
1244690 1210.7
1244700 1210.0
1244710 1211.2
1244720 1211.2
1244730 1212.2
1244740 1212.4
1244750 1212.4
1244760 1211.1
1244770 1206.1
1244780 1206.1
1244790 1199.1
1244800 1194.3
1244810 1193.4
1244820 1193.4
1244830 1190.8
1244840 1184.7
1244850 1184.7
1244860 1179.5
1244870 1176.1
1244880 1176.1
1244890 1173.4
1244900 1170.8
1244910 1170.8
1244920 1168.9
1244930 1167.2
1244940 1167.2
1244950 1165.6
1244960 1164.3
1244970 1164.3
1244980 1163.6
1244990 1163.4
1245000 1163.4
1245010 1163.9
1245020 1165.5
1245030 1165.5
1245040 1166.2
1245050 1163.9
1245060 1163.9
1245070 1160.5
1245080 1157.6
1245090 1155.7
1245100 1155.7
1245110 1153.1
1245120 1152.5
1245130 1152.5
1245140 1152.2
1245150 1152.1
1245160 1152.1
1245170 1152.6
1245180 1154.1
1245190 1154.1
1245200 1156.6
1245210 1160.6
1245220 1160.6
1245230 1161.4
1245240 1159.6
1245250 1159.6
1245260 1158.0
1245270 1153.1
1245280 1153.1
1245290 1146.2
1245300 1139.3
1245310 1139.3
1245320 1134.3
1245330 1131.7
1245340 1131.7
1245350 1130.8
1245360 1130.2
1245370 1129.3
1245380 1129.3
1245390 1128.4
1245400 1128.0
1245410 1128.0
1245420 1127.9
1245430 1128.7
1245440 1128.7
1245450 1129.7
1245460 1130.9
1245470 1130.9
1245480 1132.9
1245490 1133.7
1245500 1133.7
1245510 1134.3
1245520 1135.0
1245530 1135.0
1245540 1135.4
1245550 1135.9
1245560 1135.9
1245570 1137.1
1245580 1138.4
1245590 1138.4
1245600 1140.4
1245610 1144.6
1245620 1144.6
1245630 1150.3
1245640 1151.0
1245650 1143.8
1245660 1143.8
1245670 1140.2
1245680 1137.3
1245690 1137.3
1245700 1135.4
1245710 1134.4
1245720 1134.4
1245730 1133.4
1245740 1133.2
1245750 1133.2
1245760 1135.3
1245770 1135.9
1245780 1135.9
1245790 1135.6
1245800 1136.6
1245810 1136.6
1245820 1135.8
1245830 1133.1
1245840 1133.1
1245850 1127.9
1245860 1125.4
1245870 1125.4
1245880 1125.6
1245890 1126.4
1245900 1126.4
1245910 1128.8
1245920 1129.5
1245930 1129.4
1245940 1129.4
1245950 1130.1
1245960 1129.7
1245970 1129.7
1245980 1129.9
1245990 1129.6
1246000 1129.6
1246010 1129.5
1246020 1130.7
1246030 1130.7
1246040 1132.5
1246050 1133.3
1246060 1133.3
1246070 1133.8
1246080 1134.5
1246090 1134.5
1246100 1131.8
1246110 1128.6
1246120 1128.6
1246130 1130.0
1246140 1132.8
1246150 1132.8
1246160 1131.1
1246170 1128.3
1246180 1131.0
1246190 1130.8
1246200 1131.7
1246210 1132.3
1246220 1132.3
1246230 1134.1
1246240 1133.5
1246250 1133.5
1246260 1127.6
1246270 1120.9
1246280 1120.9
1246290 1113.8
1246300 1108.1
1246310 1108.1
1246320 1108.5
1246330 1109.4
1246340 1109.4
1246350 1104.4
1246360 1098.4
1246370 1098.4
1246380 1096.6
1246390 1100.3
1246400 1100.3
1246410 1105.4
1246420 1108.5
1246430 1108.5
1246440 1110.2
1246450 1110.9
1246460 1110.9
1246470 1112.2
1246480 1114.0
1246490 1114.0
1246500 1115.4
1246510 1118.4
1246520 1122.6
1246530 1122.6
1246540 1126.3
1246550 1129.8
1246560 1129.8
1246570 1134.0
1246580 1138.0
1246590 1138.0
1246600 1142.5
1246610 1149.1
1246620 1149.1
1246630 1156.5
1246640 1161.2
1246650 1161.2
1246660 1158.0
1246670 1152.4
1246680 1152.4
1246690 1146.8
1246700 1141.6
1246710 1141.6
1246720 1138.7
1246730 1137.7
1246740 1137.7
1246750 1139.1
1246760 1141.4
1246770 1141.4
1246780 1142.1
1246790 1143.9
1246800 1144.5
1246810 1144.5
1246820 1148.1
1246830 1150.1
1246840 1150.1
1246850 1152.8
1246860 1156.4
1246870 1156.4
1246880 1155.1
1246890 1153.3
1246900 1153.3
1246910 1154.8
1246920 1155.0
1246930 1155.0
1246940 1157.9
1246950 1160.3
1246960 1160.3
1246970 1160.7
1246980 1163.1
1246990 1163.1
1247000 1167.6
1247010 1170.6
1247020 1170.6
1247030 1171.6
1247040 1175.1
1247050 1175.1
1247060 1176.1
1247070 1176.7
1247080 1182.1
1247090 1182.1
1247100 1187.2
1247110 1189.2
1247120 1189.2
1247130 1190.1
1247140 1192.1
1247150 1192.1
1247160 1193.3
1247170 1193.8
1247180 1193.8
1247190 1195.4
1247200 1196.6
1247210 1196.6
1247220 1198.8
1247230 1201.7
1247240 1201.7
1247250 1207.9
1247260 1211.3
1247270 1211.3
1247280 1215.5
1247290 1218.0
1247300 1218.0
1247310 1220.4
1247320 1222.9
1247330 1222.9
1247340 1225.2
1247350 1228.0
1247360 1230.4
1247370 1230.4
1247380 1233.3
1247390 1236.2
1247400 1236.2
1247410 1238.5
1247420 1240.6
1247430 1240.6
1247440 1241.8
1247450 1242.9
1247460 1242.9
1247470 1244.4
1247480 1245.6
1247490 1245.6
1247500 1246.6
1247510 1249.6
1247520 1249.6
1247530 1252.3
1247540 1255.0
1247550 1255.0
1247560 1257.0
1247570 1259.3
1247580 1259.3
1247590 1261.3
1247600 1263.8
1247610 1263.8
1247620 1266.9
1247630 1270.1
1247640 1273.2
1247650 1273.2
1247660 1276.9
1247670 1280.9
1247680 1280.9
1247690 1283.9
1247700 1286.5
1247710 1286.5
1247720 1288.7
1247730 1290.5
1247740 1290.5
1247750 1291.8
1247760 1293.2
1247770 1293.2
1247780 1290.5
1247790 1298.9
1247800 1298.9
1247810 1304.9
1247820 1308.2
1247830 1308.2
1247840 1311.5
1247850 1314.4
1247860 1314.4
1247870 1316.2
1247880 1320.3
1247890 1320.3
1247900 1324.5
1247910 1328.8
1247920 1331.4
1247930 1331.4
1247940 1335.2
1247950 1341.5
1247960 1341.5
1247970 1351.3
1247980 1362.1
1247990 1362.1
1248000 1374.1
1248010 1379.2
1248020 1379.2
1248030 1379.8
1248040 1379.2
1248050 1379.2
1248060 1376.4
1248070 1376.7
1248080 1376.7
1248090 1378.3
1248100 1380.1
1248110 1380.1
1248120 1386.2
1248130 1392.6
1248140 1392.6
1248150 1394.0
1248160 1399.7
1248170 1399.7
1248180 1405.8
1248190 1407.6
1248200 1407.6
1248210 1409.1
1248220 1411.5
1248230 1416.2
1248240 1416.2
1248250 1420.9
1248260 1429.0
1248270 1429.0
1248280 1432.3
1248290 1434.1
1248300 1434.1
1248310 1438.2
1248320 1443.2
1248330 1449.7
1248340 1454.7
1248350 1458.2
1248360 1458.2
1248370 1463.8
1248380 1466.9
1248390 1466.9
1248400 1469.4
1248410 1472.0
1248420 1472.0
1248430 1474.0
1248440 1477.4
1248450 1477.4
1248460 1479.5
1248470 1481.5
1248480 1481.5
1248490 1483.0
1248500 1486.2
1248510 1489.3
1248520 1489.3
1248530 1495.5
1248540 1505.5
1248550 1505.5
1248560 1510.5
1248570 1512.2
1248580 1512.2
1248590 1506.6
1248600 1499.6
1248610 1499.6
1248620 1498.7
1248630 1497.6
1248640 1497.6
1248650 1494.2
1248660 1490.3
1248670 1490.3
1248680 1487.6
1248690 1486.1
1248700 1486.1
1248710 1483.9
1248720 1484.4
1248730 1484.4
1248740 1488.4
1248750 1494.8
1248760 1494.8
1248770 1502.9
1248780 1508.6
1248790 1514.4
1248800 1514.4
1248810 1522.7
1248820 1527.0
1248830 1527.0
1248840 1531.2
1248850 1534.9
1248860 1534.9
1248870 1545.3
1248880 1548.0
1248890 1548.0
1248900 1551.1
1248910 1554.1
1248920 1554.1
1248930 1555.5
1248940 1558.4
1248950 1558.4
1248960 1560.2
1248970 1561.3
1248980 1561.3
1248990 1559.6
1249000 1558.5
1249010 1558.5
1249020 1562.0
1249030 1566.0
1249040 1566.0
1249050 1570.9
1249060 1575.9
1249070 1579.3
1249080 1579.3
1249090 1581.7
1249100 1585.7
1249110 1585.7
1249120 1590.5
1249130 1596.6
1249140 1596.6
1249150 1602.3
1249160 1607.1
1249170 1607.1
1249180 1611.3
1249190 1615.5
1249200 1615.5
1249210 1621.3
1249220 1626.7
1249230 1626.7
1249240 1630.7
1249250 1633.6
1249260 1633.6
1249270 1636.1
1249280 1635.9
1249290 1635.9
1249300 1635.6
1249310 1636.4
1249320 1636.4
1249330 1635.4
1249340 1632.6
1249350 1630.5
1249360 1630.5
1249370 1629.9
1249380 1628.1
1249390 1628.1
1249400 1626.4
1249410 1625.4
1249420 1625.4
1249430 1623.0
1249440 1621.4
1249450 1621.4
1249460 1623.9
1249470 1627.4
1249480 1627.4
1249490 1631.6
1249500 1637.4
1249510 1637.4
1249520 1644.7
1249530 1649.0
1249540 1649.0
1249550 1652.5
1249560 1656.0
1249570 1656.0
1249580 1659.1
1249590 1661.3
1249600 1661.3
1249610 1663.7
1249620 1668.3
1249630 1668.3
1249640 1673.6
1249650 1676.7
1249660 1678.5
1249670 1678.5
1249680 1679.8
1249690 1679.8
1249700 1679.8
1249710 1677.7
1249720 1675.4
1249730 1675.4
1249740 1675.5
1249750 1675.7
1249760 1675.7
1249770 1679.0
1249780 1682.7
1249790 1682.7
1249800 1684.7
1249810 1685.3
1249820 1685.3
1249830 1678.7
1249840 1672.2
1249850 1672.2
1249860 1666.9
1249870 1671.0
1249880 1671.0
1249890 1690.5
1249900 1700.6
1249910 1700.6
1249920 1705.0
1249930 1706.4
1249940 1708.1
1249950 1713.3
1249960 1714.5
1249970 1718.6
1249980 1718.6
1249990 1724.6
1250000 1728.8
1250010 1728.8
1250020 1731.3
1250030 1733.7
1250040 1733.7
1250050 1737.5
1250060 1742.9
1250070 1742.9
1250080 1748.5
1250090 1753.9
1250100 1753.9
1250110 1756.5
1250120 1757.1
1250130 1757.1
1250140 1758.4
1250150 1759.2
1250160 1759.2
1250170 1757.2
1250180 1753.6
1250190 1753.6
1250200 1751.7
1250210 1749.8
1250220 1750.0
1250230 1750.0
1250240 1751.8
1250250 1753.1
1250260 1753.1
1250270 1752.4
1250280 1749.5
1250290 1749.5
1250300 1747.5
1250310 1746.7
1250320 1746.7
1250330 1745.4
1250340 1746.8
1250350 1746.8
1250360 1745.0
1250370 1741.3
1250380 1741.3
1250390 1738.8
1250400 1737.6
1250410 1737.6
1250420 1736.9
1250430 1731.6
1250440 1731.6
1250450 1740.5
1250460 1761.7
1250470 1761.7
1250480 1780.1
1250490 1786.9
1250500 1793.4
1250510 1793.4
1250520 1793.6
1250530 1790.3
1250540 1790.3
1250550 1780.3
1250560 1769.6
1250570 1769.6
1250580 1769.2
1250590 1780.9
1250600 1780.9
1250610 1792.8
1250620 1798.2
1250630 1798.2
1250640 1801.0
1250650 1805.5
1250660 1805.5
1250670 1816.7
1250680 1824.6
1250690 1824.6
1250700 1832.8
1250710 1846.0
1250720 1846.0
1250730 1862.0
1250740 1875.4
1250750 1875.4
1250760 1882.9
1250770 1888.6
1250780 1891.6
1250790 1891.6
1250800 1894.9
1250810 1897.7
1250820 1897.7
1250830 1900.2
1250840 1904.1
1250850 1904.1
1250860 1906.3
1250870 1904.7
1250880 1904.7
1250890 1892.6
1250900 1896.7
1250910 1896.7
1250920 1899.5
1250930 1908.2
1250940 1908.2
1250950 1915.8
1250960 1917.7
1250970 1917.7
1250980 1911.0
1250990 1907.8
1251000 1907.8
1251010 1910.0
1251020 1910.8
1251030 1910.8
1251040 1911.4
1251050 1900.2
1251060 1884.3
1251070 1884.3
1251080 1871.1
1251090 1883.2
1251100 1883.2
1251110 1902.3
1251120 1906.8
1251130 1906.8
1251140 1901.3
1251150 1897.8
1251160 1897.8
1251170 1897.0
1251180 1896.5
1251190 1896.5
1251200 1877.1
1251210 1884.1
1251220 1884.1
1251230 1901.2
1251240 1894.4
1251250 1894.4
1251260 1885.6
1251270 1871.7
1251280 1871.7
1251290 1869.8
1251300 1873.1
1251310 1873.1
1251320 1875.3
1251330 1881.2
1251340 1881.2
1251350 1888.4
1251360 1896.2
1251370 1903.6
1251380 1903.6
1251390 1911.5
1251400 1919.5
1251410 1919.5
1251420 1929.9
1251430 1940.1
1251440 1940.1
1251450 1951.9
1251460 1959.7
1251470 1959.7
1251480 1966.0
1251490 1969.9
1251500 1969.9
1251510 1973.0
1251520 1974.4
1251530 1974.4
1251540 1974.5
1251550 1972.9
1251560 1972.9
1251570 1971.4
1251580 1968.2
1251590 1966.4
1251600 1963.7
1251610 1962.3
1251620 1962.3
1251630 1958.7
1251640 1955.7
1251650 1952.1
1251660 1952.1
1251670 1949.4
1251680 1947.1
1251690 1947.1
1251700 1945.8
1251710 1944.6
1251720 1944.6
1251730 1942.5
1251740 1940.6
1251750 1940.6
1251760 1937.8
1251770 1933.1
1251780 1933.1
1251790 1926.0
1251800 1918.9
1251810 1918.9
1251820 1911.7
1251830 1905.3
1251840 1905.3
1251850 1899.4
1251860 1894.0
1251870 1894.0
1251880 1888.8
1251890 1883.5
1251900 1883.5
1251910 1878.9
1251920 1874.0
1251930 1869.2
1251940 1869.2
1251950 1867.8
1251960 1866.5
1251970 1866.5
1251980 1863.1
1251990 1861.0
1252000 1861.0
1252010 1858.3
1252020 1854.4
1252030 1854.4
1252040 1850.6
1252050 1846.7
1252060 1846.7
1252070 1842.5
1252080 1837.1
1252090 1837.1
1252100 1831.0
1252110 1824.7
1252120 1824.7
1252130 1818.6
1252140 1812.9
1252150 1812.9
1252160 1806.1
1252170 1798.6
1252180 1798.6
1252190 1791.2
1252200 1784.0
1252210 1776.9
1252220 1776.9
1252230 1769.4
1252240 1762.2
1252250 1762.2
1252260 1755.2
1252270 1748.6
1252280 1748.6
1252290 1740.7
1252300 1732.2
1252310 1732.2
1252320 1722.7
1252330 1709.0
1252340 1709.0
1252350 1688.3
1252360 1676.9
1252370 1676.9
1252380 1667.6
1252390 1658.4
1252400 1658.4
1252410 1650.5
1252420 1643.2
1252430 1643.2
1252440 1639.6
1252450 1635.0
1252460 1635.0
1252470 1623.7
1252480 1601.4
1252490 1573.3
1252500 1573.3
1252510 1562.7
1252520 1557.6
1252530 1557.6
1252540 1557.4
1252550 1551.3
1252560 1551.3
1252570 1541.3
1252580 1534.3
1252590 1534.3
1252600 1524.3
1252610 1516.5
1252620 1516.5
1252630 1507.8
1252640 1498.1
1252650 1498.1
1252660 1489.3
1252670 1480.6
1252680 1480.6
1252690 1475.8
1252700 1467.4
1252710 1467.4
1252720 1457.7
1252730 1447.2
1252740 1447.2
1252750 1434.4
1252760 1425.5
1252770 1417.1
1252780 1417.1
1252790 1408.7
1252800 1396.2
1252810 1396.2
1252820 1387.1
1252830 1381.4
1252840 1381.4
1252850 1376.5
1252860 1373.9
1252870 1373.9
1252880 1370.5
1252890 1365.7
1252900 1365.7
1252910 1360.5
1252920 1355.7
1252930 1355.7
1252940 1350.9
1252950 1346.4
1252960 1346.4
1252970 1341.9
1252980 1337.5
1252990 1337.5
1253000 1332.9
1253010 1327.9
1253020 1327.9
1253030 1323.5
1253040 1319.1
1253050 1319.1
1253060 1315.1
1253070 1311.3
1253080 1307.6
1253090 1307.6
1253100 1303.9
1253110 1300.3
1253120 1300.3
1253130 1297.3
1253140 1294.5
1253150 1294.5
1253160 1291.8
1253170 1290.0
1253180 1290.0
1253190 1290.2
1253200 1291.2
1253210 1291.2
1253220 1293.8
1253230 1294.4
1253240 1296.9
1253250 1293.9
1253260 1293.6
1253270 1293.6
1253280 1293.8
1253290 1294.1
1253300 1294.1
1253310 1294.2
1253320 1295.2
1253330 1295.2
1253340 1300.3
1253350 1306.8
1253360 1310.2
1253370 1310.2
1253380 1308.8
1253390 1305.3
1253400 1305.3
1253410 1304.8
1253420 1306.9
1253430 1306.9
1253440 1309.0
1253450 1311.4
1253460 1311.4
1253470 1314.4
1253480 1317.1
1253490 1317.1
1253500 1320.0
1253510 1323.0
1253520 1323.0
1253530 1326.0
1253540 1329.7
1253550 1329.7
1253560 1333.7
1253570 1336.9
1253580 1336.9
1253590 1340.5
1253600 1346.1
1253610 1346.1
1253620 1352.7
1253630 1359.2
1253640 1364.6
1253650 1364.6
1253660 1369.4
1253670 1374.5
1253680 1374.5
1253690 1379.5
1253700 1384.7
1253710 1384.7
1253720 1390.1
1253730 1395.3
1253740 1395.3
1253750 1401.2
1253760 1408.0
1253770 1408.0
1253780 1415.5
1253790 1414.1
1253800 1414.1
1253810 1423.6
1253820 1430.1
1253830 1430.1
1253840 1439.1
1253850 1448.0
1253860 1448.0
1253870 1455.9
1253880 1463.1
1253890 1463.1
1253900 1470.2
1253910 1477.7
1253920 1483.6
1253930 1483.6
1253940 1489.7
1253950 1496.9
1253960 1496.9
1253970 1504.2
1253980 1504.6
1253990 1504.6
1254000 1504.1
1254010 1506.9
1254020 1506.9
1254030 1513.4
1254040 1525.2
1254050 1525.2
1254060 1533.7
1254070 1541.7
1254080 1541.7
1254090 1552.1
1254100 1558.4
1254110 1558.4
1254120 1564.7
1254130 1571.1
1254140 1571.1
1254150 1577.6
1254160 1584.9
1254170 1584.9
1254180 1593.3
1254190 1604.2
1254200 1619.4
1254210 1619.4
1254220 1630.9
1254230 1637.7
1254240 1637.7
1254250 1644.8
1254260 1652.3
1254270 1652.3
1254280 1660.6
1254290 1666.4
1254300 1666.4
1254310 1665.7
1254320 1669.4
1254330 1669.4
1254340 1678.9
1254350 1685.8
1254360 1685.8
1254370 1693.4
1254380 1710.8
1254390 1710.8
1254400 1725.6
1254410 1734.0
1254420 1734.0
1254430 1741.1
1254440 1749.6
1254450 1749.6
1254460 1759.3
1254470 1766.0
1254480 1771.7
1254490 1771.7
1254500 1777.2
1254510 1782.4
1254520 1782.4
1254530 1787.6
1254540 1792.5
1254550 1792.5
1254560 1797.2
1254570 1802.4
1254580 1802.4
1254590 1808.0
1254600 1814.5
1254610 1814.5
1254620 1819.6
1254630 1824.5
1254640 1824.5
1254650 1829.6
1254660 1832.6
1254670 1832.6
1254680 1834.3
1254690 1836.3
1254700 1836.3
1254710 1837.4
1254720 1839.3
1254730 1839.3
1254740 1844.1
1254750 1849.6
1254760 1855.4
1254770 1855.4
1254780 1861.0
1254790 1867.2
1254800 1867.2
1254810 1874.1
1254820 1881.8
1254830 1881.8
1254840 1888.9
1254850 1895.6
1254860 1895.6
1254870 1901.4
1254880 1906.5
1254890 1906.5
1254900 1903.8
1254910 1906.5
1254920 1906.5
1254930 1909.6
1254940 1914.1
1254950 1914.1
1254960 1918.2
1254970 1919.4
1254980 1919.4
1254990 1918.1
1255000 1915.6
1255010 1915.6
1255020 1911.3
1255030 1903.3
1255040 1903.3
1255050 1895.9
1255060 1890.2
1255070 1882.1
1255080 1882.1
1255090 1873.9
1255100 1866.8
1255110 1866.8
1255120 1860.0
1255130 1853.7
1255140 1853.7
1255150 1845.6
1255160 1836.8
1255170 1836.8
1255180 1830.8
1255190 1831.3
1255200 1831.3
1255210 1826.9
1255220 1818.4
1255230 1818.4
1255240 1810.3
1255250 1803.8
1255260 1803.8
1255270 1796.6
1255280 1789.9
1255290 1789.9
1255300 1795.3
1255310 1787.5
1255320 1787.5
1255330 1783.4
1255340 1800.9
1255350 1811.3
1255360 1811.3
1255370 1810.6
1255380 1809.3
1255390 1809.3
1255400 1797.9
1255410 1788.3
1255420 1788.3
1255430 1779.6
1255440 1765.1
1255450 1770.4
1255460 1760.9
1255470 1757.0
1255480 1757.0
1255490 1752.2
1255500 1746.5
1255510 1746.5
1255520 1742.0
1255530 1737.2
1255540 1737.2
1255550 1734.6
1255560 1734.9
1255570 1734.9
1255580 1740.4
1255590 1744.9
1255600 1744.9
1255610 1743.8
1255620 1742.1
1255630 1741.0
1255640 1741.0
1255650 1743.9
1255660 1746.3
1255670 1746.3
1255680 1748.4
1255690 1750.5
1255700 1750.5
1255710 1751.2
1255720 1752.4
1255730 1752.4
1255740 1753.3
1255750 1753.6
1255760 1753.6
1255770 1752.6
1255780 1750.8
1255790 1750.8
1255800 1750.4
1255810 1750.0
1255820 1750.0
1255830 1748.9
1255840 1755.7
1255850 1755.7
1255860 1756.3
1255870 1756.7
1255880 1756.7
1255890 1759.3
1255900 1763.5
1255910 1771.1
1255920 1771.1
1255930 1779.7
1255940 1785.7
1255950 1785.7
1255960 1791.8
1255970 1799.2
1255980 1799.2
1255990 1806.7
1256000 1814.5
1256010 1812.7
1256020 1819.9
1256030 1827.2
1256040 1827.2
1256050 1835.1
1256060 1843.1
1256070 1843.1
1256080 1851.5
1256090 1859.0
1256100 1859.0
1256110 1864.3
1256120 1870.0
1256130 1870.0
1256140 1876.2
1256150 1882.1
1256160 1882.1
1256170 1889.4
1256180 1897.4
1256190 1904.8
1256200 1904.8
1256210 1911.4
1256220 1918.8
1256230 1918.8
1256240 1927.0
1256250 1936.0
1256260 1936.0
1256270 1945.0
1256280 1947.2
1256290 1947.2
1256300 1943.5
1256310 1939.2
1256320 1939.2
1256330 1935.7
1256340 1932.1
1256350 1932.1
1256360 1927.4
1256370 1923.0
1256380 1923.0
1256390 1918.9
1256400 1914.9
1256410 1914.9
1256420 1912.1
1256430 1908.2
1256440 1908.2
1256450 1904.8
1256460 1901.2
1256470 1897.3
1256480 1897.3
1256490 1894.9
1256500 1893.5
1256510 1893.5
1256520 1889.1
1256530 1880.9
1256540 1880.9
1256550 1872.6
1256560 1864.2
1256570 1859.1
1256580 1852.3
1256590 1847.0
1256600 1847.0
1256610 1840.0
1256620 1834.0
1256630 1834.0
1256640 1831.1
1256650 1825.2
1256660 1825.2
1256670 1819.4
1256680 1814.9
1256690 1814.9
1256700 1809.4
1256710 1803.0
1256720 1803.0
1256730 1797.0
1256740 1791.8
1256750 1791.8
1256760 1787.7
1256770 1785.4
1256780 1780.1
1256790 1780.1
1256800 1776.1
1256810 1775.2
1256820 1775.2
1256830 1771.7
1256840 1766.4
1256850 1766.4
1256860 1761.2
1256870 1758.5
1256880 1758.5
1256890 1753.3
1256900 1747.9
1256910 1747.9
1256920 1741.5
1256930 1732.5
1256940 1732.5
1256950 1724.5
1256960 1716.9
1256970 1716.9
1256980 1711.1
1256990 1708.8
1257000 1708.8
1257010 1704.7
1257020 1698.7
1257030 1698.7
1257040 1694.3
1257050 1689.6
1257060 1682.7
1257070 1682.7
1257080 1678.6
1257090 1675.6
1257100 1675.6
1257110 1670.8
1257120 1662.6
1257130 1656.6
1257140 1650.1
1257150 1646.0
1257160 1646.0
1257170 1641.8
1257180 1638.6
1257190 1638.6
1257200 1635.5
1257210 1629.6
1257220 1629.6
1257230 1622.9
1257240 1612.5
1257250 1612.5
1257260 1602.7
1257270 1594.6
1257280 1594.6
1257290 1587.4
1257300 1580.3
1257310 1580.3
1257320 1572.6
1257330 1565.1
1257340 1556.1
1257350 1556.1
1257360 1545.8
1257370 1536.0
1257380 1536.0
1257390 1528.3
1257400 1523.5
1257410 1523.5
1257420 1518.9
1257430 1514.2
1257440 1514.2
1257450 1509.3
1257460 1504.2
1257470 1504.2
1257480 1499.3
1257490 1493.9
1257500 1493.9
1257510 1489.1
1257520 1484.4
1257530 1484.4
1257540 1479.7
1257550 1474.7
1257560 1474.7
1257570 1470.1
1257580 1465.3
1257590 1465.3
1257600 1460.8
1257610 1456.2
1257620 1451.7
1257630 1451.7
1257640 1447.6
1257650 1443.8
1257660 1443.8
1257670 1440.6
1257680 1438.1
1257690 1440.1
1257700 1437.3
1257710 1434.5
1257720 1434.5
1257730 1431.6
1257740 1428.6
1257750 1428.6
1257760 1425.7
1257770 1422.9
1257780 1422.9
1257790 1420.5
1257800 1418.3
1257810 1418.3
1257820 1416.4
1257830 1414.5
1257840 1414.5
1257850 1412.9
1257860 1411.4
1257870 1411.4
1257880 1410.3
1257890 1408.6
1257900 1407.1
1257910 1407.1
1257920 1406.0
1257930 1404.9
1257940 1404.9
1257950 1403.7
1257960 1402.7
1257970 1402.7
1257980 1401.5
1257990 1400.2
1258000 1400.2
1258010 1399.0
1258020 1398.2
1258030 1398.2
1258040 1397.2
1258050 1396.1
1258060 1396.1
1258070 1394.7
1258080 1393.7
1258090 1393.7
1258100 1393.8
1258110 1396.7
1258120 1396.7
1258130 1402.0
1258140 1407.4
1258150 1407.4
1258160 1412.7
1258170 1416.0
1258180 1417.8
1258190 1417.8
1258200 1417.6
1258210 1419.5
1258220 1419.5
1258230 1421.7
1258240 1423.1
1258250 1426.0
1258260 1427.4
1258270 1429.7
1258280 1429.7
1258290 1432.3
1258300 1435.0
1258310 1435.0
1258320 1437.2
1258330 1439.6
1258340 1439.6
1258350 1441.7
1258360 1443.8
1258370 1443.8
1258380 1446.4
1258390 1448.5
1258400 1448.5
1258410 1451.1
1258420 1453.7
1258430 1453.7
1258440 1456.1
1258450 1458.6
1258460 1458.6
1258470 1456.5
1258480 1455.1
1258490 1458.5
1258500 1458.5
1258510 1463.2
1258520 1466.8
1258530 1466.8
1258540 1468.3
1258550 1468.6
1258560 1468.6
1258570 1469.2
1258580 1470.8
1258590 1470.8
1258600 1473.2
1258610 1474.7
1258620 1474.7
1258630 1476.4
1258640 1480.5
1258650 1480.5
1258660 1484.3
1258670 1488.2
1258680 1488.2
1258690 1491.2
1258700 1494.0
1258710 1494.0
1258720 1497.0
1258730 1499.2
1258740 1499.2
1258750 1502.4
1258760 1506.2
1258770 1510.2
1258780 1510.2
1258790 1513.7
1258800 1517.9
1258810 1517.9
1258820 1527.0
1258830 1531.8
1258840 1531.8
1258850 1535.8
1258860 1540.4
1258870 1540.4
1258880 1544.9
1258890 1549.4
1258900 1549.4
1258910 1554.5
1258920 1559.6
1258930 1559.6
1258940 1564.9
1258950 1568.9
1258960 1568.9
1258970 1571.9
1258980 1572.1
1258990 1572.1
1259000 1571.3
1259010 1576.9
1259020 1576.9
1259030 1584.9
1259040 1591.5
1259050 1597.2
1259060 1597.2
1259070 1601.6
1259080 1607.6
1259090 1607.6
1259100 1613.0
1259110 1618.3
1259120 1618.3
1259130 1623.5
1259140 1629.1
1259150 1629.1
1259160 1635.3
1259170 1641.0
1259180 1641.0
1259190 1645.4
1259200 1646.8
1259210 1646.8
1259220 1649.6
1259230 1652.1
1259240 1652.1
1259250 1656.2
1259260 1661.4
1259270 1661.4
1259280 1666.7
1259290 1672.2
1259300 1672.2
1259310 1678.5
1259320 1686.8
1259330 1695.7
1259340 1695.7
1259350 1701.3
1259360 1704.1
1259370 1704.1
1259380 1710.5
1259390 1710.7
1259400 1710.7
1259410 1708.9
1259420 1705.7
1259430 1705.7
1259440 1702.9
1259450 1698.8
1259460 1698.8
1259470 1692.8
1259480 1686.8
1259490 1686.8
1259500 1681.3
1259510 1674.9
1259520 1674.9
1259530 1664.5
1259540 1646.7
1259550 1646.7
1259560 1625.8
1259570 1605.4
1259580 1605.4
1259590 1597.3
1259600 1593.7
1259610 1594.0
1259620 1594.0
1259630 1595.2
1259640 1592.5
1259650 1592.5
1259660 1587.0
1259670 1582.5
1259680 1582.5
1259690 1569.6
1259700 1554.8
1259710 1554.8
1259720 1542.8
1259730 1535.0
1259740 1535.0
1259750 1527.2
1259760 1518.7
1259770 1518.7
1259780 1510.3
1259790 1502.0
1259800 1502.0
1259810 1494.5
1259820 1487.0
1259830 1487.0
1259840 1480.3
1259850 1475.6
1259860 1475.6
1259870 1471.4
1259880 1469.9
1259890 1470.7
1259900 1470.7
1259910 1470.8
1259920 1464.6
1259930 1464.6
1259940 1456.9
1259950 1453.1
1259960 1453.1
1259970 1454.8
1259980 1454.7
1259990 1454.7
