1240000 1406.2
1240010 1406.2
1240020 1412.1
1240030 1418.2
1240040 1418.2
1240050 1424.0
1240060 1428.4
1240070 1428.4
1240080 1432.0
1240090 1436.1
1240100 1436.1
1240110 1440.2
1240120 1445.3
1240130 1445.3
1240140 1450.0
1240150 1454.2
1240160 1454.2
1240170 1458.0
1240180 1462.2
1240190 1463.6
1240200 1467.8
1240210 1471.9
1240220 1471.9
1240230 1475.8
1240240 1479.9
1240250 1484.1
1240260 1484.1
1240270 1488.6
1240280 1493.1
1240290 1493.1
1240300 1497.3
1240310 1501.7
1240320 1501.7
1240330 1505.9
1240340 1509.5
1240350 1509.5
1240360 1513.4
1240370 1517.1
1240380 1517.1
1240390 1519.9
1240400 1521.7
1240410 1521.7
1240420 1521.9
1240430 1523.2
1240440 1523.2
1240450 1525.7
1240460 1530.0
1240470 1530.0
1240480 1534.4
1240490 1538.0
1240500 1538.0
1240510 1540.9
1240520 1542.0
1240530 1541.7
1240540 1541.7
1240550 1543.5
1240560 1547.0
1240570 1547.0
1240580 1548.8
1240590 1550.5
1240600 1550.5
1240610 1551.6
1240620 1552.4
1240630 1552.4
1240640 1553.0
1240650 1553.3
1240660 1553.3
1240670 1553.5
1240680 1553.5
1240690 1553.5
1240700 1553.5
1240710 1554.0
1240720 1554.0
1240730 1553.7
1240740 1553.0
1240750 1553.0
1240760 1552.0
1240770 1551.1
1240780 1551.1
1240790 1550.1
1240800 1549.3
1240810 1548.4
1240820 1548.4
1240830 1547.7
1240840 1547.1
1240850 1547.1
1240860 1546.4
1240870 1545.7
1240880 1545.7
1240890 1545.2
1240900 1544.5
1240910 1544.5
1240920 1543.8
1240930 1543.1
1240940 1543.1
1240950 1542.7
1240960 1542.5
1240970 1542.5
1240980 1541.8
1240990 1541.4
1241000 1541.4
1241010 1541.6
1241020 1541.7
1241030 1541.7
1241040 1541.7
1241050 1541.5
1241060 1541.5
1241070 1541.2
1241080 1540.3
1241090 1539.3
1241100 1539.3
1241110 1539.9
1241120 1541.3
1241130 1541.3
1241140 1541.9
1241150 1542.3
1241160 1542.3
1241170 1542.5
1241180 1542.6
1241190 1542.6
1241200 1542.6
1241210 1542.6
1241220 1542.6
1241230 1542.7
1241240 1542.7
1241250 1542.7
1241260 1541.7
1241270 1540.0
1241280 1540.0
1241290 1538.6
1241300 1537.6
1241310 1537.6
1241320 1536.8
1241330 1536.7
1241340 1536.7
1241350 1536.8
1241360 1537.2
1241370 1537.2
1241380 1536.3
1241390 1532.6
1241400 1529.5
1241410 1529.5
1241420 1527.1
1241430 1524.4
1241440 1524.4
1241450 1521.7
1241460 1520.1
1241470 1520.1
1241480 1518.9
1241490 1517.3
1241500 1517.3
1241510 1515.2
1241520 1512.8
1241530 1512.8
1241540 1510.6
1241550 1508.9
1241560 1508.9
1241570 1507.1
1241580 1505.0
1241590 1505.0
1241600 1502.5
1241610 1498.0
1241620 1498.0
1241630 1495.0
1241640 1493.3
1241650 1493.3
1241660 1489.4
1241670 1486.6
1241680 1484.5
1241690 1484.5
1241700 1482.0
1241710 1479.7
1241720 1479.7
1241730 1477.5
1241740 1474.8
1241750 1474.8
1241760 1471.5
1241770 1469.9
1241780 1469.9
1241790 1467.4
1241800 1464.1
1241810 1464.1
1241820 1460.5
1241830 1457.8
1241840 1457.8
1241850 1455.1
1241860 1452.1
1241870 1452.1
1241880 1449.5
1241890 1446.8
1241900 1446.8
1241910 1444.1
1241920 1442.4
1241930 1442.4
1241940 1439.9
1241950 1435.6
1241960 1430.3
1241970 1430.3
1241980 1426.2
1241990 1422.7
1242000 1422.7
1242010 1420.4
1242020 1417.8
1242030 1417.8
1242040 1414.8
1242050 1413.1
1242060 1413.1
1242070 1411.8
1242080 1409.8
1242090 1409.8
1242100 1407.5
1242110 1405.7
1242120 1405.7
1242130 1404.2
1242140 1401.3
1242150 1401.3
1242160 1399.0
1242170 1396.4
1242180 1396.4
1242190 1391.2
1242200 1386.2
1242210 1386.2
1242220 1381.5
1242230 1378.1
1242240 1372.9
1242250 1372.9
1242260 1369.4
1242270 1368.8
1242280 1368.8
1242290 1368.0
1242300 1368.6
1242310 1368.6
1242320 1369.1
1242330 1367.7
1242340 1367.7
1242350 1364.8
1242360 1362.4
1242370 1362.4
1242380 1359.8
1242390 1358.0
1242400 1358.0
1242410 1356.5
1242420 1354.3
1242430 1354.3
1242440 1352.0
1242450 1347.7
1242460 1347.7
1242470 1342.5
1242480 1338.6
1242490 1338.6
1242500 1335.9
1242510 1333.7
1242520 1333.7
1242530 1331.6
1242540 1329.5
1242550 1327.0
1242560 1327.0
1242570 1323.9
1242580 1321.6
1242590 1321.6
1242600 1319.6
1242610 1317.8
1242620 1317.8
1242630 1316.7
1242640 1314.3
1242650 1314.3
1242660 1311.8
1242670 1309.6
1242680 1309.6
1242690 1307.8
1242700 1307.4
1242710 1307.4
1242720 1307.7
1242730 1307.8
1242740 1307.8
1242750 1307.2
1242760 1306.7
1242770 1306.7
1242780 1305.8
1242790 1304.3
1242800 1304.3
1242810 1302.8
1242820 1302.5
1242830 1302.1
1242840 1302.1
1242850 1302.7
1242860 1305.1
1242870 1305.1
1242880 1307.7
1242890 1310.3
1242900 1310.3
1242910 1311.8
1242920 1312.7
1242930 1312.7
1242940 1313.2
1242950 1313.5
1242960 1313.5
1242970 1313.3
1242980 1312.7
1242990 1312.7
1243000 1311.9
1243010 1310.6
1243020 1310.6
1243030 1310.3
1243040 1311.5
1243050 1311.5
1243060 1312.5
1243070 1313.2
1243080 1313.2
1243090 1313.9
1243100 1314.8
1243110 1315.6
1243120 1315.6
1243130 1316.2
1243140 1316.6
1243150 1316.6
1243160 1316.5
1243170 1316.1
1243180 1316.1
1243190 1315.5
1243200 1315.0
1243210 1315.0
1243220 1314.3
1243230 1313.6
1243240 1313.6
1243250 1312.5
1243260 1311.2
1243270 1311.2
1243280 1310.1
1243290 1308.4
1243300 1308.4
1243310 1306.6
1243320 1304.3
1243330 1304.3
1243340 1301.4
1243350 1296.5
1243360 1296.5
1243370 1292.3
1243380 1288.8
1243390 1285.2
1243400 1285.2
1243410 1281.5
1243420 1277.7
1243430 1277.7
1243440 1273.7
1243450 1269.9
1243460 1269.9
1243470 1266.8
1243480 1264.3
1243490 1264.3
1243500 1262.7
1243510 1262.3
1243520 1262.3
1243530 1263.7
1243540 1266.0
1243550 1266.0
1243560 1268.1
1243570 1269.0
1243580 1269.0
1243590 1270.5
1243600 1271.5
1243610 1271.5
1243620 1273.7
1243630 1274.1
1243640 1274.1
1243650 1273.2
1243660 1272.1
1243670 1272.1
1243680 1271.2
1243690 1272.7
1243700 1272.9
1243710 1272.9
1243720 1269.1
1243730 1267.0
1243740 1267.0
1243750 1265.2
1243760 1261.4
1243770 1261.4
1243780 1256.9
1243790 1252.7
1243800 1252.7
1243810 1249.1
1243820 1245.4
1243830 1245.4
1243840 1242.6
1243850 1240.4
1243860 1240.4
1243870 1239.0
1243880 1237.5
1243890 1237.5
1243900 1236.0
1243910 1234.1
1243920 1234.1
1243930 1232.5
1243940 1231.2
1243950 1231.2
1243960 1229.8
1243970 1228.9
1243980 1228.5
1243990 1228.5
1244000 1227.8
1244010 1227.3
1244020 1227.3
1244030 1227.2
1244040 1227.3
1244050 1227.3
1244060 1227.2
1244070 1226.6
1244080 1226.6
1244090 1226.4
1244100 1225.5
1244110 1225.5
1244120 1223.6
1244130 1222.2
1244140 1222.2
1244150 1220.7
1244160 1219.7
1244170 1219.7
1244180 1219.1
1244190 1218.5
1244200 1218.5
1244210 1217.7
1244220 1216.9
1244230 1216.9
1244240 1216.7
1244250 1217.6
1244260 1219.6
1244270 1219.6
1244280 1221.3
1244290 1221.4
1244300 1221.4
1244310 1221.4
1244320 1219.4
1244330 1219.4
1244340 1220.3
1244350 1221.2
1244360 1221.2
1244370 1220.9
1244380 1220.4
1244390 1220.4
1244400 1223.2
1244410 1223.2
1244420 1223.2
1244430 1223.0
1244440 1223.0
1244450 1223.0
1244460 1222.5
1244470 1221.3
1244480 1221.3
1244490 1221.0
1244500 1220.3
1244510 1220.3
1244520 1219.2
1244530 1217.7
1244540 1217.7
1244550 1217.7
1244560 1218.2
1244570 1217.6
1244580 1217.6
1244590 1215.5
1244600 1212.1
1244610 1212.1
1244620 1209.3
1244630 1207.8
1244640 1207.8
1244650 1207.6
1244660 1207.1
1244670 1207.1
1244680 1206.4
1244690 1205.6
1244700 1205.6
1244710 1204.6
1244720 1203.3
1244730 1203.3
1244740 1202.3
1244750 1201.6
1244760 1201.6
1244770 1201.2
1244780 1200.8
1244790 1200.8
1244800 1200.5
1244810 1200.1
1244820 1199.7
1244830 1199.7
1244840 1199.2
1244850 1198.8
1244860 1198.8
1244870 1198.4
1244880 1197.9
1244890 1197.9
1244900 1197.4
1244910 1196.9
1244920 1196.9
1244930 1196.4
1244940 1195.9
1244950 1195.9
1244960 1195.5
1244970 1195.3
1244980 1195.3
1244990 1194.9
1245000 1195.0
1245010 1195.0
1245020 1195.8
1245030 1197.3
1245040 1197.3
1245050 1198.7
1245060 1199.7
1245070 1199.7
1245080 1200.6
1245090 1201.6
1245100 1201.6
1245110 1202.0
1245120 1202.2
1245130 1202.4
1245140 1202.4
1245150 1202.8
1245160 1203.2
1245170 1203.2
1245180 1203.3
1245190 1203.1
1245200 1203.1
1245210 1203.0
1245220 1202.6
1245230 1202.6
1245240 1202.3
1245250 1201.6
1245260 1201.6
1245270 1200.9
1245280 1200.6
1245290 1200.6
1245300 1200.4
1245310 1200.0
1245320 1200.0
1245330 1199.4
1245340 1198.8
1245350 1198.8
1245360 1198.2
1245370 1197.3
1245380 1197.3
1245390 1196.2
1245400 1195.1
1245410 1193.8
1245420 1193.8
1245430 1192.5
1245440 1191.4
1245450 1191.4
1245460 1190.5
1245470 1189.1
1245480 1189.1
1245490 1187.7
1245500 1186.2
1245510 1186.2
1245520 1184.7
1245530 1182.6
1245540 1182.6
1245550 1180.3
1245560 1178.0
1245570 1178.0
1245580 1175.2
1245590 1172.4
1245600 1172.4
1245610 1170.2
1245620 1167.9
1245630 1167.9
1245640 1165.0
1245650 1161.6
1245660 1161.6
1245670 1158.1
1245680 1155.1
1245690 1152.4
1245700 1152.4
1245710 1149.7
1245720 1147.6
1245730 1147.6
1245740 1145.9
1245750 1144.3
1245760 1144.3
1245770 1142.5
1245780 1140.0
1245790 1140.0
1245800 1136.6
1245810 1133.2
1245820 1133.2
1245830 1131.6
1245840 1130.8
1245850 1130.8
1245860 1130.9
1245870 1130.6
1245880 1130.6
1245890 1127.9
1245900 1127.1
1245910 1127.1
1245920 1126.7
1245930 1125.9
1245940 1125.9
1245950 1125.9
1245960 1126.3
1245970 1126.3
1245980 1126.3
1245990 1125.5
1246000 1124.3
1246010 1124.3
1246020 1124.2
1246030 1123.7
1246040 1123.7
1246050 1122.2
1246060 1121.2
1246070 1121.2
1246080 1120.4
1246090 1119.7
1246100 1119.7
1246110 1118.7
1246120 1117.5
1246130 1117.5
1246140 1116.3
1246150 1113.9
1246160 1113.9
1246170 1110.4
1246180 1106.9
1246190 1106.9
1246200 1103.4
1246210 1100.9
1246220 1100.9
1246230 1098.9
1246240 1097.8
1246250 1096.8
1246260 1096.8
1246270 1096.0
1246280 1095.3
1246290 1095.3
1246300 1094.6
1246310 1093.8
1246320 1093.8
1246330 1093.0
1246340 1091.9
1246350 1091.9
1246360 1090.9
1246370 1089.8
1246380 1089.8
1246390 1087.0
1246400 1085.2
1246410 1085.2
1246420 1083.6
1246430 1081.8
1246440 1081.8
1246450 1080.3
1246460 1077.4
1246470 1077.4
1246480 1074.3
1246490 1071.9
1246500 1071.9
1246510 1070.1
1246520 1069.3
1246530 1068.0
1246540 1067.4
1246550 1068.0
1246560 1068.7
1246570 1068.7
1246580 1068.3
1246590 1068.1
1246600 1068.1
1246610 1068.8
1246620 1071.1
1246630 1071.1
1246640 1074.6
1246650 1077.9
1246660 1077.9
1246670 1079.1
1246680 1079.6
1246690 1079.6
1246700 1080.4
1246710 1082.7
1246720 1082.7
1246730 1085.2
1246740 1085.0
1246750 1085.0
1246760 1084.8
1246770 1085.0
1246780 1085.0
1246790 1085.8
1246800 1084.1
1246810 1084.1
1246820 1082.9
1246830 1082.7
1246840 1082.8
1246850 1082.8
1246860 1083.6
1246870 1083.2
1246880 1083.2
1246890 1082.0
1246900 1081.1
1246910 1081.1
1246920 1081.4
1246930 1081.9
1246940 1081.9
1246950 1081.9
1246960 1080.9
1246970 1080.9
1246980 1080.0
1246990 1081.3
1247000 1081.3
1247010 1083.1
1247020 1084.9
1247030 1084.9
1247040 1086.6
1247050 1085.8
1247060 1085.8
1247070 1075.9
1247080 1070.3
1247090 1070.3
1247100 1064.9
1247110 1060.8
1247120 1058.1
1247130 1058.1
1247140 1056.4
1247150 1056.2
1247160 1056.2
1247170 1056.2
1247180 1056.7
1247190 1056.7
1247200 1056.6
1247210 1056.5
1247220 1056.5
1247230 1056.4
1247240 1056.4
1247250 1056.4
1247260 1056.0
1247270 1055.1
1247280 1055.1
1247290 1055.5
1247300 1058.7
1247310 1058.7
1247320 1062.6
1247330 1065.5
1247340 1065.5
1247350 1065.6
1247360 1063.9
1247370 1063.9
1247380 1065.8
1247390 1064.4
1247400 1064.2
1247410 1064.2
1247420 1064.9
1247430 1067.4
1247440 1067.4
1247450 1069.7
1247460 1073.9
1247470 1073.9
1247480 1075.5
1247490 1075.5
1247500 1075.5
1247510 1075.5
1247520 1073.3
1247530 1073.3
1247540 1072.9
1247550 1076.0
1247560 1076.0
1247570 1078.9
1247580 1082.2
1247590 1082.2
1247600 1083.0
1247610 1088.2
1247620 1088.2
1247630 1089.4
1247640 1091.3
1247650 1091.3
1247660 1094.3
1247670 1094.5
1247680 1094.5
1247690 1091.8
1247700 1089.1
1247710 1092.8
1247720 1092.8
1247730 1095.3
1247740 1096.1
1247750 1096.1
1247760 1096.6
1247770 1097.2
1247780 1097.2
1247790 1097.3
1247800 1097.3
1247810 1097.3
1247820 1097.8
1247830 1099.0
1247840 1099.0
1247850 1101.6
1247860 1102.6
1247870 1102.6
1247880 1102.5
1247890 1102.6
1247900 1102.6
1247910 1103.3
1247920 1104.7
1247930 1104.7
1247940 1106.2
1247950 1106.2
1247960 1106.2
1247970 1106.8
1247980 1107.8
1247990 1108.1
1248000 1108.1
1248010 1107.3
1248020 1106.9
1248030 1106.9
1248040 1108.3
1248050 1110.4
1248060 1110.4
1248070 1111.1
1248080 1112.2
1248090 1112.2
1248100 1112.9
1248110 1114.2
1248120 1114.2
1248130 1116.2
1248140 1118.8
1248150 1122.0
1248160 1123.4
1248170 1125.7
1248180 1125.7
1248190 1128.7
1248200 1132.7
1248210 1132.7
1248220 1135.6
1248230 1137.3
1248240 1137.3
1248250 1143.3
1248260 1150.7
1248270 1156.5
1248280 1156.5
1248290 1158.6
1248300 1160.1
1248310 1160.1
1248320 1160.8
1248330 1161.3
1248340 1161.3
1248350 1161.5
1248360 1163.6
1248370 1163.6
1248380 1165.7
1248390 1167.2
1248400 1167.2
1248410 1169.6
1248420 1171.0
1248430 1171.0
1248440 1171.4
1248450 1169.1
1248460 1169.1
1248470 1166.6
1248480 1172.3
1248490 1172.3
1248500 1178.3
1248510 1184.3
1248520 1184.3
1248530 1190.7
1248540 1196.6
1248550 1201.7
1248560 1201.7
1248570 1206.0
1248580 1210.2
1248590 1210.2
1248600 1213.6
1248610 1216.5
1248620 1216.5
1248630 1219.8
1248640 1222.0
1248650 1222.0
1248660 1223.9
1248670 1227.3
1248680 1227.3
1248690 1236.8
1248700 1241.3
1248710 1241.3
1248720 1245.6
1248730 1248.7
1248740 1248.7
1248750 1252.0
1248760 1255.5
1248770 1255.5
1248780 1259.3
1248790 1262.8
1248800 1262.8
1248810 1266.4
1248820 1269.2
1248830 1270.5
1248840 1270.5
1248850 1268.5
1248860 1273.8
1248870 1273.8
1248880 1281.6
1248890 1288.4
1248900 1288.4
1248910 1289.7
1248920 1290.1
1248930 1290.1
1248940 1293.8
1248950 1298.1
1248960 1298.1
1248970 1300.4
1248980 1301.9
1248990 1301.9
1249000 1303.4
1249010 1305.0
1249020 1305.0
1249030 1306.1
1249040 1306.4
1249050 1306.4
1249060 1306.6
1249070 1305.0
1249080 1305.0
1249090 1303.5
1249100 1306.1
1249110 1306.1
1249120 1310.7
1249130 1313.8
1249140 1314.1
1249150 1314.1
1249160 1315.1
1249170 1320.1
1249180 1320.1
1249190 1325.4
1249200 1329.9
1249210 1329.9
1249220 1333.6
1249230 1343.8
1249240 1343.8
1249250 1347.2
1249260 1350.3
1249270 1350.3
1249280 1353.8
1249290 1357.1
1249300 1357.1
1249310 1359.5
1249320 1360.8
1249330 1360.8
1249340 1364.7
1249350 1369.1
1249360 1369.1
1249370 1372.0
1249380 1376.8
1249390 1376.8
1249400 1382.4
1249410 1389.7
1249420 1396.6
1249430 1396.6
1249440 1400.9
1249450 1403.9
1249460 1403.9
1249470 1406.2
1249480 1407.9
1249490 1407.9
1249500 1408.8
1249510 1410.5
1249520 1410.5
1249530 1413.1
1249540 1415.9
1249550 1415.9
1249560 1418.1
1249570 1420.3
1249580 1420.3
1249590 1422.3
1249600 1423.6
1249610 1423.6
1249620 1425.5
1249630 1426.7
1249640 1426.7
1249650 1427.7
1249660 1427.5
1249670 1427.5
1249680 1426.0
1249690 1424.3
1249700 1421.2
1249710 1421.2
1249720 1420.0
1249730 1419.0
1249740 1419.0
1249750 1410.1
1249760 1396.8
1249770 1416.1
1249780 1407.0
1249790 1395.0
1249800 1395.0
1249810 1385.6
1249820 1377.1
1249830 1377.1
1249840 1379.9
1249850 1395.3
1249860 1395.3
1249870 1404.3
1249880 1410.6
1249890 1410.6
1249900 1418.9
1249910 1426.3
1249920 1426.3
1249930 1432.6
1249940 1444.2
1249950 1444.2
1249960 1461.7
1249970 1468.4
1249980 1463.7
1249990 1463.7
1250000 1448.7
1250010 1441.1
1250020 1441.1
1250030 1436.2
1250040 1424.9
1250050 1424.9
1250060 1421.3
1250070 1414.8
1250080 1414.8
1250090 1409.1
1250100 1412.1
1250110 1412.1
1250120 1418.0
1250130 1422.8
1250140 1422.8
1250150 1426.7
1250160 1430.8
1250170 1430.8
1250180 1436.0
1250190 1443.9
1250200 1443.9
1250210 1448.0
1250220 1437.4
1250230 1437.4
1250240 1435.6
1250250 1436.9
1250260 1438.1
1250270 1438.1
1250280 1440.1
1250290 1441.6
1250300 1441.6
1250310 1449.9
1250320 1449.6
1250330 1449.6
1250340 1451.4
1250350 1454.4
1250360 1454.4
1250370 1457.1
1250380 1460.1
1250390 1460.1
1250400 1462.2
1250410 1463.8
1250420 1463.8
1250430 1465.5
1250440 1468.1
1250450 1468.1
1250460 1469.4
1250470 1470.1
1250480 1470.1
1250490 1470.0
1250500 1470.8
1250510 1470.8
1250520 1471.5
1250530 1471.2
1250540 1471.2
1250550 1473.6
1250560 1477.3
1250570 1481.4
1250580 1481.4
1250590 1484.9
1250600 1488.6
1250610 1488.6
1250620 1491.4
1250630 1495.1
1250640 1495.1
1250650 1500.3
1250660 1504.9
1250670 1504.9
1250680 1509.6
1250690 1514.2
1250700 1514.2
1250710 1518.5
1250720 1522.4
1250730 1522.4
1250740 1525.5
1250750 1528.6
1250760 1528.6
1250770 1532.7
1250780 1537.0
1250790 1537.0
1250800 1541.4
1250810 1546.2
1250820 1546.2
1250830 1551.2
1250840 1556.4
1250850 1560.8
1250860 1564.0
1250870 1568.3
1250880 1573.3
1250890 1573.3
1250900 1580.1
1250910 1586.4
1250920 1586.4
1250930 1593.7
1250940 1602.2
1250950 1602.2
1250960 1612.6
1250970 1618.9
1250980 1618.9
1250990 1623.8
1251000 1630.0
1251010 1630.0
1251020 1637.0
1251030 1644.6
1251040 1644.6
1251050 1650.8
1251060 1655.7
1251070 1655.7
1251080 1663.4
1251090 1671.7
1251100 1671.7
1251110 1679.1
1251120 1689.7
1251130 1701.8
1251140 1701.8
1251150 1710.2
1251160 1719.6
1251170 1719.6
1251180 1724.7
1251190 1731.6
1251200 1731.6
1251210 1744.8
1251220 1748.8
1251230 1748.8
1251240 1750.0
1251250 1754.6
1251260 1754.6
1251270 1763.7
1251280 1771.7
1251290 1771.7
1251300 1777.6
1251310 1783.7
1251320 1783.7
1251330 1790.0
1251340 1796.2
1251350 1796.2
1251360 1803.1
1251370 1810.7
1251380 1810.7
1251390 1818.3
1251400 1827.5
1251410 1831.5
1251420 1831.5
1251430 1838.6
1251440 1843.3
1251450 1843.3
1251460 1843.5
1251470 1846.0
1251480 1846.0
1251490 1850.6
1251500 1854.1
1251510 1854.1
1251520 1854.8
1251530 1853.9
1251540 1853.9
1251550 1850.8
1251560 1846.2
1251570 1846.2
1251580 1840.8
1251590 1834.7
1251600 1834.7
1251610 1828.4
1251620 1822.2
1251630 1822.2
1251640 1815.3
1251650 1808.6
1251660 1808.6
1251670 1805.6
1251680 1803.9
1251690 1803.9
1251700 1801.4
1251710 1796.5
1251720 1787.7
1251730 1787.7
1251740 1779.4
1251750 1775.4
1251760 1775.4
1251770 1772.0
1251780 1760.7
1251790 1760.7
1251800 1743.9
1251810 1733.3
1251820 1733.3
1251830 1726.6
1251840 1726.2
1251850 1726.2
1251860 1739.6
1251870 1736.2
1251880 1736.2
1251890 1719.9
1251900 1724.6
1251910 1724.6
1251920 1733.8
1251930 1726.7
1251940 1726.7
1251950 1733.1
1251960 1742.7
1251970 1742.7
1251980 1737.6
1251990 1733.7
1252000 1732.2
1252010 1732.2
1252020 1730.9
1252030 1729.5
1252040 1729.5
1252050 1730.8
1252060 1729.6
1252070 1729.6
1252080 1724.4
1252090 1718.3
1252100 1718.3
1252110 1711.8
1252120 1705.0
1252130 1705.0
1252140 1697.4
1252150 1689.8
1252160 1689.8
1252170 1678.8
1252180 1664.1
1252190 1664.1
1252200 1650.8
1252210 1641.7
1252220 1641.7
1252230 1631.0
1252240 1620.4
1252250 1620.4
1252260 1610.1
1252270 1606.3
1252280 1603.1
1252290 1603.1
1252300 1599.7
1252310 1591.6
1252320 1591.6
1252330 1577.4
1252340 1563.6
1252350 1563.6
1252360 1555.5
1252370 1541.0
1252380 1541.0
1252390 1527.4
1252400 1518.3
1252410 1518.3
1252420 1507.4
1252430 1495.4
1252440 1495.4
1252450 1485.3
1252460 1474.5
1252470 1474.5
1252480 1465.1
1252490 1452.6
1252500 1456.0
1252510 1443.5
1252520 1431.4
1252530 1431.4
1252540 1417.3
1252550 1410.1
1252560 1406.2
1252570 1406.2
1252580 1401.1
1252590 1398.0
1252600 1398.0
1252610 1393.1
1252620 1386.7
1252630 1386.7
1252640 1381.1
1252650 1376.3
1252660 1376.3
1252670 1370.7
1252680 1365.7
1252690 1365.7
1252700 1361.9
1252710 1358.0
1252720 1358.0
1252730 1353.6
1252740 1350.3
1252750 1350.3
1252760 1347.6
1252770 1344.9
1252780 1344.9
1252790 1342.5
1252800 1339.8
1252810 1339.8
1252820 1337.2
1252830 1334.4
1252840 1331.8
1252850 1331.8
1252860 1328.6
1252870 1325.4
1252880 1325.4
1252890 1322.5
1252900 1319.9
1252910 1319.9
1252920 1317.6
1252930 1315.1
1252940 1315.1
1252950 1312.7
1252960 1310.3
1252970 1310.3
1252980 1307.6
1252990 1304.6
1253000 1304.6
1253010 1301.5
1253020 1298.3
1253030 1298.3
1253040 1295.6
1253050 1293.6
1253060 1293.6
1253070 1291.1
1253080 1288.5
1253090 1288.5
1253100 1286.1
1253110 1284.0
1253120 1284.0
1253130 1281.9
1253140 1278.8
1253150 1278.2
1253160 1278.2
1253170 1280.4
1253180 1282.0
1253190 1282.0
1253200 1283.3
1253210 1284.9
1253220 1284.9
1253230 1287.5
1253240 1290.2
1253250 1290.2
1253260 1292.9
1253270 1296.2
1253280 1296.2
1253290 1300.4
1253300 1304.3
1253310 1304.3
1253320 1307.7
1253330 1311.6
1253340 1311.6
1253350 1316.0
1253360 1321.0
1253370 1321.0
1253380 1326.4
1253390 1331.8
1253400 1331.8
1253410 1337.2
1253420 1342.7
1253430 1348.1
1253440 1348.1
1253450 1353.6
1253460 1359.1
1253470 1359.1
1253480 1364.6
1253490 1369.6
1253500 1369.6
1253510 1374.5
1253520 1379.5
1253530 1379.5
1253540 1384.7
1253550 1390.2
1253560 1390.2
1253570 1395.7
1253580 1401.3
1253590 1401.3
1253600 1406.7
1253610 1412.4
1253620 1412.4
1253630 1417.8
1253640 1423.2
1253650 1423.2
1253660 1428.1
1253670 1432.8
1253680 1432.8
1253690 1438.1
1253700 1443.6
1253710 1449.4
1253720 1449.4
1253730 1454.6
1253740 1459.8
1253750 1459.8
1253760 1466.0
1253770 1472.7
1253780 1472.7
1253790 1479.5
1253800 1486.3
1253810 1486.3
1253820 1493.0
1253830 1499.7
1253840 1499.7
1253850 1506.4
1253860 1512.8
1253870 1512.8
1253880 1518.6
1253890 1525.9
1253900 1525.9
1253910 1533.3
1253920 1541.1
1253930 1541.1
1253940 1548.7
1253950 1556.4
1253960 1556.4
1253970 1567.5
1253980 1579.2
1253990 1587.6
1254000 1587.6
1254010 1593.8
1254020 1601.2
1254030 1601.2
1254040 1609.6
1254050 1619.1
1254060 1619.1
1254070 1641.2
1254080 1658.8
1254090 1658.8
1254100 1667.4
1254110 1676.1
1254120 1676.1
1254130 1691.0
1254140 1705.4
1254150 1705.4
1254160 1705.4
1254170 1708.2
1254180 1708.2
1254190 1709.6
1254200 1715.1
1254210 1715.1
1254220 1725.1
1254230 1743.7
1254240 1743.7
1254250 1757.7
1254260 1753.9
1254270 1748.7
1254280 1748.7
1254290 1746.0
1254300 1753.3
1254310 1753.3
1254320 1761.7
1254330 1779.5
1254340 1779.5
1254350 1793.1
1254360 1788.6
1254370 1788.6
1254380 1799.8
1254390 1815.4
1254400 1815.4
1254410 1826.2
1254420 1834.5
1254430 1834.5
1254440 1836.9
1254450 1836.3
1254460 1836.3
1254470 1827.2
1254480 1812.0
1254490 1812.0
1254500 1803.0
1254510 1797.3
1254520 1797.3
1254530 1801.3
1254540 1800.6
1254550 1800.6
1254560 1792.5
1254570 1784.5
1254580 1776.4
1254590 1776.4
1254600 1770.1
1254610 1765.3
1254620 1765.3
1254630 1760.4
1254640 1753.4
1254650 1753.4
1254660 1745.2
1254670 1740.4
1254680 1740.4
1254690 1737.6
1254700 1732.7
1254710 1734.9
1254720 1726.3
1254730 1718.9
1254740 1718.9
1254750 1713.5
1254760 1703.6
1254770 1703.6
1254780 1695.7
1254790 1688.3
1254800 1688.3
1254810 1679.0
1254820 1670.8
1254830 1670.8
1254840 1669.4
1254850 1664.9
1254860 1657.7
1254870 1657.7
1254880 1651.0
1254890 1643.1
1254900 1643.1
1254910 1634.4
1254920 1631.1
1254930 1631.1
1254940 1633.1
1254950 1630.2
1254960 1630.2
1254970 1624.1
1254980 1616.5
1254990 1616.5
1255000 1608.3
1255010 1604.3
1255020 1604.3
1255030 1605.4
1255040 1607.4
1255050 1607.4
1255060 1604.6
1255070 1598.9
1255080 1598.9
1255090 1594.1
1255100 1589.4
1255110 1589.4
1255120 1586.0
1255130 1582.7
1255140 1580.3
1255150 1580.3
1255160 1579.0
1255170 1577.4
1255180 1577.4
1255190 1574.8
1255200 1572.4
1255210 1572.4
1255220 1570.1
1255230 1567.5
1255240 1567.5
1255250 1566.2
1255260 1566.7
1255270 1569.5
1255280 1567.6
1255290 1566.6
1255300 1566.6
1255310 1562.9
1255320 1555.1
1255330 1555.1
1255340 1548.9
1255350 1549.8
1255360 1549.8
1255370 1556.1
1255380 1563.4
1255390 1563.4
1255400 1570.9
1255410 1578.5
1255420 1586.1
1255430 1586.1
1255440 1591.9
1255450 1595.7
1255460 1595.7
1255470 1601.6
1255480 1608.0
1255490 1608.0
1255500 1614.6
1255510 1621.1
1255520 1621.1
1255530 1627.6
1255540 1634.2
1255550 1634.2
1255560 1640.7
1255570 1647.3
1255580 1647.3
1255590 1653.8
1255600 1659.1
1255610 1659.1
1255620 1664.7
1255630 1670.6
1255640 1670.6
1255650 1675.8
1255660 1680.1
1255670 1680.1
1255680 1683.9
1255690 1688.0
1255700 1692.8
1255710 1692.8
1255720 1697.7
1255730 1702.7
1255740 1702.7
1255750 1707.7
1255760 1712.6
1255770 1712.6
1255780 1717.7
1255790 1722.6
1255800 1722.6
1255810 1727.1
1255820 1732.3
1255830 1732.3
1255840 1735.8
1255850 1739.0
1255860 1739.0
1255870 1742.0
1255880 1743.9
1255890 1743.9
1255900 1745.2
1255910 1745.2
1255920 1745.2
1255930 1742.3
1255940 1738.9
1255950 1738.9
1255960 1735.4
1255970 1731.5
1255980 1731.5
1255990 1726.3
1256000 1720.5
1256010 1715.1
1256020 1715.1
1256030 1708.9
1256040 1701.9
1256050 1701.9
1256060 1696.0
1256070 1693.1
1256080 1693.1
1256090 1690.6
1256100 1692.6
1256110 1692.6
1256120 1692.8
1256130 1695.7
1256140 1695.7
1256150 1696.4
1256160 1696.3
1256170 1696.3
1256180 1695.2
1256190 1694.9
1256200 1694.9
1256210 1695.1
1256220 1692.6
1256230 1692.6
1256240 1692.7
1256250 1692.2
1256260 1692.2
1256270 1692.6
1256280 1695.4
1256290 1696.8
1256300 1696.8
1256310 1698.0
1256320 1699.0
1256330 1699.0
1256340 1699.4
1256350 1705.0
1256360 1705.0
1256370 1708.9
1256380 1714.1
1256390 1714.1
1256400 1714.9
1256410 1715.3
1256420 1715.3
1256430 1714.5
1256440 1713.6
1256450 1713.6
1256460 1714.1
1256470 1715.6
1256480 1715.6
1256490 1713.7
1256500 1712.6
1256510 1712.6
1256520 1714.0
1256530 1711.5
1256540 1711.5
1256550 1716.0
1256560 1718.6
1256570 1717.4
1256580 1717.4
1256590 1719.9
1256600 1724.1
1256610 1724.1
1256620 1725.3
1256630 1725.3
1256640 1725.3
1256650 1728.5
1256660 1732.4
1256670 1732.4
1256680 1735.8
1256690 1738.5
1256700 1738.5
1256710 1737.7
1256720 1735.9
1256730 1735.9
1256740 1733.7
1256750 1731.5
1256760 1731.5
1256770 1729.3
1256780 1726.9
1256790 1726.9
1256800 1722.8
1256810 1718.3
1256820 1718.3
1256830 1712.5
1256840 1706.7
1256850 1700.6
1256860 1700.6
1256870 1694.5
1256880 1690.5
1256890 1690.5
1256900 1687.1
1256910 1683.3
1256920 1683.3
1256930 1679.8
1256940 1675.4
1256950 1675.4
1256960 1671.0
1256970 1666.8
1256980 1666.8
1256990 1663.3
1257000 1660.6
1257010 1660.6
1257020 1658.9
1257030 1657.5
1257040 1657.5
1257050 1656.5
1257060 1655.2
1257070 1655.2
1257080 1654.1
1257090 1651.6
1257100 1651.6
1257110 1648.6
1257120 1644.8
1257130 1640.5
1257140 1640.5
1257150 1635.0
1257160 1629.8
1257170 1629.8
1257180 1624.3
1257190 1618.2
1257200 1618.2
1257210 1612.1
1257220 1606.3
1257230 1606.3
1257240 1599.3
1257250 1593.1
1257260 1593.1
1257270 1586.1
1257280 1575.5
1257290 1575.5
1257300 1570.2
1257310 1567.0
1257320 1567.0
1257330 1563.0
1257340 1560.5
1257350 1560.5
1257360 1554.2
1257370 1547.5
1257380 1547.5
1257390 1540.0
1257400 1532.2
1257410 1532.2
1257420 1524.4
1257430 1516.2
1257440 1508.8
1257450 1508.8
1257460 1502.7
1257470 1498.0
1257480 1498.0
1257490 1494.3
1257500 1482.7
1257510 1482.7
1257520 1478.5
1257530 1473.9
1257540 1473.9
1257550 1469.0
1257560 1466.0
1257570 1466.0
1257580 1460.2
1257590 1453.0
1257600 1453.0
1257610 1448.4
1257620 1448.0
1257630 1448.0
1257640 1450.3
1257650 1455.1
1257660 1455.1
1257670 1453.3
1257680 1449.5
1257690 1449.5
1257700 1449.0
1257710 1449.6
1257720 1452.3
1257730 1452.3
1257740 1452.2
1257750 1447.2
1257760 1447.2
1257770 1441.3
1257780 1436.0
1257790 1436.0
1257800 1431.5
1257810 1428.1
1257820 1428.1
1257830 1422.6
1257840 1417.8
1257850 1417.8
1257860 1419.6
1257870 1418.7
1257880 1418.7
1257890 1417.5
1257900 1416.7
1257910 1416.7
1257920 1418.1
1257930 1415.5
1257940 1415.5
1257950 1414.1
1257960 1412.7
1257970 1412.7
1257980 1411.3
1257990 1410.0
1258000 1408.3
1258010 1408.3
1258020 1406.0
1258030 1403.7
1258040 1403.7
1258050 1401.2
1258060 1398.0
1258070 1398.0
1258080 1395.3
1258090 1393.1
1258100 1393.1
1258110 1390.8
1258120 1388.8
1258130 1388.8
1258140 1386.7
1258150 1384.6
1258160 1384.6
1258170 1382.7
1258180 1380.6
1258190 1380.6
1258200 1378.6
1258210 1376.8
1258220 1376.8
1258230 1374.9
1258240 1372.8
1258250 1372.8
1258260 1370.7
1258270 1368.5
1258280 1366.8
1258290 1366.8
1258300 1364.8
1258310 1362.7
1258320 1362.7
1258330 1360.9
1258340 1359.1
1258350 1359.1
1258360 1357.2
1258370 1355.3
1258380 1355.3
1258390 1353.6
1258400 1351.9
1258410 1351.9
1258420 1350.3
1258430 1348.5
1258440 1348.5
1258450 1346.8
1258460 1344.9
1258470 1344.9
1258480 1343.3
1258490 1341.7
1258500 1341.7
1258510 1339.7
1258520 1337.4
1258530 1337.4
1258540 1337.0
1258550 1337.0
1258560 1339.0
1258570 1339.0
1258580 1343.3
1258590 1347.9
1258600 1347.9
1258610 1349.3
1258620 1350.0
1258630 1352.1
1258640 1353.0
1258650 1353.5
1258660 1353.5
1258670 1354.0
1258680 1354.4
1258690 1354.4
1258700 1354.2
1258710 1353.8
1258720 1353.8
1258730 1354.8
1258740 1355.9
1258750 1355.9
1258760 1356.8
1258770 1357.7
1258780 1357.7
1258790 1357.7
1258800 1358.1
1258810 1358.1
1258820 1359.6
1258830 1362.9
1258840 1362.9
1258850 1366.6
1258860 1370.0
1258870 1372.3
1258880 1372.3
1258890 1373.0
1258900 1374.8
1258910 1374.8
1258920 1379.1
1258930 1384.6
1258940 1384.6
1258950 1389.3
1258960 1393.3
1258970 1393.3
1258980 1397.3
1258990 1401.6
1259000 1401.6
1259010 1404.8
1259020 1408.0
1259030 1408.0
1259040 1412.8
1259050 1418.7
1259060 1418.7
1259070 1424.7
1259080 1428.4
1259090 1428.4
1259100 1429.3
1259110 1429.5
1259120 1429.5
1259130 1429.9
1259140 1430.2
1259150 1430.3
1259160 1430.3
1259170 1429.6
1259180 1428.1
1259190 1435.3
1259200 1434.0
1259210 1431.9
1259220 1431.9
1259230 1432.8
1259240 1439.5
1259250 1439.5
1259260 1445.7
1259270 1452.8
1259280 1452.8
1259290 1460.0
1259300 1466.3
1259310 1466.3
1259320 1473.1
1259330 1479.9
1259340 1479.9
1259350 1486.4
1259360 1492.6
1259370 1492.6
1259380 1498.7
1259390 1503.7
1259400 1503.7
1259410 1507.0
1259420 1507.9
1259430 1508.6
1259440 1508.6
1259450 1509.1
1259460 1508.7
1259470 1508.7
1259480 1507.5
1259490 1505.2
1259500 1505.2
1259510 1502.1
1259520 1498.7
1259530 1498.7
1259540 1495.4
1259550 1490.7
1259560 1490.7
1259570 1485.0
1259580 1479.4
1259590 1479.4
1259600 1474.6
1259610 1471.7
1259620 1471.7
1259630 1467.9
1259640 1464.9
1259650 1464.9
1259660 1461.9
1259670 1459.6
1259680 1459.6
1259690 1457.8
1259700 1454.9
1259710 1452.3
1259720 1452.3
1259730 1451.4
1259740 1450.2
1259750 1450.2
1259760 1452.7
1259770 1451.6
1259780 1451.6
1259790 1452.2
1259800 1452.0
1259810 1452.0
1259820 1451.2
1259830 1450.2
1259840 1450.2
1259850 1448.5
1259860 1445.6
1259870 1445.6
1259880 1443.3
1259890 1435.5
1259900 1435.5
1259910 1426.3
1259920 1418.7
1259930 1418.7
1259940 1411.9
1259950 1406.1
1259960 1406.1
1259970 1399.3
1259980 1391.3
1259990 1383.5
