1240000 1407.4
1240010 1411.2
1240020 1411.2
1240030 1414.8
1240040 1417.4
1240050 1417.4
1240060 1420.1
1240070 1422.0
1240080 1422.0
1240090 1424.3
1240100 1428.9
1240110 1428.9
1240120 1433.6
1240130 1437.4
1240140 1437.4
1240150 1442.4
1240160 1448.7
1240170 1448.7
1240180 1454.4
1240190 1460.7
1240200 1463.5
1240210 1463.5
1240220 1466.8
1240230 1471.3
1240240 1471.3
1240250 1475.8
1240260 1480.2
1240270 1480.2
1240280 1484.5
1240290 1488.1
1240300 1488.1
1240310 1492.3
1240320 1495.4
1240330 1495.4
1240340 1498.2
1240350 1501.6
1240360 1501.6
1240370 1505.2
1240380 1507.0
1240390 1507.0
1240400 1510.6
1240410 1513.6
1240420 1513.6
1240430 1515.8
1240440 1516.0
1240450 1516.0
1240460 1518.5
1240470 1521.9
1240480 1525.0
1240490 1525.0
1240500 1528.1
1240510 1531.6
1240520 1531.6
1240530 1535.2
1240540 1538.5
1240550 1538.5
1240560 1541.4
1240570 1543.6
1240580 1543.6
1240590 1544.7
1240600 1544.7
1240610 1544.7
1240620 1544.5
1240630 1544.1
1240640 1544.1
1240650 1543.5
1240660 1543.0
1240670 1543.0
1240680 1542.7
1240690 1542.4
1240700 1542.4
1240710 1541.5
1240720 1540.7
1240730 1540.7
1240740 1539.9
1240750 1539.7
1240760 1539.4
1240770 1539.4
1240780 1539.2
1240790 1537.4
1240800 1537.4
1240810 1535.3
1240820 1536.2
1240830 1536.2
1240840 1534.5
1240850 1537.5
1240860 1537.5
1240870 1539.3
1240880 1539.5
1240890 1539.5
1240900 1537.9
1240910 1537.6
1240920 1537.6
1240930 1537.3
1240940 1537.5
1240950 1537.5
1240960 1538.1
1240970 1538.4
1240980 1538.4
1240990 1538.5
1241000 1535.6
1241010 1535.6
1241020 1529.1
1241030 1524.6
1241040 1520.8
1241050 1520.8
1241060 1516.7
1241070 1513.0
1241080 1513.0
1241090 1510.1
1241100 1506.4
1241110 1506.4
1241120 1503.0
1241130 1499.1
1241140 1499.1
1241150 1495.0
1241160 1491.6
1241170 1491.6
1241180 1488.5
1241190 1485.5
1241200 1485.5
1241210 1482.7
1241220 1480.0
1241230 1480.0
1241240 1477.1
1241250 1474.8
1241260 1474.8
1241270 1472.6
1241280 1470.6
1241290 1470.6
1241300 1468.5
1241310 1467.1
1241320 1467.1
1241330 1465.1
1241340 1465.6
1241350 1468.1
1241360 1468.1
1241370 1467.9
1241380 1467.1
1241390 1467.1
1241400 1466.0
1241410 1465.3
1241420 1465.3
1241430 1457.1
1241440 1453.7
1241450 1453.7
1241460 1451.3
1241470 1450.1
1241480 1450.1
1241490 1447.6
1241500 1443.3
1241510 1443.3
1241520 1440.3
1241530 1442.1
1241540 1442.1
1241550 1443.6
1241560 1442.9
1241570 1442.9
1241580 1440.4
1241590 1437.7
1241600 1437.7
1241610 1434.4
1241620 1432.2
1241630 1434.3
1241640 1434.3
1241650 1435.2
1241660 1433.4
1241670 1433.4
1241680 1431.0
1241690 1428.8
1241700 1428.8
1241710 1425.9
1241720 1422.7
1241730 1422.7
1241740 1419.8
1241750 1417.3
1241760 1417.3
1241770 1414.8
1241780 1413.0
1241790 1413.0
1241800 1412.0
1241810 1411.5
1241820 1411.5
1241830 1409.7
1241840 1406.5
1241850 1406.5
1241860 1403.7
1241870 1402.1
1241880 1402.1
1241890 1400.7
1241900 1398.6
1241910 1396.9
1241920 1396.9
1241930 1394.3
1241940 1389.0
1241950 1384.6
1241960 1377.9
1241970 1373.3
1241980 1373.3
1241990 1371.5
1242000 1371.1
1242010 1371.1
1242020 1372.1
1242030 1370.7
1242040 1370.7
1242050 1368.1
1242060 1365.9
1242070 1365.9
1242080 1363.2
1242090 1360.9
1242100 1360.9
1242110 1358.4
1242120 1356.8
1242130 1356.8
1242140 1355.4
1242150 1354.3
1242160 1354.3
1242170 1353.1
1242180 1352.0
1242190 1351.3
1242200 1351.3
1242210 1350.6
1242220 1349.2
1242230 1349.2
1242240 1348.0
1242250 1347.7
1242260 1347.7
1242270 1350.3
1242280 1352.8
1242290 1352.8
1242300 1353.9
1242310 1354.9
1242320 1354.9
1242330 1355.5
1242340 1355.2
1242350 1355.2
1242360 1354.8
1242370 1354.0
1242380 1354.0
1242390 1351.9
1242400 1349.1
1242410 1349.1
1242420 1345.9
1242430 1342.2
1242440 1342.2
1242450 1337.9
1242460 1335.0
1242470 1335.0
1242480 1334.7
1242490 1333.5
1242500 1330.8
1242510 1330.8
1242520 1327.7
1242530 1325.0
1242540 1325.0
1242550 1322.6
1242560 1320.8
1242570 1320.8
1242580 1320.0
1242590 1319.5
1242600 1319.5
1242610 1319.0
1242620 1318.5
1242630 1318.5
1242640 1318.1
1242650 1318.6
1242660 1318.6
1242670 1319.3
1242680 1319.6
1242690 1319.6
1242700 1319.7
1242710 1320.1
1242720 1320.1
1242730 1322.0
1242740 1323.6
1242750 1323.6
1242760 1325.6
1242770 1327.4
1242780 1329.0
1242790 1329.0
1242800 1330.3
1242810 1331.6
1242820 1331.6
1242830 1332.4
1242840 1332.4
1242850 1332.4
1242860 1333.2
1242870 1335.2
1242880 1335.2
1242890 1337.3
1242900 1338.1
1242910 1338.1
1242920 1338.3
1242930 1338.1
1242940 1338.1
1242950 1337.9
1242960 1337.4
1242970 1337.4
1242980 1336.6
1242990 1335.5
1243000 1334.3
1243010 1331.7
1243020 1328.7
1243030 1328.7
1243040 1326.0
1243050 1323.9
1243060 1322.6
1243070 1322.6
1243080 1321.7
1243090 1321.2
1243100 1321.2
1243110 1320.4
1243120 1319.0
1243130 1319.0
1243140 1317.5
1243150 1316.2
1243160 1316.2
1243170 1315.5
1243180 1315.0
1243190 1315.0
1243200 1314.4
1243210 1313.8
1243220 1313.8
1243230 1313.2
1243240 1310.2
1243250 1310.2
1243260 1305.2
1243270 1300.8
1243280 1300.8
1243290 1297.1
1243300 1294.3
1243310 1294.3
1243320 1293.4
1243330 1293.9
1243340 1294.1
1243350 1294.1
1243360 1293.8
1243370 1293.8
1243380 1293.8
1243390 1295.4
1243400 1296.4
1243410 1296.4
1243420 1298.8
1243430 1300.2
1243440 1300.2
1243450 1298.7
1243460 1300.2
1243470 1300.2
1243480 1305.0
1243490 1307.2
1243500 1307.2
1243510 1306.7
1243520 1305.5
1243530 1308.2
1243540 1307.5
1243550 1308.1
1243560 1308.1
1243570 1308.4
1243580 1307.4
1243590 1307.4
1243600 1302.6
1243610 1295.7
1243620 1289.6
1243630 1289.6
1243640 1285.0
1243650 1281.8
1243660 1281.8
1243670 1281.8
1243680 1278.6
1243690 1278.6
1243700 1274.2
1243710 1269.7
1243720 1269.7
1243730 1264.8
1243740 1260.8
1243750 1260.8
1243760 1259.6
1243770 1259.8
1243780 1259.8
1243790 1260.3
1243800 1261.8
1243810 1261.8
1243820 1263.8
1243830 1265.5
1243840 1265.5
1243850 1268.3
1243860 1272.3
1243870 1272.3
1243880 1272.9
1243890 1272.9
1243900 1272.9
1243910 1273.7
1243920 1275.2
1243930 1280.7
1243940 1280.7
1243950 1281.9
1243960 1278.4
1243970 1278.4
1243980 1273.0
1243990 1270.5
1244000 1270.5
1244010 1270.7
1244020 1270.6
1244030 1270.6
1244040 1269.7
1244050 1269.9
1244060 1273.0
1244070 1273.4
1244080 1274.1
1244090 1274.1
1244100 1275.7
1244110 1278.4
1244120 1278.4
1244130 1278.7
1244140 1277.5
1244150 1277.5
1244160 1277.0
1244170 1275.8
1244180 1275.8
1244190 1274.8
1244200 1272.8
1244210 1272.4
1244220 1272.4
1244230 1272.7
1244240 1270.1
1244250 1270.1
1244260 1269.2
1244270 1270.2
1244280 1270.2
1244290 1269.9
1244300 1269.6
1244310 1269.6
1244320 1269.2
1244330 1269.0
1244340 1269.0
1244350 1268.3
1244360 1267.4
1244370 1267.4
1244380 1266.5
1244390 1265.3
1244400 1265.3
1244410 1264.1
1244420 1263.1
1244430 1263.1
1244440 1261.7
1244450 1260.3
1244460 1260.3
1244470 1258.8
1244480 1255.4
1244490 1250.4
1244500 1250.4
1244510 1245.2
1244520 1240.1
1244530 1240.1
1244540 1236.4
1244550 1233.2
1244560 1233.2
1244570 1229.4
1244580 1225.1
1244590 1223.0
1244600 1220.7
1244610 1220.1
1244620 1220.1
1244630 1219.7
1244640 1219.3
1244650 1219.3
1244660 1219.1
1244670 1217.6
1244680 1217.6
1244690 1219.7
1244700 1221.3
1244710 1221.3
1244720 1219.3
1244730 1216.7
1244740 1216.7
1244750 1214.2
1244760 1211.8
1244770 1211.3
1244780 1211.3
1244790 1209.5
1244800 1208.9
1244810 1208.9
1244820 1207.7
1244830 1205.9
1244840 1205.9
1244850 1204.3
1244860 1203.0
1244870 1203.0
1244880 1201.6
1244890 1199.9
1244900 1199.9
1244910 1199.0
1244920 1196.9
1244930 1196.9
1244940 1196.0
1244950 1194.8
1244960 1194.8
1244970 1193.6
1244980 1190.9
1244990 1190.9
1245000 1185.8
1245010 1181.9
1245020 1181.9
1245030 1179.1
1245040 1177.5
1245050 1176.9
1245060 1176.9
1245070 1175.6
1245080 1174.5
1245090 1174.5
1245100 1173.8
1245110 1172.9
1245120 1170.9
1245130 1170.5
1245140 1170.4
1245150 1170.4
1245160 1171.3
1245170 1172.2
1245180 1172.2
1245190 1171.8
1245200 1175.8
1245210 1175.8
1245220 1177.0
1245230 1175.2
1245240 1175.2
1245250 1177.7
1245260 1179.8
1245270 1179.8
1245280 1177.9
1245290 1174.2
1245300 1174.2
1245310 1170.6
1245320 1166.5
1245330 1166.5
1245340 1164.8
1245350 1164.2
1245360 1163.2
1245370 1163.2
1245380 1162.4
1245390 1160.8
1245400 1160.8
1245410 1158.6
1245420 1156.4
1245430 1156.4
1245440 1154.7
1245450 1152.9
1245460 1152.9
1245470 1151.2
1245480 1149.3
1245490 1149.3
1245500 1146.3
1245510 1143.7
1245520 1143.7
1245530 1141.3
1245540 1139.3
1245550 1139.3
1245560 1138.1
1245570 1136.9
1245580 1136.9
1245590 1136.1
1245600 1134.6
1245610 1134.6
1245620 1131.7
1245630 1128.9
1245640 1127.1
1245650 1127.1
1245660 1125.2
1245670 1124.3
1245680 1124.3
1245690 1123.3
1245700 1122.3
1245710 1122.3
1245720 1121.2
1245730 1119.9
1245740 1119.9
1245750 1118.7
1245760 1117.7
1245770 1117.7
1245780 1116.4
1245790 1114.7
1245800 1114.7
1245810 1110.6
1245820 1108.2
1245830 1108.2
1245840 1109.0
1245850 1110.4
1245860 1110.4
1245870 1112.4
1245880 1112.9
1245890 1112.9
1245900 1112.2
1245910 1111.4
1245920 1110.7
1245930 1110.7
1245940 1109.4
1245950 1107.6
1245960 1107.6
1245970 1106.2
1245980 1104.8
1245990 1104.8
1246000 1102.9
1246010 1099.1
1246020 1099.1
1246030 1093.3
1246040 1091.7
1246050 1091.7
1246060 1093.9
1246070 1097.9
1246080 1097.9
1246090 1097.2
1246100 1096.8
1246110 1096.8
1246120 1094.3
1246130 1091.1
1246140 1091.1
1246150 1092.9
1246160 1094.8
1246170 1094.8
1246180 1095.2
1246190 1096.5
1246200 1094.8
1246210 1094.8
1246220 1095.0
1246230 1094.7
1246240 1094.7
1246250 1095.1
1246260 1095.9
1246270 1095.9
1246280 1098.4
1246290 1098.4
1246300 1098.4
1246310 1099.2
1246320 1101.5
1246330 1101.5
1246340 1103.2
1246350 1103.7
1246360 1103.7
1246370 1104.1
1246380 1103.5
1246390 1103.5
1246400 1098.4
1246410 1092.0
1246420 1092.0
1246430 1086.5
1246440 1082.8
1246450 1082.8
1246460 1080.7
1246470 1080.0
1246480 1079.8
1246490 1079.8
1246500 1079.3
1246510 1078.5
1246520 1078.5
1246530 1077.4
1246540 1077.6
1246550 1077.6
1246560 1077.3
1246570 1076.3
1246580 1076.3
1246590 1076.2
1246600 1077.2
1246610 1077.2
1246620 1076.9
1246630 1076.7
1246640 1076.7
1246650 1077.0
1246660 1081.2
1246670 1081.2
1246680 1082.4
1246690 1077.8
1246700 1077.8
1246710 1074.4
1246720 1072.9
1246730 1073.0
1246740 1073.2
1246750 1076.8
1246760 1076.8
1246770 1080.1
1246780 1080.6
1246790 1084.2
1246800 1084.2
1246810 1090.5
1246820 1093.2
1246830 1093.2
1246840 1093.9
1246850 1096.3
1246860 1096.3
1246870 1100.4
1246880 1100.4
1246890 1100.4
1246900 1097.9
1246910 1098.2
1246920 1098.2
1246930 1101.6
1246940 1107.6
1246950 1107.6
1246960 1112.4
1246970 1117.3
1246980 1117.3
1246990 1122.3
1247000 1124.5
1247010 1124.5
1247020 1121.9
1247030 1122.2
1247040 1122.2
1247050 1118.9
1247060 1115.6
1247070 1117.2
1247080 1117.2
1247090 1118.9
1247100 1123.4
1247110 1123.4
1247120 1128.4
1247130 1130.5
1247140 1130.5
1247150 1126.2
1247160 1123.7
1247170 1123.7
1247180 1125.4
1247190 1128.9
1247200 1128.9
1247210 1130.0
1247220 1132.2
1247230 1132.2
1247240 1135.9
1247250 1133.1
1247260 1138.3
1247270 1136.8
1247280 1138.1
1247290 1138.1
1247300 1139.2
1247310 1139.4
1247320 1139.4
1247330 1138.8
1247340 1137.6
1247350 1136.8
1247360 1136.8
1247370 1136.0
1247380 1135.4
1247390 1135.4
1247400 1135.0
1247410 1134.4
1247420 1134.4
1247430 1133.4
1247440 1132.1
1247450 1132.1
1247460 1131.2
1247470 1131.4
1247480 1131.4
1247490 1133.3
1247500 1136.7
1247510 1136.7
1247520 1139.9
1247530 1141.5
1247540 1141.5
1247550 1139.5
1247560 1137.0
1247570 1137.0
1247580 1136.7
1247590 1138.4
1247600 1138.4
1247610 1141.6
1247620 1145.9
1247630 1149.0
1247640 1149.0
1247650 1150.2
1247660 1151.4
1247670 1151.4
1247680 1152.3
1247690 1153.4
1247700 1153.4
1247710 1153.9
1247720 1151.1
1247730 1151.1
1247740 1153.0
1247750 1154.2
1247760 1154.2
1247770 1155.8
1247780 1157.8
1247790 1157.8
1247800 1165.1
1247810 1169.2
1247820 1169.2
1247830 1173.5
1247840 1172.8
1247850 1172.8
1247860 1174.0
1247870 1176.2
1247880 1176.2
1247890 1176.0
1247900 1178.5
1247910 1181.1
1247920 1181.1
1247930 1183.7
1247940 1185.2
1247950 1185.2
1247960 1186.2
1247970 1187.9
1247980 1187.9
1247990 1191.5
1248000 1195.4
1248010 1195.4
1248020 1199.2
1248030 1203.2
1248040 1203.2
1248050 1207.2
1248060 1210.7
1248070 1210.7
1248080 1214.4
1248090 1217.9
1248100 1217.9
1248110 1219.9
1248120 1223.9
1248130 1223.9
1248140 1227.3
1248150 1231.1
1248160 1231.1
1248170 1234.6
1248180 1237.7
1248190 1241.5
1248200 1241.5
1248210 1243.9
1248220 1245.2
1248230 1245.2
1248240 1246.7
1248250 1249.0
1248260 1249.0
1248270 1249.3
1248280 1251.8
1248290 1251.8
1248300 1255.3
1248310 1257.9
1248320 1257.9
1248330 1261.6
1248340 1272.3
1248350 1272.3
1248360 1276.2
1248370 1277.9
1248380 1277.9
1248390 1277.2
1248400 1279.1
1248410 1279.1
1248420 1285.6
1248430 1291.0
1248440 1291.0
1248450 1294.8
1248460 1296.5
1248470 1296.5
1248480 1298.8
1248490 1300.9
1248500 1304.3
1248510 1304.3
1248520 1307.8
1248530 1310.8
1248540 1310.8
1248550 1312.9
1248560 1315.2
1248570 1315.2
1248580 1317.9
1248590 1319.7
1248600 1319.7
1248610 1317.4
1248620 1317.3
1248630 1317.3
1248640 1320.9
1248650 1327.9
1248660 1327.9
1248670 1338.5
1248680 1347.9
1248690 1347.9
1248700 1352.1
1248710 1355.3
1248720 1355.3
1248730 1359.6
1248740 1364.4
1248750 1364.4
1248760 1369.9
1248770 1375.8
1248780 1379.8
1248790 1379.8
1248800 1382.5
1248810 1386.2
1248820 1386.2
1248830 1389.3
1248840 1392.4
1248850 1392.4
1248860 1393.9
1248870 1396.5
1248880 1406.6
1248890 1410.6
1248900 1414.6
1248910 1414.6
1248920 1418.8
1248930 1421.3
1248940 1421.3
1248950 1422.4
1248960 1424.3
1248970 1424.3
1248980 1424.0
1248990 1426.2
1249000 1426.2
1249010 1431.9
1249020 1438.2
1249030 1438.2
1249040 1445.9
1249050 1452.2
1249060 1457.8
1249070 1457.8
1249080 1462.1
1249090 1465.1
1249100 1465.1
1249110 1472.9
1249120 1478.1
1249130 1478.1
1249140 1480.4
1249150 1482.1
1249160 1482.1
1249170 1480.1
1249180 1479.1
1249190 1479.1
1249200 1476.3
1249210 1477.9
1249220 1477.9
1249230 1487.0
1249240 1492.2
1249250 1492.2
1249260 1494.8
1249270 1498.6
1249280 1498.6
1249290 1501.0
1249300 1506.2
1249310 1506.2
1249320 1513.8
1249330 1518.6
1249340 1519.2
1249350 1519.2
1249360 1519.6
1249370 1520.5
1249380 1520.5
1249390 1522.5
1249400 1524.5
1249410 1524.5
1249420 1536.1
1249430 1539.0
1249440 1539.0
1249450 1541.8
1249460 1546.8
1249470 1546.8
1249480 1552.4
1249490 1554.5
1249500 1554.5
1249510 1553.6
1249520 1557.2
1249530 1557.2
1249540 1563.7
1249550 1564.3
1249560 1564.3
1249570 1563.4
1249580 1563.1
1249590 1563.1
1249600 1561.7
1249610 1562.0
1249620 1562.8
1249630 1562.8
1249640 1563.3
1249650 1563.4
1249660 1563.4
1249670 1562.8
1249680 1562.8
1249690 1562.8
1249700 1563.3
1249710 1563.0
1249720 1563.0
1249730 1561.3
1249740 1557.7
1249750 1557.7
1249760 1552.4
1249770 1544.2
1249780 1544.2
1249790 1526.2
1249800 1518.9
1249810 1518.9
1249820 1517.4
1249830 1512.8
1249840 1512.8
1249850 1515.4
1249860 1533.8
1249870 1533.8
1249880 1550.9
1249890 1551.8
1249900 1551.8
1249910 1569.9
1249920 1586.6
1249930 1591.6
1249940 1591.6
1249950 1595.8
1249960 1599.2
1249970 1604.9
1249980 1608.5
1249990 1611.6
1250000 1611.6
1250010 1614.4
1250020 1616.1
1250030 1616.1
1250040 1617.7
1250050 1617.9
1250060 1617.9
1250070 1614.1
1250080 1609.2
1250090 1609.2
1250100 1602.3
1250110 1596.1
1250120 1596.1
1250130 1601.1
1250140 1610.5
1250150 1610.5
1250160 1608.1
1250170 1604.3
1250180 1604.3
1250190 1596.9
1250200 1574.1
1250210 1563.3
1250220 1563.3
1250230 1562.1
1250240 1573.9
1250250 1573.9
1250260 1584.2
1250270 1574.0
1250280 1574.0
1250290 1569.7
1250300 1567.6
1250310 1567.6
1250320 1553.8
1250330 1564.6
1250340 1564.6
1250350 1584.5
1250360 1596.8
1250370 1596.8
1250380 1606.1
1250390 1613.4
1250400 1613.4
1250410 1619.2
1250420 1624.8
1250430 1624.8
1250440 1624.2
1250450 1615.8
1250460 1615.8
1250470 1609.4
1250480 1607.3
1250490 1605.3
1250500 1605.3
1250510 1604.3
1250520 1597.9
1250530 1597.9
1250540 1597.6
1250550 1605.1
1250560 1605.1
1250570 1610.6
1250580 1614.6
1250590 1614.6
1250600 1620.0
1250610 1626.2
1250620 1626.2
1250630 1632.3
1250640 1637.6
1250650 1637.6
1250660 1646.1
1250670 1669.9
1250680 1669.9
1250690 1681.7
1250700 1685.9
1250710 1685.9
1250720 1692.9
1250730 1700.2
1250740 1700.2
1250750 1697.5
1250760 1693.4
1250770 1685.6
1250780 1685.6
1250790 1675.1
1250800 1667.0
1250810 1667.0
1250820 1658.9
1250830 1652.8
1250840 1652.8
1250850 1649.4
1250860 1652.1
1250870 1652.1
1250880 1655.8
1250890 1656.3
1250900 1656.3
1250910 1656.2
1250920 1658.2
1250930 1658.2
1250940 1661.5
1250950 1664.4
1250960 1664.4
1250970 1666.6
1250980 1668.3
1250990 1668.3
1251000 1669.8
1251010 1674.7
1251020 1674.7
1251030 1680.4
1251040 1683.4
1251050 1690.6
1251060 1690.6
1251070 1694.2
1251080 1699.2
1251090 1699.2
1251100 1705.5
1251110 1712.6
1251120 1712.6
1251130 1720.1
1251140 1727.7
1251150 1727.7
1251160 1737.9
1251170 1746.5
1251180 1746.5
1251190 1751.3
1251200 1756.4
1251210 1756.4
1251220 1762.4
1251230 1782.9
1251240 1782.9
1251250 1803.0
1251260 1814.2
1251270 1814.2
1251280 1828.2
1251290 1836.7
1251300 1836.7
1251310 1844.1
1251320 1851.3
1251330 1851.3
1251340 1859.0
1251350 1867.3
1251360 1874.8
1251370 1874.8
1251380 1882.8
1251390 1893.0
1251400 1893.0
1251410 1899.7
1251420 1909.4
1251430 1909.4
1251440 1914.1
1251450 1916.5
1251460 1916.5
1251470 1916.7
1251480 1916.7
1251490 1916.7
1251500 1919.9
1251510 1920.6
1251520 1920.6
1251530 1919.7
1251540 1919.1
1251550 1919.1
1251560 1917.0
1251570 1912.8
1251580 1912.8
1251590 1909.3
1251600 1906.9
1251610 1906.9
1251620 1903.8
1251630 1900.2
1251640 1897.3
1251650 1897.3
1251660 1894.8
1251670 1892.9
1251680 1892.9
1251690 1890.4
1251700 1886.9
1251710 1886.9
1251720 1882.0
1251730 1875.4
1251740 1875.4
1251750 1869.0
1251760 1862.6
1251770 1862.6
1251780 1856.4
1251790 1850.2
1251800 1850.2
1251810 1842.5
1251820 1835.1
1251830 1835.1
1251840 1828.6
1251850 1821.6
1251860 1821.6
1251870 1815.6
1251880 1809.4
1251890 1809.4
1251900 1803.2
1251910 1796.8
1251920 1790.5
1251930 1790.5
1251940 1784.7
1251950 1779.6
1251960 1779.6
1251970 1773.8
1251980 1768.5
1251990 1768.5
1252000 1763.8
1252010 1757.0
1252020 1757.0
1252030 1750.8
1252040 1744.5
1252050 1744.5
1252060 1736.1
1252070 1723.7
1252080 1723.7
1252090 1710.0
1252100 1702.5
1252110 1702.5
1252120 1692.9
1252130 1685.3
1252140 1685.3
1252150 1685.9
1252160 1683.4
1252170 1683.4
1252180 1675.2
1252190 1670.9
1252200 1673.5
1252210 1673.5
1252220 1674.8
1252230 1670.8
1252240 1670.8
1252250 1666.6
1252260 1661.2
1252270 1661.2
1252280 1654.9
1252290 1650.7
1252300 1650.7
1252310 1645.9
1252320 1640.5
1252330 1640.5
1252340 1635.9
1252350 1628.1
1252360 1628.1
1252370 1616.2
1252380 1623.2
1252390 1623.2
1252400 1615.7
1252410 1609.3
1252420 1609.3
1252430 1600.1
1252440 1595.2
1252450 1595.2
1252460 1599.2
1252470 1594.6
1252480 1589.2
1252490 1589.2
1252500 1583.9
1252510 1571.9
1252520 1571.9
1252530 1560.1
1252540 1546.3
1252550 1546.3
1252560 1534.5
1252570 1535.0
1252580 1535.0
1252590 1527.1
1252600 1514.2
1252610 1514.2
1252620 1501.4
1252630 1485.5
1252640 1485.5
1252650 1469.9
1252660 1453.8
1252670 1453.8
1252680 1441.9
1252690 1432.7
1252700 1427.6
1252710 1420.0
1252720 1411.1
1252730 1411.1
1252740 1402.6
1252750 1396.1
1252760 1396.1
1252770 1389.0
1252780 1381.4
1252790 1374.3
1252800 1374.3
1252810 1367.5
1252820 1360.7
1252830 1360.7
1252840 1354.4
1252850 1348.6
1252860 1348.6
1252870 1343.4
1252880 1338.7
1252890 1338.7
1252900 1334.1
1252910 1330.3
1252920 1330.3
1252930 1326.6
1252940 1323.1
1252950 1323.1
1252960 1319.2
1252970 1315.4
1252980 1315.4
1252990 1310.8
1253000 1305.9
1253010 1305.9
1253020 1301.4
1253030 1297.4
1253040 1297.4
1253050 1293.2
1253060 1289.1
1253070 1285.2
1253080 1285.2
1253090 1282.1
1253100 1280.4
1253110 1280.4
1253120 1280.3
1253130 1280.3
1253140 1280.3
1253150 1280.4
1253160 1280.4
1253170 1280.4
1253180 1280.5
1253190 1280.5
1253200 1280.5
1253210 1280.5
1253220 1280.6
1253230 1280.6
1253240 1281.0
1253250 1283.4
1253260 1283.4
1253270 1286.5
1253280 1289.1
1253290 1289.1
1253300 1291.9
1253310 1295.1
1253320 1295.1
1253330 1298.4
1253340 1301.5
1253350 1305.1
1253360 1305.1
1253370 1308.6
1253380 1312.2
1253390 1312.2
1253400 1315.8
1253410 1319.8
1253420 1319.8
1253430 1324.1
1253440 1328.4
1253450 1328.4
1253460 1332.9
1253470 1337.7
1253480 1337.7
1253490 1342.7
1253500 1347.8
1253510 1347.8
1253520 1352.8
1253530 1357.6
1253540 1357.6
1253550 1362.3
1253560 1367.3
1253570 1367.3
1253580 1372.5
1253590 1377.7
1253600 1377.7
1253610 1382.8
1253620 1387.6
1253630 1392.2
1253640 1392.2
1253650 1397.0
1253660 1402.5
1253670 1402.5
1253680 1408.1
1253690 1413.8
1253700 1413.8
1253710 1419.5
1253720 1425.6
1253730 1425.6
1253740 1431.9
1253750 1437.7
1253760 1437.7
1253770 1443.0
1253780 1448.6
1253790 1448.6
1253800 1450.7
1253810 1455.3
1253820 1455.3
1253830 1460.1
1253840 1467.9
1253850 1467.9
1253860 1474.8
1253870 1482.2
1253880 1482.2
1253890 1488.4
1253900 1494.9
1253910 1500.4
1253920 1500.4
1253930 1505.2
1253940 1512.8
1253950 1512.8
1253960 1521.8
1253970 1537.0
1253980 1537.0
1253990 1562.9
1254000 1572.3
1254010 1572.3
1254020 1575.8
1254030 1582.5
1254040 1582.5
1254050 1587.3
1254060 1597.4
1254070 1597.4
1254080 1614.9
1254090 1624.9
1254100 1624.9
1254110 1631.6
1254120 1638.2
1254130 1638.2
1254140 1645.7
1254150 1653.1
1254160 1653.1
1254170 1658.6
1254180 1668.6
1254190 1668.6
1254200 1679.1
1254210 1689.2
1254220 1702.3
1254230 1702.3
1254240 1715.2
1254250 1726.0
1254260 1726.0
1254270 1734.3
1254280 1742.9
1254290 1742.9
1254300 1748.9
1254310 1754.7
1254320 1754.7
1254330 1761.3
1254340 1770.2
1254350 1772.4
1254360 1785.7
1254370 1796.4
1254380 1796.4
1254390 1803.9
1254400 1812.9
1254410 1812.9
1254420 1823.3
1254430 1831.8
1254440 1831.8
1254450 1839.6
1254460 1848.2
1254470 1848.2
1254480 1855.8
1254490 1862.0
1254500 1868.3
1254510 1868.3
1254520 1875.0
1254530 1881.8
1254540 1881.8
1254550 1888.4
1254560 1894.9
1254570 1894.9
1254580 1901.9
1254590 1906.8
1254600 1906.8
1254610 1908.0
1254620 1907.9
1254630 1907.9
1254640 1905.8
1254650 1900.4
1254660 1900.4
1254670 1892.7
1254680 1882.9
1254690 1882.9
1254700 1871.5
1254710 1862.0
1254720 1862.0
1254730 1856.0
1254740 1869.2
1254750 1869.2
1254760 1867.4
1254770 1865.1
1254780 1861.0
1254790 1861.0
1254800 1855.2
1254810 1849.1
1254820 1849.1
1254830 1840.8
1254840 1827.4
1254850 1827.4
1254860 1813.2
1254870 1799.7
1254880 1799.7
1254890 1793.3
1254900 1784.3
1254910 1793.8
1254920 1782.8
1254930 1772.5
1254940 1772.5
1254950 1761.9
1254960 1748.5
1254970 1748.5
1254980 1740.3
1254990 1731.2
1255000 1731.2
1255010 1721.9
1255020 1712.6
1255030 1712.6
1255040 1708.6
1255050 1706.6
1255060 1705.3
1255070 1705.3
1255080 1704.3
1255090 1700.2
1255100 1700.2
1255110 1696.1
1255120 1691.2
1255130 1691.2
1255140 1686.0
1255150 1681.8
1255160 1681.8
1255170 1679.0
1255180 1676.1
1255190 1676.1
1255200 1673.1
1255210 1670.0
1255220 1670.0
1255230 1666.4
1255240 1662.3
1255250 1662.3
1255260 1658.9
1255270 1657.5
1255280 1657.5
1255290 1657.3
1255300 1656.1
1255310 1656.1
1255320 1654.2
1255330 1651.7
1255340 1649.5
1255350 1649.5
1255360 1648.2
1255370 1647.2
1255380 1647.2
1255390 1645.8
1255400 1644.5
1255410 1644.5
1255420 1643.0
1255430 1641.4
1255440 1641.4
1255450 1640.1
1255460 1639.2
1255470 1643.1
1255480 1638.0
1255490 1631.2
1255500 1631.2
1255510 1625.5
1255520 1621.6
1255530 1621.6
1255540 1617.1
1255550 1615.6
1255560 1615.6
1255570 1623.1
1255580 1632.3
1255590 1632.3
1255600 1640.6
1255610 1648.3
1255620 1655.9
1255630 1655.9
1255640 1662.9
1255650 1668.2
1255660 1668.2
1255670 1673.6
1255680 1679.3
1255690 1679.3
1255700 1685.3
1255710 1691.6
1255720 1691.6
1255730 1697.8
1255740 1703.7
1255750 1703.7
1255760 1709.9
1255770 1716.7
1255780 1716.7
1255790 1723.9
1255800 1731.0
1255810 1731.0
1255820 1738.4
1255830 1746.7
1255840 1746.7
1255850 1755.0
1255860 1762.8
1255870 1762.8
1255880 1770.4
1255890 1778.5
1255900 1778.5
1255910 1787.4
1255920 1799.2
1255930 1811.1
1255940 1811.1
1255950 1820.0
1255960 1833.3
1255970 1833.3
1255980 1842.3
1255990 1839.8
1256000 1839.8
1256010 1831.8
1256020 1828.3
1256030 1828.3
1256040 1820.8
1256050 1815.6
1256060 1815.6
1256070 1812.3
1256080 1810.6
1256090 1810.6
1256100 1808.6
1256110 1804.6
1256120 1804.6
1256130 1802.3
1256140 1799.1
1256150 1799.1
1256160 1794.0
1256170 1789.0
1256180 1789.0
1256190 1787.4
1256200 1786.4
1256210 1787.4
1256220 1787.4
1256230 1792.8
1256240 1797.0
1256250 1797.0
1256260 1799.4
1256270 1797.0
1256280 1797.0
1256290 1795.7
1256300 1801.7
1256310 1801.7
1256320 1807.9
1256330 1808.3
1256340 1808.3
1256350 1807.2
1256360 1811.5
1256370 1811.5
1256380 1809.6
1256390 1808.5
1256400 1808.5
1256410 1809.5
1256420 1810.8
1256430 1810.8
1256440 1810.8
1256450 1813.6
1256460 1813.6
1256470 1818.7
1256480 1825.0
1256490 1831.9
1256500 1831.9
1256510 1838.7
1256520 1845.9
1256530 1845.9
1256540 1846.7
1256550 1847.1
1256560 1847.1
1256570 1849.1
1256580 1858.9
1256590 1858.9
1256600 1859.9
1256610 1859.5
1256620 1859.5
1256630 1855.5
1256640 1849.3
1256650 1849.3
1256660 1842.7
1256670 1834.3
1256680 1834.3
1256690 1822.6
1256700 1802.6
1256710 1802.6
1256720 1792.2
1256730 1786.7
1256740 1786.7
1256750 1783.3
1256760 1782.7
1256770 1778.9
1256780 1778.9
1256790 1774.4
1256800 1769.6
1256810 1769.6
1256820 1763.3
1256830 1758.4
1256840 1758.4
1256850 1752.3
1256860 1746.8
1256870 1746.8
1256880 1743.0
1256890 1738.6
1256900 1738.6
1256910 1728.1
1256920 1721.4
1256930 1721.4
1256940 1715.7
1256950 1709.3
1256960 1709.3
1256970 1711.6
1256980 1707.7
1256990 1707.7
1257000 1697.8
1257010 1681.2
1257020 1681.2
1257030 1676.9
1257040 1664.8
1257050 1653.5
1257060 1653.5
1257070 1648.0
1257080 1642.8
1257090 1642.8
1257100 1638.9
1257110 1634.3
1257120 1634.3
1257130 1628.9
1257140 1630.3
1257150 1630.3
1257160 1624.2
1257170 1619.4
1257180 1619.4
1257190 1614.9
1257200 1611.1
1257210 1611.1
1257220 1607.8
1257230 1605.1
1257240 1605.1
1257250 1602.6
1257260 1601.2
1257270 1601.2
1257280 1599.3
1257290 1598.0
1257300 1598.0
1257310 1596.2
1257320 1593.5
1257330 1593.5
1257340 1587.4
1257350 1580.5
1257360 1572.9
1257370 1572.9
1257380 1565.9
1257390 1560.0
1257400 1560.0
1257410 1555.1
1257420 1549.1
1257430 1549.1
1257440 1543.1
1257450 1536.7
1257460 1536.7
1257470 1530.3
1257480 1524.5
1257490 1524.5
1257500 1519.2
1257510 1514.0
1257520 1514.0
1257530 1509.1
1257540 1504.5
1257550 1504.5
1257560 1500.8
1257570 1498.5
1257580 1498.5
1257590 1497.1
1257600 1495.5
1257610 1495.5
1257620 1494.3
1257630 1493.2
1257640 1490.8
1257650 1490.8
1257660 1488.5
1257670 1486.1
1257680 1486.1
1257690 1483.6
1257700 1475.2
1257710 1475.2
1257720 1470.9
1257730 1466.3
1257740 1466.3
1257750 1461.4
1257760 1456.3
1257770 1456.3
1257780 1451.2
1257790 1446.1
1257800 1446.1
1257810 1441.1
1257820 1436.0
1257830 1436.0
1257840 1431.1
1257850 1426.2
1257860 1426.2
1257870 1421.5
1257880 1416.6
1257890 1416.6
1257900 1412.1
1257910 1409.1
1257920 1407.9
1257930 1407.9
1257940 1405.5
1257950 1401.5
1257960 1401.5
1257970 1397.6
1257980 1394.9
1257990 1394.9
1258000 1393.6
1258010 1392.7
1258020 1392.7
1258030 1390.9
1258040 1386.3
1258050 1386.3
1258060 1380.6
1258070 1373.9
1258080 1373.9
1258090 1367.4
1258100 1362.9
1258110 1362.9
1258120 1362.0
1258130 1361.8
1258140 1361.8
1258150 1361.5
1258160 1361.4
1258170 1361.4
1258180 1361.4
1258190 1360.9
1258200 1361.3
1258210 1361.3
1258220 1361.6
1258230 1361.6
1258240 1361.6
1258250 1361.8
1258260 1362.7
1258270 1365.3
1258280 1366.1
1258290 1366.7
1258300 1366.7
1258310 1367.6
1258320 1368.2
1258330 1368.2
1258340 1368.2
1258350 1367.8
1258360 1367.8
1258370 1366.9
1258380 1369.1
1258390 1369.1
1258400 1374.8
1258410 1379.7
1258420 1379.7
1258430 1381.2
1258440 1381.4
1258450 1381.4
1258460 1381.2
1258470 1380.0
1258480 1379.1
1258490 1379.1
1258500 1378.9
1258510 1379.6
1258520 1379.6
1258530 1380.2
1258540 1380.7
1258550 1380.7
1258560 1381.7
1258570 1383.6
1258580 1383.6
1258590 1385.7
1258600 1387.4
1258610 1387.4
1258620 1388.6
1258630 1390.9
1258640 1390.9
1258650 1394.3
1258660 1398.1
1258670 1398.1
1258680 1402.0
1258690 1405.2
1258700 1405.2
1258710 1408.3
1258720 1411.5
1258730 1411.5
1258740 1414.8
1258750 1417.8
1258760 1420.3
1258770 1420.3
1258780 1423.3
1258790 1424.4
1258800 1424.4
1258810 1420.2
1258820 1423.4
1258830 1424.5
1258840 1432.1
1258850 1436.7
1258860 1436.7
1258870 1441.5
1258880 1444.4
1258890 1444.4
1258900 1445.0
1258910 1444.0
1258920 1444.0
1258930 1441.8
1258940 1441.4
1258950 1441.4
1258960 1444.7
1258970 1452.0
1258980 1452.0
1258990 1458.3
1259000 1463.0
1259010 1463.0
1259020 1468.4
1259030 1473.3
1259040 1473.3
1259050 1477.9
1259060 1482.9
1259070 1488.2
1259080 1488.2
1259090 1493.9
1259100 1499.8
1259110 1499.8
1259120 1505.8
1259130 1511.4
1259140 1511.4
1259150 1516.9
1259160 1522.6
1259170 1522.6
1259180 1529.0
1259190 1535.5
1259200 1535.5
1259210 1542.4
1259220 1548.9
1259230 1548.9
1259240 1554.9
1259250 1560.1
1259260 1560.1
1259270 1564.0
1259280 1566.4
1259290 1566.4
1259300 1568.1
1259310 1569.0
1259320 1569.0
1259330 1569.7
1259340 1570.3
1259350 1571.3
1259360 1571.3
1259370 1572.0
1259380 1572.7
1259390 1572.7
1259400 1579.9
1259410 1579.7
1259420 1579.7
1259430 1583.7
1259440 1586.3
1259450 1586.3
1259460 1586.6
1259470 1586.0
1259480 1586.0
1259490 1584.6
1259500 1582.8
1259510 1582.8
1259520 1580.4
1259530 1577.8
1259540 1577.8
1259550 1575.7
1259560 1575.0
1259570 1575.0
1259580 1572.8
1259590 1569.9
1259600 1569.9
1259610 1566.8
1259620 1563.5
1259630 1560.2
1259640 1560.2
1259650 1556.4
1259660 1552.3
1259670 1552.3
1259680 1548.3
1259690 1544.4
1259700 1544.4
1259710 1540.6
1259720 1536.7
1259730 1536.7
1259740 1532.6
1259750 1528.8
1259760 1528.8
1259770 1525.4
1259780 1522.3
1259790 1522.3
1259800 1519.3
1259810 1515.8
1259820 1515.8
1259830 1511.9
1259840 1507.4
1259850 1507.4
1259860 1502.3
1259870 1498.2
1259880 1498.2
1259890 1494.8
1259900 1489.2
1259910 1485.1
1259920 1485.1
1259930 1480.1
1259940 1475.3
1259950 1475.3
1259960 1471.9
1259970 1466.4
1259980 1466.4
1259990 1460.3
