1240000 1359.6
1240010 1363.0
1240020 1367.8
1240030 1367.8
1240040 1372.1
1240050 1375.6
1240060 1378.7
1240070 1378.7
1240080 1381.9
1240090 1385.1
1240100 1385.1
1240110 1388.6
1240120 1392.3
1240130 1392.3
1240140 1396.0
1240150 1397.6
1240160 1397.6
1240170 1393.6
1240180 1389.5
1240190 1389.5
1240200 1385.3
1240210 1381.6
1240220 1381.6
1240230 1385.7
1240240 1394.6
1240250 1393.6
1240260 1401.8
1240270 1410.4
1240280 1410.4
1240290 1418.4
1240300 1423.5
1240310 1423.5
1240320 1426.5
1240330 1429.5
1240340 1431.8
1240350 1431.8
1240360 1433.6
1240370 1436.2
1240380 1436.2
1240390 1439.6
1240400 1442.4
1240410 1442.4
1240420 1443.1
1240430 1445.7
1240440 1445.7
1240450 1449.7
1240460 1454.1
1240470 1454.1
1240480 1459.4
1240490 1466.3
1240500 1466.3
1240510 1473.9
1240520 1481.0
1240530 1481.0
1240540 1485.5
1240550 1489.1
1240560 1489.1
1240570 1492.3
1240580 1495.0
1240590 1495.0
1240600 1497.8
1240610 1501.3
1240620 1504.3
1240630 1504.3
1240640 1505.0
1240650 1505.0
1240660 1505.0
1240670 1505.4
1240680 1505.9
1240690 1505.9
1240700 1506.3
1240710 1502.9
1240720 1502.9
1240730 1500.8
1240740 1500.0
1240750 1500.0
1240760 1501.0
1240770 1503.9
1240780 1503.9
1240790 1504.8
1240800 1505.8
1240810 1505.8
1240820 1507.1
1240830 1508.2
1240840 1508.2
1240850 1509.3
1240860 1509.6
1240870 1509.6
1240880 1509.3
1240890 1508.9
1240900 1508.9
1240910 1508.5
1240920 1507.8
1240930 1507.9
1240940 1507.9
1240950 1507.7
1240960 1506.5
1240970 1506.5
1240980 1505.1
1240990 1504.1
1241000 1504.1
1241010 1503.0
1241020 1502.1
1241030 1502.1
1241040 1501.6
1241050 1502.2
1241060 1502.2
1241070 1503.3
1241080 1502.7
1241090 1502.7
1241100 1502.7
1241110 1504.2
1241120 1504.2
1241130 1503.8
1241140 1504.4
1241150 1504.4
1241160 1508.5
1241170 1510.3
1241180 1510.3
1241190 1509.8
1241200 1508.7
1241210 1507.8
1241220 1507.8
1241230 1507.5
1241240 1508.4
1241250 1508.4
1241260 1509.7
1241270 1510.4
1241280 1510.4
1241290 1516.0
1241300 1517.2
1241310 1517.2
1241320 1519.1
1241330 1521.5
1241340 1521.5
1241350 1523.2
1241360 1523.6
1241370 1523.6
1241380 1522.7
1241390 1520.9
1241400 1520.9
1241410 1519.4
1241420 1518.5
1241430 1518.5
1241440 1518.8
1241450 1519.1
1241460 1519.1
1241470 1518.9
1241480 1517.8
1241490 1514.0
1241500 1514.0
1241510 1509.6
1241520 1506.7
1241530 1506.7
1241540 1505.3
1241550 1504.8
1241560 1504.8
1241570 1504.0
1241580 1501.3
1241590 1501.3
1241600 1496.8
1241610 1494.5
1241620 1494.5
1241630 1492.0
1241640 1488.5
1241650 1488.5
1241660 1485.2
1241670 1482.7
1241680 1482.7
1241690 1480.4
1241700 1476.9
1241710 1476.9
1241720 1472.0
1241730 1467.6
1241740 1467.6
1241750 1464.7
1241760 1461.9
1241770 1458.1
1241780 1458.1
1241790 1453.6
1241800 1450.4
1241810 1450.4
1241820 1451.3
1241830 1445.4
1241840 1445.4
1241850 1440.2
1241860 1437.4
1241870 1437.4
1241880 1434.8
1241890 1431.2
1241900 1431.2
1241910 1427.2
1241920 1423.7
1241930 1423.7
1241940 1419.9
1241950 1415.8
1241960 1415.8
1241970 1413.2
1241980 1411.2
1241990 1411.2
1242000 1408.7
1242010 1406.7
1242020 1406.7
1242030 1405.2
1242040 1404.5
1242050 1404.5
1242060 1404.1
1242070 1404.4
1242080 1406.1
1242090 1406.1
1242100 1406.9
1242110 1406.5
1242120 1406.5
1242130 1404.9
1242140 1401.2
1242150 1401.2
1242160 1395.9
1242170 1391.2
1242180 1391.2
1242190 1387.2
1242200 1383.4
1242210 1383.4
1242220 1379.7
1242230 1376.5
1242240 1376.5
1242250 1375.0
1242260 1375.1
1242270 1375.1
1242280 1376.7
1242290 1378.5
1242300 1378.5
1242310 1379.7
1242320 1379.3
1242330 1379.3
1242340 1372.7
1242350 1371.8
1242360 1370.9
1242370 1370.9
1242380 1368.2
1242390 1364.8
1242400 1364.8
1242410 1361.3
1242420 1357.6
1242430 1357.6
1242440 1353.3
1242450 1350.2
1242460 1350.2
1242470 1347.4
1242480 1346.3
1242490 1346.3
1242500 1345.9
1242510 1344.5
1242520 1344.5
1242530 1340.5
1242540 1334.4
1242550 1334.4
1242560 1330.5
1242570 1327.9
1242580 1327.9
1242590 1328.6
1242600 1327.5
1242610 1327.5
1242620 1325.3
1242630 1323.6
1242640 1322.6
1242650 1322.6
1242660 1322.6
1242670 1323.1
1242680 1323.1
1242690 1322.4
1242700 1321.2
1242710 1321.2
1242720 1319.8
1242730 1319.8
1242740 1319.8
1242750 1319.9
1242760 1318.5
1242770 1318.5
1242780 1315.8
1242790 1312.3
1242800 1312.3
1242810 1308.1
1242820 1304.0
1242830 1304.0
1242840 1301.0
1242850 1299.8
1242860 1299.8
1242870 1301.4
1242880 1301.2
1242890 1301.2
1242900 1299.5
1242910 1296.5
1242920 1296.5
1242930 1293.2
1242940 1289.4
1242950 1285.3
1242960 1285.3
1242970 1281.7
1242980 1278.2
1242990 1278.2
1243000 1275.3
1243010 1273.3
1243020 1273.3
1243030 1271.2
1243040 1268.8
1243050 1268.8
1243060 1267.5
1243070 1268.2
1243080 1268.2
1243090 1269.3
1243100 1270.7
1243110 1270.7
1243120 1271.1
1243130 1273.5
1243140 1273.5
1243150 1276.3
1243160 1278.2
1243170 1278.2
1243180 1281.7
1243190 1285.5
1243200 1285.5
1243210 1289.7
1243220 1289.7
1243230 1286.9
1243240 1286.9
1243250 1285.5
1243260 1285.4
1243270 1285.4
1243280 1287.9
1243290 1291.5
1243300 1291.5
1243310 1294.4
1243320 1294.7
1243330 1294.7
1243340 1295.2
1243350 1298.0
1243360 1298.0
1243370 1302.1
1243380 1305.3
1243390 1305.3
1243400 1313.4
1243410 1315.0
1243420 1315.0
1243430 1314.9
1243440 1314.5
1243450 1314.5
1243460 1314.1
1243470 1313.3
1243480 1313.3
1243490 1312.2
1243500 1311.2
1243510 1310.1
1243520 1310.1
1243530 1309.1
1243540 1308.0
1243550 1308.0
1243560 1306.9
1243570 1306.1
1243580 1306.1
1243590 1305.4
1243600 1304.8
1243610 1304.8
1243620 1304.0
1243630 1303.2
1243640 1303.2
1243650 1302.2
1243660 1300.9
1243670 1300.9
1243680 1299.4
1243690 1297.9
1243700 1297.9
1243710 1296.4
1243720 1295.0
1243730 1295.0
1243740 1293.7
1243750 1292.6
1243760 1292.6
1243770 1291.6
1243780 1291.0
1243790 1290.1
1243800 1290.1
1243810 1289.8
1243820 1290.9
1243830 1290.9
1243840 1291.8
1243850 1291.5
1243860 1291.5
1243870 1291.1
1243880 1290.4
1243890 1290.4
1243900 1289.3
1243910 1288.2
1243920 1285.7
1243930 1284.7
1243940 1283.3
1243950 1283.3
1243960 1282.4
1243970 1281.0
1243980 1281.0
1243990 1278.8
1244000 1276.8
1244010 1276.8
1244020 1275.5
1244030 1273.5
1244040 1273.5
1244050 1271.5
1244060 1270.0
1244070 1270.0
1244080 1268.2
1244090 1265.6
1244100 1262.4
1244110 1262.4
1244120 1259.6
1244130 1257.1
1244140 1257.1
1244150 1254.7
1244160 1252.7
1244170 1252.7
1244180 1250.6
1244190 1249.0
1244200 1249.0
1244210 1247.8
1244220 1247.1
1244230 1247.1
1244240 1247.9
1244250 1248.1
1244260 1248.1
1244270 1247.3
1244280 1246.5
1244290 1246.5
1244300 1245.7
1244310 1244.1
1244320 1244.1
1244330 1242.4
1244340 1240.3
1244350 1240.3
1244360 1238.0
1244370 1235.5
1244380 1233.0
1244390 1233.0
1244400 1230.1
1244410 1227.6
1244420 1227.6
1244430 1225.5
1244440 1223.5
1244450 1223.5
1244460 1219.9
1244470 1218.8
1244480 1218.8
1244490 1218.0
1244500 1217.1
1244510 1217.1
1244520 1216.2
1244530 1216.5
1244540 1216.5
1244550 1216.5
1244560 1216.2
1244570 1216.2
1244580 1215.7
1244590 1215.8
1244600 1215.8
1244610 1214.6
1244620 1213.3
1244630 1213.3
1244640 1214.2
1244650 1214.2
1244660 1212.5
1244670 1212.5
1244680 1210.5
1244690 1208.1
1244700 1208.1
1244710 1205.9
1244720 1204.9
1244730 1204.9
1244740 1204.6
1244750 1205.3
1244760 1205.3
1244770 1207.8
1244780 1211.4
1244790 1211.4
1244800 1211.7
1244810 1211.5
1244820 1211.5
1244830 1210.8
1244840 1209.5
1244850 1209.5
1244860 1208.7
1244870 1208.0
1244880 1208.0
1244890 1206.7
1244900 1205.0
1244910 1205.0
1244920 1203.7
1244930 1202.6
1244940 1202.0
1244950 1202.0
1244960 1201.1
1244970 1200.1
1244980 1200.1
1244990 1199.0
1245000 1199.0
1245010 1199.0
1245020 1199.1
1245030 1199.0
1245040 1199.0
1245050 1198.1
1245060 1196.6
1245070 1196.6
1245080 1195.8
1245090 1194.5
1245100 1194.5
1245110 1193.1
1245120 1192.4
1245130 1192.4
1245140 1191.7
1245150 1191.1
1245160 1191.1
1245170 1190.4
1245180 1188.5
1245190 1188.5
1245200 1187.5
1245210 1187.3
1245220 1187.3
1245230 1186.9
1245240 1186.3
1245250 1187.2
1245260 1187.2
1245270 1187.8
1245280 1188.3
1245290 1188.3
1245300 1188.4
1245310 1188.5
1245320 1188.5
1245330 1188.8
1245340 1188.9
1245350 1188.9
1245360 1188.5
1245370 1188.2
1245380 1188.2
1245390 1187.7
1245400 1186.2
1245410 1186.2
1245420 1185.3
1245430 1185.6
1245440 1185.6
1245450 1185.9
1245460 1185.5
1245470 1185.5
1245480 1184.3
1245490 1181.9
1245500 1181.9
1245510 1178.9
1245520 1177.1
1245530 1175.7
1245540 1175.7
1245550 1174.1
1245560 1176.8
1245570 1176.8
1245580 1179.6
1245590 1178.5
1245600 1178.5
1245610 1178.1
1245620 1179.0
1245630 1179.0
1245640 1179.3
1245650 1179.0
1245660 1179.0
1245670 1178.5
1245680 1177.8
1245690 1177.8
1245700 1176.6
1245710 1175.6
1245720 1175.6
1245730 1175.3
1245740 1175.2
1245750 1175.2
1245760 1175.4
1245770 1175.2
1245780 1175.2
1245790 1174.9
1245800 1174.5
1245810 1174.6
1245820 1174.6
1245830 1174.9
1245840 1175.3
1245850 1175.3
1245860 1175.8
1245870 1175.9
1245880 1175.9
1245890 1175.4
1245900 1175.2
1245910 1175.2
1245920 1175.4
1245930 1175.4
1245940 1175.4
1245950 1174.5
1245960 1172.2
1245970 1172.2
1245980 1168.8
1245990 1165.9
1246000 1165.9
1246010 1164.6
1246020 1163.2
1246030 1163.2
1246040 1161.4
1246050 1156.6
1246060 1156.6
1246070 1155.6
1246080 1154.7
1246090 1154.2
1246100 1154.2
1246110 1153.8
1246120 1151.9
1246130 1151.9
1246140 1148.9
1246150 1145.3
1246160 1145.3
1246170 1141.4
1246180 1137.7
1246190 1137.7
1246200 1134.5
1246210 1132.3
1246220 1132.3
1246230 1131.0
1246240 1130.2
1246250 1130.2
1246260 1129.3
1246270 1128.9
1246280 1128.9
1246290 1128.4
1246300 1127.6
1246310 1127.6
1246320 1126.5
1246330 1126.0
1246340 1126.0
1246350 1125.6
1246360 1124.6
1246370 1124.6
1246380 1123.5
1246390 1122.5
1246400 1120.5
1246410 1120.5
1246420 1118.1
1246430 1116.2
1246440 1116.2
1246450 1115.1
1246460 1115.0
1246470 1115.0
1246480 1114.0
1246490 1112.7
1246500 1112.7
1246510 1110.9
1246520 1109.9
1246530 1109.9
1246540 1109.2
1246550 1108.2
1246560 1108.2
1246570 1107.4
1246580 1106.9
1246590 1105.8
1246600 1106.2
1246610 1106.1
1246620 1106.1
1246630 1104.2
1246640 1102.9
1246650 1102.9
1246660 1101.4
1246670 1099.8
1246680 1098.4
1246690 1098.4
1246700 1093.5
1246710 1090.2
1246720 1090.2
1246730 1092.9
1246740 1095.6
1246750 1095.6
1246760 1097.1
1246770 1097.4
1246780 1097.4
1246790 1096.7
1246800 1094.5
1246810 1094.5
1246820 1091.7
1246830 1089.8
1246840 1089.8
1246850 1087.5
1246860 1085.6
1246870 1085.6
1246880 1085.3
1246890 1084.6
1246900 1084.6
1246910 1084.8
1246920 1086.2
1246930 1086.2
1246940 1085.6
1246950 1083.9
1246960 1081.1
1246970 1081.1
1246980 1078.7
1246990 1076.9
1247000 1076.9
1247010 1073.7
1247020 1070.4
1247030 1070.4
1247040 1070.7
1247050 1069.7
1247060 1069.7
1247070 1068.6
1247080 1065.0
1247090 1065.0
1247100 1063.0
1247110 1063.3
1247120 1063.3
1247130 1061.1
1247140 1059.9
1247150 1059.9
1247160 1058.6
1247170 1057.9
1247180 1057.9
1247190 1057.7
1247200 1057.8
1247210 1057.8
1247220 1057.9
1247230 1058.3
1247240 1061.1
1247250 1061.1
1247260 1065.8
1247270 1071.0
1247280 1071.0
1247290 1073.9
1247300 1072.5
1247310 1072.5
1247320 1074.2
1247330 1077.1
1247340 1077.1
1247350 1077.4
1247360 1078.1
1247370 1078.1
1247380 1078.4
1247390 1079.4
1247400 1079.4
1247410 1081.9
1247420 1081.2
1247430 1081.2
1247440 1080.9
1247450 1083.6
1247460 1083.6
1247470 1088.2
1247480 1091.1
1247490 1091.1
1247500 1089.7
1247510 1088.3
1247520 1088.3
1247530 1090.3
1247540 1087.5
1247550 1083.5
1247560 1083.5
1247570 1081.2
1247580 1080.3
1247590 1080.3
1247600 1077.1
1247610 1073.8
1247620 1073.8
1247630 1072.0
1247640 1070.0
1247650 1070.0
1247660 1064.9
1247670 1062.8
1247680 1062.8
1247690 1060.5
1247700 1058.2
1247710 1058.2
1247720 1056.3
1247730 1054.5
1247740 1054.5
1247750 1052.7
1247760 1050.8
1247770 1050.8
1247780 1049.1
1247790 1047.5
1247800 1047.5
1247810 1046.3
1247820 1044.8
1247830 1043.7
1247840 1043.7
1247850 1044.9
1247860 1045.4
1247870 1045.4
1247880 1045.2
1247890 1045.0
1247900 1045.0
1247910 1044.8
1247920 1044.7
1247930 1044.7
1247940 1044.6
1247950 1044.5
1247960 1044.5
1247970 1044.3
1247980 1044.1
1247990 1044.1
1248000 1044.0
1248010 1043.8
1248020 1043.8
1248030 1043.6
1248040 1043.5
1248050 1043.5
1248060 1043.4
1248070 1043.3
1248080 1043.3
1248090 1043.3
1248100 1043.3
1248110 1043.8
1248120 1043.8
1248130 1044.4
1248140 1046.1
1248150 1046.1
1248160 1047.1
1248170 1047.4
1248180 1047.4
1248190 1047.7
1248200 1049.4
1248210 1049.4
1248220 1049.5
1248230 1051.1
1248240 1051.1
1248250 1053.3
1248260 1058.3
1248270 1058.3
1248280 1061.3
1248290 1061.7
1248300 1061.7
1248310 1062.5
1248320 1063.1
1248330 1063.1
1248340 1062.8
1248350 1059.5
1248360 1059.5
1248370 1058.1
1248380 1059.8
1248390 1061.2
1248400 1061.2
1248410 1062.1
1248420 1064.9
1248430 1064.9
1248440 1068.5
1248450 1072.8
1248460 1072.8
1248470 1076.0
1248480 1076.6
1248490 1076.6
1248500 1076.4
1248510 1078.2
1248520 1078.2
1248530 1082.5
1248540 1086.2
1248550 1086.2
1248560 1088.5
1248570 1089.8
1248580 1089.8
1248590 1091.1
1248600 1091.5
1248610 1091.5
1248620 1097.1
1248630 1101.3
1248640 1101.3
1248650 1103.2
1248660 1105.0
1248670 1105.0
1248680 1106.2
1248690 1105.7
1248700 1105.7
1248710 1105.7
1248720 1107.1
1248730 1110.4
1248740 1117.6
1248750 1120.9
1248760 1121.8
1248770 1121.8
1248780 1122.1
1248790 1121.9
1248800 1121.9
1248810 1124.3
1248820 1127.0
1248830 1127.0
1248840 1129.1
1248850 1130.9
1248860 1130.9
1248870 1131.9
1248880 1132.2
1248890 1132.2
1248900 1133.3
1248910 1137.0
1248920 1137.0
1248930 1139.7
1248940 1139.9
1248950 1139.9
1248960 1138.2
1248970 1133.7
1248980 1132.9
1248990 1132.9
1249000 1135.0
1249010 1135.4
1249020 1135.4
1249030 1137.3
1249040 1141.7
1249050 1141.7
1249060 1145.8
1249070 1148.8
1249080 1148.8
1249090 1152.2
1249100 1155.1
1249110 1155.1
1249120 1154.7
1249130 1154.3
1249140 1154.3
1249150 1155.6
1249160 1157.6
1249170 1157.6
1249180 1159.1
1249190 1162.0
1249200 1162.0
1249210 1165.6
1249220 1168.2
1249230 1168.2
1249240 1170.8
1249250 1174.5
1249260 1177.8
1249270 1177.8
1249280 1189.2
1249290 1194.4
1249300 1194.4
1249310 1199.3
1249320 1203.6
1249330 1203.6
1249340 1207.0
1249350 1209.8
1249360 1209.8
1249370 1215.3
1249380 1219.3
1249390 1219.3
1249400 1221.7
1249410 1223.1
1249420 1223.1
1249430 1225.7
1249440 1228.2
1249450 1228.2
1249460 1230.2
1249470 1231.9
1249480 1231.9
1249490 1233.1
1249500 1233.9
1249510 1233.9
1249520 1236.1
1249530 1238.3
1249540 1240.5
1249550 1240.5
1249560 1243.1
1249570 1245.9
1249580 1245.9
1249590 1246.0
1249600 1248.5
1249610 1248.5
1249620 1248.9
1249630 1244.0
1249640 1244.0
1249650 1238.9
1249660 1233.6
1249670 1233.6
1249680 1226.4
1249690 1225.7
1249700 1225.7
1249710 1232.8
1249720 1240.6
1249730 1240.6
1249740 1249.0
1249750 1255.5
1249760 1255.5
1249770 1254.8
1249780 1253.3
1249790 1253.3
1249800 1255.1
1249810 1258.4
1249820 1258.4
1249830 1263.9
1249840 1266.8
1249850 1268.2
1249860 1268.2
1249870 1270.9
1249880 1273.7
1249890 1273.7
1249900 1275.3
1249910 1278.1
1249920 1278.1
1249930 1280.2
1249940 1281.3
1249950 1281.3
1249960 1281.8
1249970 1282.1
1249980 1282.1
1249990 1283.7
1250000 1285.1
1250010 1285.1
1250020 1285.7
1250030 1287.1
1250040 1287.1
1250050 1289.9
1250060 1291.2
1250070 1291.2
1250080 1295.0
1250090 1298.7
1250100 1298.7
1250110 1300.1
1250120 1300.9
1250130 1305.2
1250140 1305.2
1250150 1310.0
1250160 1316.9
1250170 1316.9
1250180 1325.4
1250190 1333.5
1250200 1333.5
1250210 1341.1
1250220 1349.3
1250230 1349.3
1250240 1360.4
1250250 1373.1
1250260 1373.1
1250270 1382.8
1250280 1391.3
1250290 1391.3
1250300 1395.9
1250310 1400.3
1250320 1400.3
1250330 1404.9
1250340 1407.7
1250350 1407.7
1250360 1409.1
1250370 1415.1
1250380 1415.1
1250390 1417.7
1250400 1420.4
1250410 1422.6
1250420 1422.6
1250430 1425.8
1250440 1429.3
1250450 1429.3
1250460 1433.4
1250470 1438.3
1250480 1438.3
1250490 1443.4
1250500 1447.7
1250510 1447.7
1250520 1451.5
1250530 1455.4
1250540 1455.4
1250550 1459.4
1250560 1464.5
1250570 1464.5
1250580 1469.8
1250590 1473.3
1250600 1473.3
1250610 1475.3
1250620 1479.1
1250630 1479.1
1250640 1484.2
1250650 1489.1
1250660 1489.1
1250670 1495.2
1250680 1501.2
1250690 1504.5
1250700 1504.5
1250710 1507.2
1250720 1510.0
1250730 1510.0
1250740 1513.8
1250750 1518.9
1250760 1518.9
1250770 1523.5
1250780 1527.5
1250790 1527.5
1250800 1531.5
1250810 1535.4
1250820 1535.4
1250830 1539.5
1250840 1544.2
1250850 1544.2
1250860 1547.6
1250870 1549.4
1250880 1549.4
1250890 1550.5
1250900 1552.5
1250910 1552.5
1250920 1559.3
1250930 1563.9
1250940 1563.9
1250950 1569.1
1250960 1573.5
1250970 1576.9
1250980 1576.9
1250990 1580.7
1251000 1584.2
1251010 1584.2
1251020 1586.1
1251030 1588.8
1251040 1588.8
1251050 1595.0
1251060 1598.9
1251070 1598.9
1251080 1601.8
1251090 1604.3
1251100 1604.3
1251110 1607.0
1251120 1606.2
1251130 1606.2
1251140 1603.3
1251150 1606.1
1251160 1606.1
1251170 1612.5
1251180 1617.9
1251190 1617.9
1251200 1622.0
1251210 1625.8
1251220 1625.8
1251230 1630.2
1251240 1635.0
1251250 1635.0
1251260 1639.8
1251270 1644.6
1251280 1649.8
1251290 1649.8
1251300 1654.7
1251310 1658.7
1251320 1658.7
1251330 1663.2
1251340 1667.3
1251350 1667.3
1251360 1672.1
1251370 1677.3
1251380 1677.3
1251390 1678.3
1251400 1680.6
1251410 1680.6
1251420 1680.9
1251430 1680.0
1251440 1680.0
1251450 1679.9
1251460 1684.3
1251470 1684.3
1251480 1684.3
1251490 1684.4
1251500 1684.4
1251510 1684.9
1251520 1684.9
1251530 1684.9
1251540 1684.5
1251550 1681.5
1251560 1677.7
1251570 1677.7
1251580 1675.3
1251590 1675.3
1251600 1675.3
1251610 1670.3
1251620 1670.6
1251630 1670.6
1251640 1676.6
1251650 1680.0
1251660 1680.0
1251670 1682.6
1251680 1687.3
1251690 1687.3
1251700 1690.1
1251710 1692.3
1251720 1692.3
1251730 1695.1
1251740 1696.7
1251750 1696.7
1251760 1697.6
1251770 1698.2
1251780 1698.2
1251790 1698.8
1251800 1699.3
1251810 1699.3
1251820 1699.0
1251830 1700.8
1251840 1701.2
1251850 1701.2
1251860 1700.9
1251870 1700.0
1251880 1700.0
1251890 1697.6
1251900 1693.3
1251910 1693.3
1251920 1689.9
1251930 1687.2
1251940 1687.2
1251950 1686.6
1251960 1682.1
1251970 1682.1
1251980 1677.9
1251990 1672.2
1252000 1672.2
1252010 1660.6
1252020 1656.5
1252030 1656.5
1252040 1650.2
1252050 1640.1
1252060 1640.1
1252070 1627.6
1252080 1615.6
1252090 1615.6
1252100 1607.6
1252110 1599.2
1252120 1590.3
1252130 1590.3
1252140 1582.3
1252150 1573.5
1252160 1573.5
1252170 1562.5
1252180 1551.7
1252190 1551.7
1252200 1542.2
1252210 1535.5
1252220 1535.5
1252230 1530.0
1252240 1524.2
1252250 1524.2
1252260 1517.7
1252270 1511.0
1252280 1511.0
1252290 1504.3
1252300 1497.9
1252310 1497.9
1252320 1491.0
1252330 1484.0
1252340 1484.0
1252350 1477.1
1252360 1470.0
1252370 1470.0
1252380 1463.1
1252390 1456.3
1252400 1456.3
1252410 1449.7
1252420 1443.1
1252430 1436.6
1252440 1436.6
1252450 1430.0
1252460 1423.5
1252470 1423.5
1252480 1418.2
1252490 1413.7
1252500 1413.7
1252510 1409.7
1252520 1405.9
1252530 1405.9
1252540 1402.3
1252550 1398.6
1252560 1400.3
1252570 1396.3
1252580 1392.3
1252590 1392.3
1252600 1388.6
1252610 1385.2
1252620 1385.2
1252630 1381.9
1252640 1378.4
1252650 1378.4
1252660 1375.0
1252670 1371.4
1252680 1371.4
1252690 1368.3
1252700 1365.2
1252710 1361.7
1252720 1361.7
1252730 1358.3
1252740 1354.8
1252750 1354.8
1252760 1350.9
1252770 1347.2
1252780 1347.2
1252790 1343.8
1252800 1341.1
1252810 1341.1
1252820 1338.6
1252830 1335.7
1252840 1335.7
1252850 1332.7
1252860 1330.1
1252870 1330.1
1252880 1327.6
1252890 1325.6
1252900 1325.6
1252910 1324.8
1252920 1324.3
1252930 1324.3
1252940 1324.0
1252950 1323.2
1252960 1323.2
1252970 1321.1
1252980 1315.5
1252990 1308.6
1253000 1308.6
1253010 1302.5
1253020 1302.2
1253030 1302.2
1253040 1304.3
1253050 1306.1
1253060 1306.1
1253070 1308.4
1253080 1310.6
1253090 1310.6
1253100 1312.8
1253110 1314.8
1253120 1314.8
1253130 1316.9
1253140 1319.6
1253150 1319.6
1253160 1322.3
1253170 1324.9
1253180 1324.9
1253190 1327.4
1253200 1330.1
1253210 1330.1
1253220 1332.9
1253230 1335.7
1253240 1335.7
1253250 1338.7
1253260 1341.3
1253270 1343.7
1253280 1343.7
1253290 1345.9
1253300 1347.7
1253310 1347.7
1253320 1350.3
1253330 1353.3
1253340 1353.3
1253350 1356.1
1253360 1359.6
1253370 1359.6
1253380 1363.0
1253390 1366.2
1253400 1366.2
1253410 1369.1
1253420 1371.9
1253430 1371.9
1253440 1374.7
1253450 1376.7
1253460 1376.7
1253470 1378.6
1253480 1380.9
1253490 1380.9
1253500 1382.8
1253510 1387.3
1253520 1387.3
1253530 1393.4
1253540 1398.8
1253550 1398.8
1253560 1404.4
1253570 1410.7
1253580 1416.9
1253590 1416.9
1253600 1423.2
1253610 1429.4
1253620 1429.4
1253630 1432.8
1253640 1433.1
1253650 1433.1
1253660 1444.4
1253670 1448.7
1253680 1448.7
1253690 1451.8
1253700 1454.7
1253710 1454.7
1253720 1457.6
1253730 1462.0
1253740 1462.0
1253750 1466.7
1253760 1471.3
1253770 1471.3
1253780 1476.5
1253790 1482.3
1253800 1482.3
1253810 1488.2
1253820 1494.1
1253830 1494.1
1253840 1500.3
1253850 1506.2
1253860 1511.5
1253870 1511.5
1253880 1516.2
1253890 1520.4
1253900 1520.4
1253910 1524.2
1253920 1529.4
1253930 1529.4
1253940 1534.8
1253950 1539.7
1253960 1539.7
1253970 1544.6
1253980 1546.2
1253990 1546.2
1254000 1549.0
1254010 1553.7
1254020 1553.7
1254030 1556.5
1254040 1557.4
1254050 1557.4
1254060 1558.8
1254070 1561.0
1254080 1561.0
1254090 1563.4
1254100 1565.4
1254110 1565.4
1254120 1567.3
1254130 1570.8
1254140 1573.5
1254150 1573.5
1254160 1576.3
1254170 1579.9
1254180 1579.9
1254190 1583.9
1254200 1588.5
1254210 1593.6
1254220 1597.9
1254230 1599.0
1254240 1599.0
1254250 1599.4
1254260 1601.3
1254270 1601.3
1254280 1604.5
1254290 1607.7
1254300 1607.7
1254310 1611.6
1254320 1615.0
1254330 1615.0
1254340 1617.7
1254350 1618.6
1254360 1618.6
1254370 1619.1
1254380 1619.7
1254390 1619.7
1254400 1621.9
1254410 1625.1
1254420 1628.7
1254430 1628.7
1254440 1633.9
1254450 1639.9
1254460 1639.9
1254470 1645.6
1254480 1652.3
1254490 1652.3
1254500 1659.1
1254510 1665.7
1254520 1665.7
1254530 1669.9
1254540 1667.7
1254550 1667.7
1254560 1661.2
1254570 1653.5
1254580 1653.5
1254590 1647.2
1254600 1643.1
1254610 1643.1
1254620 1642.7
1254630 1641.1
1254640 1641.1
1254650 1638.1
1254660 1633.7
1254670 1633.7
1254680 1625.0
1254690 1614.1
1254700 1614.1
1254710 1604.5
1254720 1588.4
1254730 1577.3
1254740 1577.3
1254750 1569.6
1254760 1556.8
1254770 1567.0
1254780 1555.6
1254790 1550.2
1254800 1550.2
1254810 1545.9
1254820 1543.3
1254830 1543.3
1254840 1540.6
1254850 1534.7
1254860 1534.7
1254870 1526.4
1254880 1521.9
1254890 1521.9
1254900 1522.7
1254910 1522.1
1254920 1522.1
1254930 1519.1
1254940 1515.7
1254950 1515.7
1254960 1512.4
1254970 1509.4
1254980 1509.4
1254990 1506.5
1255000 1503.9
1255010 1498.4
1255020 1498.4
1255030 1489.8
1255040 1483.9
1255050 1483.9
1255060 1486.2
1255070 1489.9
1255080 1489.9
1255090 1486.9
1255100 1480.4
1255110 1480.4
1255120 1475.4
1255130 1476.1
1255140 1476.1
1255150 1483.1
1255160 1491.3
1255170 1491.3
1255180 1498.9
1255190 1502.3
1255200 1502.3
1255210 1506.5
1255220 1513.5
1255230 1513.5
1255240 1520.8
1255250 1528.1
1255260 1528.1
1255270 1535.5
1255280 1543.0
1255290 1550.9
1255300 1550.9
1255310 1558.3
1255320 1565.6
1255330 1565.6
1255340 1573.2
1255350 1580.9
1255360 1580.9
1255370 1588.7
1255380 1595.3
1255390 1595.3
1255400 1601.5
1255410 1606.5
1255420 1606.5
1255430 1611.4
1255440 1616.3
1255450 1616.3
1255460 1621.5
1255470 1626.7
1255480 1626.7
1255490 1632.4
1255500 1638.3
1255510 1638.3
1255520 1644.0
1255530 1649.4
1255540 1649.4
1255550 1654.5
1255560 1659.1
1255570 1663.8
1255580 1663.8
1255590 1668.6
1255600 1672.3
1255610 1672.3
1255620 1674.1
1255630 1673.9
1255640 1673.9
1255650 1672.1
1255660 1668.7
1255670 1668.7
1255680 1664.5
1255690 1662.0
1255700 1662.0
1255710 1659.9
1255720 1657.2
1255730 1657.2
1255740 1654.3
1255750 1650.5
1255760 1650.5
1255770 1646.8
1255780 1642.2
1255790 1642.2
1255800 1640.0
1255810 1638.4
1255820 1638.4
1255830 1638.0
1255840 1636.5
1255850 1636.5
1255860 1634.3
1255870 1632.6
1255880 1636.1
1255890 1636.1
1255900 1633.9
1255910 1632.0
1255920 1632.0
1255930 1629.5
1255940 1625.9
1255950 1625.9
1255960 1622.7
1255970 1620.2
1255980 1620.2
1255990 1617.7
1256000 1614.9
1256010 1614.9
1256020 1612.5
1256030 1610.1
1256040 1610.1
1256050 1606.4
1256060 1604.0
1256070 1604.0
1256080 1600.8
1256090 1597.5
1256100 1597.5
1256110 1595.5
1256120 1595.8
1256130 1595.8
1256140 1597.3
1256150 1598.5
1256160 1599.4
1256170 1599.4
1256180 1600.3
1256190 1600.6
1256200 1600.6
1256210 1602.2
1256220 1606.7
1256230 1606.7
1256240 1612.1
1256250 1617.4
1256260 1617.4
1256270 1621.3
1256280 1625.6
1256290 1625.6
1256300 1631.6
1256310 1637.3
1256320 1637.3
1256330 1642.8
1256340 1648.4
1256350 1648.4
1256360 1653.8
1256370 1658.6
1256380 1658.6
1256390 1664.0
1256400 1670.0
1256410 1670.0
1256420 1676.0
1256430 1681.7
1256440 1684.7
1256450 1684.7
1256460 1690.4
1256470 1696.7
1256480 1696.7
1256490 1703.2
1256500 1709.4
1256510 1709.4
1256520 1715.7
1256530 1722.3
1256540 1722.3
1256550 1728.9
1256560 1734.6
1256570 1734.6
1256580 1738.4
1256590 1737.8
1256600 1737.8
1256610 1734.1
1256620 1729.6
1256630 1729.6
1256640 1725.1
1256650 1720.6
1256660 1720.6
1256670 1716.5
1256680 1711.9
1256690 1711.9
1256700 1708.3
1256710 1705.4
1256720 1701.0
1256730 1701.0
1256740 1696.2
1256750 1690.7
1256760 1690.7
1256770 1684.8
1256780 1678.3
1256790 1678.3
1256800 1670.7
1256810 1665.9
1256820 1665.9
1256830 1668.5
1256840 1671.1
1256850 1671.1
1256860 1669.2
1256870 1665.8
1256880 1665.8
1256890 1667.7
1256900 1669.3
1256910 1669.3
1256920 1670.6
1256930 1670.5
1256940 1670.5
1256950 1670.5
1256960 1672.3
1256970 1672.3
1256980 1673.0
1256990 1672.3
1257000 1679.2
1257010 1679.2
1257020 1679.4
1257030 1679.8
1257040 1679.8
1257050 1681.2
1257060 1682.5
1257070 1682.5
1257080 1682.0
1257090 1680.0
1257100 1680.0
1257110 1676.4
1257120 1672.3
1257130 1672.3
1257140 1668.0
1257150 1663.9
1257160 1663.9
1257170 1660.4
1257180 1657.5
1257190 1657.5
1257200 1655.9
1257210 1654.9
1257220 1654.9
1257230 1653.1
1257240 1651.0
1257250 1651.0
1257260 1647.7
1257270 1642.7
1257280 1642.7
1257290 1639.0
1257300 1639.7
1257310 1640.6
1257320 1640.6
1257330 1638.5
1257340 1635.7
1257350 1635.7
1257360 1631.6
1257370 1626.5
1257380 1626.5
1257390 1621.0
1257400 1615.5
1257410 1615.5
1257420 1609.9
1257430 1604.2
1257440 1604.2
1257450 1598.6
1257460 1592.8
1257470 1592.8
1257480 1587.0
1257490 1582.0
1257500 1582.0
1257510 1577.2
1257520 1571.9
1257530 1571.9
1257540 1566.6
1257550 1561.5
1257560 1558.1
1257570 1552.8
1257580 1547.5
1257590 1542.2
1257600 1542.2
1257610 1537.0
1257620 1531.7
1257630 1531.7
1257640 1526.5
1257650 1521.3
1257660 1521.3
1257670 1516.3
1257680 1511.1
1257690 1511.1
1257700 1505.9
1257710 1500.7
1257720 1500.7
1257730 1496.0
1257740 1491.1
1257750 1491.1
1257760 1485.8
1257770 1480.7
1257780 1480.7
1257790 1476.2
1257800 1471.7
1257810 1471.7
1257820 1467.6
1257830 1463.9
1257840 1463.9
1257850 1459.4
1257860 1453.7
1257870 1447.5
1257880 1447.5
1257890 1440.7
1257900 1435.6
1257910 1435.6
1257920 1436.0
1257930 1438.3
1257940 1438.3
1257950 1439.1
1257960 1440.3
1257970 1440.3
1257980 1440.7
1257990 1438.5
1258000 1438.5
1258010 1435.8
1258020 1432.1
1258030 1432.1
1258040 1428.1
1258050 1424.2
1258060 1424.2
1258070 1420.0
1258080 1415.8
1258090 1415.8
1258100 1412.1
1258110 1408.3
1258120 1404.5
1258130 1400.6
1258140 1397.5
1258150 1393.9
1258160 1393.9
1258170 1389.7
1258180 1386.2
1258190 1386.2
1258200 1380.9
1258210 1375.7
1258220 1375.7
1258230 1371.2
1258240 1366.7
1258250 1366.7
1258260 1362.0
1258270 1357.0
1258280 1357.0
1258290 1352.1
1258300 1347.1
1258310 1347.1
1258320 1342.1
1258330 1337.2
1258340 1337.2
1258350 1332.7
1258360 1329.4
1258370 1329.4
1258380 1327.2
1258390 1325.0
1258400 1325.0
1258410 1323.5
1258420 1322.2
1258430 1322.2
1258440 1320.9
1258450 1319.6
1258460 1318.1
1258470 1318.1
1258480 1317.4
1258490 1316.6
1258500 1316.6
1258510 1315.1
1258520 1313.8
1258530 1313.8
1258540 1311.8
1258550 1308.3
1258560 1308.3
1258570 1302.6
1258580 1296.4
1258590 1296.4
1258600 1288.8
1258610 1281.3
1258620 1281.3
1258630 1276.0
1258640 1275.8
1258650 1275.8
1258660 1282.3
1258670 1289.9
1258680 1289.9
1258690 1302.0
1258700 1305.9
1258710 1305.9
1258720 1305.7
1258730 1305.6
1258740 1304.7
1258750 1304.7
1258760 1302.2
1258770 1300.6
1258780 1300.6
1258790 1299.2
1258800 1298.6
1258810 1298.6
1258820 1298.4
1258830 1298.7
1258840 1298.7
1258850 1300.9
1258860 1303.4
1258870 1303.4
1258880 1302.7
1258890 1303.3
1258900 1303.3
1258910 1305.8
1258920 1307.7
1258930 1307.7
1258940 1310.8
1258950 1312.9
1258960 1312.9
1258970 1314.6
1258980 1316.4
1258990 1316.4
1259000 1318.3
1259010 1321.7
1259020 1324.6
1259030 1324.6
1259040 1328.1
1259050 1332.4
1259060 1332.4
1259070 1336.6
1259080 1341.0
1259090 1341.0
1259100 1345.7
1259110 1350.8
1259120 1350.8
1259130 1355.6
1259140 1360.5
1259150 1360.5
1259160 1365.8
1259170 1371.7
1259180 1371.7
1259190 1377.8
1259200 1383.6
1259210 1383.6
1259220 1389.6
1259230 1395.6
1259240 1395.6
1259250 1406.0
1259260 1409.8
1259270 1409.8
1259280 1412.5
1259290 1414.9
1259300 1416.5
1259310 1416.5
1259320 1416.5
1259330 1419.5
1259340 1419.5
1259350 1424.8
1259360 1428.9
1259370 1428.9
1259380 1429.9
1259390 1428.5
1259400 1428.5
1259410 1426.9
1259420 1424.7
1259430 1424.7
1259440 1423.1
1259450 1421.4
1259460 1421.4
1259470 1419.4
1259480 1417.1
1259490 1417.1
1259500 1414.8
1259510 1412.2
1259520 1412.2
1259530 1409.2
1259540 1406.6
1259550 1406.6
1259560 1403.8
1259570 1399.7
1259580 1396.2
1259590 1396.2
1259600 1393.5
1259610 1390.6
1259620 1390.6
1259630 1388.1
1259640 1385.7
1259650 1385.7
1259660 1383.5
1259670 1381.2
1259680 1381.2
1259690 1377.7
1259700 1373.8
1259710 1373.8
1259720 1368.7
1259730 1362.5
1259740 1362.5
1259750 1356.0
1259760 1348.9
1259770 1348.9
1259780 1341.9
1259790 1334.6
1259800 1334.6
1259810 1329.6
1259820 1337.7
1259830 1337.7
1259840 1337.1
1259850 1333.3
1259860 1333.3
1259870 1327.9
1259880 1324.2
1259890 1318.6
1259900 1318.6
1259910 1312.6
1259920 1305.7
1259930 1305.7
1259940 1298.8
1259950 1292.9
1259960 1292.9
1259970 1288.8
1259980 1284.6
1259990 1284.6
