1240000 1210.1
1240010 1210.1
1240020 1210.1
1240030 1210.5
1240040 1211.0
1240050 1211.0
1240060 1211.2
1240070 1211.4
1240080 1211.4
1240090 1211.2
1240100 1212.1
1240110 1212.1
1240120 1214.3
1240130 1216.4
1240140 1216.4
1240150 1217.5
1240160 1218.4
1240170 1218.4
1240180 1219.1
1240190 1220.4
1240200 1221.9
1240210 1221.9
1240220 1223.5
1240230 1224.6
1240240 1224.6
1240250 1225.3
1240260 1225.8
1240270 1225.8
1240280 1226.1
1240290 1227.6
1240300 1227.6
1240310 1227.4
1240320 1224.8
1240330 1224.8
1240340 1223.7
1240350 1224.9
1240360 1224.9
1240370 1228.6
1240380 1232.9
1240390 1232.9
1240400 1234.8
1240410 1232.9
1240420 1232.9
1240430 1235.6
1240440 1240.8
1240450 1240.8
1240460 1247.8
1240470 1251.8
1240480 1255.3
1240490 1255.3
1240500 1256.0
1240510 1254.3
1240520 1254.3
1240530 1257.2
1240540 1262.3
1240550 1262.3
1240560 1266.9
1240570 1266.0
1240580 1266.0
1240590 1264.3
1240600 1263.6
1240610 1263.6
1240620 1263.9
1240630 1269.0
1240640 1269.0
1240650 1273.7
1240660 1274.0
1240670 1274.0
1240680 1271.4
1240690 1269.5
1240700 1269.5
1240710 1269.5
1240720 1273.2
1240730 1273.2
1240740 1279.0
1240750 1287.3
1240760 1292.9
1240770 1292.9
1240780 1295.8
1240790 1298.8
1240800 1298.8
1240810 1301.6
1240820 1304.1
1240830 1304.1
1240840 1306.3
1240850 1307.3
1240860 1307.3
1240870 1309.0
1240880 1307.5
1240890 1307.5
1240900 1304.6
1240910 1303.9
1240920 1303.9
1240930 1306.0
1240940 1309.3
1240950 1309.3
1240960 1310.8
1240970 1307.5
1240980 1309.6
1240990 1305.3
1241000 1295.9
1241010 1295.9
1241020 1286.6
1241030 1280.6
1241040 1280.6
1241050 1285.3
1241060 1297.4
1241070 1304.9
1241080 1304.9
1241090 1303.0
1241100 1300.6
1241110 1300.6
1241120 1299.0
1241130 1297.3
1241140 1297.3
1241150 1296.4
1241160 1294.5
1241170 1294.5
1241180 1293.4
1241190 1295.3
1241200 1295.3
1241210 1298.6
1241220 1303.6
1241230 1303.6
1241240 1308.9
1241250 1309.9
1241260 1309.9
1241270 1311.2
1241280 1317.7
1241290 1317.7
1241300 1324.1
1241310 1330.9
1241320 1330.9
1241330 1337.6
1241340 1343.4
1241350 1347.7
1241360 1347.7
1241370 1351.1
1241380 1353.5
1241390 1353.5
1241400 1357.3
1241410 1360.6
1241420 1360.6
1241430 1362.9
1241440 1365.0
1241450 1365.0
1241460 1367.6
1241470 1370.1
1241480 1370.1
1241490 1372.1
1241500 1373.8
1241510 1373.4
1241520 1375.8
1241530 1379.0
1241540 1379.0
1241550 1381.9
1241560 1384.7
1241570 1384.7
1241580 1386.5
1241590 1387.6
1241600 1387.6
1241610 1388.5
1241620 1389.2
1241630 1389.6
1241640 1389.6
1241650 1389.8
1241660 1390.1
1241670 1390.1
1241680 1390.7
1241690 1391.5
1241700 1391.5
1241710 1391.7
1241720 1390.3
1241730 1390.3
1241740 1387.9
1241750 1386.5
1241760 1386.5
1241770 1385.7
1241780 1384.2
1241790 1384.2
1241800 1382.4
1241810 1380.8
1241820 1380.8
1241830 1380.0
1241840 1379.7
1241850 1379.7
1241860 1378.8
1241870 1377.8
1241880 1377.8
1241890 1377.7
1241900 1377.5
1241910 1377.5
1241920 1376.6
1241930 1375.4
1241940 1374.7
1241950 1374.7
1241960 1375.1
1241970 1374.9
1241980 1374.9
1241990 1374.1
1242000 1372.8
1242010 1372.8
1242020 1371.5
1242030 1368.7
1242040 1368.7
1242050 1368.2
1242060 1368.6
1242070 1368.6
1242080 1368.4
1242090 1368.2
1242100 1368.2
1242110 1367.5
1242120 1366.1
1242130 1366.1
1242140 1364.1
1242150 1362.0
1242160 1362.0
1242170 1359.8
1242180 1357.2
1242190 1357.2
1242200 1354.7
1242210 1352.8
1242220 1351.1
1242230 1351.1
1242240 1350.2
1242250 1349.2
1242260 1349.2
1242270 1347.9
1242280 1345.7
1242290 1345.7
1242300 1343.7
1242310 1342.0
1242320 1342.0
1242330 1340.6
1242340 1339.5
1242350 1339.5
1242360 1338.9
1242370 1338.0
1242380 1338.0
1242390 1336.9
1242400 1335.4
1242410 1335.4
1242420 1333.7
1242430 1331.7
1242440 1331.7
1242450 1330.0
1242460 1329.4
1242470 1329.4
1242480 1329.2
1242490 1329.8
1242500 1330.5
1242510 1330.5
1242520 1331.8
1242530 1331.8
1242540 1331.8
1242550 1333.8
1242560 1338.2
1242570 1338.2
1242580 1341.6
1242590 1343.5
1242600 1343.5
1242610 1342.2
1242620 1340.9
1242630 1340.9
1242640 1339.1
1242650 1335.7
1242660 1335.7
1242670 1332.7
1242680 1331.8
1242690 1331.8
1242700 1333.1
1242710 1332.0
1242720 1332.0
1242730 1327.4
1242740 1321.7
1242750 1321.7
1242760 1316.6
1242770 1312.8
1242780 1312.8
1242790 1308.2
1242800 1303.5
1242810 1300.0
1242820 1300.0
1242830 1297.8
1242840 1294.8
1242850 1294.8
1242860 1290.8
1242870 1285.9
1242880 1285.9
1242890 1280.8
1242900 1275.7
1242910 1275.7
1242920 1270.9
1242930 1267.2
1242940 1267.2
1242950 1264.1
1242960 1262.5
1242970 1262.5
1242980 1261.0
1242990 1259.0
1243000 1259.0
1243010 1257.1
1243020 1255.0
1243030 1255.0
1243040 1253.3
1243050 1251.7
1243060 1251.7
1243070 1250.2
1243080 1248.7
1243090 1246.6
1243100 1246.6
1243110 1245.2
1243120 1243.9
1243130 1243.9
1243140 1242.4
1243150 1240.9
1243160 1240.9
1243170 1239.4
1243180 1238.1
1243190 1238.1
1243200 1236.7
1243210 1235.2
1243220 1235.2
1243230 1234.0
1243240 1235.2
1243250 1235.2
1243260 1238.5
1243270 1240.7
1243280 1240.7
1243290 1242.6
1243300 1244.0
1243310 1244.0
1243320 1245.3
1243330 1246.7
1243340 1246.7
1243350 1248.3
1243360 1250.2
1243370 1252.1
1243380 1252.1
1243390 1253.7
1243400 1254.3
1243410 1254.3
1243420 1254.8
1243430 1255.9
1243440 1255.9
1243450 1256.3
1243460 1256.3
1243470 1256.3
1243480 1258.6
1243490 1261.2
1243500 1261.2
1243510 1261.3
1243520 1263.0
1243530 1263.0
1243540 1264.9
1243550 1266.2
1243560 1266.2
1243570 1265.7
1243580 1263.4
1243590 1263.4
1243600 1261.2
1243610 1258.0
1243620 1258.0
1243630 1252.6
1243640 1249.4
1243650 1249.4
1243660 1246.1
1243670 1243.3
1243680 1241.3
1243690 1241.3
1243700 1241.7
1243710 1242.8
1243720 1242.8
1243730 1242.8
1243740 1242.7
1243750 1242.7
1243760 1245.8
1243770 1250.6
1243780 1250.6
1243790 1253.7
1243800 1249.1
1243810 1249.1
1243820 1243.4
1243830 1239.9
1243840 1239.9
1243850 1240.1
1243860 1241.0
1243870 1241.0
1243880 1242.8
1243890 1245.5
1243900 1245.5
1243910 1248.9
1243920 1252.5
1243930 1252.5
1243940 1255.1
1243950 1257.9
1243960 1258.9
1243970 1258.9
1243980 1259.4
1243990 1260.1
1244000 1260.1
1244010 1261.1
1244020 1264.1
1244030 1264.1
1244040 1267.4
1244050 1271.4
1244060 1271.4
1244070 1277.8
1244080 1284.4
1244090 1284.4
1244100 1287.6
1244110 1289.7
1244120 1289.7
1244130 1295.0
1244140 1300.4
1244150 1300.4
1244160 1295.0
1244170 1289.5
1244180 1289.5
1244190 1285.1
1244200 1280.8
1244210 1280.8
1244220 1277.0
1244230 1275.6
1244240 1274.2
1244250 1274.2
1244260 1272.1
1244270 1269.8
1244280 1269.8
1244290 1267.4
1244300 1265.0
1244310 1265.0
1244320 1262.6
1244330 1259.9
1244340 1259.9
1244350 1257.5
1244360 1255.6
1244370 1255.6
1244380 1253.7
1244390 1251.8
1244400 1251.8
1244410 1250.3
1244420 1248.8
1244430 1248.8
1244440 1247.3
1244450 1245.7
1244460 1245.7
1244470 1244.2
1244480 1242.9
1244490 1242.9
1244500 1241.5
1244510 1239.9
1244520 1238.4
1244530 1238.4
1244540 1236.7
1244550 1235.2
1244560 1235.2
1244570 1233.7
1244580 1232.2
1244590 1232.2
1244600 1230.7
1244610 1229.2
1244620 1229.2
1244630 1227.8
1244640 1226.5
1244650 1226.5
1244660 1225.4
1244670 1224.7
1244680 1224.7
1244690 1223.7
1244700 1222.9
1244710 1222.9
1244720 1222.3
1244730 1221.5
1244740 1221.5
1244750 1220.4
1244760 1220.1
1244770 1220.1
1244780 1219.7
1244790 1219.2
1244800 1219.2
1244810 1219.0
1244820 1218.9
1244830 1218.9
1244840 1218.9
1244850 1218.9
1244860 1218.9
1244870 1218.9
1244880 1219.4
1244890 1220.7
1244900 1220.7
1244910 1223.4
1244920 1226.7
1244930 1226.7
1244940 1230.7
1244950 1235.7
1244960 1235.7
1244970 1238.5
1244980 1240.2
1244990 1240.2
1245000 1240.6
1245010 1240.2
1245020 1240.2
1245030 1239.8
1245040 1239.2
1245050 1239.2
1245060 1241.3
1245070 1244.0
1245080 1244.0
1245090 1246.1
1245100 1247.4
1245110 1248.8
1245120 1248.8
1245130 1249.8
1245140 1250.6
1245150 1250.6
1245160 1250.4
1245170 1249.2
1245180 1249.2
1245190 1248.1
1245200 1247.8
1245210 1245.6
1245220 1246.7
1245230 1247.5
1245240 1247.5
1245250 1247.5
1245260 1247.9
1245270 1247.9
1245280 1248.2
1245290 1248.5
1245300 1248.5
1245310 1249.3
1245320 1250.0
1245330 1250.0
1245340 1250.7
1245350 1251.7
1245360 1251.7
1245370 1252.2
1245380 1252.6
1245390 1252.5
1245400 1252.5
1245410 1252.2
1245420 1252.6
1245430 1252.6
1245440 1253.2
1245450 1254.0
1245460 1254.0
1245470 1254.9
1245480 1255.6
1245490 1255.6
1245500 1256.0
1245510 1256.8
1245520 1256.8
1245530 1258.5
1245540 1259.2
1245550 1259.2
1245560 1259.9
1245570 1260.5
1245580 1260.5
1245590 1260.5
1245600 1261.1
1245610 1261.1
1245620 1261.9
1245630 1261.2
1245640 1261.2
1245650 1260.0
1245660 1259.3
1245670 1259.3
1245680 1259.3
1245690 1259.5
1245700 1259.2
1245710 1259.2
1245720 1261.1
1245730 1266.5
1245740 1264.6
1245750 1267.5
1245760 1269.7
1245770 1269.7
1245780 1271.9
1245790 1273.3
1245800 1273.3
1245810 1274.6
1245820 1275.9
1245830 1275.9
1245840 1277.3
1245850 1278.8
1245860 1278.8
1245870 1280.0
1245880 1281.1
1245890 1281.1
1245900 1282.0
1245910 1282.5
1245920 1282.5
1245930 1282.0
1245940 1283.2
1245950 1283.2
1245960 1285.5
1245970 1287.9
1245980 1288.8
1245990 1288.8
1246000 1288.7
1246010 1288.6
1246020 1288.6
1246030 1288.8
1246040 1289.1
1246050 1289.1
1246060 1289.3
1246070 1289.6
1246080 1289.6
1246090 1289.8
1246100 1289.1
1246110 1289.1
1246120 1285.8
1246130 1282.9
1246140 1282.9
1246150 1285.6
1246160 1289.9
1246170 1289.9
1246180 1292.5
1246190 1292.7
1246200 1292.7
1246210 1289.7
1246220 1286.5
1246230 1286.5
1246240 1284.3
1246250 1282.1
1246260 1279.9
1246270 1279.9
1246280 1276.6
1246290 1275.9
1246300 1275.9
1246310 1274.2
1246320 1271.1
1246330 1271.1
1246340 1268.5
1246350 1267.5
1246360 1267.5
1246370 1267.6
1246380 1268.4
1246390 1268.4
1246400 1269.0
1246410 1268.5
1246420 1268.5
1246430 1267.4
1246440 1266.7
1246450 1266.7
1246460 1266.7
1246470 1267.1
1246480 1267.1
1246490 1266.9
1246500 1266.2
1246510 1266.2
1246520 1265.0
1246530 1264.1
1246540 1264.1
1246550 1263.4
1246560 1262.4
1246570 1261.0
1246580 1261.0
1246590 1259.5
1246600 1258.1
1246610 1258.1
1246620 1256.6
1246630 1255.1
1246640 1255.1
1246650 1253.2
1246660 1249.8
1246670 1249.8
1246680 1244.2
1246690 1244.9
1246700 1244.9
1246710 1244.6
1246720 1243.4
1246730 1243.4
1246740 1243.3
1246750 1243.3
1246760 1243.3
1246770 1244.6
1246780 1245.7
1246790 1245.7
1246800 1246.6
1246810 1242.1
1246820 1242.1
1246830 1241.2
1246840 1239.6
1246850 1238.0
1246860 1238.0
1246870 1237.3
1246880 1237.2
1246890 1237.2
1246900 1237.2
1246910 1236.6
1246920 1236.6
1246930 1235.5
1246940 1233.7
1246950 1233.7
1246960 1230.2
1246970 1225.1
1246980 1225.1
1246990 1221.4
1247000 1218.9
1247010 1218.9
1247020 1218.3
1247030 1214.2
1247040 1214.2
1247050 1207.9
1247060 1202.9
1247070 1202.9
1247080 1200.1
1247090 1196.6
1247100 1196.6
1247110 1193.2
1247120 1190.8
1247130 1190.3
1247140 1190.3
1247150 1191.2
1247160 1190.5
1247170 1190.5
1247180 1186.4
1247190 1181.4
1247200 1181.4
1247210 1176.7
1247220 1173.4
1247230 1173.4
1247240 1170.8
1247250 1167.8
1247260 1167.8
1247270 1166.3
1247280 1165.7
1247290 1165.7
1247300 1164.2
1247310 1164.8
1247320 1164.8
1247330 1168.3
1247340 1172.3
1247350 1168.2
1247360 1169.2
1247370 1167.2
1247380 1167.2
1247390 1166.2
1247400 1163.5
1247410 1161.8
1247420 1161.8
1247430 1159.6
1247440 1157.4
1247450 1157.4
1247460 1156.5
1247470 1154.3
1247480 1154.3
1247490 1152.7
1247500 1150.9
1247510 1150.9
1247520 1148.9
1247530 1147.4
1247540 1147.4
1247550 1146.3
1247560 1145.0
1247570 1145.0
1247580 1143.4
1247590 1142.2
1247600 1142.2
1247610 1140.9
1247620 1139.4
1247630 1139.4
1247640 1137.5
1247650 1135.5
1247660 1135.5
1247670 1134.0
1247680 1132.7
1247690 1132.7
1247700 1131.4
1247710 1129.8
1247720 1127.1
1247730 1127.1
1247740 1124.6
1247750 1123.4
1247760 1123.4
1247770 1122.0
1247780 1120.6
1247790 1120.6
1247800 1118.7
1247810 1117.1
1247820 1117.1
1247830 1115.6
1247840 1114.1
1247850 1114.1
1247860 1109.3
1247870 1107.2
1247880 1107.2
1247890 1105.3
1247900 1108.6
1247910 1108.6
1247920 1108.9
1247930 1108.3
1247940 1108.3
1247950 1106.2
1247960 1103.2
1247970 1103.2
1247980 1102.1
1247990 1100.7
1248000 1100.4
1248010 1100.4
1248020 1099.1
1248030 1096.5
1248040 1096.5
1248050 1093.6
1248060 1088.3
1248070 1088.3
1248080 1079.8
1248090 1078.4
1248100 1078.4
1248110 1081.3
1248120 1081.0
1248130 1081.0
1248140 1079.1
1248150 1076.9
1248160 1076.9
1248170 1075.9
1248180 1074.0
1248190 1074.0
1248200 1072.0
1248210 1070.1
1248220 1070.1
1248230 1068.6
1248240 1067.0
1248250 1067.0
1248260 1065.4
1248270 1064.0
1248280 1063.1
1248290 1063.1
1248300 1061.3
1248310 1058.1
1248320 1058.1
1248330 1054.3
1248340 1050.6
1248350 1050.6
1248360 1049.6
1248370 1048.7
1248380 1048.7
1248390 1047.5
1248400 1046.3
1248410 1046.3
1248420 1045.3
1248430 1044.0
1248440 1044.0
1248450 1042.9
1248460 1042.1
1248470 1042.1
1248480 1041.3
1248490 1040.3
1248500 1040.3
1248510 1039.4
1248520 1038.5
1248530 1038.5
1248540 1037.8
1248550 1037.0
1248560 1037.0
1248570 1035.8
1248580 1034.8
1248590 1034.4
1248600 1034.4
1248610 1034.3
1248620 1034.3
1248630 1034.3
1248640 1034.0
1248650 1034.1
1248660 1034.1
1248670 1034.0
1248680 1034.0
1248690 1034.0
1248700 1034.0
1248710 1034.1
1248720 1034.1
1248730 1034.8
1248740 1035.5
1248750 1035.5
1248760 1036.2
1248770 1037.1
1248780 1037.1
1248790 1038.4
1248800 1039.8
1248810 1039.8
1248820 1040.8
1248830 1041.9
1248840 1041.9
1248850 1042.5
1248860 1042.8
1248870 1043.1
1248880 1043.1
1248890 1043.5
1248900 1043.5
1248910 1043.5
1248920 1043.3
1248930 1043.7
1248940 1043.7
1248950 1045.0
1248960 1046.2
1248970 1048.0
1248980 1049.6
1248990 1051.3
1249000 1051.3
1249010 1052.8
1249020 1053.5
1249030 1053.5
1249040 1054.8
1249050 1056.4
1249060 1056.4
1249070 1057.4
1249080 1057.9
1249090 1057.9
1249100 1058.4
1249110 1058.8
1249120 1058.8
1249130 1059.9
1249140 1060.9
1249150 1061.8
1249160 1061.8
1249170 1063.4
1249180 1065.2
1249190 1065.2
1249200 1067.0
1249210 1068.7
1249220 1068.7
1249230 1069.0
1249240 1069.7
1249250 1069.7
1249260 1071.5
1249270 1072.7
1249280 1072.7
1249290 1074.0
1249300 1075.6
1249310 1075.6
1249320 1076.7
1249330 1078.2
1249340 1078.2
1249350 1080.0
1249360 1080.8
1249370 1080.8
1249380 1081.7
1249390 1082.6
1249400 1082.6
1249410 1083.1
1249420 1084.4
1249430 1085.9
1249440 1085.9
1249450 1086.8
1249460 1087.6
1249470 1087.6
1249480 1088.9
1249490 1090.1
1249500 1090.1
1249510 1093.2
1249520 1094.3
1249530 1094.3
1249540 1095.2
1249550 1095.8
1249560 1095.8
1249570 1096.6
1249580 1096.2
1249590 1096.2
1249600 1096.3
1249610 1096.3
1249620 1096.3
1249630 1097.0
1249640 1098.0
1249650 1098.0
1249660 1098.7
1249670 1099.2
1249680 1099.2
1249690 1099.1
1249700 1098.6
1249710 1098.6
1249720 1098.6
1249730 1095.1
1249740 1095.7
1249750 1095.7
1249760 1099.3
1249770 1103.0
1249780 1103.0
1249790 1106.4
1249800 1109.5
1249810 1109.5
1249820 1113.2
1249830 1118.0
1249840 1118.0
1249850 1123.4
1249860 1127.5
1249870 1127.5
1249880 1127.0
1249890 1126.3
1249900 1126.3
1249910 1128.2
1249920 1128.9
1249930 1128.9
1249940 1127.0
1249950 1131.7
1249960 1131.7
1249970 1139.1
1249980 1146.5
1249990 1146.5
1250000 1152.8
1250010 1155.0
1250020 1155.5
1250030 1155.5
1250040 1155.0
1250050 1159.0
1250060 1159.0
1250070 1162.4
1250080 1166.6
1250090 1166.6
1250100 1171.2
1250110 1176.7
1250120 1176.7
1250130 1181.0
1250140 1184.0
1250150 1184.0
1250160 1187.0
1250170 1191.1
1250180 1191.1
1250190 1194.9
1250200 1192.9
1250210 1192.9
1250220 1196.9
1250230 1205.1
1250240 1205.1
1250250 1210.2
1250260 1213.7
1250270 1213.7
1250280 1216.7
1250290 1220.3
1250300 1224.7
1250310 1224.7
1250320 1229.8
1250330 1233.4
1250340 1233.4
1250350 1236.4
1250360 1241.0
1250370 1241.0
1250380 1246.0
1250390 1250.6
1250400 1250.6
1250410 1255.2
1250420 1256.0
1250430 1256.0
1250440 1258.7
1250450 1266.2
1250460 1266.2
1250470 1274.4
1250480 1280.4
1250490 1280.4
1250500 1284.1
1250510 1288.0
1250520 1288.0
1250530 1292.0
1250540 1296.3
1250550 1296.3
1250560 1302.0
1250570 1308.1
1250580 1308.1
1250590 1312.2
1250600 1320.1
1250610 1321.4
1250620 1321.4
1250630 1322.5
1250640 1323.3
1250650 1323.3
1250660 1327.2
1250670 1333.4
1250680 1333.4
1250690 1338.4
1250700 1343.0
1250710 1343.0
1250720 1347.6
1250730 1351.3
1250740 1351.3
1250750 1355.1
1250760 1359.5
1250770 1359.5
1250780 1364.3
1250790 1369.7
1250800 1369.7
1250810 1374.3
1250820 1378.8
1250830 1378.8
1250840 1383.2
1250850 1386.8
1250860 1386.8
1250870 1390.6
1250880 1393.0
1250890 1395.7
1250900 1395.7
1250910 1398.0
1250920 1399.5
1250930 1399.5
1250940 1399.8
1250950 1399.6
1250960 1399.6
1250970 1402.7
1250980 1407.9
1250990 1407.9
1251000 1412.5
1251010 1416.1
1251020 1416.1
1251030 1419.1
1251040 1421.4
1251050 1421.4
1251060 1425.0
1251070 1429.1
1251080 1429.1
1251090 1434.9
1251100 1442.3
1251110 1442.3
1251120 1448.1
1251130 1452.5
1251140 1452.7
1251150 1457.3
1251160 1462.0
1251170 1465.7
1251180 1465.7
1251190 1469.8
1251200 1474.1
1251210 1474.1
1251220 1478.7
1251230 1481.9
1251240 1481.9
1251250 1482.0
1251260 1483.3
1251270 1483.3
1251280 1486.5
1251290 1490.1
1251300 1490.1
1251310 1494.1
1251320 1497.7
1251330 1497.7
1251340 1500.4
1251350 1502.6
1251360 1502.6
1251370 1504.2
1251380 1505.4
1251390 1505.4
1251400 1507.2
1251410 1508.5
1251420 1508.5
1251430 1508.3
1251440 1506.1
1251450 1506.1
1251460 1501.9
1251470 1496.2
1251480 1491.8
1251490 1491.8
1251500 1489.2
1251510 1487.5
1251520 1487.5
1251530 1486.8
1251540 1487.4
1251550 1487.4
1251560 1485.4
1251570 1482.1
1251580 1482.1
1251590 1478.4
1251600 1475.9
1251610 1475.9
1251620 1474.7
1251630 1474.6
1251640 1474.6
1251650 1473.2
1251660 1469.9
1251670 1469.9
1251680 1468.4
1251690 1468.5
1251700 1468.5
1251710 1465.7
1251720 1460.0
1251730 1460.0
1251740 1454.3
1251750 1449.8
1251760 1447.2
1251770 1447.2
1251780 1446.4
1251790 1445.0
1251800 1445.0
1251810 1443.3
1251820 1441.9
1251830 1441.9
1251840 1440.4
1251850 1439.9
1251860 1439.9
1251870 1439.1
1251880 1437.2
1251890 1437.2
1251900 1435.6
1251910 1433.0
1251920 1433.0
1251930 1431.6
1251940 1430.0
1251950 1430.0
1251960 1430.2
1251970 1430.8
1251980 1430.8
1251990 1426.6
1252000 1421.4
1252010 1421.4
1252020 1427.0
1252030 1433.1
1252040 1437.7
1252050 1437.7
1252060 1434.5
1252070 1429.2
1252080 1429.2
1252090 1427.0
1252100 1425.8
1252110 1425.8
1252120 1425.3
1252130 1430.5
1252140 1430.5
1252150 1433.5
1252160 1434.0
1252170 1434.0
1252180 1434.6
1252190 1431.5
1252200 1431.5
1252210 1430.9
1252220 1432.1
1252230 1432.1
1252240 1438.7
1252250 1444.2
1252260 1444.2
1252270 1451.5
1252280 1459.0
1252290 1459.0
1252300 1465.6
1252310 1468.8
1252320 1468.2
1252330 1468.2
1252340 1467.1
1252350 1465.7
1252360 1465.7
1252370 1464.4
1252380 1461.8
1252390 1461.8
1252400 1459.7
1252410 1459.5
1252420 1459.5
1252430 1458.4
1252440 1458.0
1252450 1458.0
1252460 1458.2
1252470 1457.0
1252480 1457.0
1252490 1452.9
1252500 1445.4
1252510 1445.4
1252520 1435.9
1252530 1427.5
1252540 1427.5
1252550 1419.2
1252560 1411.1
1252570 1411.1
1252580 1402.4
1252590 1393.6
1252600 1393.6
1252610 1385.2
1252620 1376.3
1252630 1367.1
1252640 1367.1
1252650 1355.7
1252660 1344.8
1252670 1344.8
1252680 1336.1
1252690 1327.7
1252700 1327.7
1252710 1319.4
1252720 1312.7
1252730 1312.7
1252740 1307.7
1252750 1302.6
1252760 1302.6
1252770 1297.0
1252780 1291.4
1252790 1292.5
1252800 1288.1
1252810 1283.6
1252820 1283.6
1252830 1278.8
1252840 1273.8
1252850 1273.8
1252860 1269.4
1252870 1265.6
1252880 1265.6
1252890 1263.7
1252900 1263.0
1252910 1263.0
1252920 1263.0
1252930 1262.2
1252940 1262.9
1252950 1262.9
1252960 1262.8
1252970 1262.4
1252980 1262.4
1252990 1262.1
1253000 1262.5
1253010 1262.5
1253020 1262.5
1253030 1262.5
1253040 1262.5
1253050 1262.9
1253060 1262.8
1253070 1262.8
1253080 1262.6
1253090 1262.3
1253100 1262.3
1253110 1263.6
1253120 1265.0
1253130 1265.0
1253140 1265.2
1253150 1266.1
1253160 1266.1
1253170 1267.4
1253180 1267.5
1253190 1266.8
1253200 1266.8
1253210 1267.0
1253220 1268.3
1253230 1268.3
1253240 1268.9
1253250 1268.9
1253260 1268.9
1253270 1269.6
1253280 1270.4
1253290 1270.4
1253300 1271.1
1253310 1272.0
1253320 1272.0
1253330 1273.2
1253340 1273.4
1253350 1273.4
1253360 1274.0
1253370 1274.8
1253380 1274.8
1253390 1275.3
1253400 1276.1
1253410 1276.1
1253420 1279.1
1253430 1285.5
1253440 1285.5
1253450 1292.2
1253460 1296.0
1253470 1296.0
1253480 1300.8
1253490 1307.4
1253500 1314.4
1253510 1314.4
1253520 1322.2
1253530 1327.0
1253540 1327.0
1253550 1333.9
1253560 1344.0
1253570 1344.0
1253580 1355.5
1253590 1363.9
1253600 1363.9
1253610 1371.1
1253620 1378.0
1253630 1378.0
1253640 1385.0
1253650 1391.7
1253660 1391.7
1253670 1397.4
1253680 1401.5
1253690 1401.5
1253700 1403.5
1253710 1405.9
1253720 1405.9
1253730 1409.3
1253740 1413.3
1253750 1413.3
1253760 1417.6
1253770 1421.7
1253780 1424.3
1253790 1424.3
1253800 1426.5
1253810 1426.9
1253820 1426.9
1253830 1428.7
1253840 1427.4
1253850 1427.4
1253860 1430.8
1253870 1434.2
1253880 1434.2
1253890 1442.0
1253900 1442.8
1253910 1442.8
1253920 1444.5
1253930 1445.3
1253940 1445.3
1253950 1442.3
1253960 1440.0
1253970 1440.0
1253980 1438.3
1253990 1437.8
1254000 1437.8
1254010 1438.6
1254020 1438.3
1254030 1438.3
1254040 1438.0
1254050 1438.0
1254060 1437.6
1254070 1437.6
1254080 1436.1
1254090 1430.5
1254100 1430.5
1254110 1425.1
1254120 1421.4
1254130 1421.4
1254140 1418.4
1254150 1414.4
1254160 1414.4
1254170 1409.9
1254180 1407.0
1254190 1407.0
1254200 1404.4
1254210 1402.0
1254220 1402.0
1254230 1398.8
1254240 1394.4
1254250 1394.4
1254260 1390.6
1254270 1389.1
1254280 1389.1
1254290 1388.5
1254300 1387.1
1254310 1387.1
1254320 1385.1
1254330 1382.8
1254340 1380.9
1254350 1380.9
1254360 1378.4
1254370 1375.2
1254380 1375.2
1254390 1372.5
1254400 1371.1
1254410 1371.1
1254420 1368.3
1254430 1364.8
1254440 1364.8
1254450 1364.6
1254460 1360.8
1254470 1360.8
1254480 1356.9
1254490 1354.5
1254500 1354.5
1254510 1352.3
1254520 1347.8
1254530 1347.8
1254540 1345.8
1254550 1346.0
1254560 1346.0
1254570 1347.8
1254580 1350.7
1254590 1350.7
1254600 1352.8
1254610 1356.6
1254620 1356.6
1254630 1361.3
1254640 1365.6
1254650 1370.3
1254660 1370.3
1254670 1375.4
1254680 1380.1
1254690 1380.1
1254700 1384.3
1254710 1388.0
1254720 1388.0
1254730 1391.3
1254740 1393.9
1254750 1393.9
1254760 1396.6
1254770 1399.8
1254780 1399.8
1254790 1403.4
1254800 1407.2
1254810 1407.2
1254820 1410.7
1254830 1413.9
1254840 1413.9
1254850 1417.1
1254860 1420.6
1254870 1420.6
1254880 1423.3
1254890 1425.6
1254900 1425.6
1254910 1427.4
1254920 1431.8
1254930 1438.5
1254940 1438.5
1254950 1444.2
1254960 1450.3
1254970 1450.3
1254980 1456.2
1254990 1461.2
1255000 1456.0
1255010 1460.0
1255020 1463.8
1255030 1463.8
1255040 1466.7
1255050 1469.5
1255060 1469.5
1255070 1472.5
1255080 1475.3
1255090 1475.3
1255100 1477.4
1255110 1479.2
1255120 1479.2
1255130 1479.9
1255140 1478.7
1255150 1478.7
1255160 1479.0
1255170 1480.3
1255180 1480.3
1255190 1481.4
1255200 1482.6
1255210 1483.9
1255220 1483.9
1255230 1485.8
1255240 1488.5
1255250 1488.5
1255260 1490.9
1255270 1492.7
1255280 1492.7
1255290 1493.8
1255300 1493.7
1255310 1493.7
1255320 1494.9
1255330 1497.3
1255340 1497.3
1255350 1498.8
1255360 1500.8
1255370 1500.8
1255380 1503.7
1255390 1506.8
1255400 1506.8
1255410 1510.1
1255420 1513.4
1255430 1513.4
1255440 1516.6
1255450 1520.1
1255460 1520.1
1255470 1523.3
1255480 1525.8
1255490 1525.8
1255500 1527.0
1255510 1528.2
1255520 1529.5
1255530 1529.5
1255540 1530.2
1255550 1528.9
1255560 1523.0
1255570 1519.5
1255580 1515.5
1255590 1515.5
1255600 1510.8
1255610 1506.1
1255620 1506.1
1255630 1504.4
1255640 1508.7
1255650 1508.7
1255660 1514.8
1255670 1521.4
1255680 1521.4
1255690 1528.0
1255700 1534.1
1255710 1534.1
1255720 1539.1
1255730 1543.4
1255740 1543.4
1255750 1547.9
1255760 1552.5
1255770 1552.5
1255780 1557.2
1255790 1562.3
1255800 1566.0
1255810 1566.0
1255820 1569.9
1255830 1573.0
1255840 1573.0
1255850 1575.4
1255860 1577.4
1255870 1577.4
1255880 1579.0
1255890 1579.5
1255900 1579.5
1255910 1579.6
1255920 1580.2
1255930 1580.2
1255940 1580.1
1255950 1579.5
1255960 1579.5
1255970 1578.4
1255980 1580.5
1255990 1580.5
1256000 1581.8
1256010 1582.2
1256020 1582.2
1256030 1583.0
1256040 1583.2
1256050 1583.2
1256060 1582.5
1256070 1582.1
1256080 1581.9
1256090 1581.9
1256100 1581.4
1256110 1586.9
1256120 1586.9
1256130 1585.0
1256140 1584.5
1256150 1584.5
1256160 1584.9
1256170 1585.0
1256180 1585.0
1256190 1585.3
1256200 1585.3
1256210 1585.3
1256220 1585.5
1256230 1585.6
1256240 1585.6
1256250 1585.0
1256260 1583.1
1256270 1583.1
1256280 1581.3
1256290 1581.1
1256300 1581.1
1256310 1579.9
1256320 1580.3
1256330 1580.3
1256340 1580.9
1256350 1581.8
1256360 1582.9
1256370 1582.9
1256380 1584.4
1256390 1588.8
1256400 1588.8
1256410 1593.8
1256420 1587.6
1256430 1587.6
1256440 1576.0
1256450 1573.0
1256460 1573.0
1256470 1570.4
1256480 1568.8
1256490 1568.8
1256500 1559.7
1256510 1551.4
1256520 1551.4
1256530 1545.5
1256540 1537.7
1256550 1537.7
1256560 1531.1
1256570 1525.5
1256580 1525.5
1256590 1519.4
1256600 1512.2
1256610 1512.2
1256620 1505.5
1256630 1500.9
1256640 1500.9
1256650 1498.5
1256660 1496.0
1256670 1495.6
1256680 1495.6
1256690 1491.5
1256700 1487.7
1256710 1487.7
1256720 1485.3
1256730 1483.1
1256740 1483.1
1256750 1481.6
1256760 1480.5
1256770 1480.5
1256780 1479.0
1256790 1475.5
1256800 1475.5
1256810 1469.6
1256820 1462.5
1256830 1462.5
1256840 1457.2
1256850 1456.8
1256860 1456.8
1256870 1459.8
1256880 1459.3
1256890 1459.3
1256900 1456.1
1256910 1452.2
1256920 1452.2
1256930 1449.1
1256940 1449.6
1256950 1446.3
1256960 1446.3
1256970 1438.3
1256980 1437.4
1256990 1437.4
1257000 1444.4
1257010 1449.0
1257020 1449.0
1257030 1445.4
1257040 1445.8
1257050 1445.8
1257060 1451.0
1257070 1455.2
1257080 1455.2
1257090 1460.0
1257100 1465.1
1257110 1465.1
1257120 1470.1
1257130 1474.7
1257140 1474.7
1257150 1479.1
1257160 1484.5
1257170 1484.5
1257180 1489.9
1257190 1495.4
1257200 1495.4
1257210 1501.0
1257220 1506.8
1257230 1514.4
1257240 1514.4
1257250 1520.7
1257260 1526.9
1257270 1526.9
1257280 1533.1
1257290 1539.7
1257300 1539.7
1257310 1546.7
1257320 1553.5
1257330 1553.5
1257340 1560.0
1257350 1566.1
1257360 1566.1
1257370 1571.6
1257380 1576.6
1257390 1576.6
1257400 1581.3
1257410 1585.8
1257420 1585.8
1257430 1589.9
1257440 1593.2
1257450 1593.2
1257460 1592.7
1257470 1590.2
1257480 1590.2
1257490 1590.8
1257500 1590.5
1257510 1590.5
1257520 1590.0
1257530 1584.7
1257540 1577.5
1257550 1577.5
1257560 1573.0
1257570 1571.6
1257580 1571.6
1257590 1573.4
1257600 1575.5
1257610 1575.5
1257620 1577.1
1257630 1577.4
1257640 1577.4
1257650 1576.1
1257660 1573.2
1257670 1573.2
1257680 1569.7
1257690 1565.3
1257700 1565.3
1257710 1560.4
1257720 1557.3
1257730 1557.3
1257740 1554.3
1257750 1555.9
1257760 1555.9
1257770 1558.6
1257780 1558.8
1257790 1558.8
1257800 1563.5
1257810 1562.9
1257820 1561.8
1257830 1561.8
1257840 1559.7
1257850 1557.3
1257860 1557.3
1257870 1554.2
1257880 1551.3
1257890 1551.3
1257900 1548.9
1257910 1546.7
1257920 1546.7
1257930 1544.6
1257940 1542.5
1257950 1542.5
1257960 1540.5
1257970 1538.1
1257980 1538.1
1257990 1535.6
1258000 1532.9
1258010 1532.9
1258020 1531.4
1258030 1530.5
1258040 1530.5
1258050 1527.9
1258060 1523.5
1258070 1523.5
1258080 1518.7
1258090 1514.9
1258100 1513.1
1258110 1513.1
1258120 1513.9
1258130 1514.8
1258140 1514.8
1258150 1514.7
1258160 1513.5
1258170 1513.5
1258180 1512.8
1258190 1512.0
1258200 1512.0
1258210 1510.8
1258220 1509.1
1258230 1509.1
1258240 1507.4
1258250 1507.4
1258260 1507.4
1258270 1505.8
1258280 1503.4
1258290 1503.4
1258300 1499.4
1258310 1493.2
1258320 1493.2
1258330 1489.6
1258340 1486.6
1258350 1486.6
1258360 1475.0
1258370 1466.8
1258380 1458.8
1258390 1458.8
1258400 1452.0
1258410 1445.8
1258420 1445.8
1258430 1439.2
1258440 1433.2
1258450 1433.2
1258460 1426.5
1258470 1419.0
1258480 1419.0
1258490 1411.4
1258500 1404.1
1258510 1404.1
1258520 1397.8
1258530 1392.6
1258540 1392.6
1258550 1386.5
1258560 1379.0
1258570 1379.0
1258580 1371.7
1258590 1365.0
1258600 1365.0
1258610 1358.6
1258620 1351.8
1258630 1351.8
1258640 1343.7
1258650 1336.5
1258660 1336.5
1258670 1334.2
1258680 1331.8
1258690 1325.8
1258700 1325.8
1258710 1319.0
1258720 1316.7
1258730 1316.7
1258740 1316.2
1258750 1313.9
1258760 1313.9
1258770 1310.5
1258780 1306.9
1258790 1306.9
1258800 1303.1
1258810 1299.4
1258820 1299.4
1258830 1294.5
1258840 1289.1
1258850 1289.1
1258860 1283.9
1258870 1279.0
1258880 1279.0
1258890 1274.0
1258900 1268.7
1258910 1268.7
1258920 1259.4
1258930 1253.7
1258940 1253.7
1258950 1248.2
1258960 1243.7
1258970 1238.0
1258980 1238.0
1258990 1228.2
1259000 1221.9
1259010 1221.9
1259020 1221.0
1259030 1220.0
1259040 1220.0
1259050 1216.0
1259060 1211.7
1259070 1211.7
1259080 1207.7
1259090 1203.0
1259100 1203.0
1259110 1198.4
1259120 1192.5
1259130 1192.5
1259140 1186.5
1259150 1181.7
1259160 1181.7
1259170 1182.1
1259180 1186.7
1259190 1186.7
1259200 1189.2
1259210 1191.2
1259220 1191.2
1259230 1196.5
1259240 1202.5
1259250 1207.9
1259260 1207.9
1259270 1209.0
1259280 1205.5
1259290 1205.5
1259300 1202.4
1259310 1201.9
1259320 1201.9
1259330 1206.1
1259340 1211.0
1259350 1211.0
1259360 1215.3
1259370 1215.9
1259380 1215.9
1259390 1212.3
1259400 1211.9
1259410 1211.9
1259420 1215.7
1259430 1216.6
1259440 1216.6
1259450 1219.1
1259460 1223.0
1259470 1223.0
1259480 1228.7
1259490 1234.6
1259500 1234.6
1259510 1233.0
1259520 1231.2
1259530 1231.2
1259540 1229.1
1259550 1226.9
1259560 1224.2
1259570 1224.2
1259580 1221.4
1259590 1218.4
1259600 1218.4
1259610 1215.6
1259620 1213.1
1259630 1213.1
1259640 1210.7
1259650 1208.5
1259660 1208.5
1259670 1206.0
1259680 1203.7
1259690 1203.7
1259700 1200.9
1259710 1196.3
1259720 1196.3
1259730 1190.7
1259740 1187.6
1259750 1187.6
1259760 1185.5
1259770 1182.5
1259780 1182.5
1259790 1179.3
1259800 1178.1
1259810 1178.1
1259820 1177.5
1259830 1174.9
1259840 1172.5
1259850 1172.5
1259860 1170.1
1259870 1168.2
1259880 1168.2
1259890 1165.1
1259900 1161.7
1259910 1161.7
1259920 1158.3
1259930 1155.0
1259940 1155.0
1259950 1151.1
1259960 1145.9
1259970 1145.9
1259980 1142.6
1259990 1139.2
