1240000 1166.0
1240010 1166.7
1240020 1166.7
1240030 1165.9
1240040 1160.4
1240050 1160.4
1240060 1155.2
1240070 1149.6
1240080 1149.6
1240090 1144.8
1240100 1142.9
1240110 1143.1
1240120 1143.1
1240130 1144.6
1240140 1145.7
1240150 1145.7
1240160 1146.1
1240170 1146.0
1240180 1146.0
1240190 1145.3
1240200 1145.1
1240210 1145.3
1240220 1145.0
1240230 1145.0
1240240 1145.0
1240250 1145.4
1240260 1146.4
1240270 1146.4
1240280 1147.4
1240290 1146.8
1240300 1146.8
1240310 1146.2
1240320 1146.0
1240330 1146.0
1240340 1145.8
1240350 1145.7
1240360 1145.7
1240370 1145.4
1240380 1145.2
1240390 1145.0
1240400 1145.0
1240410 1144.7
1240420 1144.4
1240430 1144.4
1240440 1144.2
1240450 1144.0
1240460 1144.0
1240470 1143.9
1240480 1143.8
1240490 1143.8
1240500 1143.7
1240510 1143.2
1240520 1143.2
1240530 1142.7
1240540 1143.0
1240550 1143.0
1240560 1142.9
1240570 1142.9
1240580 1142.9
1240590 1142.9
1240600 1143.0
1240610 1143.0
1240620 1143.2
1240630 1143.2
1240640 1143.2
1240650 1143.8
1240660 1145.3
1240670 1145.3
1240680 1148.6
1240690 1151.9
1240700 1157.9
1240710 1157.9
1240720 1161.1
1240730 1165.8
1240740 1165.8
1240750 1166.4
1240760 1166.8
1240770 1166.8
1240780 1167.4
1240790 1168.1
1240800 1168.1
1240810 1169.0
1240820 1169.4
1240830 1169.4
1240840 1168.9
1240850 1168.8
1240860 1168.8
1240870 1168.7
1240880 1168.7
1240890 1168.7
1240900 1168.8
1240910 1168.8
1240920 1168.8
1240930 1169.0
1240940 1169.4
1240950 1169.4
1240960 1169.7
1240970 1169.6
1240980 1169.7
1240990 1169.7
1241000 1169.7
1241010 1169.6
1241020 1169.6
1241030 1169.7
1241040 1169.9
1241050 1169.9
1241060 1170.2
1241070 1170.3
1241080 1170.3
1241090 1170.1
1241100 1169.5
1241110 1169.5
1241120 1168.8
1241130 1168.0
1241140 1168.0
1241150 1167.7
1241160 1167.6
1241170 1167.6
1241180 1166.9
1241190 1166.5
1241200 1166.5
1241210 1165.5
1241220 1162.8
1241230 1162.8
1241240 1159.6
1241250 1156.7
1241260 1156.2
1241270 1154.2
1241280 1153.6
1241290 1153.0
1241300 1153.0
1241310 1151.0
1241320 1145.4
1241330 1145.4
1241340 1141.8
1241350 1143.8
1241360 1143.8
1241370 1142.2
1241380 1135.8
1241390 1135.8
1241400 1128.4
1241410 1123.5
1241420 1123.5
1241430 1120.7
1241440 1119.4
1241450 1119.4
1241460 1118.9
1241470 1118.5
1241480 1118.5
1241490 1118.4
1241500 1118.7
1241510 1118.7
1241520 1120.0
1241530 1121.8
1241540 1121.8
1241550 1124.3
1241560 1127.5
1241570 1130.8
1241580 1130.8
1241590 1132.8
1241600 1133.5
1241610 1133.5
1241620 1136.5
1241630 1137.9
1241640 1137.9
1241650 1140.6
1241660 1140.7
1241670 1140.7
1241680 1143.2
1241690 1147.2
1241700 1147.2
1241710 1148.3
1241720 1149.3
1241730 1149.3
1241740 1151.7
1241750 1154.3
1241760 1154.3
1241770 1156.3
1241780 1158.9
1241790 1158.9
1241800 1159.2
1241810 1157.4
1241820 1157.4
1241830 1154.1
1241840 1157.1
1241850 1160.7
1241860 1160.7
1241870 1162.8
1241880 1163.9
1241890 1163.9
1241900 1164.5
1241910 1164.7
1241920 1164.7
1241930 1164.7
1241940 1164.6
1241950 1164.6
1241960 1164.1
1241970 1160.3
1241980 1160.3
1241990 1158.6
1242000 1160.8
1242010 1160.8
1242020 1164.1
1242030 1166.7
1242040 1166.7
1242050 1167.8
1242060 1168.1
1242070 1168.1
1242080 1169.0
1242090 1169.1
1242100 1169.1
1242110 1169.3
1242120 1169.2
1242130 1169.2
1242140 1168.4
1242150 1168.0
1242160 1168.4
1242170 1168.4
1242180 1167.6
1242190 1167.4
1242200 1167.4
1242210 1167.1
1242220 1167.1
1242230 1167.1
1242240 1166.1
1242250 1164.7
1242260 1164.7
1242270 1165.4
1242280 1167.0
1242290 1167.0
1242300 1167.6
1242310 1169.4
1242320 1169.4
1242330 1170.1
1242340 1169.6
1242350 1169.6
1242360 1169.2
1242370 1169.7
1242380 1169.7
1242390 1170.2
1242400 1170.5
1242410 1170.5
1242420 1171.4
1242430 1173.2
1242440 1173.9
1242450 1173.9
1242460 1174.5
1242470 1174.9
1242480 1174.9
1242490 1174.5
1242500 1171.9
1242510 1171.9
1242520 1169.3
1242530 1167.3
1242540 1167.3
1242550 1165.9
1242560 1164.2
1242570 1164.2
1242580 1162.2
1242590 1159.9
1242600 1159.9
1242610 1157.2
1242620 1155.4
1242630 1155.4
1242640 1153.9
1242650 1152.5
1242660 1152.5
1242670 1151.3
1242680 1148.8
1242690 1148.8
1242700 1145.7
1242710 1143.9
1242720 1143.9
1242730 1142.2
1242740 1141.4
1242750 1141.1
1242760 1141.1
1242770 1140.9
1242780 1138.7
1242790 1138.7
1242800 1135.7
1242810 1133.0
1242820 1133.0
1242830 1135.0
1242840 1133.2
1242850 1133.2
1242860 1130.0
1242870 1129.5
1242880 1129.5
1242890 1129.3
1242900 1129.1
1242910 1129.1
1242920 1128.8
1242930 1128.5
1242940 1128.5
1242950 1128.3
1242960 1127.5
1242970 1127.5
1242980 1125.4
1242990 1125.4
1243000 1125.4
1243010 1126.0
1243020 1126.7
1243030 1127.6
1243040 1127.6
1243050 1128.7
1243060 1129.8
1243070 1129.8
1243080 1130.3
1243090 1132.0
1243100 1132.0
1243110 1133.0
1243120 1134.2
1243130 1134.2
1243140 1135.3
1243150 1136.3
1243160 1136.3
1243170 1137.3
1243180 1138.4
1243190 1138.4
1243200 1139.1
1243210 1140.1
1243220 1140.1
1243230 1141.5
1243240 1143.0
1243250 1143.0
1243260 1143.9
1243270 1144.8
1243280 1144.8
1243290 1145.8
1243300 1146.8
1243310 1146.8
1243320 1148.0
1243330 1149.4
1243340 1151.5
1243350 1151.5
1243360 1153.7
1243370 1154.6
1243380 1154.6
1243390 1156.0
1243400 1158.8
1243410 1158.8
1243420 1161.5
1243430 1163.9
1243440 1163.9
1243450 1165.9
1243460 1167.2
1243470 1167.2
1243480 1168.7
1243490 1170.5
1243500 1170.5
1243510 1172.1
1243520 1173.7
1243530 1173.7
1243540 1175.4
1243550 1177.2
1243560 1177.2
1243570 1179.2
1243580 1181.6
1243590 1181.6
1243600 1184.1
1243610 1185.5
1243620 1186.1
1243630 1186.1
1243640 1186.2
1243650 1186.4
1243660 1186.4
1243670 1188.4
1243680 1191.9
1243690 1191.9
1243700 1195.2
1243710 1196.8
1243720 1196.8
1243730 1199.9
1243740 1203.3
1243750 1203.3
1243760 1203.9
1243770 1205.5
1243780 1205.5
1243790 1208.9
1243800 1211.8
1243810 1211.8
1243820 1214.7
1243830 1218.2
1243840 1218.2
1243850 1220.5
1243860 1223.6
1243870 1223.6
1243880 1228.9
1243890 1227.5
1243900 1222.4
1243910 1222.4
1243920 1218.5
1243930 1212.8
1243940 1212.8
1243950 1207.4
1243960 1205.4
1243970 1205.4
1243980 1204.9
1243990 1205.2
1244000 1205.2
1244010 1202.5
1244020 1201.3
1244030 1201.3
1244040 1199.9
1244050 1200.8
1244060 1200.8
1244070 1199.3
1244080 1199.5
1244090 1199.5
1244100 1195.8
1244110 1192.0
1244120 1192.0
1244130 1188.5
1244140 1181.6
1244150 1181.6
1244160 1174.6
1244170 1172.0
1244180 1172.0
1244190 1170.2
1244200 1168.7
1244210 1171.8
1244220 1171.8
1244230 1176.5
1244240 1183.1
1244250 1183.1
1244260 1185.9
1244270 1187.2
1244280 1187.2
1244290 1188.3
1244300 1185.5
1244310 1185.5
1244320 1181.9
1244330 1180.5
1244340 1180.5
1244350 1179.2
1244360 1176.6
1244370 1176.6
1244380 1174.9
1244390 1174.8
1244400 1174.8
1244410 1177.5
1244420 1170.4
1244430 1170.4
1244440 1169.2
1244450 1168.2
1244460 1168.2
1244470 1167.8
1244480 1168.3
1244490 1168.1
1244500 1168.1
1244510 1168.4
1244520 1166.5
1244530 1166.5
1244540 1165.8
1244550 1166.2
1244560 1166.2
1244570 1167.2
1244580 1169.3
1244590 1169.3
1244600 1169.8
1244610 1166.4
1244620 1166.4
1244630 1164.8
1244640 1164.7
1244650 1164.7
1244660 1165.1
1244670 1161.1
1244680 1161.1
1244690 1156.6
1244700 1154.7
1244710 1154.7
1244720 1155.3
1244730 1155.8
1244740 1155.8
1244750 1151.5
1244760 1150.5
1244770 1150.5
1244780 1152.0
1244790 1153.7
1244800 1155.4
1244810 1155.4
1244820 1153.5
1244830 1151.6
1244840 1151.6
1244850 1150.0
1244860 1147.3
1244870 1147.3
1244880 1144.3
1244890 1142.2
1244900 1142.2
1244910 1141.2
1244920 1141.1
1244930 1141.1
1244940 1139.9
1244950 1136.7
1244960 1136.7
1244970 1136.2
1244980 1135.9
1244990 1135.9
1245000 1135.6
1245010 1135.3
1245020 1135.3
1245030 1134.6
1245040 1133.9
1245050 1133.9
1245060 1133.4
1245070 1133.0
1245080 1132.7
1245090 1132.7
1245100 1132.3
1245110 1131.9
1245120 1131.9
1245130 1131.5
1245140 1131.1
1245150 1131.1
1245160 1130.7
1245170 1130.2
1245180 1130.2
1245190 1129.6
1245200 1129.1
1245210 1129.1
1245220 1128.8
1245230 1128.7
1245240 1128.7
1245250 1129.0
1245260 1130.0
1245270 1130.0
1245280 1131.5
1245290 1132.1
1245300 1132.1
1245310 1132.7
1245320 1134.4
1245330 1134.4
1245340 1138.1
1245350 1140.7
1245360 1140.7
1245370 1141.8
1245380 1143.6
1245390 1143.4
1245400 1143.4
1245410 1142.4
1245420 1141.8
1245430 1141.8
1245440 1144.1
1245450 1148.2
1245460 1148.2
1245470 1152.4
1245480 1159.1
1245490 1159.1
1245500 1159.1
1245510 1159.9
1245520 1159.9
1245530 1162.7
1245540 1166.5
1245550 1166.5
1245560 1170.4
1245570 1174.3
1245580 1174.3
1245590 1176.5
1245600 1178.0
1245610 1178.0
1245620 1181.2
1245630 1182.0
1245640 1182.0
1245650 1185.4
1245660 1192.6
1245670 1198.5
1245680 1198.5
1245690 1202.7
1245700 1205.2
1245710 1205.2
1245720 1208.0
1245730 1212.3
1245740 1212.3
1245750 1216.5
1245760 1219.7
1245770 1219.7
1245780 1223.3
1245790 1227.3
1245800 1227.3
1245810 1229.9
1245820 1226.4
1245830 1226.4
1245840 1222.1
1245850 1225.9
1245860 1225.9
1245870 1233.6
1245880 1234.0
1245890 1234.0
1245900 1234.6
1245910 1235.5
1245920 1235.5
1245930 1236.2
1245940 1233.1
1245950 1231.8
1245960 1231.8
1245970 1236.2
1245980 1245.1
1245990 1245.1
1246000 1255.0
1246010 1267.1
1246020 1263.9
1246030 1272.0
1246040 1275.9
1246050 1275.9
1246060 1277.2
1246070 1278.4
1246080 1278.4
1246090 1281.0
1246100 1282.6
1246110 1282.6
1246120 1284.9
1246130 1286.8
1246140 1286.8
1246150 1287.9
1246160 1287.4
1246170 1287.4
1246180 1283.8
1246190 1285.9
1246200 1285.9
1246210 1289.4
1246220 1292.6
1246230 1292.6
1246240 1295.6
1246250 1302.1
1246260 1306.4
1246270 1306.4
1246280 1302.8
1246290 1296.5
1246300 1296.5
1246310 1292.5
1246320 1290.8
1246330 1290.8
1246340 1292.1
1246350 1295.2
1246360 1295.2
1246370 1297.5
1246380 1300.5
1246390 1300.5
1246400 1305.2
1246410 1312.4
1246420 1312.4
1246430 1313.2
1246440 1311.5
1246450 1311.5
1246460 1311.3
1246470 1312.6
1246480 1312.6
1246490 1314.4
1246500 1311.6
1246510 1311.6
1246520 1308.8
1246530 1296.2
1246540 1290.9
1246550 1297.3
1246560 1291.8
1246570 1286.8
1246580 1286.8
1246590 1282.9
1246600 1288.8
1246610 1288.8
1246620 1296.3
1246630 1304.3
1246640 1304.3
1246650 1313.4
1246660 1322.7
1246670 1322.7
1246680 1327.1
1246690 1329.5
1246700 1329.5
1246710 1329.7
1246720 1329.8
1246730 1329.8
1246740 1328.9
1246750 1326.9
1246760 1326.9
1246770 1327.2
1246780 1325.8
1246790 1325.8
1246800 1315.2
1246810 1307.3
1246820 1307.3
1246830 1301.4
1246840 1298.8
1246850 1299.0
1246860 1299.0
1246870 1300.3
1246880 1302.6
1246890 1302.6
1246900 1300.7
1246910 1298.5
1246920 1298.5
1246930 1297.7
1246940 1295.3
1246950 1295.3
1246960 1291.6
1246970 1291.0
1246980 1291.0
1246990 1294.7
1247000 1298.6
1247010 1298.6
1247020 1301.4
1247030 1305.9
1247040 1305.9
1247050 1307.2
1247060 1309.4
1247070 1309.4
1247080 1318.0
1247090 1336.2
1247100 1336.2
1247110 1344.3
1247120 1352.5
1247130 1352.6
1247140 1352.6
1247150 1354.5
1247160 1361.6
1247170 1361.6
1247180 1361.8
1247190 1358.4
1247200 1358.4
1247210 1356.7
1247220 1355.0
1247230 1355.0
1247240 1351.6
1247250 1345.7
1247260 1345.7
1247270 1337.8
1247280 1325.6
1247290 1325.6
1247300 1323.8
1247310 1329.6
1247320 1329.6
1247330 1334.7
1247340 1337.0
1247350 1337.0
1247360 1337.4
1247370 1336.9
1247380 1336.9
1247390 1336.5
1247400 1335.6
1247410 1334.5
1247420 1334.5
1247430 1333.8
1247440 1333.3
1247450 1333.3
1247460 1332.5
1247470 1331.9
1247480 1331.9
1247490 1331.2
1247500 1330.2
1247510 1330.2
1247520 1329.0
1247530 1327.6
1247540 1327.6
1247550 1326.3
1247560 1325.4
1247570 1325.4
1247580 1323.7
1247590 1321.9
1247600 1321.9
1247610 1319.8
1247620 1317.7
1247630 1323.0
1247640 1320.9
1247650 1317.9
1247660 1317.9
1247670 1314.0
1247680 1309.4
1247690 1309.4
1247700 1304.4
1247710 1299.6
1247720 1294.8
1247730 1294.8
1247740 1290.0
1247750 1284.7
1247760 1284.7
1247770 1278.9
1247780 1272.4
1247790 1272.4
1247800 1266.9
1247810 1262.4
1247820 1262.4
1247830 1259.5
1247840 1257.1
1247850 1257.1
1247860 1253.1
1247870 1247.3
1247880 1247.3
1247890 1242.2
1247900 1237.9
1247910 1237.9
1247920 1232.7
1247930 1226.9
1247940 1226.9
1247950 1223.6
1247960 1221.4
1247970 1221.4
1247980 1217.0
1247990 1212.3
1248000 1207.9
1248010 1207.9
1248020 1203.9
1248030 1200.7
1248040 1200.7
1248050 1197.0
1248060 1193.2
1248070 1193.2
1248080 1188.7
1248090 1183.5
1248100 1183.5
1248110 1178.7
1248120 1173.5
1248130 1173.5
1248140 1167.3
1248150 1161.0
1248160 1161.0
1248170 1165.8
1248180 1166.8
1248190 1166.8
1248200 1166.1
1248210 1165.8
1248220 1165.8
1248230 1164.3
1248240 1168.5
1248250 1168.5
1248260 1171.7
1248270 1170.1
1248280 1170.1
1248290 1166.1
1248300 1166.4
1248310 1168.3
1248320 1168.3
1248330 1166.7
1248340 1161.8
1248350 1161.8
1248360 1157.4
1248370 1159.0
1248380 1159.0
1248390 1158.4
1248400 1159.5
1248410 1159.5
1248420 1162.5
1248430 1161.9
1248440 1161.9
1248450 1160.7
1248460 1158.4
1248470 1158.4
1248480 1159.3
1248490 1160.3
1248500 1160.3
1248510 1160.0
1248520 1158.9
1248530 1158.9
1248540 1158.9
1248550 1157.9
1248560 1157.9
1248570 1156.2
1248580 1156.5
1248590 1154.9
1248600 1154.9
1248610 1153.8
1248620 1153.0
1248630 1153.0
1248640 1151.6
1248650 1149.8
1248660 1149.8
1248670 1148.7
1248680 1146.3
1248690 1146.3
1248700 1144.8
1248710 1146.6
1248720 1146.6
1248730 1143.9
1248740 1141.0
1248750 1141.0
1248760 1138.8
1248770 1139.3
1248780 1139.3
1248790 1136.8
1248800 1132.9
1248810 1132.9
1248820 1129.3
1248830 1125.7
1248840 1125.7
1248850 1121.8
1248860 1118.5
1248870 1115.1
1248880 1115.1
1248890 1109.7
1248900 1104.9
1248910 1104.9
1248920 1101.1
1248930 1099.2
1248940 1099.2
1248950 1099.4
1248960 1102.0
1248970 1102.0
1248980 1101.6
1248990 1100.1
1249000 1100.1
1249010 1097.0
1249020 1095.6
1249030 1095.6
1249040 1097.0
1249050 1095.3
1249060 1095.3
1249070 1092.3
1249080 1090.6
1249090 1090.6
1249100 1089.1
1249110 1085.4
1249120 1085.4
1249130 1080.5
1249140 1074.5
1249150 1074.5
1249160 1067.2
1249170 1067.0
1249180 1067.3
1249190 1067.3
1249200 1064.7
1249210 1060.5
1249220 1060.5
1249230 1055.3
1249240 1050.0
1249250 1052.4
1249260 1047.7
1249270 1043.0
1249280 1043.0
1249290 1039.0
1249300 1036.5
1249310 1036.5
1249320 1034.1
1249330 1031.8
1249340 1031.8
1249350 1030.3
1249360 1028.7
1249370 1028.7
1249380 1026.9
1249390 1026.5
1249400 1026.5
1249410 1024.8
1249420 1021.4
1249430 1021.4
1249440 1023.4
1249450 1027.4
1249460 1028.8
1249470 1028.8
1249480 1030.3
1249490 1031.6
1249500 1031.6
1249510 1031.6
1249520 1030.3
1249530 1030.3
1249540 1026.8
1249550 1020.7
1249560 1020.7
1249570 1016.8
1249580 1016.3
1249590 1016.3
1249600 1016.2
1249610 1016.2
1249620 1016.2
1249630 1016.2
1249640 1016.0
1249650 1016.0
1249660 1015.8
1249670 1015.7
1249680 1015.7
1249690 1015.6
1249700 1015.7
1249710 1015.7
1249720 1015.7
1249730 1015.9
1249740 1015.9
1249750 1016.1
1249760 1016.3
1249770 1016.4
1249780 1016.4
1249790 1015.5
1249800 1015.2
1249810 1015.2
1249820 1015.1
1249830 1015.0
1249840 1015.0
1249850 1014.9
1249860 1014.9
1249870 1014.9
1249880 1015.0
1249890 1014.9
1249900 1014.9
1249910 1015.4
1249920 1015.3
1249930 1015.3
1249940 1014.9
1249950 1014.7
1249960 1014.7
1249970 1014.5
1249980 1014.4
1249990 1014.4
1250000 1014.4
1250010 1014.4
1250020 1014.4
1250030 1014.4
1250040 1014.3
1250050 1014.3
1250060 1014.3
1250070 1014.2
1250080 1014.1
1250090 1014.1
1250100 1014.0
1250110 1013.9
1250120 1013.9
1250130 1013.9
1250140 1013.8
1250150 1013.8
1250160 1013.8
1250170 1013.7
1250180 1013.7
1250190 1013.7
1250200 1013.6
1250210 1013.6
1250220 1013.5
1250230 1014.0
1250240 1014.0
1250250 1016.2
1250260 1017.1
1250270 1017.1
1250280 1018.6
1250290 1020.3
1250300 1020.3
1250310 1022.3
1250320 1024.1
1250330 1025.7
1250340 1027.9
1250350 1029.4
1250360 1031.7
1250370 1031.7
1250380 1033.8
1250390 1036.2
1250400 1036.2
1250410 1038.8
1250420 1041.6
1250430 1041.6
1250440 1045.2
1250450 1049.3
1250460 1049.3
1250470 1050.4
1250480 1053.8
1250490 1053.8
1250500 1059.4
1250510 1065.8
1250520 1065.8
1250530 1072.4
1250540 1078.6
1250550 1078.6
1250560 1081.8
1250570 1085.2
1250580 1085.2
1250590 1091.3
1250600 1097.8
1250610 1097.8
1250620 1104.1
1250630 1105.9
1250640 1108.1
1250650 1108.1
1250660 1114.6
1250670 1126.0
1250680 1126.0
1250690 1136.7
1250700 1145.5
1250710 1145.5
1250720 1152.4
1250730 1157.5
1250740 1157.5
1250750 1163.0
1250760 1164.3
1250770 1164.3
1250780 1167.0
1250790 1174.9
1250800 1174.9
1250810 1181.5
1250820 1186.6
1250830 1186.6
1250840 1191.8
1250850 1196.9
1250860 1196.9
1250870 1202.0
1250880 1204.0
1250890 1204.0
1250900 1203.5
1250910 1204.2
1250920 1206.4
1250930 1206.4
1250940 1208.7
1250950 1211.5
1250960 1211.5
1250970 1215.2
1250980 1218.2
1250990 1218.2
1251000 1221.6
1251010 1226.6
1251020 1226.6
1251030 1231.2
1251040 1235.4
1251050 1235.4
1251060 1240.4
1251070 1244.3
1251080 1244.3
1251090 1247.0
1251100 1249.5
1251110 1249.5
1251120 1251.6
1251130 1253.2
1251140 1253.2
1251150 1254.8
1251160 1252.2
1251170 1252.2
1251180 1249.2
1251190 1251.9
1251200 1251.9
1251210 1258.8
1251220 1266.5
1251230 1272.9
1251240 1272.9
1251250 1277.4
1251260 1282.7
1251270 1282.7
1251280 1286.9
1251290 1290.1
1251300 1290.1
1251310 1292.5
1251320 1292.4
1251330 1292.4
1251340 1291.6
1251350 1292.0
1251360 1292.0
1251370 1293.6
1251380 1296.0
1251390 1296.0
1251400 1298.2
1251410 1300.6
1251420 1300.6
1251430 1307.0
1251440 1311.1
1251450 1311.1
1251460 1314.9
1251470 1315.4
1251480 1315.4
1251490 1315.6
1251500 1319.6
1251510 1322.2
1251520 1322.2
1251530 1324.6
1251540 1327.5
1251550 1327.5
1251560 1329.9
1251570 1332.1
1251580 1332.1
1251590 1334.1
1251600 1336.3
1251610 1336.3
1251620 1339.1
1251630 1342.6
1251640 1342.6
1251650 1344.8
1251660 1346.4
1251670 1346.4
1251680 1347.0
1251690 1347.6
1251700 1347.6
1251710 1353.3
1251720 1357.4
1251730 1357.4
1251740 1358.9
1251750 1361.7
1251760 1361.7
1251770 1364.7
1251780 1366.0
1251790 1365.9
1251800 1365.9
1251810 1367.0
1251820 1367.1
1251830 1367.1
1251840 1365.4
1251850 1364.7
1251860 1364.7
1251870 1365.3
1251880 1365.0
1251890 1365.0
1251900 1363.9
1251910 1361.4
1251920 1361.4
1251930 1359.2
1251940 1357.8
1251950 1357.8
1251960 1355.9
1251970 1354.3
1251980 1358.8
1251990 1355.6
1252000 1350.3
1252010 1350.3
1252020 1344.6
1252030 1342.3
1252040 1342.3
1252050 1341.8
1252060 1338.9
1252070 1338.9
1252080 1335.0
1252090 1330.0
1252100 1323.2
1252110 1323.2
1252120 1318.5
1252130 1315.2
1252140 1315.2
1252150 1312.3
1252160 1308.2
1252170 1308.2
1252180 1302.7
1252190 1298.1
1252200 1298.1
1252210 1295.1
1252220 1289.4
1252230 1289.4
1252240 1282.6
1252250 1277.3
1252260 1277.3
1252270 1273.0
1252280 1270.6
1252290 1270.6
1252300 1267.2
1252310 1262.1
1252320 1262.1
1252330 1255.3
1252340 1249.4
1252350 1249.4
1252360 1243.6
1252370 1238.3
1252380 1233.8
1252390 1233.8
1252400 1229.4
1252410 1226.5
1252420 1226.5
1252430 1227.0
1252440 1224.8
1252450 1224.8
1252460 1222.3
1252470 1218.8
1252480 1218.8
1252490 1212.3
1252500 1205.4
1252510 1205.4
1252520 1199.0
1252530 1191.1
1252540 1191.1
1252550 1184.7
1252560 1186.7
1252570 1186.7
1252580 1182.3
1252590 1174.5
1252600 1174.5
1252610 1167.2
1252620 1161.8
1252630 1161.8
1252640 1157.1
1252650 1155.2
1252660 1155.2
1252670 1157.2
1252680 1163.8
1252690 1170.4
1252700 1170.4
1252710 1174.0
1252720 1177.3
1252730 1177.3
1252740 1182.3
1252750 1188.0
1252760 1188.0
1252770 1194.1
1252780 1199.8
1252790 1199.8
1252800 1203.1
1252810 1205.7
1252820 1205.7
1252830 1208.5
1252840 1210.9
1252850 1210.9
1252860 1212.8
1252870 1213.7
1252880 1213.7
1252890 1214.8
1252900 1215.6
1252910 1215.6
1252920 1217.5
1252930 1220.6
1252940 1220.6
1252950 1220.7
1252960 1219.2
1252970 1218.9
1252980 1218.9
1252990 1219.6
1253000 1220.3
1253010 1220.3
1253020 1220.9
1253030 1222.1
1253040 1222.1
1253050 1223.5
1253060 1225.8
1253070 1225.8
1253080 1238.4
1253090 1244.4
1253100 1244.4
1253110 1249.4
1253120 1255.4
1253130 1255.4
1253140 1262.9
1253150 1271.0
1253160 1271.0
1253170 1278.0
1253180 1284.0
1253190 1284.0
1253200 1290.3
1253210 1296.8
1253220 1296.8
1253230 1303.5
1253240 1310.2
1253250 1315.8
1253260 1315.8
1253270 1321.3
1253280 1326.6
1253290 1326.6
1253300 1331.9
1253310 1338.6
1253320 1338.6
1253330 1346.7
1253340 1354.1
1253350 1354.1
1253360 1361.9
1253370 1369.5
1253380 1369.5
1253390 1376.6
1253400 1383.1
1253410 1383.1
1253420 1389.5
1253430 1394.9
1253440 1394.9
1253450 1400.0
1253460 1404.8
1253470 1404.8
1253480 1409.3
1253490 1413.8
1253500 1413.8
1253510 1419.2
1253520 1425.5
1253530 1425.5
1253540 1432.2
1253550 1438.9
1253560 1446.1
1253570 1446.1
1253580 1453.4
1253590 1461.2
1253600 1461.2
1253610 1469.8
1253620 1477.9
1253630 1473.1
1253640 1473.9
1253650 1475.5
1253660 1475.5
1253670 1479.6
1253680 1487.2
1253690 1487.2
1253700 1493.8
1253710 1501.2
1253720 1501.2
1253730 1506.4
1253740 1511.2
1253750 1511.2
1253760 1517.2
1253770 1523.7
1253780 1523.7
1253790 1530.0
1253800 1536.7
1253810 1536.7
1253820 1544.1
1253830 1553.1
1253840 1562.8
1253850 1562.8
1253860 1570.0
1253870 1573.6
1253880 1573.6
1253890 1576.2
1253900 1579.7
1253910 1579.7
1253920 1584.7
1253930 1590.5
1253940 1590.5
1253950 1592.9
1253960 1594.5
1253970 1594.5
1253980 1597.7
1253990 1604.1
1254000 1604.1
1254010 1612.4
1254020 1619.9
1254030 1619.9
1254040 1626.3
1254050 1633.1
1254060 1633.1
1254070 1641.5
1254080 1650.4
1254090 1650.4
1254100 1657.1
1254110 1660.3
1254120 1660.3
1254130 1663.8
1254140 1670.0
1254150 1677.8
1254160 1677.8
1254170 1683.9
1254180 1688.4
1254190 1688.4
1254200 1693.2
1254210 1699.5
1254220 1699.5
1254230 1705.3
1254240 1710.2
1254250 1710.2
1254260 1714.9
1254270 1717.8
1254280 1717.8
1254290 1719.3
1254300 1720.5
1254310 1720.5
1254320 1720.7
1254330 1721.6
1254340 1721.6
1254350 1723.8
1254360 1727.3
1254370 1727.3
1254380 1730.2
1254390 1733.8
1254400 1733.8
1254410 1738.1
1254420 1739.9
1254430 1740.7
1254440 1740.7
1254450 1742.2
1254460 1744.0
1254470 1744.0
1254480 1744.2
1254490 1742.3
1254500 1742.3
1254510 1738.3
1254520 1734.1
1254530 1734.1
1254540 1729.4
1254550 1722.8
1254560 1722.8
1254570 1715.1
1254580 1707.8
1254590 1707.8
1254600 1700.0
1254610 1692.8
1254620 1692.8
1254630 1687.3
1254640 1680.3
1254650 1680.3
1254660 1671.1
1254670 1661.6
1254680 1661.6
1254690 1656.4
1254700 1651.6
1254710 1643.2
1254720 1643.2
1254730 1633.0
1254740 1628.0
1254750 1628.0
1254760 1619.1
1254770 1611.6
1254780 1611.6
1254790 1603.6
1254800 1594.4
1254810 1594.4
1254820 1586.9
1254830 1580.9
1254840 1580.9
1254850 1575.3
1254860 1569.5
1254870 1569.5
1254880 1563.9
1254890 1558.9
1254900 1558.9
1254910 1553.9
1254920 1550.7
1254930 1550.7
1254940 1547.4
1254950 1539.7
1254960 1539.7
1254970 1534.7
1254980 1533.6
1254990 1533.6
1255000 1538.1
1255010 1540.9
1255020 1539.6
1255030 1539.6
1255040 1534.7
1255050 1529.7
1255060 1529.7
1255070 1522.5
1255080 1515.2
1255090 1515.2
1255100 1507.7
1255110 1500.3
1255120 1500.3
1255130 1493.5
1255140 1486.8
1255150 1486.8
1255160 1479.9
1255170 1472.9
1255180 1472.9
1255190 1466.5
1255200 1460.3
1255210 1460.3
1255220 1454.9
1255230 1451.0
1255240 1451.0
1255250 1448.3
1255260 1445.9
1255270 1445.9
1255280 1443.4
1255290 1443.5
1255300 1439.4
1255310 1439.4
1255320 1434.4
1255330 1428.9
1255340 1428.9
1255350 1423.4
1255360 1418.3
1255370 1418.3
1255380 1412.0
1255390 1404.8
1255400 1404.8
1255410 1397.8
1255420 1390.8
1255430 1390.8
1255440 1383.4
1255450 1375.6
1255460 1375.6
1255470 1367.3
1255480 1358.7
1255490 1358.7
1255500 1353.1
1255510 1354.9
1255520 1354.9
1255530 1359.7
1255540 1366.2
1255550 1366.2
1255560 1373.1
1255570 1379.6
1255580 1379.6
1255590 1385.1
1255600 1391.4
1255610 1397.8
1255620 1397.8
1255630 1404.2
1255640 1410.9
1255650 1410.9
1255660 1417.2
1255670 1423.4
1255680 1423.4
1255690 1429.9
1255700 1436.7
1255710 1436.7
1255720 1443.2
1255730 1449.7
1255740 1449.7
1255750 1456.2
1255760 1463.0
1255770 1463.0
1255780 1470.4
1255790 1477.8
1255800 1477.8
1255810 1484.0
1255820 1490.1
1255830 1490.1
1255840 1496.0
1255850 1503.9
1255860 1503.9
1255870 1510.2
1255880 1517.0
1255890 1523.6
1255900 1523.6
1255910 1530.8
1255920 1538.0
1255930 1538.0
1255940 1544.3
1255950 1550.6
1255960 1550.6
1255970 1556.5
1255980 1558.0
1255990 1558.0
1256000 1553.3
1256010 1551.4
1256020 1551.4
1256030 1552.9
1256040 1550.7
1256050 1550.7
1256060 1547.1
1256070 1547.7
1256080 1547.7
1256090 1552.0
1256100 1561.5
1256110 1561.5
1256120 1564.9
1256130 1558.9
1256140 1558.9
1256150 1550.0
1256160 1545.2
1256170 1547.0
1256180 1547.0
1256190 1548.2
1256200 1540.0
1256210 1540.0
1256220 1532.1
1256230 1525.4
1256240 1525.4
1256250 1515.8
1256260 1506.9
1256270 1506.9
1256280 1507.9
1256290 1514.6
1256300 1514.6
1256310 1521.1
1256320 1529.0
1256330 1529.0
1256340 1535.3
1256350 1540.8
1256360 1540.8
1256370 1545.7
1256380 1550.2
1256390 1550.2
1256400 1554.3
1256410 1563.8
1256420 1563.8
1256430 1565.9
1256440 1569.2
1256450 1569.2
1256460 1572.2
1256470 1572.6
1256480 1574.2
1256490 1574.2
1256500 1577.6
1256510 1580.2
1256520 1580.2
1256530 1584.0
1256540 1590.7
1256550 1590.7
1256560 1597.5
1256570 1603.0
1256580 1603.0
1256590 1608.5
1256600 1613.9
1256610 1613.9
1256620 1619.0
1256630 1623.9
1256640 1623.9
1256650 1629.2
1256660 1632.9
1256670 1632.9
1256680 1634.0
1256690 1634.3
1256700 1634.3
1256710 1633.9
1256720 1632.6
1256730 1632.6
1256740 1629.9
1256750 1627.4
1256760 1624.5
1256770 1624.5
1256780 1622.2
1256790 1619.3
1256800 1619.3
1256810 1614.1
1256820 1609.1
1256830 1609.1
1256840 1606.8
1256850 1606.4
1256860 1606.4
1256870 1605.4
1256880 1602.2
1256890 1602.2
1256900 1597.6
1256910 1592.1
1256920 1592.1
1256930 1586.3
1256940 1579.6
1256950 1579.6
1256960 1572.2
1256970 1564.3
1256980 1564.3
1256990 1556.4
1257000 1549.1
1257010 1549.1
1257020 1541.5
1257030 1535.5
1257040 1528.1
1257050 1528.1
1257060 1520.5
1257070 1514.3
1257080 1514.3
1257090 1507.5
1257100 1500.3
1257110 1500.3
1257120 1495.2
1257130 1491.8
1257140 1491.8
1257150 1488.2
1257160 1483.9
1257170 1483.9
1257180 1479.3
1257190 1473.7
1257200 1473.7
1257210 1466.4
1257220 1457.0
1257230 1457.0
1257240 1446.6
1257250 1442.2
1257260 1442.2
1257270 1440.2
1257280 1437.8
1257290 1437.8
1257300 1432.3
1257310 1426.4
1257320 1426.4
1257330 1420.8
1257340 1415.6
1257350 1410.0
1257360 1410.0
1257370 1404.2
1257380 1397.8
1257390 1397.8
1257400 1391.5
1257410 1385.9
1257420 1385.9
1257430 1379.2
1257440 1373.3
1257450 1373.3
1257460 1367.7
1257470 1362.1
1257480 1362.1
1257490 1356.1
1257500 1350.4
1257510 1350.4
1257520 1345.1
1257530 1340.1
1257540 1340.1
1257550 1335.0
1257560 1330.0
1257570 1330.0
1257580 1322.9
1257590 1314.1
1257600 1314.1
1257610 1306.4
1257620 1298.7
1257630 1292.1
1257640 1292.1
1257650 1291.9
1257660 1293.7
1257670 1293.7
1257680 1292.0
1257690 1288.5
1257700 1288.5
1257710 1285.9
1257720 1281.2
1257730 1281.2
1257740 1279.2
1257750 1276.0
1257760 1276.0
1257770 1273.4
1257780 1271.5
1257790 1271.5
1257800 1269.3
1257810 1267.4
1257820 1267.4
1257830 1262.2
1257840 1255.8
1257850 1255.8
1257860 1250.7
1257870 1246.1
1257880 1246.1
1257890 1242.5
1257900 1236.6
1257910 1236.6
1257920 1230.6
1257930 1227.8
1257940 1226.4
1257950 1226.4
1257960 1221.7
1257970 1215.8
1257980 1215.8
1257990 1209.8
1258000 1205.9
1258010 1205.9
1258020 1203.3
1258030 1200.1
1258040 1200.1
1258050 1196.4
1258060 1194.4
1258070 1194.4
1258080 1193.2
1258090 1194.9
1258100 1194.9
1258110 1187.1
1258120 1181.4
1258130 1181.4
1258140 1178.8
1258150 1175.4
1258160 1175.4
1258170 1172.2
1258180 1172.4
1258190 1172.4
1258200 1173.9
1258210 1174.2
1258220 1175.0
1258230 1175.0
1258240 1175.6
1258250 1174.1
1258260 1174.1
1258270 1172.0
1258280 1171.0
1258290 1171.0
1258300 1167.5
1258310 1163.1
1258320 1163.1
1258330 1159.2
1258340 1155.5
1258350 1155.5
1258360 1151.6
1258370 1147.3
1258380 1147.3
1258390 1143.5
1258400 1139.6
1258410 1139.6
1258420 1137.2
1258430 1137.0
1258440 1137.0
1258450 1141.5
1258460 1146.0
1258470 1146.0
1258480 1149.8
1258490 1149.5
1258500 1148.4
1258510 1148.4
1258520 1151.1
1258530 1155.8
1258540 1155.8
1258550 1158.4
1258560 1158.9
1258570 1158.9
1258580 1158.5
1258590 1155.1
1258600 1155.1
1258610 1155.0
1258620 1156.7
1258630 1156.7
1258640 1159.9
1258650 1161.7
1258660 1161.7
1258670 1160.4
1258680 1160.6
1258690 1160.6
1258700 1160.4
1258710 1159.9
1258720 1159.9
1258730 1158.7
1258740 1157.3
1258750 1157.3
1258760 1156.3
1258770 1155.1
1258780 1155.1
1258790 1154.3
1258800 1154.3
1258810 1152.0
1258820 1152.0
1258830 1145.9
1258840 1141.2
1258850 1141.2
1258860 1138.7
1258870 1136.9
1258880 1136.9
1258890 1132.5
1258900 1128.7
1258910 1128.7
1258920 1126.9
1258930 1124.5
1258940 1124.5
1258950 1124.6
1258960 1124.5
1258970 1124.5
1258980 1121.6
1258990 1117.3
1259000 1117.3
1259010 1113.0
1259020 1108.6
1259030 1108.6
1259040 1093.9
1259050 1093.6
1259060 1093.6
1259070 1110.7
1259080 1115.2
1259090 1118.2
1259100 1118.2
1259110 1120.9
1259120 1123.5
1259130 1123.5
1259140 1127.3
1259150 1131.5
1259160 1131.5
1259170 1136.3
1259180 1141.3
1259190 1141.3
1259200 1146.3
1259210 1149.2
1259220 1147.6
1259230 1150.2
1259240 1154.0
1259250 1154.0
1259260 1157.5
1259270 1160.7
1259280 1160.7
1259290 1163.4
1259300 1167.6
1259310 1167.6
1259320 1173.1
1259330 1177.5
1259340 1177.5
1259350 1179.3
1259360 1180.7
1259370 1180.7
1259380 1182.5
1259390 1184.4
1259400 1186.2
1259410 1186.2
1259420 1187.8
1259430 1189.5
1259440 1189.5
1259450 1188.9
1259460 1192.5
1259470 1192.5
1259480 1197.7
1259490 1201.3
1259500 1201.3
1259510 1202.9
1259520 1203.8
1259530 1203.8
1259540 1207.3
1259550 1211.9
1259560 1211.9
1259570 1215.6
1259580 1218.5
1259590 1218.5
1259600 1220.9
1259610 1224.3
1259620 1224.3
1259630 1227.5
1259640 1230.5
1259650 1230.5
1259660 1233.6
1259670 1236.2
1259680 1240.9
1259690 1240.9
1259700 1246.2
1259710 1251.2
1259720 1251.2
1259730 1256.0
1259740 1260.8
1259750 1260.8
1259760 1265.3
1259770 1269.7
1259780 1269.7
1259790 1270.9
1259800 1274.3
1259810 1274.3
1259820 1278.5
1259830 1282.8
1259840 1282.8
1259850 1286.4
1259860 1289.5
1259870 1289.5
1259880 1292.2
1259890 1294.4
1259900 1294.4
1259910 1297.7
1259920 1301.9
1259930 1301.9
1259940 1305.7
1259950 1310.0
1259960 1315.3
1259970 1315.3
1259980 1320.1
1259990 1324.4
