1240000 1142.9
1240010 1142.9
1240020 1146.0
1240030 1150.6
1240040 1154.5
1240050 1155.2
1240060 1153.4
1240070 1148.0
1240080 1148.0
1240090 1142.7
1240100 1142.0
1240110 1142.0
1240120 1141.9
1240130 1142.1
1240140 1142.1
1240150 1142.3
1240160 1142.4
1240170 1142.4
1240180 1142.4
1240190 1142.6
1240200 1142.6
1240210 1142.8
1240220 1142.6
1240230 1142.6
1240240 1142.3
1240250 1142.3
1240260 1142.3
1240270 1142.1
1240280 1142.2
1240290 1142.2
1240300 1143.1
1240310 1142.8
1240320 1142.8
1240330 1142.1
1240340 1142.0
1240350 1141.8
1240360 1141.8
1240370 1141.5
1240380 1141.3
1240390 1141.3
1240400 1141.2
1240410 1141.1
1240420 1141.1
1240430 1141.1
1240440 1140.6
1240450 1140.6
1240460 1140.7
1240470 1140.4
1240480 1140.4
1240490 1140.2
1240500 1140.1
1240510 1140.1
1240520 1140.1
1240530 1140.1
1240540 1140.1
1240550 1140.0
1240560 1139.9
1240570 1140.0
1240580 1140.1
1240590 1139.9
1240600 1139.9
1240610 1138.5
1240620 1136.6
1240630 1136.2
1240640 1136.2
1240650 1137.3
1240660 1137.9
1240670 1137.9
1240680 1139.4
1240690 1143.3
1240700 1143.3
1240710 1148.8
1240720 1154.5
1240730 1154.5
1240740 1156.8
1240750 1157.0
1240760 1157.0
1240770 1157.6
1240780 1158.7
1240790 1158.7
1240800 1159.1
1240810 1158.9
1240820 1158.9
1240830 1158.7
1240840 1158.2
1240850 1158.2
1240860 1158.0
1240870 1157.4
1240880 1157.4
1240890 1157.1
1240900 1157.7
1240910 1157.7
1240920 1158.6
1240930 1159.5
1240940 1160.2
1240950 1160.2
1240960 1160.6
1240970 1160.7
1240980 1160.7
1240990 1160.3
1241000 1159.7
1241010 1159.7
1241020 1158.7
1241030 1157.7
1241040 1157.7
1241050 1156.1
1241060 1154.4
1241070 1154.4
1241080 1153.3
1241090 1152.5
1241100 1152.5
1241110 1152.9
1241120 1153.6
1241130 1153.6
1241140 1154.2
1241150 1154.7
1241160 1154.7
1241170 1154.6
1241180 1154.0
1241190 1154.0
1241200 1153.1
1241210 1151.7
1241220 1150.3
1241230 1150.3
1241240 1149.1
1241250 1148.7
1241260 1148.7
1241270 1149.4
1241280 1150.3
1241290 1150.3
1241300 1150.9
1241310 1151.7
1241320 1151.7
1241330 1152.4
1241340 1152.8
1241350 1152.8
1241360 1152.8
1241370 1153.1
1241380 1153.1
1241390 1154.0
1241400 1155.1
1241410 1155.1
1241420 1156.1
1241430 1156.9
1241440 1156.9
1241450 1157.5
1241460 1157.9
1241470 1157.9
1241480 1158.0
1241490 1158.0
1241500 1158.0
1241510 1157.8
1241520 1157.2
1241530 1155.6
1241540 1155.6
1241550 1149.9
1241560 1143.9
1241570 1143.9
1241580 1141.5
1241590 1142.3
1241600 1142.3
1241610 1144.0
1241620 1138.0
1241630 1138.0
1241640 1135.7
1241650 1134.0
1241660 1134.0
1241670 1129.9
1241680 1125.5
1241690 1125.5
1241700 1122.6
1241710 1119.0
1241720 1119.0
1241730 1115.5
1241740 1113.1
1241750 1113.1
1241760 1112.7
1241770 1112.7
1241780 1112.7
1241790 1112.7
1241800 1112.7
1241810 1112.7
1241820 1112.7
1241830 1112.7
1241840 1113.2
1241850 1113.2
1241860 1114.5
1241870 1116.2
1241880 1116.2
1241890 1119.0
1241900 1123.1
1241910 1123.1
1241920 1126.8
1241930 1131.3
1241940 1131.3
1241950 1135.8
1241960 1139.9
1241970 1139.9
1241980 1142.4
1241990 1144.0
1242000 1144.0
1242010 1139.8
1242020 1134.5
1242030 1134.5
1242040 1130.5
1242050 1127.1
1242060 1127.1
1242070 1123.6
1242080 1121.4
1242090 1121.4
1242100 1123.0
1242110 1125.4
1242120 1127.9
1242130 1127.9
1242140 1134.1
1242150 1136.7
1242160 1136.7
1242170 1138.7
1242180 1141.1
1242190 1141.1
1242200 1142.4
1242210 1142.7
1242220 1142.7
1242230 1141.1
1242240 1138.0
1242250 1138.0
1242260 1136.4
1242270 1136.1
1242280 1136.1
1242290 1137.8
1242300 1138.7
1242310 1138.7
1242320 1138.8
1242330 1138.8
1242340 1138.8
1242350 1138.2
1242360 1138.1
1242370 1138.1
1242380 1138.0
1242390 1137.7
1242400 1136.3
1242410 1136.3
1242420 1133.9
1242430 1132.6
1242440 1132.6
1242450 1132.0
1242460 1131.5
1242470 1131.5
1242480 1131.1
1242490 1130.3
1242500 1130.3
1242510 1128.9
1242520 1126.6
1242530 1126.6
1242540 1125.0
1242550 1124.6
1242560 1124.6
1242570 1123.8
1242580 1122.4
1242590 1122.4
1242600 1121.6
1242610 1121.2
1242620 1121.2
1242630 1120.3
1242640 1119.6
1242650 1119.6
1242660 1119.9
1242670 1120.2
1242680 1120.2
1242690 1120.3
1242700 1119.5
1242710 1118.2
1242720 1118.2
1242730 1118.2
1242740 1117.9
1242750 1117.9
1242760 1117.8
1242770 1117.9
1242780 1117.9
1242790 1118.2
1242800 1119.6
1242810 1119.6
1242820 1119.7
1242830 1119.4
1242840 1119.4
1242850 1118.5
1242860 1117.3
1242870 1117.3
1242880 1117.1
1242890 1117.2
1242900 1117.2
1242910 1117.2
1242920 1117.3
1242930 1117.3
1242940 1117.6
1242950 1117.3
1242960 1117.3
1242970 1116.7
1242980 1115.3
1242990 1115.9
1243000 1115.9
1243010 1118.4
1243020 1120.5
1243030 1120.5
1243040 1121.5
1243050 1122.4
1243060 1122.4
1243070 1122.8
1243080 1123.4
1243090 1123.4
1243100 1124.8
1243110 1126.7
1243120 1126.7
1243130 1128.0
1243140 1129.0
1243150 1129.0
1243160 1130.4
1243170 1132.1
1243180 1132.1
1243190 1134.8
1243200 1136.3
1243210 1136.3
1243220 1136.8
1243230 1138.2
1243240 1138.2
1243250 1139.4
1243260 1140.6
1243270 1141.2
1243280 1141.2
1243290 1142.3
1243300 1143.3
1243310 1143.3
1243320 1144.5
1243330 1145.8
1243340 1145.8
1243350 1147.3
1243360 1148.7
1243370 1148.7
1243380 1149.9
1243390 1151.2
1243400 1151.2
1243410 1152.5
1243420 1153.4
1243430 1153.4
1243440 1154.3
1243450 1155.8
1243460 1155.8
1243470 1157.6
1243480 1160.1
1243490 1160.1
1243500 1163.2
1243510 1166.2
1243520 1166.2
1243530 1168.9
1243540 1171.3
1243550 1171.3
1243560 1173.1
1243570 1175.4
1243580 1177.0
1243590 1177.0
1243600 1178.1
1243610 1179.4
1243620 1179.4
1243630 1180.7
1243640 1182.9
1243650 1182.9
1243660 1185.9
1243670 1189.7
1243680 1189.7
1243690 1194.2
1243700 1198.1
1243710 1198.1
1243720 1201.9
1243730 1204.5
1243740 1204.5
1243750 1206.9
1243760 1209.7
1243770 1209.7
1243780 1213.0
1243790 1216.5
1243800 1216.5
1243810 1217.3
1243820 1214.8
1243830 1214.8
1243840 1213.6
1243850 1214.0
1243860 1214.5
1243870 1214.5
1243880 1214.6
1243890 1214.5
1243900 1214.5
1243910 1214.4
1243920 1214.5
1243930 1214.5
1243940 1214.9
1243950 1215.2
1243960 1215.2
1243970 1215.7
1243980 1216.9
1243990 1216.9
1244000 1218.0
1244010 1216.1
1244020 1216.1
1244030 1214.2
1244040 1213.3
1244050 1213.3
1244060 1213.2
1244070 1214.5
1244080 1214.5
1244090 1217.5
1244100 1220.2
1244110 1220.2
1244120 1222.5
1244130 1227.4
1244140 1227.4
1244150 1231.5
1244160 1234.0
1244170 1235.6
1244180 1235.6
1244190 1238.3
1244200 1241.7
1244210 1241.7
1244220 1243.1
1244230 1244.0
1244240 1244.0
1244250 1245.5
1244260 1247.3
1244270 1247.3
1244280 1247.9
1244290 1248.3
1244300 1248.3
1244310 1249.0
1244320 1249.3
1244330 1249.3
1244340 1249.4
1244350 1250.3
1244360 1250.3
1244370 1250.6
1244380 1252.4
1244390 1252.4
1244400 1256.0
1244410 1257.4
1244420 1257.4
1244430 1258.9
1244440 1261.5
1244450 1262.4
1244460 1262.4
1244470 1262.1
1244480 1261.8
1244490 1261.8
1244500 1261.7
1244510 1261.3
1244520 1261.3
1244530 1259.5
1244540 1260.2
1244550 1260.2
1244560 1261.4
1244570 1261.7
1244580 1261.7
1244590 1262.8
1244600 1264.3
1244610 1264.3
1244620 1265.3
1244630 1266.2
1244640 1266.2
1244650 1266.4
1244660 1266.4
1244670 1266.4
1244680 1265.7
1244690 1264.2
1244700 1264.2
1244710 1261.3
1244720 1258.1
1244730 1258.1
1244740 1254.9
1244750 1251.0
1244760 1244.9
1244770 1244.9
1244780 1232.4
1244790 1227.4
1244800 1227.4
1244810 1223.3
1244820 1219.8
1244830 1219.8
1244840 1216.1
1244850 1212.7
1244860 1212.7
1244870 1208.8
1244880 1204.4
1244890 1204.4
1244900 1200.7
1244910 1198.5
1244920 1198.5
1244930 1198.3
1244940 1196.5
1244950 1196.5
1244960 1196.7
1244970 1194.5
1244980 1194.5
1244990 1189.8
1245000 1185.0
1245010 1185.0
1245020 1181.1
1245030 1178.1
1245040 1176.5
1245050 1176.5
1245060 1176.1
1245070 1173.5
1245080 1173.5
1245090 1168.5
1245100 1165.5
1245110 1165.5
1245120 1163.5
1245130 1162.0
1245140 1162.0
1245150 1161.6
1245160 1162.0
1245170 1162.0
1245180 1161.4
1245190 1159.5
1245200 1159.5
1245210 1156.0
1245220 1152.8
1245230 1152.8
1245240 1148.0
1245250 1143.8
1245260 1143.8
1245270 1143.9
1245280 1146.2
1245290 1146.2
1245300 1147.5
1245310 1146.6
1245320 1152.0
1245330 1151.8
1245340 1151.2
1245350 1150.8
1245360 1150.8
1245370 1150.8
1245380 1149.9
1245390 1149.9
1245400 1145.6
1245410 1139.7
1245420 1139.7
1245430 1134.3
1245440 1130.1
1245450 1130.1
1245460 1125.9
1245470 1121.7
1245480 1121.7
1245490 1120.0
1245500 1119.9
1245510 1119.9
1245520 1119.9
1245530 1119.9
1245540 1119.9
1245550 1120.1
1245560 1120.3
1245570 1120.3
1245580 1120.2
1245590 1120.1
1245600 1120.1
1245610 1120.1
1245620 1120.1
1245630 1120.5
1245640 1120.5
1245650 1121.5
1245660 1121.3
1245670 1121.3
1245680 1121.5
1245690 1120.8
1245700 1120.8
1245710 1118.0
1245720 1116.2
1245730 1116.2
1245740 1118.0
1245750 1121.1
1245760 1121.1
1245770 1122.2
1245780 1122.1
1245790 1122.1
1245800 1122.1
1245810 1122.7
1245820 1122.7
1245830 1122.5
1245840 1122.1
1245850 1124.2
1245860 1123.5
1245870 1123.1
1245880 1123.1
1245890 1122.6
1245900 1122.6
1245910 1122.9
1245920 1122.9
1245930 1122.9
1245940 1122.1
1245950 1122.1
1245960 1120.9
1245970 1119.6
1245980 1119.6
1245990 1118.3
1246000 1118.6
1246010 1118.6
1246020 1119.2
1246030 1117.9
1246040 1117.9
1246050 1117.4
1246060 1118.5
1246070 1118.5
1246080 1119.8
1246090 1121.7
1246100 1121.7
1246110 1121.8
1246120 1122.4
1246130 1122.4
1246140 1123.4
1246150 1123.5
1246160 1123.5
1246170 1122.6
1246180 1121.0
1246190 1121.0
1246200 1119.0
1246210 1117.1
1246220 1116.0
1246230 1116.0
1246240 1116.8
1246250 1118.8
1246260 1118.8
1246270 1120.7
1246280 1123.0
1246290 1123.0
1246300 1126.1
1246310 1129.2
1246320 1129.2
1246330 1130.4
1246340 1131.2
1246350 1131.2
1246360 1132.1
1246370 1132.1
1246380 1132.1
1246390 1135.8
1246400 1137.4
1246410 1137.4
1246420 1139.4
1246430 1140.2
1246440 1140.2
1246450 1142.6
1246460 1144.8
1246470 1144.8
1246480 1145.8
1246490 1148.4
1246500 1151.3
1246510 1151.3
1246520 1153.8
1246530 1155.9
1246540 1155.9
1246550 1157.7
1246560 1158.4
1246570 1158.4
1246580 1159.1
1246590 1159.6
1246600 1159.6
1246610 1160.2
1246620 1160.6
1246630 1160.6
1246640 1159.7
1246650 1158.1
1246660 1158.1
1246670 1155.8
1246680 1155.5
1246690 1155.5
1246700 1153.3
1246710 1152.1
1246720 1152.1
1246730 1151.1
1246740 1149.4
1246750 1149.4
1246760 1147.2
1246770 1147.4
1246780 1147.4
1246790 1147.8
1246800 1148.8
1246810 1149.7
1246820 1149.7
1246830 1149.9
1246840 1149.9
1246850 1149.9
1246860 1149.5
1246870 1149.8
1246880 1149.8
1246890 1149.9
1246900 1150.3
1246910 1150.3
1246920 1154.8
1246930 1154.4
1246940 1154.4
1246950 1153.9
1246960 1154.1
1246970 1154.1
1246980 1154.8
1246990 1155.2
1247000 1155.2
1247010 1155.2
1247020 1154.7
1247030 1154.7
1247040 1153.1
1247050 1150.7
1247060 1150.7
1247070 1147.8
1247080 1145.4
1247090 1143.2
1247100 1143.2
1247110 1141.2
1247120 1141.5
1247130 1141.5
1247140 1141.8
1247150 1142.2
1247160 1142.2
1247170 1143.8
1247180 1144.9
1247190 1144.9
1247200 1143.1
1247210 1143.8
1247220 1143.8
1247230 1146.4
1247240 1146.7
1247250 1146.7
1247260 1146.3
1247270 1146.6
1247280 1146.6
1247290 1147.2
1247300 1144.2
1247310 1144.2
1247320 1142.8
1247330 1146.1
1247340 1146.1
1247350 1143.8
1247360 1140.4
1247370 1140.4
1247380 1141.2
1247390 1141.5
1247400 1141.0
1247410 1141.0
1247420 1139.8
1247430 1137.8
1247440 1137.8
1247450 1136.3
1247460 1141.4
1247470 1141.4
1247480 1140.5
1247490 1140.5
1247500 1140.5
1247510 1137.2
1247520 1138.0
1247530 1138.0
1247540 1138.2
1247550 1139.1
1247560 1139.1
1247570 1138.2
1247580 1135.7
1247590 1135.7
1247600 1135.4
1247610 1134.1
1247620 1134.1
1247630 1132.5
1247640 1135.3
1247650 1135.3
1247660 1138.4
1247670 1140.1
1247680 1138.8
1247690 1138.8
1247700 1138.2
1247710 1136.2
1247720 1136.2
1247730 1135.3
1247740 1137.6
1247750 1137.6
1247760 1137.5
1247770 1138.4
1247780 1138.4
1247790 1136.7
1247800 1135.5
1247810 1135.5
1247820 1138.5
1247830 1140.1
1247840 1140.1
1247850 1139.0
1247860 1137.5
1247870 1137.5
1247880 1139.8
1247890 1140.8
1247900 1140.8
1247910 1139.3
1247920 1138.7
1247930 1138.7
1247940 1137.4
1247950 1132.6
1247960 1132.1
1247970 1132.1
1247980 1131.6
1247990 1134.2
1248000 1139.4
1248010 1142.8
1248020 1144.4
1248030 1144.4
1248040 1147.3
1248050 1148.4
1248060 1148.4
1248070 1149.2
1248080 1148.2
1248090 1148.2
1248100 1144.6
1248110 1141.4
1248120 1141.4
1248130 1139.0
1248140 1137.9
1248150 1137.9
1248160 1135.1
1248170 1131.0
1248180 1131.0
1248190 1128.3
1248200 1125.2
1248210 1125.2
1248220 1123.6
1248230 1120.4
1248240 1120.4
1248250 1119.0
1248260 1120.5
1248270 1121.7
1248280 1121.7
1248290 1122.5
1248300 1120.7
1248310 1120.7
1248320 1117.2
1248330 1115.5
1248340 1115.5
1248350 1115.3
1248360 1114.2
1248370 1114.2
1248380 1112.3
1248390 1108.9
1248400 1108.9
1248410 1105.0
1248420 1103.2
1248430 1103.2
1248440 1101.6
1248450 1099.4
1248460 1099.4
1248470 1096.7
1248480 1095.2
1248490 1095.2
1248500 1094.1
1248510 1093.4
1248520 1093.4
1248530 1093.4
1248540 1099.4
1248550 1101.6
1248560 1101.6
1248570 1101.8
1248580 1101.9
1248590 1101.9
1248600 1101.5
1248610 1095.7
1248620 1095.7
1248630 1085.5
1248640 1077.6
1248650 1077.6
1248660 1069.8
1248670 1074.8
1248680 1074.8
1248690 1088.9
1248700 1088.7
1248710 1088.7
1248720 1088.3
1248730 1086.1
1248740 1086.1
1248750 1083.7
1248760 1080.4
1248770 1080.4
1248780 1078.7
1248790 1079.5
1248800 1079.5
1248810 1081.6
1248820 1084.5
1248830 1084.5
1248840 1086.2
1248850 1085.5
1248860 1084.5
1248870 1084.5
1248880 1082.9
1248890 1081.3
1248900 1081.3
1248910 1080.2
1248920 1079.8
1248930 1079.8
1248940 1079.7
1248950 1078.9
1248960 1078.9
1248970 1076.5
1248980 1073.5
1248990 1073.5
1249000 1070.2
1249010 1066.6
1249020 1066.6
1249030 1063.3
1249040 1060.9
1249050 1060.9
1249060 1059.4
1249070 1057.6
1249080 1054.5
1249090 1052.7
1249100 1051.1
1249110 1051.1
1249120 1048.7
1249130 1045.7
1249140 1043.1
1249150 1043.1
1249160 1041.6
1249170 1039.5
1249180 1039.5
1249190 1035.9
1249200 1033.6
1249210 1033.6
1249220 1032.4
1249230 1031.9
1249240 1031.9
1249250 1031.5
1249260 1028.9
1249270 1028.9
1249280 1025.5
1249290 1025.1
1249300 1025.1
1249310 1025.8
1249320 1025.0
1249330 1025.0
1249340 1024.2
1249350 1024.1
1249360 1024.1
1249370 1024.1
1249380 1024.0
1249390 1024.0
1249400 1023.9
1249410 1023.9
1249420 1023.9
1249430 1023.9
1249440 1023.9
1249450 1023.8
1249460 1023.8
1249470 1023.8
1249480 1023.7
1249490 1023.7
1249500 1023.7
1249510 1023.6
1249520 1023.6
1249530 1023.5
1249540 1023.2
1249550 1023.2
1249560 1023.1
1249570 1023.0
1249580 1023.0
1249590 1022.7
1249600 1022.6
1249610 1022.6
1249620 1022.2
1249630 1021.9
1249640 1021.9
1249650 1021.7
1249660 1021.5
1249670 1021.5
1249680 1021.2
1249690 1021.0
1249700 1021.0
1249710 1020.8
1249720 1020.6
1249730 1020.4
1249740 1020.4
1249750 1020.2
1249760 1020.0
1249770 1020.0
1249780 1019.8
1249790 1019.4
1249800 1019.4
1249810 1019.2
1249820 1019.0
1249830 1019.0
1249840 1018.8
1249850 1018.5
1249860 1018.5
1249870 1018.2
1249880 1017.9
1249890 1017.9
1249900 1017.7
1249910 1017.5
1249920 1017.5
1249930 1017.2
1249940 1017.1
1249950 1017.1
1249960 1016.8
1249970 1016.5
1249980 1016.5
1249990 1016.3
1250000 1016.0
1250010 1015.6
1250020 1015.6
1250030 1015.2
1250040 1015.1
1250050 1015.1
1250060 1014.9
1250070 1014.7
1250080 1014.7
1250090 1014.5
1250100 1014.2
1250110 1014.2
1250120 1013.8
1250130 1013.6
1250140 1013.6
1250150 1013.3
1250160 1013.0
1250170 1013.0
1250180 1012.8
1250190 1012.6
1250200 1012.6
1250210 1012.3
1250220 1011.9
1250230 1011.9
1250240 1011.7
1250250 1011.2
1250260 1011.2
1250270 1011.0
1250280 1011.0
1250290 1011.0
1250300 1011.3
1250310 1011.1
1250320 1011.5
1250330 1011.5
1250340 1012.2
1250350 1013.3
1250360 1013.3
1250370 1014.9
1250380 1015.1
1250390 1015.1
1250400 1016.5
1250410 1020.1
1250420 1020.1
1250430 1022.2
1250440 1024.1
1250450 1024.1
1250460 1025.9
1250470 1027.6
1250480 1027.6
1250490 1028.9
1250500 1031.0
1250510 1031.0
1250520 1032.4
1250530 1033.9
1250540 1033.9
1250550 1036.6
1250560 1040.1
1250570 1040.1
1250580 1042.0
1250590 1046.1
1250600 1053.9
1250610 1053.9
1250620 1061.4
1250630 1068.1
1250640 1068.1
1250650 1073.8
1250660 1078.5
1250670 1078.5
1250680 1084.4
1250690 1091.3
1250700 1091.3
1250710 1099.4
1250720 1106.0
1250730 1106.0
1250740 1112.3
1250750 1117.8
1250760 1117.8
1250770 1122.7
1250780 1128.3
1250790 1128.3
1250800 1133.0
1250810 1136.8
1250820 1136.8
1250830 1140.3
1250840 1144.0
1250850 1144.0
1250860 1147.4
1250870 1149.7
1250880 1149.7
1250890 1152.6
1250900 1155.8
1250910 1156.5
1250920 1156.5
1250930 1148.7
1250940 1142.7
1250950 1142.7
1250960 1142.3
1250970 1144.1
1250980 1144.1
1250990 1149.6
1251000 1157.9
1251010 1157.9
1251020 1167.1
1251030 1176.0
1251040 1176.0
1251050 1185.4
1251060 1193.7
1251070 1193.7
1251080 1199.8
1251090 1202.7
1251100 1202.7
1251110 1203.7
1251120 1205.2
1251130 1205.2
1251140 1205.8
1251150 1206.5
1251160 1206.5
1251170 1207.5
1251180 1208.2
1251190 1208.5
1251200 1208.5
1251210 1209.0
1251220 1210.6
1251230 1210.6
1251240 1212.3
1251250 1213.9
1251260 1215.4
1251270 1217.4
1251280 1219.3
1251290 1219.3
1251300 1220.8
1251310 1221.6
1251320 1221.6
1251330 1221.8
1251340 1223.0
1251350 1223.0
1251360 1224.4
1251370 1226.6
1251380 1226.6
1251390 1230.1
1251400 1233.4
1251410 1233.4
1251420 1236.1
1251430 1239.2
1251440 1239.2
1251450 1242.9
1251460 1245.6
1251470 1245.6
1251480 1247.6
1251490 1249.5
1251500 1250.6
1251510 1250.6
1251520 1251.8
1251530 1252.8
1251540 1252.8
1251550 1253.5
1251560 1254.1
1251570 1254.1
1251580 1254.3
1251590 1254.7
1251600 1254.7
1251610 1256.0
1251620 1257.3
1251630 1257.3
1251640 1258.0
1251650 1258.6
1251660 1258.6
1251670 1259.9
1251680 1261.7
1251690 1261.7
1251700 1263.4
1251710 1264.7
1251720 1264.7
1251730 1265.9
1251740 1266.0
1251750 1266.0
1251760 1267.6
1251770 1270.8
1251780 1273.1
1251790 1273.1
1251800 1275.7
1251810 1278.1
1251820 1278.1
1251830 1275.2
1251840 1272.3
1251850 1272.3
1251860 1271.0
1251870 1268.8
1251880 1268.8
1251890 1265.4
1251900 1263.3
1251910 1263.3
1251920 1261.7
1251930 1261.2
1251940 1261.2
1251950 1260.2
1251960 1257.9
1251970 1257.9
1251980 1255.2
1251990 1253.0
1252000 1253.0
1252010 1251.5
1252020 1250.8
1252030 1250.8
1252040 1249.7
1252050 1247.3
1252060 1244.1
1252070 1244.1
1252080 1240.4
1252090 1238.8
1252100 1238.8
1252110 1236.6
1252120 1233.4
1252130 1233.4
1252140 1229.9
1252150 1226.0
1252160 1226.0
1252170 1222.5
1252180 1219.4
1252190 1219.4
1252200 1215.3
1252210 1211.4
1252220 1211.4
1252230 1205.6
1252240 1198.3
1252250 1198.3
1252260 1191.0
1252270 1183.4
1252280 1183.4
1252290 1177.2
1252300 1174.7
1252310 1174.7
1252320 1171.6
1252330 1169.4
1252340 1169.4
1252350 1168.5
1252360 1162.1
1252370 1154.7
1252380 1154.7
1252390 1147.7
1252400 1140.5
1252410 1140.5
1252420 1136.7
1252430 1135.8
1252440 1135.8
1252450 1138.3
1252460 1144.2
1252470 1144.2
1252480 1150.6
1252490 1153.6
1252500 1153.6
1252510 1156.9
1252520 1162.1
1252530 1162.1
1252540 1165.6
1252550 1169.5
1252560 1169.5
1252570 1174.2
1252580 1179.2
1252590 1179.2
1252600 1184.7
1252610 1190.0
1252620 1190.0
1252630 1195.5
1252640 1200.9
1252650 1206.3
1252660 1206.3
1252670 1210.0
1252680 1213.3
1252690 1213.3
1252700 1216.1
1252710 1219.1
1252720 1219.1
1252730 1221.5
1252740 1224.4
1252750 1224.4
1252760 1227.4
1252770 1230.8
1252780 1230.8
1252790 1234.3
1252800 1238.0
1252810 1238.0
1252820 1242.4
1252830 1247.1
1252840 1247.1
1252850 1251.0
1252860 1255.5
1252870 1255.5
1252880 1260.2
1252890 1262.8
1252900 1262.1
1252910 1264.6
1252920 1267.2
1252930 1267.2
1252940 1269.3
1252950 1270.7
1252960 1273.3
1252970 1273.3
1252980 1278.0
1252990 1285.1
1253000 1285.1
1253010 1291.9
1253020 1298.6
1253030 1298.6
1253040 1304.4
1253050 1311.6
1253060 1311.6
1253070 1318.9
1253080 1324.5
1253090 1324.5
1253100 1328.6
1253110 1333.1
1253120 1333.1
1253130 1338.4
1253140 1344.7
1253150 1344.7
1253160 1350.0
1253170 1355.1
1253180 1355.1
1253190 1360.5
1253200 1365.8
1253210 1365.8
1253220 1370.3
1253230 1374.4
1253240 1378.2
1253250 1378.2
1253260 1382.3
1253270 1386.2
1253280 1386.2
1253290 1390.1
1253300 1394.6
1253310 1394.6
1253320 1399.3
1253330 1404.7
1253340 1404.7
1253350 1409.8
1253360 1414.5
1253370 1414.5
1253380 1419.3
1253390 1424.4
1253400 1424.4
1253410 1429.1
1253420 1432.8
1253430 1432.8
1253440 1435.7
1253450 1438.9
1253460 1436.8
1253470 1439.2
1253480 1441.0
1253490 1441.0
1253500 1443.0
1253510 1444.6
1253520 1446.2
1253530 1446.2
1253540 1447.9
1253550 1449.0
1253560 1449.0
1253570 1449.8
1253580 1450.3
1253590 1450.3
1253600 1450.8
1253610 1452.1
1253620 1452.1
1253630 1455.2
1253640 1458.2
1253650 1458.2
1253660 1459.5
1253670 1461.2
1253680 1461.2
1253690 1461.2
1253700 1458.7
1253710 1458.7
1253720 1459.9
1253730 1464.7
1253740 1464.7
1253750 1472.2
1253760 1485.1
1253770 1485.1
1253780 1492.1
1253790 1498.0
1253800 1498.0
1253810 1500.7
1253820 1500.5
1253830 1502.0
1253840 1502.0
1253850 1504.9
1253860 1509.3
1253870 1509.3
1253880 1513.7
1253890 1518.5
1253900 1518.5
1253910 1524.5
1253920 1530.5
1253930 1530.5
1253940 1537.9
1253950 1544.8
1253960 1544.8
1253970 1551.2
1253980 1558.2
1253990 1558.2
1254000 1564.5
1254010 1575.5
1254020 1575.5
1254030 1580.4
1254040 1584.8
1254050 1584.8
1254060 1592.2
1254070 1600.1
1254080 1600.1
1254090 1607.7
1254100 1615.5
1254110 1623.1
1254120 1623.1
1254130 1631.2
1254140 1643.1
1254150 1643.1
1254160 1651.5
1254170 1657.8
1254180 1657.8
1254190 1664.5
1254200 1668.8
1254210 1668.8
1254220 1671.7
1254230 1675.6
1254240 1675.6
1254250 1679.9
1254260 1681.0
1254270 1681.0
1254280 1679.2
1254290 1676.5
1254300 1676.5
1254310 1675.7
1254320 1674.0
1254330 1674.0
1254340 1670.4
1254350 1668.7
1254360 1668.7
1254370 1666.0
1254380 1661.6
1254390 1661.6
1254400 1664.4
1254410 1667.2
1254420 1668.9
1254430 1668.9
1254440 1667.0
1254450 1661.2
1254460 1661.2
1254470 1651.0
1254480 1638.8
1254490 1638.8
1254500 1633.5
1254510 1633.7
1254520 1633.7
1254530 1630.7
1254540 1627.8
1254550 1627.8
1254560 1648.4
1254570 1653.2
1254580 1653.2
1254590 1656.7
1254600 1657.6
1254610 1657.6
1254620 1659.6
1254630 1661.5
1254640 1661.5
1254650 1657.0
1254660 1658.7
1254670 1658.7
1254680 1655.2
1254690 1650.1
1254700 1642.7
1254710 1642.7
1254720 1632.1
1254730 1623.7
1254740 1623.7
1254750 1616.1
1254760 1608.7
1254770 1608.7
1254780 1601.5
1254790 1593.8
1254800 1593.8
1254810 1587.0
1254820 1579.6
1254830 1579.6
1254840 1573.2
1254850 1567.8
1254860 1567.8
1254870 1563.5
1254880 1557.7
1254890 1557.7
1254900 1550.7
1254910 1545.9
1254920 1545.9
1254930 1541.2
1254940 1535.4
1254950 1535.4
1254960 1527.5
1254970 1519.2
1254980 1519.2
1254990 1511.3
1255000 1502.8
1255010 1492.4
1255020 1492.4
1255030 1483.5
1255040 1475.4
1255050 1475.4
1255060 1469.4
1255070 1465.8
1255080 1465.8
1255090 1460.2
1255100 1451.4
1255110 1451.4
1255120 1441.0
1255130 1432.4
1255140 1432.4
1255150 1425.8
1255160 1420.4
1255170 1420.4
1255180 1417.5
1255190 1417.5
1255200 1417.5
1255210 1414.2
1255220 1406.6
1255230 1406.6
1255240 1396.8
1255250 1389.5
1255260 1389.5
1255270 1382.7
1255280 1377.1
1255290 1374.3
1255300 1374.3
1255310 1369.9
1255320 1366.8
1255330 1366.8
1255340 1364.7
1255350 1360.6
1255360 1360.6
1255370 1356.2
1255380 1351.5
1255390 1351.5
1255400 1346.6
1255410 1342.5
1255420 1342.5
1255430 1338.5
1255440 1334.2
1255450 1334.2
1255460 1327.7
1255470 1321.4
1255480 1321.4
1255490 1317.5
1255500 1311.6
1255510 1311.6
1255520 1307.3
1255530 1307.5
1255540 1307.5
1255550 1313.1
1255560 1320.5
1255570 1328.1
1255580 1328.1
1255590 1337.1
1255600 1343.3
1255610 1343.3
1255620 1345.6
1255630 1347.8
1255640 1347.8
1255650 1351.2
1255660 1355.8
1255670 1359.4
1255680 1364.3
1255690 1369.5
1255700 1369.5
1255710 1374.9
1255720 1380.6
1255730 1380.6
1255740 1386.7
1255750 1392.9
1255760 1392.9
1255770 1399.0
1255780 1405.4
1255790 1405.4
1255800 1413.6
1255810 1422.5
1255820 1422.5
1255830 1430.6
1255840 1438.3
1255850 1438.3
1255860 1445.4
1255870 1449.8
1255880 1447.7
1255890 1447.7
1255900 1438.6
1255910 1430.5
1255920 1430.5
1255930 1423.7
1255940 1417.9
1255950 1417.9
1255960 1413.2
1255970 1408.2
1255980 1408.2
1255990 1403.8
1256000 1399.9
1256010 1399.9
1256020 1394.2
1256030 1390.4
1256040 1390.4
1256050 1387.3
1256060 1381.8
1256070 1381.8
1256080 1381.1
1256090 1376.2
1256100 1376.2
1256110 1372.0
1256120 1373.3
1256130 1373.3
1256140 1381.6
1256150 1391.1
1256160 1401.9
1256170 1401.9
1256180 1410.1
1256190 1416.2
1256200 1416.2
1256210 1422.2
1256220 1428.7
1256230 1428.6
1256240 1435.6
1256250 1442.3
1256260 1442.3
1256270 1447.9
1256280 1452.5
1256290 1452.5
1256300 1456.7
1256310 1459.9
1256320 1459.9
1256330 1463.2
1256340 1465.9
1256350 1465.9
1256360 1467.6
1256370 1471.0
1256380 1471.0
1256390 1473.7
1256400 1477.6
1256410 1477.6
1256420 1481.7
1256430 1484.0
1256440 1484.0
1256450 1483.7
1256460 1484.0
1256470 1482.9
1256480 1482.9
1256490 1487.1
1256500 1491.5
1256510 1491.5
1256520 1495.2
1256530 1499.5
1256540 1499.5
1256550 1501.4
1256560 1500.2
1256570 1500.2
1256580 1497.3
1256590 1493.7
1256600 1493.7
1256610 1489.4
1256620 1484.8
1256630 1484.8
1256640 1480.0
1256650 1474.6
1256660 1474.6
1256670 1467.9
1256680 1460.6
1256690 1460.6
1256700 1453.0
1256710 1447.9
1256720 1447.9
1256730 1450.5
1256740 1452.3
1256750 1453.5
1256760 1453.5
1256770 1452.4
1256780 1450.7
1256790 1455.8
1256800 1453.0
1256810 1450.4
1256820 1450.4
1256830 1449.5
1256840 1447.7
1256850 1447.7
1256860 1444.9
1256870 1442.8
1256880 1442.8
1256890 1440.0
1256900 1433.4
1256910 1433.4
1256920 1429.2
1256930 1432.4
1256940 1432.4
1256950 1433.0
1256960 1431.9
1256970 1431.9
1256980 1430.1
1256990 1429.5
1257000 1429.5
1257010 1428.4
1257020 1428.0
1257030 1428.0
1257040 1428.1
1257050 1428.6
1257060 1428.9
1257070 1428.9
1257080 1429.3
1257090 1429.6
1257100 1429.6
1257110 1429.5
1257120 1429.2
1257130 1429.2
1257140 1428.4
1257150 1427.1
1257160 1427.1
1257170 1425.4
1257180 1423.7
1257190 1423.7
1257200 1421.6
1257210 1419.1
1257220 1419.1
1257230 1416.4
1257240 1413.6
1257250 1413.6
1257260 1410.9
1257270 1408.4
1257280 1408.4
1257290 1405.5
1257300 1402.1
1257310 1402.1
1257320 1398.3
1257330 1394.7
1257340 1393.0
1257350 1390.2
1257360 1387.7
1257370 1386.2
1257380 1386.2
1257390 1385.2
1257400 1381.9
1257410 1381.9
1257420 1379.2
1257430 1378.6
1257440 1378.6
1257450 1376.5
1257460 1374.3
1257470 1374.3
1257480 1372.3
1257490 1372.1
1257500 1372.1
1257510 1373.3
1257520 1374.0
1257530 1374.0
1257540 1374.2
1257550 1374.8
1257560 1374.8
1257570 1375.2
1257580 1374.3
1257590 1374.3
1257600 1371.9
1257610 1369.9
1257620 1368.7
1257630 1368.7
1257640 1367.0
1257650 1364.7
1257660 1364.7
1257670 1360.5
1257680 1357.1
1257690 1357.1
1257700 1355.2
1257710 1352.6
1257720 1352.6
1257730 1350.3
1257740 1347.8
1257750 1347.8
1257760 1345.6
1257770 1342.0
1257780 1342.0
1257790 1338.7
1257800 1336.0
1257810 1336.0
1257820 1333.7
1257830 1331.4
1257840 1331.4
1257850 1330.4
1257860 1330.4
1257870 1330.4
1257880 1329.5
1257890 1328.4
1257900 1328.4
1257910 1326.5
1257920 1321.3
1257930 1319.1
1257940 1319.1
1257950 1316.2
1257960 1313.0
1257970 1313.0
1257980 1309.5
1257990 1306.2
1258000 1306.2
1258010 1303.2
1258020 1299.7
1258030 1299.7
1258040 1296.4
1258050 1293.7
1258060 1293.7
1258070 1291.2
1258080 1288.2
1258090 1288.2
1258100 1285.6
1258110 1282.6
1258120 1282.6
1258130 1278.6
1258140 1274.3
1258150 1274.3
1258160 1269.8
1258170 1265.7
1258180 1265.7
1258190 1261.6
1258200 1257.4
1258210 1253.2
1258220 1253.2
1258230 1248.7
1258240 1244.4
1258250 1244.4
1258260 1240.5
1258270 1237.0
1258280 1237.0
1258290 1233.7
1258300 1230.7
1258310 1230.7
1258320 1227.7
1258330 1224.4
1258340 1224.4
1258350 1221.2
1258360 1214.3
1258370 1214.3
1258380 1207.9
1258390 1203.2
1258400 1203.2
1258410 1198.7
1258420 1194.1
1258430 1194.1
1258440 1189.6
1258450 1185.5
1258460 1185.5
1258470 1181.1
1258480 1173.3
1258490 1173.3
1258500 1168.7
1258510 1166.3
1258520 1164.1
1258530 1164.1
1258540 1161.3
1258550 1156.7
1258560 1156.7
1258570 1151.4
1258580 1147.1
1258590 1147.1
1258600 1144.2
1258610 1141.4
1258620 1141.4
1258630 1137.4
1258640 1133.1
1258650 1133.1
1258660 1129.4
1258670 1125.8
1258680 1125.8
1258690 1122.9
1258700 1120.1
1258710 1120.1
1258720 1118.3
1258730 1117.2
1258740 1117.2
1258750 1115.9
1258760 1113.3
1258770 1113.3
1258780 1107.5
1258790 1102.6
1258800 1095.0
1258810 1095.0
1258820 1087.9
1258830 1080.1
1258840 1080.1
1258850 1074.4
1258860 1084.8
1258870 1084.8
1258880 1096.5
1258890 1105.2
1258900 1105.2
1258910 1109.4
1258920 1112.2
1258930 1112.2
1258940 1115.6
1258950 1120.2
1258960 1120.2
1258970 1124.5
1258980 1128.4
1258990 1128.4
1259000 1130.7
1259010 1133.3
1259020 1133.3
1259030 1137.1
1259040 1140.3
1259050 1140.3
1259060 1144.2
1259070 1148.0
1259080 1151.6
1259090 1151.6
1259100 1156.2
1259110 1158.4
1259120 1158.4
1259130 1160.5
1259140 1163.1
1259150 1163.1
1259160 1166.1
1259170 1167.0
1259180 1167.0
1259190 1164.4
1259200 1159.1
1259210 1159.1
1259220 1156.6
1259230 1159.8
1259240 1159.8
1259250 1165.2
1259260 1171.7
1259270 1171.7
1259280 1178.7
1259290 1184.2
1259300 1184.2
1259310 1188.5
1259320 1192.1
1259330 1192.1
1259340 1195.3
1259350 1198.1
1259360 1198.1
1259370 1200.8
1259380 1202.9
1259390 1204.6
1259400 1204.6
1259410 1207.3
1259420 1210.7
1259430 1210.7
1259440 1214.9
1259450 1219.6
1259460 1219.6
1259470 1223.8
1259480 1228.2
1259490 1228.2
1259500 1233.4
1259510 1238.5
1259520 1238.5
1259530 1243.3
1259540 1248.0
1259550 1248.0
1259560 1252.7
1259570 1257.3
1259580 1257.3
1259590 1261.8
1259600 1266.3
1259610 1263.2
1259620 1267.5
1259630 1271.3
1259640 1271.3
1259650 1274.3
1259660 1276.6
1259670 1279.1
1259680 1279.1
1259690 1283.0
1259700 1288.2
1259710 1288.2
1259720 1293.1
1259730 1298.3
1259740 1298.3
1259750 1303.3
1259760 1307.6
1259770 1307.6
1259780 1311.1
1259790 1313.5
1259800 1313.5
1259810 1315.3
1259820 1316.8
1259830 1316.8
1259840 1317.3
1259850 1316.9
1259860 1316.9
1259870 1316.9
1259880 1320.3
1259890 1320.3
1259900 1326.0
1259910 1331.9
1259920 1331.9
1259930 1337.3
1259940 1341.5
1259950 1341.5
1259960 1345.5
1259970 1349.5
1259980 1352.9
1259990 1352.9
