1240000 1541.5
1240010 1540.5
1240020 1540.5
1240030 1539.0
1240040 1538.1
1240050 1538.1
1240060 1537.0
1240070 1535.5
1240080 1535.5
1240090 1533.4
1240100 1534.5
1240110 1534.4
1240120 1534.4
1240130 1531.4
1240140 1525.3
1240150 1525.3
1240160 1518.4
1240170 1511.3
1240180 1503.1
1240190 1496.0
1240200 1487.7
1240210 1487.7
1240220 1480.5
1240230 1473.9
1240240 1473.9
1240250 1466.2
1240260 1459.1
1240270 1459.1
1240280 1446.7
1240290 1434.4
1240300 1434.4
1240310 1431.1
1240320 1433.0
1240330 1433.0
1240340 1434.6
1240350 1432.9
1240360 1432.9
1240370 1431.5
1240380 1430.3
1240390 1425.6
1240400 1425.6
1240410 1418.8
1240420 1409.8
1240430 1409.8
1240440 1403.3
1240450 1404.0
1240460 1404.0
1240470 1406.7
1240480 1407.4
1240490 1407.4
1240500 1409.1
1240510 1409.6
1240520 1409.6
1240530 1407.8
1240540 1402.2
1240550 1402.2
1240560 1398.9
1240570 1398.1
1240580 1398.1
1240590 1395.7
1240600 1392.2
1240610 1392.2
1240620 1388.7
1240630 1384.1
1240640 1384.1
1240650 1377.3
1240660 1374.1
1240670 1374.1
1240680 1371.5
1240690 1366.5
1240700 1352.8
1240710 1352.8
1240720 1350.8
1240730 1346.6
1240740 1346.6
1240750 1341.8
1240760 1340.0
1240770 1340.0
1240780 1337.6
1240790 1331.4
1240800 1331.4
1240810 1327.2
1240820 1318.9
1240830 1318.9
1240840 1313.3
1240850 1314.9
1240860 1314.9
1240870 1316.3
1240880 1313.2
1240890 1313.2
1240900 1308.6
1240910 1309.3
1240920 1309.3
1240930 1307.3
1240940 1308.1
1240950 1308.1
1240960 1303.5
1240970 1293.5
1240980 1293.0
1240990 1293.0
1241000 1292.4
1241010 1290.2
1241020 1290.2
1241030 1282.7
1241040 1273.2
1241050 1273.2
1241060 1267.8
1241070 1265.5
1241080 1265.5
1241090 1261.4
1241100 1254.4
1241110 1254.4
1241120 1247.5
1241130 1242.4
1241140 1242.4
1241150 1237.2
1241160 1232.3
1241170 1232.3
1241180 1227.2
1241190 1222.4
1241200 1222.4
1241210 1218.0
1241220 1209.8
1241230 1209.8
1241240 1210.7
1241250 1211.3
1241260 1211.3
1241270 1210.3
1241280 1208.2
1241290 1205.3
1241300 1205.3
1241310 1202.0
1241320 1197.7
1241330 1197.7
1241340 1193.0
1241350 1188.2
1241360 1188.2
1241370 1183.8
1241380 1179.8
1241390 1179.8
1241400 1176.8
1241410 1175.1
1241420 1175.1
1241430 1173.8
1241440 1172.1
1241450 1172.1
1241460 1169.6
1241470 1166.7
1241480 1166.7
1241490 1163.5
1241500 1161.8
1241510 1161.8
1241520 1161.6
1241530 1160.1
1241540 1160.1
1241550 1157.3
1241560 1155.4
1241570 1153.4
1241580 1153.4
1241590 1150.2
1241600 1146.7
1241610 1146.7
1241620 1143.4
1241630 1140.3
1241640 1140.3
1241650 1137.8
1241660 1134.3
1241670 1134.3
1241680 1130.0
1241690 1126.7
1241700 1126.7
1241710 1125.1
1241720 1121.7
1241730 1121.7
1241740 1117.5
1241750 1115.1
1241760 1115.1
1241770 1115.8
1241780 1116.2
1241790 1116.2
1241800 1116.3
1241810 1116.4
1241820 1116.4
1241830 1116.2
1241840 1116.1
1241850 1116.1
1241860 1115.9
1241870 1115.8
1241880 1115.6
1241890 1115.6
1241900 1115.5
1241910 1115.3
1241920 1115.3
1241930 1115.4
1241940 1115.4
1241950 1115.4
1241960 1115.3
1241970 1115.2
1241980 1115.2
1241990 1115.0
1242000 1114.7
1242010 1114.7
1242020 1114.6
1242030 1114.6
1242040 1114.6
1242050 1114.1
1242060 1113.9
1242070 1113.9
1242080 1113.9
1242090 1113.4
1242100 1113.4
1242110 1113.2
1242120 1113.0
1242130 1113.0
1242140 1112.8
1242150 1112.7
1242160 1112.7
1242170 1112.6
1242180 1112.6
1242190 1112.6
1242200 1112.6
1242210 1112.6
1242220 1112.5
1242230 1112.5
1242240 1112.2
1242250 1112.1
1242260 1112.1
1242270 1112.3
1242280 1112.3
1242290 1112.3
1242300 1112.1
1242310 1112.0
1242320 1112.0
1242330 1111.9
1242340 1111.8
1242350 1111.8
1242360 1111.6
1242370 1111.4
1242380 1111.4
1242390 1111.2
1242400 1111.0
1242410 1111.0
1242420 1110.7
1242430 1110.5
1242440 1110.5
1242450 1110.4
1242460 1110.4
1242470 1110.2
1242480 1110.2
1242490 1110.1
1242500 1110.1
1242510 1110.1
1242520 1110.0
1242530 1109.9
1242540 1109.9
1242550 1109.7
1242560 1109.4
1242570 1109.4
1242580 1109.1
1242590 1108.9
1242600 1108.9
1242610 1108.7
1242620 1108.6
1242630 1108.6
1242640 1108.4
1242650 1108.3
1242660 1108.3
1242670 1108.1
1242680 1108.1
1242690 1108.1
1242700 1108.0
1242710 1107.8
1242720 1107.8
1242730 1107.7
1242740 1107.6
1242750 1107.6
1242760 1107.5
1242770 1107.4
1242780 1107.2
1242790 1107.2
1242800 1107.0
1242810 1106.8
1242820 1106.8
1242830 1106.6
1242840 1106.4
1242850 1106.4
1242860 1106.3
1242870 1106.3
1242880 1106.3
1242890 1106.1
1242900 1105.9
1242910 1105.9
1242920 1105.8
1242930 1105.5
1242940 1105.5
1242950 1105.3
1242960 1105.3
1242970 1105.3
1242980 1105.2
1242990 1105.0
1243000 1105.0
1243010 1104.8
1243020 1104.7
1243030 1104.7
1243040 1104.5
1243050 1104.2
1243060 1104.2
1243070 1104.2
1243080 1104.1
1243090 1103.9
1243100 1103.9
1243110 1103.8
1243120 1103.8
1243130 1103.8
1243140 1103.6
1243150 1103.5
1243160 1103.5
1243170 1103.3
1243180 1103.2
1243190 1103.2
1243200 1103.2
1243210 1102.9
1243220 1102.9
1243230 1102.7
1243240 1102.3
1243250 1102.3
1243260 1102.0
1243270 1101.7
1243280 1101.7
1243290 1101.5
1243300 1101.6
1243310 1101.6
1243320 1101.5
1243330 1101.7
1243340 1101.7
1243350 1101.6
1243360 1101.7
1243370 1101.7
1243380 1101.7
1243390 1101.9
1243400 1102.0
1243410 1102.0
1243420 1101.9
1243430 1100.9
1243440 1100.9
1243450 1100.3
1243460 1101.8
1243470 1101.8
1243480 1102.0
1243490 1100.2
1243500 1100.2
1243510 1099.3
1243520 1099.2
1243530 1099.2
1243540 1099.7
1243550 1101.2
1243560 1101.2
1243570 1101.6
1243580 1101.5
1243590 1101.5
1243600 1101.4
1243610 1101.3
1243620 1101.3
1243630 1101.2
1243640 1101.1
1243650 1101.1
1243660 1101.1
1243670 1101.1
1243680 1100.5
1243690 1100.5
1243700 1099.4
1243710 1101.8
1243720 1101.8
1243730 1105.7
1243740 1106.7
1243750 1106.7
1243760 1107.6
1243770 1108.8
1243780 1108.8
1243790 1110.1
1243800 1110.8
1243810 1110.8
1243820 1111.6
1243830 1112.5
1243840 1112.5
1243850 1113.4
1243860 1114.4
1243870 1114.4
1243880 1115.2
1243890 1115.6
1243900 1115.6
1243910 1116.5
1243920 1118.1
1243930 1118.1
1243940 1119.2
1243950 1119.1
1243960 1119.9
1243970 1119.9
1243980 1120.6
1243990 1122.6
1244000 1122.6
1244010 1126.2
1244020 1132.6
1244030 1132.6
1244040 1140.6
1244050 1148.2
1244060 1148.2
1244070 1153.4
1244080 1156.9
1244090 1156.9
1244100 1160.8
1244110 1165.4
1244120 1165.4
1244130 1170.2
1244140 1175.3
1244150 1175.3
1244160 1179.6
1244170 1184.1
1244180 1184.1
1244190 1187.6
1244200 1189.9
1244210 1189.9
1244220 1193.2
1244230 1197.7
1244240 1197.9
1244250 1197.9
1244260 1197.9
1244270 1202.4
1244280 1202.4
1244290 1208.6
1244300 1214.5
1244310 1214.5
1244320 1219.0
1244330 1223.9
1244340 1223.9
1244350 1229.0
1244360 1233.2
1244370 1233.2
1244380 1237.5
1244390 1243.0
1244400 1243.0
1244410 1245.5
1244420 1250.0
1244430 1250.0
1244440 1255.1
1244450 1259.8
1244460 1259.8
1244470 1263.9
1244480 1267.9
1244490 1267.9
1244500 1271.7
1244510 1274.9
1244520 1274.9
1244530 1278.2
1244540 1281.1
1244550 1285.0
1244560 1285.0
1244570 1284.9
1244580 1280.0
1244590 1280.0
1244600 1276.3
1244610 1273.2
1244620 1273.2
1244630 1270.0
1244640 1271.6
1244650 1271.6
1244660 1276.0
1244670 1277.0
1244680 1277.0
1244690 1271.7
1244700 1267.2
1244710 1267.2
1244720 1270.3
1244730 1275.7
1244740 1275.7
1244750 1281.4
1244760 1283.9
1244770 1283.9
1244780 1280.7
1244790 1280.7
1244800 1280.7
1244810 1282.8
1244820 1286.3
1244830 1286.3
1244840 1290.4
1244850 1294.5
1244860 1300.0
1244870 1300.0
1244880 1303.7
1244890 1306.2
1244900 1306.2
1244910 1309.7
1244920 1304.2
1244930 1304.2
1244940 1306.5
1244950 1310.3
1244960 1310.3
1244970 1314.9
1244980 1319.8
1244990 1319.8
1245000 1324.4
1245010 1329.2
1245020 1329.2
1245030 1334.0
1245040 1339.4
1245050 1339.4
1245060 1344.8
1245070 1349.2
1245080 1349.2
1245090 1353.3
1245100 1356.8
1245110 1356.8
1245120 1360.3
1245130 1364.5
1245140 1370.2
1245150 1370.2
1245160 1375.3
1245170 1378.9
1245180 1378.9
1245190 1384.4
1245200 1391.0
1245210 1391.0
1245220 1397.2
1245230 1403.4
1245240 1403.4
1245250 1410.0
1245260 1416.4
1245270 1416.4
1245280 1422.7
1245290 1428.4
1245300 1428.4
1245310 1433.8
1245320 1439.1
1245330 1439.1
1245340 1443.7
1245350 1447.3
1245360 1447.3
1245370 1449.5
1245380 1452.2
1245390 1452.2
1245400 1454.9
1245410 1455.5
1245420 1455.5
1245430 1458.2
1245440 1462.0
1245450 1467.8
1245460 1467.8
1245470 1469.5
1245480 1468.9
1245490 1468.9
1245500 1471.2
1245510 1474.8
1245520 1474.8
1245530 1476.3
1245540 1477.1
1245550 1477.1
1245560 1478.3
1245570 1477.1
1245580 1477.1
1245590 1476.6
1245600 1481.1
1245610 1481.1
1245620 1488.1
1245630 1492.2
1245640 1492.2
1245650 1493.6
1245660 1494.2
1245670 1494.2
1245680 1495.4
1245690 1497.5
1245700 1497.5
1245710 1499.3
1245720 1502.1
1245730 1503.1
1245740 1503.1
1245750 1501.7
1245760 1503.3
1245770 1503.3
1245780 1504.2
1245790 1504.9
1245800 1504.9
1245810 1505.6
1245820 1509.4
1245830 1509.4
1245840 1514.2
1245850 1517.7
1245860 1517.7
1245870 1520.9
1245880 1519.9
1245890 1519.9
1245900 1517.7
1245910 1520.1
1245920 1520.1
1245930 1520.8
1245940 1518.1
1245950 1518.1
1245960 1519.0
1245970 1523.1
1245980 1523.1
1245990 1525.6
1246000 1525.7
1246010 1525.7
1246020 1523.4
1246030 1525.1
1246040 1526.0
1246050 1526.0
1246060 1528.0
1246070 1532.1
1246080 1532.1
1246090 1534.1
1246100 1533.4
1246110 1533.4
1246120 1535.7
1246130 1540.4
1246140 1540.4
1246150 1544.7
1246160 1547.3
1246170 1547.3
1246180 1549.8
1246190 1551.4
1246200 1551.4
1246210 1553.1
1246220 1556.1
1246230 1556.1
1246240 1558.9
1246250 1561.4
1246260 1561.4
1246270 1562.8
1246280 1562.9
1246290 1562.9
1246300 1563.6
1246310 1564.7
1246320 1565.5
1246330 1565.5
1246340 1568.5
1246350 1570.9
1246360 1570.9
1246370 1574.2
1246380 1575.9
1246390 1575.9
1246400 1577.0
1246410 1577.3
1246420 1577.3
1246430 1577.6
1246440 1579.9
1246450 1579.9
1246460 1581.3
1246470 1582.2
1246480 1582.2
1246490 1583.9
1246500 1586.0
1246510 1586.0
1246520 1587.7
1246530 1589.2
1246540 1589.2
1246550 1590.4
1246560 1591.1
1246570 1591.1
1246580 1592.6
1246590 1594.9
1246600 1594.9
1246610 1596.9
1246620 1598.5
1246630 1600.1
1246640 1600.1
1246650 1601.1
1246660 1602.3
1246670 1602.3
1246680 1602.7
1246690 1603.5
1246700 1603.5
1246710 1605.0
1246720 1605.2
1246730 1605.2
1246740 1606.1
1246750 1607.8
1246760 1607.8
1246770 1609.3
1246780 1610.1
1246790 1610.1
1246800 1610.3
1246810 1609.6
1246820 1609.6
1246830 1607.7
1246840 1606.5
1246850 1606.5
1246860 1605.7
1246870 1604.0
1246880 1604.0
1246890 1603.8
1246900 1603.7
1246910 1602.2
1246920 1602.2
1246930 1600.3
1246940 1600.3
1246950 1600.3
1246960 1602.3
1246970 1603.9
1246980 1603.9
1246990 1604.5
1247000 1603.3
1247010 1603.3
1247020 1601.2
1247030 1601.0
1247040 1601.0
1247050 1601.0
1247060 1598.3
1247070 1598.3
1247080 1597.4
1247090 1595.9
1247100 1595.9
1247110 1594.4
1247120 1594.3
1247130 1594.3
1247140 1595.0
1247150 1595.4
1247160 1595.4
1247170 1595.4
1247180 1593.7
1247190 1593.7
1247200 1590.7
1247210 1588.1
1247220 1590.5
1247230 1590.5
1247240 1591.1
1247250 1591.8
1247260 1591.8
1247270 1593.2
1247280 1595.7
1247290 1595.7
1247300 1596.8
1247310 1597.2
1247320 1597.2
1247330 1597.5
1247340 1597.4
1247350 1597.4
1247360 1596.6
1247370 1595.3
1247380 1595.3
1247390 1593.8
1247400 1592.3
1247410 1592.3
1247420 1590.8
1247430 1589.7
1247440 1589.7
1247450 1589.5
1247460 1589.8
1247470 1589.8
1247480 1589.9
1247490 1589.7
1247500 1589.7
1247510 1589.3
1247520 1587.5
1247530 1586.6
1247540 1586.6
1247550 1584.4
1247560 1583.6
1247570 1583.6
1247580 1578.9
1247590 1572.9
1247600 1565.4
1247610 1559.0
1247620 1561.7
1247630 1561.7
1247640 1564.8
1247650 1563.6
1247660 1563.6
1247670 1559.0
1247680 1561.5
1247690 1561.5
1247700 1568.6
1247710 1574.2
1247720 1574.2
1247730 1573.6
1247740 1570.7
1247750 1570.7
1247760 1567.7
1247770 1568.6
1247780 1568.6
1247790 1570.3
1247800 1569.7
1247810 1572.7
1247820 1572.7
1247830 1580.1
1247840 1586.9
1247850 1586.9
1247860 1590.4
1247870 1593.4
1247880 1593.4
1247890 1594.6
1247900 1595.2
1247910 1595.2
1247920 1596.8
1247930 1595.0
1247940 1595.0
1247950 1592.8
1247960 1593.7
1247970 1593.7
1247980 1593.3
1247990 1590.7
1248000 1590.7
1248010 1588.8
1248020 1587.6
1248030 1587.6
1248040 1585.9
1248050 1583.3
1248060 1583.3
1248070 1580.3
1248080 1579.1
1248090 1579.1
1248100 1575.8
1248110 1571.6
1248120 1567.9
1248130 1567.9
1248140 1556.7
1248150 1553.7
1248160 1553.7
1248170 1551.3
1248180 1549.1
1248190 1549.1
1248200 1546.2
1248210 1543.1
1248220 1543.1
1248230 1540.0
1248240 1536.8
1248250 1536.8
1248260 1533.6
1248270 1532.8
1248280 1532.8
1248290 1531.2
1248300 1528.4
1248310 1528.4
1248320 1528.2
1248330 1527.0
1248340 1527.0
1248350 1523.9
1248360 1517.4
1248370 1517.4
1248380 1507.7
1248390 1502.1
1248400 1505.9
1248410 1505.9
1248420 1504.7
1248430 1501.7
1248440 1501.7
1248450 1497.8
1248460 1492.5
1248470 1492.5
1248480 1486.4
1248490 1481.9
1248500 1481.9
1248510 1479.9
1248520 1477.5
1248530 1477.5
1248540 1474.3
1248550 1469.8
1248560 1469.8
1248570 1464.8
1248580 1459.4
1248590 1459.4
1248600 1455.6
1248610 1453.4
1248620 1453.4
1248630 1450.5
1248640 1446.7
1248650 1446.7
1248660 1441.3
1248670 1436.2
1248680 1433.5
1248690 1428.1
1248700 1422.3
1248710 1415.1
1248720 1415.1
1248730 1408.5
1248740 1408.5
1248750 1408.5
1248760 1408.5
1248770 1406.3
1248780 1406.3
1248790 1403.4
1248800 1399.3
1248810 1399.3
1248820 1394.4
1248830 1389.0
1248840 1389.0
1248850 1382.8
1248860 1375.7
1248870 1375.7
1248880 1368.1
1248890 1368.8
1248900 1368.8
1248910 1374.3
1248920 1376.4
1248930 1376.4
1248940 1375.5
1248950 1373.2
1248960 1373.2
1248970 1368.5
1248980 1362.1
1248990 1354.7
1249000 1354.7
1249010 1347.1
1249020 1341.9
1249030 1341.9
1249040 1338.6
1249050 1335.1
1249060 1335.1
1249070 1330.1
1249080 1325.3
1249090 1325.3
1249100 1320.2
1249110 1315.9
1249120 1315.9
1249130 1313.1
1249140 1308.7
1249150 1308.7
1249160 1300.9
1249170 1291.6
1249180 1291.6
1249190 1284.7
1249200 1280.6
1249210 1280.6
1249220 1277.1
1249230 1272.3
1249240 1272.3
1249250 1267.0
1249260 1260.9
1249270 1260.9
1249280 1253.5
1249290 1246.4
1249300 1240.2
1249310 1240.2
1249320 1235.4
1249330 1230.5
1249340 1230.5
1249350 1226.2
1249360 1222.3
1249370 1222.3
1249380 1216.5
1249390 1213.0
1249400 1213.0
1249410 1213.8
1249420 1211.8
1249430 1211.8
1249440 1207.8
1249450 1201.1
1249460 1201.1
1249470 1194.9
1249480 1189.4
1249490 1189.4
1249500 1184.9
1249510 1182.0
1249520 1182.0
1249530 1177.9
1249540 1173.4
1249550 1173.4
1249560 1168.2
1249570 1162.4
1249580 1157.6
1249590 1157.6
1249600 1154.5
1249610 1149.7
1249620 1149.7
1249630 1144.7
1249640 1141.4
1249650 1141.4
1249660 1139.7
1249670 1137.4
1249680 1137.4
1249690 1135.6
1249700 1134.4
1249710 1134.4
1249720 1131.6
1249730 1124.3
1249740 1124.3
1249750 1116.9
1249760 1108.9
1249770 1108.9
1249780 1103.8
1249790 1100.8
1249800 1100.8
1249810 1098.4
1249820 1094.1
1249830 1094.1
1249840 1091.4
1249850 1089.2
1249860 1089.2
1249870 1086.1
1249880 1083.4
1249890 1081.2
1249900 1081.2
1249910 1079.1
1249920 1077.7
1249930 1077.7
1249940 1076.8
1249950 1076.1
1249960 1076.1
1249970 1075.3
1249980 1073.4
1249990 1073.4
1250000 1070.7
1250010 1068.0
1250020 1068.0
1250030 1067.0
1250040 1065.5
1250050 1065.5
1250060 1063.0
1250070 1060.8
1250080 1060.8
1250090 1058.7
1250100 1056.5
1250110 1056.5
1250120 1055.8
1250130 1055.2
1250140 1055.2
1250150 1052.1
1250160 1045.9
1250170 1038.5
1250180 1038.5
1250190 1031.3
1250200 1024.5
1250210 1024.5
1250220 1018.1
1250230 1012.6
1250240 1012.6
1250250 1008.6
1250260 1007.5
1250270 1007.5
1250280 1007.6
1250290 1007.1
1250300 1007.1
1250310 1004.9
1250320 1004.2
1250330 1004.2
1250340 1003.6
1250350 1002.4
1250360 1002.4
1250370 1001.5
1250380 1003.0
1250390 1003.0
1250400 1002.9
1250410 1003.0
1250420 1003.0
1250430 1003.0
1250440 1003.0
1250450 1003.0
1250460 1003.2
1250470 1003.3
1250480 1003.4
1250490 1003.4
1250500 1003.5
1250510 1003.8
1250520 1003.8
1250530 1004.1
1250540 1004.4
1250550 1004.4
1250560 1004.7
1250570 1005.0
1250580 1005.0
1250590 1005.5
1250600 1005.9
1250610 1005.9
1250620 1005.9
1250630 1006.3
1250640 1006.3
1250650 1006.7
1250660 1007.1
1250670 1007.1
1250680 1007.3
1250690 1007.2
1250700 1007.2
1250710 1007.5
1250720 1007.9
1250730 1007.9
1250740 1008.6
1250750 1009.0
1250760 1009.0
1250770 1009.0
1250780 1009.2
1250790 1009.8
1250800 1009.8
1250810 1010.7
1250820 1011.8
1250830 1011.8
1250840 1012.4
1250850 1012.5
1250860 1012.5
1250870 1013.0
1250880 1013.3
1250890 1013.3
1250900 1013.2
1250910 1013.5
1250920 1013.5
1250930 1013.4
1250940 1011.8
1250950 1011.8
1250960 1011.6
1250970 1011.7
1250980 1011.7
1250990 1012.6
1251000 1014.0
1251010 1014.0
1251020 1016.1
1251030 1018.8
1251040 1018.8
1251050 1026.2
1251060 1032.6
1251070 1038.1
1251080 1038.1
1251090 1042.6
1251100 1046.5
1251110 1046.5
1251120 1050.9
1251130 1054.3
1251140 1054.3
1251150 1055.3
1251160 1059.8
1251170 1059.8
1251180 1065.4
1251190 1071.3
1251200 1071.3
1251210 1075.8
1251220 1081.2
1251230 1081.2
1251240 1085.7
1251250 1091.1
1251260 1091.1
1251270 1095.9
1251280 1099.4
1251290 1099.4
1251300 1102.5
1251310 1106.2
1251320 1106.2
1251330 1112.4
1251340 1119.1
1251350 1119.1
1251360 1124.1
1251370 1128.8
1251380 1133.4
1251390 1133.4
1251400 1143.3
1251410 1147.0
1251420 1147.0
1251430 1149.8
1251440 1154.6
1251450 1154.6
1251460 1160.5
1251470 1166.7
1251480 1166.7
1251490 1171.0
1251500 1169.8
1251510 1169.8
1251520 1176.1
1251530 1184.6
1251540 1184.6
1251550 1188.8
1251560 1192.4
1251570 1192.4
1251580 1193.0
1251590 1192.8
1251600 1192.8
1251610 1194.9
1251620 1197.7
1251630 1197.7
1251640 1200.4
1251650 1202.8
1251660 1204.9
1251670 1204.9
1251680 1206.2
1251690 1207.0
1251700 1207.0
1251710 1209.4
1251720 1212.2
1251730 1212.2
1251740 1215.1
1251750 1218.4
1251760 1218.4
1251770 1223.0
1251780 1227.5
1251790 1227.5
1251800 1231.9
1251810 1235.9
1251820 1235.9
1251830 1239.4
1251840 1241.9
1251850 1241.9
1251860 1244.2
1251870 1246.9
1251880 1246.9
1251890 1249.3
1251900 1252.3
1251910 1252.3
1251920 1254.3
1251930 1254.2
1251940 1254.2
1251950 1259.5
1251960 1260.0
1251970 1260.3
1251980 1260.3
1251990 1258.7
1252000 1254.4
1252010 1254.4
1252020 1250.3
1252030 1247.3
1252040 1247.3
1252050 1241.5
1252060 1234.9
1252070 1234.9
1252080 1228.7
1252090 1222.8
1252100 1222.8
1252110 1218.5
1252120 1216.4
1252130 1216.4
1252140 1215.5
1252150 1214.6
1252160 1214.6
1252170 1213.6
1252180 1213.3
1252190 1213.3
1252200 1213.9
1252210 1213.2
1252220 1213.2
1252230 1212.2
1252240 1211.1
1252250 1209.6
1252260 1209.6
1252270 1208.1
1252280 1206.6
1252290 1206.6
1252300 1205.6
1252310 1205.9
1252320 1205.9
1252330 1205.1
1252340 1203.7
1252350 1203.7
1252360 1202.0
1252370 1201.1
1252380 1201.1
1252390 1201.1
1252400 1200.3
1252410 1200.3
1252420 1198.6
1252430 1198.0
1252440 1198.0
1252450 1197.0
1252460 1195.5
1252470 1195.5
1252480 1193.4
1252490 1196.7
1252500 1196.7
1252510 1197.9
1252520 1196.6
1252530 1196.6
1252540 1192.1
1252550 1186.3
1252560 1185.3
1252570 1185.3
1252580 1186.9
1252590 1187.4
1252600 1187.4
1252610 1187.6
1252620 1187.1
1252630 1187.1
1252640 1186.3
1252650 1186.4
1252660 1186.4
1252670 1187.6
1252680 1189.1
1252690 1189.1
1252700 1189.8
1252710 1190.9
1252720 1190.9
1252730 1192.2
1252740 1194.6
1252750 1194.6
1252760 1196.8
1252770 1197.7
1252780 1197.7
1252790 1198.7
1252800 1200.6
1252810 1200.6
1252820 1202.9
1252830 1205.6
1252840 1208.8
1252850 1208.8
1252860 1211.6
1252870 1213.7
1252880 1213.7
1252890 1214.8
1252900 1215.7
1252910 1215.7
1252920 1216.9
1252930 1219.3
1252940 1219.3
1252950 1220.8
1252960 1221.2
1252970 1221.2
1252980 1221.3
1252990 1222.3
1253000 1222.3
1253010 1223.5
1253020 1224.2
1253030 1224.2
1253040 1227.5
1253050 1226.5
1253060 1226.5
1253070 1225.2
1253080 1223.4
1253090 1223.4
1253100 1222.5
1253110 1221.4
1253120 1221.4
1253130 1218.2
1253140 1214.4
1253150 1211.1
1253160 1211.1
1253170 1207.3
1253180 1205.9
1253190 1205.9
1253200 1202.0
1253210 1192.9
1253220 1192.9
1253230 1194.6
1253240 1204.4
1253250 1204.4
1253260 1212.0
1253270 1216.0
1253280 1216.0
1253290 1221.0
1253300 1228.3
1253310 1228.3
1253320 1234.1
1253330 1238.1
1253340 1238.1
1253350 1243.5
1253360 1249.3
1253370 1249.3
1253380 1254.6
1253390 1258.5
1253400 1258.5
1253410 1262.0
1253420 1265.1
1253430 1267.9
1253440 1267.9
1253450 1270.3
1253460 1271.9
1253470 1271.9
1253480 1272.4
1253490 1271.5
1253500 1271.5
1253510 1269.3
1253520 1267.8
1253530 1267.8
1253540 1266.5
1253550 1264.9
1253560 1264.9
1253570 1261.8
1253580 1260.4
1253590 1260.4
1253600 1271.0
1253610 1271.1
1253620 1271.1
1253630 1270.4
1253640 1269.2
1253650 1269.2
1253660 1266.1
1253670 1260.7
1253680 1260.7
1253690 1254.3
1253700 1247.8
1253710 1247.8
1253720 1242.6
1253730 1235.6
1253740 1227.1
1253750 1227.1
1253760 1206.3
1253770 1193.6
1253780 1193.6
1253790 1194.0
1253800 1201.5
1253810 1201.5
1253820 1213.3
1253830 1224.6
1253840 1224.6
1253850 1232.5
1253860 1242.8
1253870 1242.8
1253880 1256.1
1253890 1266.1
1253900 1266.1
1253910 1270.9
1253920 1271.7
1253930 1271.7
1253940 1276.0
1253950 1282.7
1253960 1282.7
1253970 1291.2
1253980 1296.2
1253990 1296.2
1254000 1298.5
1254010 1300.5
1254020 1302.6
1254030 1302.6
1254040 1303.9
1254050 1303.2
1254060 1303.2
1254070 1301.7
1254080 1300.4
1254090 1300.4
1254100 1299.0
1254110 1296.8
1254120 1296.8
1254130 1295.5
1254140 1295.0
1254150 1302.8
1254160 1302.1
1254170 1300.8
1254180 1300.8
1254190 1300.8
1254200 1300.5
1254210 1300.5
1254220 1299.7
1254230 1298.8
1254240 1298.8
1254250 1298.1
1254260 1295.7
1254270 1295.7
1254280 1292.2
1254290 1289.3
1254300 1289.3
1254310 1288.2
1254320 1285.5
1254330 1283.1
1254340 1283.1
1254350 1280.4
1254360 1276.6
1254370 1276.6
1254380 1273.2
1254390 1269.5
1254400 1269.5
1254410 1263.0
1254420 1254.3
1254430 1254.3
1254440 1251.8
1254450 1255.2
1254460 1255.2
1254470 1253.6
1254480 1251.6
1254490 1251.6
1254500 1249.9
1254510 1247.6
1254520 1247.6
1254530 1245.0
1254540 1242.1
1254550 1242.1
1254560 1239.2
1254570 1236.8
1254580 1236.8
1254590 1234.1
1254600 1230.6
1254610 1224.1
1254620 1224.1
1254630 1217.8
1254640 1212.2
1254650 1212.2
1254660 1207.3
1254670 1202.0
1254680 1202.0
1254690 1198.9
1254700 1204.0
1254710 1204.0
1254720 1200.7
1254730 1197.6
1254740 1197.6
1254750 1197.2
1254760 1197.0
1254770 1197.0
1254780 1193.9
1254790 1192.3
1254800 1192.3
1254810 1192.1
1254820 1190.8
1254830 1190.8
1254840 1191.3
1254850 1191.2
1254860 1191.2
1254870 1189.6
1254880 1185.8
1254890 1185.8
1254900 1181.9
1254910 1181.3
1254920 1183.2
1254930 1183.2
1254940 1181.0
1254950 1175.3
1254960 1175.3
1254970 1167.8
1254980 1156.3
1254990 1156.3
1255000 1147.4
1255010 1155.2
1255020 1155.2
1255030 1167.3
1255040 1174.0
1255050 1174.0
1255060 1174.9
1255070 1174.3
1255080 1174.3
1255090 1173.4
1255100 1172.1
1255110 1172.1
1255120 1169.8
1255130 1169.1
1255140 1169.1
1255150 1170.4
1255160 1173.6
1255170 1173.6
1255180 1177.5
1255190 1178.0
1255200 1178.0
1255210 1174.6
1255220 1170.4
1255230 1167.2
1255240 1167.2
1255250 1166.1
1255260 1169.0
1255270 1169.0
1255280 1167.1
1255290 1165.0
1255300 1165.0
1255310 1164.8
1255320 1165.6
1255330 1165.6
1255340 1166.3
1255350 1164.5
1255360 1164.5
1255370 1158.9
1255380 1152.6
1255390 1152.6
1255400 1145.2
1255410 1135.6
1255420 1135.6
1255430 1124.6
1255440 1110.3
1255450 1110.3
1255460 1103.0
1255470 1108.2
1255480 1108.2
1255490 1118.4
1255500 1125.4
1255510 1134.7
1255520 1134.7
1255530 1142.2
1255540 1144.6
1255550 1144.6
1255560 1141.4
1255570 1139.0
1255580 1139.0
1255590 1139.6
1255600 1137.6
1255610 1137.6
1255620 1134.2
1255630 1134.0
1255640 1134.0
1255650 1135.9
1255660 1136.3
1255670 1136.3
1255680 1134.8
1255690 1130.3
1255700 1130.3
1255710 1127.6
1255720 1130.1
1255730 1130.1
1255740 1132.9
1255750 1135.1
1255760 1135.1
1255770 1136.8
1255780 1136.2
1255790 1136.2
1255800 1137.3
1255810 1137.1
1255820 1140.6
1255830 1140.6
1255840 1138.5
1255850 1136.4
1255860 1136.4
1255870 1133.6
1255880 1130.7
1255890 1130.7
1255900 1128.1
1255910 1124.9
1255920 1124.9
1255930 1121.0
1255940 1108.6
1255950 1108.6
1255960 1085.4
1255970 1073.3
1255980 1073.3
1255990 1064.4
1256000 1056.0
1256010 1056.0
1256020 1054.6
1256030 1057.8
1256040 1057.8
1256050 1058.2
1256060 1059.6
1256070 1059.6
1256080 1060.9
1256090 1064.1
1256100 1071.5
1256110 1071.5
1256120 1079.6
1256130 1084.4
1256140 1084.4
1256150 1087.3
1256160 1086.3
1256170 1086.3
1256180 1080.3
1256190 1078.4
1256200 1078.4
1256210 1082.2
1256220 1090.2
1256230 1090.2
1256240 1096.3
1256250 1100.3
1256260 1100.3
1256270 1104.7
1256280 1108.8
1256290 1108.8
1256300 1108.2
1256310 1106.9
1256320 1106.9
1256330 1108.0
1256340 1109.6
1256350 1109.6
1256360 1111.3
1256370 1112.2
1256380 1117.2
1256390 1114.5
1256400 1111.4
1256410 1111.5
1256420 1111.5
1256430 1111.3
1256440 1110.7
1256450 1110.7
1256460 1113.7
1256470 1117.7
1256480 1117.7
1256490 1114.9
1256500 1113.0
1256510 1113.0
1256520 1115.4
1256530 1117.8
1256540 1117.8
1256550 1119.7
1256560 1119.8
1256570 1119.8
1256580 1118.0
1256590 1118.2
1256600 1118.2
1256610 1118.0
1256620 1117.4
1256630 1117.4
1256640 1116.5
1256650 1115.4
1256660 1115.4
1256670 1114.7
1256680 1113.8
1256690 1113.1
1256700 1113.1
1256710 1112.8
1256720 1111.0
1256730 1111.0
1256740 1107.8
1256750 1107.3
1256760 1107.3
1256770 1112.0
1256780 1112.8
1256790 1112.8
1256800 1112.6
1256810 1112.5
1256820 1112.5
1256830 1112.2
1256840 1111.9
1256850 1111.9
1256860 1111.2
1256870 1113.2
1256880 1113.2
1256890 1113.0
1256900 1111.5
1256910 1111.5
1256920 1108.5
1256930 1110.5
1256940 1119.2
1256950 1123.3
1256960 1125.9
1256970 1125.9
1256980 1127.7
1256990 1129.1
1257000 1130.0
1257010 1130.0
1257020 1130.9
1257030 1132.3
1257040 1132.3
1257050 1133.1
1257060 1135.1
1257070 1135.1
1257080 1136.1
1257090 1135.8
1257100 1135.8
1257110 1135.6
1257120 1136.1
1257130 1136.1
1257140 1137.2
1257150 1137.7
1257160 1137.7
1257170 1137.8
1257180 1137.9
1257190 1137.9
1257200 1138.8
1257210 1138.3
1257220 1138.3
1257230 1137.5
1257240 1135.2
1257250 1135.2
1257260 1130.8
1257270 1128.0
1257280 1127.5
1257290 1127.5
1257300 1128.5
1257310 1133.2
1257320 1133.2
1257330 1138.3
1257340 1142.2
1257350 1142.2
1257360 1143.8
1257370 1141.9
1257380 1141.9
1257390 1140.0
1257400 1138.1
1257410 1138.1
1257420 1136.3
1257430 1135.3
1257440 1135.3
1257450 1133.8
1257460 1132.7
1257470 1132.7
1257480 1131.1
1257490 1133.7
1257500 1137.5
1257510 1138.2
1257520 1137.7
1257530 1137.7
1257540 1136.4
1257550 1134.3
1257560 1134.3
1257570 1132.3
1257580 1130.2
1257590 1128.1
1257600 1128.1
1257610 1126.4
1257620 1123.7
1257630 1123.7
1257640 1120.9
1257650 1117.8
1257660 1117.8
1257670 1114.9
1257680 1110.2
1257690 1110.2
1257700 1105.2
1257710 1100.9
1257720 1100.9
1257730 1095.7
1257740 1092.5
1257750 1092.5
1257760 1089.9
1257770 1085.5
1257780 1085.5
1257790 1083.0
1257800 1086.9
1257810 1086.9
1257820 1092.2
1257830 1092.7
1257840 1092.7
1257850 1091.9
1257860 1091.4
1257870 1090.1
1257880 1090.1
1257890 1087.9
1257900 1083.5
1257910 1083.5
1257920 1080.2
1257930 1076.8
1257940 1076.8
1257950 1074.9
1257960 1073.1
1257970 1073.1
1257980 1072.1
1257990 1071.8
1258000 1071.8
1258010 1070.1
1258020 1068.6
1258030 1068.6
1258040 1065.4
1258050 1061.1
1258060 1067.6
1258070 1064.8
1258080 1062.2
1258090 1062.2
1258100 1059.7
1258110 1056.1
1258120 1056.1
1258130 1051.1
1258140 1047.3
1258150 1047.3
1258160 1047.1
1258170 1048.5
1258180 1050.5
1258190 1050.5
1258200 1049.9
1258210 1047.8
1258220 1047.8
1258230 1046.2
1258240 1044.9
1258250 1044.9
1258260 1042.9
1258270 1040.8
1258280 1040.8
1258290 1037.3
1258300 1032.5
1258310 1032.5
1258320 1030.7
1258330 1033.7
1258340 1033.7
1258350 1034.8
1258360 1032.3
1258370 1032.3
1258380 1025.7
1258390 1017.7
1258400 1017.7
1258410 1011.1
1258420 1006.7
1258430 1006.7
1258440 1002.5
1258450 998.6
1258460 996.9
1258470 996.9
1258480 998.1
1258490 1002.4
1258500 1002.4
1258510 1006.7
1258520 1010.7
1258530 1010.7
1258540 1015.9
1258550 1031.6
1258560 1031.6
1258570 1045.9
1258580 1049.1
1258590 1049.1
1258600 1042.3
1258610 1037.2
1258620 1025.6
1258630 1042.1
1258640 1052.8
1258650 1052.8
1258660 1055.1
1258670 1057.3
1258680 1057.3
1258690 1059.7
1258700 1061.5
1258710 1061.5
1258720 1063.2
1258730 1064.6
1258740 1064.6
1258750 1066.4
1258760 1067.7
1258770 1068.9
1258780 1068.9
1258790 1070.1
1258800 1070.5
1258810 1070.5
1258820 1071.0
1258830 1073.3
1258840 1073.3
1258850 1076.2
1258860 1077.9
1258870 1077.9
1258880 1079.3
1258890 1081.1
1258900 1081.1
1258910 1082.3
1258920 1084.3
1258930 1084.3
1258940 1085.6
1258950 1087.3
1258960 1087.3
1258970 1089.5
1258980 1091.9
1258990 1091.9
1259000 1093.0
1259010 1094.7
1259020 1094.7
1259030 1096.6
1259040 1099.3
1259050 1101.5
1259060 1101.5
1259070 1102.0
1259080 1103.2
1259090 1103.2
1259100 1104.1
1259110 1102.6
1259120 1102.6
1259130 1098.9
1259140 1104.9
1259150 1104.9
1259160 1108.7
1259170 1110.2
1259180 1110.2
1259190 1108.4
1259200 1109.3
1259210 1109.3
1259220 1110.3
1259230 1111.5
1259240 1111.5
1259250 1112.6
1259260 1114.0
1259270 1114.0
1259280 1115.6
1259290 1117.9
1259300 1117.9
1259310 1120.5
1259320 1123.3
1259330 1123.3
1259340 1125.2
1259350 1125.6
1259360 1125.5
1259370 1125.5
1259380 1125.7
1259390 1126.0
1259400 1126.0
1259410 1126.4
1259420 1127.0
1259430 1127.0
1259440 1127.7
1259450 1128.3
1259460 1128.3
1259470 1129.2
1259480 1129.6
1259490 1129.6
1259500 1129.8
1259510 1129.8
1259520 1129.8
1259530 1129.2
1259540 1128.7
1259550 1128.7
1259560 1128.3
1259570 1127.3
1259580 1127.3
1259590 1125.9
1259600 1124.7
1259610 1124.7
1259620 1123.2
1259630 1122.8
1259640 1122.8
1259650 1125.0
1259660 1125.7
1259670 1125.6
1259680 1125.6
1259690 1125.6
1259700 1125.1
1259710 1125.1
1259720 1124.6
1259730 1124.6
1259740 1124.6
1259750 1122.3
1259760 1116.2
1259770 1116.2
1259780 1114.2
1259790 1113.0
1259800 1113.0
1259810 1115.8
1259820 1116.9
1259830 1116.9
1259840 1116.8
1259850 1116.1
1259860 1116.1
1259870 1114.6
1259880 1113.1
1259890 1113.1
1259900 1112.4
1259910 1110.8
1259920 1110.8
1259930 1109.4
1259940 1108.1
1259950 1106.7
1259960 1106.7
1259970 1105.4
1259980 1105.2
1259990 1105.2
