1240000 1340.7
1240010 1337.9
1240020 1333.8
1240030 1333.8
1240040 1328.7
1240050 1321.7
1240060 1321.7
1240070 1316.9
1240080 1313.5
1240090 1313.5
1240100 1306.4
1240110 1304.4
1240120 1304.4
1240130 1304.1
1240140 1302.4
1240150 1295.1
1240160 1292.8
1240170 1289.4
1240180 1289.4
1240190 1286.3
1240200 1285.9
1240210 1285.9
1240220 1285.5
1240230 1283.5
1240240 1280.7
1240250 1280.7
1240260 1277.1
1240270 1273.4
1240280 1273.4
1240290 1271.2
1240300 1269.4
1240310 1269.4
1240320 1268.3
1240330 1267.8
1240340 1267.8
1240350 1266.5
1240360 1263.9
1240370 1263.9
1240380 1260.5
1240390 1258.9
1240400 1258.9
1240410 1259.5
1240420 1259.4
1240430 1259.4
1240440 1257.5
1240450 1257.2
1240460 1257.2
1240470 1257.3
1240480 1255.6
1240490 1255.6
1240500 1252.4
1240510 1248.9
1240520 1244.4
1240530 1244.4
1240540 1239.5
1240550 1237.5
1240560 1237.5
1240570 1236.2
1240580 1235.4
1240590 1235.4
1240600 1233.4
1240610 1229.7
1240620 1229.7
1240630 1224.6
1240640 1220.2
1240650 1220.2
1240660 1216.5
1240670 1208.1
1240680 1208.1
1240690 1204.7
1240700 1200.5
1240710 1200.5
1240720 1196.5
1240730 1193.2
1240740 1193.2
1240750 1190.4
1240760 1187.6
1240770 1187.6
1240780 1186.3
1240790 1184.7
1240800 1184.7
1240810 1180.8
1240820 1178.7
1240830 1177.1
1240840 1177.1
1240850 1176.5
1240860 1176.7
1240870 1176.7
1240880 1174.8
1240890 1171.8
1240900 1171.8
1240910 1169.6
1240920 1167.2
1240930 1167.2
1240940 1164.4
1240950 1161.1
1240960 1161.1
1240970 1158.9
1240980 1155.8
1240990 1155.8
1241000 1152.5
1241010 1150.0
1241020 1150.0
1241030 1148.2
1241040 1145.4
1241050 1145.4
1241060 1140.6
1241070 1136.9
1241080 1136.9
1241090 1136.1
1241100 1134.0
1241110 1129.5
1241120 1129.5
1241130 1128.3
1241140 1125.7
1241150 1125.7
1241160 1123.7
1241170 1123.0
1241180 1123.0
1241190 1122.5
1241200 1122.6
1241210 1122.6
1241220 1122.6
1241230 1122.6
1241240 1122.6
1241250 1122.7
1241260 1122.9
1241270 1122.9
1241280 1122.7
1241290 1122.3
1241300 1122.3
1241310 1122.1
1241320 1122.1
1241330 1122.1
1241340 1122.1
1241350 1122.2
1241360 1122.2
1241370 1122.3
1241380 1122.2
1241390 1122.2
1241400 1122.3
1241410 1122.3
1241420 1122.4
1241430 1122.4
1241440 1122.4
1241450 1122.5
1241460 1122.5
1241470 1122.5
1241480 1122.4
1241490 1122.4
1241500 1122.1
1241510 1121.9
1241520 1121.9
1241530 1121.8
1241540 1121.6
1241550 1121.6
1241560 1121.3
1241570 1121.2
1241580 1121.2
1241590 1121.1
1241600 1121.1
1241610 1121.1
1241620 1120.9
1241630 1120.9
1241640 1120.9
1241650 1120.8
1241660 1120.7
1241670 1120.7
1241680 1120.6
1241690 1120.6
1241700 1120.5
1241710 1120.5
1241720 1120.6
1241730 1120.3
1241740 1120.3
1241750 1120.1
1241760 1119.9
1241770 1119.9
1241780 1119.7
1241790 1119.5
1241800 1119.5
1241810 1119.5
1241820 1119.3
1241830 1119.3
1241840 1119.1
1241850 1118.9
1241860 1118.9
1241870 1118.7
1241880 1118.5
1241890 1118.5
1241900 1118.2
1241910 1118.0
1241920 1118.0
1241930 1117.9
1241940 1117.7
1241950 1117.7
1241960 1117.5
1241970 1117.3
1241980 1117.3
1241990 1117.2
1242000 1117.0
1242010 1116.9
1242020 1116.9
1242030 1116.8
1242040 1116.7
1242050 1116.7
1242060 1116.6
1242070 1116.5
1242080 1116.5
1242090 1116.3
1242100 1116.1
1242110 1116.1
1242120 1115.9
1242130 1115.6
1242140 1115.6
1242150 1115.4
1242160 1115.2
1242170 1115.2
1242180 1114.9
1242190 1114.7
1242200 1114.7
1242210 1114.5
1242220 1114.5
1242230 1114.5
1242240 1114.3
1242250 1114.1
1242260 1114.1
1242270 1113.9
1242280 1113.7
1242290 1113.7
1242300 1113.5
1242310 1113.3
1242320 1113.2
1242330 1113.2
1242340 1113.0
1242350 1113.0
1242360 1113.0
1242370 1113.2
1242380 1112.9
1242390 1112.9
1242400 1112.3
1242410 1112.1
1242420 1112.1
1242430 1112.0
1242440 1111.8
1242450 1111.8
1242460 1111.7
1242470 1111.6
1242480 1111.6
1242490 1111.3
1242500 1111.1
1242510 1111.1
1242520 1111.0
1242530 1110.9
1242540 1110.9
1242550 1110.8
1242560 1110.7
1242570 1110.7
1242580 1110.6
1242590 1110.4
1242600 1110.3
1242610 1110.3
1242620 1110.1
1242630 1109.9
1242640 1109.9
1242650 1109.7
1242660 1109.6
1242670 1109.6
1242680 1109.6
1242690 1109.5
1242700 1109.5
1242710 1109.3
1242720 1109.1
1242730 1109.1
1242740 1108.9
1242750 1108.6
1242760 1108.6
1242770 1108.4
1242780 1108.0
1242790 1108.0
1242800 1107.8
1242810 1107.7
1242820 1107.7
1242830 1107.6
1242840 1107.6
1242850 1107.6
1242860 1107.5
1242870 1107.3
1242880 1107.3
1242890 1107.7
1242900 1108.8
1242910 1109.1
1242920 1109.1
1242930 1108.8
1242940 1108.1
1242950 1108.1
1242960 1107.1
1242970 1106.5
1242980 1106.5
1242990 1105.5
1243000 1104.8
1243010 1104.8
1243020 1104.7
1243030 1105.3
1243040 1105.3
1243050 1105.0
1243060 1104.3
1243070 1104.3
1243080 1103.9
1243090 1103.8
1243100 1103.8
1243110 1104.6
1243120 1105.7
1243130 1105.7
1243140 1105.8
1243150 1105.5
1243160 1105.5
1243170 1105.2
1243180 1104.8
1243190 1104.5
1243200 1104.5
1243210 1104.2
1243220 1103.9
1243230 1103.9
1243240 1103.6
1243250 1103.7
1243260 1103.7
1243270 1103.9
1243280 1103.6
1243290 1103.7
1243300 1103.6
1243310 1103.4
1243320 1103.4
1243330 1103.1
1243340 1102.5
1243350 1102.5
1243360 1102.3
1243370 1102.3
1243380 1102.3
1243390 1102.3
1243400 1102.1
1243410 1102.1
1243420 1102.0
1243430 1101.6
1243440 1101.6
1243450 1101.4
1243460 1101.2
1243470 1101.2
1243480 1101.0
1243490 1101.5
1243500 1102.3
1243510 1102.3
1243520 1101.2
1243530 1100.8
1243540 1100.8
1243550 1100.5
1243560 1101.2
1243570 1101.2
1243580 1101.5
1243590 1100.8
1243600 1100.8
1243610 1100.6
1243620 1101.3
1243630 1101.3
1243640 1105.3
1243650 1111.9
1243660 1111.9
1243670 1118.0
1243680 1124.7
1243690 1124.7
1243700 1129.7
1243710 1133.6
1243720 1133.6
1243730 1137.6
1243740 1141.9
1243750 1141.9
1243760 1145.8
1243770 1147.7
1243780 1148.6
1243790 1148.6
1243800 1149.7
1243810 1151.0
1243820 1152.4
1243830 1152.9
1243840 1154.4
1243850 1154.4
1243860 1155.9
1243870 1158.3
1243880 1158.3
1243890 1160.0
1243900 1161.2
1243910 1161.2
1243920 1162.7
1243930 1164.8
1243940 1164.8
1243950 1167.6
1243960 1170.2
1243970 1170.2
1243980 1172.4
1243990 1174.6
1244000 1174.6
1244010 1177.1
1244020 1179.4
1244030 1179.4
1244040 1181.7
1244050 1185.8
1244060 1185.8
1244070 1191.2
1244080 1197.3
1244090 1204.6
1244100 1204.6
1244110 1212.3
1244120 1220.3
1244130 1220.3
1244140 1227.2
1244150 1232.3
1244160 1232.3
1244170 1238.2
1244180 1243.9
1244190 1243.9
1244200 1247.5
1244210 1251.7
1244220 1251.7
1244230 1256.1
1244240 1261.7
1244250 1261.7
1244260 1266.8
1244270 1270.6
1244280 1270.6
1244290 1275.1
1244300 1277.8
1244310 1277.8
1244320 1279.0
1244330 1281.5
1244340 1281.5
1244350 1288.7
1244360 1295.8
1244370 1301.9
1244380 1301.9
1244390 1305.2
1244400 1307.8
1244410 1307.8
1244420 1310.1
1244430 1312.8
1244440 1312.8
1244450 1316.7
1244460 1320.8
1244470 1320.8
1244480 1324.8
1244490 1328.3
1244500 1328.3
1244510 1331.8
1244520 1335.9
1244530 1335.9
1244540 1339.7
1244550 1342.5
1244560 1342.5
1244570 1344.0
1244580 1344.5
1244590 1344.5
1244600 1344.6
1244610 1345.1
1244620 1345.1
1244630 1346.4
1244640 1348.4
1244650 1348.4
1244660 1349.7
1244670 1350.1
1244680 1351.1
1244690 1351.1
1244700 1352.6
1244710 1354.8
1244720 1354.8
1244730 1357.6
1244740 1360.3
1244750 1360.3
1244760 1361.1
1244770 1360.4
1244780 1360.4
1244790 1358.0
1244800 1357.3
1244810 1357.3
1244820 1357.0
1244830 1356.3
1244840 1356.3
1244850 1355.4
1244860 1356.5
1244870 1356.5
1244880 1356.2
1244890 1355.7
1244900 1355.7
1244910 1356.7
1244920 1357.5
1244930 1357.5
1244940 1358.5
1244950 1359.6
1244960 1360.7
1244970 1360.7
1244980 1361.8
1244990 1363.0
1245000 1363.0
1245010 1363.9
1245020 1364.7
1245030 1364.7
1245040 1365.6
1245050 1366.6
1245060 1366.6
1245070 1368.0
1245080 1369.4
1245090 1369.4
1245100 1370.9
1245110 1372.4
1245120 1372.4
1245130 1373.8
1245140 1374.9
1245150 1374.9
1245160 1375.5
1245170 1376.2
1245180 1376.2
1245190 1377.8
1245200 1379.8
1245210 1379.8
1245220 1382.2
1245230 1384.6
1245240 1384.6
1245250 1386.4
1245260 1386.9
1245270 1382.2
1245280 1382.2
1245290 1375.6
1245300 1372.3
1245310 1372.3
1245320 1373.4
1245330 1377.2
1245340 1377.2
1245350 1382.1
1245360 1388.5
1245370 1388.5
1245380 1394.8
1245390 1395.2
1245400 1395.2
1245410 1395.6
1245420 1392.8
1245430 1392.8
1245440 1390.5
1245450 1392.6
1245460 1392.6
1245470 1399.0
1245480 1403.2
1245490 1403.2
1245500 1406.8
1245510 1410.8
1245520 1410.8
1245530 1413.0
1245540 1411.8
1245550 1409.5
1245560 1409.5
1245570 1407.5
1245580 1407.5
1245590 1407.5
1245600 1409.2
1245610 1411.2
1245620 1411.2
1245630 1414.2
1245640 1418.2
1245650 1418.2
1245660 1421.6
1245670 1422.9
1245680 1422.9
1245690 1422.4
1245700 1418.6
1245710 1418.6
1245720 1415.7
1245730 1421.7
1245740 1421.7
1245750 1427.0
1245760 1431.2
1245770 1431.2
1245780 1434.9
1245790 1437.9
1245800 1437.9
1245810 1438.8
1245820 1441.0
1245830 1441.0
1245840 1442.8
1245850 1439.1
1245860 1433.8
1245870 1433.8
1245880 1436.3
1245890 1440.3
1245900 1440.3
1245910 1444.6
1245920 1449.0
1245930 1449.0
1245940 1453.2
1245950 1458.1
1245960 1458.1
1245970 1460.7
1245980 1457.8
1245990 1457.8
1246000 1455.4
1246010 1456.6
1246020 1456.6
1246030 1458.7
1246040 1458.3
1246050 1458.3
1246060 1456.0
1246070 1457.7
1246080 1457.7
1246090 1463.7
1246100 1469.2
1246110 1469.2
1246120 1473.3
1246130 1475.5
1246140 1476.4
1246150 1476.4
1246160 1478.2
1246170 1480.1
1246180 1480.1
1246190 1481.0
1246200 1477.6
1246210 1477.6
1246220 1472.7
1246230 1475.6
1246240 1475.6
1246250 1481.6
1246260 1483.8
1246270 1483.8
1246280 1485.8
1246290 1487.4
1246300 1487.4
1246310 1487.7
1246320 1489.1
1246330 1489.1
1246340 1491.4
1246350 1495.3
1246360 1495.3
1246370 1499.9
1246380 1504.5
1246390 1504.5
1246400 1508.6
1246410 1512.4
1246420 1512.4
1246430 1515.2
1246440 1515.9
1246450 1517.3
1246460 1517.3
1246470 1517.8
1246480 1518.0
1246490 1516.6
1246500 1516.1
1246510 1513.4
1246520 1513.4
1246530 1511.0
1246540 1510.5
1246550 1510.5
1246560 1509.4
1246570 1507.3
1246580 1507.3
1246590 1506.2
1246600 1505.3
1246610 1505.3
1246620 1503.6
1246630 1503.7
1246640 1503.7
1246650 1504.8
1246660 1503.9
1246670 1503.9
1246680 1502.8
1246690 1502.0
1246700 1502.0
1246710 1501.3
1246720 1500.2
1246730 1498.7
1246740 1498.7
1246750 1496.6
1246760 1494.5
1246770 1494.5
1246780 1490.9
1246790 1486.4
1246800 1486.4
1246810 1481.4
1246820 1476.0
1246830 1476.0
1246840 1474.4
1246850 1471.4
1246860 1471.4
1246870 1469.2
1246880 1467.5
1246890 1467.5
1246900 1461.0
1246910 1451.2
1246920 1451.2
1246930 1445.1
1246940 1446.3
1246950 1446.3
1246960 1449.4
1246970 1446.0
1246980 1446.0
1246990 1438.0
1247000 1430.6
1247010 1430.6
1247020 1425.4
1247030 1432.5
1247040 1441.7
1247050 1441.7
1247060 1450.3
1247070 1455.3
1247080 1455.3
1247090 1458.9
1247100 1462.2
1247110 1462.2
1247120 1464.7
1247130 1465.6
1247140 1465.6
1247150 1466.7
1247160 1467.6
1247170 1467.6
1247180 1470.6
1247190 1472.3
1247200 1472.3
1247210 1472.0
1247220 1470.2
1247230 1470.2
1247240 1466.9
1247250 1463.9
1247260 1463.9
1247270 1467.2
1247280 1473.8
1247290 1473.8
1247300 1476.9
1247310 1478.5
1247320 1478.5
1247330 1479.4
1247340 1478.7
1247350 1477.6
1247360 1477.6
1247370 1478.4
1247380 1479.9
1247390 1479.9
1247400 1480.1
1247410 1479.3
1247420 1479.3
1247430 1478.1
1247440 1476.8
1247450 1476.8
1247460 1475.3
1247470 1472.9
1247480 1472.9
1247490 1468.8
1247500 1464.8
1247510 1464.8
1247520 1461.2
1247530 1457.9
1247540 1457.9
1247550 1454.2
1247560 1446.7
1247570 1446.7
1247580 1444.8
1247590 1441.3
1247600 1441.3
1247610 1440.0
1247620 1438.2
1247630 1433.0
1247640 1433.0
1247650 1426.9
1247660 1425.4
1247670 1425.4
1247680 1434.4
1247690 1440.7
1247700 1440.7
1247710 1444.0
1247720 1445.7
1247730 1445.7
1247740 1447.2
1247750 1450.3
1247760 1450.3
1247770 1452.7
1247780 1453.9
1247790 1453.9
1247800 1453.6
1247810 1453.1
1247820 1453.1
1247830 1453.0
1247840 1451.6
1247850 1451.6
1247860 1448.8
1247870 1443.3
1247880 1443.3
1247890 1437.3
1247900 1435.0
1247910 1435.0
1247920 1434.4
1247930 1433.2
1247940 1432.2
1247950 1432.2
1247960 1431.3
1247970 1429.9
1247980 1429.9
1247990 1428.2
1248000 1426.1
1248010 1426.1
1248020 1424.7
1248030 1424.1
1248040 1424.1
1248050 1424.6
1248060 1423.7
1248070 1423.7
1248080 1422.0
1248090 1419.5
1248100 1415.2
1248110 1411.4
1248120 1408.9
1248130 1408.9
1248140 1409.5
1248150 1406.7
1248160 1406.7
1248170 1402.5
1248180 1398.8
1248190 1398.8
1248200 1395.7
1248210 1393.5
1248220 1389.8
1248230 1389.8
1248240 1386.6
1248250 1385.1
1248260 1385.1
1248270 1383.2
1248280 1380.6
1248290 1380.6
1248300 1376.7
1248310 1370.9
1248320 1370.9
1248330 1366.7
1248340 1365.5
1248350 1365.5
1248360 1362.7
1248370 1359.7
1248380 1359.7
1248390 1356.2
1248400 1352.0
1248410 1352.0
1248420 1349.1
1248430 1348.2
1248440 1348.2
1248450 1346.2
1248460 1343.8
1248470 1343.8
1248480 1341.4
1248490 1338.2
1248500 1338.2
1248510 1334.6
1248520 1331.2
1248530 1328.1
1248540 1328.1
1248550 1324.6
1248560 1320.7
1248570 1320.7
1248580 1317.0
1248590 1313.6
1248600 1313.6
1248610 1310.0
1248620 1304.8
1248630 1304.8
1248640 1298.3
1248650 1289.2
1248660 1289.2
1248670 1278.8
1248680 1271.9
1248690 1271.9
1248700 1268.5
1248710 1269.9
1248720 1269.9
1248730 1271.8
1248740 1269.5
1248750 1269.5
1248760 1266.7
1248770 1263.4
1248780 1263.4
1248790 1260.5
1248800 1258.0
1248810 1254.3
1248820 1254.3
1248830 1250.7
1248840 1248.9
1248850 1248.9
1248860 1247.0
1248870 1242.9
1248880 1242.9
1248890 1240.3
1248900 1238.2
1248910 1238.2
1248920 1235.4
1248930 1232.3
1248940 1232.3
1248950 1230.4
1248960 1228.2
1248970 1228.2
1248980 1225.1
1248990 1221.5
1249000 1221.5
1249010 1216.8
1249020 1211.3
1249030 1211.3
1249040 1205.6
1249050 1199.5
1249060 1199.5
1249070 1193.5
1249080 1187.3
1249090 1187.3
1249100 1183.5
1249110 1180.9
1249120 1177.4
1249130 1177.4
1249140 1173.7
1249150 1169.5
1249160 1169.5
1249170 1164.9
1249180 1157.6
1249190 1157.6
1249200 1153.5
1249210 1150.0
1249220 1150.0
1249230 1145.2
1249240 1141.1
1249250 1141.1
1249260 1137.8
1249270 1134.0
1249280 1134.0
1249290 1130.5
1249300 1135.2
1249310 1135.2
1249320 1136.3
1249330 1135.7
1249340 1135.7
1249350 1134.0
1249360 1132.0
1249370 1132.0
1249380 1130.4
1249390 1129.0
1249400 1128.6
1249410 1128.6
1249420 1126.3
1249430 1124.3
1249440 1124.3
1249450 1122.0
1249460 1117.5
1249470 1117.5
1249480 1111.0
1249490 1105.1
1249500 1105.1
1249510 1102.7
1249520 1100.1
1249530 1100.1
1249540 1094.7
1249550 1088.7
1249560 1088.7
1249570 1083.3
1249580 1079.4
1249590 1079.4
1249600 1076.8
1249610 1075.0
1249620 1075.0
1249630 1073.3
1249640 1071.3
1249650 1071.3
1249660 1069.8
1249670 1068.6
1249680 1068.6
1249690 1067.4
1249700 1066.3
1249710 1065.4
1249720 1065.4
1249730 1063.4
1249740 1062.2
1249750 1062.2
1249760 1060.7
1249770 1059.2
1249780 1059.2
1249790 1059.7
1249800 1059.2
1249810 1059.2
1249820 1057.2
1249830 1054.8
1249840 1054.8
1249850 1052.6
1249860 1050.6
1249870 1050.6
1249880 1048.6
1249890 1046.9
1249900 1046.9
1249910 1045.5
1249920 1043.6
1249930 1043.6
1249940 1040.7
1249950 1036.9
1249960 1036.9
1249970 1032.5
1249980 1027.4
1249990 1021.6
1250000 1021.6
1250010 1015.8
1250020 1010.5
1250030 1010.5
1250040 1007.2
1250050 1006.6
1250060 1006.6
1250070 1005.2
1250080 1004.0
1250090 1004.0
1250100 1003.5
1250110 1003.5
1250120 1003.5
1250130 1003.9
1250140 1004.0
1250150 1004.0
1250160 1003.2
1250170 1001.9
1250180 1001.9
1250190 1002.0
1250200 1001.6
1250210 1001.6
1250220 1001.6
1250230 1001.5
1250240 1001.5
1250250 1001.5
1250260 1001.5
1250270 1001.5
1250280 1001.6
1250290 1001.7
1250300 1001.7
1250310 1001.7
1250320 1001.7
1250330 1001.7
1250340 1001.7
1250350 1001.7
1250360 1001.8
1250370 1001.8
1250380 1001.8
1250390 1001.9
1250400 1001.9
1250410 1002.0
1250420 1002.1
1250430 1002.1
1250440 1002.1
1250450 1002.2
1250460 1002.2
1250470 1002.3
1250480 1002.4
1250490 1002.4
1250500 1002.6
1250510 1002.7
1250520 1002.7
1250530 1002.8
1250540 1003.0
1250550 1003.0
1250560 1003.1
1250570 1003.1
1250580 1003.1
1250590 1003.1
1250600 1003.3
1250610 1003.6
1250620 1003.6
1250630 1003.8
1250640 1004.2
1250650 1004.2
1250660 1004.7
1250670 1005.0
1250680 1005.0
1250690 1004.6
1250700 1006.0
1250710 1006.0
1250720 1006.9
1250730 1006.0
1250740 1006.0
1250750 1005.9
1250760 1006.1
1250770 1006.1
1250780 1006.2
1250790 1006.4
1250800 1006.4
1250810 1006.4
1250820 1006.5
1250830 1006.5
1250840 1007.7
1250850 1013.3
1250860 1013.3
1250870 1018.2
1250880 1018.9
1250890 1025.6
1250900 1025.6
1250910 1034.1
1250920 1041.6
1250930 1041.6
1250940 1048.7
1250950 1056.6
1250960 1056.6
1250970 1062.1
1250980 1065.8
1250990 1065.8
1251000 1069.2
1251010 1072.7
1251020 1072.7
1251030 1076.4
1251040 1080.0
1251050 1080.0
1251060 1083.6
1251070 1087.2
1251080 1087.2
1251090 1090.7
1251100 1093.3
1251110 1093.3
1251120 1096.1
1251130 1099.9
1251140 1099.9
1251150 1103.8
1251160 1105.8
1251170 1105.0
1251180 1105.0
1251190 1104.2
1251200 1105.0
1251210 1105.0
1251220 1105.7
1251230 1104.6
1251240 1104.6
1251250 1103.4
1251260 1105.0
1251270 1105.0
1251280 1108.0
1251290 1109.4
1251300 1109.4
1251310 1109.7
1251320 1110.1
1251330 1110.1
1251340 1110.8
1251350 1108.6
1251360 1109.7
1251370 1097.6
1251380 1084.1
1251390 1084.1
1251400 1072.9
1251410 1064.7
1251420 1064.7
1251430 1057.0
1251440 1053.6
1251450 1053.6
1251460 1059.0
1251470 1067.9
1251480 1080.2
1251490 1080.2
1251500 1095.3
1251510 1105.7
1251520 1105.7
1251530 1113.9
1251540 1121.5
1251550 1121.5
1251560 1130.9
1251570 1138.3
1251580 1138.3
1251590 1145.3
1251600 1155.4
1251610 1155.4
1251620 1164.4
1251630 1171.9
1251640 1171.9
1251650 1177.5
1251660 1184.0
1251670 1184.0
1251680 1191.6
1251690 1200.0
1251700 1200.0
1251710 1206.5
1251720 1211.6
1251730 1211.6
1251740 1217.7
1251750 1222.1
1251760 1220.9
1251770 1220.9
1251780 1222.2
1251790 1230.0
1251800 1230.0
1251810 1231.4
1251820 1230.9
1251830 1230.9
1251840 1238.7
1251850 1249.5
1251860 1249.5
1251870 1259.2
1251880 1266.8
1251890 1266.8
1251900 1271.6
1251910 1278.8
1251920 1278.8
1251930 1282.4
1251940 1286.0
1251950 1286.0
1251960 1289.4
1251970 1292.6
1251980 1292.6
1251990 1295.0
1252000 1295.0
1252010 1295.0
1252020 1296.5
1252030 1297.7
1252040 1297.7
1252050 1297.2
1252060 1297.5
1252070 1299.1
1252080 1299.1
1252090 1300.5
1252100 1302.2
1252110 1302.2
1252120 1302.8
1252130 1303.8
1252140 1303.8
1252150 1303.4
1252160 1302.4
1252170 1302.4
1252180 1301.7
1252190 1301.9
1252200 1301.9
1252210 1302.9
1252220 1304.2
1252230 1304.2
1252240 1305.7
1252250 1306.8
1252260 1306.8
1252270 1306.4
1252280 1305.0
1252290 1305.0
1252300 1302.3
1252310 1301.1
1252320 1301.1
1252330 1301.0
1252340 1300.3
1252350 1301.7
1252360 1301.7
1252370 1304.3
1252380 1305.3
1252390 1305.3
1252400 1305.6
1252410 1306.2
1252420 1306.2
1252430 1306.3
1252440 1305.8
1252450 1305.8
1252460 1307.5
1252470 1307.0
1252480 1307.0
1252490 1307.3
1252500 1308.9
1252510 1308.9
1252520 1311.1
1252530 1313.0
1252540 1313.0
1252550 1312.6
1252560 1313.2
1252570 1313.2
1252580 1318.1
1252590 1324.8
1252600 1324.8
1252610 1332.4
1252620 1337.9
1252630 1337.9
1252640 1341.0
1252650 1344.5
1252660 1346.9
1252670 1346.9
1252680 1349.0
1252690 1351.3
1252700 1351.3
1252710 1352.6
1252720 1352.5
1252730 1352.5
1252740 1353.1
1252750 1355.2
1252760 1355.2
1252770 1357.0
1252780 1355.6
1252790 1355.6
1252800 1355.3
1252810 1358.0
1252820 1358.0
1252830 1360.3
1252840 1362.6
1252850 1362.6
1252860 1364.6
1252870 1366.3
1252880 1366.3
1252890 1368.1
1252900 1370.5
1252910 1370.5
1252920 1373.6
1252930 1376.4
1252940 1376.9
1252950 1376.9
1252960 1377.4
1252970 1376.1
1252980 1376.1
1252990 1373.4
1253000 1370.6
1253010 1371.5
1253020 1368.8
1253030 1366.2
1253040 1366.2
1253050 1362.5
1253060 1359.0
1253070 1359.0
1253080 1356.3
1253090 1354.2
1253100 1354.2
1253110 1351.1
1253120 1347.0
1253130 1347.0
1253140 1343.8
1253150 1340.6
1253160 1340.6
1253170 1338.4
1253180 1336.9
1253190 1336.9
1253200 1334.2
1253210 1329.4
1253220 1329.4
1253230 1331.5
1253240 1338.1
1253250 1342.6
1253260 1342.6
1253270 1350.1
1253280 1361.0
1253290 1361.0
1253300 1370.1
1253310 1376.8
1253320 1376.8
1253330 1381.6
1253340 1388.5
1253350 1388.5
1253360 1392.4
1253370 1394.6
1253380 1394.6
1253390 1397.0
1253400 1399.5
1253410 1399.5
1253420 1400.7
1253430 1402.6
1253440 1402.6
1253450 1403.3
1253460 1402.0
1253470 1402.0
1253480 1401.0
1253490 1401.2
1253500 1401.2
1253510 1401.5
1253520 1401.9
1253530 1402.3
1253540 1402.3
1253550 1404.1
1253560 1411.7
1253570 1411.7
1253580 1409.0
1253590 1406.8
1253600 1406.8
1253610 1406.1
1253620 1407.0
1253630 1407.0
1253640 1408.5
1253650 1409.8
1253660 1409.8
1253670 1410.0
1253680 1409.7
1253690 1409.7
1253700 1409.9
1253710 1409.9
1253720 1409.9
1253730 1410.6
1253740 1410.3
1253750 1410.3
1253760 1409.9
1253770 1409.3
1253780 1409.3
1253790 1409.8
1253800 1407.5
1253810 1407.5
1253820 1400.1
1253830 1390.7
1253840 1386.0
1253850 1386.0
1253860 1391.8
1253870 1397.9
1253880 1397.9
1253890 1404.6
1253900 1411.7
1253910 1411.7
1253920 1413.7
1253930 1410.0
1253940 1410.0
1253950 1418.0
1253960 1422.4
1253970 1422.4
1253980 1424.3
1253990 1423.9
1254000 1423.9
1254010 1417.6
1254020 1410.7
1254030 1410.7
1254040 1402.3
1254050 1396.7
1254060 1396.7
1254070 1395.5
1254080 1395.5
1254090 1395.5
1254100 1400.2
1254110 1408.9
1254120 1422.9
1254130 1422.9
1254140 1436.7
1254150 1447.6
1254160 1447.6
1254170 1455.0
1254180 1463.4
1254190 1463.4
1254200 1472.4
1254210 1480.3
1254220 1480.3
1254230 1482.9
1254240 1483.5
1254250 1483.5
1254260 1483.9
1254270 1484.2
1254280 1484.2
1254290 1484.0
1254300 1480.1
1254310 1480.1
1254320 1475.9
1254330 1470.5
1254340 1470.5
1254350 1465.5
1254360 1463.9
1254370 1463.9
1254380 1464.7
1254390 1462.9
1254400 1462.9
1254410 1458.5
1254420 1450.1
1254430 1443.0
1254440 1443.0
1254450 1436.4
1254460 1430.2
1254470 1430.2
1254480 1426.0
1254490 1421.1
1254500 1421.1
1254510 1419.2
1254520 1416.2
1254530 1416.2
1254540 1411.2
1254550 1405.0
1254560 1405.0
1254570 1400.8
1254580 1396.7
1254590 1396.7
1254600 1392.5
1254610 1388.2
1254620 1388.2
1254630 1380.6
1254640 1372.4
1254650 1372.4
1254660 1364.5
1254670 1362.9
1254680 1362.9
1254690 1358.2
1254700 1353.0
1254710 1346.3
1254720 1346.3
1254730 1340.6
1254740 1335.9
1254750 1335.9
1254760 1327.6
1254770 1317.7
1254780 1317.7
1254790 1308.6
1254800 1300.7
1254810 1300.7
1254820 1292.6
1254830 1284.3
1254840 1284.3
1254850 1278.6
1254860 1281.3
1254870 1281.3
1254880 1278.3
1254890 1276.9
1254900 1276.9
1254910 1275.3
1254920 1272.9
1254930 1272.9
1254940 1271.5
1254950 1270.1
1254960 1270.1
1254970 1267.8
1254980 1264.7
1254990 1264.7
1255000 1260.7
1255010 1255.8
1255020 1251.8
1255030 1251.8
1255040 1248.9
1255050 1246.5
1255060 1246.5
1255070 1244.6
1255080 1242.3
1255090 1242.3
1255100 1239.3
1255110 1236.4
1255120 1236.4
1255130 1234.8
1255140 1235.2
1255150 1235.2
1255160 1233.8
1255170 1232.2
1255180 1232.2
1255190 1231.8
1255200 1226.3
1255210 1226.3
1255220 1214.9
1255230 1208.4
1255240 1208.4
1255250 1200.3
1255260 1195.3
1255270 1195.3
1255280 1202.9
1255290 1214.3
1255300 1225.8
1255310 1225.8
1255320 1229.7
1255330 1231.7
1255340 1231.7
1255350 1232.8
1255360 1233.4
1255370 1233.4
1255380 1233.7
1255390 1233.7
1255400 1233.7
1255410 1232.6
1255420 1230.0
1255430 1230.0
1255440 1229.0
1255450 1230.0
1255460 1230.0
1255470 1233.9
1255480 1234.7
1255490 1234.7
1255500 1233.5
1255510 1231.3
1255520 1231.3
1255530 1229.2
1255540 1225.9
1255550 1225.9
1255560 1222.1
1255570 1218.9
1255580 1218.9
1255590 1219.5
1255600 1220.2
1255610 1218.3
1255620 1218.3
1255630 1218.4
1255640 1220.3
1255650 1220.3
1255660 1223.0
1255670 1225.9
1255680 1225.9
1255690 1227.2
1255700 1224.8
1255710 1224.8
1255720 1219.4
1255730 1214.9
1255740 1214.9
1255750 1212.7
1255760 1210.2
1255770 1210.2
1255780 1209.5
1255790 1206.7
1255800 1206.7
1255810 1204.8
1255820 1201.4
1255830 1201.4
1255840 1196.2
1255850 1188.4
1255860 1188.4
1255870 1178.6
1255880 1168.7
1255890 1170.5
1255900 1170.5
1255910 1180.5
1255920 1188.0
1255930 1188.0
1255940 1190.3
1255950 1189.5
1255960 1189.5
1255970 1186.2
1255980 1188.4
1255990 1188.4
1256000 1193.0
1256010 1192.9
1256020 1192.9
1256030 1188.8
1256040 1184.9
1256050 1184.9
1256060 1182.0
1256070 1178.9
1256080 1178.9
1256090 1178.4
1256100 1181.1
1256110 1181.1
1256120 1178.3
1256130 1170.2
1256140 1170.2
1256150 1163.7
1256160 1160.1
1256170 1160.1
1256180 1157.9
1256190 1155.3
1256200 1151.4
1256210 1151.4
1256220 1146.9
1256230 1140.7
1256240 1140.7
1256250 1131.9
1256260 1126.2
1256270 1126.2
1256280 1128.1
1256290 1134.3
1256300 1134.3
1256310 1142.4
1256320 1150.0
1256330 1150.0
1256340 1161.7
1256350 1164.6
1256360 1164.6
1256370 1164.8
1256380 1168.7
1256390 1168.7
1256400 1170.1
1256410 1171.8
1256420 1171.8
1256430 1179.2
1256440 1185.2
1256450 1185.2
1256460 1188.9
1256470 1189.2
1256480 1189.5
1256490 1189.5
1256500 1191.8
1256510 1191.5
1256520 1191.5
1256530 1191.3
1256540 1190.6
1256550 1190.6
1256560 1188.9
1256570 1183.0
1256580 1183.0
1256590 1183.2
1256600 1183.3
1256610 1183.3
1256620 1188.9
1256630 1195.6
1256640 1195.6
1256650 1200.0
1256660 1203.5
1256670 1203.5
1256680 1206.0
1256690 1209.4
1256700 1209.4
1256710 1212.0
1256720 1213.4
1256730 1213.4
1256740 1214.2
1256750 1214.8
1256760 1214.8
1256770 1213.6
1256780 1211.5
1256790 1215.5
1256800 1215.5
1256810 1218.9
1256820 1220.5
1256830 1220.5
1256840 1221.5
1256850 1222.1
1256860 1222.1
1256870 1222.5
1256880 1222.9
1256890 1222.9
1256900 1225.4
1256910 1225.7
1256920 1225.7
1256930 1226.2
1256940 1225.9
1256950 1225.9
1256960 1221.9
1256970 1218.3
1256980 1218.3
1256990 1218.2
1257000 1214.5
1257010 1214.5
1257020 1213.7
1257030 1212.0
1257040 1212.0
1257050 1207.0
1257060 1210.2
1257070 1214.5
1257080 1214.5
1257090 1218.4
1257100 1222.2
1257110 1222.2
1257120 1225.5
1257130 1223.3
1257140 1223.3
1257150 1218.6
1257160 1215.8
1257170 1215.8
1257180 1216.8
1257190 1219.4
1257200 1219.4
1257210 1222.8
1257220 1225.7
1257230 1225.7
1257240 1224.2
1257250 1224.0
1257260 1224.0
1257270 1227.7
1257280 1231.9
1257290 1231.9
1257300 1235.2
1257310 1233.2
1257320 1233.2
1257330 1229.7
1257340 1228.5
1257350 1228.5
1257360 1230.3
1257370 1231.1
1257380 1230.5
1257390 1230.5
1257400 1229.8
1257410 1230.1
1257420 1230.1
1257430 1229.7
1257440 1225.7
1257450 1225.7
1257460 1219.9
1257470 1217.0
1257480 1217.0
1257490 1216.7
1257500 1216.4
1257510 1216.4
1257520 1216.6
1257530 1218.2
1257540 1218.2
1257550 1216.0
1257560 1211.4
1257570 1211.4
1257580 1203.2
1257590 1197.1
1257600 1197.1
1257610 1199.4
1257620 1205.4
1257630 1205.4
1257640 1206.4
1257650 1202.0
1257660 1201.6
1257670 1201.6
1257680 1204.0
1257690 1200.6
1257700 1200.6
1257710 1197.8
1257720 1198.9
1257730 1198.9
1257740 1198.8
1257750 1196.4
1257760 1196.4
1257770 1194.5
1257780 1191.1
1257790 1191.1
1257800 1185.8
1257810 1184.7
1257820 1184.7
1257830 1185.2
1257840 1185.8
1257850 1185.8
1257860 1183.2
1257870 1178.1
1257880 1178.1
1257890 1177.1
1257900 1178.3
1257910 1178.3
1257920 1176.3
1257930 1175.3
1257940 1175.3
1257950 1171.8
1257960 1167.6
1257970 1165.9
1257980 1165.9
1257990 1164.3
1258000 1160.3
1258010 1160.3
1258020 1153.7
1258030 1156.7
1258040 1156.7
1258050 1156.0
1258060 1156.7
1258070 1156.7
1258080 1154.6
1258090 1150.2
1258100 1150.2
1258110 1145.6
1258120 1140.8
1258130 1140.8
1258140 1136.9
1258150 1136.7
1258160 1136.7
1258170 1134.6
1258180 1132.2
1258190 1132.2
1258200 1128.8
1258210 1124.7
1258220 1124.7
1258230 1122.8
1258240 1121.5
1258250 1119.9
1258260 1119.9
1258270 1116.6
1258280 1112.3
1258290 1112.3
1258300 1107.6
1258310 1104.0
1258320 1104.0
1258330 1099.1
1258340 1093.2
1258350 1093.2
1258360 1090.7
1258370 1090.2
1258380 1090.2
1258390 1090.6
1258400 1094.1
1258410 1094.1
1258420 1098.9
1258430 1099.6
1258440 1099.6
1258450 1096.1
1258460 1090.9
1258470 1090.9
1258480 1084.9
1258490 1080.1
1258500 1080.1
1258510 1079.0
1258520 1082.3
1258530 1082.3
1258540 1082.4
1258550 1075.3
1258560 1069.3
1258570 1069.3
1258580 1063.5
1258590 1059.4
1258600 1059.4
1258610 1054.3
1258620 1049.3
1258630 1049.3
1258640 1045.0
1258650 1041.5
1258660 1041.5
1258670 1038.5
1258680 1035.6
1258690 1035.6
1258700 1033.4
1258710 1031.0
1258720 1031.0
1258730 1028.1
1258740 1025.1
1258750 1025.1
1258760 1022.5
1258770 1020.1
1258780 1020.1
1258790 1017.8
1258800 1015.4
1258810 1015.4
1258820 1013.7
1258830 1010.4
1258840 1007.4
1258850 1007.4
1258860 1006.5
1258870 1006.6
1258880 1006.6
1258890 1008.3
1258900 1009.8
1258910 1009.8
1258920 1013.7
1258930 1020.5
1258940 1020.5
1258950 1027.7
1258960 1032.7
1258970 1032.7
1258980 1028.5
1258990 1021.5
1259000 1021.5
1259010 1014.5
1259020 1009.0
1259030 1009.0
1259040 1007.6
1259050 1005.6
1259060 1005.6
1259070 1004.6
1259080 1004.5
1259090 1004.5
1259100 1004.5
1259110 1005.4
1259120 1005.4
1259130 1005.6
1259140 1006.5
1259150 1006.7
1259160 1006.7
1259170 1006.6
1259180 1006.2
1259190 1006.2
1259200 1006.0
1259210 1006.1
1259220 1006.1
1259230 1006.6
1259240 1007.2
1259250 1007.2
1259260 1007.7
1259270 1007.9
1259280 1007.9
1259290 1008.0
1259300 1008.1
1259310 1008.1
1259320 1008.2
1259330 1008.4
1259340 1008.4
1259350 1008.8
1259360 1008.9
1259370 1008.9
1259380 1008.8
1259390 1008.8
1259400 1008.8
1259410 1008.9
1259420 1008.8
1259430 1008.6
1259440 1008.6
1259450 1008.7
1259460 1008.8
1259470 1008.8
1259480 1008.8
1259490 1008.9
1259500 1008.9
1259510 1009.1
1259520 1009.3
1259530 1009.3
1259540 1009.4
1259550 1009.7
1259560 1009.7
1259570 1009.9
1259580 1010.0
1259590 1010.0
1259600 1010.1
1259610 1010.2
1259620 1010.2
1259630 1010.3
1259640 1010.4
1259650 1010.4
1259660 1010.4
1259670 1010.6
1259680 1010.6
1259690 1010.9
1259700 1011.0
1259710 1011.0
1259720 1011.0
1259730 1011.3
1259740 1011.5
1259750 1011.5
1259760 1011.7
1259770 1011.8
1259780 1011.8
1259790 1013.0
1259800 1014.8
1259810 1014.8
1259820 1018.2
1259830 1020.4
1259840 1020.4
1259850 1022.2
1259860 1024.3
1259870 1024.3
1259880 1026.2
1259890 1026.7
1259900 1026.7
1259910 1027.3
1259920 1028.9
1259930 1028.9
1259940 1031.6
1259950 1033.2
1259960 1033.2
1259970 1033.7
1259980 1035.8
1259990 1035.8
