1240000 1331.1
1240010 1332.1
1240020 1328.4
1240030 1328.4
1240040 1320.5
1240050 1311.8
1240060 1311.8
1240070 1307.4
1240080 1304.7
1240090 1304.7
1240100 1299.0
1240110 1296.8
1240120 1296.8
1240130 1297.2
1240140 1295.1
1240150 1295.1
1240160 1292.8
1240170 1289.4
1240180 1289.4
1240190 1286.3
1240200 1285.9
1240210 1285.9
1240220 1285.5
1240230 1283.5
1240240 1280.7
1240250 1280.7
1240260 1277.1
1240270 1273.4
1240280 1273.4
1240290 1271.2
1240300 1269.4
1240310 1265.5
1240320 1265.1
1240330 1264.9
1240340 1264.9
1240350 1263.6
1240360 1261.0
1240370 1261.0
1240380 1257.1
1240390 1255.2
1240400 1255.2
1240410 1256.0
1240420 1254.6
1240430 1254.6
1240440 1253.3
1240450 1255.0
1240460 1255.0
1240470 1255.6
1240480 1253.4
1240490 1253.4
1240500 1250.3
1240510 1246.7
1240520 1246.7
1240530 1242.8
1240540 1235.8
1240550 1233.0
1240560 1233.0
1240570 1231.2
1240580 1229.5
1240590 1229.5
1240600 1227.5
1240610 1224.1
1240620 1224.1
1240630 1219.4
1240640 1215.0
1240650 1215.0
1240660 1211.2
1240670 1208.1
1240680 1208.1
1240690 1204.7
1240700 1200.5
1240710 1200.5
1240720 1196.5
1240730 1193.2
1240740 1193.2
1240750 1190.4
1240760 1187.6
1240770 1187.6
1240780 1186.3
1240790 1184.7
1240800 1184.7
1240810 1180.8
1240820 1178.7
1240830 1177.1
1240840 1172.6
1240850 1171.0
1240860 1171.5
1240870 1171.5
1240880 1171.2
1240890 1168.4
1240900 1168.4
1240910 1166.0
1240920 1163.5
1240930 1163.5
1240940 1161.1
1240950 1158.2
1240960 1158.2
1240970 1155.5
1240980 1152.7
1240990 1152.7
1241000 1148.1
1241010 1144.8
1241020 1144.8
1241030 1144.0
1241040 1141.3
1241050 1141.3
1241060 1136.8
1241070 1131.7
1241080 1131.7
1241090 1131.1
1241100 1129.5
1241110 1129.5
1241120 1126.6
1241130 1124.7
1241140 1123.4
1241150 1123.4
1241160 1122.9
1241170 1122.9
1241180 1122.9
1241190 1122.5
1241200 1122.6
1241210 1122.6
1241220 1122.6
1241230 1122.6
1241240 1122.6
1241250 1122.7
1241260 1122.9
1241270 1122.9
1241280 1122.7
1241290 1122.3
1241300 1122.3
1241310 1122.1
1241320 1122.1
1241330 1122.1
1241340 1122.1
1241350 1122.2
1241360 1122.5
1241370 1122.4
1241380 1122.5
1241390 1122.5
1241400 1122.6
1241410 1122.6
1241420 1122.5
1241430 1122.5
1241440 1122.6
1241450 1122.8
1241460 1122.8
1241470 1122.7
1241480 1122.3
1241490 1122.3
1241500 1122.0
1241510 1121.8
1241520 1121.8
1241530 1121.7
1241540 1121.5
1241550 1121.5
1241560 1121.4
1241570 1121.3
1241580 1121.3
1241590 1121.2
1241600 1121.1
1241610 1121.1
1241620 1121.0
1241630 1121.0
1241640 1121.0
1241650 1120.9
1241660 1120.9
1241670 1120.9
1241680 1120.7
1241690 1120.6
1241700 1120.6
1241710 1120.6
1241720 1120.6
1241730 1120.3
1241740 1120.3
1241750 1120.1
1241760 1119.9
1241770 1119.9
1241780 1119.7
1241790 1119.5
1241800 1119.5
1241810 1119.5
1241820 1119.3
1241830 1119.3
1241840 1119.1
1241850 1118.9
1241860 1118.9
1241870 1118.7
1241880 1118.5
1241890 1118.6
1241900 1118.3
1241910 1118.1
1241920 1118.1
1241930 1118.0
1241940 1117.8
1241950 1117.8
1241960 1117.6
1241970 1117.5
1241980 1117.5
1241990 1117.3
1242000 1117.1
1242010 1117.1
1242020 1117.0
1242030 1116.8
1242040 1116.7
1242050 1116.7
1242060 1116.7
1242070 1116.5
1242080 1116.5
1242090 1116.2
1242100 1116.0
1242110 1116.0
1242120 1115.9
1242130 1115.7
1242140 1115.7
1242150 1115.5
1242160 1115.2
1242170 1115.2
1242180 1115.0
1242190 1114.8
1242200 1114.8
1242210 1114.6
1242220 1114.5
1242230 1114.5
1242240 1114.3
1242250 1114.1
1242260 1114.1
1242270 1113.9
1242280 1113.7
1242290 1113.7
1242300 1113.5
1242310 1113.3
1242320 1113.2
1242330 1113.2
1242340 1113.0
1242350 1113.0
1242360 1113.0
1242370 1113.2
1242380 1112.9
1242390 1112.9
1242400 1112.3
1242410 1112.2
1242420 1112.2
1242430 1112.1
1242440 1111.9
1242450 1111.9
1242460 1111.7
1242470 1111.6
1242480 1111.6
1242490 1111.4
1242500 1111.1
1242510 1111.1
1242520 1110.8
1242530 1110.8
1242540 1110.8
1242550 1110.8
1242560 1110.7
1242570 1110.7
1242580 1110.6
1242590 1110.4
1242600 1110.4
1242610 1110.2
1242620 1110.0
1242630 1109.8
1242640 1109.8
1242650 1109.6
1242660 1109.4
1242670 1109.4
1242680 1109.4
1242690 1109.3
1242700 1109.3
1242710 1109.2
1242720 1109.0
1242730 1109.0
1242740 1108.8
1242750 1108.6
1242760 1108.6
1242770 1108.4
1242780 1108.0
1242790 1108.0
1242800 1107.8
1242810 1107.7
1242820 1107.7
1242830 1107.6
1242840 1107.6
1242850 1107.6
1242860 1107.5
1242870 1107.3
1242880 1107.3
1242890 1107.7
1242900 1108.8
1242910 1109.1
1242920 1109.1
1242930 1108.8
1242940 1107.4
1242950 1107.4
1242960 1106.9
1242970 1105.7
1242980 1105.7
1242990 1104.8
1243000 1104.6
1243010 1104.6
1243020 1104.7
1243030 1104.5
1243040 1104.5
1243050 1104.2
1243060 1104.0
1243070 1104.0
1243080 1104.0
1243090 1104.7
1243100 1104.7
1243110 1105.9
1243120 1105.9
1243130 1105.9
1243140 1105.7
1243150 1105.4
1243160 1105.4
1243170 1105.0
1243180 1104.6
1243190 1104.6
1243200 1104.3
1243210 1104.1
1243220 1103.8
1243230 1103.8
1243240 1103.7
1243250 1103.6
1243260 1103.6
1243270 1103.9
1243280 1103.7
1243290 1103.7
1243300 1103.6
1243310 1103.4
1243320 1103.4
1243330 1103.1
1243340 1102.5
1243350 1102.5
1243360 1102.3
1243370 1102.3
1243380 1102.3
1243390 1102.3
1243400 1102.1
1243410 1102.1
1243420 1102.0
1243430 1101.6
1243440 1101.6
1243450 1101.4
1243460 1101.2
1243470 1101.3
1243480 1101.2
1243490 1101.9
1243500 1101.9
1243510 1101.9
1243520 1101.1
1243530 1100.9
1243540 1100.9
1243550 1100.8
1243560 1100.8
1243570 1100.8
1243580 1100.9
1243590 1100.8
1243600 1100.8
1243610 1101.0
1243620 1103.0
1243630 1103.0
1243640 1108.4
1243650 1114.8
1243660 1114.8
1243670 1121.4
1243680 1127.3
1243690 1127.3
1243700 1132.2
1243710 1136.0
1243720 1136.0
1243730 1139.0
1243740 1143.4
1243750 1143.4
1243760 1147.7
1243770 1150.0
1243780 1150.0
1243790 1150.6
1243800 1151.6
1243810 1152.4
1243820 1152.4
1243830 1152.9
1243840 1154.4
1243850 1154.4
1243860 1155.9
1243870 1158.3
1243880 1158.3
1243890 1160.0
1243900 1161.2
1243910 1161.2
1243920 1162.7
1243930 1164.8
1243940 1164.8
1243950 1167.6
1243960 1170.2
1243970 1170.2
1243980 1172.4
1243990 1174.6
1244000 1179.3
1244010 1181.8
1244020 1184.1
1244030 1184.1
1244040 1185.1
1244050 1186.6
1244060 1186.6
1244070 1189.4
1244080 1194.0
1244090 1200.3
1244100 1200.3
1244110 1207.5
1244120 1214.7
1244130 1214.7
1244140 1221.3
1244150 1227.1
1244160 1227.1
1244170 1235.0
1244180 1243.5
1244190 1243.5
1244200 1247.9
1244210 1251.4
1244220 1251.4
1244230 1256.8
1244240 1263.1
1244250 1263.1
1244260 1268.1
1244270 1272.3
1244280 1272.3
1244290 1276.7
1244300 1280.0
1244310 1280.0
1244320 1281.7
1244330 1284.2
1244340 1284.2
1244350 1288.7
1244360 1295.8
1244370 1295.8
1244380 1301.9
1244390 1305.2
1244400 1307.8
1244410 1307.8
1244420 1310.1
1244430 1312.8
1244440 1312.8
1244450 1316.7
1244460 1320.8
1244470 1320.8
1244480 1324.8
1244490 1328.3
1244500 1328.3
1244510 1331.8
1244520 1335.9
1244530 1334.1
1244540 1337.4
1244550 1339.8
1244560 1339.8
1244570 1341.6
1244580 1342.1
1244590 1342.1
1244600 1342.6
1244610 1344.4
1244620 1344.4
1244630 1346.8
1244640 1348.9
1244650 1348.9
1244660 1349.6
1244670 1349.8
1244680 1350.7
1244690 1350.7
1244700 1352.2
1244710 1354.3
1244720 1354.3
1244730 1356.7
1244740 1359.6
1244750 1359.6
1244760 1360.9
1244770 1360.1
1244780 1360.1
1244790 1358.2
1244800 1357.4
1244810 1357.4
1244820 1356.6
1244830 1355.3
1244840 1355.3
1244850 1354.8
1244860 1355.7
1244870 1355.7
1244880 1355.3
1244890 1355.7
1244900 1355.7
1244910 1356.7
1244920 1357.5
1244930 1357.5
1244940 1358.5
1244950 1359.6
1244960 1359.6
1244970 1360.7
1244980 1361.8
1244990 1363.0
1245000 1363.0
1245010 1363.9
1245020 1364.7
1245030 1364.7
1245040 1365.6
1245050 1366.6
1245060 1366.7
1245070 1368.0
1245080 1369.3
1245090 1369.3
1245100 1370.7
1245110 1371.9
1245120 1371.9
1245130 1373.1
1245140 1373.8
1245150 1373.8
1245160 1374.4
1245170 1375.4
1245180 1375.4
1245190 1376.7
1245200 1378.6
1245210 1378.6
1245220 1380.8
1245230 1382.6
1245240 1382.6
1245250 1383.8
1245260 1383.5
1245270 1379.9
1245280 1379.9
1245290 1373.6
1245300 1370.8
1245310 1370.8
1245320 1372.5
1245330 1377.1
1245340 1377.1
1245350 1382.0
1245360 1388.1
1245370 1388.1
1245380 1393.7
1245390 1392.7
1245400 1392.7
1245410 1392.2
1245420 1392.8
1245430 1392.8
1245440 1390.5
1245450 1392.6
1245460 1392.6
1245470 1399.0
1245480 1403.2
1245490 1403.2
1245500 1406.8
1245510 1410.8
1245520 1410.8
1245530 1413.0
1245540 1411.8
1245550 1411.8
1245560 1409.5
1245570 1407.5
1245580 1407.5
1245590 1407.2
1245600 1412.4
1245610 1415.6
1245620 1415.6
1245630 1419.2
1245640 1422.7
1245650 1422.7
1245660 1421.5
1245670 1417.7
1245680 1417.7
1245690 1414.7
1245700 1413.1
1245710 1413.1
1245720 1415.7
1245730 1423.1
1245740 1423.1
1245750 1427.7
1245760 1431.4
1245770 1431.4
1245780 1434.5
1245790 1435.5
1245800 1435.5
1245810 1436.7
1245820 1439.0
1245830 1439.0
1245840 1441.1
1245850 1438.3
1245860 1432.1
1245870 1432.1
1245880 1432.7
1245890 1437.5
1245900 1437.5
1245910 1442.4
1245920 1447.5
1245930 1447.5
1245940 1452.0
1245950 1458.1
1245960 1458.1
1245970 1460.7
1245980 1457.8
1245990 1457.8
1246000 1455.4
1246010 1456.6
1246020 1456.6
1246030 1458.7
1246040 1458.3
1246050 1458.3
1246060 1456.0
1246070 1457.7
1246080 1457.7
1246090 1463.7
1246100 1469.2
1246110 1469.2
1246120 1473.3
1246130 1471.1
1246140 1471.1
1246150 1472.0
1246160 1474.8
1246170 1476.5
1246180 1476.5
1246190 1476.9
1246200 1472.3
1246210 1472.3
1246220 1468.9
1246230 1475.0
1246240 1475.0
1246250 1481.3
1246260 1483.7
1246270 1483.7
1246280 1485.1
1246290 1485.6
1246300 1485.6
1246310 1485.0
1246320 1486.7
1246330 1486.7
1246340 1490.1
1246350 1494.6
1246360 1494.6
1246370 1499.3
1246380 1504.2
1246390 1504.2
1246400 1508.4
1246410 1511.6
1246420 1511.6
1246430 1513.2
1246440 1513.0
1246450 1514.1
1246460 1514.1
1246470 1515.6
1246480 1516.6
1246490 1516.6
1246500 1516.1
1246510 1513.4
1246520 1513.4
1246530 1511.0
1246540 1510.5
1246550 1510.5
1246560 1509.4
1246570 1507.3
1246580 1507.3
1246590 1506.2
1246600 1505.3
1246610 1505.3
1246620 1503.6
1246630 1503.7
1246640 1503.7
1246650 1504.8
1246660 1500.3
1246670 1500.3
1246680 1500.2
1246690 1500.0
1246700 1500.0
1246710 1499.1
1246720 1498.1
1246730 1498.1
1246740 1496.1
1246750 1493.8
1246760 1490.9
1246770 1490.9
1246780 1486.8
1246790 1482.4
1246800 1482.4
1246810 1479.0
1246820 1472.0
1246830 1472.0
1246840 1465.5
1246850 1462.1
1246860 1462.1
1246870 1459.5
1246880 1458.2
1246890 1458.2
1246900 1456.4
1246910 1449.0
1246920 1449.0
1246930 1440.3
1246940 1438.3
1246950 1438.3
1246960 1440.3
1246970 1437.5
1246980 1437.5
1246990 1431.2
1247000 1425.2
1247010 1425.2
1247020 1425.4
1247030 1432.5
1247040 1432.5
1247050 1441.7
1247060 1450.3
1247070 1455.3
1247080 1455.3
1247090 1458.9
1247100 1462.2
1247110 1462.2
1247120 1464.7
1247130 1465.6
1247140 1465.6
1247150 1466.7
1247160 1467.6
1247170 1467.6
1247180 1470.6
1247190 1472.3
1247200 1468.7
1247210 1469.2
1247220 1465.3
1247230 1465.3
1247240 1460.8
1247250 1462.3
1247260 1462.3
1247270 1468.2
1247280 1471.2
1247290 1471.2
1247300 1472.2
1247310 1473.3
1247320 1473.3
1247330 1474.0
1247340 1473.9
1247350 1474.5
1247360 1474.5
1247370 1476.1
1247380 1477.0
1247390 1477.0
1247400 1477.2
1247410 1475.9
1247420 1475.9
1247430 1473.8
1247440 1471.7
1247450 1471.7
1247460 1469.5
1247470 1467.0
1247480 1467.0
1247490 1463.8
1247500 1460.7
1247510 1460.7
1247520 1458.2
1247530 1455.5
1247540 1455.5
1247550 1450.8
1247560 1446.7
1247570 1446.7
1247580 1444.8
1247590 1441.3
1247600 1441.3
1247610 1440.0
1247620 1438.2
1247630 1438.2
1247640 1433.0
1247650 1426.9
1247660 1425.4
1247670 1425.4
1247680 1434.4
1247690 1440.7
1247700 1440.7
1247710 1444.0
1247720 1445.7
1247730 1445.7
1247740 1442.0
1247750 1444.2
1247760 1444.2
1247770 1447.1
1247780 1447.3
1247790 1447.3
1247800 1446.4
1247810 1447.0
1247820 1447.0
1247830 1446.7
1247840 1444.6
1247850 1444.6
1247860 1441.9
1247870 1436.5
1247880 1436.5
1247890 1431.5
1247900 1429.6
1247910 1429.6
1247920 1428.6
1247930 1427.2
1247940 1426.5
1247950 1426.5
1247960 1426.3
1247970 1424.8
1247980 1424.8
1247990 1422.4
1248000 1419.6
1248010 1419.6
1248020 1418.0
1248030 1418.0
1248040 1418.0
1248050 1418.7
1248060 1419.0
1248070 1419.0
1248080 1417.8
1248090 1415.2
1248100 1415.2
1248110 1411.4
1248120 1408.9
1248130 1408.9
1248140 1409.5
1248150 1406.7
1248160 1406.7
1248170 1402.5
1248180 1398.8
1248190 1398.8
1248200 1395.7
1248210 1393.5
1248220 1393.5
1248230 1389.8
1248240 1386.6
1248250 1385.1
1248260 1385.1
1248270 1383.2
1248280 1375.5
1248290 1375.5
1248300 1372.3
1248310 1368.8
1248320 1368.8
1248330 1363.0
1248340 1359.5
1248350 1359.5
1248360 1357.6
1248370 1355.1
1248380 1355.1
1248390 1352.9
1248400 1350.4
1248410 1350.4
1248420 1345.0
1248430 1342.5
1248440 1342.5
1248450 1340.8
1248460 1339.0
1248470 1339.0
1248480 1337.3
1248490 1334.0
1248500 1334.0
1248510 1330.3
1248520 1326.9
1248530 1324.0
1248540 1324.0
1248550 1320.9
1248560 1317.4
1248570 1317.4
1248580 1314.1
1248590 1310.2
1248600 1310.2
1248610 1306.3
1248620 1302.7
1248630 1302.7
1248640 1298.3
1248650 1289.2
1248660 1289.2
1248670 1278.8
1248680 1271.9
1248690 1271.9
1248700 1268.5
1248710 1269.9
1248720 1269.9
1248730 1271.8
1248740 1269.5
1248750 1269.5
1248760 1266.7
1248770 1263.4
1248780 1263.4
1248790 1260.5
1248800 1258.0
1248810 1258.0
1248820 1251.3
1248830 1247.4
1248840 1245.3
1248850 1245.3
1248860 1241.6
1248870 1238.2
1248880 1238.2
1248890 1236.1
1248900 1235.2
1248910 1235.2
1248920 1232.4
1248930 1228.6
1248940 1228.6
1248950 1225.0
1248960 1222.1
1248970 1222.1
1248980 1218.4
1248990 1215.9
1249000 1215.9
1249010 1211.8
1249020 1207.2
1249030 1207.2
1249040 1202.2
1249050 1196.9
1249060 1196.9
1249070 1192.1
1249080 1187.2
1249090 1187.2
1249100 1181.1
1249110 1176.9
1249120 1174.3
1249130 1174.3
1249140 1171.1
1249150 1166.7
1249160 1166.7
1249170 1162.0
1249180 1157.6
1249190 1157.6
1249200 1153.5
1249210 1150.0
1249220 1150.0
1249230 1145.2
1249240 1141.1
1249250 1141.1
1249260 1137.8
1249270 1134.0
1249280 1134.0
1249290 1130.5
1249300 1135.2
1249310 1135.2
1249320 1136.3
1249330 1135.7
1249340 1135.7
1249350 1134.0
1249360 1129.5
1249370 1129.5
1249380 1128.5
1249390 1128.8
1249400 1128.8
1249410 1128.9
1249420 1126.5
1249430 1124.0
1249440 1124.0
1249450 1121.3
1249460 1117.0
1249470 1117.0
1249480 1111.2
1249490 1104.3
1249500 1104.3
1249510 1097.5
1249520 1095.3
1249530 1095.3
1249540 1093.3
1249550 1088.6
1249560 1088.6
1249570 1083.2
1249580 1078.5
1249590 1078.5
1249600 1075.4
1249610 1073.6
1249620 1073.6
1249630 1071.9
1249640 1070.4
1249650 1070.4
1249660 1068.8
1249670 1067.1
1249680 1067.1
1249690 1066.1
1249700 1065.0
1249710 1064.1
1249720 1064.1
1249730 1063.4
1249740 1062.2
1249750 1062.2
1249760 1060.7
1249770 1059.2
1249780 1059.2
1249790 1059.7
1249800 1059.2
1249810 1059.2
1249820 1057.2
1249830 1054.8
1249840 1054.8
1249850 1052.6
1249860 1050.6
1249870 1050.6
1249880 1048.6
1249890 1046.9
1249900 1046.3
1249910 1044.4
1249920 1041.5
1249930 1041.5
1249940 1038.3
1249950 1034.1
1249960 1034.1
1249970 1029.4
1249980 1024.6
1249990 1024.6
1250000 1019.2
1250010 1013.9
1250020 1009.0
1250030 1009.0
1250040 1006.8
1250050 1005.6
1250060 1005.6
1250070 1004.3
1250080 1003.9
1250090 1003.9
1250100 1003.6
1250110 1003.4
1250120 1003.4
1250130 1003.5
1250140 1003.8
1250150 1003.8
1250160 1005.1
1250170 1002.5
1250180 1002.5
1250190 1002.1
1250200 1001.9
1250210 1001.9
1250220 1001.6
1250230 1001.6
1250240 1001.6
1250250 1001.5
1250260 1001.5
1250270 1001.5
1250280 1001.6
1250290 1001.7
1250300 1001.7
1250310 1001.7
1250320 1001.7
1250330 1001.7
1250340 1001.7
1250350 1001.7
1250360 1001.8
1250370 1001.8
1250380 1001.8
1250390 1001.9
1250400 1001.9
1250410 1002.0
1250420 1002.1
1250430 1002.1
1250440 1002.1
1250450 1002.2
1250460 1002.2
1250470 1002.2
1250480 1002.4
1250490 1002.4
1250500 1002.5
1250510 1002.6
1250520 1002.6
1250530 1002.7
1250540 1002.9
1250550 1002.9
1250560 1003.0
1250570 1003.1
1250580 1003.1
1250590 1003.1
1250600 1003.3
1250610 1003.8
1250620 1003.8
1250630 1003.9
1250640 1004.1
1250650 1004.1
1250660 1004.3
1250670 1004.6
1250680 1004.6
1250690 1004.9
1250700 1006.4
1250710 1006.4
1250720 1006.6
1250730 1005.9
1250740 1005.9
1250750 1006.0
1250760 1006.1
1250770 1006.1
1250780 1006.1
1250790 1006.3
1250800 1006.3
1250810 1006.4
1250820 1006.5
1250830 1006.5
1250840 1007.7
1250850 1013.3
1250860 1013.3
1250870 1018.2
1250880 1018.9
1250890 1025.6
1250900 1025.6
1250910 1034.1
1250920 1041.6
1250930 1041.6
1250940 1048.7
1250950 1056.6
1250960 1056.6
1250970 1062.1
1250980 1065.8
1250990 1065.8
1251000 1068.8
1251010 1072.5
1251020 1072.5
1251030 1076.1
1251040 1080.0
1251050 1080.0
1251060 1084.1
1251070 1087.8
1251080 1087.8
1251090 1091.1
1251100 1093.6
1251110 1093.6
1251120 1096.3
1251130 1099.8
1251140 1099.8
1251150 1102.9
1251160 1104.1
1251170 1104.1
1251180 1104.0
1251190 1103.9
1251200 1103.4
1251210 1103.4
1251220 1103.1
1251230 1102.6
1251240 1102.6
1251250 1103.2
1251260 1105.8
1251270 1105.8
1251280 1109.1
1251290 1110.3
1251300 1110.3
1251310 1110.2
1251320 1112.0
1251330 1112.0
1251340 1113.9
1251350 1109.7
1251360 1109.7
1251370 1097.6
1251380 1084.1
1251390 1084.1
1251400 1072.9
1251410 1064.7
1251420 1064.7
1251430 1057.0
1251440 1053.6
1251450 1053.6
1251460 1059.0
1251470 1067.9
1251480 1080.2
1251490 1080.2
1251500 1095.3
1251510 1105.7
1251520 1105.7
1251530 1113.9
1251540 1115.5
1251550 1115.5
1251560 1123.2
1251570 1129.6
1251580 1129.6
1251590 1136.3
1251600 1147.3
1251610 1147.3
1251620 1159.0
1251630 1167.4
1251640 1167.4
1251650 1173.6
1251660 1179.9
1251670 1179.9
1251680 1187.0
1251690 1195.1
1251700 1195.1
1251710 1200.7
1251720 1206.4
1251730 1206.4
1251740 1211.0
1251750 1213.9
1251760 1213.9
1251770 1211.8
1251780 1215.4
1251790 1218.6
1251800 1218.6
1251810 1220.7
1251820 1234.7
1251830 1234.7
1251840 1247.8
1251850 1257.1
1251860 1257.1
1251870 1265.3
1251880 1271.0
1251890 1271.0
1251900 1275.0
1251910 1278.8
1251920 1278.8
1251930 1282.4
1251940 1286.0
1251950 1286.0
1251960 1289.4
1251970 1292.6
1251980 1292.6
1251990 1295.0
1252000 1295.0
1252010 1295.0
1252020 1296.5
1252030 1297.7
1252040 1297.7
1252050 1297.2
1252060 1297.5
1252070 1299.1
1252080 1299.1
1252090 1301.3
1252100 1303.7
1252110 1303.7
1252120 1305.7
1252130 1306.8
1252140 1306.8
1252150 1306.5
1252160 1305.5
1252170 1305.5
1252180 1305.7
1252190 1306.2
1252200 1306.2
1252210 1306.7
1252220 1307.3
1252230 1307.3
1252240 1308.3
1252250 1309.6
1252260 1309.6
1252270 1309.2
1252280 1308.0
1252290 1308.0
1252300 1305.5
1252310 1304.2
1252320 1304.2
1252330 1304.0
1252340 1304.1
1252350 1304.1
1252360 1304.4
1252370 1307.0
1252380 1308.4
1252390 1308.4
1252400 1310.2
1252410 1310.8
1252420 1310.8
1252430 1310.7
1252440 1309.2
1252450 1309.2
1252460 1307.5
1252470 1307.0
1252480 1307.0
1252490 1307.3
1252500 1308.9
1252510 1308.9
1252520 1311.1
1252530 1313.0
1252540 1313.0
1252550 1312.6
1252560 1313.2
1252570 1313.2
1252580 1318.1
1252590 1324.8
1252600 1324.8
1252610 1332.4
1252620 1337.9
1252630 1337.9
1252640 1343.9
1252650 1348.2
1252660 1351.0
1252670 1351.0
1252680 1353.8
1252690 1356.4
1252700 1356.4
1252710 1357.8
1252720 1357.8
1252730 1357.8
1252740 1358.6
1252750 1360.8
1252760 1360.8
1252770 1361.6
1252780 1360.9
1252790 1360.9
1252800 1359.5
1252810 1359.2
1252820 1359.2
1252830 1360.7
1252840 1363.2
1252850 1363.2
1252860 1365.8
1252870 1367.4
1252880 1367.4
1252890 1369.8
1252900 1372.5
1252910 1372.5
1252920 1375.4
1252930 1379.2
1252940 1379.2
1252950 1380.1
1252960 1379.7
1252970 1378.3
1252980 1378.3
1252990 1375.4
1253000 1371.5
1253010 1371.5
1253020 1368.8
1253030 1366.2
1253040 1366.2
1253050 1362.5
1253060 1359.0
1253070 1359.0
1253080 1356.3
1253090 1354.2
1253100 1354.2
1253110 1351.1
1253120 1347.0
1253130 1347.0
1253140 1343.8
1253150 1340.6
1253160 1340.6
1253170 1338.4
1253180 1336.9
1253190 1342.0
1253200 1337.7
1253210 1333.5
1253220 1333.5
1253230 1336.5
1253240 1343.6
1253250 1348.7
1253260 1348.7
1253270 1352.6
1253280 1360.2
1253290 1360.2
1253300 1368.7
1253310 1376.4
1253320 1376.4
1253330 1383.7
1253340 1391.3
1253350 1391.3
1253360 1395.7
1253370 1398.7
1253380 1398.7
1253390 1400.8
1253400 1402.9
1253410 1402.9
1253420 1404.4
1253430 1405.6
1253440 1405.6
1253450 1406.1
1253460 1405.8
1253470 1405.8
1253480 1405.2
1253490 1404.8
1253500 1404.8
1253510 1404.8
1253520 1405.0
1253530 1405.0
1253540 1406.7
1253550 1411.3
1253560 1411.7
1253570 1411.7
1253580 1409.0
1253590 1406.8
1253600 1406.8
1253610 1406.1
1253620 1407.0
1253630 1407.0
1253640 1408.5
1253650 1409.8
1253660 1409.8
1253670 1410.0
1253680 1409.7
1253690 1409.7
1253700 1409.9
1253710 1409.9
1253720 1409.9
1253730 1410.6
1253740 1418.7
1253750 1418.7
1253760 1418.8
1253770 1417.5
1253780 1417.5
1253790 1417.2
1253800 1411.8
1253810 1411.8
1253820 1404.9
1253830 1395.6
1253840 1392.4
1253850 1392.4
1253860 1399.4
1253870 1403.7
1253880 1403.7
1253890 1410.3
1253900 1418.3
1253910 1418.3
1253920 1422.0
1253930 1420.4
1253940 1420.4
1253950 1430.8
1253960 1437.3
1253970 1437.3
1253980 1436.6
1253990 1433.9
1254000 1433.9
1254010 1428.2
1254020 1426.3
1254030 1426.3
1254040 1420.6
1254050 1410.0
1254060 1410.0
1254070 1403.7
1254080 1403.4
1254090 1403.4
1254100 1404.1
1254110 1413.0
1254120 1413.0
1254130 1422.9
1254140 1436.7
1254150 1447.6
1254160 1447.6
1254170 1455.0
1254180 1463.4
1254190 1463.4
1254200 1472.4
1254210 1480.3
1254220 1480.3
1254230 1482.9
1254240 1483.5
1254250 1483.5
1254260 1483.9
1254270 1484.2
1254280 1484.2
1254290 1484.0
1254300 1489.8
1254310 1489.8
1254320 1483.4
1254330 1476.7
1254340 1476.7
1254350 1473.2
1254360 1471.5
1254370 1471.5
1254380 1471.9
1254390 1469.5
1254400 1469.5
1254410 1462.7
1254420 1454.6
1254430 1447.3
1254440 1447.3
1254450 1441.0
1254460 1435.7
1254470 1435.7
1254480 1430.9
1254490 1427.3
1254500 1427.3
1254510 1424.8
1254520 1422.3
1254530 1422.3
1254540 1417.1
1254550 1412.4
1254560 1412.4
1254570 1407.1
1254580 1401.6
1254590 1401.6
1254600 1396.6
1254610 1393.3
1254620 1393.3
1254630 1387.7
1254640 1378.5
1254650 1378.5
1254660 1368.9
1254670 1362.9
1254680 1362.9
1254690 1358.2
1254700 1353.0
1254710 1353.0
1254720 1346.3
1254730 1340.6
1254740 1335.9
1254750 1335.9
1254760 1327.6
1254770 1317.7
1254780 1317.7
1254790 1308.6
1254800 1300.7
1254810 1300.7
1254820 1292.6
1254830 1284.3
1254840 1284.3
1254850 1281.0
1254860 1283.3
1254870 1283.3
1254880 1282.0
1254890 1280.5
1254900 1280.5
1254910 1279.3
1254920 1278.2
1254930 1278.2
1254940 1276.1
1254950 1273.8
1254960 1273.8
1254970 1271.7
1254980 1269.6
1254990 1269.6
1255000 1265.2
1255010 1260.1
1255020 1256.6
1255030 1256.6
1255040 1253.4
1255050 1250.1
1255060 1250.1
1255070 1247.3
1255080 1244.2
1255090 1244.2
1255100 1240.8
1255110 1238.2
1255120 1238.2
1255130 1237.3
1255140 1236.3
1255150 1236.3
1255160 1234.8
1255170 1233.6
1255180 1233.6
1255190 1233.1
1255200 1229.7
1255210 1229.7
1255220 1219.7
1255230 1208.4
1255240 1208.4
1255250 1200.3
1255260 1195.3
1255270 1195.3
1255280 1202.9
1255290 1214.3
1255300 1214.3
1255310 1225.8
1255320 1229.7
1255330 1231.7
1255340 1231.7
1255350 1232.8
1255360 1233.4
1255370 1233.4
1255380 1233.7
1255390 1233.7
1255400 1233.7
1255410 1238.1
1255420 1236.3
1255430 1236.3
1255440 1235.7
1255450 1235.9
1255460 1235.9
1255470 1237.6
1255480 1238.9
1255490 1238.9
1255500 1237.8
1255510 1235.5
1255520 1235.5
1255530 1233.7
1255540 1230.4
1255550 1230.4
1255560 1226.6
1255570 1223.1
1255580 1223.1
1255590 1224.3
1255600 1224.8
1255610 1222.7
1255620 1222.7
1255630 1223.9
1255640 1225.4
1255650 1225.4
1255660 1226.9
1255670 1228.2
1255680 1228.2
1255690 1229.6
1255700 1228.8
1255710 1228.8
1255720 1224.2
1255730 1218.7
1255740 1218.7
1255750 1215.5
1255760 1213.0
1255770 1213.0
1255780 1209.5
1255790 1206.7
1255800 1206.7
1255810 1204.8
1255820 1201.4
1255830 1201.4
1255840 1196.2
1255850 1188.4
1255860 1188.4
1255870 1178.6
1255880 1168.7
1255890 1168.7
1255900 1170.5
1255910 1180.5
1255920 1188.0
1255930 1188.0
1255940 1190.3
1255950 1189.5
1255960 1193.2
1255970 1188.9
1255980 1190.6
1255990 1190.6
1256000 1194.2
1256010 1191.5
1256020 1191.5
1256030 1187.7
1256040 1187.0
1256050 1187.0
1256060 1185.0
1256070 1181.1
1256080 1181.1
1256090 1181.7
1256100 1184.2
1256110 1184.2
1256120 1178.1
1256130 1170.6
1256140 1170.6
1256150 1164.9
1256160 1160.4
1256170 1160.4
1256180 1157.3
1256190 1154.2
1256200 1150.8
1256210 1150.8
1256220 1147.5
1256230 1141.8
1256240 1141.8
1256250 1132.2
1256260 1128.1
1256270 1128.1
1256280 1130.8
1256290 1138.3
1256300 1138.3
1256310 1145.9
1256320 1153.9
1256330 1153.9
1256340 1161.7
1256350 1164.6
1256360 1164.6
1256370 1164.8
1256380 1168.7
1256390 1168.7
1256400 1170.1
1256410 1171.8
1256420 1171.8
1256430 1179.2
1256440 1185.2
1256450 1185.2
1256460 1188.9
1256470 1189.2
1256480 1189.2
1256490 1189.5
1256500 1191.8
1256510 1191.5
1256520 1195.3
1256530 1195.0
1256540 1194.1
1256550 1194.1
1256560 1194.1
1256570 1190.3
1256580 1190.3
1256590 1192.0
1256600 1190.7
1256610 1190.7
1256620 1192.4
1256630 1198.1
1256640 1198.1
1256650 1202.2
1256660 1206.6
1256670 1206.6
1256680 1210.3
1256690 1210.9
1256700 1210.9
1256710 1213.0
1256720 1215.0
1256730 1215.0
1256740 1215.9
1256750 1216.4
1256760 1216.4
1256770 1216.1
1256780 1213.3
1256790 1216.0
1256800 1216.0
1256810 1219.8
1256820 1222.1
1256830 1222.1
1256840 1223.2
1256850 1223.9
1256860 1223.9
1256870 1224.5
1256880 1224.9
1256890 1224.9
1256900 1225.4
1256910 1225.7
1256920 1225.7
1256930 1226.2
1256940 1225.9
1256950 1225.9
1256960 1221.9
1256970 1218.3
1256980 1218.3
1256990 1218.2
1257000 1214.5
1257010 1214.5
1257020 1213.7
1257030 1212.0
1257040 1212.0
1257050 1207.0
1257060 1210.2
1257070 1210.2
1257080 1216.1
1257090 1218.1
1257100 1221.6
1257110 1221.6
1257120 1225.8
1257130 1225.5
1257140 1225.5
1257150 1221.5
1257160 1217.8
1257170 1217.8
1257180 1217.8
1257190 1220.8
1257200 1220.8
1257210 1224.3
1257220 1227.8
1257230 1227.8
1257240 1228.1
1257250 1227.3
1257260 1227.3
1257270 1230.8
1257280 1235.5
1257290 1235.5
1257300 1238.2
1257310 1236.0
1257320 1236.0
1257330 1232.5
1257340 1232.1
1257350 1232.1
1257360 1233.9
1257370 1233.8
1257380 1233.4
1257390 1233.4
1257400 1233.0
1257410 1231.6
1257420 1231.6
1257430 1228.6
1257440 1224.4
1257450 1224.4
1257460 1219.9
1257470 1217.0
1257480 1217.0
1257490 1216.7
1257500 1216.4
1257510 1216.4
1257520 1216.6
1257530 1218.2
1257540 1218.2
1257550 1216.0
1257560 1211.4
1257570 1211.4
1257580 1203.2
1257590 1197.1
1257600 1197.1
1257610 1199.4
1257620 1205.4
1257630 1205.4
1257640 1206.4
1257650 1205.6
1257660 1205.6
1257670 1205.2
1257680 1206.8
1257690 1202.8
1257700 1202.8
1257710 1202.2
1257720 1204.1
1257730 1204.1
1257740 1203.0
1257750 1200.4
1257760 1200.4
1257770 1198.2
1257780 1193.6
1257790 1193.6
1257800 1191.9
1257810 1191.2
1257820 1191.2
1257830 1189.6
1257840 1187.5
1257850 1187.5
1257860 1182.5
1257870 1179.5
1257880 1179.5
1257890 1181.0
1257900 1182.1
1257910 1182.1
1257920 1180.2
1257930 1177.8
1257940 1177.8
1257950 1173.2
1257960 1171.0
1257970 1170.5
1257980 1170.5
1257990 1167.0
1258000 1161.1
1258010 1161.1
1258020 1157.9
1258030 1156.7
1258040 1156.7
1258050 1156.0
1258060 1156.7
1258070 1156.7
1258080 1154.6
1258090 1150.2
1258100 1150.2
1258110 1145.6
1258120 1140.8
1258130 1140.8
1258140 1136.9
1258150 1136.7
1258160 1136.7
1258170 1134.6
1258180 1132.2
1258190 1132.2
1258200 1128.8
1258210 1127.8
1258220 1127.8
1258230 1127.4
1258240 1125.4
1258250 1125.4
1258260 1122.5
1258270 1118.7
1258280 1115.2
1258290 1115.2
1258300 1111.8
1258310 1107.4
1258320 1107.4
1258330 1102.1
1258340 1096.4
1258350 1096.4
1258360 1093.0
1258370 1092.5
1258380 1092.5
1258390 1092.2
1258400 1095.6
1258410 1095.6
1258420 1098.1
1258430 1096.5
1258440 1096.5
1258450 1092.8
1258460 1088.2
1258470 1088.2
1258480 1083.5
1258490 1080.8
1258500 1080.8
1258510 1081.5
1258520 1084.3
1258530 1084.3
1258540 1080.3
1258550 1073.1
1258560 1067.4
1258570 1067.4
1258580 1063.6
1258590 1059.4
1258600 1059.4
1258610 1054.3
1258620 1049.3
1258630 1049.3
1258640 1045.0
1258650 1041.5
1258660 1041.5
1258670 1038.5
1258680 1035.6
1258690 1035.6
1258700 1033.4
1258710 1031.0
1258720 1031.0
1258730 1028.1
1258740 1025.1
1258750 1025.1
1258760 1022.5
1258770 1022.9
1258780 1022.9
1258790 1022.0
1258800 1016.7
1258810 1016.7
1258820 1013.8
1258830 1009.8
1258840 1009.8
1258850 1007.0
1258860 1006.6
1258870 1007.8
1258880 1007.8
1258890 1009.8
1258900 1010.1
1258910 1010.1
1258920 1012.0
1258930 1018.1
1258940 1018.1
1258950 1025.0
1258960 1031.4
1258970 1031.4
1258980 1029.4
1258990 1022.3
1259000 1022.3
1259010 1015.8
1259020 1010.2
1259030 1010.2
1259040 1007.9
1259050 1006.3
1259060 1006.3
1259070 1004.8
1259080 1005.0
1259090 1005.0
1259100 1004.6
1259110 1005.1
1259120 1005.1
1259130 1005.7
1259140 1006.3
1259150 1006.7
1259160 1006.7
1259170 1006.6
1259180 1006.2
1259190 1006.2
1259200 1006.0
1259210 1006.1
1259220 1006.1
1259230 1006.6
1259240 1007.2
1259250 1007.2
1259260 1007.7
1259270 1007.9
1259280 1007.9
1259290 1008.0
1259300 1008.1
1259310 1008.1
1259320 1008.2
1259330 1008.4
1259340 1008.9
1259350 1009.2
1259360 1009.3
1259370 1009.3
1259380 1009.3
1259390 1009.2
1259400 1009.2
1259410 1009.4
1259420 1009.7
1259430 1009.7
1259440 1010.0
1259450 1010.3
1259460 1010.3
1259470 1010.3
1259480 1010.2
1259490 1010.2
1259500 1010.2
1259510 1010.5
1259520 1010.7
1259530 1010.7
1259540 1010.9
1259550 1011.0
1259560 1011.0
1259570 1011.3
1259580 1011.2
1259590 1011.2
1259600 1011.1
1259610 1011.0
1259620 1011.0
1259630 1011.0
1259640 1011.1
1259650 1011.1
1259660 1011.2
1259670 1011.2
1259680 1011.2
1259690 1011.1
1259700 1010.9
1259710 1010.9
1259720 1011.0
1259730 1011.3
1259740 1011.5
1259750 1011.5
1259760 1011.7
1259770 1011.8
1259780 1011.8
1259790 1013.0
1259800 1014.8
1259810 1014.8
1259820 1018.2
1259830 1020.4
1259840 1020.4
1259850 1022.2
1259860 1024.3
1259870 1024.3
1259880 1026.2
1259890 1026.7
1259900 1032.3
1259910 1032.5
1259920 1034.4
1259930 1034.4
1259940 1036.5
1259950 1037.9
1259960 1037.9
1259970 1038.3
1259980 1040.0
1259990 1040.0
