1240000 1840.1
1240010 1836.9
1240020 1838.0
1240030 1838.0
1240040 1842.9
1240050 1843.7
1240060 1843.7
1240070 1840.5
1240080 1837.2
1240090 1837.2
1240100 1833.2
1240110 1831.2
1240120 1825.3
1240130 1823.7
1240140 1821.2
1240150 1821.2
1240160 1817.1
1240170 1812.4
1240180 1812.4
1240190 1806.2
1240200 1796.8
1240210 1796.8
1240220 1788.5
1240230 1782.3
1240240 1777.9
1240250 1777.9
1240260 1779.9
1240270 1779.9
1240280 1779.9
1240290 1780.8
1240300 1782.7
1240310 1782.7
1240320 1784.4
1240330 1784.4
1240340 1784.4
1240350 1784.2
1240360 1781.9
1240370 1781.9
1240380 1777.5
1240390 1772.5
1240400 1772.5
1240410 1768.0
1240420 1762.3
1240430 1762.3
1240440 1757.1
1240450 1753.3
1240460 1753.3
1240470 1748.8
1240480 1742.4
1240490 1742.4
1240500 1734.2
1240510 1726.9
1240520 1719.6
1240530 1719.6
1240540 1711.1
1240550 1702.9
1240560 1702.9
1240570 1693.1
1240580 1684.1
1240590 1684.1
1240600 1679.2
1240610 1678.0
1240620 1678.0
1240630 1680.1
1240640 1674.2
1240650 1659.7
1240660 1655.8
1240670 1652.5
1240680 1652.5
1240690 1649.8
1240700 1646.9
1240710 1646.9
1240720 1644.3
1240730 1643.4
1240740 1643.4
1240750 1641.7
1240760 1637.8
1240770 1637.8
1240780 1634.7
1240790 1628.3
1240800 1628.3
1240810 1620.7
1240820 1616.8
1240830 1608.5
1240840 1608.5
1240850 1597.8
1240860 1590.7
1240870 1590.7
1240880 1585.4
1240890 1579.7
1240900 1579.7
1240910 1575.4
1240920 1572.6
1240930 1572.6
1240940 1569.3
1240950 1564.0
1240960 1564.0
1240970 1556.1
1240980 1549.9
1240990 1549.9
1241000 1546.8
1241010 1546.0
1241020 1546.0
1241030 1546.9
1241040 1543.2
1241050 1543.2
1241060 1530.4
1241070 1519.7
1241080 1519.7
1241090 1508.9
1241100 1503.7
1241110 1503.5
1241120 1503.5
1241130 1503.8
1241140 1506.6
1241150 1506.6
1241160 1510.7
1241170 1506.2
1241180 1506.2
1241190 1509.7
1241200 1513.5
1241210 1513.5
1241220 1518.8
1241230 1523.7
1241240 1523.7
1241250 1528.4
1241260 1531.2
1241270 1531.2
1241280 1532.0
1241290 1533.8
1241300 1533.8
1241310 1533.9
1241320 1530.6
1241330 1530.6
1241340 1529.7
1241350 1517.3
1241360 1517.3
1241370 1505.9
1241380 1503.6
1241390 1503.6
1241400 1498.3
1241410 1491.2
1241420 1485.8
1241430 1485.8
1241440 1482.8
1241450 1478.0
1241460 1478.0
1241470 1473.0
1241480 1467.0
1241490 1467.0
1241500 1460.4
1241510 1452.6
1241520 1452.6
1241530 1448.2
1241540 1447.4
1241550 1447.4
1241560 1446.4
1241570 1444.1
1241580 1444.1
1241590 1442.5
1241600 1438.5
1241610 1438.5
1241620 1426.6
1241630 1413.4
1241640 1413.4
1241650 1404.5
1241660 1394.5
1241670 1394.5
1241680 1382.4
1241690 1366.3
1241700 1366.3
1241710 1359.5
1241720 1356.3
1241730 1351.0
1241740 1351.0
1241750 1343.1
1241760 1336.5
1241770 1336.5
1241780 1333.4
1241790 1328.5
1241800 1328.5
1241810 1319.9
1241820 1308.6
1241830 1308.6
1241840 1300.1
1241850 1297.2
1241860 1297.2
1241870 1298.3
1241880 1297.3
1241890 1297.3
1241900 1294.3
1241910 1288.9
1241920 1288.9
1241930 1281.9
1241940 1274.3
1241950 1274.3
1241960 1266.8
1241970 1260.1
1241980 1260.1
1241990 1251.9
1242000 1241.5
1242010 1230.2
1242020 1230.2
1242030 1221.8
1242040 1216.2
1242050 1216.2
1242060 1211.0
1242070 1205.0
1242080 1205.0
1242090 1198.6
1242100 1191.7
1242110 1191.7
1242120 1185.6
1242130 1181.5
1242140 1181.5
1242150 1178.5
1242160 1175.4
1242170 1175.4
1242180 1171.2
1242190 1166.0
1242200 1166.0
1242210 1160.7
1242220 1153.3
1242230 1153.3
1242240 1148.1
1242250 1142.5
1242260 1142.5
1242270 1136.9
1242280 1131.9
1242290 1131.9
1242300 1127.4
1242310 1123.3
1242320 1120.0
1242330 1120.0
1242340 1117.7
1242350 1115.2
1242360 1115.2
1242370 1111.4
1242380 1107.4
1242390 1107.4
1242400 1106.2
1242410 1105.8
1242420 1105.8
1242430 1105.6
1242440 1105.6
1242450 1105.6
1242460 1105.7
1242470 1106.3
1242480 1106.3
1242490 1106.5
1242500 1106.0
1242510 1106.0
1242520 1105.9
1242530 1105.7
1242540 1105.7
1242550 1105.5
1242560 1105.2
1242570 1105.2
1242580 1105.0
1242590 1105.0
1242600 1105.0
1242610 1105.0
1242620 1104.9
1242630 1104.6
1242640 1104.6
1242650 1104.2
1242660 1104.0
1242670 1104.0
1242680 1104.1
1242690 1104.1
1242700 1104.1
1242710 1104.1
1242720 1103.9
1242730 1103.9
1242740 1103.8
1242750 1103.7
1242760 1103.7
1242770 1103.6
1242780 1103.5
1242790 1103.5
1242800 1103.4
1242810 1103.3
1242820 1103.3
1242830 1103.1
1242840 1102.9
1242850 1102.9
1242860 1102.7
1242870 1102.7
1242880 1102.7
1242890 1102.6
1242900 1102.4
1242910 1102.1
1242920 1102.1
1242930 1102.0
1242940 1101.8
1242950 1101.8
1242960 1101.6
1242970 1101.5
1242980 1101.5
1242990 1101.1
1243000 1100.8
1243010 1100.8
1243020 1100.6
1243030 1100.4
1243040 1100.4
1243050 1100.3
1243060 1100.1
1243070 1100.1
1243080 1099.8
1243090 1099.6
1243100 1099.6
1243110 1099.6
1243120 1099.6
1243130 1099.6
1243140 1099.3
1243150 1099.1
1243160 1099.1
1243170 1099.0
1243180 1098.9
1243190 1098.9
1243200 1098.7
1243210 1098.5
1243220 1098.4
1243230 1098.4
1243240 1098.6
1243250 1098.5
1243260 1098.5
1243270 1098.6
1243280 1098.5
1243290 1098.5
1243300 1098.3
1243310 1098.1
1243320 1098.1
1243330 1097.9
1243340 1097.6
1243350 1097.6
1243360 1097.4
1243370 1097.3
1243380 1097.3
1243390 1097.3
1243400 1097.4
1243410 1097.4
1243420 1097.5
1243430 1097.8
1243440 1097.8
1243450 1095.3
1243460 1093.8
1243470 1093.8
1243480 1093.4
1243490 1093.5
1243500 1093.8
1243510 1093.8
1243520 1093.8
1243530 1093.8
1243540 1093.8
1243550 1093.9
1243560 1094.9
1243570 1094.9
1243580 1094.5
1243590 1094.2
1243600 1094.2
1243610 1094.2
1243620 1095.2
1243630 1095.2
1243640 1094.8
1243650 1093.7
1243660 1093.7
1243670 1095.3
1243680 1096.8
1243690 1096.8
1243700 1098.4
1243710 1100.0
1243720 1100.0
1243730 1100.8
1243740 1101.5
1243750 1101.5
1243760 1102.4
1243770 1103.3
1243780 1103.3
1243790 1104.2
1243800 1105.6
1243810 1106.8
1243820 1106.8
1243830 1107.9
1243840 1109.2
1243850 1109.2
1243860 1110.7
1243870 1112.1
1243880 1112.1
1243890 1113.5
1243900 1114.7
1243910 1114.7
1243920 1116.0
1243930 1117.2
1243940 1117.2
1243950 1117.0
1243960 1115.6
1243970 1115.6
1243980 1115.8
1243990 1117.8
1244000 1117.8
1244010 1118.9
1244020 1119.5
1244030 1119.5
1244040 1120.7
1244050 1123.2
1244060 1123.2
1244070 1126.4
1244080 1129.9
1244090 1129.9
1244100 1133.0
1244110 1134.4
1244120 1136.0
1244130 1136.0
1244140 1138.5
1244150 1141.7
1244160 1141.7
1244170 1143.2
1244180 1144.0
1244190 1144.0
1244200 1149.5
1244210 1151.9
1244220 1151.9
1244230 1152.0
1244240 1156.7
1244250 1156.7
1244260 1159.7
1244270 1161.9
1244280 1161.9
1244290 1164.9
1244300 1168.9
1244310 1168.9
1244320 1172.2
1244330 1166.4
1244340 1166.4
1244350 1166.6
1244360 1167.0
1244370 1167.0
1244380 1168.7
1244390 1170.2
1244400 1171.0
1244410 1171.0
1244420 1173.3
1244430 1173.7
1244440 1173.7
1244450 1172.5
1244460 1171.8
1244470 1171.8
1244480 1175.5
1244490 1178.6
1244500 1178.6
1244510 1181.7
1244520 1185.7
1244530 1185.7
1244540 1188.7
1244550 1186.5
1244560 1186.5
1244570 1189.6
1244580 1191.0
1244590 1191.0
1244600 1190.7
1244610 1193.0
1244620 1193.0
1244630 1196.3
1244640 1195.2
1244650 1195.2
1244660 1192.8
1244670 1191.8
1244680 1191.8
1244690 1193.2
1244700 1193.8
1244710 1194.0
1244720 1194.0
1244730 1196.8
1244740 1200.8
1244750 1200.8
1244760 1204.6
1244770 1206.9
1244780 1206.9
1244790 1207.7
1244800 1210.7
1244810 1210.7
1244820 1214.7
1244830 1220.3
1244840 1220.3
1244850 1227.1
1244860 1221.8
1244870 1221.8
1244880 1226.4
1244890 1230.3
1244900 1230.3
1244910 1234.0
1244920 1236.8
1244930 1236.8
1244940 1236.1
1244950 1233.5
1244960 1233.5
1244970 1236.1
1244980 1242.3
1244990 1246.3
1245000 1246.3
1245010 1250.4
1245020 1254.5
1245030 1254.5
1245040 1258.2
1245050 1261.5
1245060 1261.5
1245070 1264.3
1245080 1265.4
1245090 1265.4
1245100 1264.9
1245110 1263.0
1245120 1263.0
1245130 1264.3
1245140 1268.6
1245150 1268.6
1245160 1270.7
1245170 1270.8
1245180 1270.8
1245190 1272.6
1245200 1274.3
1245210 1274.3
1245220 1275.7
1245230 1277.3
1245240 1277.3
1245250 1280.3
1245260 1282.2
1245270 1282.2
1245280 1282.3
1245290 1282.8
1245300 1285.7
1245310 1285.7
1245320 1287.9
1245330 1290.2
1245340 1290.2
1245350 1292.3
1245360 1291.1
1245370 1291.1
1245380 1288.9
1245390 1291.2
1245400 1289.6
1245410 1294.6
1245420 1298.2
1245430 1298.2
1245440 1299.9
1245450 1301.6
1245460 1301.6
1245470 1303.3
1245480 1304.8
1245490 1304.8
1245500 1308.5
1245510 1309.1
1245520 1309.1
1245530 1309.1
1245540 1309.9
1245550 1309.9
1245560 1311.1
1245570 1312.3
1245580 1312.3
1245590 1314.5
1245600 1316.5
1245610 1318.6
1245620 1318.6
1245630 1320.9
1245640 1322.3
1245650 1322.3
1245660 1320.8
1245670 1322.8
1245680 1322.8
1245690 1327.6
1245700 1332.0
1245710 1332.0
1245720 1332.6
1245730 1331.2
1245740 1331.2
1245750 1333.1
1245760 1337.2
1245770 1337.2
1245780 1337.5
1245790 1339.9
1245800 1339.9
1245810 1340.3
1245820 1338.3
1245830 1338.3
1245840 1339.1
1245850 1340.1
1245860 1340.1
1245870 1340.8
1245880 1339.3
1245890 1340.8
1245900 1340.8
1245910 1344.7
1245920 1345.1
1245930 1341.0
1245940 1342.3
1245950 1343.3
1245960 1343.3
1245970 1343.7
1245980 1343.9
1245990 1343.9
1246000 1344.6
1246010 1345.4
1246020 1345.4
1246030 1346.4
1246040 1348.2
1246050 1348.2
1246060 1349.7
1246070 1349.8
1246080 1349.8
1246090 1349.7
1246100 1349.9
1246110 1349.9
1246120 1350.4
1246130 1351.0
1246140 1351.0
1246150 1351.4
1246160 1352.4
1246170 1352.4
1246180 1352.9
1246190 1353.6
1246200 1354.5
1246210 1354.5
1246220 1356.5
1246230 1358.5
1246240 1358.5
1246250 1360.1
1246260 1361.6
1246270 1361.6
1246280 1364.6
1246290 1367.4
1246300 1367.4
1246310 1369.8
1246320 1371.6
1246330 1371.6
1246340 1373.3
1246350 1374.8
1246360 1374.8
1246370 1376.8
1246380 1378.5
1246390 1378.5
1246400 1379.5
1246410 1380.0
1246420 1380.0
1246430 1380.3
1246440 1380.4
1246450 1380.4
1246460 1381.4
1246470 1390.5
1246480 1393.4
1246490 1393.4
1246500 1393.3
1246510 1396.2
1246520 1396.2
1246530 1397.9
1246540 1400.2
1246550 1400.2
1246560 1403.3
1246570 1406.1
1246580 1406.1
1246590 1408.5
1246600 1409.6
1246610 1409.6
1246620 1411.7
1246630 1416.2
1246640 1416.2
1246650 1420.1
1246660 1423.4
1246670 1423.4
1246680 1427.3
1246690 1432.0
1246700 1432.0
1246710 1437.9
1246720 1442.7
1246730 1442.7
1246740 1443.9
1246750 1443.7
1246760 1443.7
1246770 1445.4
1246780 1448.7
1246790 1453.1
1246800 1453.1
1246810 1457.4
1246820 1459.4
1246830 1459.4
1246840 1459.1
1246850 1461.5
1246860 1461.5
1246870 1464.5
1246880 1467.3
1246890 1467.3
1246900 1473.1
1246910 1478.2
1246920 1478.2
1246930 1482.9
1246940 1488.0
1246950 1488.0
1246960 1492.5
1246970 1496.3
1246980 1496.3
1246990 1500.6
1247000 1509.6
1247010 1509.6
1247020 1514.3
1247030 1518.7
1247040 1518.7
1247050 1522.8
1247060 1527.0
1247070 1527.0
1247080 1531.2
1247090 1536.1
1247100 1541.8
1247110 1541.8
1247120 1547.3
1247130 1552.5
1247140 1552.5
1247150 1557.7
1247160 1562.3
1247170 1562.3
1247180 1564.5
1247190 1565.2
1247200 1565.2
1247210 1570.8
1247220 1578.3
1247230 1578.3
1247240 1583.8
1247250 1587.6
1247260 1587.6
1247270 1590.9
1247280 1594.0
1247290 1594.0
1247300 1596.4
1247310 1598.8
1247320 1598.8
1247330 1601.2
1247340 1602.5
1247350 1602.5
1247360 1602.7
1247370 1606.2
1247380 1607.6
1247390 1607.6
1247400 1608.9
1247410 1605.8
1247420 1605.8
1247430 1601.3
1247440 1604.3
1247450 1604.3
1247460 1608.9
1247470 1609.8
1247480 1609.8
1247490 1609.7
1247500 1610.4
1247510 1610.4
1247520 1611.4
1247530 1615.0
1247540 1619.1
1247550 1622.9
1247560 1631.0
1247570 1631.0
1247580 1639.2
1247590 1643.0
1247600 1643.0
1247610 1642.4
1247620 1640.6
1247630 1640.6
1247640 1637.9
1247650 1636.3
1247660 1636.3
1247670 1635.9
1247680 1633.9
1247690 1632.1
1247700 1632.1
1247710 1627.5
1247720 1625.0
1247730 1625.0
1247740 1620.0
1247750 1616.7
1247760 1616.7
1247770 1618.0
1247780 1614.1
1247790 1614.1
1247800 1608.6
1247810 1603.2
1247820 1603.2
1247830 1597.4
1247840 1595.0
1247850 1595.0
1247860 1594.8
1247870 1590.4
1247880 1590.4
1247890 1584.4
1247900 1579.3
1247910 1579.3
1247920 1576.8
1247930 1579.1
1247940 1579.1
1247950 1585.4
1247960 1591.4
1247970 1595.2
1247980 1595.2
1247990 1597.0
1248000 1602.6
1248010 1602.6
1248020 1607.5
1248030 1609.0
1248040 1609.0
1248050 1611.8
1248060 1614.8
1248070 1614.8
1248080 1622.9
1248090 1620.8
1248100 1620.8
1248110 1619.0
1248120 1617.3
1248130 1617.3
1248140 1615.8
1248150 1613.9
1248160 1613.9
1248170 1611.3
1248180 1604.5
1248190 1604.5
1248200 1598.9
1248210 1599.0
1248220 1599.0
1248230 1599.4
1248240 1597.9
1248250 1597.9
1248260 1595.3
1248270 1593.4
1248280 1595.2
1248290 1595.2
1248300 1598.0
1248310 1596.6
1248320 1596.6
1248330 1594.2
1248340 1593.0
1248350 1593.0
1248360 1591.8
1248370 1587.7
1248380 1587.7
1248390 1581.9
1248400 1578.0
1248410 1578.0
1248420 1575.4
1248430 1572.7
1248440 1572.7
1248450 1570.2
1248460 1566.6
1248470 1566.6
1248480 1563.6
1248490 1561.5
1248500 1561.5
1248510 1560.0
1248520 1558.2
1248530 1558.2
1248540 1555.4
1248550 1552.4
1248560 1548.3
1248570 1548.3
1248580 1544.3
1248590 1541.1
1248600 1541.1
1248610 1536.7
1248620 1536.6
1248630 1536.6
1248640 1532.1
1248650 1528.7
1248660 1528.7
1248670 1525.3
1248680 1523.6
1248690 1523.6
1248700 1520.3
1248710 1516.5
1248720 1516.5
1248730 1513.1
1248740 1509.3
1248750 1509.3
1248760 1505.2
1248770 1501.3
1248780 1501.3
1248790 1497.9
1248800 1494.3
1248810 1494.3
1248820 1490.7
1248830 1486.9
1248840 1486.9
1248850 1483.4
1248860 1479.9
1248870 1476.0
1248880 1476.0
1248890 1471.5
1248900 1467.0
1248910 1467.0
1248920 1461.9
1248930 1458.2
1248940 1458.2
1248950 1455.2
1248960 1450.0
1248970 1450.0
1248980 1442.7
1248990 1442.9
1249000 1442.9
1249010 1443.4
1249020 1439.5
1249030 1439.5
1249040 1434.6
1249050 1430.4
1249060 1430.4
1249070 1426.0
1249080 1421.9
1249090 1421.9
1249100 1417.2
1249110 1414.1
1249120 1414.1
1249130 1411.9
1249140 1410.7
1249150 1410.7
1249160 1405.6
1249170 1404.7
1249180 1400.3
1249190 1400.3
1249200 1394.5
1249210 1388.9
1249220 1388.9
1249230 1382.9
1249240 1376.7
1249250 1376.7
1249260 1371.2
1249270 1365.7
1249280 1365.7
1249290 1359.7
1249300 1352.8
1249310 1352.8
1249320 1346.1
1249330 1340.2
1249340 1340.2
1249350 1334.2
1249360 1329.4
1249370 1329.4
1249380 1325.3
1249390 1319.9
1249400 1319.9
1249410 1314.0
1249420 1306.9
1249430 1306.9
1249440 1299.3
1249450 1292.7
1249460 1286.7
1249470 1286.7
1249480 1281.8
1249490 1277.2
1249500 1277.2
1249510 1273.6
1249520 1268.3
1249530 1268.3
1249540 1261.4
1249550 1255.1
1249560 1255.1
1249570 1247.9
1249580 1244.0
1249590 1244.0
1249600 1242.8
1249610 1239.3
1249620 1239.3
1249630 1234.8
1249640 1229.9
1249650 1229.9
1249660 1224.8
1249670 1219.9
1249680 1219.9
1249690 1215.0
1249700 1210.6
1249710 1208.2
1249720 1203.9
1249730 1198.9
1249740 1198.9
1249750 1195.1
1249760 1193.1
1249770 1191.2
1249780 1191.2
1249790 1188.4
1249800 1185.0
1249810 1185.0
1249820 1182.5
1249830 1179.3
1249840 1179.3
1249850 1176.0
1249860 1171.6
1249870 1171.6
1249880 1165.2
1249890 1160.6
1249900 1160.6
1249910 1159.8
1249920 1159.3
1249930 1159.3
1249940 1156.9
1249950 1154.9
1249960 1154.9
1249970 1153.1
1249980 1147.9
1249990 1147.9
1250000 1142.3
1250010 1137.1
1250020 1137.1
1250030 1132.6
1250040 1127.5
1250050 1122.5
1250060 1122.5
1250070 1118.7
1250080 1116.2
1250090 1116.2
1250100 1114.3
1250110 1110.5
1250120 1110.5
1250130 1106.0
1250140 1101.6
1250150 1101.6
1250160 1100.1
1250170 1102.5
1250180 1102.5
1250190 1097.6
1250200 1091.4
1250210 1091.4
1250220 1085.8
1250230 1080.7
1250240 1080.7
1250250 1074.3
1250260 1069.8
1250270 1069.8
1250280 1065.9
1250290 1062.9
1250300 1062.9
1250310 1060.6
1250320 1058.9
1250330 1058.9
1250340 1057.4
1250350 1056.5
1250360 1053.2
1250370 1053.2
1250380 1048.0
1250390 1044.0
1250400 1044.0
1250410 1040.6
1250420 1035.2
1250430 1035.2
1250440 1028.9
1250450 1023.6
1250460 1023.6
1250470 1019.1
1250480 1017.7
1250490 1017.7
1250500 1017.5
1250510 1017.7
1250520 1017.7
1250530 1017.7
1250540 1017.2
1250550 1017.2
1250560 1016.6
1250570 1017.7
1250580 1017.7
1250590 1019.0
1250600 1019.1
1250610 1019.1
1250620 1019.6
1250630 1019.8
1250640 1019.8
1250650 1019.5
1250660 1019.5
1250670 1019.3
1250680 1019.3
1250690 1018.9
1250700 1018.1
1250710 1018.1
1250720 1017.4
1250730 1016.8
1250740 1016.8
1250750 1015.9
1250760 1015.1
1250770 1015.1
1250780 1014.2
1250790 1013.6
1250800 1012.2
1250810 1011.5
1250820 1010.8
1250830 1010.8
1250840 1010.2
1250850 1009.7
1250860 1009.7
1250870 1009.0
1250880 1007.7
1250890 1007.7
1250900 1006.4
1250910 1005.0
1250920 1005.0
1250930 1002.9
1250940 999.5
1250950 1001.9
1250960 1001.9
1250970 1003.7
1250980 1003.7
1250990 1003.7
1251000 1003.6
1251010 1001.9
1251020 1001.9
1251030 997.9
1251040 997.1
1251050 997.1
1251060 997.2
1251070 997.0
1251080 997.0
1251090 996.9
1251100 998.1
1251110 998.1
1251120 1001.7
1251130 1002.0
1251140 1002.0
1251150 1002.1
1251160 1002.1
1251170 1002.1
1251180 1002.3
1251190 1001.4
1251200 1001.4
1251210 1000.8
1251220 1000.4
1251230 1000.4
1251240 1000.1
1251250 999.7
1251260 999.6
1251270 999.6
1251280 999.3
1251290 998.9
1251300 998.9
1251310 998.9
1251320 999.0
1251330 999.0
1251340 999.9
1251350 999.8
1251360 999.8
1251370 1000.9
1251380 1006.2
1251390 1006.2
1251400 1010.8
1251410 1014.3
1251420 1014.3
1251430 1020.8
1251440 1030.5
1251450 1030.5
1251460 1039.1
1251470 1043.9
1251480 1043.9
1251490 1047.7
1251500 1050.4
1251510 1050.4
1251520 1051.8
1251530 1052.4
1251540 1052.5
1251550 1052.5
1251560 1054.0
1251570 1055.1
1251580 1055.1
1251590 1056.2
1251600 1057.9
1251610 1057.9
1251620 1061.0
1251630 1064.2
1251640 1064.2
1251650 1067.3
1251660 1070.5
1251670 1070.5
1251680 1072.3
1251690 1075.2
1251700 1075.2
1251710 1078.2
1251720 1081.2
1251730 1081.2
1251740 1086.1
1251750 1091.4
1251760 1091.4
1251770 1094.9
1251780 1097.7
1251790 1097.7
1251800 1100.7
1251810 1103.3
1251820 1103.3
1251830 1106.5
1251840 1108.9
1251850 1109.4
1251860 1109.4
1251870 1108.1
1251880 1108.2
1251890 1112.2
1251900 1110.7
1251910 1111.8
1251920 1111.8
1251930 1112.5
1251940 1114.5
1251950 1114.5
1251960 1117.3
1251970 1121.9
1251980 1121.9
1251990 1126.8
1252000 1129.3
1252010 1129.3
1252020 1131.1
1252030 1133.2
1252040 1133.2
1252050 1131.6
1252060 1131.0
1252070 1131.0
1252080 1134.1
1252090 1135.9
1252100 1135.9
1252110 1137.3
1252120 1138.7
1252130 1135.4
1252140 1135.4
1252150 1130.4
1252160 1130.0
1252170 1130.0
1252180 1131.6
1252190 1133.0
1252200 1133.0
1252210 1132.8
1252220 1132.1
1252230 1132.1
1252240 1130.6
1252250 1127.4
1252260 1127.4
1252270 1132.2
1252280 1134.1
1252290 1134.1
1252300 1133.5
1252310 1133.4
1252320 1133.4
1252330 1133.7
1252340 1132.9
1252350 1132.9
1252360 1130.4
1252370 1126.1
1252380 1126.1
1252390 1119.8
1252400 1113.3
1252410 1113.3
1252420 1108.1
1252430 1103.7
1252440 1103.9
1252450 1103.9
1252460 1100.5
1252470 1096.3
1252480 1096.3
1252490 1092.4
1252500 1091.5
1252510 1091.5
1252520 1091.4
1252530 1090.9
1252540 1090.9
1252550 1091.0
1252560 1092.3
1252570 1092.3
1252580 1093.5
1252590 1094.9
1252600 1094.9
1252610 1096.0
1252620 1096.7
1252630 1096.7
1252640 1096.3
1252650 1095.9
1252660 1095.9
1252670 1096.2
1252680 1096.8
1252690 1096.8
1252700 1096.3
1252710 1093.3
1252720 1093.3
1252730 1089.6
1252740 1086.8
1252750 1085.3
1252760 1085.3
1252770 1084.1
1252780 1083.4
1252790 1083.4
1252800 1083.9
1252810 1084.2
1252820 1084.2
1252830 1083.5
1252840 1083.1
1252850 1083.1
1252860 1083.5
1252870 1082.8
1252880 1082.8
1252890 1082.2
1252900 1082.5
1252910 1082.5
1252920 1082.9
1252930 1082.7
1252940 1082.7
1252950 1080.5
1252960 1075.0
1252970 1075.0
1252980 1075.6
1252990 1085.9
1253000 1085.9
1253010 1085.6
1253020 1084.5
1253030 1082.1
1253040 1082.1
1253050 1079.5
1253060 1076.3
1253070 1076.3
1253080 1073.4
1253090 1072.1
1253100 1072.1
1253110 1069.2
1253120 1066.6
1253130 1066.6
1253140 1062.3
1253150 1052.2
1253160 1052.2
1253170 1044.2
1253180 1055.8
1253190 1055.8
1253200 1058.5
1253210 1055.9
1253220 1055.9
1253230 1054.6
1253240 1054.8
1253250 1054.8
1253260 1052.2
1253270 1049.2
1253280 1049.2
1253290 1044.3
1253300 1037.4
1253310 1037.4
1253320 1029.9
1253330 1024.8
1253340 1016.4
1253350 1016.4
1253360 1009.0
1253370 1004.8
1253380 1004.8
1253390 1003.9
1253400 1007.3
1253410 1007.3
1253420 1011.6
1253430 1011.5
1253440 1011.5
1253450 1011.8
1253460 1015.5
1253470 1015.5
1253480 1022.1
1253490 1029.5
1253500 1029.5
1253510 1032.6
1253520 1031.9
1253530 1031.9
1253540 1037.0
1253550 1038.4
1253560 1038.4
1253570 1037.2
1253580 1037.1
1253590 1037.1
1253600 1038.2
1253610 1038.8
1253620 1039.6
1253630 1039.6
1253640 1040.6
1253650 1037.6
1253660 1037.6
1253670 1029.6
1253680 1022.8
1253690 1022.8
1253700 1026.1
1253710 1033.1
1253720 1033.1
1253730 1037.8
1253740 1039.2
1253750 1039.2
1253760 1041.0
1253770 1041.6
1253780 1041.6
1253790 1040.2
1253800 1040.0
1253810 1040.0
1253820 1043.1
1253830 1044.4
1253840 1044.4
1253850 1045.7
1253860 1039.4
1253870 1039.4
1253880 1043.5
1253890 1047.7
1253900 1047.7
1253910 1049.3
1253920 1053.7
1253930 1055.4
1253940 1055.4
1253950 1056.5
1253960 1058.2
1253970 1058.2
1253980 1061.4
1253990 1063.1
1254000 1063.1
1254010 1065.6
1254020 1068.9
1254030 1068.9
1254040 1071.1
1254050 1071.0
1254060 1071.0
1254070 1071.6
1254080 1072.6
1254090 1076.2
1254100 1074.1
1254110 1073.6
1254120 1073.6
1254130 1076.0
1254140 1080.3
1254150 1080.3
1254160 1079.6
1254170 1081.7
1254180 1081.7
1254190 1083.4
1254200 1083.4
1254210 1083.4
1254220 1082.3
1254230 1077.4
1254240 1076.2
1254250 1076.2
1254260 1083.3
1254270 1087.0
1254280 1087.0
1254290 1084.8
1254300 1081.7
1254310 1081.7
1254320 1086.8
1254330 1092.6
1254340 1092.6
1254350 1091.3
1254360 1089.4
1254370 1089.4
1254380 1091.8
1254390 1093.6
1254400 1093.6
1254410 1097.8
1254420 1099.5
1254430 1099.5
1254440 1096.7
1254450 1093.9
1254460 1093.9
1254470 1092.0
1254480 1090.4
1254490 1090.4
1254500 1090.7
1254510 1090.5
1254520 1090.8
1254530 1090.8
1254540 1088.7
1254550 1083.3
1254560 1083.3
1254570 1079.5
1254580 1078.5
1254590 1078.5
1254600 1076.3
1254610 1077.6
1254620 1077.6
1254630 1077.3
1254640 1077.4
1254650 1080.8
1254660 1083.1
1254670 1084.7
1254680 1084.7
1254690 1085.1
1254700 1085.4
1254710 1085.4
1254720 1085.5
1254730 1085.8
1254740 1085.8
1254750 1085.7
1254760 1084.4
1254770 1084.4
1254780 1084.2
1254790 1084.5
1254800 1084.5
1254810 1083.9
1254820 1083.6
1254830 1084.5
1254840 1084.5
1254850 1084.0
1254860 1083.3
1254870 1083.3
1254880 1081.9
1254890 1081.6
1254900 1081.6
1254910 1081.3
1254920 1078.5
1254930 1078.5
1254940 1081.0
1254950 1083.3
1254960 1083.3
1254970 1083.8
1254980 1085.1
1254990 1085.1
1255000 1086.6
1255010 1087.7
1255020 1087.7
1255030 1088.4
1255040 1089.5
1255050 1089.5
1255060 1089.4
1255070 1087.7
1255080 1087.7
1255090 1086.0
1255100 1084.6
1255110 1082.5
1255120 1082.5
1255130 1081.1
1255140 1079.5
1255150 1079.5
1255160 1076.7
1255170 1073.7
1255180 1073.7
1255190 1070.1
1255200 1068.0
1255210 1068.0
1255220 1066.3
1255230 1065.4
1255240 1065.4
1255250 1064.5
1255260 1063.0
1255270 1063.0
1255280 1059.7
1255290 1056.1
1255300 1056.1
1255310 1051.0
1255320 1042.3
1255330 1042.3
1255340 1035.7
1255350 1032.1
1255360 1032.1
1255370 1030.4
1255380 1030.0
1255390 1030.0
1255400 1028.0
1255410 1023.3
1255420 1018.9
1255430 1018.9
1255440 1016.5
1255450 1013.8
1255460 1013.8
1255470 1009.4
1255480 1002.6
1255490 1002.6
1255500 995.0
1255510 986.9
1255520 986.9
1255530 981.9
1255540 979.6
1255550 979.6
1255560 981.9
1255570 984.9
1255580 984.9
1255590 983.5
1255600 981.1
1255610 981.1
1255620 979.5
1255630 975.3
1255640 975.3
1255650 973.2
1255660 973.2
1255670 973.2
1255680 973.3
1255690 973.5
1255700 973.8
1255710 973.8
1255720 973.9
1255730 974.1
1255740 974.1
1255750 974.1
1255760 973.8
1255770 973.8
1255780 973.9
1255790 974.0
1255800 974.0
1255810 974.1
1255820 974.2
1255830 974.2
1255840 976.5
1255850 978.9
1255860 978.9
1255870 979.9
1255880 980.7
1255890 980.7
1255900 981.3
1255910 982.0
1255920 982.0
1255930 983.3
1255940 984.6
1255950 984.6
1255960 986.2
1255970 987.3
1255980 987.3
1255990 987.8
1256000 988.1
1256010 988.0
1256020 988.0
1256030 988.3
1256040 988.7
1256050 988.7
1256060 989.0
1256070 989.1
1256080 989.1
1256090 990.2
1256100 991.4
1256110 991.4
1256120 992.4
1256130 993.0
1256140 993.0
1256150 993.7
1256160 994.9
1256170 994.9
1256180 995.1
1256190 994.9
1256200 994.9
1256210 983.3
1256220 978.8
1256230 978.8
1256240 989.5
1256250 997.1
1256260 997.1
1256270 997.3
1256280 996.8
1256290 996.8
1256300 996.2
1256310 998.0
1256320 997.8
1256330 997.8
1256340 998.6
1256350 999.3
1256360 999.3
1256370 999.5
1256380 1000.1
1256390 1000.1
1256400 1000.4
1256410 1000.9
1256420 1000.9
1256430 1000.9
1256440 1000.8
1256450 1000.8
1256460 1000.9
1256470 1001.2
1256480 1001.2
1256490 1001.6
1256500 1002.2
1256510 1002.2
1256520 1003.6
1256530 1004.8
1256540 1004.8
1256550 1003.9
1256560 1002.9
1256570 1002.9
1256580 1003.3
1256590 1003.3
1256600 1003.3
1256610 1003.3
1256620 1003.2
1256630 1003.4
1256640 1003.4
1256650 1004.0
1256660 1004.6
1256670 1004.6
1256680 1004.8
1256690 1003.3
1256700 1003.3
1256710 1002.1
1256720 1001.9
1256730 1001.9
1256740 1001.7
1256750 1001.5
1256760 1001.5
1256770 1001.6
1256780 1001.8
1256790 1001.8
1256800 1002.2
1256810 1002.9
1256820 1002.9
1256830 1003.6
1256840 1003.9
1256850 1003.9
1256860 1004.2
1256870 1004.4
1256880 1004.2
1256890 1004.4
1256900 1004.7
1256910 1004.9
1256920 1004.9
1256930 1004.9
1256940 1005.1
1256950 1005.1
1256960 1005.2
1256970 1004.4
1256980 1004.4
1256990 1002.2
1257000 998.0
1257010 998.0
1257020 996.4
1257030 994.2
1257040 994.2
1257050 991.6
1257060 989.7
1257070 989.7
1257080 988.1
1257090 986.5
1257100 986.5
1257110 987.7
1257120 990.6
1257130 990.6
1257140 997.2
1257150 1000.5
1257160 1000.5
1257170 1004.6
1257180 1008.1
1257190 1009.0
1257200 1009.0
1257210 1009.6
1257220 1010.2
1257230 1010.2
1257240 1010.6
1257250 1011.4
1257260 1011.4
1257270 1012.0
1257280 1012.4
1257290 1012.4
1257300 1012.9
1257310 1013.4
1257320 1013.4
1257330 1013.9
1257340 1014.1
1257350 1014.1
1257360 1014.5
1257370 1015.2
1257380 1015.2
1257390 1016.2
1257400 1017.0
1257410 1017.0
1257420 1017.5
1257430 1017.8
1257440 1017.1
1257450 1017.5
1257460 1017.7
1257470 1017.7
1257480 1019.1
1257490 1019.8
1257500 1017.0
1257510 1017.0
1257520 1014.6
1257530 1011.3
1257540 1011.3
1257550 1014.0
1257560 1022.5
1257570 1022.5
1257580 1028.8
1257590 1031.2
1257600 1031.2
1257610 1031.7
1257620 1033.2
1257630 1033.2
1257640 1036.1
1257650 1038.7
1257660 1038.7
1257670 1040.5
1257680 1043.4
1257690 1043.4
1257700 1045.1
1257710 1044.8
1257720 1044.8
1257730 1044.0
1257740 1044.5
1257750 1044.5
1257760 1046.5
1257770 1049.0
1257780 1050.1
1257790 1050.1
1257800 1050.5
1257810 1051.2
1257820 1051.2
1257830 1051.6
1257840 1051.8
1257850 1051.8
1257860 1053.0
1257870 1054.6
1257880 1054.6
1257890 1056.0
1257900 1057.4
1257910 1057.4
1257920 1059.2
1257930 1061.5
1257940 1061.5
1257950 1064.3
1257960 1067.6
1257970 1067.6
1257980 1071.3
1257990 1075.3
1258000 1075.8
1258010 1079.7
1258020 1083.0
1258030 1083.0
1258040 1085.9
1258050 1089.0
1258060 1089.0
1258070 1092.3
1258080 1095.1
1258090 1095.7
1258100 1095.7
1258110 1095.2
1258120 1098.9
1258130 1098.9
1258140 1105.6
1258150 1111.6
1258160 1111.6
1258170 1115.5
1258180 1118.1
1258190 1118.1
1258200 1120.3
1258210 1123.6
1258220 1123.6
1258230 1129.7
1258240 1136.9
1258250 1136.9
1258260 1143.6
1258270 1149.6
1258280 1149.6
1258290 1154.5
1258300 1159.9
1258310 1159.9
1258320 1165.8
1258330 1171.5
1258340 1171.5
1258350 1176.8
1258360 1180.5
1258370 1180.5
1258380 1183.7
1258390 1186.8
1258400 1190.4
1258410 1190.4
1258420 1193.0
1258430 1195.9
1258440 1195.9
1258450 1199.5
1258460 1201.8
1258470 1201.8
1258480 1204.0
1258490 1205.4
1258500 1205.4
1258510 1203.7
1258520 1202.3
1258530 1202.3
1258540 1208.7
1258550 1215.4
1258560 1215.4
1258570 1211.2
1258580 1212.5
1258590 1212.5
1258600 1214.8
1258610 1216.1
1258620 1216.1
1258630 1215.3
1258640 1219.3
1258650 1219.3
1258660 1225.3
1258670 1228.3
1258680 1229.8
1258690 1229.8
1258700 1230.6
1258710 1232.9
1258720 1232.9
1258730 1235.3
1258740 1234.8
1258750 1234.8
1258760 1233.2
1258770 1238.8
1258780 1238.8
1258790 1241.9
1258800 1242.3
1258810 1242.3
1258820 1243.0
1258830 1247.3
1258840 1247.3
1258850 1249.4
1258860 1252.0
1258870 1252.0
1258880 1252.9
1258890 1251.3
1258900 1251.3
1258910 1255.7
1258920 1259.8
1258930 1259.8
1258940 1261.8
1258950 1263.7
1258960 1263.7
1258970 1263.6
1258980 1261.5
1258990 1260.2
1259000 1260.2
1259010 1265.7
1259020 1268.9
1259030 1268.9
1259040 1268.6
1259050 1270.0
1259060 1270.0
1259070 1272.4
1259080 1274.3
1259090 1274.3
1259100 1275.4
1259110 1276.6
1259120 1276.6
1259130 1270.6
1259140 1271.8
1259150 1271.8
1259160 1272.7
1259170 1273.6
1259180 1273.6
1259190 1271.4
1259200 1272.9
1259210 1272.9
1259220 1280.4
1259230 1280.8
1259240 1280.8
1259250 1285.4
1259260 1292.5
1259270 1295.1
1259280 1295.1
1259290 1297.0
1259300 1298.8
1259310 1298.8
1259320 1301.8
1259330 1304.2
1259340 1304.2
1259350 1306.2
1259360 1305.3
1259370 1305.3
1259380 1298.0
1259390 1294.0
1259400 1294.0
1259410 1297.2
1259420 1301.4
1259430 1301.4
1259440 1299.5
1259450 1294.2
1259460 1294.2
1259470 1297.7
1259480 1305.7
1259490 1305.7
1259500 1313.0
1259510 1316.6
1259520 1316.6
1259530 1317.0
1259540 1314.5
1259550 1314.5
1259560 1315.0
1259570 1317.8
1259580 1321.0
1259590 1321.0
1259600 1320.2
1259610 1313.7
1259620 1313.7
1259630 1307.3
1259640 1314.9
1259650 1314.9
1259660 1318.9
1259670 1320.5
1259680 1320.5
1259690 1323.4
1259700 1318.7
1259710 1318.7
1259720 1319.5
1259730 1320.2
1259740 1320.2
1259750 1320.8
1259760 1320.7
1259770 1320.7
1259780 1321.1
1259790 1322.4
1259800 1322.4
1259810 1319.4
1259820 1314.5
1259830 1314.5
1259840 1310.3
1259850 1304.5
1259860 1300.2
1259870 1300.2
1259880 1315.4
1259890 1321.6
1259900 1321.6
1259910 1320.8
1259920 1320.9
1259930 1320.9
1259940 1321.9
1259950 1322.4
1259960 1322.4
1259970 1322.4
1259980 1321.6
1259990 1321.6
