1240000 2190.4
1240010 2190.4
1240020 2185.2
1240030 2179.4
1240040 2179.4
1240050 2173.6
1240060 2168.7
1240070 2168.7
1240080 2165.8
1240090 2166.7
1240100 2166.7
1240110 2173.4
1240120 2179.2
1240130 2182.2
1240140 2182.2
1240150 2188.5
1240160 2186.8
1240170 2186.8
1240180 2184.0
1240190 2186.0
1240200 2186.0
1240210 2190.0
1240220 2188.7
1240230 2188.7
1240240 2190.9
1240250 2195.3
1240260 2195.3
1240270 2191.5
1240280 2181.4
1240290 2181.4
1240300 2172.5
1240310 2166.8
1240320 2166.8
1240330 2156.1
1240340 2143.4
1240350 2143.4
1240360 2132.0
1240370 2121.7
1240380 2121.7
1240390 2111.2
1240400 2097.9
1240410 2082.0
1240420 2082.0
1240430 2070.2
1240440 2058.6
1240450 2058.6
1240460 2049.4
1240470 2042.8
1240480 2042.8
1240490 2036.0
1240500 2028.4
1240510 2028.4
1240520 2019.1
1240530 2011.7
1240540 2011.7
1240550 2000.9
1240560 1987.6
1240570 1987.6
1240580 1979.6
1240590 1971.3
1240600 1971.3
1240610 1962.1
1240620 1953.4
1240630 1953.4
1240640 1945.8
1240650 1936.7
1240660 1936.7
1240670 1925.9
1240680 1917.7
1240690 1917.7
1240700 1908.6
1240710 1900.7
1240720 1896.1
1240730 1896.1
1240740 1893.4
1240750 1889.2
1240760 1889.2
1240770 1885.1
1240780 1881.8
1240790 1881.8
1240800 1881.0
1240810 1878.3
1240820 1878.3
1240830 1867.2
1240840 1863.5
1240850 1863.5
1240860 1859.0
1240870 1856.3
1240880 1856.3
1240890 1852.7
1240900 1849.8
1240910 1849.8
1240920 1847.8
1240930 1846.8
1240940 1846.8
1240950 1848.0
1240960 1853.7
1240970 1853.7
1240980 1860.3
1240990 1861.7
1241000 1861.7
1241010 1862.1
1241020 1861.0
1241030 1855.8
1241040 1855.8
1241050 1849.5
1241060 1842.9
1241070 1842.9
1241080 1837.0
1241090 1833.8
1241100 1833.8
1241110 1833.5
1241120 1831.9
1241130 1831.9
1241140 1829.5
1241150 1825.3
1241160 1825.3
1241170 1821.2
1241180 1818.2
1241190 1818.2
1241200 1811.2
1241210 1805.3
1241220 1805.3
1241230 1801.3
1241240 1799.1
1241250 1799.1
1241260 1797.6
1241270 1793.5
1241280 1793.5
1241290 1789.7
1241300 1788.3
1241310 1788.1
1241320 1788.1
1241330 1785.6
1241340 1779.2
1241350 1779.2
1241360 1779.4
1241370 1784.1
1241380 1784.1
1241390 1785.8
1241400 1782.8
1241410 1782.8
1241420 1778.5
1241430 1768.3
1241440 1768.3
1241450 1757.1
1241460 1746.3
1241470 1746.3
1241480 1741.4
1241490 1734.1
1241500 1734.1
1241510 1716.6
1241520 1694.3
1241530 1694.3
1241540 1683.0
1241550 1676.3
1241560 1676.3
1241570 1663.7
1241580 1656.6
1241590 1656.6
1241600 1650.8
1241610 1645.0
1241620 1640.1
1241630 1640.1
1241640 1637.9
1241650 1637.0
1241660 1637.0
1241670 1634.6
1241680 1627.0
1241690 1627.0
1241700 1622.2
1241710 1615.8
1241720 1615.8
1241730 1607.9
1241740 1593.2
1241750 1593.2
1241760 1572.8
1241770 1563.3
1241780 1563.3
1241790 1555.4
1241800 1547.9
1241810 1547.9
1241820 1540.7
1241830 1533.8
1241840 1533.8
1241850 1528.3
1241860 1515.3
1241870 1515.3
1241880 1502.2
1241890 1493.9
1241900 1493.9
1241910 1487.6
1241920 1480.7
1241930 1473.8
1241940 1473.8
1241950 1464.3
1241960 1455.5
1241970 1455.5
1241980 1450.1
1241990 1444.8
1242000 1444.8
1242010 1436.7
1242020 1427.5
1242030 1427.5
1242040 1420.3
1242050 1411.3
1242060 1411.3
1242070 1400.6
1242080 1388.3
1242090 1388.3
1242100 1376.9
1242110 1369.4
1242120 1369.4
1242130 1363.4
1242140 1358.1
1242150 1358.1
1242160 1354.7
1242170 1349.8
1242180 1349.8
1242190 1339.6
1242200 1327.3
1242210 1324.2
1242220 1324.2
1242230 1327.2
1242240 1324.1
1242250 1324.1
1242260 1318.1
1242270 1308.1
1242280 1308.1
1242290 1295.0
1242300 1285.9
1242310 1285.9
1242320 1276.0
1242330 1265.7
1242340 1265.7
1242350 1257.9
1242360 1246.6
1242370 1246.6
1242380 1237.1
1242390 1229.2
1242400 1229.2
1242410 1222.4
1242420 1212.7
1242430 1212.7
1242440 1203.3
1242450 1197.0
1242460 1197.0
1242470 1188.7
1242480 1178.4
1242490 1178.4
1242500 1169.8
1242510 1163.9
1242520 1158.4
1242530 1158.4
1242540 1153.7
1242550 1148.8
1242560 1148.8
1242570 1142.9
1242580 1136.8
1242590 1136.8
1242600 1128.9
1242610 1120.9
1242620 1120.9
1242630 1115.6
1242640 1114.1
1242650 1114.1
1242660 1113.8
1242670 1113.4
1242680 1113.4
1242690 1113.4
1242700 1113.6
1242710 1113.6
1242720 1113.0
1242730 1112.8
1242740 1112.8
1242750 1112.6
1242760 1112.3
1242770 1112.3
1242780 1112.2
1242790 1112.2
1242800 1112.2
1242810 1112.0
1242820 1111.8
1242830 1111.8
1242840 1111.8
1242850 1111.8
1242860 1111.6
1242870 1111.6
1242880 1111.3
1242890 1111.1
1242900 1111.1
1242910 1111.0
1242920 1111.2
1242930 1110.8
1242940 1110.7
1242950 1110.3
1242960 1110.3
1242970 1109.9
1242980 1109.6
1242990 1109.6
1243000 1109.3
1243010 1109.1
1243020 1109.1
1243030 1108.6
1243040 1108.3
1243050 1108.3
1243060 1108.1
1243070 1107.8
1243080 1107.8
1243090 1107.4
1243100 1107.0
1243110 1106.7
1243120 1106.7
1243130 1106.4
1243140 1106.1
1243150 1106.1
1243160 1105.8
1243170 1105.5
1243180 1105.5
1243190 1105.1
1243200 1104.9
1243210 1104.9
1243220 1104.6
1243230 1104.5
1243240 1104.5
1243250 1104.3
1243260 1103.9
1243270 1103.9
1243280 1103.4
1243290 1103.0
1243300 1103.0
1243310 1102.5
1243320 1101.9
1243330 1101.9
1243340 1101.5
1243350 1101.2
1243360 1101.2
1243370 1100.9
1243380 1100.6
1243390 1100.6
1243400 1100.3
1243410 1100.0
1243420 1099.7
1243430 1099.7
1243440 1099.3
1243450 1098.8
1243460 1098.7
1243470 1098.3
1243480 1097.8
1243490 1097.8
1243500 1097.3
1243510 1096.9
1243520 1096.9
1243530 1096.4
1243540 1096.0
1243550 1096.0
1243560 1095.5
1243570 1095.3
1243580 1095.3
1243590 1095.3
1243600 1095.1
1243610 1095.1
1243620 1094.4
1243630 1094.1
1243640 1094.1
1243650 1093.8
1243660 1093.4
1243670 1093.4
1243680 1093.0
1243690 1092.6
1243700 1092.6
1243710 1092.3
1243720 1092.1
1243730 1091.9
1243740 1091.9
1243750 1091.6
1243760 1091.2
1243770 1091.2
1243780 1090.9
1243790 1090.1
1243800 1090.1
1243810 1088.6
1243820 1088.4
1243830 1088.4
1243840 1088.2
1243850 1088.1
1243860 1088.1
1243870 1088.2
1243880 1088.1
1243890 1088.1
1243900 1088.0
1243910 1088.0
1243920 1088.0
1243930 1088.0
1243940 1087.8
1243950 1087.8
1243960 1087.3
1243970 1087.1
1243980 1087.1
1243990 1090.9
1244000 1099.5
1244010 1116.1
1244020 1116.1
1244030 1128.8
1244040 1136.8
1244050 1136.8
1244060 1142.3
1244070 1147.2
1244080 1147.2
1244090 1155.4
1244100 1165.1
1244110 1165.1
1244120 1170.4
1244130 1175.0
1244140 1175.0
1244150 1180.0
1244160 1185.5
1244170 1185.5
1244180 1190.4
1244190 1196.5
1244200 1196.5
1244210 1203.0
1244220 1209.8
1244230 1209.8
1244240 1216.3
1244250 1220.4
1244260 1220.4
1244270 1224.7
1244280 1227.9
1244290 1227.9
1244300 1233.0
1244310 1241.2
1244320 1249.1
1244330 1249.1
1244340 1258.4
1244350 1268.5
1244360 1268.5
1244370 1281.3
1244380 1299.3
1244390 1299.3
1244400 1310.0
1244410 1319.4
1244420 1319.4
1244430 1328.4
1244440 1343.8
1244450 1343.8
1244460 1357.2
1244470 1366.4
1244480 1366.4
1244490 1387.1
1244500 1418.1
1244510 1418.1
1244520 1441.3
1244530 1455.7
1244540 1455.7
1244550 1467.3
1244560 1480.1
1244570 1480.1
1244580 1495.3
1244590 1508.4
1244600 1508.4
1244610 1520.1
1244620 1531.3
1244630 1543.0
1244640 1543.0
1244650 1553.8
1244660 1563.2
1244670 1563.2
1244680 1571.3
1244690 1578.6
1244700 1578.6
1244710 1586.2
1244720 1592.5
1244730 1592.5
1244740 1598.1
1244750 1602.5
1244760 1602.5
1244770 1607.4
1244780 1613.4
1244790 1613.4
1244800 1618.4
1244810 1621.5
1244820 1621.5
1244830 1622.1
1244840 1623.8
1244850 1623.8
1244860 1625.3
1244870 1625.7
1244880 1625.7
1244890 1625.8
1244900 1625.5
1244910 1625.0
1244920 1625.0
1244930 1625.5
1244940 1626.8
1244950 1626.8
1244960 1628.2
1244970 1629.5
1244980 1629.5
1244990 1630.5
1245000 1631.6
1245010 1631.6
1245020 1632.2
1245030 1633.0
1245040 1633.0
1245050 1628.2
1245060 1629.4
1245070 1629.4
1245080 1630.0
1245090 1629.7
1245100 1629.7
1245110 1628.6
1245120 1625.5
1245130 1625.5
1245140 1620.7
1245150 1616.7
1245160 1616.7
1245170 1614.0
1245180 1612.6
1245190 1612.6
1245200 1611.7
1245210 1610.5
1245220 1608.3
1245230 1608.3
1245240 1604.6
1245250 1600.6
1245260 1600.6
1245270 1596.6
1245280 1592.9
1245290 1592.9
1245300 1589.0
1245310 1585.6
1245320 1585.6
1245330 1582.9
1245340 1580.9
1245350 1580.9
1245360 1579.3
1245370 1577.5
1245380 1577.5
1245390 1575.9
1245400 1574.4
1245410 1574.4
1245420 1571.7
1245430 1568.2
1245440 1568.2
1245450 1566.3
1245460 1568.2
1245470 1568.2
1245480 1573.0
1245490 1578.5
1245500 1578.5
1245510 1585.4
1245520 1596.4
1245530 1612.6
1245540 1612.6
1245550 1620.8
1245560 1628.3
1245570 1628.3
1245580 1638.6
1245590 1621.6
1245600 1621.6
1245610 1623.1
1245620 1619.8
1245630 1619.8
1245640 1617.0
1245650 1618.5
1245660 1618.5
1245670 1624.3
1245680 1629.9
1245690 1629.9
1245700 1636.6
1245710 1643.8
1245720 1643.8
1245730 1653.8
1245740 1654.8
1245750 1654.8
1245760 1654.3
1245770 1646.6
1245780 1646.6
1245790 1624.8
1245800 1608.3
1245810 1605.2
1245820 1605.2
1245830 1603.0
1245840 1601.8
1245850 1601.8
1245860 1602.4
1245870 1604.9
1245880 1604.9
1245890 1608.1
1245900 1610.8
1245910 1610.8
1245920 1611.8
1245930 1611.9
1245940 1611.9
1245950 1613.9
1245960 1615.7
1245970 1615.7
1245980 1615.5
1245990 1624.3
1246000 1624.3
1246010 1646.2
1246020 1649.5
1246030 1649.5
1246040 1641.2
1246050 1631.7
1246060 1631.7
1246070 1629.4
1246080 1630.6
1246090 1630.6
1246100 1633.0
1246110 1637.0
1246120 1639.0
1246130 1639.0
1246140 1651.6
1246150 1667.9
1246160 1667.9
1246170 1676.3
1246180 1680.1
1246190 1680.1
1246200 1681.8
1246210 1677.8
1246220 1677.8
1246230 1673.2
1246240 1670.0
1246250 1670.0
1246260 1667.9
1246270 1664.3
1246280 1664.3
1246290 1656.3
1246300 1651.5
1246310 1651.5
1246320 1649.0
1246330 1645.5
1246340 1645.5
1246350 1638.4
1246360 1629.8
1246370 1629.8
1246380 1621.9
1246390 1614.5
1246400 1614.5
1246410 1607.4
1246420 1601.0
1246430 1597.1
1246440 1597.1
1246450 1595.5
1246460 1596.2
1246470 1596.2
1246480 1597.6
1246490 1597.9
1246500 1597.9
1246510 1596.4
1246520 1595.9
1246530 1595.9
1246540 1595.1
1246550 1593.0
1246560 1593.0
1246570 1591.7
1246580 1591.0
1246590 1591.0
1246600 1590.5
1246610 1589.1
1246620 1589.1
1246630 1588.1
1246640 1588.0
1246650 1588.0
1246660 1584.7
1246670 1585.9
1246680 1585.9
1246690 1586.6
1246700 1586.6
1246710 1586.5
1246720 1586.5
1246730 1585.5
1246740 1585.2
1246750 1585.2
1246760 1584.4
1246770 1584.1
1246780 1584.1
1246790 1584.0
1246800 1582.9
1246810 1582.9
1246820 1580.2
1246830 1577.3
1246840 1577.3
1246850 1574.0
1246860 1570.5
1246870 1570.5
1246880 1567.7
1246890 1565.4
1246900 1565.4
1246910 1563.4
1246920 1561.6
1246930 1561.6
1246940 1559.5
1246950 1557.4
1246960 1557.4
1246970 1557.5
1246980 1558.7
1246990 1558.7
1247000 1559.0
1247010 1559.0
1247020 1561.0
1247030 1561.0
1247040 1560.9
1247050 1561.0
1247060 1561.0
1247070 1562.0
1247080 1561.5
1247090 1561.5
1247100 1560.0
1247110 1559.9
1247120 1559.9
1247130 1558.1
1247140 1556.5
1247150 1556.5
1247160 1555.0
1247170 1554.1
1247180 1554.1
1247190 1553.6
1247200 1549.2
1247210 1549.2
1247220 1549.0
1247230 1547.7
1247240 1547.7
1247250 1547.1
1247260 1546.7
1247270 1546.7
1247280 1545.9
1247290 1545.3
1247300 1545.3
1247310 1545.0
1247320 1543.8
1247330 1542.4
1247340 1542.4
1247350 1541.0
1247360 1540.3
1247370 1540.3
1247380 1540.3
1247390 1541.6
1247400 1541.6
1247410 1544.1
1247420 1546.4
1247430 1546.4
1247440 1547.8
1247450 1548.1
1247460 1548.1
1247470 1547.6
1247480 1545.9
1247490 1545.9
1247500 1543.0
1247510 1539.8
1247520 1539.8
1247530 1537.4
1247540 1536.4
1247550 1536.4
1247560 1536.3
1247570 1536.0
1247580 1536.0
1247590 1535.2
1247600 1534.3
1247610 1533.6
1247620 1533.6
1247630 1532.8
1247640 1531.5
1247650 1531.5
1247660 1530.3
1247670 1529.2
1247680 1529.2
1247690 1527.6
1247700 1524.9
1247710 1524.9
1247720 1521.3
1247730 1518.3
1247740 1518.3
1247750 1518.5
1247760 1516.9
1247770 1516.9
1247780 1515.8
1247790 1515.7
1247800 1515.7
1247810 1514.4
1247820 1509.8
1247830 1509.8
1247840 1499.3
1247850 1489.9
1247860 1489.9
1247870 1484.0
1247880 1483.9
1247890 1483.9
1247900 1488.7
1247910 1494.6
1247920 1495.8
1247930 1495.8
1247940 1493.8
1247950 1492.6
1247960 1492.6
1247970 1492.2
1247980 1489.7
1247990 1489.7
1248000 1482.2
1248010 1476.5
1248020 1476.5
1248030 1477.9
1248040 1480.8
1248050 1480.8
1248060 1480.3
1248070 1478.2
1248080 1478.2
1248090 1475.7
1248100 1472.7
1248110 1472.7
1248120 1470.6
1248130 1468.3
1248140 1468.3
1248150 1466.1
1248160 1463.2
1248170 1463.2
1248180 1459.2
1248190 1457.2
1248200 1456.7
1248210 1456.7
1248220 1455.6
1248230 1454.5
1248240 1454.5
1248250 1452.4
1248260 1449.1
1248270 1445.5
1248280 1441.9
1248290 1436.9
1248300 1436.9
1248310 1434.6
1248320 1435.1
1248330 1435.1
1248340 1436.3
1248350 1434.7
1248360 1434.7
1248370 1430.2
1248380 1424.0
1248390 1424.0
1248400 1417.1
1248410 1410.2
1248420 1410.2
1248430 1404.9
1248440 1403.1
1248450 1403.1
1248460 1402.4
1248470 1401.7
1248480 1401.7
1248490 1400.7
1248500 1399.2
1248510 1393.9
1248520 1393.9
1248530 1386.2
1248540 1379.8
1248550 1379.8
1248560 1376.4
1248570 1371.4
1248580 1371.4
1248590 1369.1
1248600 1366.8
1248610 1366.8
1248620 1359.7
1248630 1350.9
1248640 1350.9
1248650 1343.6
1248660 1339.5
1248670 1339.5
1248680 1336.9
1248690 1338.1
1248700 1338.1
1248710 1342.1
1248720 1342.5
1248730 1342.5
1248740 1341.5
1248750 1342.7
1248760 1342.7
1248770 1343.8
1248780 1344.6
1248790 1344.6
1248800 1347.5
1248810 1344.2
1248820 1346.0
1248830 1346.0
1248840 1347.7
1248850 1348.5
1248860 1348.5
1248870 1346.8
1248880 1344.1
1248890 1344.1
1248900 1342.5
1248910 1342.1
1248920 1342.1
1248930 1337.6
1248940 1328.1
1248950 1328.1
1248960 1318.5
1248970 1307.5
1248980 1307.5
1248990 1297.4
1249000 1288.9
1249010 1288.9
1249020 1281.0
1249030 1279.4
1249040 1279.4
1249050 1286.1
1249060 1289.1
1249070 1289.1
1249080 1282.0
1249090 1272.6
1249100 1265.2
1249110 1265.2
1249120 1261.9
1249130 1258.8
1249140 1258.8
1249150 1256.8
1249160 1253.4
1249170 1253.4
1249180 1251.7
1249190 1254.2
1249200 1254.2
1249210 1253.7
1249220 1247.7
1249230 1247.7
1249240 1242.2
1249250 1237.8
1249260 1237.8
1249270 1235.5
1249280 1233.2
1249290 1233.2
1249300 1231.7
1249310 1230.9
1249320 1230.9
1249330 1230.4
1249340 1230.4
1249350 1230.4
1249360 1224.4
1249370 1226.4
1249380 1226.4
1249390 1227.2
1249400 1226.5
1249410 1223.4
1249420 1223.4
1249430 1220.7
1249440 1217.6
1249450 1217.6
1249460 1213.2
1249470 1209.2
1249480 1209.2
1249490 1204.5
1249500 1200.9
1249510 1200.9
1249520 1196.8
1249530 1193.4
1249540 1193.4
1249550 1190.2
1249560 1186.9
1249570 1186.9
1249580 1183.0
1249590 1180.1
1249600 1180.1
1249610 1180.4
1249620 1181.1
1249630 1181.1
1249640 1178.6
1249650 1173.8
1249660 1173.8
1249670 1170.0
1249680 1166.3
1249690 1166.3
1249700 1164.4
1249710 1164.2
1249720 1163.4
1249730 1163.4
1249740 1163.2
1249750 1160.3
1249760 1160.3
1249770 1157.9
1249780 1157.8
1249790 1157.8
1249800 1158.2
1249810 1160.2
1249820 1160.2
1249830 1157.0
1249840 1152.0
1249850 1152.0
1249860 1149.6
1249870 1145.8
1249880 1145.8
1249890 1145.8
1249900 1137.3
1249910 1137.3
1249920 1134.8
1249930 1133.4
1249940 1133.4
1249950 1134.3
1249960 1131.7
1249970 1131.7
1249980 1127.1
1249990 1125.3
1250000 1123.3
1250010 1123.3
1250020 1120.0
1250030 1116.4
1250040 1116.4
1250050 1114.6
1250060 1112.8
1250070 1112.8
1250080 1110.9
1250090 1109.0
1250100 1109.0
1250110 1107.2
1250120 1105.2
1250130 1105.2
1250140 1103.2
1250150 1101.8
1250160 1101.8
1250170 1100.6
1250180 1099.5
1250190 1099.5
1250200 1098.3
1250210 1095.7
1250220 1095.7
1250230 1092.8
1250240 1090.0
1250250 1090.0
1250260 1087.1
1250270 1084.7
1250280 1084.7
1250290 1082.6
1250300 1080.8
1250310 1080.0
1250320 1080.0
1250330 1081.6
1250340 1084.3
1250350 1084.3
1250360 1091.2
1250370 1094.9
1250380 1094.9
1250390 1090.6
1250400 1087.8
1250410 1087.8
1250420 1089.4
1250430 1088.1
1250440 1088.1
1250450 1081.7
1250460 1078.8
1250470 1078.8
1250480 1071.5
1250490 1063.5
1250500 1063.5
1250510 1057.6
1250520 1054.6
1250530 1054.6
1250540 1054.1
1250550 1053.7
1250560 1053.7
1250570 1053.2
1250580 1052.4
1250590 1052.4
1250600 1051.3
1250610 1050.1
1250620 1049.1
1250630 1049.1
1250640 1048.3
1250650 1047.7
1250660 1047.7
1250670 1050.3
1250680 1052.7
1250690 1052.7
1250700 1051.4
1250710 1048.9
1250720 1048.9
1250730 1045.9
1250740 1041.9
1250750 1041.9
1250760 1037.8
1250770 1036.0
1250780 1036.0
1250790 1035.7
1250800 1036.3
1250810 1036.3
1250820 1036.4
1250830 1033.6
1250840 1033.6
1250850 1029.9
1250860 1027.9
1250870 1027.9
1250880 1027.7
1250890 1027.4
1250900 1027.8
1250910 1027.8
1250920 1028.2
1250930 1028.7
1250940 1028.7
1250950 1028.2
1250960 1025.5
1250970 1025.5
1250980 1021.9
1250990 1016.9
1251000 1016.9
1251010 1015.4
1251020 1014.5
1251030 1014.5
1251040 1013.3
1251050 1012.3
1251060 1012.3
1251070 1011.3
1251080 1010.3
1251090 1010.3
1251100 1009.2
1251110 1008.1
1251120 1008.1
1251130 1007.2
1251140 1006.2
1251150 1006.2
1251160 1005.3
1251170 1004.4
1251180 1004.4
1251190 1003.4
1251200 1002.5
1251210 1001.8
1251220 1001.8
1251230 1001.1
1251240 1000.2
1251250 1000.2
1251260 999.5
1251270 998.7
1251280 998.7
1251290 997.9
1251300 997.2
1251310 997.2
1251320 996.5
1251330 995.6
1251340 995.6
1251350 994.9
1251360 994.2
1251370 994.2
1251380 993.4
1251390 992.7
1251400 992.7
1251410 991.9
1251420 989.9
1251430 989.9
1251440 988.1
1251450 987.8
1251460 987.8
1251470 987.8
1251480 988.4
1251490 990.0
1251500 990.0
1251510 990.3
1251520 990.1
1251530 990.1
1251540 990.0
1251550 989.8
1251560 989.8
1251570 989.5
1251580 989.2
1251590 989.2
1251600 989.0
1251610 988.9
1251620 988.9
1251630 988.7
1251640 988.5
1251650 988.5
1251660 988.3
1251670 988.2
1251680 988.2
1251690 988.0
1251700 987.8
1251710 987.8
1251720 987.6
1251730 987.4
1251740 987.4
1251750 987.1
1251760 986.9
1251770 986.9
1251780 986.7
1251790 986.6
1251800 986.5
1251810 986.5
1251820 986.5
1251830 986.1
1251840 986.1
1251850 985.8
1251860 985.6
1251870 985.6
1251880 985.4
1251890 985.3
1251900 985.3
1251910 985.1
1251920 985.0
1251930 985.0
1251940 984.8
1251950 984.5
1251960 984.5
1251970 984.3
1251980 984.1
1251990 984.1
1252000 984.1
1252010 984.0
1252020 984.0
1252030 983.8
1252040 983.6
1252050 983.6
1252060 983.3
1252070 983.2
1252080 983.2
1252090 983.2
1252100 983.1
1252110 982.8
1252120 982.8
1252130 982.5
1252140 982.3
1252150 982.3
1252160 982.2
1252170 982.1
1252180 982.1
1252190 981.8
1252200 981.6
1252210 981.6
1252220 981.3
1252230 981.1
1252240 981.1
1252250 980.9
1252260 980.7
1252270 980.7
1252280 980.5
1252290 980.4
1252300 980.4
1252310 980.4
1252320 980.4
1252330 980.4
1252340 980.2
1252350 980.1
1252360 980.1
1252370 980.0
1252380 979.9
1252390 979.9
1252400 979.9
1252410 979.8
1252420 979.7
1252430 979.7
1252440 979.6
1252450 979.5
1252460 979.5
1252470 979.4
1252480 979.3
1252490 979.3
1252500 979.1
1252510 979.0
1252520 979.0
1252530 978.9
1252540 978.7
1252550 978.7
1252560 978.5
1252570 978.3
1252580 978.3
1252590 978.1
1252600 977.9
1252610 977.9
1252620 977.7
1252630 977.7
1252640 977.7
1252650 977.6
1252660 977.5
1252670 977.5
1252680 977.4
1252690 977.3
1252700 977.2
1252710 977.2
1252720 977.3
1252730 977.6
1252740 977.6
1252750 977.9
1252760 977.7
1252770 977.7
1252780 977.2
1252790 976.7
1252800 976.7
1252810 976.3
1252820 975.9
1252830 975.9
1252840 975.6
1252850 975.3
1252860 975.3
1252870 975.0
1252880 974.7
1252890 974.7
1252900 974.5
1252910 974.2
1252920 974.2
1252930 974.0
1252940 973.9
1252950 973.9
1252960 973.6
1252970 973.6
1252980 973.6
1252990 973.8
1253000 973.6
1253010 972.7
1253020 972.7
1253030 972.3
1253040 972.1
1253050 972.1
1253060 971.9
1253070 971.7
1253080 971.7
1253090 971.4
1253100 971.2
1253110 971.2
1253120 971.0
1253130 970.8
1253140 970.8
1253150 970.5
1253160 970.3
1253170 970.3
1253180 970.2
1253190 970.0
1253200 970.0
1253210 969.8
1253220 969.5
1253230 969.5
1253240 969.3
1253250 969.2
1253260 969.2
1253270 968.8
1253280 968.6
1253290 968.2
1253300 968.2
1253310 967.9
1253320 967.9
1253330 967.9
1253340 967.6
1253350 967.3
1253360 967.3
1253370 966.9
1253380 966.6
1253390 966.6
1253400 966.3
1253410 966.5
1253420 966.5
1253430 966.3
1253440 965.9
1253450 965.9
1253460 965.2
1253470 965.1
1253480 965.1
1253490 964.9
1253500 964.8
1253510 964.8
1253520 964.7
1253530 964.5
1253540 964.5
1253550 964.5
1253560 964.4
1253570 964.4
1253580 964.3
1253590 964.0
1253600 964.2
1253610 964.2
1253620 964.7
1253630 964.2
1253640 964.2
1253650 964.1
1253660 964.0
1253670 964.0
1253680 964.0
1253690 964.0
1253700 964.0
1253710 964.1
1253720 964.2
1253730 964.2
1253740 964.2
1253750 964.4
1253760 964.4
1253770 964.7
1253780 964.9
1253790 964.9
1253800 965.4
1253810 965.8
1253820 965.8
1253830 965.8
1253840 966.0
1253850 966.0
1253860 966.2
1253870 966.3
1253880 966.5
1253890 966.5
1253900 966.5
1253910 966.6
1253920 966.6
1253930 966.8
1253940 967.1
1253950 967.1
1253960 967.3
1253970 967.4
1253980 967.4
1253990 967.6
1254000 968.1
1254010 968.1
1254020 968.0
1254030 968.0
1254040 968.0
1254050 968.4
1254060 968.3
1254070 968.3
1254080 968.0
1254090 967.8
1254100 967.8
1254110 967.6
1254120 967.3
1254130 967.3
1254140 966.2
1254150 965.8
1254160 965.8
1254170 965.6
1254180 965.1
1254190 965.2
1254200 965.2
1254210 965.5
1254220 965.3
1254230 965.3
1254240 965.1
1254250 965.1
1254260 965.1
1254270 965.2
1254280 965.4
1254290 965.4
1254300 965.5
1254310 965.6
1254320 965.6
1254330 965.6
1254340 965.6
1254350 965.6
1254360 965.6
1254370 965.6
1254380 965.6
1254390 965.5
1254400 965.6
1254410 965.6
1254420 965.9
1254430 965.9
1254440 965.9
1254450 965.9
1254460 966.0
1254470 966.0
1254480 966.1
1254490 966.2
1254500 966.1
1254510 966.1
1254520 966.7
1254530 967.1
1254540 967.1
1254550 967.3
1254560 967.1
1254570 967.1
1254580 967.0
1254590 966.9
1254600 966.9
1254610 966.9
1254620 967.0
1254630 967.0
1254640 967.2
1254650 968.0
1254660 968.0
1254670 968.0
1254680 967.6
1254690 967.6
1254700 967.7
1254710 967.2
1254720 967.2
1254730 965.9
1254740 965.9
1254750 965.9
1254760 967.8
1254770 972.8
1254780 979.1
1254790 979.1
1254800 983.9
1254810 986.0
1254820 986.0
1254830 987.6
1254840 989.3
1254850 988.9
1254860 990.2
1254870 991.4
1254880 991.4
1254890 992.5
1254900 993.9
1254910 993.9
1254920 995.4
1254930 997.4
1254940 997.4
1254950 998.5
1254960 998.7
1254970 998.7
1254980 1001.5
1254990 1007.5
1255000 1007.5
1255010 1012.8
1255020 1016.8
1255030 1016.8
1255040 1021.3
1255050 1025.5
1255060 1025.5
1255070 1029.5
1255080 1031.8
1255090 1029.0
1255100 1029.0
1255110 1026.0
1255120 1025.9
1255130 1025.9
1255140 1027.6
1255150 1031.1
1255160 1031.1
1255170 1035.1
1255180 1038.7
1255190 1038.7
1255200 1042.3
1255210 1043.4
1255220 1043.4
1255230 1039.8
1255240 1035.4
1255250 1035.4
1255260 1032.0
1255270 1031.7
1255280 1031.7
1255290 1031.2
1255300 1029.5
1255310 1029.5
1255320 1029.1
1255330 1032.2
1255340 1032.2
1255350 1037.2
1255360 1042.0
1255370 1042.0
1255380 1041.7
1255390 1036.4
1255400 1028.8
1255410 1028.8
1255420 1028.7
1255430 1028.7
1255440 1028.7
1255450 1025.6
1255460 1025.1
1255470 1025.1
1255480 1027.6
1255490 1029.1
1255500 1029.1
1255510 1027.6
1255520 1025.3
1255530 1025.3
1255540 1025.1
1255550 1025.9
1255560 1025.9
1255570 1026.5
1255580 1027.8
1255590 1027.8
1255600 1031.2
1255610 1034.2
1255620 1034.2
1255630 1036.8
1255640 1039.2
1255650 1039.2
1255660 1042.9
1255670 1047.6
1255680 1050.6
1255690 1050.6
1255700 1053.2
1255710 1056.4
1255720 1056.4
1255730 1059.6
1255740 1063.1
1255750 1063.1
1255760 1067.2
1255770 1071.7
1255780 1071.7
1255790 1076.5
1255800 1081.6
1255810 1081.6
1255820 1087.1
1255830 1093.0
1255840 1093.0
1255850 1099.2
1255860 1102.6
1255870 1102.6
1255880 1103.4
1255890 1102.1
1255900 1102.1
1255910 1101.2
1255920 1100.4
1255930 1100.4
1255940 1099.7
1255950 1099.1
1255960 1099.6
1255970 1099.1
1255980 1098.6
1255990 1097.9
1256000 1097.9
1256010 1097.3
1256020 1097.1
1256030 1097.1
1256040 1096.8
1256050 1096.7
1256060 1096.7
1256070 1096.4
1256080 1096.6
1256090 1096.6
1256100 1097.0
1256110 1097.5
1256120 1097.5
1256130 1098.9
1256140 1098.6
1256150 1098.6
1256160 1096.3
1256170 1095.3
1256180 1095.3
1256190 1094.9
1256200 1094.0
1256210 1094.0
1256220 1093.5
1256230 1093.1
1256240 1093.1
1256250 1092.3
1256260 1091.6
1256270 1091.6
1256280 1090.9
1256290 1090.3
1256300 1089.7
1256310 1089.7
1256320 1089.0
1256330 1088.6
1256340 1088.6
1256350 1088.0
1256360 1086.9
1256370 1086.9
1256380 1085.6
1256390 1083.8
1256400 1083.8
1256410 1076.6
1256420 1068.6
1256430 1068.6
1256440 1059.4
1256450 1049.9
1256460 1049.9
1256470 1043.1
1256480 1038.7
1256490 1038.7
1256500 1045.3
1256510 1048.0
1256520 1039.6
1256530 1038.6
1256540 1031.7
1256550 1031.7
1256560 1023.6
1256570 1015.5
1256580 1008.1
1256590 1008.1
1256600 1000.5
1256610 995.8
1256620 995.8
1256630 996.0
1256640 1002.9
1256650 1002.9
1256660 1009.0
1256670 1016.9
1256680 1016.9
1256690 1026.2
1256700 1034.3
1256710 1034.3
1256720 1039.5
1256730 1041.5
1256740 1041.5
1256750 1049.8
1256760 1062.5
1256770 1062.5
1256780 1080.4
1256790 1086.1
1256800 1086.1
1256810 1087.9
1256820 1091.1
1256830 1091.1
1256840 1092.3
1256850 1093.1
1256860 1093.1
1256870 1093.8
1256880 1095.0
1256890 1096.7
1256900 1096.7
1256910 1098.3
1256920 1099.3
1256930 1099.3
1256940 1099.9
1256950 1100.4
1256960 1100.4
1256970 1101.4
1256980 1102.2
1256990 1102.2
1257000 1103.0
1257010 1103.1
1257020 1103.1
1257030 1103.3
1257040 1103.8
1257050 1103.8
1257060 1104.5
1257070 1105.3
1257080 1105.8
1257090 1106.5
1257100 1106.5
1257110 1106.5
1257120 1106.3
1257130 1106.0
1257140 1106.0
1257150 1105.8
1257160 1105.7
1257170 1106.0
1257180 1106.0
1257190 1106.3
1257200 1106.7
1257210 1106.7
1257220 1107.0
1257230 1107.1
1257240 1107.1
1257250 1107.2
1257260 1107.4
1257270 1107.4
1257280 1108.4
1257290 1108.9
1257300 1108.9
1257310 1108.8
1257320 1109.3
1257330 1109.3
1257340 1109.9
1257350 1109.8
1257360 1109.8
1257370 1109.5
1257380 1109.0
1257390 1109.0
1257400 1108.6
1257410 1108.4
1257420 1108.4
1257430 1107.9
1257440 1107.7
1257450 1107.7
1257460 1107.4
1257470 1107.9
1257480 1108.4
1257490 1108.4
1257500 1108.8
1257510 1109.2
1257520 1109.2
1257530 1109.9
1257540 1110.6
1257550 1110.6
1257560 1111.2
1257570 1111.7
1257580 1111.7
1257590 1112.2
1257600 1113.3
1257610 1113.3
1257620 1114.5
1257630 1115.7
1257640 1117.9
1257650 1119.9
1257660 1122.7
1257670 1122.7
1257680 1124.5
1257690 1124.9
1257700 1124.9
1257710 1126.6
1257720 1128.9
1257730 1128.9
1257740 1130.6
1257750 1132.3
1257760 1132.3
1257770 1134.3
1257780 1136.6
1257790 1139.1
1257800 1139.1
1257810 1141.9
1257820 1143.5
1257830 1143.5
1257840 1145.1
1257850 1147.2
1257860 1147.2
1257870 1149.1
1257880 1151.9
1257890 1151.9
1257900 1155.5
1257910 1158.8
1257920 1158.8
1257930 1161.6
1257940 1164.6
1257950 1164.6
1257960 1167.7
1257970 1170.4
1257980 1170.4
1257990 1174.1
1258000 1179.0
1258010 1179.0
1258020 1183.9
1258030 1189.3
1258040 1189.3
1258050 1195.1
1258060 1200.5
1258070 1206.1
1258080 1206.1
1258090 1212.0
1258100 1218.6
1258110 1218.6
1258120 1224.9
1258130 1232.0
1258140 1232.0
1258150 1237.1
1258160 1242.1
1258170 1242.1
1258180 1250.5
1258190 1259.4
1258200 1259.4
1258210 1274.0
1258220 1282.3
1258230 1282.3
1258240 1282.1
1258250 1293.0
1258260 1293.0
1258270 1306.3
1258280 1305.4
1258290 1305.4
1258300 1306.7
1258310 1310.6
1258320 1310.6
1258330 1311.1
1258340 1314.5
1258350 1314.5
1258360 1322.0
1258370 1333.6
1258380 1337.9
1258390 1337.9
1258400 1337.8
1258410 1340.6
1258420 1340.6
1258430 1350.3
1258440 1354.6
1258450 1354.6
1258460 1350.8
1258470 1350.7
1258480 1350.7
1258490 1355.4
1258500 1360.5
1258510 1360.5
1258520 1357.3
1258530 1353.6
1258540 1353.6
1258550 1352.6
1258560 1352.8
1258570 1352.8
1258580 1356.7
1258590 1359.9
1258600 1359.9
1258610 1362.6
1258620 1363.4
1258630 1363.4
1258640 1364.9
1258650 1368.3
1258660 1368.3
1258670 1373.1
1258680 1376.6
1258690 1379.6
1258700 1379.6
1258710 1384.8
1258720 1392.4
1258730 1392.4
1258740 1400.8
1258750 1408.6
1258760 1408.6
1258770 1417.0
1258780 1425.3
1258790 1425.3
1258800 1433.2
1258810 1433.5
1258820 1433.5
1258830 1432.5
1258840 1433.3
1258850 1433.3
1258860 1431.0
1258870 1431.8
1258880 1431.8
1258890 1431.9
1258900 1433.3
1258910 1433.3
1258920 1432.9
1258930 1437.6
1258940 1437.6
1258950 1444.9
1258960 1451.2
1258970 1455.9
1258980 1455.9
1258990 1452.0
1259000 1445.6
1259010 1445.6
1259020 1449.7
1259030 1462.6
1259040 1462.6
1259050 1470.8
1259060 1475.9
1259070 1475.9
1259080 1480.8
1259090 1486.4
1259100 1486.4
1259110 1493.3
1259120 1502.1
1259130 1502.1
1259140 1508.7
1259150 1512.5
1259160 1512.5
1259170 1516.3
1259180 1520.0
1259190 1520.0
1259200 1523.4
1259210 1526.4
1259220 1526.4
1259230 1528.0
1259240 1529.3
1259250 1529.3
1259260 1530.2
1259270 1529.5
1259280 1526.8
1259290 1526.8
1259300 1525.0
1259310 1525.1
1259320 1525.1
1259330 1525.6
1259340 1533.6
1259350 1533.6
1259360 1537.6
1259370 1544.4
1259380 1544.4
1259390 1551.3
1259400 1557.4
1259410 1557.4
1259420 1562.3
1259430 1566.3
1259440 1566.3
1259450 1570.0
1259460 1573.9
1259470 1573.9
1259480 1577.5
1259490 1579.6
1259500 1579.6
1259510 1579.8
1259520 1579.3
1259530 1579.3
1259540 1580.6
1259550 1582.7
1259560 1583.8
1259570 1583.8
1259580 1585.1
1259590 1586.2
1259600 1586.2
1259610 1586.5
1259620 1587.5
1259630 1587.5
1259640 1588.7
1259650 1589.8
1259660 1589.8
1259670 1590.1
1259680 1588.3
1259690 1588.3
1259700 1585.2
1259710 1583.4
1259720 1583.4
1259730 1581.8
1259740 1580.0
1259750 1580.0
1259760 1578.4
1259770 1577.4
1259780 1577.4
1259790 1577.0
1259800 1576.9
1259810 1576.9
1259820 1578.5
1259830 1582.0
1259840 1582.0
1259850 1586.2
1259860 1590.9
1259870 1595.1
1259880 1595.1
1259890 1596.8
1259900 1603.1
1259910 1603.1
1259920 1604.0
1259930 1603.5
1259940 1603.5
1259950 1602.9
1259960 1600.6
1259970 1600.6
1259980 1597.7
1259990 1594.1
