1240000 1721.6
1240010 1720.1
1240020 1720.1
1240030 1720.3
1240040 1719.8
1240050 1719.8
1240060 1718.9
1240070 1718.6
1240080 1718.6
1240090 1717.9
1240100 1716.3
1240110 1716.3
1240120 1714.7
1240130 1713.3
1240140 1713.3
1240150 1711.7
1240160 1709.3
1240170 1706.4
1240180 1706.4
1240190 1703.2
1240200 1700.0
1240210 1700.0
1240220 1697.2
1240230 1695.1
1240240 1695.1
1240250 1693.5
1240260 1691.3
1240270 1691.3
1240280 1690.4
1240290 1690.8
1240300 1690.8
1240310 1690.3
1240320 1689.7
1240330 1689.7
1240340 1688.4
1240350 1687.4
1240360 1687.4
1240370 1685.3
1240380 1682.3
1240390 1682.3
1240400 1680.3
1240410 1679.0
1240420 1676.0
1240430 1674.6
1240440 1672.7
1240450 1672.7
1240460 1671.2
1240470 1670.2
1240480 1668.6
1240490 1668.6
1240500 1667.2
1240510 1666.3
1240520 1666.3
1240530 1665.8
1240540 1665.7
1240550 1665.7
1240560 1666.2
1240570 1665.6
1240580 1665.6
1240590 1665.5
1240600 1665.2
1240610 1665.2
1240620 1664.8
1240630 1663.1
1240640 1663.1
1240650 1662.3
1240660 1663.0
1240670 1663.0
1240680 1663.2
1240690 1663.7
1240700 1663.7
1240710 1663.1
1240720 1662.0
1240730 1662.0
1240740 1660.8
1240750 1659.6
1240760 1659.6
1240770 1658.0
1240780 1656.6
1240790 1655.9
1240800 1655.9
1240810 1654.1
1240820 1652.7
1240830 1652.7
1240840 1651.1
1240850 1650.1
1240860 1650.1
1240870 1647.8
1240880 1645.8
1240890 1645.8
1240900 1644.9
1240910 1644.0
1240920 1644.0
1240930 1643.3
1240940 1638.0
1240950 1638.0
1240960 1636.5
1240970 1635.7
1240980 1635.7
1240990 1634.5
1241000 1632.3
1241010 1632.3
1241020 1630.0
1241030 1628.8
1241040 1628.8
1241050 1626.9
1241060 1625.1
1241070 1624.4
1241080 1624.4
1241090 1623.6
1241100 1622.0
1241110 1622.0
1241120 1620.7
1241130 1620.9
1241140 1620.9
1241150 1620.4
1241160 1619.3
1241170 1619.3
1241180 1618.1
1241190 1617.1
1241200 1617.1
1241210 1615.5
1241220 1613.2
1241230 1613.2
1241240 1610.8
1241250 1608.7
1241260 1608.7
1241270 1606.7
1241280 1604.2
1241290 1604.2
1241300 1602.0
1241310 1599.8
1241320 1599.8
1241330 1597.1
1241340 1594.8
1241350 1594.8
1241360 1592.6
1241370 1590.6
1241380 1588.0
1241390 1588.0
1241400 1586.5
1241410 1584.0
1241420 1584.0
1241430 1581.6
1241440 1580.4
1241450 1580.4
1241460 1576.0
1241470 1574.2
1241480 1574.2
1241490 1572.5
1241500 1570.8
1241510 1570.8
1241520 1565.4
1241530 1556.0
1241540 1556.0
1241550 1546.3
1241560 1538.3
1241570 1538.3
1241580 1531.3
1241590 1524.1
1241600 1524.1
1241610 1516.8
1241620 1509.8
1241630 1509.8
1241640 1502.7
1241650 1495.2
1241660 1495.2
1241670 1487.7
1241680 1481.2
1241690 1474.3
1241700 1474.3
1241710 1465.5
1241720 1460.0
1241730 1460.0
1241740 1456.4
1241750 1452.4
1241760 1452.4
1241770 1448.1
1241780 1444.2
1241790 1444.2
1241800 1440.1
1241810 1436.0
1241820 1436.0
1241830 1432.3
1241840 1431.0
1241850 1431.0
1241860 1429.8
1241870 1428.6
1241880 1428.6
1241890 1427.7
1241900 1431.6
1241910 1431.6
1241920 1433.1
1241930 1434.0
1241940 1434.0
1241950 1429.3
1241960 1422.7
1241970 1422.7
1241980 1415.5
1241990 1404.7
1242000 1402.7
1242010 1402.7
1242020 1401.0
1242030 1400.0
1242040 1400.0
1242050 1399.9
1242060 1400.4
1242070 1400.4
1242080 1402.5
1242090 1407.7
1242100 1407.7
1242110 1412.6
1242120 1412.3
1242130 1412.3
1242140 1409.9
1242150 1407.0
1242160 1407.0
1242170 1404.3
1242180 1401.0
1242190 1401.0
1242200 1396.5
1242210 1392.1
1242220 1392.1
1242230 1388.6
1242240 1385.1
1242250 1385.1
1242260 1382.7
1242270 1379.7
1242280 1379.7
1242290 1376.7
1242300 1373.9
1242310 1370.4
1242320 1370.4
1242330 1367.3
1242340 1364.7
1242350 1364.7
1242360 1364.6
1242370 1361.5
1242380 1361.5
1242390 1356.1
1242400 1349.0
1242410 1349.0
1242420 1342.2
1242430 1338.0
1242440 1338.0
1242450 1334.3
1242460 1329.0
1242470 1329.0
1242480 1323.2
1242490 1318.6
1242500 1318.6
1242510 1315.2
1242520 1307.0
1242530 1307.0
1242540 1303.9
1242550 1299.5
1242560 1299.5
1242570 1293.9
1242580 1287.2
1242590 1282.7
1242600 1282.7
1242610 1279.3
1242620 1274.6
1242630 1274.6
1242640 1268.8
1242650 1265.5
1242660 1265.5
1242670 1264.2
1242680 1262.6
1242690 1262.6
1242700 1260.3
1242710 1257.9
1242720 1257.9
1242730 1255.9
1242740 1252.4
1242750 1252.4
1242760 1247.2
1242770 1241.8
1242780 1241.8
1242790 1237.0
1242800 1234.0
1242810 1234.0
1242820 1231.5
1242830 1228.3
1242840 1228.3
1242850 1224.4
1242860 1219.9
1242870 1219.9
1242880 1215.0
1242890 1210.2
1242900 1205.6
1242910 1205.6
1242920 1201.0
1242930 1196.0
1242940 1196.0
1242950 1191.0
1242960 1186.3
1242970 1186.3
1242980 1181.7
1242990 1177.5
1243000 1177.5
1243010 1174.1
1243020 1171.9
1243030 1171.9
1243040 1171.1
1243050 1166.7
1243060 1166.7
1243070 1163.4
1243080 1160.3
1243090 1160.3
1243100 1156.4
1243110 1154.4
1243120 1154.4
1243130 1153.2
1243140 1152.3
1243150 1152.3
1243160 1149.9
1243170 1147.2
1243180 1147.2
1243190 1145.5
1243200 1143.6
1243210 1142.2
1243220 1142.2
1243230 1140.3
1243240 1137.7
1243250 1137.7
1243260 1135.8
1243270 1134.9
1243280 1134.9
1243290 1134.1
1243300 1133.4
1243310 1133.4
1243320 1132.4
1243330 1133.1
1243340 1133.1
1243350 1134.0
1243360 1133.0
1243370 1133.0
1243380 1133.4
1243390 1134.2
1243400 1134.2
1243410 1134.6
1243420 1134.5
1243430 1134.5
1243440 1133.9
1243450 1134.0
1243460 1134.0
1243470 1133.9
1243480 1133.6
1243490 1133.6
1243500 1133.6
1243510 1133.5
1243520 1133.6
1243530 1133.6
1243540 1133.8
1243550 1134.0
1243560 1134.0
1243570 1131.3
1243580 1129.8
1243590 1129.8
1243600 1127.0
1243610 1126.0
1243620 1126.0
1243630 1127.3
1243640 1128.3
1243650 1128.3
1243660 1128.1
1243670 1127.1
1243680 1127.1
1243690 1124.3
1243700 1120.0
1243710 1120.0
1243720 1116.3
1243730 1115.6
1243740 1115.6
1243750 1115.4
1243760 1113.5
1243770 1113.5
1243780 1111.1
1243790 1109.2
1243800 1108.1
1243810 1108.1
1243820 1107.0
1243830 1104.5
1243840 1104.5
1243850 1100.4
1243860 1095.2
1243870 1095.2
1243880 1090.2
1243890 1085.5
1243900 1085.5
1243910 1081.4
1243920 1079.1
1243930 1079.1
1243940 1077.2
1243950 1076.3
1243960 1076.3
1243970 1077.0
1243980 1080.1
1243990 1080.1
1244000 1084.5
1244010 1087.8
1244020 1087.8
1244030 1086.8
1244040 1084.3
1244050 1084.3
1244060 1079.9
1244070 1076.8
1244080 1076.8
1244090 1076.4
1244100 1076.8
1244110 1076.8
1244120 1076.8
1244130 1076.8
1244140 1076.7
1244150 1076.7
1244160 1076.7
1244170 1076.7
1244180 1076.7
1244190 1076.6
1244200 1076.7
1244210 1076.7
1244220 1076.1
1244230 1075.8
1244240 1075.8
1244250 1075.7
1244260 1075.8
1244270 1075.8
1244280 1074.4
1244290 1074.3
1244300 1074.3
1244310 1074.2
1244320 1074.3
1244330 1074.3
1244340 1074.2
1244350 1074.6
1244360 1074.6
1244370 1074.7
1244380 1074.0
1244390 1074.0
1244400 1075.3
1244410 1074.5
1244420 1074.4
1244430 1074.4
1244440 1074.4
1244450 1074.3
1244460 1074.3
1244470 1074.0
1244480 1073.8
1244490 1073.8
1244500 1073.6
1244510 1074.3
1244520 1074.3
1244530 1075.1
1244540 1075.4
1244550 1075.4
1244560 1075.5
1244570 1075.5
1244580 1075.5
1244590 1075.6
1244600 1075.8
1244610 1075.8
1244620 1075.7
1244630 1075.4
1244640 1075.4
1244650 1075.3
1244660 1075.1
1244670 1075.1
1244680 1074.9
1244690 1074.9
1244700 1074.9
1244710 1074.9
1244720 1074.9
1244730 1074.9
1244740 1074.9
1244750 1075.0
1244760 1076.5
1244770 1076.5
1244780 1081.8
1244790 1090.6
1244800 1090.6
1244810 1097.7
1244820 1104.2
1244830 1104.2
1244840 1108.5
1244850 1111.3
1244860 1111.3
1244870 1113.4
1244880 1116.1
1244890 1116.1
1244900 1118.1
1244910 1121.0
1244920 1121.0
1244930 1124.0
1244940 1126.6
1244950 1126.6
1244960 1129.5
1244970 1132.6
1244980 1132.6
1244990 1136.0
1245000 1139.6
1245010 1143.8
1245020 1143.8
1245030 1147.9
1245040 1152.0
1245050 1152.0
1245060 1156.5
1245070 1162.3
1245080 1162.3
1245090 1168.4
1245100 1172.4
1245110 1172.4
1245120 1177.6
1245130 1184.7
1245140 1184.7
1245150 1192.7
1245160 1197.5
1245170 1205.1
1245180 1205.7
1245190 1208.3
1245200 1208.3
1245210 1211.9
1245220 1214.1
1245230 1214.1
1245240 1215.8
1245250 1216.5
1245260 1216.5
1245270 1216.9
1245280 1216.8
1245290 1216.8
1245300 1216.6
1245310 1217.2
1245320 1222.8
1245330 1222.8
1245340 1233.3
1245350 1245.1
1245360 1245.1
1245370 1257.3
1245380 1269.0
1245390 1269.0
1245400 1277.2
1245410 1285.5
1245420 1285.5
1245430 1294.7
1245440 1305.0
1245450 1305.0
1245460 1312.2
1245470 1315.3
1245480 1315.3
1245490 1317.0
1245500 1318.1
1245510 1318.1
1245520 1318.7
1245530 1320.1
1245540 1320.1
1245550 1323.3
1245560 1331.1
1245570 1331.1
1245580 1344.8
1245590 1358.7
1245600 1358.7
1245610 1367.6
1245620 1372.0
1245630 1373.4
1245640 1373.4
1245650 1375.2
1245660 1376.6
1245670 1376.6
1245680 1377.5
1245690 1378.5
1245700 1386.0
1245710 1387.9
1245720 1389.4
1245730 1389.4
1245740 1390.0
1245750 1389.1
1245760 1389.1
1245770 1390.7
1245780 1403.2
1245790 1403.2
1245800 1414.3
1245810 1422.3
1245820 1422.3
1245830 1428.8
1245840 1434.5
1245850 1434.5
1245860 1440.3
1245870 1442.5
1245880 1442.5
1245890 1444.1
1245900 1448.1
1245910 1448.1
1245920 1454.6
1245930 1462.9
1245940 1469.0
1245950 1469.0
1245960 1474.3
1245970 1479.1
1245980 1479.1
1245990 1483.2
1246000 1486.1
1246010 1486.1
1246020 1492.1
1246030 1498.9
1246040 1498.9
1246050 1504.6
1246060 1507.0
1246070 1507.0
1246080 1506.6
1246090 1506.5
1246100 1506.5
1246110 1508.3
1246120 1507.5
1246130 1507.5
1246140 1505.0
1246150 1499.4
1246160 1499.4
1246170 1491.6
1246180 1486.7
1246190 1486.7
1246200 1487.3
1246210 1489.4
1246220 1489.4
1246230 1493.2
1246240 1511.1
1246250 1524.2
1246260 1524.2
1246270 1528.4
1246280 1525.9
1246290 1525.9
1246300 1522.4
1246310 1515.4
1246320 1515.4
1246330 1496.8
1246340 1466.8
1246350 1466.8
1246360 1448.8
1246370 1437.3
1246380 1437.3
1246390 1428.3
1246400 1412.5
1246410 1412.5
1246420 1395.0
1246430 1391.1
1246440 1391.1
1246450 1403.1
1246460 1413.7
1246470 1413.7
1246480 1433.9
1246490 1463.0
1246500 1463.0
1246510 1488.4
1246520 1509.2
1246530 1523.9
1246540 1523.9
1246550 1538.4
1246560 1548.1
1246570 1548.1
1246580 1553.9
1246590 1558.9
1246600 1558.9
1246610 1563.7
1246620 1568.7
1246630 1568.7
1246640 1574.5
1246650 1581.1
1246660 1581.1
1246670 1588.8
1246680 1600.1
1246690 1600.1
1246700 1609.0
1246710 1614.3
1246720 1614.3
1246730 1621.3
1246740 1630.1
1246750 1630.1
1246760 1636.8
1246770 1652.5
1246780 1652.5
1246790 1659.8
1246800 1665.6
1246810 1665.6
1246820 1672.0
1246830 1674.9
1246840 1679.3
1246850 1679.3
1246860 1683.9
1246870 1687.5
1246880 1687.5
1246890 1692.7
1246900 1695.1
1246910 1695.1
1246920 1698.1
1246930 1700.7
1246940 1700.7
1246950 1703.5
1246960 1706.7
1246970 1706.7
1246980 1710.8
1246990 1713.2
1247000 1713.2
1247010 1714.8
1247020 1717.1
1247030 1717.1
1247040 1719.2
1247050 1722.9
1247060 1722.9
1247070 1726.1
1247080 1728.3
1247090 1728.3
1247100 1730.5
1247110 1732.9
1247120 1732.9
1247130 1736.9
1247140 1740.4
1247150 1743.5
1247160 1743.5
1247170 1745.7
1247180 1748.3
1247190 1748.3
1247200 1751.2
1247210 1755.3
1247220 1755.3
1247230 1761.1
1247240 1770.3
1247250 1770.3
1247260 1772.0
1247270 1775.3
1247280 1775.3
1247290 1779.9
1247300 1784.8
1247310 1791.7
1247320 1793.9
1247330 1793.5
1247340 1793.5
1247350 1791.6
1247360 1788.8
1247370 1788.8
1247380 1786.1
1247390 1782.1
1247400 1782.1
1247410 1778.0
1247420 1774.3
1247430 1774.3
1247440 1771.1
1247450 1768.1
1247460 1766.0
1247470 1766.0
1247480 1764.0
1247490 1760.6
1247500 1760.6
1247510 1756.2
1247520 1749.8
1247530 1749.8
1247540 1742.9
1247550 1737.6
1247560 1737.6
1247570 1733.2
1247580 1729.2
1247590 1729.2
1247600 1725.1
1247610 1721.9
1247620 1721.9
1247630 1718.3
1247640 1714.9
1247650 1714.9
1247660 1711.5
1247670 1709.4
1247680 1709.4
1247690 1706.8
1247700 1703.6
1247710 1703.6
1247720 1701.9
1247730 1699.8
1247740 1696.1
1247750 1696.1
1247760 1695.6
1247770 1699.0
1247780 1699.0
1247790 1701.4
1247800 1704.4
1247810 1704.4
1247820 1706.6
1247830 1707.8
1247840 1707.8
1247850 1714.3
1247860 1715.4
1247870 1715.4
1247880 1716.9
1247890 1718.6
1247900 1718.6
1247910 1719.2
1247920 1718.1
1247930 1718.1
1247940 1726.2
1247950 1730.3
1247960 1730.3
1247970 1732.5
1247980 1735.8
1247990 1735.8
1248000 1739.7
1248010 1744.3
1248020 1744.3
1248030 1748.5
1248040 1752.4
1248050 1754.7
1248060 1754.7
1248070 1755.7
1248080 1757.0
1248090 1757.0
1248100 1758.4
1248110 1760.0
1248120 1760.0
1248130 1760.9
1248140 1761.4
1248150 1761.4
1248160 1761.8
1248170 1762.0
1248180 1762.0
1248190 1762.8
1248200 1764.4
1248210 1764.4
1248220 1766.6
1248230 1769.0
1248240 1769.0
1248250 1770.8
1248260 1772.6
1248270 1772.6
1248280 1773.4
1248290 1773.7
1248300 1773.7
1248310 1776.4
1248320 1779.6
1248330 1779.6
1248340 1783.2
1248350 1787.1
1248360 1790.5
1248370 1790.5
1248380 1794.0
1248390 1803.0
1248400 1803.0
1248410 1806.1
1248420 1809.8
1248430 1809.8
1248440 1815.4
1248450 1820.9
1248460 1820.9
1248470 1825.7
1248480 1831.3
1248490 1831.3
1248500 1838.2
1248510 1844.2
1248520 1844.2
1248530 1850.9
1248540 1857.2
1248550 1857.2
1248560 1861.9
1248570 1866.9
1248580 1866.9
1248590 1871.4
1248600 1874.6
1248610 1874.6
1248620 1879.8
1248630 1884.5
1248640 1884.5
1248650 1890.1
1248660 1898.8
1248670 1906.9
1248680 1906.9
1248690 1911.4
1248700 1914.3
1248710 1914.3
1248720 1918.5
1248730 1924.6
1248740 1924.6
1248750 1929.8
1248760 1935.3
1248770 1935.3
1248780 1941.8
1248790 1948.3
1248800 1948.3
1248810 1954.0
1248820 1961.6
1248830 1961.6
1248840 1972.0
1248850 1978.4
1248860 1978.4
1248870 1983.4
1248880 1989.3
1248890 1989.3
1248900 1993.9
1248910 2000.2
1248920 2000.2
1248930 2013.4
1248940 2022.3
1248950 2030.1
1248960 2030.1
1248970 2036.1
1248980 2043.8
1248990 2043.8
1249000 2054.3
1249010 2065.6
1249020 2065.6
1249030 2077.4
1249040 2080.0
1249050 2080.0
1249060 2076.5
1249070 2075.9
1249080 2075.9
1249090 2076.8
1249100 2079.2
1249110 2079.2
1249120 2084.4
1249130 2091.4
1249140 2091.4
1249150 2096.3
1249160 2104.5
1249170 2104.5
1249180 2112.9
1249190 2120.6
1249200 2120.6
1249210 2126.2
1249220 2128.7
1249230 2128.7
1249240 2119.3
1249250 2111.0
1249260 2102.5
1249270 2102.5
1249280 2095.2
1249290 2087.2
1249300 2087.2
1249310 2079.6
1249320 2077.0
1249330 2077.0
1249340 2075.8
1249350 2076.9
1249360 2076.9
1249370 2073.0
1249380 2069.6
1249390 2069.6
1249400 2066.4
1249410 2062.9
1249420 2062.9
1249430 2057.5
1249440 2051.1
1249450 2051.1
1249460 2044.2
1249470 2029.7
1249480 2029.7
1249490 2020.1
1249500 2012.9
1249510 2012.9
1249520 2006.1
1249530 1999.8
1249540 1999.8
1249550 1992.9
1249560 1985.6
1249570 1977.3
1249580 1977.3
1249590 1969.7
1249600 1963.2
1249610 1963.2
1249620 1957.7
1249630 1952.8
1249640 1952.8
1249650 1948.0
1249660 1943.4
1249670 1943.4
1249680 1939.9
1249690 1937.1
1249700 1937.1
1249710 1935.5
1249720 1933.0
1249730 1933.0
1249740 1929.7
1249750 1928.4
1249760 1928.4
1249770 1929.8
1249780 1930.2
1249790 1930.2
1249800 1928.7
1249810 1926.6
1249820 1926.6
1249830 1924.6
1249840 1923.2
1249850 1923.2
1249860 1922.5
1249870 1922.9
1249880 1922.9
1249890 1922.9
1249900 1921.4
1249910 1918.9
1249920 1918.9
1249930 1917.5
1249940 1913.7
1249950 1913.7
1249960 1909.8
1249970 1907.2
1249980 1907.2
1249990 1904.3
1250000 1900.1
1250010 1900.1
1250020 1896.5
1250030 1892.1
1250040 1892.1
1250050 1886.4
1250060 1880.6
1250070 1880.6
1250080 1876.9
1250090 1875.0
1250100 1875.0
1250110 1871.8
1250120 1868.1
1250130 1868.1
1250140 1864.2
1250150 1860.5
1250160 1856.3
1250170 1856.3
1250180 1851.6
1250190 1849.3
1250200 1849.3
1250210 1842.9
1250220 1834.4
1250230 1834.4
1250240 1826.2
1250250 1817.9
1250260 1817.9
1250270 1810.4
1250280 1802.7
1250290 1802.7
1250300 1794.8
1250310 1786.2
1250320 1786.2
1250330 1777.6
1250340 1771.1
1250350 1771.1
1250360 1765.3
1250370 1758.4
1250380 1758.4
1250390 1751.8
1250400 1745.1
1250410 1745.1
1250420 1737.7
1250430 1729.2
1250440 1729.2
1250450 1719.5
1250460 1710.3
1250470 1704.1
1250480 1704.1
1250490 1698.0
1250500 1691.5
1250510 1691.5
1250520 1685.1
1250530 1678.8
1250540 1678.8
1250550 1672.5
1250560 1660.8
1250570 1660.8
1250580 1653.1
1250590 1646.5
1250600 1646.5
1250610 1640.1
1250620 1633.6
1250630 1633.6
1250640 1628.0
1250650 1621.0
1250660 1621.0
1250670 1612.6
1250680 1604.8
1250690 1604.8
1250700 1597.5
1250710 1590.4
1250720 1590.4
1250730 1582.9
1250740 1575.5
1250750 1575.5
1250760 1567.0
1250770 1558.3
1250780 1550.4
1250790 1550.4
1250800 1542.4
1250810 1534.6
1250820 1534.6
1250830 1526.2
1250840 1514.2
1250850 1514.2
1250860 1500.1
1250870 1491.1
1250880 1491.1
1250890 1483.2
1250900 1475.4
1250910 1475.4
1250920 1468.2
1250930 1462.2
1250940 1462.2
1250950 1456.4
1250960 1450.9
1250970 1450.9
1250980 1445.4
1250990 1440.5
1251000 1440.5
1251010 1434.6
1251020 1428.3
1251030 1428.3
1251040 1423.3
1251050 1417.3
1251060 1417.3
1251070 1411.5
1251080 1406.1
1251090 1401.7
1251100 1401.7
1251110 1396.0
1251120 1389.9
1251130 1389.9
1251140 1380.9
1251150 1374.5
1251160 1374.5
1251170 1369.3
1251180 1363.5
1251190 1363.5
1251200 1357.4
1251210 1351.2
1251220 1351.2
1251230 1344.9
1251240 1339.3
1251250 1339.3
1251260 1334.6
1251270 1330.7
1251280 1330.7
1251290 1326.4
1251300 1321.9
1251310 1321.9
1251320 1317.4
1251330 1312.8
1251340 1312.8
1251350 1308.9
1251360 1304.7
1251370 1300.6
1251380 1300.6
1251390 1296.8
1251400 1294.6
1251410 1294.6
1251420 1294.8
1251430 1295.9
1251440 1295.9
1251450 1295.3
1251460 1294.5
1251470 1294.5
1251480 1295.0
1251490 1295.7
1251500 1295.7
1251510 1297.6
1251520 1300.2
1251530 1300.2
1251540 1303.2
1251550 1307.0
1251560 1307.0
1251570 1311.7
1251580 1317.1
1251590 1317.1
1251600 1323.2
1251610 1329.7
1251620 1329.7
1251630 1336.4
1251640 1342.4
1251650 1345.6
1251660 1351.2
1251670 1358.4
1251680 1364.6
1251690 1364.6
1251700 1367.1
1251710 1368.1
1251720 1368.1
1251730 1368.3
1251740 1369.4
1251750 1369.4
1251760 1371.5
1251770 1374.3
1251780 1374.3
1251790 1376.6
1251800 1374.0
1251810 1374.0
1251820 1369.6
1251830 1371.1
1251840 1371.1
1251850 1371.1
1251860 1369.8
1251870 1369.8
1251880 1365.0
1251890 1359.8
1251900 1359.8
1251910 1351.2
1251920 1344.0
1251930 1344.0
1251940 1340.3
1251950 1344.5
1251960 1344.5
1251970 1347.1
1251980 1342.7
1251990 1335.2
1252000 1335.2
1252010 1328.0
1252020 1321.1
1252030 1321.1
1252040 1318.6
1252050 1319.3
1252060 1319.3
1252070 1320.6
1252080 1318.9
1252090 1318.9
1252100 1315.3
1252110 1310.7
1252120 1310.7
1252130 1302.0
1252140 1293.8
1252150 1293.8
1252160 1288.7
1252170 1284.3
1252180 1284.3
1252190 1279.0
1252200 1289.8
1252210 1289.8
1252220 1281.4
1252230 1272.8
1252240 1272.8
1252250 1265.1
1252260 1258.5
1252270 1258.5
1252280 1252.3
1252290 1248.5
1252300 1244.3
1252310 1244.3
1252320 1244.5
1252330 1242.3
1252340 1242.3
1252350 1239.1
1252360 1234.1
1252370 1234.1
1252380 1230.0
1252390 1226.4
1252400 1226.4
1252410 1223.3
1252420 1220.4
1252430 1220.4
1252440 1216.2
1252450 1209.9
1252460 1209.9
1252470 1203.0
1252480 1197.5
1252490 1197.5
1252500 1193.4
1252510 1189.3
1252520 1189.3
1252530 1185.3
1252540 1180.9
1252550 1180.9
1252560 1174.7
1252570 1162.4
1252580 1152.9
1252590 1152.9
1252600 1149.6
1252610 1147.5
1252620 1147.5
1252630 1144.8
1252640 1143.5
1252650 1143.5
1252660 1142.5
1252670 1140.1
1252680 1140.1
1252690 1137.9
1252700 1135.7
1252710 1135.7
1252720 1135.0
1252730 1134.8
1252740 1134.8
1252750 1141.6
1252760 1140.4
1252770 1140.4
1252780 1136.9
1252790 1129.7
1252800 1129.7
1252810 1126.1
1252820 1124.5
1252830 1124.5
1252840 1121.4
1252850 1117.3
1252860 1117.3
1252870 1113.9
1252880 1110.2
1252890 1106.8
1252900 1106.8
1252910 1104.1
1252920 1100.7
1252930 1100.7
1252940 1096.6
1252950 1094.4
1252960 1094.4
1252970 1091.5
1252980 1089.0
1252990 1089.0
1253000 1087.6
1253010 1085.7
1253020 1085.7
1253030 1082.5
1253040 1079.3
1253050 1079.3
1253060 1077.5
1253070 1076.0
1253080 1076.0
1253090 1074.8
1253100 1073.8
1253110 1073.8
1253120 1071.9
1253130 1069.9
1253140 1069.9
1253150 1067.4
1253160 1065.0
1253170 1065.0
1253180 1062.9
1253190 1060.1
1253200 1057.5
1253210 1057.5
1253220 1055.0
1253230 1053.0
1253240 1053.0
1253250 1051.5
1253260 1050.0
1253270 1050.0
1253280 1048.8
1253290 1047.2
1253300 1054.3
1253310 1053.7
1253320 1052.9
1253330 1052.9
1253340 1051.9
1253350 1051.1
1253360 1051.1
1253370 1051.5
1253380 1053.2
1253390 1053.2
1253400 1056.2
1253410 1058.5
1253420 1058.5
1253430 1060.1
1253440 1062.1
1253450 1062.1
1253460 1061.6
1253470 1059.3
1253480 1059.3
1253490 1056.1
1253500 1054.3
1253510 1053.2
1253520 1053.2
1253530 1052.1
1253540 1052.1
1253550 1052.1
1253560 1051.7
1253570 1050.2
1253580 1050.2
1253590 1050.1
1253600 1052.0
1253610 1052.0
1253620 1051.6
1253630 1050.1
1253640 1050.1
1253650 1048.1
1253660 1047.0
1253670 1047.0
1253680 1047.7
1253690 1047.9
1253700 1047.9
1253710 1046.8
1253720 1045.6
1253730 1045.6
1253740 1047.0
1253750 1048.3
1253760 1048.3
1253770 1045.6
1253780 1041.1
1253790 1038.3
1253800 1038.3
1253810 1036.2
1253820 1034.9
1253830 1034.9
1253840 1032.9
1253850 1030.1
1253860 1032.0
1253870 1030.9
1253880 1027.0
1253890 1027.0
1253900 1020.7
1253910 1016.6
1253920 1016.6
1253930 1013.6
1253940 1009.0
1253950 1009.0
1253960 1002.5
1253970 994.4
1253980 994.4
1253990 990.0
1254000 982.7
1254010 982.7
1254020 976.0
1254030 968.9
1254040 968.9
1254050 963.4
1254060 956.3
1254070 956.3
1254080 951.8
1254090 951.4
1254100 951.8
1254110 951.8
1254120 953.9
1254130 955.8
1254140 955.8
1254150 956.4
1254160 956.4
1254170 956.4
1254180 956.1
1254190 956.5
1254200 956.5
1254210 957.2
1254220 957.5
1254230 957.5
1254240 957.1
1254250 956.3
1254260 956.3
1254270 956.2
1254280 956.3
1254290 956.3
1254300 956.3
1254310 956.7
1254320 956.7
1254330 957.2
1254340 956.2
1254350 956.2
1254360 957.6
1254370 957.4
1254380 957.4
1254390 957.2
1254400 957.2
1254410 957.3
1254420 957.3
1254430 958.8
1254440 962.3
1254450 962.3
1254460 966.9
1254470 972.4
1254480 972.4
1254490 977.7
1254500 983.3
1254510 983.3
1254520 989.4
1254530 995.7
1254540 995.7
1254550 1002.0
1254560 1008.6
1254570 1008.6
1254580 1015.2
1254590 1022.2
1254600 1022.2
1254610 1029.2
1254620 1036.6
1254630 1036.6
1254640 1044.8
1254650 1053.0
1254660 1053.0
1254670 1063.9
1254680 1088.9
1254690 1088.9
1254700 1109.5
1254710 1120.9
1254720 1130.2
1254730 1130.2
1254740 1139.8
1254750 1150.1
1254760 1150.1
1254770 1159.4
1254780 1169.2
1254790 1169.2
1254800 1179.8
1254810 1189.4
1254820 1189.4
1254830 1197.1
1254840 1204.4
1254850 1204.4
1254860 1212.3
1254870 1221.1
1254880 1221.1
1254890 1236.7
1254900 1253.3
1254910 1253.3
1254920 1265.6
1254930 1273.2
1254940 1273.2
1254950 1280.4
1254960 1286.6
1254970 1281.8
1254980 1283.4
1254990 1284.8
1255000 1284.8
1255010 1288.5
1255020 1293.2
1255030 1298.8
1255040 1298.8
1255050 1304.8
1255060 1309.9
1255070 1309.9
1255080 1313.1
1255090 1313.9
1255100 1313.9
1255110 1318.7
1255120 1328.1
1255130 1328.1
1255140 1337.1
1255150 1344.8
1255160 1344.8
1255170 1352.3
1255180 1359.5
1255190 1359.5
1255200 1366.9
1255210 1375.1
1255220 1375.1
1255230 1383.8
1255240 1391.5
1255250 1391.5
1255260 1399.0
1255270 1406.8
1255280 1406.8
1255290 1414.7
1255300 1423.8
1255310 1434.9
1255320 1434.9
1255330 1449.5
1255340 1464.3
1255350 1464.3
1255360 1475.7
1255370 1492.0
1255380 1492.0
1255390 1507.0
1255400 1522.7
1255410 1522.7
1255420 1539.5
1255430 1556.9
1255440 1556.9
1255450 1574.8
1255460 1591.1
1255470 1591.1
1255480 1606.3
1255490 1621.4
1255500 1621.4
1255510 1640.8
1255520 1659.7
1255530 1659.7
1255540 1669.5
1255550 1678.9
1255560 1678.9
1255570 1685.4
1255580 1689.6
1255590 1689.6
1255600 1693.1
1255610 1696.9
1255620 1699.8
1255630 1699.8
1255640 1701.3
1255650 1705.5
1255660 1705.5
1255670 1708.9
1255680 1712.0
1255690 1712.0
1255700 1713.6
1255710 1715.0
1255720 1715.0
1255730 1717.9
1255740 1719.7
1255750 1719.7
1255760 1720.8
1255770 1721.5
1255780 1721.5
1255790 1721.3
1255800 1718.7
1255810 1718.7
1255820 1716.5
1255830 1713.6
1255840 1713.6
1255850 1710.1
1255860 1706.8
1255870 1706.8
1255880 1700.7
1255890 1695.6
1255900 1695.6
1255910 1689.6
1255920 1684.8
1255930 1679.1
1255940 1679.1
1255950 1673.9
1255960 1669.0
1255970 1669.0
1255980 1662.8
1255990 1661.4
1256000 1661.4
1256010 1661.1
1256020 1659.8
1256030 1659.8
1256040 1656.9
1256050 1654.0
1256060 1654.0
1256070 1649.6
1256080 1634.3
1256090 1634.3
1256100 1630.6
1256110 1626.6
1256120 1626.6
1256130 1621.4
1256140 1617.7
1256150 1617.7
1256160 1616.8
1256170 1614.3
1256180 1614.3
1256190 1609.4
1256200 1602.9
1256210 1602.9
1256220 1593.4
1256230 1584.6
1256240 1581.0
1256250 1581.0
1256260 1577.3
1256270 1575.4
1256280 1575.4
1256290 1574.2
1256300 1573.0
1256310 1573.0
1256320 1571.6
1256330 1570.1
1256340 1570.1
1256350 1567.8
1256360 1566.3
1256370 1566.3
1256380 1566.7
1256390 1568.5
1256400 1568.5
1256410 1570.0
1256420 1571.1
1256430 1571.1
1256440 1572.4
1256450 1573.9
1256460 1573.9
1256470 1575.3
1256480 1576.5
1256490 1576.5
1256500 1577.2
1256510 1576.9
1256520 1575.6
1256530 1575.6
1256540 1574.8
1256550 1573.7
1256560 1573.7
1256570 1572.4
1256580 1570.5
1256590 1570.5
1256600 1568.4
1256610 1566.1
1256620 1566.1
1256630 1564.4
1256640 1556.8
1256650 1556.8
1256660 1552.8
1256670 1549.2
1256680 1549.2
1256690 1546.0
1256700 1542.6
1256710 1542.6
1256720 1540.5
1256730 1537.2
1256740 1537.2
1256750 1533.6
1256760 1530.2
1256770 1530.2
1256780 1523.6
1256790 1514.7
1256800 1514.7
1256810 1503.0
1256820 1496.4
1256830 1487.9
1256840 1487.9
1256850 1479.1
1256860 1470.6
1256870 1470.6
1256880 1465.2
1256890 1461.6
1256900 1461.6
1256910 1458.6
1256920 1455.1
1256930 1455.1
1256940 1447.8
1256950 1440.8
1256960 1440.8
1256970 1437.2
1256980 1428.1
1256990 1428.1
1257000 1420.1
1257010 1415.5
1257020 1415.5
1257030 1409.8
1257040 1404.0
1257050 1404.0
1257060 1392.6
1257070 1363.7
1257080 1363.7
1257090 1353.7
1257100 1332.6
1257110 1332.6
1257120 1302.8
1257130 1285.4
1257140 1269.5
1257150 1269.5
1257160 1258.0
1257170 1253.2
1257180 1253.2
1257190 1248.6
1257200 1234.7
1257210 1234.7
1257220 1229.9
1257230 1223.8
1257240 1223.8
1257250 1220.0
1257260 1214.6
1257270 1214.6
1257280 1210.2
1257290 1206.1
1257300 1206.1
1257310 1201.5
1257320 1196.6
1257330 1196.6
1257340 1191.8
1257350 1188.6
1257360 1188.6
1257370 1185.9
1257380 1183.6
1257390 1183.6
1257400 1181.1
1257410 1177.8
1257420 1177.8
1257430 1174.1
1257440 1170.3
1257450 1166.2
1257460 1166.2
1257470 1162.0
1257480 1157.7
1257490 1157.7
1257500 1153.4
1257510 1149.7
1257520 1149.7
1257530 1145.7
1257540 1141.2
1257550 1141.2
1257560 1136.5
1257570 1132.0
1257580 1132.0
1257590 1128.0
1257600 1124.6
1257610 1124.6
1257620 1121.8
1257630 1118.8
1257640 1118.8
1257650 1115.9
1257660 1112.8
1257670 1112.8
1257680 1111.1
1257690 1110.7
1257700 1110.7
1257710 1110.4
1257720 1110.2
1257730 1110.2
1257740 1110.2
1257750 1110.4
1257760 1109.3
1257770 1109.3
1257780 1107.2
1257790 1103.0
1257800 1103.0
1257810 1097.4
1257820 1091.6
1257830 1091.6
1257840 1086.2
1257850 1080.9
1257860 1080.9
1257870 1077.4
1257880 1077.3
1257890 1077.3
1257900 1077.8
1257910 1079.4
1257920 1079.4
1257930 1085.6
1257940 1092.4
1257950 1092.4
1257960 1099.4
1257970 1104.8
1257980 1104.8
1257990 1108.4
1258000 1112.3
1258010 1112.3
1258020 1116.4
1258030 1121.2
1258040 1127.0
1258050 1127.0
1258060 1132.9
1258070 1141.8
1258080 1141.8
1258090 1156.6
1258100 1161.0
1258110 1161.0
1258120 1159.7
1258130 1158.5
1258140 1158.5
1258150 1159.4
1258160 1162.3
1258170 1162.3
1258180 1167.7
1258190 1174.4
1258200 1174.4
1258210 1180.4
1258220 1187.1
1258230 1187.1
1258240 1193.4
1258250 1199.7
1258260 1199.7
1258270 1209.3
1258280 1217.8
1258290 1217.8
1258300 1224.7
1258310 1231.6
1258320 1231.6
1258330 1241.5
1258340 1250.2
1258350 1255.7
1258360 1255.7
1258370 1261.2
1258380 1267.2
1258390 1267.2
1258400 1273.0
1258410 1278.8
1258420 1278.8
1258430 1284.6
1258440 1289.9
1258450 1289.9
1258460 1294.9
1258470 1299.3
1258480 1299.3
1258490 1303.2
1258500 1307.1
1258510 1307.1
1258520 1310.3
1258530 1313.0
1258540 1313.0
1258550 1317.2
1258560 1323.0
1258570 1323.0
1258580 1329.1
1258590 1334.6
1258600 1334.6
1258610 1340.0
1258620 1346.1
1258630 1346.1
1258640 1351.5
1258650 1357.0
1258660 1362.8
1258670 1362.8
1258680 1368.8
1258690 1375.9
1258700 1375.9
1258710 1382.5
1258720 1388.1
1258730 1388.1
1258740 1394.1
1258750 1399.4
1258760 1399.4
1258770 1404.1
1258780 1407.4
1258790 1407.4
1258800 1408.0
1258810 1409.3
1258820 1409.3
1258830 1412.4
1258840 1415.5
1258850 1415.5
1258860 1417.9
1258870 1419.8
1258880 1419.8
1258890 1414.9
1258900 1415.4
1258910 1415.4
1258920 1416.4
1258930 1417.1
1258940 1417.2
1258950 1417.2
1258960 1417.4
1258970 1415.4
1258980 1415.4
1258990 1414.2
1259000 1413.4
1259010 1413.4
1259020 1412.7
1259030 1412.0
1259040 1412.0
1259050 1412.7
1259060 1413.6
1259070 1413.6
1259080 1414.4
1259090 1416.1
1259100 1416.1
1259110 1418.0
1259120 1420.0
1259130 1420.0
1259140 1422.4
1259150 1425.2
1259160 1425.2
1259170 1428.8
1259180 1432.3
1259190 1432.3
1259200 1435.4
1259210 1438.8
1259220 1438.8
1259230 1440.3
1259240 1437.3
1259250 1434.5
1259260 1434.5
1259270 1435.4
1259280 1437.9
1259290 1437.9
1259300 1440.4
1259310 1443.4
1259320 1443.4
1259330 1447.8
1259340 1455.0
1259350 1455.0
1259360 1460.7
1259370 1464.8
1259380 1464.8
1259390 1467.9
1259400 1469.9
1259410 1469.9
1259420 1472.4
1259430 1474.9
1259440 1474.9
1259450 1476.8
1259460 1473.5
1259470 1473.5
1259480 1474.8
1259490 1475.3
1259500 1475.3
1259510 1474.7
1259520 1472.8
1259530 1472.8
1259540 1469.9
1259550 1467.3
1259560 1464.8
1259570 1464.8
1259580 1462.5
1259590 1462.2
1259600 1462.2
1259610 1460.6
1259620 1457.9
1259630 1457.9
1259640 1455.6
1259650 1454.4
1259660 1454.4
1259670 1454.9
1259680 1456.8
1259690 1456.8
1259700 1460.3
1259710 1465.1
1259720 1465.1
1259730 1469.3
1259740 1472.3
1259750 1472.3
1259760 1475.2
1259770 1478.3
1259780 1478.3
1259790 1481.5
1259800 1484.4
1259810 1484.4
1259820 1487.2
1259830 1490.0
1259840 1490.0
1259850 1492.7
1259860 1495.4
1259870 1498.7
1259880 1498.7
1259890 1502.6
1259900 1506.0
1259910 1506.0
1259920 1509.1
1259930 1512.1
1259940 1512.1
1259950 1515.5
1259960 1518.4
1259970 1518.4
1259980 1520.7
1259990 1522.5
