1240000 1934.8
1240010 1924.6
1240020 1924.6
1240030 1936.8
1240040 1948.6
1240050 1948.6
1240060 1949.1
1240070 1947.3
1240080 1947.3
1240090 1943.3
1240100 1938.1
1240110 1938.1
1240120 1931.6
1240130 1927.5
1240140 1927.5
1240150 1922.1
1240160 1918.1
1240170 1917.8
1240180 1917.8
1240190 1917.2
1240200 1916.7
1240210 1916.7
1240220 1911.3
1240230 1904.4
1240240 1904.4
1240250 1894.1
1240260 1885.1
1240270 1885.1
1240280 1874.8
1240290 1869.8
1240300 1869.8
1240310 1865.5
1240320 1860.4
1240330 1860.4
1240340 1856.8
1240350 1854.2
1240360 1854.2
1240370 1853.6
1240380 1852.9
1240390 1852.9
1240400 1851.7
1240410 1849.5
1240420 1849.5
1240430 1847.4
1240440 1845.5
1240450 1845.5
1240460 1842.3
1240470 1841.4
1240480 1835.4
1240490 1835.4
1240500 1831.3
1240510 1823.8
1240520 1823.8
1240530 1816.7
1240540 1808.6
1240550 1808.6
1240560 1806.6
1240570 1811.0
1240580 1811.0
1240590 1817.1
1240600 1822.9
1240610 1822.9
1240620 1826.4
1240630 1828.7
1240640 1828.7
1240650 1830.5
1240660 1829.1
1240670 1829.1
1240680 1823.2
1240690 1816.6
1240700 1816.6
1240710 1811.2
1240720 1811.1
1240730 1811.1
1240740 1810.1
1240750 1808.6
1240760 1808.6
1240770 1806.1
1240780 1809.3
1240790 1818.0
1240800 1818.0
1240810 1821.8
1240820 1823.0
1240830 1823.0
1240840 1822.0
1240850 1822.9
1240860 1822.9
1240870 1824.2
1240880 1824.1
1240890 1824.1
1240900 1819.3
1240910 1811.6
1240920 1811.6
1240930 1804.4
1240940 1797.5
1240950 1797.5
1240960 1792.9
1240970 1791.5
1240980 1791.5
1240990 1790.3
1241000 1787.6
1241010 1784.3
1241020 1781.3
1241030 1779.0
1241040 1779.0
1241050 1780.5
1241060 1782.3
1241070 1782.3
1241080 1782.3
1241090 1781.1
1241100 1780.1
1241110 1780.1
1241120 1782.7
1241130 1785.0
1241140 1785.0
1241150 1791.1
1241160 1794.8
1241170 1794.8
1241180 1796.9
1241190 1819.9
1241200 1819.9
1241210 1831.0
1241220 1832.0
1241230 1832.0
1241240 1831.1
1241250 1833.5
1241260 1833.5
1241270 1835.7
1241280 1837.9
1241290 1837.9
1241300 1841.3
1241310 1845.6
1241320 1845.6
1241330 1848.4
1241340 1852.2
1241350 1852.2
1241360 1857.5
1241370 1865.0
1241380 1865.0
1241390 1862.5
1241400 1852.9
1241410 1832.3
1241420 1832.3
1241430 1806.9
1241440 1792.6
1241450 1792.6
1241460 1790.6
1241470 1791.3
1241480 1791.3
1241490 1789.3
1241500 1787.4
1241510 1787.4
1241520 1782.9
1241530 1779.2
1241540 1779.2
1241550 1793.0
1241560 1796.8
1241570 1796.8
1241580 1805.9
1241590 1813.7
1241600 1813.7
1241610 1818.1
1241620 1812.4
1241630 1812.4
1241640 1803.2
1241650 1791.4
1241660 1791.4
1241670 1780.0
1241680 1766.8
1241690 1759.3
1241700 1759.3
1241710 1762.8
1241720 1765.8
1241730 1765.8
1241740 1771.0
1241750 1781.0
1241760 1781.0
1241770 1779.2
1241780 1768.9
1241790 1768.9
1241800 1760.7
1241810 1756.2
1241820 1756.2
1241830 1753.6
1241840 1753.2
1241850 1753.2
1241860 1750.6
1241870 1751.1
1241880 1751.1
1241890 1765.0
1241900 1781.5
1241910 1781.5
1241920 1795.6
1241930 1805.4
1241940 1805.4
1241950 1812.1
1241960 1817.2
1241970 1817.2
1241980 1818.4
1241990 1822.5
1242000 1824.8
1242010 1824.8
1242020 1826.4
1242030 1827.4
1242040 1827.4
1242050 1825.3
1242060 1816.4
1242070 1816.4
1242080 1812.6
1242090 1807.1
1242100 1807.1
1242110 1800.3
1242120 1792.6
1242130 1792.6
1242140 1780.3
1242150 1767.5
1242160 1767.5
1242170 1746.5
1242180 1730.4
1242190 1730.4
1242200 1713.5
1242210 1706.5
1242220 1706.5
1242230 1709.6
1242240 1705.7
1242250 1705.7
1242260 1700.7
1242270 1693.7
1242280 1693.7
1242290 1681.6
1242300 1668.1
1242310 1653.6
1242320 1653.6
1242330 1630.7
1242340 1621.2
1242350 1621.2
1242360 1627.8
1242370 1633.3
1242380 1633.3
1242390 1638.0
1242400 1642.7
1242410 1642.7
1242420 1648.8
1242430 1652.2
1242440 1652.2
1242450 1651.9
1242460 1652.0
1242470 1652.0
1242480 1660.4
1242490 1668.3
1242500 1668.3
1242510 1675.3
1242520 1688.2
1242530 1688.2
1242540 1697.2
1242550 1699.7
1242560 1699.7
1242570 1699.2
1242580 1697.5
1242590 1691.6
1242600 1686.3
1242610 1680.4
1242620 1673.7
1242630 1673.7
1242640 1665.3
1242650 1655.4
1242660 1655.4
1242670 1645.8
1242680 1634.3
1242690 1634.3
1242700 1623.6
1242710 1614.9
1242720 1614.9
1242730 1604.1
1242740 1593.8
1242750 1593.8
1242760 1586.3
1242770 1587.0
1242780 1587.0
1242790 1590.2
1242800 1586.9
1242810 1586.9
1242820 1579.3
1242830 1561.5
1242840 1561.5
1242850 1536.8
1242860 1529.4
1242870 1529.4
1242880 1532.9
1242890 1534.1
1242900 1534.1
1242910 1527.5
1242920 1508.2
1242930 1493.1
1242940 1493.1
1242950 1486.9
1242960 1479.7
1242970 1479.7
1242980 1473.7
1242990 1468.5
1243000 1468.5
1243010 1459.7
1243020 1453.3
1243030 1453.3
1243040 1449.6
1243050 1443.9
1243060 1443.9
1243070 1434.5
1243080 1421.6
1243090 1421.6
1243100 1413.2
1243110 1402.5
1243120 1402.5
1243130 1398.1
1243140 1393.0
1243150 1393.0
1243160 1387.3
1243170 1380.5
1243180 1380.5
1243190 1367.9
1243200 1356.4
1243210 1346.5
1243220 1346.5
1243230 1332.9
1243240 1322.5
1243250 1322.5
1243260 1312.6
1243270 1303.3
1243280 1303.3
1243290 1292.5
1243300 1281.1
1243310 1281.1
1243320 1269.8
1243330 1256.8
1243340 1256.8
1243350 1246.2
1243360 1236.4
1243370 1236.4
1243380 1228.0
1243390 1220.3
1243400 1220.3
1243410 1208.8
1243420 1196.2
1243430 1196.2
1243440 1187.7
1243450 1177.7
1243460 1177.7
1243470 1167.8
1243480 1162.6
1243490 1162.6
1243500 1159.7
1243510 1159.3
1243520 1159.8
1243530 1159.8
1243540 1159.8
1243550 1159.3
1243560 1159.3
1243570 1159.1
1243580 1158.2
1243590 1158.2
1243600 1157.5
1243610 1157.2
1243620 1157.2
1243630 1157.6
1243640 1156.6
1243650 1156.6
1243660 1156.4
1243670 1156.6
1243680 1156.6
1243690 1158.0
1243700 1161.1
1243710 1161.1
1243720 1162.0
1243730 1161.4
1243740 1161.4
1243750 1161.0
1243760 1161.1
1243770 1161.1
1243780 1161.6
1243790 1162.0
1243800 1162.0
1243810 1162.2
1243820 1161.9
1243830 1160.2
1243840 1160.2
1243850 1155.8
1243860 1150.3
1243870 1150.3
1243880 1144.2
1243890 1138.5
1243900 1138.5
1243910 1134.0
1243920 1132.7
1243930 1132.7
1243940 1133.4
1243950 1131.4
1243960 1131.4
1243970 1128.8
1243980 1126.1
1243990 1126.1
1244000 1123.0
1244010 1119.6
1244020 1119.6
1244030 1117.0
1244040 1115.7
1244050 1115.7
1244060 1115.2
1244070 1114.9
1244080 1114.9
1244090 1115.3
1244100 1115.3
1244110 1115.3
1244120 1114.7
1244130 1113.7
1244140 1112.3
1244150 1112.3
1244160 1110.7
1244170 1106.9
1244180 1106.9
1244190 1103.3
1244200 1098.6
1244210 1098.6
1244220 1093.9
1244230 1091.8
1244240 1091.8
1244250 1094.5
1244260 1096.7
1244270 1096.7
1244280 1096.4
1244290 1093.5
1244300 1093.5
1244310 1088.6
1244320 1082.5
1244330 1082.5
1244340 1077.9
1244350 1076.4
1244360 1076.4
1244370 1076.5
1244380 1075.7
1244390 1075.7
1244400 1074.2
1244410 1073.1
1244420 1073.1
1244430 1075.8
1244440 1078.2
1244450 1076.9
1244460 1076.9
1244470 1073.9
1244480 1073.0
1244490 1073.0
1244500 1072.9
1244510 1072.7
1244520 1072.7
1244530 1072.6
1244540 1072.6
1244550 1072.6
1244560 1071.4
1244570 1070.6
1244580 1070.6
1244590 1071.8
1244600 1071.8
1244610 1071.8
1244620 1071.3
1244630 1071.1
1244640 1071.1
1244650 1071.0
1244660 1070.9
1244670 1070.9
1244680 1071.0
1244690 1071.3
1244700 1071.6
1244710 1072.4
1244720 1072.4
1244730 1072.2
1244740 1072.2
1244750 1072.0
1244760 1071.5
1244770 1071.5
1244780 1071.2
1244790 1070.9
1244800 1070.9
1244810 1070.8
1244820 1070.7
1244830 1070.7
1244840 1070.6
1244850 1070.4
1244860 1070.4
1244870 1070.1
1244880 1069.8
1244890 1069.8
1244900 1070.0
1244910 1070.1
1244920 1070.1
1244930 1070.0
1244940 1069.2
1244950 1069.2
1244960 1067.6
1244970 1066.5
1244980 1066.5
1244990 1066.1
1245000 1065.7
1245010 1065.7
1245020 1065.4
1245030 1065.2
1245040 1065.0
1245050 1065.0
1245060 1064.9
1245070 1064.7
1245080 1064.7
1245090 1064.4
1245100 1064.2
1245110 1064.2
1245120 1064.1
1245130 1064.1
1245140 1064.1
1245150 1064.1
1245160 1064.0
1245170 1064.0
1245180 1064.0
1245190 1064.0
1245200 1064.0
1245210 1063.8
1245220 1063.7
1245230 1063.7
1245240 1064.7
1245250 1064.7
1245260 1064.7
1245270 1064.7
1245280 1064.7
1245290 1064.7
1245300 1064.5
1245310 1064.7
1245320 1064.7
1245330 1064.8
1245340 1064.5
1245350 1064.3
1245360 1064.3
1245370 1064.2
1245380 1064.2
1245390 1064.2
1245400 1064.3
1245410 1064.9
1245420 1064.9
1245430 1066.3
1245440 1069.7
1245450 1069.7
1245460 1072.7
1245470 1076.5
1245480 1076.5
1245490 1078.8
1245500 1080.3
1245510 1080.3
1245520 1081.7
1245530 1082.9
1245540 1082.9
1245550 1082.9
1245560 1082.3
1245570 1082.3
1245580 1082.2
1245590 1081.9
1245600 1081.9
1245610 1079.9
1245620 1081.5
1245630 1081.5
1245640 1081.7
1245650 1081.1
1245660 1080.2
1245670 1080.2
1245680 1079.9
1245690 1081.2
1245700 1081.2
1245710 1082.4
1245720 1084.0
1245730 1084.0
1245740 1085.8
1245750 1088.0
1245760 1088.0
1245770 1094.4
1245780 1097.3
1245790 1097.3
1245800 1100.5
1245810 1103.7
1245820 1103.7
1245830 1104.9
1245840 1105.0
1245850 1105.0
1245860 1104.3
1245870 1103.7
1245880 1103.7
1245890 1106.5
1245900 1114.1
1245910 1114.1
1245920 1119.0
1245930 1123.2
1245940 1123.2
1245950 1126.5
1245960 1129.1
1245970 1135.4
1245980 1135.4
1245990 1140.0
1246000 1141.8
1246010 1141.8
1246020 1141.9
1246030 1141.5
1246040 1141.5
1246050 1141.6
1246060 1142.2
1246070 1142.2
1246080 1143.5
1246090 1145.8
1246100 1145.8
1246110 1147.2
1246120 1148.7
1246130 1148.7
1246140 1149.9
1246150 1149.0
1246160 1149.0
1246170 1149.1
1246180 1150.0
1246190 1150.0
1246200 1152.2
1246210 1155.5
1246220 1155.5
1246230 1158.5
1246240 1161.0
1246250 1166.1
1246260 1166.1
1246270 1175.3
1246280 1185.7
1246290 1185.7
1246300 1193.9
1246310 1214.8
1246320 1214.8
1246330 1216.2
1246340 1221.3
1246350 1221.3
1246360 1226.3
1246370 1231.4
1246380 1231.4
1246390 1229.2
1246400 1235.3
1246410 1235.3
1246420 1250.5
1246430 1267.1
1246440 1267.1
1246450 1274.5
1246460 1279.9
1246470 1279.9
1246480 1281.1
1246490 1286.7
1246500 1286.7
1246510 1295.3
1246520 1302.0
1246530 1302.0
1246540 1306.1
1246550 1307.0
1246560 1306.0
1246570 1306.0
1246580 1310.3
1246590 1317.1
1246600 1317.1
1246610 1329.8
1246620 1338.5
1246630 1338.5
1246640 1341.8
1246650 1343.6
1246660 1343.6
1246670 1346.6
1246680 1348.4
1246690 1348.4
1246700 1350.6
1246710 1349.8
1246720 1349.8
1246730 1347.0
1246740 1347.0
1246750 1347.0
1246760 1348.3
1246770 1347.9
1246780 1347.9
1246790 1349.1
1246800 1349.8
1246810 1349.8
1246820 1357.3
1246830 1367.6
1246840 1371.2
1246850 1376.2
1246860 1383.6
1246870 1393.1
1246880 1393.1
1246890 1401.4
1246900 1408.1
1246910 1408.1
1246920 1414.2
1246930 1420.7
1246940 1420.7
1246950 1426.4
1246960 1431.4
1246970 1431.4
1246980 1434.5
1246990 1438.0
1247000 1438.0
1247010 1441.1
1247020 1442.0
1247030 1442.0
1247040 1442.2
1247050 1442.6
1247060 1442.6
1247070 1445.2
1247080 1451.8
1247090 1451.8
1247100 1458.4
1247110 1462.6
1247120 1462.6
1247130 1464.0
1247140 1464.2
1247150 1464.2
1247160 1462.3
1247170 1461.7
1247180 1464.8
1247190 1464.8
1247200 1471.2
1247210 1479.7
1247220 1479.7
1247230 1485.5
1247240 1485.4
1247250 1485.4
1247260 1487.0
1247270 1491.4
1247280 1491.4
1247290 1491.9
1247300 1490.2
1247310 1490.2
1247320 1487.5
1247330 1487.2
1247340 1487.2
1247350 1487.9
1247360 1482.7
1247370 1482.7
1247380 1484.6
1247390 1482.4
1247400 1482.4
1247410 1484.8
1247420 1484.4
1247430 1484.4
1247440 1476.9
1247450 1470.5
1247460 1470.5
1247470 1467.9
1247480 1465.0
1247490 1460.9
1247500 1460.9
1247510 1457.9
1247520 1455.7
1247530 1455.7
1247540 1453.2
1247550 1454.2
1247560 1454.2
1247570 1454.5
1247580 1452.4
1247590 1452.4
1247600 1446.9
1247610 1444.2
1247620 1444.2
1247630 1444.3
1247640 1445.6
1247650 1445.6
1247660 1449.5
1247670 1456.9
1247680 1456.9
1247690 1464.7
1247700 1470.9
1247710 1470.9
1247720 1472.9
1247730 1472.8
1247740 1472.8
1247750 1473.2
1247760 1473.8
1247770 1474.3
1247780 1474.3
1247790 1474.9
1247800 1475.1
1247810 1475.1
1247820 1475.5
1247830 1476.8
1247840 1476.8
1247850 1480.8
1247860 1486.1
1247870 1486.1
1247880 1492.5
1247890 1499.2
1247900 1499.2
1247910 1505.4
1247920 1509.7
1247930 1509.7
1247940 1516.6
1247950 1524.9
1247960 1524.9
1247970 1534.8
1247980 1546.9
1247990 1546.9
1248000 1557.3
1248010 1565.2
1248020 1565.2
1248030 1571.6
1248040 1580.9
1248050 1580.9
1248060 1592.4
1248070 1603.0
1248080 1613.5
1248090 1613.5
1248100 1622.8
1248110 1629.1
1248120 1629.1
1248130 1629.8
1248140 1625.5
1248150 1625.5
1248160 1625.8
1248170 1633.2
1248180 1633.2
1248190 1643.5
1248200 1651.7
1248210 1651.7
1248220 1661.2
1248230 1673.4
1248240 1673.4
1248250 1681.9
1248260 1688.2
1248270 1688.2
1248280 1696.2
1248290 1702.3
1248300 1702.3
1248310 1707.9
1248320 1713.4
1248330 1713.4
1248340 1719.5
1248350 1725.9
1248360 1725.9
1248370 1731.0
1248380 1736.1
1248390 1741.8
1248400 1741.8
1248410 1747.6
1248420 1752.9
1248430 1752.9
1248440 1758.7
1248450 1764.4
1248460 1768.5
1248470 1774.5
1248480 1780.4
1248490 1780.4
1248500 1787.3
1248510 1795.0
1248520 1795.0
1248530 1802.6
1248540 1808.6
1248550 1808.6
1248560 1814.0
1248570 1819.5
1248580 1819.5
1248590 1825.4
1248600 1831.4
1248610 1831.4
1248620 1837.1
1248630 1842.6
1248640 1842.6
1248650 1848.5
1248660 1854.3
1248670 1854.3
1248680 1860.5
1248690 1866.8
1248700 1873.2
1248710 1873.2
1248720 1879.4
1248730 1885.7
1248740 1885.7
1248750 1892.6
1248760 1899.1
1248770 1899.1
1248780 1905.6
1248790 1912.0
1248800 1912.0
1248810 1918.9
1248820 1925.2
1248830 1925.2
1248840 1930.9
1248850 1936.0
1248860 1936.0
1248870 1939.2
1248880 1940.5
1248890 1940.5
1248900 1941.1
1248910 1942.8
1248920 1942.8
1248930 1941.7
1248940 1939.6
1248950 1939.6
1248960 1936.9
1248970 1935.3
1248980 1935.3
1248990 1934.5
1249000 1946.6
1249010 1949.3
1249020 1949.3
1249030 1949.1
1249040 1946.6
1249050 1946.6
1249060 1942.5
1249070 1945.4
1249080 1945.4
1249090 1946.1
1249100 1948.5
1249110 1948.5
1249120 1944.6
1249130 1945.1
1249140 1945.1
1249150 1949.7
1249160 1956.6
1249170 1956.6
1249180 1963.6
1249190 1969.2
1249200 1969.2
1249210 1974.6
1249220 1978.7
1249230 1978.7
1249240 1982.8
1249250 1990.4
1249260 1990.4
1249270 1996.4
1249280 2002.2
1249290 2009.0
1249300 2009.0
1249310 2016.3
1249320 2023.7
1249330 2023.7
1249340 2030.2
1249350 2035.3
1249360 2035.3
1249370 2032.9
1249380 2026.2
1249390 2026.2
1249400 2019.0
1249410 2012.1
1249420 2012.1
1249430 2005.2
1249440 1997.8
1249450 1997.8
1249460 1990.3
1249470 1983.3
1249480 1983.3
1249490 1976.6
1249500 1970.0
1249510 1970.0
1249520 1963.5
1249530 1955.9
1249540 1958.2
1249550 1950.0
1249560 1941.8
1249570 1941.8
1249580 1933.2
1249590 1925.8
1249600 1918.9
1249610 1918.9
1249620 1912.9
1249630 1907.3
1249640 1907.3
1249650 1900.8
1249660 1895.6
1249670 1895.6
1249680 1890.1
1249690 1883.6
1249700 1883.6
1249710 1876.2
1249720 1870.8
1249730 1870.8
1249740 1866.0
1249750 1859.9
1249760 1859.9
1249770 1854.7
1249780 1848.7
1249790 1848.7
1249800 1841.6
1249810 1834.0
1249820 1834.0
1249830 1826.8
1249840 1819.2
1249850 1819.2
1249860 1810.4
1249870 1801.8
1249880 1801.8
1249890 1793.8
1249900 1785.6
1249910 1778.1
1249920 1778.1
1249930 1771.0
1249940 1764.3
1249950 1764.3
1249960 1758.1
1249970 1752.4
1249980 1752.4
1249990 1748.6
1250000 1746.2
1250010 1746.2
1250020 1742.0
1250030 1736.5
1250040 1736.5
1250050 1730.7
1250060 1724.5
1250070 1724.5
1250080 1718.4
1250090 1713.2
1250100 1713.2
1250110 1706.9
1250120 1700.7
1250130 1700.7
1250140 1694.3
1250150 1687.8
1250160 1687.8
1250170 1681.3
1250180 1674.7
1250190 1674.7
1250200 1667.8
1250210 1661.3
1250220 1655.8
1250230 1655.8
1250240 1651.2
1250250 1647.2
1250260 1647.2
1250270 1643.4
1250280 1640.4
1250290 1640.4
1250300 1639.1
1250310 1637.6
1250320 1637.6
1250330 1634.0
1250340 1629.4
1250350 1629.4
1250360 1625.2
1250370 1621.8
1250380 1621.8
1250390 1618.2
1250400 1614.2
1250410 1614.2
1250420 1608.6
1250430 1602.2
1250440 1602.2
1250450 1596.9
1250460 1594.9
1250470 1594.9
1250480 1594.3
1250490 1592.5
1250500 1592.5
1250510 1590.5
1250520 1590.0
1250530 1591.3
1250540 1591.3
1250550 1593.2
1250560 1594.6
1250570 1594.6
1250580 1594.6
1250590 1596.7
1250600 1596.7
1250610 1595.6
1250620 1600.2
1250630 1610.2
1250640 1607.8
1250650 1603.5
1250660 1603.5
1250670 1600.1
1250680 1596.8
1250690 1596.8
1250700 1592.9
1250710 1589.4
1250720 1589.4
1250730 1586.2
1250740 1582.1
1250750 1582.1
1250760 1576.9
1250770 1570.3
1250780 1570.3
1250790 1564.7
1250800 1561.8
1250810 1555.3
1250820 1555.3
1250830 1551.6
1250840 1549.3
1250850 1549.3
1250860 1547.0
1250870 1544.1
1250880 1544.1
1250890 1540.2
1250900 1537.3
1250910 1537.3
1250920 1533.4
1250930 1528.6
1250940 1528.6
1250950 1524.3
1250960 1519.4
1250970 1519.4
1250980 1511.5
1250990 1501.7
1251000 1501.7
1251010 1495.2
1251020 1487.5
1251030 1487.5
1251040 1481.4
1251050 1476.6
1251060 1476.6
1251070 1469.5
1251080 1461.0
1251090 1461.0
1251100 1455.0
1251110 1449.5
1251120 1446.9
1251130 1446.9
1251140 1444.6
1251150 1438.2
1251160 1438.2
1251170 1433.1
1251180 1429.4
1251190 1429.4
1251200 1421.3
1251210 1412.5
1251220 1412.5
1251230 1405.4
1251240 1395.9
1251250 1395.9
1251260 1382.5
1251270 1373.4
1251280 1373.4
1251290 1366.0
1251300 1358.8
1251310 1358.8
1251320 1353.0
1251330 1347.1
1251340 1347.1
1251350 1341.0
1251360 1335.1
1251370 1335.1
1251380 1328.7
1251390 1321.5
1251400 1321.5
1251410 1316.9
1251420 1313.9
1251430 1310.4
1251440 1310.4
1251450 1305.8
1251460 1301.5
1251470 1301.5
1251480 1297.2
1251490 1293.0
1251500 1293.0
1251510 1288.9
1251520 1284.3
1251530 1284.3
1251540 1278.3
1251550 1269.9
1251560 1269.9
1251570 1260.9
1251580 1254.1
1251590 1254.1
1251600 1248.3
1251610 1241.6
1251620 1241.6
1251630 1234.0
1251640 1226.7
1251650 1226.7
1251660 1219.5
1251670 1213.5
1251680 1213.5
1251690 1207.7
1251700 1200.2
1251710 1200.2
1251720 1193.8
1251730 1181.7
1251740 1177.8
1251750 1177.8
1251760 1173.7
1251770 1167.9
1251780 1167.9
1251790 1160.6
1251800 1152.2
1251810 1152.2
1251820 1144.1
1251830 1139.5
1251840 1139.5
1251850 1136.1
1251860 1131.4
1251870 1131.4
1251880 1128.1
1251890 1127.0
1251900 1127.0
1251910 1126.2
1251920 1123.5
1251930 1123.5
1251940 1119.4
1251950 1115.4
1251960 1115.4
1251970 1111.7
1251980 1107.9
1251990 1107.9
1252000 1104.9
1252010 1103.0
1252020 1103.0
1252030 1100.7
1252040 1098.2
1252050 1094.8
1252060 1094.8
1252070 1090.9
1252080 1088.9
1252090 1088.9
1252100 1086.4
1252110 1082.1
1252120 1082.1
1252130 1079.4
1252140 1077.1
1252150 1077.1
1252160 1074.4
1252170 1069.6
1252180 1069.6
1252190 1063.9
1252200 1059.2
1252210 1059.2
1252220 1056.1
1252230 1051.8
1252240 1051.8
1252250 1046.1
1252260 1041.0
1252270 1047.5
1252280 1043.7
1252290 1041.1
1252300 1041.1
1252310 1036.0
1252320 1030.9
1252330 1026.3
1252340 1026.3
1252350 1021.3
1252360 1015.5
1252370 1015.5
1252380 1009.4
1252390 1004.8
1252400 1004.8
1252410 1001.4
1252420 998.8
1252430 998.8
1252440 996.7
1252450 994.1
1252460 994.1
1252470 990.9
1252480 987.5
1252490 987.5
1252500 983.8
1252510 981.9
1252520 981.9
1252530 979.4
1252540 976.9
1252550 976.9
1252560 973.6
1252570 968.6
1252580 968.6
1252590 962.9
1252600 957.6
1252610 957.6
1252620 953.0
1252630 950.0
1252640 947.3
1252650 947.3
1252660 945.0
1252670 943.5
1252680 943.5
1252690 942.7
1252700 942.3
1252710 942.3
1252720 942.3
1252730 942.4
1252740 942.4
1252750 942.5
1252760 942.6
1252770 942.6
1252780 942.7
1252790 942.8
1252800 942.8
1252810 942.8
1252820 942.9
1252830 942.9
1252840 943.0
1252850 943.1
1252860 943.1
1252870 943.2
1252880 943.2
1252890 943.2
1252900 943.3
1252910 943.3
1252920 943.3
1252930 943.5
1252940 943.6
1252950 943.6
1252960 943.6
1252970 943.6
1252980 943.7
1252990 943.7
1253000 943.7
1253010 943.9
1253020 943.9
1253030 943.9
1253040 943.9
1253050 943.9
1253060 944.0
1253070 944.2
1253080 944.2
1253090 944.2
1253100 944.3
1253110 944.3
1253120 944.4
1253130 944.5
1253140 944.5
1253150 944.7
1253160 944.8
1253170 944.8
1253180 945.0
1253190 945.2
1253200 945.2
1253210 945.4
1253220 945.4
1253230 945.4
1253240 945.5
1253250 945.6
1253260 945.8
1253270 945.8
1253280 945.9
1253290 946.0
1253300 946.0
1253310 946.1
1253320 946.3
1253330 946.3
1253340 946.5
1253350 946.7
1253360 946.7
1253370 946.8
1253380 946.9
1253390 946.9
1253400 947.1
1253410 947.3
1253420 947.3
1253430 947.4
1253440 947.6
1253450 947.6
1253460 947.8
1253470 947.9
1253480 947.9
1253490 948.1
1253500 948.3
1253510 948.3
1253520 948.6
1253530 948.7
1253540 948.7
1253550 948.9
1253560 949.1
1253570 949.3
1253580 949.3
1253590 949.4
1253600 949.6
1253610 949.6
1253620 949.8
1253630 949.9
1253640 949.9
1253650 950.0
1253660 950.3
1253670 950.3
1253680 950.6
1253690 950.8
1253700 950.8
1253710 951.1
1253720 951.4
1253730 951.4
1253740 951.5
1253750 950.4
1253760 950.4
1253770 949.4
1253780 949.4
1253790 949.4
1253800 949.3
1253810 948.8
1253820 948.8
1253830 948.9
1253840 949.4
1253850 949.5
1253860 949.5
1253870 949.5
1253880 949.4
1253890 949.4
1253900 949.7
1253910 950.0
1253920 950.0
1253930 950.1
1253940 950.3
1253950 950.3
1253960 950.3
1253970 949.4
1253980 949.4
1253990 949.0
1254000 948.6
1254010 948.6
1254020 948.0
1254030 948.0
1254040 948.0
1254050 948.1
1254060 948.4
1254070 948.4
1254080 948.5
1254090 948.4
1254100 948.4
1254110 950.2
1254120 950.8
1254130 950.8
1254140 951.0
1254150 951.3
1254160 951.3
1254170 951.3
1254180 951.3
1254190 951.5
1254200 951.5
1254210 951.9
1254220 951.5
1254230 951.5
1254240 951.5
1254250 953.8
1254260 953.8
1254270 954.5
1254280 954.4
1254290 954.4
1254300 954.4
1254310 954.5
1254320 954.5
1254330 954.6
1254340 954.7
1254350 954.7
1254360 954.7
1254370 954.7
1254380 954.7
1254390 955.7
1254400 960.6
1254410 960.6
1254420 968.7
1254430 980.0
1254440 980.0
1254450 989.7
1254460 996.9
1254470 1003.4
1254480 1002.3
1254490 1009.1
1254500 1016.6
1254510 1016.6
1254520 1023.8
1254530 1030.7
1254540 1030.7
1254550 1043.2
1254560 1063.1
1254570 1063.1
1254580 1077.8
1254590 1087.7
1254600 1087.7
1254610 1095.2
1254620 1103.7
1254630 1103.7
1254640 1113.6
1254650 1130.1
1254660 1130.1
1254670 1142.0
1254680 1149.2
1254690 1149.2
1254700 1155.1
1254710 1161.3
1254720 1161.3
1254730 1168.7
1254740 1176.2
1254750 1176.2
1254760 1183.8
1254770 1192.9
1254780 1202.1
1254790 1202.1
1254800 1209.5
1254810 1217.1
1254820 1217.1
1254830 1225.9
1254840 1238.4
1254850 1238.4
1254860 1252.5
1254870 1259.5
1254880 1259.5
1254890 1267.2
1254900 1278.2
1254910 1278.2
1254920 1291.7
1254930 1302.3
1254940 1302.3
1254950 1309.6
1254960 1317.5
1254970 1317.5
1254980 1323.8
1254990 1330.2
1255000 1330.2
1255010 1337.1
1255020 1343.1
1255030 1343.1
1255040 1338.6
1255050 1337.4
1255060 1337.4
1255070 1338.8
1255080 1337.9
1255090 1334.2
1255100 1334.2
1255110 1332.6
1255120 1333.5
1255130 1333.5
1255140 1334.3
1255150 1336.2
1255160 1336.2
1255170 1332.6
1255180 1331.2
1255190 1331.2
1255200 1333.2
1255210 1337.3
1255220 1337.3
1255230 1345.6
1255240 1355.5
1255250 1355.5
1255260 1362.1
1255270 1374.2
1255280 1374.2
1255290 1386.9
1255300 1399.3
1255310 1399.3
1255320 1406.2
1255330 1414.3
1255340 1414.3
1255350 1426.2
1255360 1445.8
1255370 1474.9
1255380 1474.9
1255390 1497.5
1255400 1504.9
1255410 1504.9
1255420 1509.2
1255430 1510.4
1255440 1510.4
1255450 1516.7
1255460 1527.4
1255470 1527.4
1255480 1535.3
1255490 1538.3
1255500 1538.3
1255510 1543.2
1255520 1550.4
1255530 1550.4
1255540 1559.2
1255550 1570.4
1255560 1570.4
1255570 1580.6
1255580 1592.9
1255590 1594.5
1255600 1601.5
1255610 1608.7
1255620 1608.7
1255630 1616.4
1255640 1623.6
1255650 1623.6
1255660 1631.1
1255670 1640.2
1255680 1649.0
1255690 1649.0
1255700 1655.1
1255710 1669.1
1255720 1669.1
1255730 1681.9
1255740 1695.4
1255750 1695.4
1255760 1716.3
1255770 1736.5
1255780 1736.5
1255790 1748.5
1255800 1755.9
1255810 1755.9
1255820 1764.6
1255830 1774.8
1255840 1774.8
1255850 1786.0
1255860 1795.2
1255870 1795.2
1255880 1804.2
1255890 1812.8
1255900 1812.8
1255910 1819.3
1255920 1823.8
1255930 1823.8
1255940 1827.5
1255950 1830.1
1255960 1830.1
1255970 1834.0
1255980 1840.2
1255990 1847.3
1256000 1847.3
1256010 1855.1
1256020 1865.0
1256030 1865.0
1256040 1874.6
1256050 1884.5
1256060 1884.5
1256070 1891.8
1256080 1898.0
1256090 1898.0
1256100 1902.6
1256110 1903.0
1256120 1903.0
1256130 1900.7
1256140 1897.8
1256150 1891.5
1256160 1885.4
1256170 1877.7
1256180 1877.7
1256190 1871.7
1256200 1865.8
1256210 1865.8
1256220 1861.5
1256230 1857.2
1256240 1857.2
1256250 1852.9
1256260 1848.8
1256270 1848.8
1256280 1844.9
1256290 1841.3
1256300 1838.1
1256310 1838.1
1256320 1835.4
1256330 1832.6
1256340 1832.6
1256350 1829.9
1256360 1826.3
1256370 1826.3
1256380 1822.8
1256390 1819.5
1256400 1819.5
1256410 1815.6
1256420 1811.9
1256430 1811.9
1256440 1808.5
1256450 1803.6
1256460 1803.6
1256470 1797.7
1256480 1792.0
1256490 1792.0
1256500 1788.3
1256510 1784.0
1256520 1784.0
1256530 1780.5
1256540 1777.1
1256550 1777.1
1256560 1774.6
1256570 1773.5
1256580 1773.5
1256590 1773.3
1256600 1773.1
1256610 1773.1
1256620 1773.1
1256630 1772.6
1256640 1771.6
1256650 1771.6
1256660 1771.8
1256670 1772.0
1256680 1772.0
1256690 1771.1
1256700 1769.6
1256710 1764.4
1256720 1762.3
1256730 1759.5
1256740 1759.5
1256750 1757.0
1256760 1755.0
1256770 1755.0
1256780 1753.0
1256790 1750.9
1256800 1750.9
1256810 1749.3
1256820 1747.0
1256830 1747.0
1256840 1744.3
1256850 1742.0
1256860 1742.0
1256870 1739.0
1256880 1734.0
1256890 1727.1
1256900 1727.1
1256910 1720.7
1256920 1714.9
1256930 1714.9
1256940 1710.4
1256950 1706.3
1256960 1706.3
1256970 1702.3
1256980 1699.1
1256990 1699.1
1257000 1695.3
1257010 1691.5
1257020 1691.5
1257030 1687.4
1257040 1683.2
1257050 1683.2
1257060 1677.6
1257070 1670.4
1257080 1670.4
1257090 1661.7
1257100 1653.5
1257110 1653.5
1257120 1645.8
1257130 1640.7
1257140 1640.7
1257150 1639.7
1257160 1639.2
1257170 1639.2
1257180 1637.2
1257190 1634.1
1257200 1627.8
1257210 1627.8
1257220 1619.3
1257230 1609.6
1257240 1609.6
1257250 1600.4
1257260 1593.3
1257270 1586.9
1257280 1579.7
1257290 1574.8
1257300 1574.8
1257310 1569.8
1257320 1563.6
1257330 1563.6
1257340 1554.7
1257350 1542.9
1257360 1542.9
1257370 1533.3
1257380 1524.8
1257390 1524.8
1257400 1512.4
1257410 1489.4
1257420 1489.4
1257430 1474.6
1257440 1458.5
1257450 1458.5
1257460 1446.2
1257470 1432.3
1257480 1432.3
1257490 1424.8
1257500 1416.9
1257510 1410.7
1257520 1410.7
1257530 1399.7
1257540 1370.2
1257550 1370.2
1257560 1353.9
1257570 1353.1
1257580 1353.1
1257590 1349.9
1257600 1345.0
1257610 1345.0
1257620 1339.1
1257630 1331.4
1257640 1331.4
1257650 1320.4
1257660 1312.4
1257670 1312.4
1257680 1304.9
1257690 1280.8
1257700 1280.8
1257710 1235.3
1257720 1225.4
1257730 1225.4
1257740 1218.6
1257750 1216.2
1257760 1216.2
1257770 1215.8
1257780 1215.7
1257790 1215.7
1257800 1215.1
1257810 1215.0
1257820 1216.1
1257830 1216.1
1257840 1212.3
1257850 1210.0
1257860 1210.0
1257870 1207.7
1257880 1205.3
1257890 1205.3
1257900 1203.6
1257910 1202.1
1257920 1202.1
1257930 1200.1
1257940 1197.5
1257950 1197.5
1257960 1194.5
1257970 1190.9
1257980 1190.9
1257990 1187.7
1258000 1184.0
1258010 1184.0
1258020 1180.2
1258030 1176.7
1258040 1176.7
1258050 1173.5
1258060 1170.0
1258070 1170.0
1258080 1166.5
1258090 1162.9
1258100 1159.2
1258110 1159.2
1258120 1155.4
1258130 1151.8
1258140 1151.8
1258150 1148.0
1258160 1143.9
1258170 1143.9
1258180 1140.0
1258190 1135.8
1258200 1135.8
1258210 1132.0
1258220 1128.3
1258230 1128.3
1258240 1124.5
1258250 1120.4
1258260 1120.4
1258270 1117.1
1258280 1114.4
1258290 1114.4
1258300 1110.6
1258310 1105.1
1258320 1105.1
1258330 1099.2
1258340 1094.8
1258350 1094.8
1258360 1093.1
1258370 1092.6
1258380 1092.6
1258390 1092.0
1258400 1091.8
1258410 1091.5
1258420 1091.5
1258430 1091.4
1258440 1091.7
1258450 1091.7
1258460 1091.3
1258470 1091.3
1258480 1091.3
1258490 1091.5
1258500 1092.2
1258510 1092.2
1258520 1093.0
1258530 1094.9
1258540 1094.9
1258550 1098.3
1258560 1103.9
1258570 1103.9
1258580 1109.9
1258590 1115.7
1258600 1115.7
1258610 1120.9
1258620 1125.6
1258630 1125.6
1258640 1130.5
1258650 1135.8
1258660 1135.8
1258670 1141.0
1258680 1145.3
1258690 1145.3
1258700 1148.4
1258710 1153.0
1258720 1158.9
1258730 1158.9
1258740 1165.2
1258750 1170.5
1258760 1170.5
1258770 1180.3
1258780 1197.7
1258790 1197.7
1258800 1207.8
1258810 1214.3
1258820 1214.3
1258830 1220.2
1258840 1218.1
1258850 1218.1
1258860 1219.0
1258870 1223.4
1258880 1223.4
1258890 1233.8
1258900 1245.7
1258910 1245.7
1258920 1248.9
1258930 1251.7
1258940 1251.7
1258950 1263.0
1258960 1281.4
1258970 1281.4
1258980 1289.8
1258990 1297.4
1259000 1297.4
1259010 1304.8
1259020 1311.0
1259030 1317.1
1259040 1317.1
1259050 1333.7
1259060 1362.1
1259070 1362.1
1259080 1384.5
1259090 1404.1
1259100 1404.1
1259110 1421.9
1259120 1435.9
1259130 1435.9
1259140 1445.1
1259150 1454.5
1259160 1454.5
1259170 1466.3
1259180 1479.3
1259190 1479.3
1259200 1489.0
1259210 1498.7
1259220 1498.7
1259230 1507.4
1259240 1518.7
1259250 1518.7
1259260 1529.7
1259270 1538.3
1259280 1538.3
1259290 1546.2
1259300 1554.5
1259310 1554.5
1259320 1563.5
1259330 1570.4
1259340 1576.6
1259350 1576.6
1259360 1583.6
1259370 1592.2
1259380 1592.2
1259390 1599.0
1259400 1604.3
1259410 1604.3
1259420 1608.1
1259430 1611.6
1259440 1611.6
1259450 1615.7
1259460 1619.1
1259470 1619.1
1259480 1622.8
1259490 1626.1
1259500 1626.1
1259510 1629.6
1259520 1632.7
1259530 1628.2
1259540 1629.1
1259550 1628.9
1259560 1628.9
1259570 1630.0
1259580 1629.4
1259590 1629.4
1259600 1627.8
1259610 1627.8
1259620 1628.7
1259630 1628.7
1259640 1629.2
1259650 1628.6
1259660 1628.6
1259670 1628.0
1259680 1628.0
1259690 1628.0
1259700 1630.3
1259710 1631.2
1259720 1631.2
1259730 1631.3
1259740 1631.1
1259750 1631.1
1259760 1630.7
1259770 1629.1
1259780 1629.1
1259790 1626.6
1259800 1625.4
1259810 1625.4
1259820 1624.9
1259830 1621.7
1259840 1621.7
1259850 1617.8
1259860 1614.3
1259870 1614.3
1259880 1612.1
1259890 1612.2
1259900 1612.2
1259910 1610.8
1259920 1608.0
1259930 1604.5
1259940 1604.5
1259950 1604.5
1259960 1608.5
1259970 1608.5
1259980 1610.0
1259990 1610.0
