1240000 2205.1
1240010 2205.1
1240020 2204.5
1240030 2203.2
1240040 2203.2
1240050 2202.5
1240060 2201.5
1240070 2201.5
1240080 2199.5
1240090 2197.1
1240100 2197.1
1240110 2194.7
1240120 2191.2
1240130 2191.2
1240140 2189.1
1240150 2187.8
1240160 2187.8
1240170 2186.6
1240180 2184.6
1240190 2184.6
1240200 2183.7
1240210 2182.3
1240220 2179.7
1240230 2179.7
1240240 2178.1
1240250 2177.4
1240260 2177.4
1240270 2174.5
1240280 2171.6
1240290 2171.6
1240300 2169.4
1240310 2167.5
1240320 2167.5
1240330 2167.2
1240340 2168.9
1240350 2168.9
1240360 2172.3
1240370 2175.6
1240380 2175.6
1240390 2181.2
1240400 2189.1
1240410 2189.1
1240420 2195.2
1240430 2199.3
1240440 2199.3
1240450 2204.0
1240460 2209.1
1240470 2209.1
1240480 2214.0
1240490 2219.5
1240500 2219.5
1240510 2226.0
1240520 2234.9
1240530 2245.5
1240540 2245.5
1240550 2245.6
1240560 2247.4
1240570 2247.4
1240580 2251.0
1240590 2255.5
1240600 2255.5
1240610 2260.3
1240620 2267.0
1240630 2267.0
1240640 2274.2
1240650 2279.8
1240660 2279.8
1240670 2289.6
1240680 2299.6
1240690 2299.6
1240700 2314.2
1240710 2319.9
1240720 2319.9
1240730 2324.8
1240740 2331.2
1240750 2331.2
1240760 2346.2
1240770 2354.5
1240780 2354.5
1240790 2364.2
1240800 2371.0
1240810 2371.0
1240820 2372.5
1240830 2376.3
1240840 2379.8
1240850 2379.8
1240860 2381.6
1240870 2382.7
1240880 2382.7
1240890 2384.0
1240900 2386.0
1240910 2386.0
1240920 2388.2
1240930 2392.9
1240940 2392.9
1240950 2398.1
1240960 2403.2
1240970 2403.2
1240980 2403.5
1240990 2397.1
1241000 2397.1
1241010 2391.1
1241020 2386.8
1241030 2386.8
1241040 2389.8
1241050 2397.6
1241060 2397.6
1241070 2400.5
1241080 2402.7
1241090 2402.7
1241100 2400.6
1241110 2400.9
1241120 2400.9
1241130 2408.6
1241140 2420.3
1241150 2423.5
1241160 2423.5
1241170 2423.1
1241180 2439.5
1241190 2439.5
1241200 2452.8
1241210 2457.8
1241220 2457.8
1241230 2471.8
1241240 2469.4
1241250 2469.4
1241260 2464.1
1241270 2459.2
1241280 2459.2
1241290 2455.4
1241300 2448.6
1241310 2448.6
1241320 2441.7
1241330 2427.9
1241340 2427.9
1241350 2420.0
1241360 2411.8
1241370 2411.8
1241380 2394.9
1241390 2361.6
1241400 2361.6
1241410 2344.7
1241420 2333.9
1241430 2321.3
1241440 2321.3
1241450 2306.1
1241460 2292.8
1241470 2292.8
1241480 2282.8
1241490 2280.7
1241500 2280.7
1241510 2276.8
1241520 2270.6
1241530 2270.6
1241540 2262.2
1241550 2252.6
1241560 2252.6
1241570 2244.5
1241580 2236.4
1241590 2236.4
1241600 2226.8
1241610 2216.9
1241620 2216.9
1241630 2206.6
1241640 2200.7
1241650 2200.7
1241660 2200.5
1241670 2204.3
1241680 2204.3
1241690 2203.0
1241700 2200.0
1241710 2200.0
1241720 2198.9
1241730 2197.9
1241740 2198.9
1241750 2188.5
1241760 2195.4
1241770 2203.7
1241780 2203.7
1241790 2207.7
1241800 2202.4
1241810 2202.4
1241820 2198.7
1241830 2195.3
1241840 2195.3
1241850 2183.6
1241860 2181.4
1241870 2181.4
1241880 2186.5
1241890 2186.6
1241900 2186.6
1241910 2188.1
1241920 2187.5
1241930 2187.5
1241940 2181.1
1241950 2169.5
1241960 2169.5
1241970 2156.5
1241980 2145.7
1241990 2145.7
1242000 2137.5
1242010 2126.6
1242020 2126.6
1242030 2115.6
1242040 2105.5
1242050 2096.2
1242060 2096.2
1242070 2087.1
1242080 2078.4
1242090 2078.4
1242100 2070.2
1242110 2061.4
1242120 2061.4
1242130 2051.9
1242140 2040.0
1242150 2040.0
1242160 2025.8
1242170 2011.1
1242180 2011.1
1242190 1999.8
1242200 1988.2
1242210 1988.2
1242220 1975.1
1242230 1960.6
1242240 1960.6
1242250 1949.3
1242260 1940.3
1242270 1940.3
1242280 1934.0
1242290 1923.9
1242300 1923.9
1242310 1914.6
1242320 1904.6
1242330 1904.6
1242340 1895.6
1242350 1887.3
1242360 1877.0
1242370 1877.0
1242380 1869.0
1242390 1864.2
1242400 1864.2
1242410 1854.6
1242420 1844.9
1242430 1844.9
1242440 1834.1
1242450 1819.9
1242460 1819.9
1242470 1805.7
1242480 1794.1
1242490 1794.1
1242500 1780.0
1242510 1774.2
1242520 1774.2
1242530 1774.7
1242540 1775.0
1242550 1775.0
1242560 1764.7
1242570 1768.6
1242580 1768.6
1242590 1779.4
1242600 1779.1
1242610 1779.1
1242620 1773.4
1242630 1761.7
1242640 1761.7
1242650 1740.1
1242660 1711.5
1242670 1700.7
1242680 1700.7
1242690 1705.6
1242700 1707.4
1242710 1707.4
1242720 1708.8
1242730 1714.5
1242740 1714.5
1242750 1726.1
1242760 1727.5
1242770 1727.5
1242780 1723.8
1242790 1716.5
1242800 1716.5
1242810 1699.8
1242820 1692.1
1242830 1692.1
1242840 1682.5
1242850 1668.3
1242860 1668.3
1242870 1656.8
1242880 1642.1
1242890 1642.1
1242900 1632.1
1242910 1618.9
1242920 1618.9
1242930 1599.3
1242940 1589.8
1242950 1589.8
1242960 1582.8
1242970 1574.8
1242980 1542.7
1242990 1542.7
1243000 1512.1
1243010 1504.7
1243020 1504.7
1243030 1498.9
1243040 1493.7
1243050 1493.7
1243060 1490.9
1243070 1489.7
1243080 1489.7
1243090 1487.1
1243100 1482.5
1243110 1482.5
1243120 1473.8
1243130 1463.8
1243140 1463.8
1243150 1451.4
1243160 1437.8
1243170 1437.8
1243180 1415.7
1243190 1403.6
1243200 1403.6
1243210 1392.3
1243220 1384.1
1243230 1384.1
1243240 1378.3
1243250 1372.9
1243260 1372.9
1243270 1367.3
1243280 1361.1
1243290 1355.2
1243300 1355.2
1243310 1349.3
1243320 1342.0
1243330 1337.8
1243340 1331.1
1243350 1324.0
1243360 1324.0
1243370 1317.2
1243380 1311.5
1243390 1311.5
1243400 1305.8
1243410 1300.1
1243420 1300.1
1243430 1295.1
1243440 1290.3
1243450 1290.3
1243460 1285.8
1243470 1281.1
1243480 1281.1
1243490 1277.0
1243500 1272.5
1243510 1272.5
1243520 1267.6
1243530 1263.2
1243540 1263.2
1243550 1258.7
1243560 1254.2
1243570 1254.2
1243580 1250.5
1243590 1249.1
1243600 1248.9
1243610 1248.9
1243620 1245.2
1243630 1239.9
1243640 1239.9
1243650 1234.4
1243660 1229.3
1243670 1229.3
1243680 1224.7
1243690 1220.3
1243700 1220.3
1243710 1215.5
1243720 1210.9
1243730 1210.9
1243740 1206.4
1243750 1202.3
1243760 1202.3
1243770 1198.7
1243780 1195.3
1243790 1195.3
1243800 1192.2
1243810 1189.1
1243820 1189.1
1243830 1186.3
1243840 1183.6
1243850 1183.6
1243860 1179.9
1243870 1177.3
1243880 1174.7
1243890 1174.7
1243900 1171.9
1243910 1168.9
1243920 1168.9
1243930 1166.0
1243940 1163.5
1243950 1163.5
1243960 1161.2
1243970 1158.8
1243980 1158.8
1243990 1156.4
1244000 1154.2
1244010 1154.2
1244020 1152.0
1244030 1149.9
1244040 1149.9
1244050 1148.0
1244060 1146.1
1244070 1146.1
1244080 1144.5
1244090 1143.0
1244100 1143.0
1244110 1141.8
1244120 1140.9
1244130 1140.9
1244140 1139.2
1244150 1137.4
1244160 1137.4
1244170 1136.2
1244180 1135.3
1244190 1135.6
1244200 1135.6
1244210 1135.8
1244220 1136.3
1244230 1136.3
1244240 1138.4
1244250 1139.8
1244260 1139.8
1244270 1139.8
1244280 1139.4
1244290 1139.4
1244300 1139.0
1244310 1138.7
1244320 1138.7
1244330 1138.4
1244340 1138.0
1244350 1138.0
1244360 1138.2
1244370 1137.6
1244380 1137.6
1244390 1136.7
1244400 1136.0
1244410 1136.0
1244420 1131.5
1244430 1124.8
1244440 1124.8
1244450 1119.7
1244460 1116.9
1244470 1116.9
1244480 1114.0
1244490 1113.4
1244500 1110.9
1244510 1110.9
1244520 1106.8
1244530 1106.2
1244540 1106.2
1244550 1106.1
1244560 1105.4
1244570 1105.4
1244580 1102.2
1244590 1099.3
1244600 1099.3
1244610 1097.6
1244620 1095.2
1244630 1095.2
1244640 1093.1
1244650 1092.5
1244660 1092.5
1244670 1092.8
1244680 1093.1
1244690 1093.1
1244700 1093.0
1244710 1093.3
1244720 1093.3
1244730 1094.2
1244740 1095.0
1244750 1095.0
1244760 1095.2
1244770 1095.6
1244780 1095.6
1244790 1096.6
1244800 1100.2
1244810 1105.2
1244820 1105.2
1244830 1110.5
1244840 1114.2
1244850 1114.2
1244860 1114.0
1244870 1113.0
1244880 1113.0
1244890 1111.3
1244900 1109.0
1244910 1109.0
1244920 1106.7
1244930 1105.1
1244940 1105.1
1244950 1103.6
1244960 1101.6
1244970 1101.6
1244980 1099.6
1244990 1097.0
1245000 1097.0
1245010 1093.3
1245020 1090.4
1245030 1090.4
1245040 1088.6
1245050 1087.4
1245060 1087.4
1245070 1084.7
1245080 1079.9
1245090 1079.9
1245100 1076.2
1245110 1075.7
1245120 1075.6
1245130 1075.6
1245140 1076.8
1245150 1079.1
1245160 1079.1
1245170 1078.8
1245180 1078.1
1245190 1078.1
1245200 1077.4
1245210 1076.5
1245220 1076.5
1245230 1075.4
1245240 1074.6
1245250 1074.6
1245260 1073.8
1245270 1072.9
1245280 1072.9
1245290 1072.0
1245300 1071.1
1245310 1071.1
1245320 1070.4
1245330 1069.5
1245340 1069.5
1245350 1068.8
1245360 1067.9
1245370 1067.9
1245380 1067.1
1245390 1066.5
1245400 1066.5
1245410 1066.0
1245420 1065.4
1245430 1064.7
1245440 1064.7
1245450 1064.1
1245460 1063.6
1245470 1063.6
1245480 1063.2
1245490 1062.7
1245500 1062.7
1245510 1062.3
1245520 1062.0
1245530 1062.0
1245540 1061.7
1245550 1061.6
1245560 1061.6
1245570 1061.5
1245580 1061.4
1245590 1061.4
1245600 1061.3
1245610 1061.2
1245620 1061.2
1245630 1061.1
1245640 1061.0
1245650 1061.0
1245660 1060.9
1245670 1060.7
1245680 1060.7
1245690 1060.6
1245700 1060.5
1245710 1060.5
1245720 1060.3
1245730 1060.3
1245740 1060.2
1245750 1060.2
1245760 1060.0
1245770 1059.9
1245780 1059.9
1245790 1059.9
1245800 1059.8
1245810 1059.8
1245820 1059.6
1245830 1059.5
1245840 1059.5
1245850 1059.5
1245860 1059.6
1245870 1059.6
1245880 1059.7
1245890 1059.7
1245900 1059.7
1245910 1059.9
1245920 1060.0
1245930 1060.0
1245940 1060.1
1245950 1059.9
1245960 1059.9
1245970 1059.7
1245980 1059.3
1245990 1059.3
1246000 1059.6
1246010 1059.6
1246020 1059.6
1246030 1059.3
1246040 1059.2
1246050 1059.2
1246060 1059.2
1246070 1059.2
1246080 1059.1
1246090 1059.1
1246100 1058.7
1246110 1058.5
1246120 1058.5
1246130 1058.6
1246140 1059.1
1246150 1059.1
1246160 1059.2
1246170 1059.4
1246180 1059.4
1246190 1059.6
1246200 1059.5
1246210 1059.5
1246220 1059.5
1246230 1059.3
1246240 1059.3
1246250 1058.6
1246260 1058.0
1246270 1058.0
1246280 1057.5
1246290 1056.9
1246300 1056.9
1246310 1056.1
1246320 1055.9
1246330 1055.9
1246340 1055.9
1246350 1055.8
1246360 1055.7
1246370 1055.7
1246380 1055.5
1246390 1055.1
1246400 1055.1
1246410 1054.8
1246420 1054.6
1246430 1054.6
1246440 1054.5
1246450 1054.6
1246460 1054.6
1246470 1054.7
1246480 1054.7
1246490 1054.7
1246500 1055.0
1246510 1056.4
1246520 1056.4
1246530 1063.4
1246540 1066.5
1246550 1066.5
1246560 1069.5
1246570 1071.5
1246580 1071.5
1246590 1073.0
1246600 1073.5
1246610 1073.5
1246620 1073.5
1246630 1076.2
1246640 1078.3
1246650 1078.3
1246660 1078.6
1246670 1078.4
1246680 1078.4
1246690 1080.8
1246700 1086.8
1246710 1086.8
1246720 1092.6
1246730 1096.8
1246740 1096.8
1246750 1100.3
1246760 1103.5
1246770 1103.5
1246780 1106.7
1246790 1109.9
1246800 1109.9
1246810 1113.0
1246820 1116.4
1246830 1116.4
1246840 1119.8
1246850 1122.8
1246860 1122.8
1246870 1125.4
1246880 1127.3
1246890 1127.3
1246900 1128.4
1246910 1129.3
1246920 1129.3
1246930 1129.5
1246940 1127.5
1246950 1123.9
1246960 1123.9
1246970 1124.4
1246980 1129.2
1246990 1129.2
1247000 1131.7
1247010 1131.7
1247020 1131.7
1247030 1131.6
1247040 1132.2
1247050 1132.2
1247060 1133.0
1247070 1137.3
1247080 1137.3
1247090 1138.0
1247100 1138.0
1247110 1138.0
1247120 1137.8
1247130 1137.7
1247140 1137.7
1247150 1137.4
1247160 1137.7
1247170 1137.7
1247180 1138.2
1247190 1139.8
1247200 1139.8
1247210 1140.3
1247220 1139.7
1247230 1139.7
1247240 1142.5
1247250 1145.2
1247260 1147.6
1247270 1147.6
1247280 1149.9
1247290 1149.6
1247300 1149.6
1247310 1150.2
1247320 1150.2
1247330 1150.2
1247340 1150.4
1247350 1149.4
1247360 1149.4
1247370 1148.8
1247380 1150.4
1247390 1150.4
1247400 1155.0
1247410 1161.3
1247420 1161.3
1247430 1169.8
1247440 1183.8
1247450 1183.8
1247460 1192.4
1247470 1197.5
1247480 1197.5
1247490 1201.3
1247500 1203.2
1247510 1203.2
1247520 1203.4
1247530 1205.0
1247540 1205.0
1247550 1209.6
1247560 1214.1
1247570 1218.9
1247580 1218.9
1247590 1219.7
1247600 1221.7
1247610 1228.2
1247620 1237.0
1247630 1251.0
1247640 1251.0
1247650 1257.5
1247660 1261.2
1247670 1261.2
1247680 1261.0
1247690 1263.9
1247700 1263.9
1247710 1268.2
1247720 1268.5
1247730 1268.5
1247740 1268.4
1247750 1269.7
1247760 1269.7
1247770 1272.2
1247780 1277.6
1247790 1277.6
1247800 1282.4
1247810 1285.3
1247820 1285.3
1247830 1291.5
1247840 1297.3
1247850 1297.3
1247860 1304.9
1247870 1309.4
1247880 1312.3
1247890 1312.3
1247900 1314.0
1247910 1316.6
1247920 1316.6
1247930 1321.9
1247940 1325.0
1247950 1325.0
1247960 1328.4
1247970 1331.4
1247980 1331.4
1247990 1334.9
1248000 1337.1
1248010 1337.1
1248020 1340.8
1248030 1345.3
1248040 1345.3
1248050 1351.9
1248060 1360.0
1248070 1360.0
1248080 1363.7
1248090 1365.3
1248100 1365.3
1248110 1369.5
1248120 1370.6
1248130 1370.6
1248140 1371.3
1248150 1384.3
1248160 1384.3
1248170 1388.4
1248180 1388.4
1248190 1388.6
1248200 1388.6
1248210 1391.3
1248220 1397.2
1248230 1397.2
1248240 1395.1
1248250 1392.5
1248260 1392.5
1248270 1393.6
1248280 1397.2
1248290 1397.2
1248300 1399.7
1248310 1401.9
1248320 1401.9
1248330 1402.1
1248340 1402.3
1248350 1402.3
1248360 1405.1
1248370 1408.4
1248380 1408.4
1248390 1412.3
1248400 1410.2
1248410 1410.2
1248420 1405.0
1248430 1400.3
1248440 1400.3
1248450 1400.7
1248460 1403.2
1248470 1411.3
1248480 1411.3
1248490 1420.9
1248500 1429.1
1248510 1429.1
1248520 1441.0
1248530 1455.6
1248540 1455.6
1248550 1464.6
1248560 1469.4
1248570 1469.4
1248580 1472.3
1248590 1476.0
1248600 1476.0
1248610 1479.0
1248620 1479.8
1248630 1479.8
1248640 1481.2
1248650 1483.9
1248660 1483.9
1248670 1487.0
1248680 1490.9
1248690 1499.0
1248700 1500.8
1248710 1504.3
1248720 1504.3
1248730 1508.5
1248740 1512.8
1248750 1512.8
1248760 1518.1
1248770 1522.8
1248780 1526.4
1248790 1526.4
1248800 1528.5
1248810 1532.2
1248820 1532.2
1248830 1535.2
1248840 1543.1
1248850 1543.1
1248860 1550.8
1248870 1560.8
1248880 1560.8
1248890 1569.3
1248900 1578.1
1248910 1578.1
1248920 1584.3
1248930 1588.1
1248940 1588.1
1248950 1589.7
1248960 1591.0
1248970 1591.0
1248980 1596.0
1248990 1597.0
1249000 1597.0
1249010 1588.5
1249020 1582.6
1249030 1582.6
1249040 1593.8
1249050 1610.8
1249060 1610.8
1249070 1620.3
1249080 1624.4
1249090 1629.5
1249100 1629.5
1249110 1634.6
1249120 1636.9
1249130 1636.9
1249140 1639.7
1249150 1646.4
1249160 1646.4
1249170 1651.3
1249180 1651.2
1249190 1651.2
1249200 1656.0
1249210 1663.2
1249220 1663.2
1249230 1677.4
1249240 1682.7
1249250 1682.7
1249260 1686.1
1249270 1688.5
1249280 1688.5
1249290 1691.1
1249300 1692.2
1249310 1692.2
1249320 1694.9
1249330 1700.9
1249340 1700.9
1249350 1707.6
1249360 1712.9
1249370 1712.9
1249380 1715.7
1249390 1718.5
1249400 1723.4
1249410 1723.4
1249420 1725.2
1249430 1729.6
1249440 1729.6
1249450 1733.5
1249460 1737.6
1249470 1737.6
1249480 1742.0
1249490 1746.0
1249500 1746.0
1249510 1750.0
1249520 1756.8
1249530 1756.8
1249540 1761.8
1249550 1765.0
1249560 1765.0
1249570 1760.7
1249580 1760.1
1249590 1760.1
1249600 1768.7
1249610 1780.1
1249620 1780.1
1249630 1790.9
1249640 1801.0
1249650 1801.0
1249660 1808.5
1249670 1814.9
1249680 1814.9
1249690 1821.4
1249700 1827.7
1249710 1834.4
1249720 1834.4
1249730 1842.9
1249740 1853.3
1249750 1853.3
1249760 1863.9
1249770 1874.1
1249780 1874.1
1249790 1884.5
1249800 1898.1
1249810 1898.1
1249820 1910.1
1249830 1916.6
1249840 1916.6
1249850 1924.2
1249860 1933.0
1249870 1933.0
1249880 1941.4
1249890 1950.0
1249900 1950.0
1249910 1958.5
1249920 1966.8
1249930 1966.8
1249940 1968.9
1249950 1964.5
1249960 1964.5
1249970 1957.1
1249980 1948.0
1249990 1948.0
1250000 1939.8
1250010 1932.3
1250020 1923.8
1250030 1923.8
1250040 1914.5
1250050 1905.9
1250060 1905.9
1250070 1898.6
1250080 1891.8
1250090 1891.8
1250100 1886.0
1250110 1880.7
1250120 1880.7
1250130 1876.0
1250140 1872.2
1250150 1872.2
1250160 1868.5
1250170 1866.2
1250180 1866.2
1250190 1864.9
1250200 1861.9
1250210 1861.9
1250220 1858.1
1250230 1851.3
1250240 1851.3
1250250 1843.6
1250260 1836.9
1250270 1836.9
1250280 1831.9
1250290 1827.3
1250300 1827.3
1250310 1822.1
1250320 1810.8
1250330 1805.3
1250340 1805.3
1250350 1799.6
1250360 1794.6
1250370 1794.6
1250380 1790.4
1250390 1787.0
1250400 1787.0
1250410 1782.6
1250420 1776.1
1250430 1776.1
1250440 1768.6
1250450 1761.9
1250460 1761.9
1250470 1755.9
1250480 1748.5
1250490 1748.5
1250500 1739.8
1250510 1730.3
1250520 1730.3
1250530 1722.9
1250540 1714.7
1250550 1714.7
1250560 1706.2
1250570 1697.9
1250580 1697.9
1250590 1690.7
1250600 1684.6
1255350 1592.7
1255360 1592.7
1255370 1596.0
1255380 1602.2
1255390 1602.2
1255400 1609.7
1255410 1617.4
1255420 1617.4
1255430 1624.8
1255440 1633.5
1255450 1633.5
1255460 1645.2
1255470 1653.5
1255480 1653.5
1255490 1659.3
1255500 1664.0
1255510 1668.7
1255520 1668.7
1255530 1674.5
1255540 1680.9
1255550 1680.9
1255560 1688.1
1255570 1695.6
1255580 1695.6
1255590 1702.5
1255600 1709.5
1255610 1709.5
1255620 1716.3
1255630 1723.5
1255640 1723.5
1255650 1730.2
1255660 1736.6
1255670 1736.6
1255680 1744.3
1255690 1751.5
1255700 1751.5
1255710 1758.1
1255720 1764.5
1255730 1764.5
1255740 1771.2
1255750 1778.9
1255760 1778.9
1255770 1788.4
1255780 1797.0
1255790 1797.0
1255800 1804.8
1255810 1812.6
1255820 1820.2
1255830 1819.8
1255840 1826.9
1255850 1835.0
1255860 1835.0
1255870 1843.4
1255880 1858.9
1255890 1858.9
1255900 1868.3
1255910 1875.1
1255920 1875.1
1255930 1880.5
1255940 1884.7
1255950 1884.7
1255960 1886.5
1255970 1888.3
1255980 1888.3
1255990 1890.5
1256000 1893.0
1256010 1893.0
1256020 1896.4
1256030 1900.2
1256040 1900.2
1256050 1904.8
1256060 1909.6
1256070 1909.6
1256080 1914.6
1256090 1921.5
1256100 1921.5
1256110 1928.9
1256120 1936.6
1256130 1945.5
1256140 1945.5
1256150 1955.9
1256160 1966.9
1256170 1966.9
1256180 1977.0
1256190 1985.2
1256200 1985.2
1256210 1995.3
1256220 2004.8
1256230 2004.8
1256240 2013.4
1256250 2022.0
1256260 2022.0
1256270 2030.9
1256280 2038.9
1256290 2038.9
1256300 2047.8
1256310 2057.6
1256320 2057.6
1256330 2067.0
1256340 2070.3
1256350 2070.3
1256360 2067.2
1256370 2065.3
1256380 2065.3
1256390 2061.7
1256400 2068.4
1256410 2068.4
1256420 2076.0
1256430 2080.8
1256440 2083.9
1256450 2083.9
1256460 2088.8
1256470 2095.5
1256480 2095.5
1256490 2102.9
1256500 2110.6
1256510 2110.6
1256520 2117.0
1256530 2116.5
1256540 2116.5
1256550 2110.9
1256560 2104.6
1256570 2104.6
1256580 2098.1
1256590 2091.2
1256600 2091.2
1256610 2084.7
1256620 2078.3
1256630 2078.3
1256640 2072.3
1256650 2066.2
1256660 2066.2
1256670 2060.9
1256680 2055.0
1256690 2055.0
1256700 2048.4
1256710 2042.3
1256720 2042.3
1256730 2036.8
1256740 2031.8
1256750 2027.1
1256760 2027.1
1256770 2022.4
1256780 2018.0
1256790 2018.0
1256800 2014.4
1256810 2010.2
1256820 2010.2
1256830 2006.1
1256840 2002.4
1256850 2002.4
1256860 1998.1
1256870 1994.4
1256880 1994.4
1256890 1991.3
1256900 1988.1
1256910 1988.1
1256920 1983.2
1256930 1978.7
1256940 1978.7
1256950 1969.0
1256960 1964.2
1256970 1964.2
1256980 1960.0
1256990 1956.1
1257000 1956.1
1257010 1952.8
1257020 1951.4
1257030 1950.1
1257040 1950.1
1257050 1948.9
1257060 1947.7
1257070 1947.7
1257080 1944.8
1257090 1942.0
1257100 1942.0
1257110 1940.1
1257120 1938.7
1257130 1938.7
1257140 1936.8
1257150 1933.6
1257160 1933.6
1257170 1929.3
1257180 1925.2
1257190 1925.2
1257200 1921.2
1257210 1917.3
1257220 1917.3
1257230 1913.2
1257240 1908.3
1257250 1908.3
1257260 1902.5
1257270 1897.1
1257280 1897.1
1257290 1893.0
1257300 1889.2
1257310 1889.2
1257320 1885.2
1257330 1882.0
1257340 1879.2
1257350 1879.2
1257360 1875.1
1257370 1871.3
1257380 1871.3
1257390 1868.7
1257400 1868.0
1257410 1868.0
1257420 1866.9
1257430 1864.6
1257440 1864.6
1257450 1859.7
1257460 1854.0
1257470 1854.0
1257480 1847.4
1257490 1839.6
1257500 1839.6
1257510 1825.1
1257520 1817.8
1257530 1817.8
1257540 1811.5
1257550 1807.1
1257560 1807.1
1257570 1802.4
1257580 1795.7
1257590 1795.7
1257600 1789.3
1257610 1785.8
1257620 1785.8
1257630 1782.6
1257640 1778.4
1257650 1774.9
1257660 1774.9
1257670 1767.5
1257680 1759.3
1257690 1759.3
1257700 1752.1
1257710 1743.0
1257720 1743.0
1257730 1732.6
1257740 1722.7
1257750 1722.7
1257760 1713.6
1257770 1703.7
1257780 1703.7
1257790 1691.6
1257800 1668.9
1257810 1668.9
1257820 1655.9
1257830 1644.1
1257840 1644.1
1257850 1635.3
1257860 1629.0
1257870 1629.0
1257880 1624.2
1257890 1619.6
1257900 1619.6
1257910 1614.4
1257920 1602.9
1257930 1602.9
1257940 1590.2
1257950 1582.6
1257960 1573.3
1257970 1573.3
1257980 1559.1
1257990 1542.5
1258000 1542.5
1258010 1530.6
1258020 1522.3
1258030 1522.3
1258040 1523.3
1258050 1519.0
1258060 1519.0
1258070 1508.3
1258080 1503.0
1258090 1503.0
1258100 1497.4
1258110 1491.7
1258120 1491.7
1258130 1485.6
1258140 1478.7
1258150 1478.7
1258160 1476.4
1258170 1477.1
1258180 1477.1
1258190 1476.4
1258200 1475.2
1258210 1475.2
1258220 1474.1
1258230 1470.4
1258240 1470.4
1258250 1465.7
1258260 1461.4
1258270 1457.2
1258280 1457.2
1258290 1453.2
1258300 1449.4
1258310 1449.4
1258320 1444.1
1258330 1437.9
1258340 1437.9
1258350 1431.4
1258360 1422.3
1258370 1422.3
1258380 1401.6
1258390 1380.8
1258400 1380.8
1258410 1369.4
1258420 1357.7
1258430 1357.7
1258440 1347.2
1258450 1340.5
1258460 1340.5
1258470 1333.4
1258480 1325.6
1258490 1325.6
1258500 1316.9
1258510 1307.5
1258520 1307.5
1258530 1294.2
1258540 1282.3
1258550 1282.3
1258560 1270.1
1258570 1258.5
1258580 1248.3
1258590 1248.3
1258600 1240.2
1258610 1234.0
1258620 1234.0
1258630 1225.4
1258640 1209.7
1258650 1209.7
1258660 1199.1
1258670 1187.8
1258680 1187.8
1258690 1178.3
1258700 1173.4
1258710 1173.4
1258720 1168.9
1258730 1164.1
1258740 1164.1
1258750 1159.0
1258760 1154.0
1258770 1154.0
1258780 1149.9
1258790 1145.8
1258800 1145.8
1258810 1142.1
1258820 1138.6
1258830 1138.6
1258840 1135.0
1258850 1131.9
1258860 1131.9
1258870 1129.8
1258880 1128.4
1258890 1126.5
1258900 1126.5
1258910 1121.6
1258920 1115.2
1258930 1115.2
1258940 1110.4
1258950 1109.2
1258960 1109.2
1258970 1109.3
1258980 1109.5
1258990 1109.5
1259000 1109.5
1259010 1109.3
1259020 1109.3
1259030 1109.2
1259040 1109.0
1259050 1109.0
1259060 1109.1
1259070 1109.1
1259080 1109.1
1259090 1109.1
1259100 1108.4
1259110 1108.4
1259120 1108.5
1259130 1108.8
1259140 1108.8
1259150 1108.4
1259160 1107.3
1259170 1106.7
1259180 1106.7
1259190 1109.2
1259200 1121.7
1259210 1121.7
1259220 1129.3
1259230 1134.5
1259240 1134.5
1259250 1138.9
1259260 1142.8
1259270 1142.8
1259280 1146.8
1259290 1151.3
1259300 1151.3
1259310 1155.5
1259320 1159.8
1259330 1159.8
1259340 1164.5
1259350 1168.9
1259360 1168.9
1259370 1173.0
1259380 1176.8
1259390 1176.8
1259400 1180.5
1259410 1184.9
1259420 1184.9
1259430 1190.0
1259440 1194.9
1259450 1194.9
1259460 1199.5
1259470 1204.1
1259480 1208.7
1259490 1208.7
1259500 1213.2
1259510 1217.7
1259520 1217.7
1259530 1222.0
1259540 1226.8
1259550 1226.8
1259560 1231.4
1259570 1235.5
1259580 1235.5
1259590 1239.6
1259600 1243.6
1259610 1243.6
1259620 1247.9
1259630 1252.5
1259640 1252.5
1259650 1257.3
1259660 1261.7
1259670 1261.7
1259680 1266.1
1259690 1270.5
1259700 1270.5
1259710 1274.9
1259720 1278.8
1259730 1278.8
1259740 1282.8
1259750 1287.0
1259760 1287.0
1259770 1293.3
1259780 1297.1
1259790 1303.1
1259800 1303.1
1259810 1307.4
1259820 1311.8
1259830 1311.8
1259840 1318.8
1259850 1325.3
1259860 1325.3
1259870 1331.9
1259880 1338.4
1259890 1338.4
1259900 1345.4
1259910 1351.9
1259920 1351.9
1259930 1358.0
1259940 1364.6
1259950 1364.6
1259960 1371.6
1259970 1377.5
1259980 1377.5
1259990 1382.5
