1240000 2203.9
1240010 2203.9
1240020 2201.1
1240030 2199.3
1240040 2199.3
1240050 2197.0
1240060 2194.3
1240070 2194.3
1240080 2191.1
1240090 2189.6
1240100 2189.6
1240110 2188.0
1240120 2186.8
1240130 2186.3
1240140 2186.3
1240150 2184.8
1240160 2182.7
1240170 2182.7
1240180 2180.2
1240190 2177.7
1240200 2177.7
1240210 2176.5
1240220 2175.8
1240230 2175.8
1240240 2174.4
1240250 2172.3
1240260 2172.3
1240270 2168.3
1240280 2163.5
1240290 2163.5
1240300 2161.2
1240310 2159.8
1240320 2159.8
1240330 2158.0
1240340 2155.2
1240350 2155.2
1240360 2152.8
1240370 2152.3
1240380 2156.8
1240390 2156.8
1240400 2156.4
1240410 2156.4
1240420 2156.3
1240430 2157.3
1240440 2159.3
1240450 2159.3
1240460 2162.5
1240470 2165.3
1240480 2165.3
1240490 2168.9
1240500 2172.2
1240510 2172.2
1240520 2174.3
1240530 2182.4
1240540 2182.4
1240550 2195.2
1240560 2214.3
1240570 2214.3
1240580 2228.4
1240590 2234.8
1240600 2234.8
1240610 2237.6
1240620 2238.3
1240630 2238.3
1240640 2241.1
1240650 2246.5
1240660 2246.5
1240670 2253.2
1240680 2257.4
1240690 2257.4
1240700 2260.7
1240710 2264.7
1240720 2264.7
1240730 2266.9
1240740 2270.8
1240750 2276.8
1240760 2276.8
1240770 2294.2
1240780 2309.1
1240790 2309.1
1240800 2310.6
1240810 2312.1
1240820 2312.1
1240830 2314.9
1240840 2318.9
1240850 2318.9
1240860 2322.3
1240870 2323.9
1240880 2323.9
1240890 2329.0
1240900 2352.3
1240910 2352.3
1240920 2356.1
1240930 2358.7
1240940 2358.7
1240950 2367.1
1240960 2374.6
1240970 2374.6
1240980 2369.7
1240990 2364.0
1241000 2364.0
1241010 2359.5
1241020 2355.8
1241030 2355.8
1241040 2355.8
1241050 2356.6
1241060 2355.9
1241070 2355.9
1241080 2359.6
1241090 2363.4
1241100 2363.4
1241110 2369.7
1241120 2397.4
1241130 2397.4
1241140 2420.1
1241150 2417.4
1241160 2417.4
1241170 2412.6
1241180 2407.6
1241190 2407.6
1241200 2405.8
1241210 2402.1
1241220 2402.1
1241230 2405.1
1241240 2410.1
1241250 2410.1
1241260 2416.0
1241270 2420.6
1241280 2420.6
1241290 2424.6
1241300 2424.0
1241310 2424.0
1241320 2415.2
1241330 2395.4
1241340 2395.4
1241350 2377.3
1241360 2363.1
1241370 2353.0
1241380 2353.0
1241390 2347.7
1241400 2350.2
1241410 2350.2
1241420 2331.4
1241430 2326.6
1241440 2326.6
1241450 2326.0
1241460 2323.2
1241470 2323.2
1241480 2321.4
1241490 2320.4
1241500 2320.4
1241510 2314.2
1241520 2301.4
1241530 2301.4
1241540 2287.3
1241550 2269.6
1241560 2269.6
1241570 2254.9
1241580 2243.7
1241590 2243.7
1241600 2237.7
1241610 2234.4
1241620 2234.4
1241630 2230.7
1241640 2227.0
1241650 2227.6
1241660 2227.6
1241670 2229.9
1241680 2232.2
1241690 2232.2
1241700 2233.5
1241710 2230.4
1241720 2230.4
1241730 2226.1
1241740 2228.8
1241750 2228.8
1241760 2232.5
1241770 2236.6
1241780 2236.6
1241790 2237.5
1241800 2234.5
1241810 2234.5
1241820 2233.1
1241830 2231.1
1241840 2231.1
1241850 2230.0
1241860 2223.7
1241870 2223.7
1241880 2214.4
1241890 2204.0
1241900 2204.0
1241910 2192.7
1241920 2180.4
1241930 2180.4
1241940 2166.7
1241950 2156.2
1241960 2146.3
1241970 2146.3
1241980 2136.2
1241990 2125.0
1242000 2125.0
1242010 2111.0
1242020 2100.0
1242030 2100.0
1242040 2090.6
1242050 2082.7
1242060 2082.7
1242070 2075.4
1242080 2066.9
1242090 2066.9
1242100 2058.2
1242110 2050.5
1242120 2050.5
1242130 2043.1
1242140 2033.4
1242150 2033.4
1242160 2017.9
1242170 2003.0
1242180 2003.0
1242190 1992.1
1242200 1981.5
1242210 1981.5
1242220 1970.5
1242230 1960.5
1242240 1960.5
1242250 1951.5
1242260 1944.1
1242270 1933.7
1242280 1933.7
1242290 1925.7
1242300 1926.2
1242310 1926.2
1242320 1927.6
1242330 1924.3
1242340 1924.3
1242350 1920.6
1242360 1917.9
1242370 1917.9
1242380 1914.6
1242390 1905.7
1242400 1905.7
1242410 1893.2
1242420 1875.1
1242430 1875.1
1242440 1855.4
1242450 1840.4
1242460 1840.4
1242470 1834.1
1242480 1822.9
1242490 1822.9
1242500 1822.4
1242510 1818.0
1242520 1818.0
1242530 1813.5
1242540 1817.1
1242550 1817.1
1242560 1821.3
1242570 1821.5
1242580 1812.8
1242590 1812.8
1242600 1802.9
1242610 1787.7
1242620 1787.7
1242630 1756.9
1242640 1729.7
1242650 1729.7
1242660 1733.8
1242670 1739.2
1242680 1739.2
1242690 1745.5
1242700 1751.8
1242710 1751.8
1242720 1761.0
1242730 1754.4
1242740 1754.4
1242750 1742.3
1242760 1733.6
1242770 1733.6
1242780 1724.2
1242790 1713.0
1242800 1713.0
1242810 1702.8
1242820 1687.2
1242830 1687.2
1242840 1676.4
1242850 1679.3
1242860 1679.3
1242870 1681.3
1242880 1677.6
1242890 1680.6
1242900 1680.6
1242910 1679.0
1242920 1672.2
1242930 1672.2
1242940 1662.1
1242950 1649.1
1242960 1649.1
1242970 1634.2
1242980 1621.2
1242990 1621.2
1243000 1570.1
1243010 1545.5
1243020 1545.5
1243030 1538.9
1243040 1546.7
1243050 1546.7
1243060 1546.5
1243070 1532.9
1243080 1532.9
1243090 1521.4
1243100 1514.4
1243110 1514.4
1243120 1505.6
1243130 1489.2
1243140 1489.2
1243150 1468.4
1243160 1452.8
1243170 1452.8
1243180 1428.2
1243190 1420.0
1243200 1412.1
1243210 1412.1
1243220 1399.6
1243230 1394.9
1243240 1394.9
1243250 1391.7
1243260 1389.7
1243270 1389.7
1243280 1388.8
1243290 1387.9
1243300 1387.9
1243310 1384.4
1243320 1376.2
1243330 1376.2
1243340 1366.0
1243350 1353.2
1243360 1353.2
1243370 1338.7
1243380 1331.2
1243390 1331.2
1243400 1325.0
1243410 1319.5
1243420 1319.5
1243430 1314.3
1243440 1309.5
1243450 1309.5
1243460 1304.9
1243470 1300.3
1243480 1300.3
1243490 1295.7
1243500 1291.2
1243510 1286.7
1243520 1286.7
1243530 1277.4
1243540 1272.6
1243550 1272.6
1243560 1268.2
1243570 1263.8
1243580 1263.8
1243590 1258.8
1243600 1252.7
1243610 1252.7
1243620 1246.3
1243630 1240.1
1243640 1240.1
1243650 1234.9
1243660 1230.0
1243670 1230.0
1243680 1225.6
1243690 1221.3
1243700 1221.3
1243710 1217.1
1243720 1212.8
1243730 1212.8
1243740 1208.7
1243750 1205.3
1243760 1205.3
1243770 1201.8
1243780 1198.3
1243790 1198.3
1243800 1195.2
1243810 1192.1
1243820 1189.2
1243830 1189.2
1243840 1186.3
1243850 1183.2
1243860 1183.2
1243870 1180.2
1243880 1177.6
1243890 1177.6
1243900 1174.9
1243910 1172.2
1243920 1172.2
1243930 1169.6
1243940 1166.9
1243950 1166.9
1243960 1163.9
1243970 1160.9
1243980 1160.9
1243990 1158.1
1244000 1155.3
1244010 1155.3
1244020 1153.0
1244030 1151.0
1244040 1151.0
1244050 1149.0
1244060 1146.6
1244070 1146.6
1244080 1144.7
1244090 1143.0
1244100 1141.3
1244110 1141.3
1244120 1139.1
1244130 1136.0
1244140 1136.0
1244150 1133.4
1244160 1131.7
1244170 1131.7
1244180 1130.5
1244190 1129.5
1244200 1129.5
1244210 1128.9
1244220 1128.4
1244230 1128.4
1244240 1128.6
1244250 1129.3
1244260 1129.3
1244270 1131.3
1244280 1132.8
1244290 1132.8
1244300 1133.1
1244310 1134.3
1244320 1134.3
1244330 1135.0
1244340 1135.3
1244350 1135.3
1244360 1136.6
1244370 1133.7
1244380 1133.7
1244390 1127.3
1244400 1120.7
1244410 1114.8
1244420 1114.8
1244430 1109.4
1244440 1104.7
1244450 1104.7
1244460 1100.6
1244470 1096.9
1244480 1096.9
1244490 1094.9
1244500 1094.2
1244510 1094.2
1244520 1093.8
1244530 1093.6
1244540 1093.6
1244550 1093.4
1244560 1093.3
1244570 1093.3
1244580 1093.3
1244590 1093.3
1244600 1093.2
1244610 1093.3
1244620 1093.9
1244630 1093.9
1244640 1095.0
1244650 1097.2
1244660 1097.2
1244670 1098.6
1244680 1098.8
1244690 1098.8
1244700 1098.4
1244710 1098.1
1244720 1098.7
1244730 1098.7
1244740 1102.3
1244750 1105.5
1244760 1105.5
1244770 1109.2
1244780 1112.0
1244790 1112.0
1244800 1114.3
1244810 1117.0
1244820 1117.0
1244830 1118.1
1244840 1117.6
1244850 1117.6
1244860 1116.8
1244870 1116.0
1244880 1116.0
1244890 1114.8
1244900 1113.6
1244910 1113.6
1244920 1112.2
1244930 1110.5
1244940 1110.5
1244950 1109.3
1244960 1108.4
1244970 1108.4
1244980 1107.7
1244990 1106.1
1245000 1106.1
1245010 1103.2
1245020 1100.2
1245030 1097.6
1245040 1097.6
1245050 1095.5
1245060 1093.1
1245070 1093.1
1245080 1090.5
1245090 1087.9
1245100 1087.9
1245110 1084.3
1245120 1079.4
1245130 1075.5
1245140 1074.2
1245150 1074.1
1245160 1074.1
1245170 1076.2
1245180 1077.3
1245190 1077.3
1245200 1076.4
1245210 1075.5
1245220 1075.5
1245230 1074.6
1245240 1073.8
1245250 1073.8
1245260 1073.1
1245270 1072.3
1245280 1072.3
1245290 1071.4
1245300 1070.4
1245310 1070.4
1245320 1069.5
1245330 1068.6
1245340 1067.8
1245350 1067.8
1245360 1066.9
1245370 1066.2
1245380 1066.2
1245390 1065.6
1245400 1065.3
1245410 1065.3
1245420 1064.8
1245430 1064.2
1245440 1064.2
1245450 1063.8
1245460 1063.3
1245470 1063.3
1245480 1062.7
1245490 1062.3
1245500 1062.3
1245510 1062.4
1245520 1062.4
1245530 1062.4
1245540 1062.2
1245550 1062.0
1245560 1062.0
1245570 1061.9
1245580 1061.9
1245590 1061.9
1245600 1061.8
1245610 1061.7
1245620 1061.7
1245630 1061.7
1245640 1061.7
1245650 1061.6
1245660 1061.6
1245670 1061.3
1245680 1061.0
1245690 1061.0
1245700 1061.0
1245710 1060.7
1245720 1060.7
1245730 1060.5
1245740 1060.4
1245750 1060.4
1245760 1060.2
1245770 1060.1
1245780 1060.1
1245790 1060.0
1245800 1059.9
1245810 1059.9
1245820 1059.9
1245830 1059.8
1245840 1059.8
1245850 1059.8
1245860 1059.7
1245870 1059.7
1245880 1059.7
1245890 1059.7
1245900 1059.7
1245910 1059.5
1245920 1059.4
1245930 1059.4
1245940 1059.5
1245950 1059.9
1245960 1059.9
1245970 1059.9
1245980 1059.4
1245990 1059.1
1246000 1059.1
1246010 1058.7
1246020 1058.7
1246030 1058.7
1246040 1059.0
1246050 1059.1
1246060 1059.1
1246070 1059.1
1246080 1059.2
1246090 1059.2
1246100 1059.0
1246110 1058.7
1246120 1058.7
1246130 1058.5
1246140 1058.5
1246150 1058.5
1246160 1058.3
1246170 1058.3
1246180 1058.3
1246190 1058.4
1246200 1058.8
1246210 1058.8
1246220 1058.9
1246230 1058.4
1246240 1058.4
1246250 1058.3
1246260 1058.2
1246270 1058.3
1246280 1058.3
1246290 1058.2
1246300 1057.8
1246310 1057.8
1246320 1057.7
1246330 1057.7
1246340 1057.7
1246350 1058.0
1246360 1057.9
1246370 1057.9
1246380 1057.3
1246390 1056.8
1246400 1056.8
1246410 1056.1
1246420 1055.8
1246430 1055.8
1246440 1055.4
1246450 1055.2
1246460 1055.2
1246470 1054.9
1246480 1054.4
1246490 1054.4
1246500 1054.1
1246510 1053.9
1246520 1053.9
1246530 1053.8
1246540 1053.8
1246550 1053.8
1246560 1053.8
1246570 1054.1
1246580 1054.6
1246590 1054.6
1246600 1055.8
1246610 1059.2
1246620 1059.2
1246630 1063.2
1246640 1066.4
1246650 1066.4
1246660 1069.3
1246670 1071.7
1246680 1071.7
1246690 1072.6
1246700 1073.7
1246710 1073.7
1246720 1075.7
1246730 1081.5
1246740 1081.5
1246750 1083.8
1246760 1086.4
1246770 1086.4
1246780 1089.1
1246790 1091.5
1246800 1091.5
1246810 1094.2
1246820 1097.1
1246830 1097.1
1246840 1099.8
1246850 1102.5
1246860 1105.0
1246870 1105.0
1246880 1107.3
1246890 1109.6
1246900 1109.6
1246910 1111.6
1246920 1112.5
1246930 1112.5
1246940 1111.1
1246950 1109.2
1246960 1109.2
1246970 1111.8
1246980 1118.1
1246990 1118.1
1247000 1122.3
1247010 1122.8
1247020 1122.8
1247030 1123.0
1247040 1123.3
1247050 1123.3
1247060 1123.4
1247070 1123.9
1247080 1123.9
1247090 1123.5
1247100 1122.9
1247110 1122.9
1247120 1122.0
1247130 1120.7
1247140 1120.7
1247150 1119.7
1247160 1120.8
1247170 1122.0
1247180 1122.0
1247190 1124.1
1247200 1127.5
1247210 1127.5
1247220 1130.6
1247230 1132.9
1247240 1132.9
1247250 1135.0
1247260 1136.1
1247270 1139.9
1247280 1140.2
1247290 1141.4
1247300 1141.4
1247310 1141.7
1247320 1141.8
1247330 1141.8
1247340 1142.0
1247350 1141.4
1247360 1141.4
1247370 1140.3
1247380 1139.8
1247390 1139.8
1247400 1142.6
1247410 1147.9
1247420 1147.9
1247430 1154.3
1247440 1159.4
1247450 1159.4
1247460 1165.4
1247470 1177.1
1247480 1182.7
1247490 1182.7
1247500 1183.7
1247510 1184.8
1247520 1184.8
1247530 1185.8
1247540 1187.1
1247550 1187.1
1247560 1189.6
1247570 1194.2
1247580 1194.2
1247590 1202.0
1247600 1207.0
1247610 1207.0
1247620 1210.6
1247630 1213.8
1247640 1213.8
1247650 1217.4
1247660 1220.6
1247670 1220.6
1247680 1222.9
1247690 1225.7
1247700 1225.7
1247710 1228.7
1247720 1231.9
1247730 1231.9
1247740 1233.4
1247750 1235.8
1247760 1235.8
1247770 1237.7
1247780 1241.5
1247790 1246.4
1247800 1246.4
1247810 1258.2
1247820 1263.1
1247830 1263.1
1247840 1268.6
1247850 1272.2
1247860 1272.2
1247870 1276.3
1247880 1280.5
1247890 1280.5
1247900 1283.1
1247910 1286.3
1247920 1286.3
1247930 1290.1
1247940 1296.8
1247950 1296.8
1247960 1302.2
1247970 1304.9
1247980 1304.9
1247990 1308.6
1248000 1314.4
1248010 1314.4
1248020 1316.7
1248030 1316.4
1248040 1316.4
1248050 1316.1
1248060 1318.0
1248070 1318.0
1248080 1321.9
1248090 1326.3
1248100 1330.9
1248110 1330.9
1248120 1335.0
1248130 1337.9
1248140 1337.9
1248150 1341.0
1248160 1345.5
1248170 1345.5
1248180 1347.9
1248190 1351.9
1248200 1351.9
1248210 1355.3
1248220 1357.3
1248230 1357.3
1248240 1359.3
1248250 1361.8
1248260 1361.8
1248270 1364.3
1248280 1368.0
1248290 1368.0
1248300 1371.5
1248310 1375.5
1248320 1375.5
1248330 1380.6
1248340 1379.8
1248350 1382.6
1248360 1379.7
1248370 1377.2
1248380 1377.2
1248390 1370.0
1248400 1372.1
1248410 1382.5
1248420 1382.5
1248430 1395.4
1248440 1406.8
1248450 1406.8
1248460 1416.5
1248470 1425.7
1248480 1425.7
1248490 1431.5
1248500 1436.7
1248510 1436.7
1248520 1439.9
1248530 1441.5
1248540 1441.5
1248550 1444.2
1248560 1447.2
1248570 1447.2
1248580 1451.8
1248590 1456.3
1248600 1456.3
1248610 1459.7
1248620 1461.6
1248630 1461.6
1248640 1463.7
1248650 1466.8
1248660 1466.8
1248670 1471.2
1248680 1475.0
1248690 1478.2
1248700 1478.2
1248710 1480.3
1248720 1482.5
1248730 1482.5
1248740 1485.0
1248750 1488.5
1248760 1488.5
1248770 1492.4
1248780 1495.1
1248790 1495.1
1248800 1498.1
1248810 1501.4
1248820 1501.4
1248830 1504.5
1248840 1508.2
1248850 1508.2
1248860 1512.6
1248870 1516.4
1248880 1516.4
1248890 1530.9
1248900 1536.8
1248910 1536.8
1248920 1542.1
1248930 1545.5
1248940 1545.5
1248950 1551.3
1248960 1557.1
1248970 1557.1
1248980 1564.3
1248990 1559.9
1249000 1555.8
1249010 1555.8
1249020 1571.2
1249030 1585.5
1249040 1585.5
1249050 1596.1
1249060 1600.6
1249070 1600.6
1249080 1602.3
1249090 1604.3
1249100 1604.3
1249110 1606.5
1249120 1610.7
1249130 1610.7
1249140 1615.1
1249150 1623.2
1249160 1623.2
1249170 1628.6
1249180 1626.0
1249190 1626.0
1249200 1617.9
1249210 1625.0
1249220 1625.0
1249230 1630.4
1249240 1638.9
1249250 1638.9
1249260 1648.1
1249270 1653.8
1249280 1653.8
1249290 1661.3
1249300 1670.4
1249310 1674.8
1249320 1674.8
1249330 1678.0
1249340 1680.3
1249350 1680.3
1249360 1681.4
1249370 1684.7
1249380 1684.7
1249390 1687.8
1249400 1691.6
1249410 1691.6
1249420 1695.3
1249430 1705.2
1249440 1705.2
1249450 1710.2
1249460 1715.3
1249470 1715.3
1249480 1718.2
1249490 1716.2
1249500 1716.2
1249510 1713.8
1249520 1717.4
1249530 1717.4
1249540 1724.5
1249550 1735.2
1249560 1735.2
1249570 1745.3
1249580 1753.4
1249590 1753.4
1249600 1761.8
1249610 1771.3
1249620 1778.3
1249630 1778.3
1249640 1783.3
1249650 1788.9
1249660 1788.9
1249670 1797.2
1249680 1807.0
1249690 1807.0
1249700 1817.1
1249710 1826.0
1249720 1826.0
1249730 1835.6
1249740 1845.5
1249750 1845.5
1249760 1854.9
1249770 1864.0
1249780 1864.0
1249790 1872.5
1249800 1881.2
1249810 1881.2
1249820 1891.2
1249830 1898.0
1249840 1898.0
1249850 1909.2
1249860 1918.1
1249870 1918.1
1249880 1921.7
1249890 1927.3
1249900 1927.3
1249910 1931.0
1249920 1928.0
1249930 1936.3
1249940 1936.3
1249950 1948.4
1249960 1947.2
1249970 1947.2
1249980 1948.9
1249990 1943.0
1250000 1943.0
1250010 1936.8
1250020 1930.2
1250030 1930.2
1250040 1923.8
1250050 1917.9
1250060 1917.9
1250070 1913.1
1250080 1908.5
1250090 1908.5
1250100 1903.8
1250110 1899.8
1250120 1899.8
1250130 1896.2
1250140 1892.9
1250150 1892.9
1250160 1890.5
1250170 1889.1
1250180 1889.1
1250190 1884.8
1250200 1877.5
1250210 1877.5
1250220 1870.5
1250230 1863.3
1250240 1859.1
1250250 1859.1
1250260 1856.7
1250270 1852.9
1250280 1852.9
1250290 1846.2
1250300 1840.5
1250310 1840.5
1250320 1836.7
1250330 1833.1
1250340 1833.1
1250350 1828.9
1250360 1823.0
1250370 1823.0
1250380 1816.7
1250390 1810.9
1250400 1810.9
1250410 1804.2
1250420 1796.8
1250430 1796.8
1250440 1790.2
1250450 1783.5
1250460 1783.5
1250470 1774.7
1250480 1759.9
1250490 1759.9
1250500 1746.4
1250510 1738.6
1250520 1736.0
1250530 1728.5
1250540 1720.7
1250550 1713.0
1250560 1713.0
1250570 1705.6
1250580 1698.1
1250590 1698.1
1250600 1690.7
1250610 1682.3
1250620 1682.3
1250630 1672.1
1255420 1633.7
1255430 1633.7
1255440 1641.2
1255450 1650.1
1255460 1650.1
1255470 1659.9
1255480 1667.7
1255490 1667.7
1255500 1674.0
1255510 1679.7
1255520 1679.7
1255530 1684.8
1255540 1690.7
1255550 1690.7
1255560 1698.2
1255570 1705.9
1255580 1705.9
1255590 1714.1
1255600 1719.4
1255610 1719.4
1255620 1725.8
1255630 1732.5
1255640 1732.5
1255650 1739.2
1255660 1746.1
1255670 1746.1
1255680 1752.6
1255690 1759.2
1255700 1759.2
1255710 1765.8
1255720 1772.2
1255730 1778.9
1255740 1778.9
1255750 1785.8
1255760 1793.2
1255770 1793.2
1255780 1800.6
1255790 1808.1
1255800 1808.1
1255810 1816.4
1255820 1824.7
1255830 1824.7
1255840 1833.6
1255850 1842.7
1255860 1842.7
1255870 1852.4
1255880 1862.7
1255890 1862.7
1255900 1875.7
1255910 1886.5
1255920 1886.5
1255930 1894.6
1255940 1902.2
1255950 1902.2
1255960 1909.2
1255970 1915.1
1255980 1915.1
1255990 1920.3
1256000 1923.5
1256010 1923.5
1256020 1925.3
1256030 1926.9
1256040 1922.7
1256050 1922.7
1256060 1926.6
1256070 1930.1
1256080 1930.1
1256090 1935.1
1256100 1941.8
1256110 1941.8
1256120 1947.3
1256130 1953.5
1256140 1953.5
1256150 1959.3
1256160 1963.6
1256170 1963.6
1256180 1970.3
1256190 1981.9
1256200 1981.9
1256210 1993.5
1256220 2000.5
1256230 2000.5
1256240 2006.7
1256250 2014.9
1256260 2014.9
1256270 2025.0
1256280 2034.6
1256290 2034.6
1256300 2047.7
1256310 2064.3
1256320 2064.3
1256330 2080.5
1256340 2100.2
1256350 2101.6
1256360 2101.6
1256370 2094.4
1256380 2090.6
1256390 2090.6
1256400 2091.6
1256410 2095.3
1256420 2095.3
1256430 2099.7
1256440 2106.0
1256450 2106.0
1256460 2112.8
1256470 2117.5
1256480 2117.5
1256490 2121.6
1256500 2126.9
1256510 2126.9
1256520 2131.6
1256530 2128.9
1256540 2128.9
1256550 2122.9
1256560 2116.8
1256570 2116.8
1256580 2110.8
1256590 2105.1
1256600 2100.8
1256610 2094.6
1256620 2088.4
1256630 2088.4
1256640 2082.1
1256650 2076.1
1256660 2070.4
1256670 2070.4
1256680 2065.1
1256690 2060.2
1256700 2060.2
1256710 2055.7
1256720 2051.2
1256730 2051.2
1256740 2046.7
1256750 2041.9
1256760 2041.9
1256770 2038.1
1256780 2033.1
1256790 2033.1
1256800 2027.9
1256810 2024.2
1256820 2024.2
1256830 2020.7
1256840 2017.1
1256850 2017.1
1256860 2013.3
1256870 2008.9
1256880 2008.9
1256890 2004.7
1256900 2001.4
1256910 2001.4
1256920 1998.1
1256930 1994.0
1256940 1994.0
1256950 1988.5
1256960 1982.5
1256970 1977.3
1256980 1977.3
1256990 1973.1
1257000 1969.4
1257010 1969.4
1257020 1966.8
1257030 1965.5
1257040 1965.5
1257050 1965.1
1257060 1965.5
1257070 1965.5
1257080 1963.4
1257090 1961.4
1257100 1961.4
1257110 1960.9
1257120 1960.0
1257130 1960.0
1257140 1959.7
1257150 1957.9
1257160 1951.5
1257170 1948.2
1257180 1944.2
1257190 1944.2
1257200 1939.9
1257210 1936.2
1257220 1936.2
1257230 1931.6
1257240 1925.2
1257250 1925.2
1257260 1920.2
1257270 1915.9
1257280 1912.0
1257290 1912.0
1257300 1908.4
1257310 1905.2
1257320 1905.2
1257330 1902.1
1257340 1898.2
1257350 1898.2
1257360 1893.6
1257370 1889.5
1257380 1889.5
1257390 1886.1
1257400 1883.3
1257410 1883.3
1257420 1880.2
1257430 1876.0
1257440 1876.0
1257450 1870.7
1257460 1865.6
1257470 1865.6
1257480 1860.1
1257490 1854.9
1257500 1854.9
1257510 1851.4
1257520 1849.3
1257530 1849.3
1257540 1843.1
1257550 1837.9
1257560 1832.8
1257570 1832.8
1257580 1826.4
1257590 1820.4
1257600 1820.4
1257610 1816.1
1257620 1811.1
1257630 1811.1
1257640 1804.9
1257650 1798.1
1257660 1798.1
1257670 1792.3
1257680 1785.9
1257690 1785.9
1257700 1776.7
1257710 1767.1
1257720 1760.6
1257730 1752.5
1257740 1739.8
1257750 1739.8
1257760 1729.5
1257770 1718.8
1257780 1718.8
1257790 1707.8
1257800 1696.0
1257810 1696.0
1257820 1681.6
1257830 1662.7
1257840 1662.7
1257850 1653.8
1257860 1647.4
1257870 1641.1
1257880 1641.1
1257890 1633.1
1257900 1617.0
1257910 1617.0
1257920 1594.5
1257930 1583.5
1257940 1583.5
1257950 1579.5
1257960 1573.9
1257970 1573.9
1257980 1569.1
1257990 1568.8
1258000 1568.8
1258010 1565.1
1258020 1556.7
1258030 1556.7
1258040 1549.2
1258050 1541.6
1258060 1541.6
1258070 1533.7
1258080 1524.2
1258090 1524.2
1258100 1515.7
1258110 1509.8
1258120 1509.8
1258130 1505.5
1258140 1503.6
1258150 1503.6
1258160 1503.1
1258170 1502.3
1258180 1502.8
1258190 1502.8
1258200 1503.2
1258210 1504.7
1258220 1504.7
1258230 1507.2
1258240 1507.2
1258250 1507.2
1258260 1499.1
1258270 1488.6
1258280 1480.6
1258290 1473.4
1258300 1468.3
1258310 1468.3
1258320 1463.0
1258330 1456.8
1258340 1456.8
1258350 1447.3
1258360 1439.9
1258370 1439.9
1258380 1433.5
1258390 1419.2
1258400 1419.2
1258410 1402.8
1258420 1391.0
1258430 1391.0
1258440 1379.3
1258450 1367.4
1258460 1367.4
1258470 1358.3
1258480 1349.1
1258490 1339.3
1258500 1339.3
1258510 1329.8
1258520 1318.6
1258530 1318.6
1258540 1305.8
1258550 1290.3
1258560 1290.3
1258570 1276.6
1258580 1267.5
1258590 1267.5
1258600 1260.1
1258610 1253.0
1258620 1253.0
1258630 1242.5
1258640 1230.0
1258650 1230.0
1258660 1224.1
1258670 1214.8
1258680 1214.8
1258690 1200.7
1258700 1186.4
1258710 1186.4
1258720 1178.3
1258730 1174.3
1258740 1174.3
1258750 1170.3
1258760 1165.8
1258770 1165.8
1258780 1162.0
1258790 1158.6
1258800 1155.4
1258810 1155.4
1258820 1152.4
1258830 1149.3
1258840 1149.3
1258850 1143.7
1258860 1141.7
1258870 1141.7
1258880 1138.8
1258890 1135.5
1258900 1135.5
1258910 1131.9
1258920 1128.3
1258930 1128.3
1258940 1124.0
1258950 1119.9
1258960 1119.9
1258970 1116.7
1258980 1114.8
1258990 1114.8
1259000 1113.8
1259010 1113.0
1259020 1113.0
1259030 1112.5
1259040 1111.8
1259050 1111.8
1259060 1111.2
1259070 1110.9
1259080 1110.9
1259090 1110.8
1259100 1110.8
1259110 1110.6
1259120 1110.6
1259130 1110.2
1259140 1109.4
1259150 1109.4
1259160 1108.0
1259170 1107.4
1259180 1107.4
1259190 1108.0
1259200 1109.5
1259210 1109.5
1259220 1113.4
1259230 1119.5
1259240 1119.5
1259250 1126.2
1259260 1133.4
1259270 1133.4
1259280 1140.3
1259290 1145.1
1259300 1145.1
1259310 1149.4
1259320 1153.8
1259330 1153.8
1259340 1158.1
1259350 1162.2
1259360 1162.2
1259370 1165.9
1259380 1169.7
1259390 1169.7
1259400 1173.8
1259410 1177.9
1259420 1184.2
1259430 1184.2
1259440 1188.3
1259450 1192.5
1259460 1192.5
1259470 1196.6
1259480 1200.6
1259490 1200.6
1259500 1204.9
1259510 1209.5
1259520 1209.5
1259530 1214.2
1259540 1218.8
1259550 1218.8
1259560 1223.3
1259570 1227.0
1259580 1227.0
1259590 1231.2
1259600 1235.6
1259610 1235.6
1259620 1239.8
1259630 1243.6
1259640 1243.6
1259650 1247.6
1259660 1252.5
1259670 1252.5
1259680 1256.8
1259690 1261.2
1259700 1265.9
1259710 1265.9
1259720 1270.6
1259730 1274.6
1259740 1274.6
1259750 1281.0
1259760 1288.8
1259770 1288.8
1259780 1295.0
1259790 1300.0
1259800 1300.0
1259810 1305.4
1259820 1310.9
1259830 1310.9
1259840 1316.1
1259850 1321.2
1259860 1321.2
1259870 1326.2
1259880 1331.4
1259890 1331.4
1259900 1338.0
1259910 1344.7
1259920 1344.7
1259930 1350.7
1259940 1356.0
1259950 1356.0
1259960 1360.6
1259970 1364.9
1259980 1367.2
1259990 1373.3
