1240000 2128.8
1240010 2120.1
1240020 2120.1
1240030 2114.2
1240040 2109.2
1240050 2106.3
1240060 2106.3
1240070 2104.1
1240080 2104.8
1240090 2104.8
1240100 2102.1
1240110 2091.7
1240120 2091.7
1240130 2081.4
1240140 2073.7
1240150 2073.7
1240160 2065.6
1240170 2064.6
1240180 2064.6
1240190 2066.8
1240200 2069.7
1240210 2069.7
1240220 2070.8
1240230 2074.4
1240240 2074.4
1240250 2078.1
1240260 2086.3
1240270 2086.3
1240280 2086.0
1240290 2076.9
1240300 2076.9
1240310 2072.4
1240320 2071.5
1240330 2071.5
1240340 2070.6
1240350 2068.2
1240360 2063.1
1240370 2063.1
1240380 2072.8
1240390 2075.6
1240400 2075.6
1240410 2080.4
1240420 2087.0
1240430 2087.0
1240440 2092.4
1240450 2101.4
1240460 2101.4
1240470 2104.0
1240480 2092.9
1240490 2092.9
1240500 2080.5
1240510 2070.1
1240520 2070.1
1240530 2059.0
1240540 2049.2
1240550 2049.2
1240560 2040.1
1240570 2032.5
1240580 2032.5
1240590 2025.3
1240600 2017.6
1240610 2017.6
1240620 2010.5
1240630 2005.0
1240640 2005.0
1240650 2001.2
1240660 1998.9
1240670 1998.3
1240680 1998.3
1240690 1999.7
1240700 2001.5
1240710 2001.5
1240720 2005.1
1240730 2010.6
1240740 2010.6
1240750 2017.6
1240760 2026.3
1240770 2026.3
1240780 2036.2
1240790 2045.6
1240800 2045.6
1240810 2056.5
1240820 2075.6
1240830 2075.6
1240840 2093.4
1240850 2103.6
1240860 2103.6
1240870 2114.2
1240880 2124.0
1240890 2124.0
1240900 2136.3
1240910 2145.0
1240920 2145.0
1240930 2153.4
1240940 2162.1
1240950 2162.1
1240960 2168.8
1240970 2173.8
1240980 2180.0
1240990 2180.0
1241000 2185.7
1241010 2191.6
1241020 2191.6
1241030 2198.2
1241040 2205.2
1241050 2205.2
1241060 2212.9
1241070 2220.6
1241080 2220.6
1241090 2228.8
1241100 2237.0
1241110 2237.0
1241120 2245.3
1241130 2253.5
1241140 2253.5
1241150 2260.4
1241160 2268.7
1241170 2268.7
1241180 2280.2
1241190 2293.4
1241200 2293.4
1241210 2301.8
1241220 2297.0
1241230 2297.0
1241240 2279.2
1241250 2263.0
1241260 2263.0
1241270 2236.6
1241280 2219.7
1241290 2219.7
1241300 2210.5
1241310 2206.8
1241320 2208.9
1241330 2208.9
1241340 2209.6
1241350 2206.6
1241360 2206.6
1241370 2203.9
1241380 2206.6
1241390 2206.6
1241400 2205.3
1241410 2195.1
1241420 2195.1
1241430 2179.0
1241440 2167.6
1241450 2167.6
1241460 2159.3
1241470 2153.0
1241480 2153.0
1241490 2149.3
1241500 2146.2
1241510 2146.2
1241520 2144.5
1241530 2142.9
1241540 2142.9
1241550 2138.0
1241560 2134.0
1241570 2134.0
1241580 2134.2
1241590 2136.8
1241600 2136.8
1241610 2142.2
1241620 2144.6
1241630 2146.1
1241640 2146.1
1241650 2147.7
1241660 2150.8
1241670 2150.8
1241680 2155.2
1241690 2156.2
1241700 2156.2
1241710 2150.6
1241720 2142.6
1241730 2142.6
1241740 2135.1
1241750 2127.5
1241760 2127.5
1241770 2123.0
1241780 2120.9
1241790 2120.9
1241800 2115.9
1241810 2111.1
1241820 2111.1
1241830 2112.5
1241840 2112.1
1241850 2112.1
1241860 2107.1
1241870 2102.6
1241880 2102.6
1241890 2099.0
1241900 2097.8
1241910 2097.8
1241920 2099.7
1241930 2104.6
1241940 2108.6
1241950 2108.6
1241960 2105.6
1241970 2108.7
1241980 2108.7
1241990 2109.1
1242000 2106.7
1242010 2106.7
1242020 2101.6
1242030 2098.5
1242040 2098.5
1242050 2100.0
1242060 2099.9
1242070 2099.9
1242080 2098.2
1242090 2101.7
1242100 2101.7
1242110 2105.7
1242120 2110.7
1242130 2110.7
1242140 2115.8
1242150 2121.1
1242160 2121.1
1242170 2127.3
1242180 2133.7
1242190 2133.7
1242200 2133.1
1242210 2120.7
1242220 2120.7
1242230 2110.6
1242240 2102.3
1242250 2094.9
1242260 2094.9
1242270 2091.1
1242280 2091.4
1242290 2091.4
1242300 2096.2
1242310 2096.7
1242320 2096.7
1242330 2087.6
1242340 2079.7
1242350 2079.7
1242360 2076.2
1242370 2078.2
1242380 2078.2
1242390 2080.2
1242400 2083.7
1242410 2083.7
1242420 2091.9
1242430 2095.8
1242440 2095.8
1242450 2092.8
1242460 2084.0
1242470 2084.0
1242480 2067.5
1242490 2059.4
1242500 2059.4
1242510 2057.8
1242520 2059.0
1242530 2059.0
1242540 2059.2
1242550 2057.2
1242560 2059.4
1242570 2059.4
1242580 2063.8
1242590 2070.3
1242600 2070.3
1242610 2076.7
1242620 2078.5
1242630 2078.5
1242640 2081.2
1242650 2087.3
1242660 2087.3
1242670 2091.6
1242680 2092.6
1242690 2092.6
1242700 2097.6
1242710 2105.2
1242720 2105.2
1242730 2112.3
1242740 2118.8
1242750 2118.8
1242760 2126.4
1242770 2136.4
1242780 2136.4
1242790 2149.5
1242800 2169.1
1242810 2169.1
1242820 2175.3
1242830 2182.5
1242840 2182.5
1242850 2187.9
1242860 2188.1
1242870 2189.2
1242880 2189.2
1242890 2193.1
1242900 2195.0
1242910 2195.0
1242920 2199.9
1242930 2207.8
1242940 2207.8
1242950 2215.3
1242960 2221.8
1242970 2221.8
1242980 2228.3
1242990 2227.9
1243000 2227.9
1243010 2213.1
1243020 2206.3
1243030 2206.3
1243040 2199.8
1243050 2192.8
1243060 2192.8
1243070 2187.8
1243080 2183.3
1243090 2183.3
1243100 2177.3
1243110 2172.7
1243120 2172.7
1243130 2168.1
1243140 2163.1
1243150 2163.1
1243160 2156.4
1243170 2149.9
1243180 2146.3
1243190 2146.3
1243200 2143.9
1243210 2143.2
1243220 2143.2
1243230 2143.1
1243240 2142.1
1243250 2142.1
1243260 2144.5
1243270 2145.5
1243280 2145.5
1243290 2146.4
1243300 2147.8
1243310 2147.8
1243320 2149.7
1243330 2152.2
1243340 2152.2
1243350 2156.6
1243360 2163.0
1243370 2163.0
1243380 2168.0
1243390 2172.5
1243400 2172.5
1243410 2177.1
1243420 2182.8
1243430 2182.8
1243440 2189.9
1243450 2196.9
1243460 2196.9
1243470 2203.2
1243480 2208.2
1243490 2213.0
1243500 2213.0
1243510 2218.3
1243520 2223.5
1243530 2223.5
1243540 2217.2
1243550 2214.2
1243560 2214.2
1243570 2212.2
1243580 2213.6
1243590 2213.6
1243600 2214.5
1243610 2215.5
1243620 2215.5
1243630 2212.3
1243640 2204.4
1243650 2204.4
1243660 2195.5
1243670 2183.2
1243680 2183.2
1243690 2169.3
1243700 2159.6
1243710 2159.6
1243720 2150.4
1243730 2137.9
1243740 2137.9
1243750 2119.4
1243760 2104.4
1243770 2104.4
1243780 2090.2
1243790 2081.7
1243800 2075.0
1243810 2075.0
1243820 2068.9
1243830 2063.3
1243840 2063.3
1243850 2057.8
1243860 2055.3
1243870 2055.3
1243880 2052.5
1243890 2049.1
1243900 2049.1
1243910 2046.7
1243920 2044.7
1243930 2044.7
1243940 2043.6
1243950 2043.8
1243960 2043.8
1243970 2044.6
1243980 2046.0
1243990 2046.0
1244000 2048.3
1244010 2048.6
1244020 2048.6
1244030 2047.3
1244040 2045.0
1244050 2045.0
1244060 2040.9
1244070 2032.5
1244080 2032.5
1244090 2027.7
1244100 2020.0
1244110 2010.1
1244120 2010.1
1244130 2004.0
1244140 1999.4
1244150 1999.4
1244160 1995.4
1244170 1991.1
1244180 1991.1
1244190 1986.4
1244200 1982.4
1244210 1982.4
1244220 1980.1
1244230 1979.3
1244240 1979.3
1244250 1976.7
1244260 1975.7
1244270 1975.7
1244280 1974.8
1244290 1971.6
1244300 1971.6
1244310 1968.1
1244320 1963.8
1244330 1963.8
1244340 1958.9
1244350 1959.5
1244360 1959.5
1244370 1961.4
1244380 1962.0
1244390 1962.0
1244400 1963.0
1244410 1963.1
1244420 1965.6
1244430 1965.6
1244440 1970.3
1244450 1975.1
1244460 1975.1
1244470 1978.4
1244480 1979.4
1244490 1979.4
1244500 1978.8
1244510 1974.7
1244520 1974.7
1244530 1968.0
1244540 1968.6
1244550 1968.6
1244560 1972.1
1244570 1969.8
1244580 1969.8
1244590 1965.6
1244600 1940.4
1244610 1940.4
1244620 1935.0
1244630 1930.9
1244640 1930.9
1244650 1928.9
1244660 1924.7
1244670 1924.7
1244680 1920.6
1244690 1917.8
1244700 1917.8
1244710 1914.3
1244720 1910.0
1244730 1905.8
1244740 1905.8
1244750 1898.6
1244760 1891.5
1244770 1891.5
1244780 1882.5
1244790 1873.6
1244800 1873.6
1244810 1862.8
1244820 1852.8
1244830 1852.8
1244840 1843.7
1244850 1835.4
1244860 1835.4
1244870 1826.6
1244880 1817.9
1244890 1817.9
1244900 1810.4
1244910 1804.2
1244920 1804.2
1244930 1797.8
1244940 1793.3
1244950 1793.3
1244960 1788.3
1244970 1784.4
1244980 1784.4
1244990 1781.3
1245000 1780.2
1245010 1780.2
1245020 1778.1
1245030 1775.8
1245040 1771.9
1245050 1771.9
1245060 1764.6
1245070 1755.5
1245080 1755.5
1245090 1750.8
1245100 1745.2
1245110 1745.2
1245120 1738.4
1245130 1729.0
1245140 1729.0
1245150 1722.4
1245160 1715.3
1245170 1715.3
1245180 1705.1
1245190 1690.8
1245200 1690.8
1245210 1679.2
1245220 1668.3
1245230 1668.3
1245240 1660.5
1245250 1657.7
1245260 1657.7
1245270 1659.3
1245280 1654.2
1245290 1654.2
1245300 1640.3
1245310 1624.1
1245320 1624.1
1245330 1608.8
1245340 1597.5
1245350 1587.6
1245360 1587.6
1245370 1578.6
1245380 1572.1
1245390 1572.1
1245400 1568.4
1245410 1562.6
1245420 1562.6
1245430 1556.0
1245440 1559.1
1245450 1559.1
1245460 1561.2
1245470 1561.9
1245480 1561.9
1245490 1561.0
1245500 1553.8
1245510 1553.8
1245520 1548.5
1245530 1549.1
1245540 1549.1
1245550 1548.1
1245560 1543.8
1245570 1543.8
1245580 1540.0
1245590 1538.2
1245600 1538.2
1245610 1536.8
1245620 1541.5
1245630 1541.5
1245640 1547.0
1245650 1551.2
1245660 1553.0
1245670 1544.7
1245680 1545.4
1245690 1544.0
1245700 1544.0
1245710 1545.5
1245720 1544.2
1245730 1544.2
1245740 1541.1
1245750 1538.1
1245760 1538.1
1245770 1536.9
1245780 1536.0
1245790 1536.0
1245800 1534.1
1245810 1532.6
1245820 1532.6
1245830 1530.8
1245840 1527.9
1245850 1527.9
1245860 1529.0
1245870 1528.6
1245880 1528.6
1245890 1525.3
1245900 1521.0
1245910 1521.0
1245920 1517.0
1245930 1509.9
1245940 1509.9
1245950 1505.4
1245960 1501.3
1245970 1501.8
1245980 1501.8
1245990 1509.3
1246000 1516.1
1246010 1516.1
1246020 1518.2
1246030 1516.5
1246040 1516.5
1246050 1515.9
1246060 1518.6
1246070 1518.6
1246080 1520.8
1246090 1523.8
1246100 1523.8
1246110 1526.5
1246120 1527.6
1246130 1527.6
1246140 1526.5
1246150 1522.7
1246160 1522.7
1246170 1518.7
1246180 1515.6
1246190 1515.6
1246200 1496.6
1246210 1492.8
1246220 1492.8
1246230 1487.9
1246240 1483.0
1246250 1483.0
1246260 1479.6
1246270 1475.7
1246280 1472.1
1246290 1472.1
1246300 1470.1
1246310 1469.4
1246320 1469.4
1246330 1468.6
1246340 1466.3
1246350 1466.3
1246360 1461.5
1246370 1454.5
1246380 1454.5
1246390 1450.9
1246400 1446.9
1246410 1446.9
1246420 1440.9
1246430 1431.6
1246440 1431.6
1246450 1424.1
1246460 1418.6
1246470 1418.6
1246480 1414.6
1246490 1410.3
1246500 1410.3
1246510 1405.0
1246520 1396.8
1246530 1396.8
1246540 1383.2
1246550 1371.7
1246560 1371.7
1246570 1360.0
1246580 1348.8
1246590 1340.8
1246600 1340.8
1246610 1333.1
1246620 1326.0
1246630 1326.0
1246640 1319.3
1246650 1311.7
1246660 1311.7
1246670 1302.8
1246680 1294.5
1246690 1294.5
1246700 1291.7
1246710 1289.9
1246720 1289.9
1246730 1286.7
1246740 1279.4
1246750 1279.4
1246760 1276.9
1246770 1274.3
1246780 1274.3
1246790 1271.7
1246800 1269.5
1246810 1269.5
1246820 1266.5
1246830 1262.6
1246840 1262.6
1246850 1258.7
1246860 1254.8
1246870 1254.8
1246880 1252.0
1246890 1251.1
1246900 1251.4
1246910 1251.4
1246920 1250.9
1246930 1249.3
1246940 1249.3
1246950 1246.0
1246960 1237.3
1246970 1237.3
1246980 1233.2
1246990 1230.4
1247000 1230.4
1247010 1228.6
1247020 1227.6
1247030 1227.6
1247040 1225.7
1247050 1222.1
1247060 1222.1
1247070 1217.6
1247080 1213.1
1247090 1213.1
1247100 1208.3
1247110 1204.4
1247120 1204.4
1247130 1200.8
1247140 1196.7
1247150 1196.7
1247160 1192.4
1247170 1188.7
1247180 1188.7
1247190 1185.9
1247200 1183.4
1247210 1180.6
1247220 1180.6
1247230 1177.7
1247240 1175.3
1247250 1175.3
1247260 1172.8
1247270 1170.5
1247280 1167.2
1247290 1164.9
1247300 1162.1
1247310 1162.1
1247320 1159.5
1247330 1156.0
1247340 1156.0
1247350 1153.2
1247360 1152.6
1247370 1152.6
1247380 1153.0
1247390 1153.2
1247400 1153.2
1247410 1151.8
1247420 1149.6
1247430 1149.6
1247440 1148.2
1247450 1145.7
1247460 1145.7
1247470 1142.7
1247480 1139.4
1247490 1139.4
1247500 1136.3
1247510 1133.3
1247520 1130.6
1247530 1130.6
1247540 1128.7
1247550 1126.4
1247560 1126.4
1247570 1124.1
1247580 1122.5
1247590 1122.5
1247600 1121.5
1247610 1120.4
1247620 1120.4
1247630 1119.3
1247640 1117.7
1247650 1117.7
1247660 1116.2
1247670 1114.5
1247680 1114.5
1247690 1113.0
1247700 1112.2
1247710 1112.2
1247720 1112.1
1247730 1113.4
1247740 1113.4
1247750 1115.5
1247760 1117.5
1247770 1117.5
1247780 1118.4
1247790 1118.2
1247800 1118.2
1247810 1117.1
1247820 1114.4
1247830 1114.1
1247840 1114.1
1247850 1112.8
1247860 1110.3
1247870 1110.3
1247880 1107.1
1247890 1106.6
1247900 1106.6
1247910 1106.4
1247920 1104.4
1247930 1104.4
1247940 1101.7
1247950 1100.2
1247960 1100.2
1247970 1100.0
1247980 1097.8
1247990 1097.8
1248000 1094.4
1248010 1090.6
1248020 1090.6
1248030 1087.7
1248040 1084.3
1248050 1084.3
1248060 1080.6
1248070 1079.4
1248080 1079.4
1248090 1078.3
1248100 1076.7
1248110 1076.7
1248120 1075.1
1248130 1072.7
1248140 1070.2
1248150 1070.2
1248160 1069.3
1248170 1067.7
1248180 1067.7
1248190 1064.8
1248200 1061.0
1248210 1061.0
1248220 1056.8
1248230 1052.3
1248240 1052.3
1248250 1048.2
1248260 1045.5
1248270 1045.5
1248280 1043.4
1248290 1039.9
1248300 1039.9
1248310 1036.6
1248320 1034.8
1248330 1034.8
1248340 1034.0
1248350 1033.9
1248360 1033.9
1248370 1034.0
1248380 1034.1
1248390 1034.1
1248400 1034.2
1248410 1034.1
1248420 1034.1
1248430 1033.9
1248440 1033.8
1248450 1034.3
1248460 1034.3
1248470 1034.7
1248480 1034.7
1248490 1034.7
1248500 1034.6
1248510 1034.5
1248520 1034.5
1248530 1034.3
1248540 1034.4
1248550 1034.4
1248560 1034.5
1248570 1034.6
1248580 1034.6
1248590 1034.6
1248600 1034.5
1248610 1034.5
1248620 1034.3
1248630 1034.2
1248640 1034.2
1248650 1034.2
1248660 1033.9
1248670 1033.9
1248680 1033.6
1248690 1033.5
1248700 1033.5
1248710 1033.3
1248720 1033.2
1248730 1033.2
1248740 1033.1
1248750 1033.1
1248760 1033.0
1248770 1033.0
1248780 1032.9
1248790 1032.3
1248800 1032.3
1248810 1032.1
1248820 1032.0
1248830 1032.0
1248840 1031.7
1248850 1031.4
1248860 1031.4
1248870 1030.3
1248880 1031.9
1248890 1031.9
1248900 1032.5
1248910 1032.6
1248920 1032.6
1248930 1032.7
1248940 1032.4
1248950 1032.4
1248960 1032.2
1248970 1032.2
1248980 1032.2
1248990 1032.2
1249000 1032.1
1249010 1032.1
1249020 1032.0
1249030 1032.0
1249040 1032.0
1249050 1032.0
1249060 1032.0
1249070 1032.0
1249080 1031.9
1249090 1031.8
1249100 1031.8
1249110 1031.8
1249120 1031.7
1249130 1031.7
1249140 1031.7
1249150 1031.4
1249160 1031.1
1249170 1031.1
1249180 1031.1
1249190 1031.1
1249200 1031.1
1249210 1031.2
1249220 1031.3
1249230 1031.3
1249240 1031.3
1249250 1031.2
1249260 1031.2
1249270 1031.1
1249280 1031.1
1249290 1031.1
1249300 1031.0
1249310 1030.9
1249320 1030.9
1249330 1030.8
1249340 1030.8
1249350 1030.8
1249360 1030.7
1249370 1030.7
1249380 1030.7
1249390 1030.7
1249400 1030.6
1249410 1030.6
1249420 1030.6
1249430 1030.5
1249440 1030.5
1249450 1030.5
1249460 1030.4
1249470 1030.4
1249480 1030.4
1249490 1030.4
1249500 1030.3
1249510 1030.3
1249520 1030.1
1249530 1030.2
1249540 1030.2
1249550 1030.3
1249560 1030.1
1249570 1030.1
1249580 1030.0
1249590 1029.3
1249600 1029.3
1249610 1029.7
1249620 1029.9
1249630 1029.9
1249640 1029.9
1249650 1029.8
1249660 1029.8
1249670 1029.8
1249680 1029.7
1249690 1029.7
1249700 1029.3
1249710 1029.1
1249720 1029.5
1249730 1029.5
1249740 1030.0
1249750 1029.9
1249760 1029.9
1249770 1029.8
1249780 1030.1
1249790 1030.1
1249800 1033.1
1249810 1038.0
1249820 1038.0
1249830 1043.4
1249840 1049.5
1249850 1049.5
1249860 1056.3
1249870 1064.1
1249880 1064.1
1249890 1072.8
1249900 1082.2
1249910 1082.2
1249920 1091.4
1249930 1101.5
1249940 1101.5
1249950 1113.5
1249960 1124.0
1249970 1124.0
1249980 1132.9
1249990 1142.9
1250000 1142.9
1250010 1151.5
1250020 1159.2
1250030 1166.7
1250040 1166.7
1250050 1174.6
1250060 1182.2
1250070 1182.2
1250080 1190.1
1250090 1198.1
1250100 1198.1
1250110 1206.9
1250120 1219.2
1250130 1219.2
1250140 1233.1
1250150 1246.3
1250160 1246.3
1250170 1257.3
1250180 1268.1
1250190 1268.1
1250200 1279.1
1250210 1290.4
1250220 1290.4
1250230 1309.1
1250240 1326.0
1250250 1326.0
1250260 1339.2
1250270 1350.3
1250280 1350.3
1250290 1363.5
1250300 1376.5
1250310 1376.5
1250320 1386.8
1250330 1393.7
1250340 1400.4
1250350 1400.4
1250360 1405.9
1250370 1410.9
1250380 1410.9
1250390 1417.1
1250400 1422.8
1250410 1422.8
1250420 1427.8
1250430 1433.2
1250440 1433.2
1250450 1438.5
1250460 1444.2
1250470 1444.2
1250480 1449.2
1250490 1453.4
1250500 1453.4
1250510 1456.7
1250520 1460.4
1250530 1459.2
1250540 1463.4
1250550 1467.6
1250560 1467.6
1250570 1472.3
1250580 1476.8
1250590 1476.8
1250600 1480.5
1250610 1484.3
1250620 1484.3
1250630 1488.4
1250640 1493.1
1250650 1498.7
1250660 1498.7
1250670 1502.7
1250680 1505.5
1250690 1505.5
1250700 1505.8
1250710 1506.4
1250720 1506.4
1250730 1506.9
1250740 1510.8
1250750 1510.8
1250760 1517.7
1250770 1525.7
1250780 1525.7
1250790 1531.9
1250800 1536.8
1250810 1536.8
1250820 1540.8
1250830 1542.5
1250840 1542.5
1250850 1540.7
1250860 1541.4
1250870 1541.4
1250880 1545.4
1250890 1548.5
1250900 1548.5
1250910 1551.0
1250920 1553.8
1250930 1553.8
1250940 1556.7
1250950 1558.8
1250960 1561.9
1250970 1561.9
1250980 1566.5
1250990 1573.3
1251000 1573.3
1251010 1578.7
1251020 1579.5
1251030 1579.5
1251040 1578.3
1251050 1575.7
1251060 1575.7
1251070 1573.1
1251080 1577.2
1251090 1577.2
1251100 1572.6
1251110 1566.8
1251120 1566.8
1251130 1560.5
1251140 1553.4
1251150 1553.4
1251160 1546.0
1251170 1538.8
1251180 1538.8
1251190 1531.8
1251200 1526.0
1251210 1526.0
1251220 1521.8
1251230 1520.0
1251240 1520.0
1251250 1517.0
1251260 1514.1
1251270 1509.5
1251280 1509.5
1251290 1503.2
1251300 1498.7
1251310 1498.7
1251320 1497.0
1251330 1495.9
1251340 1495.9
1251350 1491.2
1251360 1484.1
1251370 1484.1
1251380 1478.2
1251390 1473.6
1251400 1473.6
1251410 1469.5
1251420 1463.7
1251430 1463.7
1251440 1459.3
1251450 1457.5
1251460 1457.5
1251470 1458.1
1251480 1457.2
1251490 1457.2
1251500 1455.7
1251510 1453.1
1251520 1453.1
1251530 1450.9
1251540 1447.9
1251550 1447.9
1251560 1445.9
1251570 1446.2
1251580 1446.3
1251590 1446.3
1251600 1446.9
1251610 1448.5
1251620 1450.2
1251630 1447.0
1251640 1441.0
1251650 1441.0
1251660 1435.7
1251670 1431.8
1251680 1431.8
1251690 1431.3
1251700 1432.3
1251710 1432.3
1251720 1433.6
1251730 1436.5
1251740 1436.5
1251750 1438.5
1251760 1438.7
1251770 1438.7
1251780 1437.5
1251790 1435.6
1251800 1435.6
1251810 1431.3
1251820 1425.5
1251830 1425.5
1251840 1421.6
1251850 1418.2
1251860 1418.2
1251870 1416.2
1251880 1413.1
1251890 1406.6
1251900 1406.6
1251910 1400.8
1251920 1395.6
1251930 1395.6
1251940 1388.9
1251950 1381.3
1251960 1381.3
1251970 1374.1
1251980 1368.6
1251990 1368.6
1252000 1360.8
1252010 1352.3
1252020 1352.3
1252030 1347.7
1252040 1342.2
1252050 1342.2
1252060 1333.8
1252070 1326.1
1252080 1326.1
1252090 1319.7
1252100 1314.5
1252110 1314.5
1252120 1308.8
1252130 1301.7
1252140 1301.7
1252150 1294.9
1252160 1290.3
1252170 1288.1
1252180 1282.6
1252190 1277.5
1252200 1271.7
1252210 1271.7
1252220 1263.9
1256130 1882.1
1256140 1882.1
1256150 1881.5
1256160 1879.2
1256170 1879.2
1256180 1877.8
1256190 1878.7
1256200 1878.7
1256210 1881.6
1256220 1884.9
1256230 1888.2
1256240 1888.2
1256250 1892.0
1256260 1895.8
1256270 1895.8
1256280 1901.3
1256290 1907.0
1256300 1907.0
1256310 1912.8
1256320 1920.4
1256330 1920.4
1256340 1927.2
1256350 1930.1
1256360 1930.1
1256370 1932.5
1256380 1938.3
1256390 1938.3
1256400 1944.9
1256410 1951.3
1256420 1951.3
1256430 1951.0
1256440 1949.7
1256450 1949.7
1256460 1949.0
1256470 1946.7
1256480 1946.7
1256490 1950.0
1256500 1956.9
1256510 1956.9
1256520 1962.1
1256530 1961.3
1256540 1962.0
1256550 1962.0
1256560 1964.9
1256570 1966.2
1256580 1966.2
1256590 1968.5
1256600 1969.7
1256610 1963.1
1256620 1959.7
1256630 1953.0
1256640 1953.0
1256650 1948.0
1256660 1953.8
1256670 1953.8
1256680 1956.2
1256690 1954.3
1256700 1954.3
1256710 1955.8
1256720 1957.0
1256730 1957.0
1256740 1958.3
1256750 1960.4
1256760 1960.4
1256770 1979.4
1256780 2003.0
1256790 2003.0
1256800 1989.2
1256810 1987.4
1256820 1987.4
1256830 1991.4
1256840 2008.1
1256850 2017.4
1256860 2017.4
1256870 2024.6
1256880 2033.6
1256890 2033.6
1256900 2054.7
1256910 2072.2
1256920 2072.2
1256930 2090.9
1256940 2105.2
1256950 2105.2
1256960 2120.1
1256970 2130.5
1256980 2130.5
1256990 2153.5
1257000 2184.2
1257010 2184.2
1257020 2217.9
1257030 2247.9
1257040 2247.9
1257050 2270.7
1257060 2287.4
1257070 2287.4
1257080 2302.5
1257090 2309.2
1257100 2309.2
1257110 2315.0
1257120 2314.6
1257130 2314.6
1257140 2312.6
1257150 2308.5
1257160 2304.5
1257170 2298.7
1257180 2295.1
1257190 2288.4
1257200 2288.4
1257210 2272.1
1257220 2252.7
1257230 2252.7
1257240 2239.6
1257250 2226.2
1257260 2226.2
1257270 2214.5
1257280 2205.8
1257290 2205.8
1257300 2200.7
1257310 2197.9
1257320 2197.9
1257330 2184.1
1257340 2173.2
1257350 2173.2
1257360 2170.6
1257370 2169.4
1257380 2169.4
1257390 2170.2
1257400 2168.5
1257410 2168.5
1257420 2162.1
1257430 2151.3
1257440 2151.3
1257450 2129.4
1257460 2120.3
1257470 2108.9
1257480 2108.9
1257490 2097.3
1257500 2093.3
1257510 2093.3
1257520 2089.0
1257530 2085.6
1257540 2085.6
1257550 2083.2
1257560 2082.4
1257570 2082.4
1257580 2082.4
1257590 2081.4
1257600 2081.4
1257610 2073.6
1257620 2056.8
1257630 2056.8
1257640 2042.7
1257650 2033.2
1257660 2033.2
1257670 2028.4
1257680 2022.8
1257690 2022.8
1257700 2014.2
1257710 2007.3
1257720 2007.3
1257730 2019.6
1257740 2019.7
1257750 2019.7
1257760 2013.0
1257770 2003.9
1257780 1996.0
1257790 1996.0
1257800 1988.2
1257810 1981.4
1257820 1981.4
1257830 1972.1
1257840 1965.0
1257850 1965.0
1257860 1958.4
1257870 1950.1
1257880 1950.1
1257890 1941.7
1257900 1934.2
1257910 1934.2
1257920 1926.7
1257930 1919.4
1257940 1919.4
1257950 1912.3
1257960 1904.5
1257970 1904.5
1257980 1896.7
1257990 1889.7
1258000 1889.7
1258010 1881.0
1258020 1871.0
1258030 1871.0
1258040 1860.8
1258050 1851.0
1258060 1851.0
1258070 1842.7
1258080 1835.2
1258090 1835.2
1258100 1826.5
1258110 1818.3
1258120 1811.9
1258130 1811.9
1258140 1804.3
1258150 1794.7
1258160 1794.7
1258170 1782.2
1258180 1771.2
1258190 1771.2
1258200 1764.6
1258210 1757.5
1258220 1757.5
1258230 1750.5
1258240 1740.8
1258250 1740.8
1258260 1732.6
1258270 1722.9
1258280 1722.9
1258290 1721.6
1258300 1704.0
1258310 1704.0
1258320 1680.6
1258330 1662.6
1258340 1662.6
1258350 1646.6
1258360 1626.9
1258370 1626.9
1258380 1613.4
1258390 1602.7
1258400 1602.7
1258410 1588.2
1258420 1570.0
1258430 1557.4
1258440 1557.4
1258450 1553.3
1258460 1539.8
1258470 1539.8
1258480 1515.3
1258490 1503.5
1258500 1503.5
1258510 1496.3
1258520 1489.9
1258530 1489.9
1258540 1483.8
1258550 1478.1
1258560 1478.1
1258570 1473.0
1258580 1468.2
1258590 1468.2
1258600 1464.5
1258610 1462.0
1258620 1462.0
1258630 1460.0
1258640 1457.7
1258650 1457.7
1258660 1455.2
1258670 1450.4
1258680 1450.4
1258690 1445.6
1258700 1443.8
1258710 1443.8
1258720 1446.3
1258730 1447.5
1258740 1447.9
1258750 1447.9
1258760 1448.6
1258770 1451.5
1258780 1451.5
1258790 1455.2
1258800 1457.9
1258810 1457.9
1258820 1462.1
1258830 1467.5
1258840 1467.5
1258850 1472.8
1258860 1472.9
1258870 1472.9
1258880 1478.3
1258890 1484.0
1258900 1484.0
1258910 1490.6
1258920 1495.7
1258930 1495.7
1258940 1501.6
1258950 1509.6
1258960 1509.6
1258970 1519.4
1258980 1526.7
1258990 1526.7
1259000 1534.0
1259010 1542.2
1259020 1542.2
1259030 1550.9
1259040 1558.7
1259050 1565.0
1259060 1565.0
1259070 1570.7
1259080 1573.4
1259090 1573.4
1259100 1569.7
1259110 1561.9
1259120 1561.9
1259130 1558.2
1259140 1558.9
1259150 1558.9
1259160 1554.7
1259170 1545.9
1259180 1545.9
1259190 1535.1
1259200 1527.5
1259210 1527.5
1259220 1522.2
1259230 1514.1
1259240 1514.1
1259250 1507.2
1259260 1502.2
1259270 1502.2
1259280 1499.3
1259290 1496.7
1259300 1496.7
1259310 1493.9
1259320 1495.4
1259330 1495.4
1259340 1494.1
1259350 1488.9
1259360 1484.1
1259370 1484.1
1259380 1476.7
1259390 1465.7
1259400 1465.7
1259410 1455.0
1259420 1452.7
1259430 1443.7
1259440 1440.3
1259450 1425.5
1259460 1425.5
1259470 1417.4
1259480 1417.6
1259490 1417.6
1259500 1409.4
1259510 1392.2
1259520 1392.2
1259530 1378.7
1259540 1384.4
1259550 1384.4
1259560 1393.6
1259570 1394.6
1259580 1394.6
1259590 1395.7
1259600 1396.5
1259610 1396.5
1259620 1395.1
1259630 1392.0
1259640 1392.0
1259650 1386.4
1259660 1378.6
1259670 1369.0
1259680 1369.0
1259690 1347.7
1259700 1305.3
1259710 1305.3
1259720 1302.7
1259730 1302.0
1259740 1302.0
1259750 1300.8
1259760 1298.9
1259770 1298.9
1259780 1298.0
1259790 1296.3
1259800 1296.3
1259810 1294.6
1259820 1291.8
1259830 1291.8
1259840 1289.3
1259850 1287.2
1259860 1287.2
1259870 1285.2
1259880 1283.2
1259890 1283.2
1259900 1280.7
1259910 1277.7
1259920 1277.7
1259930 1274.5
1259940 1271.7
1259950 1271.7
1259960 1268.7
1259970 1265.5
1259980 1262.4
1259990 1257.9
