1241300 1722.7
1241310 1723.3
1241320 1723.3
1241330 1724.7
1241340 1726.4
1241350 1726.4
1241360 1729.1
1241370 1734.5
1241380 1734.5
1241390 1742.3
1241400 1750.3
1241410 1750.3
1241420 1759.1
1241430 1769.3
1241440 1769.3
1241450 1781.8
1241460 1797.8
1241470 1797.8
1241480 1801.2
1241490 1816.1
1241500 1816.1
1241510 1838.7
1241520 1855.1
1241530 1875.4
1241540 1875.4
1241550 1889.2
1241560 1897.1
1241570 1897.1
1241580 1903.5
1241590 1903.4
1241600 1903.4
1241610 1905.0
1241620 1922.1
1241630 1922.1
1241640 1953.9
1241650 1970.9
1241660 1970.9
1241670 1986.2
1241680 1997.7
1241690 1997.7
1241700 2006.2
1241710 2015.8
1241720 2015.8
1241730 2026.5
1241740 2033.8
1241750 2033.8
1241760 2036.4
1241770 2045.1
1241780 2045.1
1241790 2058.1
1241800 2053.8
1241810 2053.8
1241820 2049.7
1241830 2045.7
1241840 2045.7
1241850 2036.5
1241860 2033.3
1241870 2031.2
1241880 2031.2
1241890 2030.8
1241900 2028.3
1241910 2028.3
1241920 2028.0
1241930 2028.9
1241940 2028.9
1241950 2029.0
1241960 2029.2
1241970 2029.2
1241980 2028.3
1241990 2027.8
1242000 2027.8
1242010 2028.2
1242020 2038.3
1242030 2038.3
1242040 2038.4
1242050 2037.2
1242060 2037.2
1242070 2037.5
1242080 2038.6
1242090 2038.6
1242100 2040.0
1242110 2040.9
1242120 2040.9
1242130 2041.6
1242140 2042.1
1242150 2042.1
1242160 2045.4
1242170 2048.9
1242180 2052.6
1242190 2052.6
1242200 2052.4
1242210 2052.8
1242220 2052.8
1242230 2052.1
1242240 2053.2
1242250 2053.2
1242260 2054.2
1242270 2056.4
1242280 2056.4
1242290 2058.7
1242300 2060.7
1242310 2060.7
1242320 2061.1
1242330 2059.5
1242340 2059.5
1242350 2054.6
1242360 2052.9
1242370 2052.9
1242380 2050.7
1242390 2045.9
1242400 2045.9
1242410 2046.3
1242420 2048.4
1242430 2048.4
1242440 2049.5
1242450 2051.7
1242460 2051.7
1242470 2060.1
1242480 2069.3
1242490 2076.8
1242500 2076.8
1242510 2080.8
1242520 2083.8
1242530 2083.8
1242540 2090.5
1242550 2105.6
1242560 2105.6
1242570 2114.9
1242580 2115.5
1242590 2115.5
1242600 2118.7
1242610 2117.6
1242620 2117.6
1242630 2123.9
1242640 2134.3
1242650 2134.3
1242660 2140.4
1242670 2141.5
1242680 2141.5
1242690 2147.1
1242700 2154.1
1242710 2154.1
1242720 2160.8
1242730 2168.3
1242740 2168.3
1242750 2173.9
1242760 2180.4
1242770 2180.4
1242780 2187.4
1242790 2199.8
1242800 2212.3
1242810 2212.3
1242820 2219.8
1242830 2225.0
1242840 2225.0
1242850 2221.1
1242860 2228.0
1242870 2228.0
1242880 2237.9
1242890 2241.1
1242900 2241.1
1242910 2245.1
1242920 2248.5
1242930 2248.5
1242940 2254.6
1242950 2259.2
1242960 2259.2
1242970 2266.4
1242980 2273.5
1242990 2273.5
1243000 2273.8
1243010 2270.6
1243020 2270.6
1243030 2265.6
1243040 2263.4
1243050 2263.4
1243060 2258.7
1243070 2265.4
1243080 2265.4
1243090 2263.1
1243100 2262.6
1243110 2262.3
1243120 2262.3
1243130 2263.6
1243140 2266.6
1243150 2266.6
1243160 2270.1
1243170 2273.9
1243180 2273.9
1243190 2272.7
1243200 2262.5
1243210 2262.5
1243220 2261.5
1243230 2257.4
1243240 2257.4
1243250 2251.0
1243260 2250.4
1243270 2250.4
1243280 2251.3
1243290 2248.9
1243300 2248.9
1243310 2246.1
1243320 2244.5
1243330 2244.5
1243340 2244.6
1243350 2245.0
1243360 2245.0
1243370 2248.3
1243380 2249.0
1243390 2249.0
1243400 2250.4
1243410 2252.8
1243420 2254.9
1243430 2254.9
1243440 2258.0
1243450 2262.2
1243460 2262.2
1243470 2265.3
1243480 2269.0
1243490 2269.0
1243500 2274.2
1243510 2279.7
1243520 2279.7
1243530 2284.2
1243540 2291.2
1243550 2291.2
1243560 2302.6
1243570 2306.8
1243580 2306.8
1243590 2301.3
1243600 2305.8
1243610 2305.8
1243620 2302.2
1243630 2297.7
1243640 2297.7
1243650 2294.2
1243660 2292.4
1243670 2292.4
1243680 2292.6
1243690 2290.5
1243700 2290.5
1243710 2289.7
1243720 2289.6
1243730 2291.9
1243740 2291.9
1243750 2294.7
1243760 2297.7
1243770 2297.7
1243780 2301.9
1243790 2306.5
1243800 2306.5
1243810 2310.0
1243820 2316.3
1243830 2316.3
1243840 2318.8
1243850 2320.2
1243860 2320.2
1243870 2319.2
1243880 2315.1
1243890 2315.1
1243900 2311.9
1243910 2308.2
1243920 2308.2
1243930 2312.3
1243940 2319.4
1243950 2319.4
1243960 2323.3
1243970 2325.5
1243980 2325.5
1243990 2327.6
1244000 2325.2
1244010 2325.2
1244020 2324.3
1244030 2326.9
1244040 2330.5
1244050 2330.5
1244060 2333.9
1244070 2338.3
1244080 2338.3
1244090 2341.7
1244100 2347.4
1244110 2347.4
1244120 2354.8
1244130 2375.8
1244140 2375.8
1244150 2375.1
1244160 2375.9
1244170 2375.9
1244180 2377.8
1244190 2375.3
1244200 2375.3
1244210 2365.5
1244220 2356.2
1244230 2356.2
1244240 2345.6
1244250 2335.6
1244260 2335.6
1244270 2325.8
1244280 2316.6
1244290 2316.6
1244300 2305.1
1244310 2290.5
1244320 2290.5
1244330 2275.7
1244340 2263.6
1244350 2263.6
1244360 2252.7
1244370 2241.8
1244380 2231.5
1244390 2231.5
1244400 2221.2
1244410 2211.5
1244420 2211.5
1244430 2203.2
1244440 2196.8
1244450 2196.8
1244460 2190.0
1244470 2178.4
1244480 2178.4
1244490 2169.1
1244500 2162.7
1244510 2162.7
1244520 2154.4
1244530 2145.1
1244540 2145.1
1244550 2137.6
1244560 2129.7
1244570 2129.7
1244580 2122.2
1244590 2115.5
1244600 2115.5
1244610 2109.7
1244620 2105.0
1244630 2105.0
1244640 2100.6
1244650 2094.2
1244660 2094.2
1244670 2082.7
1244680 2076.2
1244690 2071.0
1244700 2071.0
1244710 2069.1
1244720 2064.2
1244730 2064.2
1244740 2061.6
1244750 2058.4
1244760 2058.4
1244770 2054.9
1244780 2051.8
1244790 2051.8
1244800 2051.3
1244810 2049.6
1244820 2049.6
1244830 2049.8
1244840 2049.2
1244850 2049.2
1244860 2046.3
1244870 2044.1
1244880 2044.1
1244890 2042.8
1244900 2040.3
1244910 2040.3
1244920 2037.0
1244930 2033.8
1244940 2033.8
1244950 2031.3
1244960 2028.4
1244970 2028.4
1244980 2025.5
1244990 2023.4
1245000 2022.5
1245010 2022.5
1245020 2022.0
1245030 2021.9
1245040 2021.9
1245050 2021.6
1245060 2022.4
1245070 2022.4
1245080 2022.8
1245090 2021.9
1245100 2021.9
1245110 2024.5
1245120 2026.0
1245130 2026.0
1245140 2026.8
1245150 2027.8
1245160 2027.8
1245170 2027.9
1245180 2029.0
1245190 2029.0
1245200 2024.4
1245210 2025.6
1245220 2025.6
1245230 2026.0
1245240 2028.3
1245250 2028.3
1245260 2028.5
1245270 2028.9
1245280 2028.9
1245290 2030.9
1245300 2030.4
1245310 2029.0
1245320 2029.0
1245330 2026.5
1245340 2024.2
1245350 2024.2
1245360 2026.3
1245370 2030.3
1245380 2030.3
1245390 2034.1
1245400 2037.4
1245410 2037.4
1245420 2040.9
1245430 2045.4
1245440 2045.4
1245450 2049.6
1245460 2051.2
1245470 2051.2
1245480 2049.5
1245490 2048.0
1245500 2048.0
1245510 2048.4
1245520 2048.9
1245530 2048.9
1245540 2044.1
1245550 2040.5
1245560 2040.5
1245570 2035.1
1245580 2028.1
1245590 2028.1
1245600 2022.8
1245610 2019.3
1245620 2017.5
1245630 2017.5
1245640 2015.1
1245650 2015.7
1245660 2015.7
1245670 2018.3
1245680 2020.8
1245690 2020.8
1245700 2023.6
1245710 2026.8
1245720 2026.8
1245730 2024.2
1245740 2022.5
1245750 2022.5
1245760 2020.2
1245770 2016.7
1245780 2016.7
1245790 2013.2
1245800 2011.2
1245810 2011.2
1245820 2012.2
1245830 2015.0
1245840 2015.0
1245850 2020.7
1245860 2028.4
1245870 2028.4
1245880 2034.6
1245890 2041.0
1245900 2041.0
1245910 2047.8
1245920 2055.0
1245930 2063.2
1245940 2063.2
1245950 2072.4
1245960 2075.4
1245970 2075.4
1245980 2064.4
1245990 2044.4
1246000 2044.4
1246010 2029.7
1246020 2015.9
1246030 2015.9
1246040 2001.7
1246050 1990.0
1246060 1990.0
1246070 1983.4
1246080 1977.1
1246090 1977.1
1246100 1969.6
1246110 1960.0
1246120 1960.0
1246130 1954.7
1246140 1947.0
1246150 1947.0
1246160 1938.3
1246170 1928.3
1246180 1928.3
1246190 1919.5
1246200 1911.8
1246210 1911.8
1246220 1903.2
1246230 1894.7
1246240 1887.7
1246250 1887.7
1246260 1880.0
1246270 1865.6
1246280 1865.6
1246290 1855.4
1246300 1846.6
1246310 1846.6
1246320 1838.2
1246330 1830.5
1246340 1830.5
1246350 1822.8
1246360 1816.0
1246370 1816.0
1246380 1809.3
1246390 1806.0
1246400 1806.0
1246410 1800.7
1246420 1789.5
1246430 1789.5
1246440 1777.4
1246450 1774.0
1246460 1774.0
1246470 1775.5
1246480 1776.6
1246490 1776.6
1246500 1770.9
1246510 1767.5
1246520 1767.5
1246530 1771.1
1246540 1771.2
1246550 1769.0
1246560 1769.0
1246570 1768.6
1246580 1775.5
1246590 1775.5
1246600 1780.1
1246610 1784.0
1246620 1784.0
1246630 1785.9
1246640 1788.6
1246650 1788.6
1246660 1793.6
1246670 1797.8
1246680 1797.8
1246690 1800.2
1246700 1801.1
1246710 1801.1
1246720 1799.7
1246730 1798.6
1246740 1798.6
1246750 1795.6
1246760 1794.5
1246770 1794.5
1246780 1797.5
1246790 1793.6
1246800 1793.6
1246810 1783.8
1246820 1781.1
1246830 1781.1
1246840 1776.7
1246850 1765.9
1246860 1756.0
1246870 1756.0
1246880 1750.5
1246890 1747.1
1246900 1747.1
1246910 1743.2
1246920 1737.7
1246930 1737.7
1246940 1732.3
1246950 1727.0
1246960 1727.0
1246970 1722.9
1246980 1713.8
1246990 1713.8
1247000 1710.3
1247010 1710.1
1247020 1710.1
1247030 1706.7
1247040 1705.8
1247050 1705.8
1247060 1704.2
1247070 1702.3
1247080 1702.3
1247090 1699.0
1247100 1694.1
1247110 1694.1
1247120 1689.3
1247130 1685.4
1247140 1685.4
1247150 1683.7
1247160 1681.3
1247170 1672.6
1247180 1672.6
1247190 1664.5
1247200 1659.5
1247210 1659.5
1247220 1660.7
1247230 1660.5
1247240 1660.5
1247250 1655.9
1247260 1650.5
1247270 1650.5
1247280 1651.3
1247290 1652.4
1247300 1652.4
1247310 1651.4
1247320 1650.4
1247330 1650.4
1247340 1651.3
1247350 1639.0
1247360 1639.0
1247370 1633.8
1247380 1630.4
1247390 1630.4
1247400 1628.5
1247410 1624.7
1247420 1624.7
1247430 1619.8
1247440 1616.7
1247450 1616.7
1247460 1613.9
1247470 1610.8
1247480 1610.8
1247490 1613.8
1247500 1613.1
1247510 1613.6
1247520 1613.6
1247530 1606.5
1247540 1602.5
1247550 1602.5
1247560 1610.3
1247570 1621.1
1247580 1621.1
1247590 1626.4
1247600 1618.9
1247610 1618.9
1247620 1614.1
1247630 1616.2
1247640 1616.2
1247650 1621.9
1247660 1623.4
1247670 1623.4
1247680 1616.6
1247690 1612.7
1247700 1612.7
1247710 1613.7
1247720 1608.2
1247730 1608.2
1247740 1599.0
1247750 1592.0
1247760 1592.0
1247770 1586.8
1247780 1584.9
1247790 1584.9
1247800 1585.4
1247810 1587.5
1247820 1587.3
1247830 1587.3
1247840 1587.0
1247850 1584.6
1247860 1584.6
1247870 1580.8
1247880 1580.1
1247890 1573.3
1247900 1569.4
1247910 1564.6
1247920 1564.6
1247930 1555.3
1247940 1547.1
1247950 1547.1
1247960 1545.9
1247970 1545.9
1247980 1545.9
1247990 1544.1
1248000 1541.6
1248010 1541.6
1248020 1534.1
1248030 1527.6
1248040 1527.6
1248050 1520.3
1248060 1513.2
1248070 1513.2
1248080 1505.0
1248090 1495.5
1248100 1495.5
1248110 1488.1
1248120 1484.6
1248130 1482.0
1248140 1482.0
1248150 1479.3
1248160 1475.5
1248170 1475.5
1248180 1469.7
1248190 1461.2
1248200 1461.2
1248210 1453.9
1248220 1450.8
1248230 1450.8
1248240 1449.1
1248250 1446.9
1248260 1446.9
1248270 1444.9
1248280 1440.8
1248290 1440.8
1248300 1436.4
1248310 1432.5
1248320 1432.5
1248330 1429.9
1248340 1426.4
1248350 1426.4
1248360 1423.1
1248370 1420.8
1248380 1420.8
1248390 1419.1
1248400 1413.4
1248410 1413.4
1248420 1408.2
1248430 1398.3
1248440 1398.1
1248450 1398.1
1248460 1400.0
1248470 1402.0
1248480 1402.0
1248490 1403.1
1248500 1401.9
1248510 1401.9
1248520 1398.8
1248530 1395.3
1248540 1395.3
1248550 1392.8
1248560 1393.0
1248570 1393.0
1248580 1394.1
1248590 1392.2
1248600 1392.2
1248610 1386.5
1248620 1380.3
1248630 1380.3
1248640 1374.0
1248650 1367.3
1248660 1367.3
1248670 1360.6
1248680 1354.7
1248690 1354.7
1248700 1348.2
1248710 1340.1
1248720 1340.1
1248730 1331.9
1248740 1323.5
1248750 1316.0
1248760 1316.0
1248770 1309.9
1248780 1304.1
1248790 1304.1
1248800 1297.0
1248810 1291.5
1248820 1291.5
1248830 1288.6
1248840 1285.1
1248850 1285.1
1248860 1276.6
1248870 1268.2
1248880 1268.2
1248890 1261.6
1248900 1256.5
1248910 1256.5
1248920 1249.7
1248930 1240.1
1248940 1240.1
1248950 1230.8
1248960 1223.9
1248970 1222.9
1248980 1218.1
1248990 1219.4
1249000 1219.4
1249010 1222.3
1249020 1225.1
1249030 1225.1
1249040 1226.6
1249050 1225.9
1249060 1224.8
1249070 1224.8
1249080 1222.5
1249090 1217.1
1249100 1217.1
1249110 1210.7
1249120 1206.3
1249130 1206.3
1249140 1201.4
1249150 1196.0
1249160 1196.0
1249170 1190.6
1249180 1186.0
1249190 1186.0
1249200 1181.2
1249210 1176.0
1249220 1176.0
1249230 1169.6
1249240 1162.3
1249250 1162.3
1249260 1154.3
1249270 1147.4
1249280 1147.4
1249290 1141.6
1249300 1135.8
1249310 1135.8
1249320 1128.9
1249330 1121.4
1249340 1121.4
1249350 1114.0
1249360 1106.5
1249370 1099.4
1249380 1099.4
1249390 1091.3
1249400 1083.5
1249410 1083.5
1249420 1076.5
1249430 1072.0
1249440 1072.0
1249450 1067.9
1249460 1062.9
1249470 1062.9
1249480 1057.1
1249490 1051.3
1249500 1051.3
1249510 1043.5
1249520 1038.6
1249530 1038.6
1249540 1035.2
1249550 1032.7
1249560 1032.7
1249570 1029.6
1249580 1027.0
1249590 1027.0
1249600 1025.7
1249610 1025.4
1249620 1025.4
1249630 1025.4
1249640 1025.5
1249650 1025.5
1249660 1025.3
1249670 1025.3
1249680 1025.4
1249690 1025.4
1249700 1025.5
1249710 1025.5
1249720 1025.5
1249730 1025.4
1249740 1025.4
1249750 1025.4
1249760 1025.4
1249770 1025.4
1249780 1025.4
1249790 1025.4
1249800 1025.3
1249810 1025.3
1249820 1025.3
1249830 1025.1
1249840 1025.1
1249850 1024.8
1249860 1024.8
1249870 1024.8
1249880 1025.2
1249890 1024.6
1249900 1024.6
1249910 1024.3
1249920 1023.8
1249930 1023.8
1249940 1024.6
1249950 1024.8
1249960 1024.8
1249970 1024.6
1249980 1024.5
1249990 1024.4
1250000 1024.4
1250010 1024.4
1250020 1024.4
1250030 1024.4
1250040 1024.3
1250050 1024.3
1250060 1024.3
1250070 1024.3
1250080 1024.4
1250090 1024.4
1250100 1024.5
1250110 1024.5
1250120 1024.5
1250130 1024.4
1250140 1024.4
1250150 1024.4
1250160 1024.3
1250170 1024.6
1250180 1024.6
1250190 1024.8
1250200 1024.6
1250210 1024.6
1250220 1024.1
1250230 1024.3
1250240 1024.3
1250250 1024.9
1250260 1026.1
1250270 1026.1
1250280 1027.0
1250290 1029.8
1250300 1032.4
1250310 1032.4
1250320 1034.2
1250330 1036.4
1250340 1036.4
1250350 1039.1
1250360 1041.8
1250370 1041.8
1250380 1045.1
1250390 1049.3
1250400 1049.3
1250410 1054.3
1250420 1059.9
1250430 1059.9
1250440 1064.2
1250450 1067.6
1250460 1067.6
1250470 1070.7
1250480 1073.8
1250490 1073.8
1250500 1077.2
1250510 1079.7
1250520 1079.7
1250530 1082.1
1250540 1083.6
1250550 1083.6
1250560 1084.6
1250570 1086.4
1250580 1086.4
1250590 1088.9
1250600 1099.4
1250610 1099.4
1250620 1103.0
1250630 1107.3
1250640 1112.4
1250650 1112.4
1250660 1117.8
1250670 1123.5
1250680 1123.5
1250690 1129.3
1250700 1138.7
1250710 1138.7
1250720 1148.6
1250730 1150.4
1250740 1150.4
1250750 1160.1
1250760 1182.1
1250770 1182.1
1250780 1203.1
1250790 1219.3
1250800 1219.3
1250810 1232.1
1250820 1239.5
1250830 1239.5
1250840 1244.9
1250850 1246.4
1250860 1246.4
1250870 1244.4
1250880 1239.4
1250890 1239.4
1250900 1229.7
1250910 1224.0
1250920 1224.0
1250930 1225.6
1250940 1229.2
1250950 1233.1
1250960 1233.1
1250970 1237.4
1250980 1239.8
1250990 1239.8
1251000 1240.2
1251010 1239.7
1251020 1239.7
1251030 1240.4
1251040 1241.5
1251050 1241.5
1251060 1242.5
1251070 1242.2
1251080 1242.2
1251090 1242.0
1251100 1242.0
1251110 1242.0
1251120 1242.6
1251130 1241.5
1251140 1241.5
1251150 1251.7
1251160 1251.9
1251170 1251.9
1251180 1255.0
1251190 1259.5
1251200 1259.5
1251210 1261.5
1251220 1261.7
1251230 1261.7
1251240 1260.9
1251250 1256.6
1251260 1250.6
1251270 1250.6
1251280 1242.7
1251290 1237.9
1251300 1237.9
1251310 1236.0
1251320 1232.6
1251330 1232.6
1251340 1229.2
1251350 1227.6
1251360 1227.6
1251370 1224.6
1251380 1221.8
1251390 1221.8
1251400 1221.4
1251410 1222.7
1251420 1222.7
1251430 1224.5
1251440 1223.6
1251450 1223.6
1251460 1219.5
1251470 1215.4
1251480 1215.4
1251490 1209.9
1251500 1202.5
1251510 1202.5
1251520 1196.0
1251530 1191.9
1251540 1191.9
1251550 1187.3
1251560 1181.9
1251570 1176.3
1251580 1176.3
1251590 1173.6
1251600 1172.3
1251610 1172.3
1251620 1169.7
1251630 1166.9
1251640 1166.9
1251650 1163.8
1251660 1162.0
1251670 1162.0
1251680 1161.2
1251690 1165.5
1251700 1165.5
1251710 1164.1
1251720 1163.8
1251730 1163.8
1251740 1163.1
1251750 1161.5
1251760 1161.5
1251770 1159.4
1251780 1157.9
1251790 1157.9
1251800 1158.5
1251810 1158.0
1251820 1158.0
1251830 1156.8
1251840 1155.6
1251850 1155.6
1251860 1153.2
1251870 1150.0
1251880 1147.0
1251890 1147.0
1251900 1145.0
1251910 1143.8
1251920 1143.8
1251930 1142.7
1251940 1141.3
1251950 1141.3
1251960 1141.1
1251970 1140.1
1251980 1140.1
1251990 1136.7
1252000 1132.1
1252010 1132.1
1252020 1129.3
1252030 1126.9
1252040 1126.9
1252050 1125.9
1252060 1122.7
1252070 1122.7
1252080 1120.3
1252090 1117.4
1252100 1117.4
1252110 1113.5
1252120 1110.5
1252130 1110.5
1252140 1105.5
1252150 1100.9
1252160 1100.9
1252170 1096.3
1252180 1091.2
1252190 1086.2
1252200 1086.2
1252210 1080.9
1252220 1076.5
1252230 1076.5
1252240 1073.1
1252250 1069.7
1252260 1069.7
1252270 1066.6
1252280 1064.5
1252290 1064.5
1252300 1063.2
1252310 1060.3
1252320 1060.3
1252330 1056.1
1252340 1052.6
1252350 1052.6
1252360 1051.4
1252370 1050.8
1252380 1050.8
1252390 1047.6
1252400 1043.7
1252410 1043.7
1252420 1041.5
1252430 1040.7
1252440 1040.7
1252450 1040.7
1252460 1041.1
1252470 1041.1
1252480 1038.0
1252490 1030.4
1252500 1023.7
1252510 1023.7
1252520 1017.3
1252530 1012.7
1252540 1012.7
1252550 1009.7
1252560 1007.1
1252570 1007.1
1252580 1005.2
1252590 1004.1
1252600 1004.1
1252610 1002.1
1252620 1000.8
1252630 1000.8
1252640 998.7
1252650 994.1
1252660 994.1
1252670 991.7
1252680 990.1
1252690 990.1
1252700 989.9
1252710 988.4
1252720 988.4
1252730 984.8
1252740 980.1
1252750 980.1
1252760 974.4
1252770 969.2
1252780 969.2
1252790 966.6
1252800 962.5
1252810 958.3
1252820 958.3
1252830 955.2
1252840 953.4
1252850 953.4
1252860 949.7
1252870 943.2
1252880 943.2
1252890 936.5
1252900 930.7
1252910 930.7
1252920 926.0
1252930 925.7
1252940 925.7
1252950 925.9
1252960 926.0
1252970 926.0
1252980 926.0
1252990 926.3
1253000 926.3
1253010 926.4
1253020 926.5
1253030 926.5
1253040 926.7
1253050 927.0
1253060 927.0
1253070 927.0
1253080 925.8
1253090 925.8
1253100 925.6
1253110 925.7
1253120 925.8
1253130 925.8
1253140 925.7
1253150 925.5
1253160 925.5
1253170 925.4
1253180 925.5
1253190 925.5
1253200 925.3
1253210 925.2
1253220 925.2
1253230 925.1
1253240 925.1
1253250 925.1
1256150 1994.2
1256160 1994.2
1256170 1989.4
1256180 1985.4
1256190 1985.4
1256200 1988.7
1256210 1992.5
1256220 1992.5
1256230 2000.7
1256240 2002.1
1256250 2002.1
1256260 1997.3
1256270 1998.5
1256280 2001.1
1256290 2001.1
1256300 1995.4
1256310 1987.7
1256320 1987.7
1256330 1979.4
1256340 1975.0
1256350 1975.0
1256360 1981.0
1256370 1985.4
1256380 1985.4
1256390 1988.1
1256400 1990.4
1256410 1990.4
1256420 1992.9
1256430 1994.0
1256440 1994.0
1256450 1994.0
1256460 1992.2
1256470 1992.2
1256480 1988.3
1256490 1993.3
1256500 1993.3
1256510 2005.7
1256520 2019.5
1256530 2019.5
1256540 2035.3
1256550 2047.3
1256560 2047.3
1256570 2065.6
1256580 2082.8
1256590 2086.0
1256600 2086.0
1256610 2087.8
1256620 2094.0
1256630 2094.0
1256640 2101.0
1256650 2108.0
1256660 2108.0
1256670 2116.5
1256680 2125.4
1256690 2125.4
1256700 2139.8
1256710 2162.5
1256720 2162.5
1256730 2169.0
1256740 2175.0
1256750 2175.0
1256760 2181.4
1256770 2188.7
1256780 2188.7
1256790 2196.9
1256800 2203.7
1256810 2203.7
1256820 2210.6
1256830 2220.6
1256840 2220.6
1256850 2231.2
1256860 2242.5
1256870 2242.5
1256880 2261.0
1256890 2278.0
1256900 2280.3
1256910 2280.3
1256920 2270.1
1256930 2256.7
1256940 2256.7
1256950 2237.4
1256960 2186.1
1256970 2186.1
1256980 2148.7
1256990 2137.1
1257000 2137.1
1257010 2126.1
1257020 2119.2
1257030 2119.2
1257040 2106.7
1257050 2087.2
1257060 2087.2
1257070 2075.6
1257080 2069.7
1257090 2069.7
1257100 2063.5
1257110 2057.0
1257120 2057.0
1257130 2050.8
1257140 2044.5
1257150 2044.5
1257160 2038.3
1257170 2032.3
1257180 2032.3
1257190 2026.6
1257200 2021.0
1257210 2016.0
1257220 2016.0
1257230 2012.4
1257240 2005.2
1257250 2005.2
1257260 2002.3
1257270 1999.4
1257280 1999.4
1257290 1995.9
1257300 1992.8
1257310 1992.8
1257320 1989.3
1257330 1985.4
1257340 1985.4
1257350 1981.8
1257360 1979.3
1257370 1979.3
1257380 1976.3
1257390 1972.5
1257400 1972.5
1257410 1968.2
1257420 1964.5
1257430 1964.5
1257440 1962.2
1257450 1960.0
1257460 1960.0
1257470 1956.9
1257480 1954.8
1257490 1954.8
1257500 1954.1
1257510 1953.6
1257520 1954.1
1257530 1954.1
1257540 1954.9
1257550 1955.2
1257560 1955.2
1257570 1955.0
1257580 1954.0
1257590 1954.0
1257600 1953.0
1257610 1952.0
1257620 1952.0
1257630 1950.9
1257640 1950.3
1257650 1950.3
1257660 1950.4
1257670 1948.6
1257680 1948.6
1257690 1944.9
1257700 1942.2
1257710 1942.2
1257720 1937.1
1257730 1930.5
1257740 1930.5
1257750 1927.1
1257760 1924.6
1257770 1924.6
1257780 1920.1
1257790 1914.3
1257800 1904.1
1257810 1901.1
1257820 1897.3
1257830 1891.9
1257840 1891.9
1257850 1882.8
1257860 1873.4
1257870 1873.4
1257880 1866.4
1257890 1860.2
1257900 1860.2
1257910 1852.8
1257920 1840.5
1257930 1840.5
1257940 1829.9
1257950 1822.3
1257960 1822.3
1257970 1817.2
1257980 1812.3
1257990 1812.3
1258000 1808.7
1258010 1807.9
1258020 1807.9
1258030 1804.3
1258040 1803.3
1258050 1803.3
1258060 1804.8
1258070 1806.8
1258080 1806.8
1258090 1808.2
1258100 1806.0
1258110 1806.0
1258120 1802.7
1258130 1798.6
1258140 1793.5
1258150 1793.5
1258160 1786.8
1258170 1778.7
1258180 1778.7
1258190 1769.4
1258200 1757.0
1258210 1757.0
1258220 1749.1
1258230 1743.3
1258240 1743.3
1258250 1738.8
1258260 1733.9
1258270 1733.9
1258280 1729.7
1258290 1724.9
1258300 1724.9
1258310 1721.4
1258320 1716.1
1258330 1716.1
1258340 1709.2
1258350 1702.9
1258360 1702.9
1258370 1689.7
1258380 1696.2
1258390 1696.2
1258400 1704.9
1258410 1706.5
1258420 1706.5
1258430 1712.0
1258440 1713.2
1258450 1715.5
1258460 1715.5
1258470 1717.4
1258480 1719.5
1258490 1719.5
1258500 1720.8
1258510 1721.7
1258520 1721.7
1258530 1722.9
1258540 1722.8
1258550 1722.8
1258560 1727.2
1258570 1728.6
1258580 1728.6
1258590 1728.2
1258600 1729.1
1258610 1729.1
1258620 1728.2
1258630 1724.6
1258640 1724.6
1258650 1723.4
1258660 1724.3
1258670 1724.3
1258680 1727.8
1258690 1730.2
1258700 1730.2
1258710 1734.8
1258720 1739.8
1258730 1739.8
1258740 1742.9
1258750 1748.7
1258760 1753.0
1258770 1753.0
1258780 1765.3
1258790 1774.9
1258800 1774.9
1258810 1780.1
1258820 1784.5
1258830 1784.5
1258840 1789.3
1258850 1795.2
1258860 1795.2
1258870 1802.8
1258880 1811.3
1258890 1811.3
1258900 1819.9
1258910 1828.1
1258920 1828.1
1258930 1833.0
1258940 1837.4
1258950 1837.4
1258960 1842.0
1258970 1842.9
1258980 1842.9
1258990 1845.3
1259000 1849.6
1259010 1849.6
1259020 1869.9
1259030 1928.9
1259040 1928.9
1259050 1944.9
1259060 1963.8
1259070 1972.6
1259080 1972.6
1259090 1983.9
1259100 1985.1
1259110 1985.1
1259120 1981.1
1259130 1973.7
1259140 1973.7
1259150 1967.5
1259160 1958.6
1259170 1958.6
1259180 1947.6
1259190 1937.0
1259200 1937.0
1259210 1926.8
1259220 1914.7
1259230 1914.7
1259240 1903.6
1259250 1893.8
1259260 1893.8
1259270 1883.2
1259280 1871.3
1259290 1871.3
1259300 1860.2
1259310 1851.5
1259320 1851.5
1259330 1845.2
1259340 1835.2
1259350 1835.2
1259360 1828.3
1259370 1821.5
1259380 1816.2
1259390 1816.2
1259400 1810.4
1259410 1806.1
1259420 1806.1
1259430 1798.4
1259440 1790.6
1259450 1790.6
1259460 1782.0
1259470 1769.5
1259480 1769.5
1259490 1748.5
1259500 1720.6
1259510 1720.6
1259520 1694.4
1259530 1687.5
1259540 1687.5
1259550 1684.0
1259560 1676.7
1259570 1676.7
1259580 1666.4
1259590 1658.6
1259600 1658.6
1259610 1653.8
1259620 1648.7
1259630 1648.7
1259640 1641.8
1259650 1635.3
1259660 1635.3
1259670 1631.8
1259680 1630.1
1259690 1630.1
1259700 1624.7
1259710 1618.4
1259720 1611.1
1259730 1611.1
1259740 1602.6
1259750 1597.4
1259760 1597.4
1259770 1595.4
1259780 1589.6
1259790 1589.6
1259800 1587.1
1259810 1589.3
1259820 1589.3
1259830 1600.7
1259840 1607.1
1259850 1607.1
1259860 1603.3
1259870 1599.5
1259880 1599.5
1259890 1601.7
1259900 1603.4
1259910 1603.4
1259920 1599.9
1259930 1595.5
1259940 1595.5
1259950 1591.8
1259960 1585.3
1259970 1585.3
1259980 1572.7
1259990 1563.8
