1246240 1710.1
1246250 1702.4
1246260 1702.4
1246270 1694.2
1246280 1686.3
1246290 1686.3
1246300 1680.3
1246310 1675.3
1246320 1675.3
1246330 1669.6
1246340 1660.8
1246350 1660.8
1246360 1656.1
1246370 1652.9
1246380 1652.9
1246390 1648.4
1246400 1642.5
1246410 1642.5
1246420 1635.2
1246430 1626.8
1246440 1618.5
1246450 1618.5
1246460 1610.9
1246470 1605.2
1246480 1605.2
1246490 1599.3
1246500 1593.6
1246510 1593.6
1246520 1589.0
1246530 1585.3
1246540 1585.3
1246550 1580.7
1246560 1576.8
1246570 1576.8
1246580 1572.1
1246590 1563.7
1246600 1563.7
1246610 1558.4
1246620 1557.5
1246630 1557.5
1246640 1553.8
1246650 1550.3
1246660 1550.3
1246670 1546.5
1246680 1542.0
1246690 1542.0
1246700 1548.1
1246710 1542.6
1246720 1542.6
1246730 1544.8
1246740 1546.9
1246750 1539.9
1246760 1539.9
1246770 1530.9
1246780 1528.0
1246790 1528.0
1246800 1525.3
1246810 1523.3
1246820 1523.3
1246830 1518.6
1246840 1506.7
1246850 1506.7
1246860 1499.2
1246870 1509.5
1246880 1509.5
1246890 1506.8
1246900 1494.4
1246910 1494.4
1246920 1493.7
1246930 1492.5
1246940 1492.5
1246950 1492.7
1246960 1488.8
1246970 1488.8
1246980 1486.3
1246990 1488.4
1247000 1488.4
1247010 1488.6
1247020 1485.8
1247030 1485.8
1247040 1489.1
1247050 1488.7
1247060 1485.5
1247070 1485.5
1247080 1483.0
1247090 1479.1
1247100 1479.1
1247110 1472.6
1247120 1475.1
1247130 1475.1
1247140 1478.2
1247150 1476.0
1247160 1476.0
1247170 1480.7
1247180 1488.7
1247190 1488.7
1247200 1488.6
1247210 1480.6
1247220 1480.6
1247230 1474.5
1247240 1481.9
1247250 1481.9
1247260 1485.4
1247270 1492.9
1247280 1492.9
1247290 1500.4
1247300 1500.9
1247310 1500.9
1247320 1495.1
1247330 1492.9
1247340 1492.9
1247350 1481.4
1247360 1472.8
1247370 1468.6
1247380 1468.6
1247390 1466.3
1247400 1463.3
1247410 1463.3
1247420 1459.6
1247430 1450.1
1247440 1450.1
1247450 1446.6
1247460 1447.4
1247470 1447.4
1247480 1448.1
1247490 1446.0
1247500 1446.0
1247510 1442.6
1247520 1439.3
1247530 1439.3
1247540 1433.4
1247550 1424.9
1247560 1424.9
1247570 1422.4
1247580 1422.2
1247590 1422.2
1247600 1425.1
1247610 1428.5
1247620 1428.5
1247630 1427.8
1247640 1426.6
1247650 1426.6
1247660 1425.8
1247670 1425.5
1247680 1423.9
1247690 1423.9
1247700 1418.8
1247710 1416.3
1247720 1416.3
1247730 1417.0
1247740 1418.4
1247750 1418.4
1247760 1416.4
1247770 1422.2
1247780 1422.2
1247790 1421.4
1247800 1421.3
1247810 1421.3
1247820 1422.2
1247830 1422.1
1247840 1422.1
1247850 1421.3
1247860 1420.6
1247870 1420.6
1247880 1420.0
1247890 1419.9
1247900 1419.9
1247910 1420.0
1247920 1419.0
1247930 1419.0
1247940 1419.8
1247950 1422.8
1247960 1422.8
1247970 1423.6
1247980 1424.2
1247990 1424.2
1248000 1423.6
1248010 1421.5
1248020 1420.9
1248030 1420.9
1248040 1418.0
1248050 1418.4
1248060 1418.4
1248070 1418.7
1248080 1419.3
1248090 1419.3
1248100 1421.5
1248110 1423.9
1248120 1423.9
1248130 1426.6
1248140 1427.5
1248150 1427.5
1248160 1427.7
1248170 1428.5
1248180 1428.5
1248190 1429.9
1248200 1431.0
1248210 1431.0
1248220 1428.2
1248230 1427.6
1248240 1427.6
1248250 1428.3
1248260 1427.7
1248270 1427.7
1248280 1426.5
1248290 1426.0
1248300 1426.0
1248310 1431.1
1248320 1433.1
1248330 1436.3
1248340 1436.3
1248350 1438.5
1248360 1441.0
1248370 1441.0
1248380 1446.8
1248390 1454.2
1248400 1454.2
1248410 1458.2
1248420 1460.5
1248430 1460.5
1248440 1465.4
1248450 1469.6
1248460 1469.6
1248470 1470.0
1248480 1467.2
1248490 1467.2
1248500 1466.8
1248510 1469.5
1248520 1469.5
1248530 1472.0
1248540 1471.0
1248550 1471.0
1248560 1469.2
1248570 1469.1
1248580 1469.1
1248590 1469.3
1248600 1472.9
1248610 1472.9
1248620 1476.9
1248630 1478.9
1248640 1481.0
1248650 1481.0
1248660 1481.3
1248670 1479.3
1248680 1479.3
1248690 1477.3
1248700 1477.2
1248710 1477.2
1248720 1474.9
1248730 1469.0
1248740 1469.0
1248750 1461.9
1248760 1458.0
1248770 1458.0
1248780 1457.4
1248790 1457.2
1248800 1457.2
1248810 1456.2
1248820 1449.8
1248830 1449.8
1248840 1446.3
1248850 1444.2
1248860 1458.3
1248870 1457.2
1248880 1456.5
1248890 1456.5
1248900 1455.3
1248910 1451.8
1248920 1451.8
1248930 1448.2
1248940 1444.9
1248950 1440.8
1248960 1440.8
1248970 1436.5
1248980 1433.1
1248990 1433.1
1249000 1430.4
1249010 1426.2
1249020 1426.2
1249030 1425.1
1249040 1423.9
1249050 1423.9
1249060 1423.7
1249070 1423.2
1249080 1423.2
1249090 1424.0
1249100 1423.2
1249110 1423.2
1249120 1425.9
1249130 1426.9
1249140 1426.9
1249150 1423.7
1249160 1418.5
1249170 1418.5
1249180 1413.5
1249190 1411.9
1249200 1411.9
1249210 1412.9
1249220 1415.5
1249230 1415.5
1249240 1419.4
1249250 1420.5
1249260 1421.6
1249270 1421.6
1249280 1422.9
1249290 1423.2
1249300 1423.2
1249310 1421.0
1249320 1418.6
1249330 1418.6
1249340 1416.8
1249350 1415.3
1249360 1415.3
1249370 1413.9
1249380 1410.2
1249390 1410.2
1249400 1423.7
1249410 1422.0
1249420 1422.0
1249430 1417.2
1249440 1413.7
1249450 1413.7
1249460 1408.4
1249470 1404.6
1249480 1404.6
1249490 1400.8
1249500 1398.5
1249510 1398.5
1249520 1396.5
1249530 1393.3
1249540 1393.3
1249550 1386.2
1249560 1381.0
1249570 1381.0
1249580 1375.6
1249590 1369.9
1249600 1364.9
1249610 1364.9
1249620 1358.9
1249630 1352.9
1249640 1352.9
1249650 1347.4
1249660 1342.2
1249670 1342.2
1249680 1338.1
1249690 1335.3
1249700 1335.3
1249710 1332.5
1249720 1330.9
1249730 1330.9
1249740 1328.5
1249750 1324.8
1249760 1324.8
1249770 1319.2
1249780 1312.6
1249790 1312.6
1249800 1308.3
1249810 1304.0
1249820 1304.0
1249830 1298.0
1249840 1293.4
1249850 1293.4
1249860 1289.2
1249870 1287.6
1249880 1287.6
1249890 1287.8
1249900 1285.3
1249910 1279.1
1249920 1279.1
1249930 1273.5
1249940 1272.3
1249950 1272.3
1249960 1267.7
1249970 1264.4
1249980 1264.4
1249990 1261.6
1250000 1257.9
1250010 1257.9
1250020 1250.8
1250030 1245.1
1250040 1245.1
1250050 1241.9
1250060 1240.3
1250070 1240.3
1250080 1239.3
1250090 1235.3
1250100 1235.3
1250110 1231.6
1250120 1230.1
1250130 1230.1
1250140 1228.5
1250150 1226.0
1250160 1226.0
1250170 1221.7
1250180 1219.1
1250190 1219.1
1250200 1217.4
1250210 1215.2
1250220 1211.5
1250230 1211.5
1250240 1206.1
1250250 1200.7
1250260 1200.7
1250270 1196.0
1250280 1194.1
1250290 1194.1
1250300 1193.4
1250310 1193.0
1250320 1193.0
1250330 1189.8
1250340 1186.9
1250350 1186.9
1250360 1185.1
1250370 1184.9
1250380 1184.9
1250390 1185.7
1250400 1185.1
1250410 1185.1
1250420 1185.0
1250430 1182.8
1250440 1182.8
1250450 1180.9
1250460 1179.6
1250470 1179.6
1250480 1177.2
1250490 1180.4
1250500 1180.4
1250510 1179.4
1250520 1177.1
1250530 1174.7
1250540 1174.7
1250550 1173.8
1250560 1172.0
1250570 1172.0
1250580 1173.1
1250590 1177.9
1250600 1177.9
1250610 1186.0
1250620 1192.9
1250630 1192.9
1250640 1197.9
1250650 1201.3
1250660 1201.3
1250670 1202.9
1250680 1202.5
1250690 1202.5
1250700 1201.5
1250710 1201.3
1250720 1201.3
1250730 1199.7
1250740 1197.1
1250750 1197.1
1250760 1193.7
1250770 1189.5
1250780 1189.5
1250790 1184.4
1250800 1179.9
1250810 1179.9
1250820 1176.4
1250830 1175.7
1250840 1174.8
1250850 1174.8
1250860 1172.0
1250870 1170.2
1250880 1170.2
1250890 1169.8
1250900 1170.4
1250910 1170.4
1250920 1171.3
1250930 1172.5
1250940 1172.5
1250950 1173.7
1250960 1174.0
1250970 1174.0
1250980 1173.9
1250990 1173.9
1251000 1173.9
1251010 1174.7
1251020 1171.3
1251030 1171.3
1251040 1169.1
1251050 1168.2
1251060 1168.2
1251070 1170.4
1251080 1171.5
1251090 1171.5
1251100 1172.1
1251110 1172.5
1251120 1172.5
1251130 1171.3
1251140 1170.0
1251150 1170.0
1251160 1168.4
1251170 1165.1
1251180 1161.7
1251190 1161.7
1251200 1160.5
1251210 1158.2
1251220 1158.2
1251230 1153.6
1251240 1150.8
1251250 1150.8
1251260 1149.0
1251270 1147.8
1251280 1147.8
1251290 1148.1
1251300 1149.4
1251310 1149.4
1251320 1149.1
1251330 1148.0
1251340 1148.0
1251350 1147.1
1251360 1147.6
1251370 1147.6
1251380 1149.2
1251390 1150.1
1251400 1150.1
1251410 1150.4
1251420 1152.5
1251430 1152.5
1251440 1154.0
1251450 1154.7
1251460 1154.7
1251470 1155.9
1251480 1157.7
1251490 1159.4
1251500 1159.4
1251510 1158.9
1251520 1154.6
1251530 1154.6
1251540 1148.3
1251550 1144.8
1251560 1144.8
1251570 1144.7
1251580 1146.1
1251590 1146.1
1251600 1147.0
1251610 1148.6
1251620 1148.6
1251630 1150.4
1251640 1153.3
1251650 1153.3
1251660 1156.7
1251670 1159.8
1251680 1159.8
1251690 1161.7
1251700 1163.0
1251710 1163.0
1251720 1164.0
1251730 1165.3
1251740 1165.3
1251750 1168.1
1251760 1171.6
1251770 1171.6
1251780 1174.2
1251790 1176.1
1251800 1177.0
1251810 1177.0
1251820 1177.5
1251830 1177.9
1251840 1177.9
1251850 1176.1
1251860 1172.1
1251870 1172.1
1251880 1169.1
1251890 1165.9
1251900 1165.9
1251910 1162.6
1251920 1160.3
1251930 1160.3
1251940 1157.7
1251950 1155.0
1251960 1155.0
1251970 1152.6
1251980 1150.9
1251990 1150.9
1252000 1149.3
1252010 1147.6
1252020 1147.6
1252030 1146.7
1252040 1145.9
1252050 1145.9
1252060 1144.8
1252070 1143.6
1252080 1143.6
1252090 1143.4
1252100 1144.4
1252110 1145.4
1252120 1145.4
1252130 1147.0
1252140 1145.3
1252150 1145.3
1252160 1143.7
1252170 1143.7
1252180 1143.7
1252190 1143.8
1252200 1144.4
1252210 1144.4
1252220 1145.8
1252230 1148.1
1252240 1148.1
1252250 1149.9
1252260 1151.7
1252270 1151.7
1252280 1154.6
1252290 1157.2
1252300 1157.2
1252310 1159.7
1252320 1162.4
1252330 1162.4
1252340 1164.9
1252350 1166.6
1252360 1166.6
1252370 1167.8
1252380 1168.2
1252390 1168.2
1252400 1167.0
1252410 1166.0
1252420 1166.1
1252430 1166.1
1252440 1164.1
1252450 1162.2
1252460 1162.2
1252470 1162.6
1252480 1162.9
1252490 1162.9
1252500 1161.7
1252510 1160.0
1252520 1160.0
1252530 1157.2
1252540 1154.0
1252550 1154.0
1252560 1153.9
1252570 1155.6
1252580 1155.6
1252590 1156.3
1252600 1156.1
1252610 1156.1
1252620 1155.8
1252630 1154.3
1252640 1154.3
1252650 1150.7
1252660 1146.4
1252670 1146.4
1252680 1142.1
1252690 1134.4
1252700 1134.4
1252710 1128.3
1252720 1122.7
1252730 1122.7
1252740 1117.8
1252750 1112.4
1252760 1106.5
1252770 1106.5
1252780 1101.1
1252790 1095.2
1252800 1095.2
1252810 1087.7
1252820 1080.6
1252830 1080.6
1252840 1073.6
1252850 1063.9
1252860 1063.9
1252870 1055.9
1252880 1050.1
1252890 1050.1
1252900 1046.0
1252910 1040.7
1252920 1040.7
1252930 1035.0
1252940 1029.2
1252950 1029.2
1252960 1026.1
1252970 1024.3
1252980 1024.3
1252990 1020.1
1253000 1015.0
1253010 1015.0
1253020 1010.8
1253030 1005.8
1253040 1005.8
1253050 999.8
1253060 989.1
1253070 982.2
1253080 982.2
1253090 978.4
1253100 974.7
1253110 974.7
1253120 972.1
1253130 969.5
1253140 969.5
1253150 966.5
1253160 962.5
1253170 962.5
1256910 1845.5
1256920 1845.5
1256930 1842.3
1256940 1839.8
1256950 1839.8
1256960 1842.5
1256970 1841.4
1256980 1841.4
1256990 1841.9
1257000 1844.5
1257010 1844.5
1257020 1848.0
1257030 1852.2
1257040 1852.2
1257050 1853.4
1257060 1855.3
1257070 1855.3
1257080 1857.2
1257090 1859.5
1257100 1859.5
1257110 1861.2
1257120 1862.9
1257130 1867.2
1257140 1870.2
1257150 1874.2
1257160 1874.2
1257170 1878.3
1257180 1882.8
1257190 1889.3
1257200 1889.3
1257210 1899.5
1257220 1909.3
1257230 1909.3
1257240 1917.0
1257250 1923.3
1257260 1923.3
1257270 1931.2
1257280 1939.9
1257290 1939.9
1257300 1949.5
1257310 1957.6
1257320 1957.6
1257330 1964.3
1257340 1973.1
1257350 1973.1
1257360 1981.8
1257370 1990.2
1257380 1990.2
1257390 1998.1
1257400 1999.7
1257410 1999.7
1257420 2004.2
1257430 2013.7
1257440 2013.7
1257450 2021.2
1257460 2030.0
1257470 2030.0
1257480 2036.2
1257490 2044.7
1257500 2054.3
1257510 2054.3
1257520 2060.1
1257530 2066.2
1257540 2066.2
1257550 2073.3
1257560 2080.7
1257570 2080.7
1257580 2088.6
1257590 2098.6
1257600 2098.6
1257610 2108.5
1257620 2119.9
1257630 2119.9
1257640 2130.7
1257650 2142.5
1257660 2142.5
1257670 2153.8
1257680 2165.7
1257690 2170.8
1257700 2182.8
1257710 2196.4
1257720 2196.4
1257730 2207.3
1257740 2218.4
1257750 2218.4
1257760 2229.6
1257770 2242.1
1257780 2242.1
1257790 2265.8
1257800 2299.5
1257810 2323.4
1257820 2323.4
1257830 2337.2
1257840 2339.1
1257850 2339.1
1257860 2329.4
1257870 2318.8
1257880 2318.8
1257890 2308.7
1257900 2298.4
1257910 2298.4
1257920 2282.9
1257930 2256.3
1257940 2256.3
1257950 2241.8
1257960 2216.4
1257970 2216.4
1257980 2203.4
1257990 2197.0
1258000 2197.0
1258010 2190.8
1258020 2184.8
1258030 2184.8
1258040 2179.2
1258050 2173.7
1258060 2173.7
1258070 2168.1
1258080 2162.5
1258090 2162.5
1258100 2156.9
1258110 2151.3
1258120 2145.9
1258130 2145.9
1258140 2140.5
1258150 2135.2
1258160 2135.2
1258170 2130.1
1258180 2124.6
1258190 2124.6
1258200 2119.0
1258210 2113.4
1258220 2113.4
1258230 2107.7
1258240 2102.3
1258250 2105.7
1258260 2099.2
1258270 2093.8
1258280 2093.8
1258290 2090.8
1258300 2086.9
1258310 2086.9
1258320 2085.8
1258330 2087.3
1258340 2087.3
1258350 2088.4
1258360 2089.1
1258370 2089.1
1258380 2089.8
1258390 2093.6
1258400 2093.6
1258410 2096.1
1258420 2098.5
1258430 2102.6
1258440 2102.6
1258450 2107.2
1258460 2109.2
1258470 2109.2
1258480 2109.7
1258490 2110.1
1258500 2110.1
1258510 2110.0
1258520 2108.6
1258530 2108.6
1258540 2103.2
1258550 2098.4
1258560 2098.4
1258570 2093.1
1258580 2085.3
1258590 2085.3
1258600 2078.7
1258610 2072.4
1258620 2072.4
1258630 2066.4
1258640 2055.9
1258650 2055.9
1258660 2046.0
1258670 2035.8
1258680 2035.8
1258690 2026.3
1258700 2019.1
1258710 2019.1
1258720 2014.5
1258730 2006.2
1258740 2006.2
1258750 1999.9
1258760 1992.6
1258770 1986.5
1258780 1986.5
1258790 1978.2
1258800 1970.0
1258810 1970.0
1258820 1953.6
1258830 1946.3
1258840 1946.3
1258850 1939.9
1258860 1932.2
1258870 1932.2
1258880 1923.8
1258890 1915.4
1258900 1915.4
1258910 1910.8
1258920 1906.7
1258930 1906.7
1258940 1902.9
1258950 1899.0
1258960 1899.0
1258970 1895.9
1258980 1891.4
1258990 1891.4
1259000 1888.0
1259010 1885.4
1259020 1885.4
1259030 1883.7
1259040 1883.4
1259050 1883.4
1259060 1883.2
1259070 1882.2
1259080 1881.4
1259090 1881.4
1259100 1880.5
1259110 1879.4
1259120 1879.4
1259130 1877.7
1259140 1878.6
1259150 1878.6
1259160 1883.0
1259170 1887.1
1259180 1887.1
1259190 1890.0
1259200 1892.2
1259210 1892.2
1259220 1893.7
1259230 1893.9
1259240 1893.9
1259250 1895.5
1259260 1899.3
1259270 1899.3
1259280 1902.5
1259290 1906.1
1259300 1906.1
1259310 1913.3
1259320 1939.8
1259330 1939.8
1259340 1974.3
1259350 1990.5
1259360 1990.5
1259370 2012.7
1259380 2054.8
1259390 2065.2
1259400 2065.2
1259410 2073.9
1259420 2076.2
1259430 2076.2
1259440 2081.1
1259450 2087.3
1259460 2087.3
1259470 2086.9
1259480 2083.1
1259490 2083.1
1259500 2080.6
1259510 2093.4
1259520 2093.4
1259530 2111.2
1259540 2123.7
1259550 2123.7
1259560 2129.8
1259570 2130.2
1259580 2130.2
1259590 2134.9
1259600 2146.0
1259610 2146.0
1259620 2153.9
1259630 2161.9
1259640 2161.9
1259650 2171.3
1259660 2177.6
1259670 2177.6
1259680 2183.8
1259690 2192.5
1259700 2199.9
1259710 2199.9
1259720 2209.8
1259730 2220.0
1259740 2220.0
1259750 2229.8
1259760 2235.9
1259770 2235.9
1259780 2244.6
1259790 2255.0
1259800 2255.0
1259810 2262.4
1259820 2266.3
1259830 2266.3
1259840 2276.2
1259850 2279.0
1259860 2279.0
1259870 2279.4
1259880 2281.7
1259890 2281.7
1259900 2273.6
1259910 2264.7
1259920 2264.7
1259930 2256.6
1259940 2248.3
1259950 2243.8
1259960 2236.7
1259970 2229.1
1259980 2229.1
1259990 2221.2
