1246470 1448.5
1246480 1440.6
1246490 1440.6
1246500 1429.2
1246510 1421.9
1246520 1421.9
1246530 1420.9
1246540 1416.1
1246550 1412.4
1246560 1412.4
1246570 1409.7
1246580 1404.3
1246590 1404.3
1246600 1394.4
1246610 1379.9
1246620 1379.9
1246630 1374.7
1246640 1373.0
1246650 1373.0
1246660 1374.1
1246670 1375.9
1246680 1375.9
1246690 1378.6
1246700 1380.2
1246710 1380.2
1246720 1379.7
1246730 1378.8
1246740 1378.8
1246750 1376.3
1246760 1372.9
1246770 1372.9
1246780 1369.5
1246790 1366.3
1246800 1366.3
1246810 1362.7
1246820 1359.1
1246830 1359.1
1246840 1355.7
1246850 1352.8
1246860 1352.3
1246870 1352.3
1246880 1351.4
1246890 1351.1
1246900 1351.1
1246910 1350.2
1246920 1348.6
1246930 1348.6
1246940 1346.6
1246950 1343.2
1246960 1343.2
1246970 1341.3
1246980 1339.1
1246990 1339.1
1247000 1336.4
1247010 1337.7
1247020 1337.7
1247030 1334.6
1247040 1332.0
1247050 1332.0
1247060 1330.2
1247070 1329.2
1247080 1329.2
1247090 1327.8
1247100 1324.6
1247110 1324.6
1247120 1320.0
1247130 1314.7
1247140 1314.7
1247150 1309.3
1247160 1305.0
1247170 1304.5
1247180 1304.5
1247190 1304.8
1247200 1305.3
1247210 1305.3
1247220 1306.2
1247230 1304.6
1247240 1304.6
1247250 1301.2
1247260 1296.7
1247270 1296.7
1247280 1292.4
1247290 1288.3
1247300 1288.3
1247310 1284.1
1247320 1280.5
1247330 1280.5
1247340 1278.6
1247350 1277.5
1247360 1277.5
1247370 1274.5
1247380 1271.1
1247390 1271.1
1247400 1270.9
1247410 1275.3
1247420 1275.3
1247430 1281.3
1247440 1287.8
1247450 1287.8
1247460 1291.6
1247470 1293.4
1247480 1293.4
1247490 1295.1
1247500 1296.8
1247510 1296.4
1247520 1296.4
1247530 1295.4
1247540 1293.6
1247550 1304.3
1247560 1301.1
1247570 1296.7
1247580 1296.7
1247590 1290.3
1247600 1285.7
1247610 1285.7
1247620 1281.8
1247630 1275.3
1247640 1275.3
1247650 1267.2
1247660 1262.7
1247670 1262.7
1247680 1257.1
1247690 1246.1
1247700 1246.1
1247710 1239.9
1247720 1236.3
1247730 1236.3
1247740 1234.6
1247750 1234.0
1247760 1234.0
1247770 1235.8
1247780 1236.7
1247790 1236.7
1247800 1236.6
1247810 1236.0
1247820 1233.6
1247830 1233.6
1247840 1228.7
1247850 1223.0
1247860 1223.0
1247870 1219.8
1247880 1218.2
1247890 1218.2
1247900 1216.7
1247910 1218.5
1247920 1218.5
1247930 1219.0
1247940 1219.9
1247950 1219.9
1247960 1221.3
1247970 1223.0
1247980 1223.0
1247990 1224.2
1248000 1224.9
1248010 1224.9
1248020 1225.0
1248030 1227.0
1248040 1227.0
1248050 1232.5
1248060 1238.0
1248070 1238.0
1248080 1239.7
1248090 1247.9
1248100 1247.9
1248110 1247.2
1248120 1245.5
1248130 1243.7
1248140 1243.7
1248150 1240.5
1248160 1236.7
1248170 1236.7
1248180 1231.0
1248190 1225.1
1248200 1225.1
1248210 1223.1
1248220 1224.1
1248230 1224.1
1248240 1227.1
1248250 1232.4
1248260 1232.4
1248270 1237.0
1248280 1239.5
1248290 1239.5
1248300 1241.0
1248310 1243.9
1248320 1243.9
1248330 1245.7
1248340 1242.5
1248350 1242.5
1248360 1238.0
1248370 1235.8
1248380 1235.8
1248390 1237.2
1248400 1238.1
1248410 1238.1
1248420 1237.1
1248430 1232.6
1248440 1223.2
1248450 1223.2
1248460 1217.7
1248470 1212.0
1248480 1212.0
1248490 1205.4
1248500 1191.5
1248510 1191.5
1248520 1183.9
1248530 1181.9
1248540 1181.9
1248550 1179.5
1248560 1176.5
1248570 1176.5
1248580 1175.1
1248590 1175.8
1248600 1175.8
1248610 1176.4
1248620 1175.6
1248630 1183.3
1248640 1181.5
1248650 1179.4
1248660 1179.4
1248670 1177.4
1248680 1179.2
1248690 1179.2
1248700 1179.8
1248710 1179.2
1248720 1179.2
1248730 1179.8
1248740 1181.2
1248750 1181.2
1248760 1183.0
1248770 1183.0
1248780 1180.4
1248790 1180.4
1248800 1178.2
1248810 1177.6
1248820 1177.6
1248830 1177.6
1248840 1177.9
1248850 1177.9
1248860 1180.0
1248870 1182.3
1248880 1182.3
1248890 1184.2
1248900 1185.5
1248910 1185.5
1248920 1186.2
1248930 1186.8
1248940 1186.8
1248950 1186.7
1248960 1186.5
1248970 1186.5
1248980 1187.7
1248990 1189.8
1249000 1189.8
1249010 1191.6
1249020 1191.9
1249030 1191.9
1249040 1191.2
1249050 1189.7
1249060 1189.7
1249070 1187.1
1249080 1185.0
1249090 1182.9
1249100 1182.9
1249110 1178.9
1249120 1174.7
1249130 1174.7
1249140 1171.2
1249150 1167.7
1249160 1167.7
1249170 1178.7
1249180 1171.3
1249190 1171.3
1249200 1168.7
1249210 1169.4
1249220 1169.4
1249230 1170.8
1249240 1173.3
1249250 1173.3
1249260 1174.5
1249270 1174.9
1249280 1174.9
1249290 1174.8
1249300 1174.9
1249310 1174.9
1249320 1175.2
1249330 1175.5
1249340 1175.5
1249350 1176.1
1249360 1176.3
1249370 1176.3
1249380 1176.1
1249390 1175.9
1249400 1176.4
1249410 1176.4
1249420 1177.9
1249430 1177.7
1249440 1177.7
1249450 1175.8
1249460 1172.1
1249470 1172.1
1249480 1169.6
1249490 1166.5
1249500 1166.5
1249510 1163.1
1249520 1161.7
1249530 1161.7
1249540 1161.9
1249550 1162.6
1249560 1162.6
1249570 1163.2
1249580 1164.2
1249590 1164.2
1249600 1164.7
1249610 1165.2
1249620 1165.2
1249630 1166.0
1249640 1166.7
1249650 1166.7
1249660 1167.7
1249670 1168.9
1249680 1168.9
1249690 1170.4
1249700 1171.8
1249710 1173.7
1249720 1173.7
1249730 1173.6
1249740 1173.5
1249750 1173.5
1249760 1173.4
1249770 1173.5
1249780 1173.5
1249790 1173.2
1249800 1172.8
1249810 1172.8
1249820 1172.6
1249830 1172.4
1249840 1172.4
1249850 1170.8
1249860 1166.6
1249870 1166.6
1249880 1161.3
1249890 1155.7
1249900 1155.7
1249910 1150.5
1249920 1146.0
1249930 1146.0
1249940 1142.0
1249950 1138.1
1249960 1138.1
1249970 1133.5
1249980 1130.4
1249990 1130.4
1250000 1130.6
1250010 1129.0
1250020 1128.0
1250030 1128.0
1250040 1129.0
1250050 1128.5
1250060 1128.5
1250070 1126.9
1250080 1125.7
1250090 1125.7
1250100 1125.1
1250110 1123.4
1250120 1123.4
1250130 1120.9
1250140 1117.7
1250150 1117.7
1250160 1115.2
1250170 1113.9
1250180 1113.9
1250190 1113.2
1250200 1111.1
1250210 1111.1
1250220 1107.6
1250230 1103.7
1250240 1103.7
1250250 1100.6
1250260 1102.9
1250270 1102.9
1250280 1099.7
1250290 1097.9
1250300 1097.9
1250310 1096.2
1250320 1095.2
1250330 1095.2
1250340 1094.8
1250350 1093.4
1250360 1092.2
1250370 1092.2
1250380 1091.1
1250390 1090.8
1250400 1090.8
1250410 1090.7
1250420 1090.3
1250430 1090.3
1250440 1089.4
1250450 1088.4
1250460 1088.4
1250470 1087.9
1250480 1086.6
1250490 1086.6
1250500 1085.3
1250510 1085.4
1250520 1085.4
1250530 1086.0
1250540 1085.9
1250550 1085.9
1250560 1086.4
1250570 1087.5
1250580 1087.5
1250590 1089.1
1250600 1088.1
1250610 1088.1
1250620 1087.7
1250630 1087.4
1250640 1087.4
1250650 1086.5
1250660 1085.3
1250670 1084.9
1250680 1084.9
1250690 1082.0
1250700 1079.8
1250710 1079.8
1250720 1080.4
1250730 1079.8
1250740 1079.8
1250750 1077.7
1250760 1074.8
1250770 1074.8
1250780 1075.2
1250790 1077.1
1250800 1085.1
1250810 1086.1
1250820 1087.9
1250830 1087.9
1250840 1089.3
1250850 1089.9
1250860 1089.9
1250870 1091.7
1250880 1092.6
1250890 1092.6
1250900 1093.9
1250910 1095.8
1250920 1095.8
1250930 1095.4
1250940 1093.9
1250950 1093.9
1250960 1091.2
1250970 1087.0
1250980 1084.7
1250990 1084.7
1251000 1085.9
1251010 1090.9
1251020 1090.9
1251030 1096.4
1251040 1102.1
1251050 1102.1
1251060 1108.8
1251070 1115.3
1251080 1115.3
1251090 1119.1
1251100 1122.3
1251110 1122.3
1251120 1126.6
1251130 1129.9
1251140 1129.9
1251150 1131.5
1251160 1133.2
1251170 1133.2
1251180 1132.8
1251190 1129.8
1251200 1129.8
1251210 1128.0
1251220 1126.7
1251230 1126.7
1251240 1122.4
1251250 1117.9
1251260 1117.9
1251270 1114.0
1251280 1110.0
1251290 1106.4
1251300 1106.4
1251310 1105.1
1251320 1104.7
1251330 1104.7
1251340 1103.7
1251350 1106.8
1251360 1106.8
1251370 1105.6
1251380 1106.0
1251390 1106.0
1251400 1106.0
1251410 1105.1
1251420 1105.1
1251430 1104.0
1251440 1103.4
1251450 1103.4
1251460 1103.9
1251470 1105.6
1251480 1105.6
1251490 1106.2
1251500 1105.0
1251510 1105.0
1251520 1103.0
1251530 1101.5
1251540 1101.5
1251550 1099.6
1251560 1097.8
1251570 1097.8
1251580 1096.4
1251590 1096.5
1251600 1096.5
1251610 1098.8
1251620 1101.4
1251630 1103.8
1251640 1103.8
1251650 1107.7
1251660 1110.2
1251670 1110.2
1251680 1110.5
1251690 1110.5
1251700 1110.5
1251710 1110.4
1251720 1110.0
1251730 1110.0
1251740 1109.9
1251750 1109.5
1251760 1109.5
1251770 1108.6
1251780 1107.2
1251790 1107.2
1251800 1105.8
1251810 1104.4
1251820 1104.4
1251830 1103.1
1251840 1101.3
1251850 1101.3
1251860 1099.1
1251870 1097.3
1251880 1097.3
1251890 1095.4
1251900 1095.1
1251910 1095.1
1251920 1093.6
1251930 1091.8
1251940 1089.9
1251950 1089.9
1251960 1088.2
1251970 1086.4
1251980 1086.4
1251990 1084.5
1252000 1082.9
1252010 1082.9
1252020 1082.0
1252030 1081.8
1252040 1081.8
1252050 1081.4
1252060 1082.4
1252070 1082.4
1252080 1081.4
1252090 1080.6
1252100 1080.6
1252110 1080.9
1252120 1078.5
1252130 1078.5
1252140 1073.9
1252150 1068.5
1252160 1068.5
1252170 1065.6
1252180 1065.9
1252190 1065.9
1252200 1067.4
1252210 1072.1
1252220 1072.1
1252230 1072.2
1252240 1071.0
1252250 1067.5
1252260 1067.5
1252270 1065.2
1252280 1067.0
1252290 1067.0
1252300 1069.8
1252310 1071.5
1252320 1071.5
1252330 1072.5
1252340 1073.8
1252350 1073.8
1252360 1073.9
1252370 1073.9
1252380 1073.9
1252390 1076.8
1252400 1078.5
1252410 1078.5
1252420 1079.5
1252430 1080.2
1252440 1080.2
1252450 1080.0
1252460 1078.1
1252470 1078.1
1252480 1077.3
1252490 1077.1
1252500 1077.1
1252510 1077.1
1252520 1076.4
1252530 1076.4
1252540 1074.6
1252550 1072.6
1252560 1070.1
1252570 1070.1
1252580 1067.0
1252590 1064.7
1252600 1064.7
1252610 1062.8
1252620 1060.4
1252630 1060.4
1252640 1059.5
1252650 1057.5
1252660 1057.5
1252670 1055.8
1252680 1054.1
1252690 1054.1
1252700 1053.3
1252710 1050.8
1252720 1050.8
1252730 1047.3
1252740 1043.0
1252750 1043.0
1252760 1036.4
1252770 1030.2
1252780 1030.2
1252790 1026.1
1252800 1023.7
1252810 1023.7
1252820 1022.6
1252830 1022.1
1252840 1022.1
1252850 1021.1
1252860 1019.6
1252870 1019.6
1252880 1018.3
1252890 1016.1
1252900 1013.4
1252910 1013.4
1252920 1012.2
1252930 1009.5
1252940 1009.5
1252950 1006.6
1252960 1004.5
1252970 1004.5
1252980 1002.4
1252990 1000.2
1253000 1002.7
1253010 999.7
1253020 996.9
1253030 996.9
1257380 1987.5
1257390 1993.3
1257400 1993.3
1257410 1999.1
1257420 2005.3
1257430 2005.3
1257440 2013.2
1257450 2021.4
1257460 2021.4
1257470 2028.8
1257480 2036.4
1257490 2036.4
1257500 2044.1
1257510 2051.7
1257520 2051.7
1257530 2060.0
1257540 2067.8
1257550 2067.8
1257560 2075.5
1257570 2083.3
1257580 2083.3
1257590 2090.8
1257600 2098.6
1257610 2098.6
1257620 2107.1
1257630 2114.9
1257640 2122.1
1257650 2122.1
1257660 2129.6
1257670 2137.1
1257680 2137.1
1257690 2144.2
1257700 2151.3
1257710 2151.3
1257720 2158.7
1257730 2166.2
1257740 2166.2
1257750 2174.0
1257760 2181.7
1257770 2181.7
1257780 2189.5
1257790 2197.9
1257800 2197.9
1257810 2207.0
1257820 2216.2
1257830 2216.2
1257840 2224.0
1257850 2229.8
1257860 2229.8
1257870 2219.4
1257880 2213.7
1257890 2213.7
1257900 2206.2
1257910 2197.7
1257920 2197.7
1257930 2186.1
1257940 2161.8
1257950 2133.4
1257960 2133.4
1257970 2122.5
1257980 2109.0
1257990 2109.0
1258000 2080.8
1258010 2100.4
1258020 2100.4
1258030 2090.9
1258040 2084.9
1258050 2084.9
1258060 2070.1
1258070 2046.6
1258080 2046.6
1258090 2016.8
1258100 1984.8
1258110 1984.8
1258120 1950.7
1258130 1941.2
1258140 1941.2
1258150 1932.3
1258160 1919.9
1258170 1919.9
1258180 1919.1
1258190 1913.7
1258200 1913.7
1258210 1900.1
1258220 1887.1
1258230 1887.1
1258240 1881.4
1258250 1876.8
1258260 1871.6
1258270 1871.6
1258280 1865.9
1258290 1860.4
1258300 1860.4
1258310 1859.0
1258320 1862.3
1258330 1862.3
1258340 1869.1
1258350 1865.5
1258360 1865.5
1258370 1851.7
1258380 1836.2
1258390 1836.2
1258400 1835.3
1258410 1832.0
1258420 1832.0
1258430 1828.2
1258440 1827.5
1258450 1827.5
1258460 1826.8
1258470 1818.6
1258480 1818.6
1258490 1815.8
1258500 1822.2
1258510 1822.2
1258520 1817.2
1258530 1819.4
1258540 1819.4
1258550 1835.1
1258560 1852.9
1258570 1852.9
1258580 1938.2
1258590 1937.2
1258600 1939.7
1258610 1939.7
1258620 1931.7
1258630 1926.2
1258640 1926.2
1258650 1921.2
1258660 1917.7
1258670 1917.7
1258680 1920.9
1258690 1925.9
1258700 1925.9
1258710 1926.3
1258720 1929.7
1258730 1929.7
1258740 1936.9
1258750 1938.3
1258760 1938.3
1258770 1937.9
1258780 1939.8
1258790 1939.8
1258800 1944.8
1258810 1956.7
1258820 1956.7
1258830 1964.9
1258840 1971.5
1258850 1971.5
1258860 1970.7
1258870 1979.6
1258880 1979.6
1258890 1984.9
1258900 1985.0
1258910 1984.2
1258920 1984.2
1258930 1982.4
1258940 1982.3
1258950 1982.3
1258960 1975.3
1258970 1964.8
1258980 1964.8
1258990 1957.1
1259000 1950.9
1259010 1950.9
1259020 1943.9
1259030 1937.1
1259040 1937.1
1259050 1930.7
1259060 1922.9
1259070 1922.9
1259080 1913.0
1259090 1905.3
1259100 1905.3
1259110 1891.7
1259120 1872.3
1259130 1872.3
1259140 1852.8
1259150 1830.9
1259160 1830.9
1259170 1823.8
1259180 1818.7
1259190 1818.7
1259200 1814.5
1259210 1810.2
1259220 1806.6
1259230 1806.6
1259240 1804.4
1259250 1803.9
1259260 1803.9
1259270 1804.9
1259280 1807.2
1259290 1807.2
1259300 1809.8
1259310 1812.3
1259320 1812.3
1259330 1815.5
1259340 1818.9
1259350 1818.9
1259360 1822.8
1259370 1827.0
1259380 1827.0
1259390 1831.2
1259400 1835.5
1259410 1835.5
1259420 1839.9
1259430 1845.1
1259440 1845.1
1259450 1850.9
1259460 1857.0
1259470 1857.0
1259480 1863.2
1259490 1869.8
1259500 1869.8
1259510 1876.5
1259520 1883.0
1259530 1888.4
1259540 1888.4
1259550 1897.7
1259560 1929.7
1259570 1929.7
1259580 1959.5
1259590 1971.7
1259600 1971.7
1259610 1979.1
1259620 1995.2
1259630 1995.2
1259640 2012.9
1259650 2028.0
1259660 2028.0
1259670 2037.7
1259680 2044.0
1259690 2044.0
1259700 2055.6
1259710 2086.4
1259720 2086.4
1259730 2081.0
1259740 2090.4
1259750 2090.4
1259760 2090.6
1259770 2084.9
1259780 2084.9
1259790 2097.7
1259800 2108.5
1259810 2108.5
1259820 2115.2
1259830 2118.0
1259840 2125.6
1259850 2125.6
1259860 2135.4
1259870 2151.7
1259880 2151.7
1259890 2165.1
1259900 2177.8
1259910 2177.8
1259920 2189.5
1259930 2200.2
1259940 2200.2
1259950 2211.5
1259960 2223.2
1259970 2223.2
1259980 2236.6
1259990 2256.8
